-1
0
-1
-1
-1
-1
0
1
0
1
1
0
2
2
3
3
2
1
3
5
3
1
1
-1
0
1
0
0
1
-1
-2
-3
-3
-2
-1
-2
-3
-3
-2
-3
-5
-3
-3
-1
1
1
2
3
3
0
0
1
1
-1
-1
1
0
2
2
2
1
1
2
1
1
2
2
-1
1
1
-3
0
-1
-1
-2
1
0
-2
-3
-3
-2
-6
-6
-3
-3
-1
1
1
3
3
3
2
1
3
4
2
2
5
3
1
1
4
4
2
1
-1
-1
-3
-3
-3
-4
-4
0
-2
-3
-1
-2
-4
-1
-3
-1
1
1
-1
-3
-3
-3
2
2
5
4
4
3
3
3
2
3
2
3
2
2
-1
-3
-2
-3
-4
-4
1
0
1
-2
-2
-3
-1
-1
-1
2
-1
-1
-3
-2
-3
-1
-2
-2
-4
-2
0
3
5
0
2
1
1
1
3
5
3
3
2
3
-1
0
-3
-4
-3
-2
-2
-3
-2
1
-2
-2
-1
-1
-2
0
0
4
1
-2
-1
-1
2
2
2
3
6
7
7
6
5
5
3
2
0
1
-1
-3
-4
-1
1
0
-1
-2
-2
-1
1
-2
-5
-8
-6
-2
-4
-4
-2
0
-3
1
0
-2
-1
2
4
4
3
1
2
0
1
2
2
2
1
0
0
2
2
-1
0
-2
-2
-2
-1
-2
-1
-2
-3
-4
-2
-2
-4
-3
-3
-2
-1
-2
1
0
-1
2
2
4
3
7
6
4
5
6
4
2
4
2
4
1
1
1
3
3
-1
-2
-3
-4
-4
-6
-3
-3
-5
-3
-2
-1
-3
-3
-4
-1
-1
-2
0
1
0
-1
0
0
4
4
3
3
3
3
2
1
2
2
5
3
-1
1
0
-1
-3
-1
-3
-5
-5
-6
-2
-3
-2
-2
-3
-3
-2
-2
1
2
0
0
-3
1
3
4
3
3
4
3
4
5
4
5
3
3
2
1
0
-1
-1
0
1
-3
-2
-1
-2
-2
-2
-5
-7
-5
-4
-2
-3
-1
-3
-2
-1
0
1
-1
2
2
2
4
3
5
3
3
3
4
3
4
4
1
2
-1
1
-1
-1
-1
-2
-1
-2
-2
-3
-1
-1
-1
-3
-3
1
-1
-3
-4
-1
-2
-1
0
-1
1
2
1
0
0
0
4
3
0
1
1
-1
0
1
0
-1
-1
-2
-2
-4
-1
-1
-2
-2
-5
-3
-2
-2
-1
0
-2
-1
2
0
0
-1
1
3
4
4
5
6
7
5
8
6
4
5
3
1
1
0
0
0
1
0
-1
-2
-2
-1
-4
-5
-5
-6
-3
-2
-1
-2
-2
-5
-4
-1
0
2
0
3
1
2
1
0
-1
0
0
-1
-1
2
2
2
2
-1
1
0
0
-3
-2
-4
-6
-2
-3
-3
-3
-4
-3
-3
-2
0
0
0
-2
-3
-3
-1
2
2
2
5
5
4
7
6
6
6
4
5
3
2
3
3
0
0
0
0
-3
0
-2
-3
-4
-5
-5
-5
-5
-3
0
-2
-2
0
-1
-4
0
-2
1
3
2
2
0
2
2
2
0
2
3
6
4
2
-1
0
2
-1
0
3
-1
-3
-1
-4
-4
-2
-1
0
0
0
-2
-1
-5
-4
-1
-3
-5
-2
-1
-1
-4
0
4
5
-1
1
2
2
-23
-56
-4
40
5
-11
28
16
17
35
35
13
7
31
28
19
18
1
-3
18
11
-54
-37
20
-1
-55
-32
-31
-54
-99
-114
-6
26
-5
-44
17
28
38
31
50
60
75
52
4
13
15
18
-48
-39
-20
-8
-84
-99
-14
40
17
-9
23
51
71
27
35
78
58
23
-12
-19
15
4
-33
-15
24
5
-13
-22
-12
-28
-16
-34
-54
-61
-64
-120
-106
0
27
-8
3
59
27
65
83
69
59
68
20
-2
-7
-26
-11
-4
-11
-20
5
-19
3
11
-14
4
2
-26
-18
31
-27
-42
12
-16
-39
2
8
-15
14
23
15
-10
-15
17
-4
6
21
-2
-5
45
-11
-18
17
-8
-48
17
10
-36
5
25
-13
-24
44
11
-8
35
32
1
19
3
0
10
-16
-28
-33
-15
-7
17
-6
-1
1
-12
12
30
-16
-1
15
-7
-20
-2
-13
-39
11
15
-43
20
36
-20
18
8
-24
19
-39
-94
34
29
-24
18
57
-13
-44
53
61
26
58
5
-18
6
-22
-45
17
11
-1
14
68
11
-27
6
-29
-41
-15
19
-19
-71
-67
-46
-46
-19
5
8
-20
-5
68
33
2
46
4
-13
32
51
28
37
46
-5
-5
4
-54
-4
72
14
-32
-31
-35
-46
-22
26
-4
6
20
-3
56
-46
-90
-4
-14
-37
13
29
-16
-48
-62
22
41
-14
-19
13
-3
10
42
58
-1
-14
38
70
81
72
30
64
49
-22
43
36
-90
-68
-29
-81
-67
-41
-118
-123
-60
-39
-19
63
-24
-24
69
70
52
81
87
10
46
43
12
28
-37
21
46
-48
13
12
-147
-42
82
-167
53
180
-213
-132
146
-90
-48
225
-99
-118
181
-41
-74
126
-66
-85
125
-11
-38
32
-36
-1
34
26
126
46
-125
92
135
-87
72
133
-148
-37
46
-193
-30
-20
-266
-120
13
-231
-181
131
-77
-58
289
175
73
232
226
137
262
211
3
71
88
-128
-98
28
-107
-141
-61
-108
-152
-51
-54
-151
-48
60
-62
-119
-79
-52
-89
-74
-2
-43
-8
112
43
-7
65
34
-7
49
82
128
132
40
-21
2
1
-134
-166
31
66
-82
23
76
-33
38
26
-29
86
115
46
73
129
56
9
-34
-69
-1
-141
-212
39
21
-88
-4
9
-62
-24
22
-96
96
209
-46
-8
112
-67
14
59
-117
-8
115
-77
-96
153
5
-103
71
-62
-72
62
-106
-63
48
6
26
-35
-6
80
87
26
-4
116
36
-4
69
-82
0
75
-129
-90
3
-48
-58
-25
-2
-17
37
22
-64
-12
29
8
-20
-18
75
-19
-44
29
-55
-16
34
-46
-31
76
21
-13
11
-50
18
75
-47
6
81
-35
20
122
-73
-53
124
-23
-118
74
6
-106
29
-19
-85
-53
34
44
-21
-7
159
96
-36
61
104
-94
-9
165
-60
-125
97
-1
-187
18
60
-140
-21
104
-89
-23
88
-108
-45
49
-122
-16
84
-116
40
165
-62
-47
140
-7
-67
137
89
10
78
98
-42
-47
17
37
-103
-35
110
-74
-167
18
-50
-234
-16
108
-140
-21
155
-53
-50
46
45
11
24
30
95
7
-53
91
13
-144
15
94
-32
-2
50
25
-14
-32
-35
2
-21
26
53
-55
-40
19
-46
-80
-2
-11
34
107
64
-14
17
87
-52
-61
114
27
-27
60
28
-144
-65
50
-140
-134
83
39
-86
-16
59
4
-82
116
79
-18
91
117
7
-62
62
51
-75
-63
11
-31
-50
-62
-2
-34
-68
39
-57
-57
85
106
-34
-21
46
53
32
-8
12
22
4
-4
-3
-106
-9
117
-44
-128
38
85
-19
-22
24
11
35
55
25
13
4
49
12
-64
24
28
-30
-49
-41
-65
-45
-40
-109
-10
23
-94
-52
27
-58
-15
95
-5
3
126
57
-10
65
92
35
28
-6
9
27
-34
-39
-16
-64
-35
-11
-34
-81
-64
31
-34
-36
45
52
-10
35
58
11
99
105
-26
35
120
-11
-39
59
-18
-82
16
3
-99
-8
6
-113
-86
-2
-4
-32
-13
-20
-37
-34
2
8
31
52
10
13
-18
-61
-5
53
24
5
57
3
-57
1
-2
-57
-3
-5
-71
-38
-84
-194
-117
-54
-155
-149
-11
-95
-221
-61
-13
-220
-196
4
-129
-271
-48
60
-109
-75
139
38
-52
231
365
259
397
611
460
376
531
507
448
574
611
480
391
289
156
148
144
96
160
157
-33
-108
-53
-190
-230
-15
34
-113
-69
-15
-237
-367
-208
-168
-278
-241
-200
-354
-555
-586
-553
-641
-766
-739
-711
-924
-1101
-1011
-991
-1143
-1018
-756
-795
-850
-576
-383
-436
-255
105
199
213
495
703
674
797
1052
1134
1189
1371
1464
1442
1458
1500
1462
1414
1402
1358
1283
1190
1078
949
852
736
685
625
549
553
511
450
394
369
301
254
267
216
97
-42
-259
-598
-949
-1303
-1678
-2103
-2489
-2876
-3277
-3649
-3945
-4150
-4285
-4210
-3993
-3686
-3325
-2870
-2383
-1857
-1247
-612
46
707
1349
1897
2370
2752
3066
3358
3615
3803
3918
3939
3844
3660
3431
3163
2843
2541
2217
1891
1560
1238
944
709
569
483
449
454
487
504
519
543
558
585
571
469
294
45
-294
-690
-1123
-1576
-2080
-2622
-3176
-3734
-4271
-4739
-5119
-5405
-5545
-5567
-5458
-5244
-4898
-4409
-3785
-3036
-2215
-1324
-404
496
1357
2170
2925
3590
4152
4602
4895
5054
5089
4989
4786
4511
4182
3805
3369
2875
2394
1944
1510
1143
854
639
479
401
377
413
488
597
717
824
932
970
924
817
628
341
-46
-521
-1044
-1601
-2191
-2814
-3419
-4023
-4610
-5108
-5522
-5855
-6046
-6086
-5984
-5739
-5347
-4789
-4110
-3293
-2364
-1357
-313
726
1745
2656
3447
4113
4625
4987
5217
5295
5232
5063
4806
4425
3981
3520
3046
2569
2100
1646
1234
834
494
248
94
42
93
246
406
602
793
983
1135
1226
1235
1143
890
468
-61
-618
-1199
-1790
-2390
-3031
-3658
-4215
-4698
-5126
-5427
-5592
-5663
-5621
-5465
-5205
-4829
-4268
-3538
-2701
-1753
-766
204
1129
2028
2839
3532
4119
4550
4821
4922
4859
4664
4406
4085
3722
3332
2936
2519
2117
1705
1320
1017
756
575
420
322
305
336
361
440
574
703
831
933
925
839
692
409
55
-342
-809
-1307
-1816
-2339
-2855
-3321
-3726
-4068
-4304
-4458
-4522
-4492
-4403
-4247
-4008
-3697
-3283
-2767
-2164
-1517
-829
-148
536
1194
1757
2277
2712
3033
3243
3401
3400
3329
3224
3047
2877
2676
2487
2295
2075
1886
1713
1578
1424
1277
1161
1056
981
946
898
839
791
737
697
645
557
428
288
120
-76
-336
-622
-904
-1178
-1440
-1696
-1931
-2164
-2348
-2505
-2643
-2722
-2779
-2776
-2725
-2648
-2546
-2412
-2240
-2049
-1823
-1572
-1297
-1011
-710
-417
-140
105
334
572
770
936
1098
1223
1336
1437
1505
1581
1649
1717
1771
1809
1841
1883
1911
1894
1873
1842
1786
1766
1700
1573
1457
1346
1233
1101
938
749
579
431
294
128
-41
-210
-334
-435
-566
-708
-844
-946
-1026
-1111
-1226
-1343
-1437
-1500
-1576
-1670
-1764
-1816
-1840
-1865
-1890
-1919
-1902
-1845
-1772
-1710
-1638
-1508
-1322
-1126
-973
-859
-683
-392
-98
88
150
248
572
1017
1303
1228
1073
1308
1918
2411
2281
1783
1721
2222
2744
2677
2009
1569
1724
2082
2065
1514
950
837
1025
1079
768
358
223
319
373
179
-98
-169
-79
-69
-337
-698
-843
-762
-740
-1036
-1501
-1781
-1735
-1647
-1837
-2235
-2499
-2461
-2297
-2301
-2491
-2597
-2449
-2203
-2063
-2046
-1945
-1615
-1198
-940
-869
-711
-271
368
893
1099
1116
1206
1628
2272
2750
2841
2644
2525
2650
2876
2875
2613
2355
2243
2190
1927
1492
1122
1028
1070
1000
779
606
565
568
446
277
296
516
627
383
-125
-615
-805
-816
-926
-1333
-1904
-2382
-2640
-2801
-3045
-3375
-3613
-3579
-3374
-3250
-3300
-3375
-3230
-2783
-2223
-1756
-1428
-1090
-661
-158
335
816
1280
1678
2033
2316
2519
2690
2820
2867
2841
2795
2739
2608
2413
2207
1956
1737
1594
1537
1500
1322
1046
871
954
1265
1488
1399
1183
1088
1234
1437
1456
1201
820
462
82
-320
-801
-1311
-1790
-2302
-2816
-3281
-3645
-3912
-4126
-4296
-4339
-4187
-3894
-3631
-3479
-3297
-2931
-2331
-1649
-1095
-718
-379
43
572
1070
1416
1638
1804
1999
2188
2269
2204
2113
2079
2054
1980
1805
1647
1584
1583
1533
1413
1326
1355
1495
1599
1578
1489
1507
1685
1865
1862
1689
1492
1411
1453
1405
1158
744
325
-4
-270
-597
-1013
-1452
-1875
-2230
-2511
-2726
-2928
-3129
-3292
-3340
-3212
-3000
-2842
-2758
-2634
-2367
-1964
-1548
-1238
-1015
-787
-478
-109
185
337
410
513
721
935
1008
922
833
893
1068
1181
1111
975
973
1174
1377
1405
1280
1241
1442
1732
1844
1702
1560
1656
1922
2047
1840
1552
1499
1657
1715
1441
1019
798
829
821
477
-77
-448
-505
-521
-831
-1360
-1755
-1819
-1754
-1899
-2248
-2499
-2451
-2237
-2159
-2279
-2376
-2241
-1942
-1733
-1720
-1726
-1563
-1270
-1050
-1006
-996
-855
-599
-408
-367
-346
-183
89
298
357
397
590
901
1144
1219
1250
1422
1721
1945
1974
1936
2009
2194
2334
2280
2123
2056
2103
2133
2016
1783
1588
1542
1541
1420
1164
915
798
735
566
247
-99
-339
-501
-718
-1065
-1453
-1751
-1937
-2093
-2308
-2544
-2710
-2754
-2724
-2693
-2689
-2663
-2561
-2394
-2197
-2022
-1879
-1715
-1499
-1250
-1017
-823
-650
-453
-212
43
278
482
675
873
1089
1303
1484
1626
1725
1815
1920
2025
2076
2055
2020
2010
2009
1985
1940
1869
1819
1793
1776
1758
1719
1684
1635
1557
1472
1396
1281
1061
715
345
53
-198
-525
-1012
-1542
-1962
-2197
-2373
-2641
-2977
-3233
-3278
-3149
-3004
-2950
-2927
-2813
-2531
-2167
-1840
-1598
-1402
-1172
-876
-548
-256
-46
77
161
285
516
781
952
943
859
908
1135
1410
1502
1352
1198
1259
1520
1744
1691
1466
1343
1483
1776
1946
1842
1594
1497
1669
1947
2031
1789
1440
1301
1434
1572
1387
842
250
-50
-62
-125
-553
-1250
-1844
-2070
-2031
-2075
-2395
-2831
-3061
-2913
-2553
-2313
-2329
-2454
-2373
-1968
-1442
-1103
-1054
-1097
-968
-593
-192
-25
-131
-279
-206
93
378
416
238
97
211
521
774
784
641
600
799
1108
1283
1239
1110
1125
1342
1605
1710
1625
1519
1553
1729
1897
1912
1798
1685
1651
1685
1705
1610
1379
1086
820
611
439
213
-136
-566
-947
-1205
-1370
-1548
-1801
-2080
-2273
-2301
-2209
-2123
-2126
-2167
-2141
-1970
-1712
-1500
-1407
-1373
-1305
-1156
-973
-844
-800
-813
-814
-745
-616
-467
-366
-335
-293
-166
52
311
493
560
613
785
1059
1312
1425
1413
1441
1590
1807
1982
2026
1981
1977
2094
2253
2335
2290
2156
2046
2036
2075
2017
1757
1349
977
761
623
362
-118
-703
-1147
-1357
-1477
-1712
-2110
-2506
-2681
-2585
-2429
-2418
-2561
-2671
-2548
-2217
-1890
-1769
-1816
-1820
-1633
-1311
-1053
-993
-1065
-1063
-885
-606
-388
-319
-298
-188
79
409
628
697
735
896
1213
1516
1650
1610
1546
1641
1892
2121
2172
2085
2050
2189
2411
2524
2379
2157
2174
2453
2691
2537
1968
1340
1030
1020
960
558
-167
-931
-1473
-1773
-2023
-2376
-2803
-3154
-3276
-3184
-3049
-3072
-3234
-3302
-3034
-2455
-1896
-1658
-1730
-1796
-1564
-1046
-546
-321
-344
-383
-258
-18
175
263
344
527
756
888
872
823
907
1141
1387
1512
1510
1459
1448
1512
1664
1887
2122
2333
2489
2589
2591
2529
2532
2705
3009
3170
2868
2052
1127
620
622
641
141
-905
-1995
-2600
-2729
-2850
-3297
-3900
-4213
-4007
-3552
-3324
-3505
-3770
-3607
-2845
-1847
-1195
-1126
-1335
-1281
-710
93
610
577
227
41
284
746
999
847
525
444
708
1037
1091
885
779
998
1390
1565
1373
1127
1219
1683
2167
2359
2334
2396
2654
2900
2952
2866
2926
3210
3364
2954
1958
903
380
407
392
-271
-1531
-2734
-3318
-3355
-3387
-3750
-4269
-4491
-4241
-3792
-3541
-3602
-3644
-3270
-2441
-1522
-964
-895
-997
-829
-255
436
797
700
426
357
588
847
849
634
506
650
917
1023
892
733
800
1092
1370
1437
1366
1358
1565
1958
2342
2586
2721
2866
3039
3168
3266
3414
3599
3509
2821
1705
847
665
760
274
-1058
-2539
-3301
-3292
-3256
-3747
-4522
-4900
-4605
-4036
-3723
-3805
-3943
-3689
-2903
-1893
-1159
-987
-1164
-1130
-526
386
933
772
271
143
623
1216
1296
834
396
486
1000
1351
1206
809
686
1012
1420
1491
1261
1206
1594
2220
2667
2792
2844
3030
3268
3450
3688
4085
4335
3826
2484
1148
781
1193
1154
-146
-2078
-3339
-3521
-3411
-3836
-4685
-5231
-5143
-4715
-4390
-4326
-4397
-4330
-3836
-2850
-1752
-1114
-1147
-1357
-1091
-249
658
1057
897
594
605
1043
1592
1760
1387
897
928
1576
2141
1874
982
492
964
1786
1951
1407
1070
1596
2595
3177
3097
2849
2977
3574
4424
5092
4908
3542
1657
684
1271
2219
1616
-875
-3525
-4514
-3951
-3441
-4081
-5406
-6260
-6109
-5306
-4636
-4626
-5131
-5289
-4273
-2342
-901
-996
-1961
-2078
-695
964
1439
863
622
1338
2129
2058
1474
1440
2207
2926
2855
2215
1729
1644
1672
1583
1461
1463
1551
1612
1670
1856
2246
2744
3155
3514
4087
4897
5250
4296
2262
735
1064
2471
2580
168
-3274
-5235
-4929
-3835
-3680
-4747
-6083
-6783
-6574
-5799
-5132
-5062
-5245
-4734
-3192
-1607
-1232
-1969
-2345
-1265
708
2118
2233
1579
1088
1251
2017
3024
3728
3701
3066
2492
2463
2721
2627
2086
1653
1734
1981
1781
1182
942
1584
2652
3246
3180
3226
4020
4861
4333
2290
573
914
2471
2548
-106
-3652
-5448
-5013
-4007
-3896
-4757
-6005
-7124
-7453
-6535
-4996
-4289
-4806
-5171
-4051
-2092
-1095
-1534
-1951
-949
1060
2493
2532
1771
1319
1754
2925
4200
4747
4130
2934
2362
2923
3728
3551
2377
1403
1465
1991
1903
1169
899
1760
2952
3281
2930
3241
4434
4711
2737
227
166
2395
3206
199
-4234
-6169
-5115
-3859
-4178
-5297
-6270
-7279
-8018
-7266
-5145
-3876
-4690
-5704
-4560
-2038
-889
-1695
-2104
-407
2044
2947
2139
1386
1842
3003
4002
4647
4903
4443
3368
2739
3349
4404
4273
2694
1274
1326
2125
2080
1160
868
1855
2865
2785
2563
3594
4843
3763
536
-1047
1221
3996
2372
-3139
-7068
-6388
-3905
-3444
-4974
-6513
-7663
-8686
-8322
-5817
-3524
-4189
-6436
-6298
-3100
-462
-853
-2223
-1412
1311
3152
2841
1875
1973
3144
4411
5266
5624
5253
4208
3414
3810
4895
5022
3441
1526
1149
2195
2713
1693
557
982
2353
2872
2639
3351
4618
3615
-51
-2045
809
4635
3002
-3653
-8219
-6868
-3551
-3166
-5170
-6785
-7914
-9188
-8763
-5562
-2927
-4364
-7476
-7014
-2897
-219
-1327
-2780
-1265
1666
2761
1998
1749
2866
4095
4612
4966
5471
5476
4718
4146
4596
5372
5020
3358
1882
1889
2791
2939
1847
857
1170
2146
2516
2662
3760
4746
2944
-1078
-2443
1295
5088
2510
-4791
-8974
-6872
-3328
-3073
-5134
-7018
-8818
-10246
-8724
-4284
-1948
-4836
-8520
-7166
-2188
339
-1136
-2478
-970
1446
2319
2113
2360
3121
3761
4384
5175
5492
4887
4169
4378
5212
5383
4273
2684
1955
2483
3257
2974
1625
580
973
2296
3223
3533
4067
4278
2246
-1203
-1587
2638
5673
1682
-6083
-9288
-6107
-2525
-2889
-5437
-7697
-9776
-10732
-7930
-2902
-1753
-6169
-9620
-6828
-1363
607
-924
-1971
-1069
475
1872
3066
3624
3346
3071
3675
4812
5386
5096
4656
4483
4282
3919
3501
2879
2245
2246
2564
2028
816
463
1416
2531
2901
2824
3260
4247
3803
779
-1479
1039
5283
4030
-3062
-8332
-7162
-3198
-1789
-3758
-7005
-9883
-11032
-8782
-3859
-1199
-4526
-9676
-9231
-3303
1166
875
-1252
-2346
-1723
814
4033
5282
4048
2419
2143
3517
5713
6787
5694
3897
3037
3022
3439
3912
3390
1911
1097
1119
769
490
1378
2432
2345
1782
1974
3341
4804
3764
27
-1371
2407
5367
1509
-5105
-7229
-5041
-2928
-2642
-4269
-7736
-10758
-10111
-5892
-2217
-3082
-7464
-9609
-6280
-1133
1037
79
-1996
-3344
-1417
3689
6724
4570
1398
1374
3231
5242
7338
7507
4307
1255
2037
4759
5615
3960
1369
-356
-152
1103
1557
984
404
337
863
1637
2159
3290
5293
4691
-190
-3050
1535
7010
4266
-3623
-7373
-5731
-3436
-2200
-2095
-5039
-10282
-12163
-7569
-1539
-1180
-6203
-9621
-7393
-2662
297
901
-199
-2419
-2888
755
5289
5846
3271
1656
1920
3118
5517
7749
6516
2470
599
2666
5037
4707
2507
375
-645
-330
682
1401
1362
660
-46
263
1770
3650
5227
5043
1650
-2011
-208
5608
6542
-14
-6223
-6439
-3685
-1763
-1318
-3522
-8676
-12113
-9230
-2890
-460
-4325
-9211
-9190
-4635
-310
1041
23
-1997
-3061
-1022
3107
5410
4479
2596
1614
1792
3681
6684
7628
4701
1033
838
3599
5306
4096
1543
-551
-1520
-897
1079
2386
1234
-1159
-1584
814
3490
4466
4600
3937
1016
-1596
1305
7006
6093
-2036
-7326
-5165
-1459
-686
-1862
-4885
-9545
-11176
-6622
-831
-852
-6275
-10236
-8189
-2637
1068
860
-1548
-3580
-2942
699
4272
4817
3394
2175
1301
1463
4208
7551
7179
3121
-38
654
3750
5741
4367
583
-2398
-2382
95
2574
2559
-114
-2390
-1447
1606
3886
4846
5099
3332
-502
-1648
3276
8258
5080
-3339
-6999
-4080
-975
-553
-1572
-4864
-9855
-10866
-5422
-16
-1306
-7057
-10048
-7216
-1926
1067
378
-2149
-3779
-2369
1455
4080
3686
2562
2173
1426
1365
4178
7299
6274
2195
-151
1134
4152
5705
3677
-428
-2655
-1525
984
2645
2126
-626
-2913
-1497
2579
5160
4869
3690
2227
41
-219
4101
8250
4803
-3687
-7243
-3620
219
383
-1669
-5581
-10319
-10709
-4857
590
-1050
-7399
-10772
-7600
-1546
1780
694
-2491
-4513
-2823
1941
5013
3610
1367
1537
2024
1884
3772
6480
5584
2040
515
1657
3346
4488
3773
614
-2139
-1727
596
2256
2072
-178
-2498
-1456
2480
4924
4426
3486
2549
604
280
4200
7668
4092
-3673
-6628
-3002
694
329
-2736
-6729
-9998
-9217
-3987
-18
-2382
-8244
-10511
-6654
-860
1707
-46
-3444
-4795
-1854
3409
5589
2807
-21
990
3150
3642
4141
5122
4072
1629
1277
2899
3834
3575
2503
316
-1523
-881
1120
1855
957
-542
-1539
-488
2333
4004
3616
3604
3800
1669
-267
2866
7568
5384
-2515
-6421
-3260
488
229
-2604
-6074
-9247
-9456
-5212
-687
-1764
-7606
-10843
-7250
-1063
1499
-339
-3370
-4610
-2117
2997
5441
2587
-385
1036
3490
3562
3646
4811
4125
1894
1474
2795
3752
3916
2655
-141
-1592
-112
1531
1463
691
-595
-1881
-562
2946
4367
3001
2567
3614
3048
1298
2254
5610
5537
-112
-5153
-4027
-251
215
-2362
-5249
-8179
-9582
-6544
-1714
-1542
-6463
-10088
-8095
-2733
937
354
-2769
-4633
-2643
2124
4950
2871
-160
863
3519
3472
2772
4013
4471
2831
1906
2304
2650
3337
3551
1352
-1113
-731
819
1207
1033
298
-1107
-762
1940
3648
3078
2840
3958
4126
2201
985
3370
6145
3303
-3214
-5269
-1974
44
-1380
-3706
-6646
-9402
-8189
-3498
-1306
-4266
-8571
-9348
-5278
11
1260
-1887
-4561
-3392
613
4093
3859
713
-300
2330
4109
3283
3059
3815
3129
2007
2334
2846
2751
2782
2050
161
-676
116
713
878
986
100
-936
293
2830
3659
3098
3546
4537
3506
1082
1423
5199
6165
629
-5150
-4501
-742
-4
-2186
-5129
-8351
-9500
-6272
-2075
-2203
-6350
-9507
-7932
-2783
917
-56
-3238
-4284
-1957
1992
4280
2640
-163
507
3322
3890
2889
3090
3404
2709
2382
2459
2224
2588
2920
1391
-337
41
825
542
597
927
244
-125
1247
2902
3349
3253
3917
5025
4055
888
845
5693
7060
124
-6244
-4465
-125
183
-2285
-5608
-9142
-9488
-5385
-1680
-2539
-6702
-9914
-8119
-1974
1804
-588
-4360
-4468
-1558
2181
4276
2127
-1209
63
3625
3526
1853
2837
3745
2385
1675
2199
2205
2769
3615
1942
-644
-451
1020
1389
1744
1690
-145
-961
1607
4335
4228
3098
3453
4564
3847
1544
1887
5585
5631
-884
-5771
-3478
122
-369
-3067
-6107
-9008
-8858
-4940
-1877
-3168
-7192
-9840
-7603
-1608
1706
-1046
-4989
-4790
-1171
2577
3842
1564
-1221
-253
2925
3847
2930
2844
2737
1730
1696
2911
3456
3105
2416
1048
-8
731
1913
1727
1029
688
213
368
2130
3863
3570
2480
3219
5417
5270
1787
341
4269
6934
1969
-4835
-5023
-968
353
-1914
-5249
-8196
-8899
-6220
-2742
-2247
-5607
-9548
-8923
-3082
1388
-448
-4654
-5343
-2491
1123
3381
2411
-898
-1979
825
3750
3972
2638
1349
779
1574
3145
3900
3341
1979
554
484
2068
3004
1841
430
422
1000
1648
2781
3624
3032
2111
3166
5840
6237
2642
-34
2791
6300
3339
-2974
-4598
-1828
-488
-1971
-4405
-6940
-8278
-6772
-3880
-2940
-5209
-8398
-8449
-4214
-261
-968
-4108
-4909
-2704
363
2381
1827
-589
-1364
821
3151
3543
2856
2026
1364
1619
2888
4010
3979
2608
853
587
2149
3170
2129
539
111
726
1747
2634
2728
2183
1919
2648
4629
6450
4884
422
-623
4123
7049
2249
-4495
-5315
-1687
246
-1488
-4970
-7790
-8237
-6072
-3186
-2505
-5443
-9085
-8330
-3226
93
-1529
-4389
-4695
-2714
191
2433
1884
-670
-1293
1015
3094
3218
2673
2155
1428
1352
2619
4010
3874
2154
513
814
2676
3405
1842
154
187
1226
2266
2976
2728
1686
1519
3154
5523
6330
3681
-277
73
5055
6710
1078
-4847
-4535
-1041
183
-1660
-4983
-7868
-8083
-5376
-2641
-2877
-6205
-9117
-7558
-2706
-315
-2336
-4681
-4359
-2252
410
2200
1233
-1015
-616
2038
3175
2525
2399
2603
2114
2023
2837
3315
3151
2778
1926
1218
1767
2431
1775
975
1081
1087
998
1824
2585
2208
1873
2565
3827
5027
4482
1369
-192
3243
6360
2744
-3534
-4771
-1544
464
-1011
-4603
-7653
-7837
-5472
-3148
-2936
-5488
-8853
-8487
-3557
-14
-1780
-4915
-4998
-2707
28
2059
1830
-285
-1185
513
2819
3803
3298
2052
1223
1529
2568
3629
4106
3136
1058
199
1775
3523
3023
1131
-15
143
1258
2745
3209
2040
951
1707
3884
5765
5182
1701
-539
2422
6349
4081
-2271
-4741
-2151
179
-650
-3712
-6872
-7847
-6103
-3739
-2985
-4773
-7977
-8650
-4718
-741
-1456
-4220
-4546
-2823
-811
1194
1875
425
-759
361
2391
3365
3067
2319
1928
2046
2393
3138
3861
3123
1257
693
1942
2825
2156
734
-270
-70
1217
2260
2014
1020
685
1721
3427
4584
4799
3695
1203
158
3321
6580
3482
-3174
-4994
-1498
714
-910
-3997
-6638
-7742
-6212
-3276
-2272
-4857
-8438
-8341
-3941
-377
-1328
-4040
-4696
-3139
-458
2072
2236
-14
-1375
5
2545
4198
3818
1698
341
1479
3370
4024
3585
2208
367
321
2539
3704
1953
-311
-705
404
1753
2393
1760
609
634
2173
3740
4256
4224
3802
2187
758
2502
5770
4495
-1612
-5142
-2514
824
-115
-3699
-6522
-7552
-6595
-3987
-2262
-4064
-7916
-8882
-5082
-781
-679
-3594
-5127
-3640
-715
1642
2018
383
-1148
-383
2191
4118
3790
1992
855
1380
2618
3607
3999
2943
530
-436
1731
4007
3027
217
-1030
-147
1417
2577
2538
1114
-70
984
3538
4882
4265
3383
2671
1566
1775
4470
5533
1092
-4399
-4181
-13
1128
-2205
-6006
-7598
-6983
-4660
-2425
-3140
-6814
-9195
-6890
-2215
-235
-2149
-4709
-5019
-2724
872
3111
1824
-1242
-1774
1124
4034
4315
2733
1263
864
1562
3084
4532
4087
1250
-976
560
3865
4184
1142
-1273
-820
1011
2300
2492
1563
121
12
2278
4733
4568
2935
2711
2983
1946
1941
4403
4541
-480
-4796
-3167
467
241
-3239
-6292
-7406
-6620
-4342
-2493
-3515
-7036
-8995
-6277
-1483
36
-2517
-5040
-4516
-1487
1800
2816
830
-1302
-483
2229
3861
3675
2627
1557
1340
2281
3478
4000
3365
1501
1
1013
3274
3311
1015
-609
-364
666
1673
2113
1405
234
263
1964
3725
3685
2571
2729
3406
2058
694
2814
4829
1277
-4037
-4040
-566
101
-2458
-5212
-6979
-7110
-5027
-2690
-3033
-6074
-8434
-6744
-2166
127
-1928
-4485
-4174
-1785
1047
2803
1629
-1055
-970
2122
4158
3652
2409
1568
1507
2495
3461
3430
2868
1822
428
661
2799
3428
1176
-796
-482
785
1779
2022
1006
-249
106
1967
3538
3449
2084
1787
3405
3657
1351
1038
3826
3358
-1836
-4391
-1616
433
-1471
-4346
-6135
-6738
-5600
-3446
-2763
-4605
-7246
-7518
-4092
-336
-530
-3394
-4512
-2846
19
2606
2684
-197
-1820
779
4039
4105
2340
1274
1246
2079
3180
3313
2597
1876
1001
533
1771
3139
1984
-307
-679
438
1109
1291
1213
534
19
745
2335
3362
2775
1604
2377
4330
3319
199
758
4200
3198
-2189
-4380
-1832
-119
-1541
-3891
-5766
-6587
-5533
-3296
-2274
-3977
-6912
-7139
-3353
94
-699
-3299
-3759
-2118
192
2216
2107
-134
-930
1286
3310
2981
1901
1582
1748
2028
2221
2138
2105
2040
1335
602
1059
1897
1522
478
126
331
605
1086
1380
988
608
1137
2294
2993
2514
1891
2946
4328
2669
-220
901
4285
3013
-2209
-4207
-1826
-151
-1294
-3606
-5691
-6360
-4915
-2854
-2460
-4234
-6452
-6239
-2961
-230
-1043
-3203
-3413
-1821
219
1803
1516
-358
-843
1095
2806
2594
1611
1138
1311
1790
2045
1990
2068
1986
1116
411
1179
2380
2011
529
-85
432
1022
1405
1534
1015
374
814
2178
3022
2521
1623
2165
3862
3500
679
148
3215
3797
-613
-3758
-2012
44
-1053
-3245
-4683
-5396
-4922
-3392
-2541
-3538
-5521
-6063
-3683
-732
-816
-3051
-3765
-2318
-398
1106
1149
-654
-1715
105
2545
2691
1158
230
837
2118
2549
1946
1693
1974
1637
1130
1756
2518
1862
724
639
1097
1079
836
807
705
468
672
1433
1965
1783
1401
1651
2889
4208
3400
419
-558
2701
5051
1536
-3629
-3811
-440
687
-1466
-4148
-5652
-5494
-3575
-1619
-2212
-5165
-6852
-4741
-1220
-433
-2521
-4138
-3449
-1355
528
807
-615
-1639
-513
1480
2118
1333
645
1026
1969
2279
1919
2026
2540
2242
1483
1695
2421
2155
1252
958
1074
853
648
884
916
349
152
1085
2092
1908
1137
1224
2393
3746
3878
1841
-366
844
4256
3932
-1033
-4148
-2024
769
12
-2829
-4992
-5655
-4628
-2552
-1816
-3811
-6377
-6244
-3381
-983
-1320
-3266
-4250
-3104
-712
940
501
-1050
-1390
133
1850
2282
1651
1122
1423
2108
2331
2343
2758
2790
1724
1036
1964
2854
2046
742
498
857
969
905
697
269
34
412
1188
1673
1478
1095
1270
2096
3269
3860
2274
-323
376
4176
4331
-903
-4096
-1564
900
-606
-3047
-4301
-5190
-4984
-3006
-1935
-3801
-6327
-6120
-3275
-1046
-1635
-3479
-3880
-2520
-597
844
663
-886
-1310
540
2367
2403
1525
966
1235
2289
2912
2313
1820
2134
1989
1422
1811
2304
1456
495
729
1088
761
419
272
116
251
682
1010
1110
1009
1102
1875
2661
2791
2950
2775
1145
414
3012
4653
838
-3646
-2697
536
424
-2172
-4257
-5355
-5125
-3288
-1890
-2973
-5495
-6453
-4362
-1394
-966
-2788
-3662
-2777
-1503
-13
1186
420
-1273
-811
1477
2613
2011
1205
987
1383
2089
2459
2401
2113
1353
728
1514
2732
2170
483
-6
685
1175
1243
892
-40
-542
290
1487
1816
1312
668
846
2121
3151
3063
2876
2471
868
368
3015
4514
777
-3618
-3008
40
489
-1626
-4192
-5950
-5498
-2964
-1368
-2851
-5780
-6781
-4422
-1070
-398
-2515
-4188
-3635
-1538
860
1659
-212
-2195
-1151
1612
2827
2052
824
296
971
2192
2644
2339
1960
1242
576
1363
2896
2717
945
31
681
1551
1816
1470
634
-21
350
1495
2185
1693
763
867
2126
2815
2247
2165
3008
2305
112
389
3202
2998
-1351
-3811
-1815
24
-1216
-3255
-4430
-5140
-4868
-3211
-2182
-3519
-5671
-5718
-3374
-1265
-1322
-2632
-3376
-2818
-1066
814
996
-530
-1355
-186
1515
2187
1787
1003
739
1391
2157
2338
2359
2266
1538
998
1883
3065
2606
1160
692
1302
1809
1846
1484
682
78
580
1737
2066
1145
267
756
2084
2534
1928
1805
2116
1129
-184
986
3069
1530
-2666
-3948
-1481
77
-1419
-3757
-5109
-5278
-4122
-2357
-2117
-4130
-5984
-5085
-2323
-836
-1676
-3040
-3273
-2193
-378
902
461
-832
-892
565
1937
2211
1659
1163
1466
2241
2541
2472
2691
2635
1808
1462
2423
3183
2400
1112
806
1326
1764
1735
1129
123
-369
386
1440
1246
100
-323
428
1341
1680
1298
679
1019
2135
1689
-317
-310
1996
1780
-1917
-3723
-1643
-174
-1711
-3640
-4368
-4623
-4061
-2495
-2064
-3897
-5550
-4524
-1918
-613
-1517
-2964
-3040
-1471
477
1254
423
-759
-579
1089
2616
2625
1489
786
1447
2568
2820
2465
2380
2161
1396
1312
2538
3260
2064
457
341
1323
1912
1613
762
-158
-495
144
1093
1143
176
-572
-184
858
1554
1341
541
406
1562
2142
495
-952
603
2379
240
-3302
-3229
-724
-346
-2312
-3980
-4611
-4336
-2842
-1496
-2414
-4598
-4923
-2790
-696
-566
-1807
-2716
-2190
-436
1122
1026
-305
-830
385
1928
2208
1490
1050
1502
2282
2455
2011
1921
2437
2511
1840
1546
2030
2226
1705
1292
1273
1104
802
832
880
403
-174
-90
282
29
-553
-392
275
331
-111
-30
381
479
897
1747
1197
-872
-1089
1575
2734
-255
-3316
-2539
-260
-166
-1756
-3151
-4012
-3914
-2344
-1026
-2062
-4175
-4343
-2330
-633
-715
-1694
-2236
-1775
-467
830
974
11
-560
289
1731
2237
1557
929
1384
2250
2255
1725
1924
2516
2155
1262
1345
2133
2148
1353
797
710
719
776
764
302
-438
-666
-131
306
-177
-918
-649
340
656
266
237
509
702
1525
2539
1433
-1065
-648
2744
3229
-912
-3669
-1686
619
-301
-2198
-3088
-3804
-3847
-2039
-658
-2304
-4721
-4248
-1775
-552
-1116
-1912
-2214
-1836
-549
802
816
-204
-583
286
1468
2002
1714
1141
1122
1742
2138
1990
1951
2073
1686
1105
1324
1950
1755
924
560
688
676
589
545
172
-385
-391
68
123
-367
-693
-401
222
586
434
223
494
982
1344
1928
2409
1385
-468
-8
2820
3319
-359
-3373
-2043
503
343
-1685
-3441
-4402
-3894
-1799
-703
-2490
-4767
-4468
-2322
-788
-711
-1657
-2728
-2505
-615
1094
842
-540
-1005
-7
1337
1879
1436
771
779
1408
1812
1764
1815
1924
1498
935
1232
2037
2058
1261
685
678
911
1245
1316
627
-240
-160
600
749
154
-277
-236
-28
355
762
678
323
522
1106
1320
1521
2044
1528
-226
-340
2050
2762
-454
-3255
-2043
157
-289
-2146
-3352
-3988
-3775
-2198
-1169
-2549
-4511
-4268
-2337
-1029
-1081
-1856
-2614
-2435
-868
788
695
-738
-1280
-25
1530
1825
1088
582
965
1706
1993
1882
1935
2000
1602
1269
1788
2493
2144
1073
647
1198
1799
1744
1083
260
-59
537
1397
1217
-96
-998
-447
661
991
443
-267
-484
205
1302
1488
733
696
1499
1074
-393
38
2140
1772
-1612
-3368
-1614
83
-689
-2404
-3694
-4395
-3644
-1597
-955
-2954
-4849
-4098
-1868
-586
-919
-2099
-2898
-2157
-174
1027
282
-980
-908
366
1477
1659
1134
740
1132
1848
1996
1871
2229
2473
1842
1341
2062
2939
2554
1540
1180
1457
1745
1837
1505
682
48
205
704
706
53
-773
-1066
-532
148
21
-678
-852
-229
447
606
402
418
1065
1554
669
-515
353
2218
1338
-1886
-2852
-719
412
-1076
-2788
-3528
-3764
-2869
-1153
-1333
-3828
-5079
-3269
-1022
-719
-1745
-2763
-2949
-1623
501
1153
-263
-1477
-655
1290
2413
2011
928
688
1812
2959
2797
2090
2113
2420
2172
1976
2390
2545
1855
1115
1016
1282
1499
1375
633
-282
-366
409
806
113
-937
-1276
-719
18
114
-539
-1134
-832
159
841
713
185
23
758
1968
1986
227
-846
728
2310
627
-2232
-2384
-694
-397
-1604
-2822
-3729
-3787
-2376
-1206
-2276
-4107
-4008
-2280
-1020
-984
-1686
-2402
-2134
-575
828
595
-551
-800
295
1611
2040
1486
869
1221
2244
2609
2132
2012
2443
2337
1729
1785
2365
2280
1586
1162
986
820
1056
1429
840
-509
-902
126
900
167
-1123
-1435
-700
12
11
-496
-878
-627
139
766
818
460
211
705
1913
2279
630
-908
371
2510
1453
-1769
-2676
-960
-106
-1132
-2455
-3456
-3879
-2898
-1450
-1804
-3594
-4170
-2896
-1534
-1134
-1379
-1901
-2137
-1278
231
815
144
-395
92
1032
1659
1794
1540
1318
1582
2062
2182
2082
2127
2037
1619
1404
1655
1825
1566
1114
698
509
759
1096
823
112
-190
118
427
342
-29
-385
-425
-131
109
-55
-391
-395
56
510
498
243
326
699
938
1194
1488
905
-447
-415
1434
1867
-741
-2959
-1968
-162
-488
-2038
-3087
-3603
-3285
-1819
-1054
-2474
-4060
-3463
-1747
-944
-1088
-1559
-2151
-1965
-458
837
422
-639
-627
328
1236
1661
1427
806
819
1717
2323
2052
1769
1890
1846
1700
1996
2267
1855
1357
1414
1461
1153
1157
1418
983
124
118
804
851
117
-407
-374
-149
34
-10
-413
-763
-551
10
310
207
28
49
290
674
1166
1385
608
-695
-561
1233
1674
-771
-2971
-2210
-564
-764
-2074
-3092
-3813
-3679
-2156
-1196
-2508
-4116
-3578
-1889
-1072
-1131
-1449
-1899
-1726
-370
877
636
-201
-86
844
1566
1774
1692
1569
1692
2037
2242
2268
2344
2326
2003
1764
1963
2163
1868
1401
1235
1231
1080
928
911
746
338
124
289
364
87
-208
-327
-416
-399
-244
-322
-681
-790
-485
-220
-153
-78
-49
-101
-7
311
718
983
530
-648
-931
539
1445
-314
-2591
-2428
-873
-541
-1464
-2545
-3448
-3407
-1914
-805
-1840
-3409
-3166
-1716
-824
-676
-927
-1502
-1538
-313
986
878
40
-26
697
1379
1755
1780
1449
1296
1765
2326
2306
2002
1959
2038
1972
1912
1937
1805
1476
1251
1226
1131
844
623
544
358
56
-46
5
-172
-504
-618
-574
-606
-644
-692
-891
-987
-678
-382
-522
-609
-259
45
15
73
354
589
797
766
100
-418
326
1259
375
-1519
-1951
-908
-338
-845
-1836
-2897
-3149
-1896
-614
-1254
-2883
-3176
-2002
-815
-338
-673
-1612
-1941
-679
942
1082
60
-482
38
1095
1948
1893
1040
661
1441
2290
2197
1728
1633
1672
1590
1647
1780
1599
1226
1036
977
867
797
791
631
268
-11
29
228
218
-129
-519
-624
-432
-187
-195
-578
-956
-754
-152
84
-196
-369
-133
232
525
597
414
428
865
847
-42
-388
549
932
-489
-1872
-1543
-696
-782
-1440
-2200
-2962
-2805
-1468
-824
-2008
-3228
-2722
-1389
-684
-745
-1285
-1864
-1456
49
982
298
-678
-397
795
1621
1535
919
594
1143
2057
2244
1626
1214
1508
1950
1998
1731
1452
1330
1376
1438
1346
1150
960
789
692
720
723
514
209
46
47
63
-20
-258
-525
-601
-506
-461
-521
-582
-662
-687
-417
15
109
-168
-284
43
562
877
569
-322
-721
164
1026
142
-1613
-2040
-1081
-499
-978
-1969
-2864
-2902
-1793
-864
-1499
-2773
-2875
-1813
-820
-522
-908
-1603
-1624
-455
792
758
-157
-504
229
1305
1782
1412
835
904
1633
2246
2217
1803
1536
1675
2054
2235
1966
1547
1400
1496
1507
1328
1089
872
675
536
451
360
198
-42
-304
-434
-376
-370
-636
-933
-929
-775
-757
-827
-835
-828
-735
-384
-59
-135
-307
-78
364
611
669
435
-150
-299
509
1000
-72
-1484
-1471
-598
-405
-994
-1803
-2540
-2510
-1462
-803
-1612
-2671
-2504
-1572
-898
-663
-907
-1488
-1456
-347
682
538
-140
-194
457
1227
1620
1431
1017
1107
1775
2220
2031
1719
1727
1880
1938
1917
1784
1518
1323
1336
1312
1032
729
660
621
351
81
51
23
-213
-432
-484
-547
-645
-646
-685
-909
-1005
-777
-565
-628
-759
-751
-562
-158
230
172
-193
-165
418
941
944
433
-222
-312
431
972
172
-1218
-1629
-983
-434
-616
-1453
-2451
-2626
-1609
-687
-1142
-2253
-2527
-1786
-879
-447
-723
-1377
-1450
-528
464
532
18
-154
268
941
1426
1426
1103
1047
1483
1948
2019
1820
1678
1705
1842
1945
1866
1635
1416
1329
1319
1257
1055
770
548
418
331
238
62
-239
-487
-505
-453
-581
-822
-964
-989
-942
-860
-860
-962
-934
-721
-571
-503
-297
-64
-43
-39
207
494
596
573
369
46
93
536
470
-400
-1071
-926
-609
-702
-1119
-1743
-2210
-1901
-1140
-1104
-1872
-2261
-1796
-1145
-781
-737
-1015
-1195
-674
194
484
208
119
415
809
1213
1494
1416
1218
1372
1754
1926
1903
1862
1699
1479
1541
1797
1748
1313
940
869
942
971
814
391
-14
-28
206
178
-224
-605
-690
-572
-494
-604
-882
-1104
-1056
-822
-714
-830
-935
-825
-613
-448
-265
-37
63
23
138
480
758
808
702
450
223
394
798
617
-265
-897
-741
-382
-443
-937
-1643
-2096
-1766
-1037
-1004
-1778
-2280
-1907
-1201
-760
-760
-1115
-1341
-849
70
466
161
-92
167
703
1179
1380
1241
1033
1182
1624
1877
1798
1630
1521
1453
1504
1643
1603
1250
865
743
815
849
684
300
-102
-206
10
128
-162
-621
-810
-640
-407
-416
-708
-995
-968
-665
-462
-575
-772
-727
-447
-206
-149
-160
-33
240
457
471
424
552
827
952
733
345
192
396
557
214
-503
-988
-929
-653
-702
-1245
-1899
-2076
-1652
-1183
-1258
-1763
-2052
-1737
-1076
-643
-726
-1042
-1026
-491
157
413
260
119
325
816
1222
1304
1172
1127
1300
1571
1743
1720
1568
1423
1396
1472
1520
1403
1118
818
696
755
791
596
195
-124
-130
61
98
-204
-623
-765
-545
-287
-352
-715
-981
-856
-491
-306
-469
-712
-672
-344
-37
9
-91
-62
177
420
462
392
438
623
693
474
158
88
276
317
-104
-749
-1059
-861
-593
-810
-1498
-2035
-1910
-1330
-1032
-1378
-1933
-1989
-1396
-698
-506
-842
-1124
-843
-116
429
418
121
65
457
1005
1284
1186
988
1016
1299
1594
1688
1581
1417
1337
1382
1485
1524
1382
1079
816
768
872
870
599
182
-74
-4
173
91
-305
-662
-663
-414
-284
-486
-832
-938
-681
-365
-362
-631
-766
-529
-129
50
-98
-273
-129
293
583
470
178
139
451
751
637
176
-170
-97
160
103
-406
-968
-1130
-934
-813
-1085
-1581
-1850
-1694
-1364
-1263
-1469
-1672
-1562
-1172
-805
-686
-733
-685
-396
17
326
437
458
565
828
1136
1330
1356
1309
1326
1468
1639
1685
1558
1355
1269
1345
1409
1282
988
732
670
736
714
472
142
-28
36
127
10
-269
-477
-465
-332
-285
-431
-643
-695
-553
-404
-421
-561
-627
-515
-316
-205
-255
-329
-244
-16
159
153
48
39
192
370
364
154
-58
-81
25
12
-253
-613
-818
-809
-764
-893
-1190
-1455
-1494
-1332
-1194
-1246
-1397
-1418
-1204
-872
-632
-575
-576
-424
-67
318
531
577
619
807
1116
1389
1481
1422
1377
1468
1638
1732
1653
1451
1278
1240
1290
1266
1057
741
513
474
517
436
164
-147
-286
-213
-125
-231
-500
-703
-678
-503
-427
-554
-757
-814
-653
-450
-409
-537
-634
-542
-308
-133
-145
-249
-237
-48
172
238
138
54
115
272
342
228
24
-96
-79
-49
-158
-421
-669
-765
-743
-768
-929
-1137
-1240
-1181
-1053
-993
-1028
-1049
-941
-716
-486
-335
-252
-144
63
328
553
685
758
856
999
1160
1271
1295
1267
1248
1270
1313
1303
1204
1051
925
873
862
783
590
373
255
248
243
129
-78
-246
-268
-188
-178
-313
-480
-537
-454
-351
-366
-494
-590
-545
-406
-327
-372
-446
-431
-305
-167
-112
-136
-130
-34
101
175
178
174
206
260
272
210
123
63
21
-73
-230
-398
-521
-608
-713
-863
-1021
-1116
-1134
-1115
-1135
-1177
-1163
-1059
-903
-761
-655
-546
-386
-167
58
231
365
506
680
867
1014
1103
1160
1217
1295
1350
1350
1314
1265
1224
1182
1118
1022
907
791
692
597
486
360
234
127
34
-57
-152
-250
-337
-405
-456
-506
-555
-597
-622
-635
-642
-639
-626
-607
-584
-549
-503
-448
-391
-327
-262
-194
-121
-45
30
94
153
208
257
299
329
337
324
301
266
210
132
46
-53
-173
-298
-408
-525
-652
-763
-847
-912
-969
-998
-1010
-999
-947
-866
-776
-672
-546
-397
-236
-72
92
251
404
561
706
831
936
1026
1100
1153
1191
1209
1199
1172
1136
1093
1031
951
862
772
678
582
484
381
276
176
86
-8
-99
-187
-278
-356
-418
-477
-536
-589
-625
-648
-658
-657
-648
-629
-593
-539
-476
-405
-331
-252
-176
-94
-16
49
98
134
151
148
128
109
70
-11
-109
-197
-274
-363
-461
-552
-642
-714
-744
-765
-794
-812
-791
-736
-666
-584
-497
-403
-287
-148
-4
133
259
389
524
656
777
873
950
1023
1094
1140
1163
1164
1154
1126
1091
1044
977
890
796
702
607
504
389
266
150
39
-61
-151
-250
-352
-448
-512
-560
-610
-668
-718
-742
-740
-733
-727
-711
-690
-647
-581
-511
-447
-380
-306
-216
-121
-31
39
96
156
214
255
269
261
241
207
166
109
22
-76
-165
-253
-352
-449
-537
-614
-671
-708
-732
-751
-747
-710
-656
-590
-506
-407
-298
-175
-35
101
231
364
498
627
748
853
941
1015
1081
1131
1162
1168
1161
1141
1103
1055
991
909
819
722
620
510
392
275
156
45
-69
-176
-279
-377
-463
-541
-608
-661
-698
-729
-741
-740
-722
-692
-649
-594
-535
-466
-391
-314
-242
-176
-117
-62
-21
5
11
-1
-21
-46
-91
-158
-233
-301
-364
-433
-501
-564
-622
-659
-672
-674
-672
-655
-617
-553
-468
-375
-281
-177
-56
77
212
338
456
572
684
798
895
965
1024
1071
1107
1125
1126
1113
1082
1031
975
912
835
744
648
545
444
341
234
126
18
-83
-179
-271
-359
-440
-513
-579
-634
-676
-713
-737
-749
-751
-737
-714
-677
-634
-584
-523
-453
-381
-300
-223
-147
-74
-1
72
134
187
226
255
277
291
289
266
231
188
141
80
12
-64
-149
-229
-299
-361
-423
-481
-530
-559
-571
-568
-556
-537
-497
-439
-366
-283
-198
-107
-6
98
205
309
405
495
576
657
726
782
819
843
857
867
863
835
794
748
696
634
563
481
393
304
220
139
53
-32
-110
-174
-227
-275
-314
-338
-351
-355
-342
-320
-293
-263
-230
-191
-149
-113
-83
-64
-56
-57
-67
-99
-147
-205
-263
-334
-427
-516
-588
-667
-738
-796
-849
-888
-901
-888
-866
-832
-778
-702
-614
-511
-393
-273
-152
-24
116
250
371
486
595
699
791
867
932
985
1023
1049
1056
1051
1036
1007
967
913
851
785
709
625
536
449
357
266
176
87
-4
-93
-173
-249
-317
-385
-446
-495
-541
-571
-595
-611
-623
-622
-611
-592
-567
-535
-496
-456
-406
-355
-307
-255
-205
-151
-104
-63
-24
12
46
73
94
110
121
128
133
136
133
132
128
120
117
114
109
101
95
85
74
60
46
31
6
-23
-54
-82
-118
-151
-189
-228
-262
-294
-318
-344
-357
-361
-357
-341
-314
-280
-234
-174
-102
-30
42
126
216
305
385
462
536
602
658
705
739
760
774
776
769
745
711
672
629
583
531
470
408
348
291
232
169
105
42
-15
-77
-144
-216
-296
-388
-486
-575
-657
-758
-886
-993
-1066
-1131
-1207
-1272
-1313
-1331
-1309
-1256
-1201
-1142
-1049
-913
-762
-606
-448
-287
-116
70
259
425
572
713
850
973
1076
1152
1198
1232
1257
1261
1235
1184
1126
1058
972
870
761
648
536
423
306
188
82
-10
-95
-174
-253
-316
-356
-382
-407
-435
-446
-441
-427
-414
-400
-386
-364
-328
-293
-269
-243
-215
-185
-156
-125
-99
-86
-70
-47
-26
-19
-15
-8
-1
5
9
9
7
1
6
7
-4
-13
-15
-22
-35
-45
-56
-72
-91
-110
-126
-147
-174
-198
-224
-254
-281
-300
-316
-336
-354
-359
-355
-342
-327
-304
-277
-239
-191
-134
-74
-22
37
107
178
247
306
360
420
477
527
569
602
629
648
663
671
666
653
634
611
583
544
498
453
405
358
311
262
211
167
130
95
65
36
9
-11
-29
-49
-64
-86
-112
-145
-189
-239
-308
-382
-451
-523
-621
-728
-818
-890
-959
-1025
-1084
-1131
-1152
-1134
-1100
-1067
-1022
-946
-840
-713
-582
-450
-314
-160
8
173
325
459
589
716
840
940
1011
1063
1110
1146
1156
1138
1108
1065
1012
945
863
771
677
582
482
381
275
177
90
6
-76
-156
-224
-277
-326
-369
-405
-429
-447
-454
-455
-451
-440
-420
-393
-365
-336
-305
-267
-226
-186
-151
-120
-87
-57
-24
-2
12
28
41
47
51
52
44
30
17
5
-9
-32
-56
-77
-92
-111
-129
-143
-157
-167
-171
-170
-166
-164
-162
-152
-139
-127
-117
-109
-100
-92
-82
-75
-70
-64
-61
-55
-48
-38
-31
-24
-9
15
33
55
78
104
134
165
195
223
255
283
312
337
363
385
402
417
428
440
442
440
437
426
410
392
372
344
313
281
248
213
178
136
95
59
24
-17
-58
-97
-142
-184
-223
-268
-320
-374
-430
-476
-518
-570
-628
-688
-723
-740
-765
-789
-809
-811
-776
-742
-707
-665
-605
-515
-426
-339
-233
-124
-16
95
203
305
409
510
583
647
706
757
797
806
806
798
770
744
704
644
583
514
445
375
297
225
149
76
17
-35
-89
-136
-174
-205
-223
-234
-247
-257
-259
-249
-231
-224
-218
-206
-187
-165
-149
-142
-132
-116
-100
-89
-86
-80
-74
-67
-63
-61
-58
-58
-56
-57
-51
-53
-55
-54
-55
-56
-58
-57
-59
-58
-62
-65
-64
-67
-73
-77
-75
-74
-75
-77
-77
-74
-70
-66
-60
-52
-42
-29
-16
0
17
34
54
74
96
114
134
156
177
193
208
218
230
245
253
254
253
255
252
249
242
230
222
214
205
194
179
164
153
142
126
109
91
76
62
46
27
6
-17
-40
-63
-88
-116
-145
-181
-212
-241
-278
-313
-352
-379
-407
-436
-463
-483
-490
-497
-499
-502
-491
-469
-445
-413
-377
-338
-290
-235
-184
-126
-69
-10
48
105
165
218
267
309
349
387
415
440
453
461
469
470
465
449
431
415
390
360
330
295
260
230
196
160
123
90
61
32
3
-23
-46
-65
-78
-91
-105
-117
-124
-126
-126
-126
-127
-126
-128
-124
-118
-116
-113
-112
-110
-108
-106
-107
-110
-111
-110
-110
-112
-113
-114
-113
-112
-112
-112
-110
-112
-107
-105
-104
-100
-102
-94
-90
-88
-86
-83
-77
-70
-67
-63
-58
-51
-42
-36
-27
-19
-8
6
22
36
52
68
83
101
121
136
151
161
177
192
201
212
217
223
230
234
237
235
229
224
220
213
204
192
177
163
146
129
111
90
65
44
30
5
-15
-38
-59
-82
-103
-123
-146
-167
-186
-203
-220
-230
-246
-256
-268
-273
-274
-276
-276
-275
-272
-263
-251
-237
-223
-208
-191
-168
-148
-123
-98
-78
-57
-29
1
23
40
63
83
105
127
142
152
162
176
187
193
197
196
197
202
202
201
195
186
182
178
172
165
154
147
141
136
132
122
115
106
101
97
93
81
71
66
58
47
38
27
14
4
-12
-21
-36
-53
-70
-86
-104
-119
-134
-151
-172
-190
-199
-210
-221
-234
-244
-252
-254
-253
-253
-254
-253
-241
-229
-217
-206
-193
-177
-154
-132
-114
-94
-74
-50
-25
0
20
43
63
88
110
128
143
161
174
185
198
208
215
226
236
241
246
249
249
249
249
249
241
238
232
227
218
206
194
183
166
149
135
114
95
73
50
27
5
-17
-43
-67
-90
-110
-133
-158
-176
-192
-207
-222
-237
-245
-254
-263
-269
-273
-277
-272
-265
-263
-257
-247
-236
-221
-203
-187
-173
-157
-135
-112
-91
-71
-51
-33
-9
15
31
53
72
91
112
125
141
155
161
170
179
188
192
194
193
193
196
197
193
187
183
180
173
166
155
146
137
126
113
102
89
78
65
50
37
21
7
-6
-20
-28
-38
-52
-62
-66
-70
-73
-78
-83
-87
-89
-90
-90
-93
-97
-96
-94
-91
-92
-94
-92
-91
-88
-85
-87
-89
-90
-86
-86
-87
-87
-89
-88
-80
-78
-76
-70
-68
-60
-54
-47
-36
-27
-19
-10
-2
12
23
33
41
51
63
72
81
87
96
102
109
115
120
122
125
128
129
130
126
122
118
114
108
99
88
79
73
63
54
41
31
20
12
1
-9
-20
-32
-38
-45
-50
-58
-65
-70
-73
-72
-73
-79
-83
-86
-86
-83
-84
-85
-87
-88
-83
-78
-78
-82
-81
-77
-70
-67
-66
-62
-59
-50
-42
-34
-33
-29
-20
-7
1
8
16
23
32
42
47
52
57
61
70
74
76
82
82
84
84
84
85
84
81
80
74
70
64
57
50
43
39
32
26
18
12
4
-5
-9
-14
-17
-23
-27
-34
-34
-35
-38
-40
-44
-41
-39
-39
-42
-41
-40
-35
-34
-34
-30
-28
-26
-26
-22
-21
-20
-18
-18
-14
-14
-13
-15
-16
-13
-12
-11
-13
-11
-12
-11
-10
-9
-8
-8
-5
-4
-6
-3
2
2
3
8
10
12
16
18
19
20
24
22
24
28
28
27
27
30
27
26
25
23
21
19
19
17
17
15
14
11
7
5
6
4
3
1
-4
-5
-6
-5
-9
-10
-14
-12
-12
-14
-15
-15
-14
-14
-16
-17
-13
-14
-14
-14
-13
-9
-4
-6
-8
-4
-1
-1
-1
-2
-6
-2
-4
-3
-3
-6
-8
-8
-9
-8
-10
-9
-6
-6
-6
-3
-4
-3
1
0
-1
3
5
7
10
10
11
11
14
14
12
13
12
13
12
11
9
9
8
7
6
3
5
4
3
4
2
2
-1
-2
-2
-3
-4
-3
-4
-6
-8
-6
-5
-6
-3
-6
-7
-5
-3
-4
-4
-5
-3
-2
-1
0
0
-2
1
1
1
0
0
2
3
2
1
0
0
0
-1
-1
-1
-4
-3
-2
-1
-1
-2
-2
-4
-3
-2
-4
-4
-4
-3
-1
-3
2
3
0
0
1
2
4
4
5
5
3
6
6
4
5
4
2
2
3
2
2
1
2
2
2
2
1
0
-2
-3
-1
-1
-1
-3
-3
-1
-1
-1
-2
-3
-4
-2
-1
-1
-2
-5
-5
-3
-1
0
-2
-3
-1
0
-2
1
1
-1
0
3
4
4
4
3
2
4
1
1
-2
-2
0
-3
-3
-3
-3
-3
-2
-4
-4
-3
-2
-1
-4
-2
1
1
2
2
2
3
4
6
5
4
3
6
6
6
6
4
3
3
4
2
1
-1
-2
1
3
-3
-3
-2
0
-1
-3
-2
-3
-3
-3
-4
-5
-6
-5
-2
-5
-6
-3
-5
-2
-4
-2
-3
-2
1
1
1
0
1
2
2
5
4
4
4
2
1
2
1
3
2
-2
-1
-2
0
0
0
-4
-2
-4
-1
-2
-2
-3
-4
-3
-5
-3
0
-1
2
2
4
4
3
3
3
5
3
4
5
2
2
4
3
3
1
1
2
2
2
2
2
2
1
1
-1
-2
-1
-4
-2
-1
-3
-1
0
-1
0
-1
-1
0
-2
-1
0
-1
-2
-1
-1
-2
-1
-4
0
0
0
1
-1
1
1
1
-1
-3
-4
-3
0
-2
-4
-4
0
0
-1
-3
-6
-3
2
-1
-2
-2
-4
-3
-1
-1
-2
0
-1
-2
2
1
2
2
2
4
4
4
4
2
5
6
7
5
5
8
6
5
3
2
0
-1
