-4
-4
-1
-1
-1
-5
-4
1
3
2
-5
-3
4
6
2
-5
-3
2
2
-3
-4
-4
0
0
-6
-9
-2
4
3
-4
-7
1
4
-1
-7
-6
0
3
0
-1
-1
2
3
0
-3
1
0
2
4
3
5
2
-1
1
5
4
2
-2
-1
6
5
2
-2
2
7
3
-1
-3
-2
5
6
-2
-4
-5
-2
0
-2
-4
-4
1
2
-1
-2
2
3
1
0
-1
-2
-1
0
-1
0
2
0
-1
-3
-2
-1
-3
-4
-2
0
-1
-4
-4
1
1
-3
-2
2
4
4
-1
-2
-1
1
1
2
0
0
-1
-2
-2
-3
-1
2
3
-1
1
1
1
0
-1
-1
3
3
2
-4
2
4
1
0
-2
1
5
6
-1
-1
2
4
2
1
2
2
3
2
3
-1
-4
-4
1
2
-2
-5
-3
-1
2
0
-4
-4
1
1
3
-1
-6
-3
1
4
-4
-7
-8
-1
2
0
-5
-6
0
4
3
-1
0
0
1
1
1
-1
2
3
0
1
2
3
3
4
0
-2
0
0
2
0
-1
-3
-1
3
1
0
-1
-2
-1
3
5
2
-1
-1
1
3
3
1
-1
-1
4
5
2
-3
0
6
7
1
-3
-2
1
4
2
-2
-2
-1
1
1
-1
-2
-5
-2
0
1
2
-4
-6
-3
4
-1
-6
-6
-3
-1
-3
-5
-6
-4
1
0
-4
-5
-6
-5
-3
-7
-6
-1
1
2
0
1
3
4
5
4
4
3
2
3
4
4
1
-1
2
6
5
-1
-2
2
5
2
-3
-2
4
3
-1
0
-2
3
12
4
-2
-1
3
2
-2
0
-1
-2
-3
-1
2
2
2
-3
-4
2
7
0
-7
-4
3
8
0
-5
-4
6
9
-6
-16
-8
14
8
-11
-13
-2
13
10
-12
-13
8
12
-6
-24
-14
1
-5
-21
-4
20
20
4
-13
-4
21
26
-3
-34
-11
27
0
-36
-23
20
40
4
-17
22
62
30
-45
-68
-10
40
18
-47
-54
27
84
39
-42
-33
26
39
2
-48
-43
22
41
-10
-27
-5
13
38
13
-57
-21
39
-18
-43
5
20
20
-27
-50
48
76
-5
-30
-19
16
20
-8
24
-113
-171
157
178
-191
-45
208
-16
-99
72
21
-66
19
3
-56
2
21
-9
-19
-39
32
64
-2
-55
67
97
-75
-174
-98
62
89
-4
10
77
21
24
41
-64
-35
77
4
-78
13
73
-28
-35
45
115
183
77
-86
-120
66
45
89
-988
-1731
642
1628
-424
-326
679
-49
-459
474
613
5
301
148
-99
-3
-64
63
297
54
-88
-89
-20
-11
-167
-264
-44
115
-42
-185
-111
35
-165
-130
-116
-233
-234
-221
-12
-27
-34
-58
-151
102
189
50
5
0
146
57
-142
28
162
-235
-76
387
147
-117
96
343
81
-251
187
152
-54
-594
-2605
-373
2826
720
-787
503
446
-558
206
1484
279
-1575
-1750
488
1922
227
-457
349
95
-226
353
613
209
179
283
-367
-213
277
-10
266
426
-175
-466
-43
-688
-345
-1118
-2930
-1978
344
1095
74
358
115
-2432
-2607
1427
2458
655
841
1648
-112
-1100
474
1233
1606
1079
127
-66
95
-527
-296
505
423
-205
-1322
-888
-784
-691
111
-240
130
-255
-665
-347
-36
304
934
1096
334
-485
63
-111
580
1515
734
400
721
87
-550
619
128
-939
-256
1020
226
-2023
-984
967
-588
-250
-36
-721
-1701
-1135
1312
1363
205
-1304
202
-27
-370
956
67
-961
54
740
-576
-422
1346
-144
-305
1497
-511
-811
775
-247
-438
-31
-1432
-714
875
-23
-658
511
620
-1067
-487
612
-771
-597
-872
-1105
519
994
-524
-162
621
-909
-402
1884
1216
629
1749
-82
-165
133
-679
332
1400
1078
56
-23
-187
90
698
-46
-158
1107
270
-1309
-497
-174
-1445
-616
968
-955
-1607
71
-934
-686
1131
-1119
-1585
70
491
-411
-360
1261
-580
-305
958
-1002
31
853
-153
466
126
-721
391
-190
-1006
1013
-252
-657
-189
-846
-101
-733
-1156
-279
-954
-1172
-651
-232
874
410
475
2278
2260
2101
3268
3370
3714
5865
7372
6010
6356
7407
6150
4629
6370
2411
364
1579
-1407
-1790
-1206
-1296
-2747
-806
1719
815
2511
6584
7251
8720
9595
8397
6318
2571
755
-1438
-4270
-6393
-9218
-13800
-17699
-20029
-23198
-26815
-29150
-28594
-29036
-27272
-22003
-19391
-14837
-7209
-1766
699
6906
10681
10439
12669
12210
10924
9946
8413
7001
4782
7388
9179
8874
10680
9744
8862
9934
11614
11412
11642
12095
10891
9252
10625
8160
8138
11611
12384
12374
11128
9985
8928
8426
5846
5157
2361
-1448
-2515
-3807
-7103
-9952
-10647
-11996
-11418
-8832
-8238
-7722
-4017
-2764
-663
3533
6153
7630
9439
7278
3488
1009
-5086
-11803
-16178
-20837
-25650
-26325
-26082
-26369
-23844
-20419
-18251
-14531
-9755
-5485
-1322
3397
6209
7348
8530
9804
9628
9582
9921
8206
8114
8734
7374
8059
8362
9133
8890
9025
9724
9016
9212
8619
9786
9543
8087
6333
6069
6363
5129
4255
4910
3842
1634
781
155
-2622
-4808
-4452
-5905
-6688
-7211
-7460
-7368
-7213
-7067
-6439
-5277
-5332
-5029
-5036
-5783
-4306
-2681
-3020
-3574
-1397
-216
-1830
-452
3565
3545
1727
4631
5751
5087
6903
8521
7550
8793
11083
8004
6841
7377
5280
5004
5239
4829
4005
4344
4198
3111
3206
23
-5236
-9124
-12998
-18343
-22033
-23428
-22933
-22266
-21748
-18603
-15088
-14552
-11622
-6224
-3711
-2073
1236
3094
2176
3709
5190
4825
6117
8006
7587
6750
6834
7391
7726
8492
9803
10073
8709
7144
6845
5014
4627
5028
3816
2186
555
546
-68
-314
-58
308
-39
-1084
404
461
-246
-353
-84
66
-940
-33
1083
621
36
535
29
-1652
-1300
806
1670
790
921
1504
-50
93
2398
3444
2859
2639
3575
2394
1609
2867
3068
2855
3390
3312
1843
988
852
1651
2104
906
372
487
-849
-1612
-1688
-1913
-2090
-1521
-2181
-4177
-4183
-4194
-4992
-5250
-5082
-4585
-4859
-6039
-6226
-6426
-6550
-5384
-4612
-4930
-5112
-5036
-5373
-5967
-5494
-4387
-3394
-2480
-2146
-2946
-3606
-2925
-2141
-1718
-680
-460
-1388
-1732
-1253
-1614
-1935
-352
-16
-305
443
343
-592
31
1371
1615
2294
2768
2740
3001
3698
3977
4976
6241
5869
6284
7152
6639
5927
6920
7582
7871
8320
8605
8436
7242
6381
6648
7024
6049
5555
5528
4149
2710
2669
1973
1305
1040
-29
-984
-1904
-3107
-4233
-3993
-3979
-4173
-4381
-4978
-4840
-4990
-5569
-4907
-3839
-4022
-4434
-3918
-3290
-3093
-3418
-2770
-2079
-2866
-2898
-2108
-1976
-2069
-2088
-2294
-2348
-2306
-2922
-3272
-2730
-2941
-3758
-3578
-3173
-4043
-4218
-2836
-2663
-3378
-2987
-2009
-1419
-502
661
1179
1974
2755
3398
4243
5440
6597
7794
8650
8246
7746
7912
8345
8870
9258
8874
7669
6746
5669
4866
5057
4370
3016
1262
-527
-2096
-3599
-4194
-4644
-5414
-5863
-6109
-6730
-8341
-9258
-8905
-8722
-9072
-9182
-9362
-9233
-9245
-9272
-8197
-6986
-6076
-4659
-3259
-2885
-2483
-1327
223
1564
2519
2867
3037
4004
4552
4425
4357
4647
4843
4826
5234
5193
4544
4183
4665
4767
3893
3638
3947
3979
3950
3920
3463
3384
3890
4376
3829
3151
3178
3263
3295
3060
2462
1344
1027
1583
1294
656
65
-587
-1116
-2125
-2536
-2595
-2734
-2761
-2954
-3766
-4863
-5290
-5098
-5026
-4829
-4321
-4416
-4899
-4935
-4535
-4020
-3272
-2171
-1019
-1058
-1189
-747
96
1043
1788
2842
2939
3162
3732
3383
3316
4068
4437
4200
4111
3936
3563
3487
3419
3274
3112
2705
1907
1468
1401
1040
1221
829
148
-379
-986
-1383
-1541
-1196
-1224
-1844
-2689
-3125
-3308
-3959
-4189
-4190
-4262
-4842
-5380
-5577
-6040
-6061
-5753
-5478
-5212
-4815
-4797
-4661
-4059
-3579
-3226
-2448
-1367
-524
192
775
1199
1912
2831
3606
3976
4546
5296
5752
5832
5533
5437
5582
5767
5786
5823
5908
4871
3963
4040
3916
3822
3382
3190
2834
2837
2594
1647
1221
1914
1986
1095
597
308
435
388
-64
-179
-145
-818
-2074
-2446
-2543
-2866
-2805
-2817
-3257
-4061
-4461
-4520
-4808
-4898
-4682
-4269
-4218
-4273
-4297
-4270
-3896
-3223
-2407
-1938
-1661
-1168
-548
-9
296
593
1044
1613
2205
2148
2183
2361
2703
2650
2413
2630
2590
2509
2463
2298
2096
1959
1775
1741
1918
1783
1621
1540
1203
1156
1170
1160
1325
1194
881
803
744
478
460
451
430
195
-589
-1051
-1297
-1324
-1291
-1423
-1680
-2311
-2685
-2753
-2853
-3112
-3082
-2914
-2848
-2921
-3016
-2897
-2705
-2416
-2007
-1570
-1302
-1100
-834
-532
-210
127
557
1061
1368
1514
1445
1517
1754
1897
1877
2027
2112
2024
2126
1826
1696
1809
1927
1815
1433
1358
1641
1819
1354
1186
1272
1352
1141
812
1098
1401
1319
888
799
884
748
832
759
733
632
74
-402
-412
-420
-792
-972
-823
-1019
-1453
-1880
-2126
-2121
-2161
-2229
-2285
-2378
-2556
-2592
-2421
-2190
-1958
-1726
-1603
-1329
-987
-802
-565
-297
-32
160
402
633
994
1108
1061
1305
1269
1266
1448
1393
1138
1078
1232
1287
1338
1267
1331
1000
972
1188
1256
1252
895
817
847
1112
779
719
1067
1065
832
755
726
621
847
884
659
239
-446
-1043
-685
-414
-713
-1173
-1604
-1757
-2063
-2483
-2767
-2711
-2574
-2564
-2614
-2839
-2997
-2857
-2595
-2336
-1891
-1606
-1392
-1084
-601
-251
-26
217
391
784
1208
1708
1773
1540
1532
1748
1961
2049
2003
1816
1833
1883
1809
1623
1618
1782
1667
1714
1787
1679
1542
1528
1595
1683
1425
916
1032
1378
1408
1104
834
748
1031
1073
860
345
-555
-1000
-1070
-895
-804
-1035
-1805
-2408
-2609
-2666
-2850
-3138
-3114
-2969
-2861
-3109
-3238
-3219
-2895
-2448
-2090
-1777
-1475
-1184
-959
-462
-1
395
720
997
1166
1209
1345
1402
1496
1678
1702
1638
1509
1453
1586
1527
1311
1184
1346
1730
1635
1353
1072
1373
1856
1394
1102
1322
1492
1329
1123
1114
1164
1009
938
1007
1122
1172
926
790
-11
-1108
-1306
-749
-339
-731
-1457
-2123
-2347
-2453
-2644
-2894
-3153
-3103
-2908
-2798
-3007
-3335
-3318
-2829
-2098
-1588
-1467
-1392
-994
-394
153
520
783
1193
1654
1927
1821
1459
1461
1878
2125
1944
1767
1718
1585
1580
1439
1397
1371
1245
1234
1178
1308
1186
1019
1026
1174
1271
1051
1100
1424
1498
1265
938
881
1138
1131
1070
1354
1348
355
-847
-1244
-903
-473
-596
-1134
-1963
-2639
-2743
-2671
-2978
-3443
-3453
-3079
-2749
-2986
-3561
-3594
-3059
-2356
-1776
-1556
-1438
-1092
-385
144
382
571
900
1496
2027
2148
1819
1450
1494
1865
1923
1824
1679
1426
1229
1309
1397
1353
1160
1010
1190
1395
1359
971
868
1150
1387
1173
888
1162
1663
1523
939
973
1228
1249
1200
1428
1502
391
-914
-1299
-754
17
-193
-1227
-2104
-2384
-2394
-2451
-2773
-3342
-3448
-2848
-2478
-2924
-3636
-3694
-3041
-2213
-1800
-1811
-1618
-1122
-518
-112
94
353
877
1565
1955
2019
1776
1421
1429
1648
1799
1935
1549
1112
1314
1467
1210
1011
946
892
1161
1273
1102
1036
1079
1154
1134
1078
1123
1258
1604
1664
1336
1212
1114
1293
1761
1734
1175
258
-757
-1091
-439
102
-543
-1642
-2312
-2470
-2341
-2485
-3014
-3425
-3328
-2913
-2763
-3115
-3568
-3468
-2894
-2161
-1571
-1485
-1509
-1082
-353
214
500
678
1016
1558
2057
2135
1757
1416
1518
1778
2026
2060
1599
920
718
1147
1463
1127
661
764
1092
1112
841
808
922
1001
1112
1314
1475
1071
833
1125
1429
1434
1450
1480
1486
1528
911
-178
-967
-744
33
155
-798
-2033
-2776
-2787
-2451
-2681
-3353
-3657
-3346
-3090
-3170
-3467
-3716
-3433
-2704
-2020
-1715
-1668
-1397
-725
43
612
981
1275
1704
2265
2545
2473
2166
1793
1680
1980
2260
2035
1584
1372
1246
901
732
835
879
895
960
883
577
481
811
1191
1298
1073
1276
1647
1282
1062
1426
1789
1783
1766
1949
1697
561
-1069
-1501
-252
570
-389
-2059
-2847
-2838
-2953
-3271
-3605
-4002
-4013
-3506
-3264
-3731
-4327
-4319
-3469
-2376
-1889
-1886
-1721
-1012
-202
330
759
1236
1818
2527
3053
3039
2570
2331
2668
2873
2578
2015
1722
1769
1610
1309
936
742
814
902
952
767
537
626
877
1083
1340
982
518
1157
1983
1889
1017
1028
1981
2462
2442
1442
-69
-1349
-1310
-13
362
-761
-2347
-3151
-3281
-3607
-3881
-4070
-4288
-4312
-3970
-3866
-4456
-4951
-4562
-3343
-2143
-1720
-1821
-1673
-980
-46
716
1266
1816
2508
3110
3472
3427
3023
2937
3283
3584
3410
2731
2068
1598
1421
1396
1188
896
833
837
630
370
338
631
858
1180
1408
1419
1563
1566
1498
1515
1930
2359
2524
2588
1892
91
-1617
-1513
-32
506
-1030
-3009
-3908
-4033
-4172
-4380
-4718
-5090
-4984
-4553
-4466
-5027
-5489
-5061
-3816
-2486
-1935
-1925
-1752
-920
226
1010
1594
2237
3065
3814
4217
4069
3588
3436
3798
4128
4014
3410
2705
2092
1662
1303
764
495
672
914
637
101
-205
-118
534
1236
1380
1233
1421
1613
1546
1489
1844
2575
3224
2805
1149
-1012
-1955
-745
807
156
-2102
-3592
-4051
-4303
-4405
-4494
-5027
-5339
-4883
-4353
-4921
-5885
-5871
-4613
-3004
-1998
-1907
-2073
-1619
-443
633
1378
2104
2953
3786
4332
4415
3983
3639
4002
4612
4698
4138
3338
2563
1881
1621
1393
1027
650
514
378
102
-96
-62
293
792
1126
1226
1287
1360
1525
1670
2151
2852
3328
2559
500
-1422
-1383
194
760
-875
-2874
-3762
-4153
-4753
-4995
-5016
-5433
-5775
-5352
-4994
-5633
-6343
-5838
-4372
-3044
-2334
-2234
-2174
-1393
49
1207
1813
2456
3383
4160
4591
4732
4581
4473
4830
5211
4901
4103
3515
3053
2590
2180
1799
1218
697
427
320
212
231
378
642
970
1354
1453
1169
1063
1504
2125
2695
3173
2519
58
-2285
-1891
312
928
-1092
-3432
-4528
-4926
-5180
-5007
-5040
-5783
-6352
-5871
-5440
-6019
-6686
-5918
-4019
-2526
-2326
-2711
-2539
-1333
283
1524
2303
2985
3691
4237
4664
4932
5017
5131
5509
5753
5330
4254
3301
2909
2990
2902
2312
1408
698
426
314
120
73
442
999
1293
1190
853
692
1166
2171
3169
3630
2772
342
-2128
-1991
394
1580
-469
-3442
-4927
-5143
-5271
-5143
-5182
-5811
-6522
-6309
-6094
-6724
-7274
-6246
-4275
-2906
-2853
-3403
-3539
-2411
-202
1877
2937
3045
3080
3632
4643
5450
5712
5817
6130
6199
5594
4491
3739
3613
3821
3729
2939
1655
544
276
603
746
513
465
824
1000
680
445
755
1509
2379
3255
3452
1700
-1408
-2901
-821
1893
1370
-1898
-4515
-5496
-5713
-5212
-4181
-4634
-6525
-7488
-6555
-6092
-6883
-6990
-5429
-3696
-3048
-3396
-3833
-3569
-1558
1250
3144
3163
2426
2521
3881
5670
6589
6249
5755
5689
5856
5351
4564
4085
3999
3970
3472
2296
759
-95
416
1247
1328
535
-51
41
516
932
1150
1352
1817
2690
3423
2211
-874
-2993
-1245
1988
2140
-1272
-4527
-5780
-5710
-4856
-3570
-4100
-6527
-8117
-7212
-6216
-6571
-6799
-5602
-4183
-3750
-4169
-4407
-3623
-1506
952
2509
2731
2188
2144
3620
5952
7145
6629
5836
5701
5663
5532
5449
5274
4609
3892
3259
2336
1175
624
920
1243
875
114
-410
-244
421
1041
1212
1137
1360
2254
3279
2369
-759
-2854
-836
2459
2171
-1526
-4576
-5468
-5088
-3938
-2805
-4129
-7193
-8481
-6901
-5635
-6100
-6517
-5707
-4855
-4604
-4628
-4323
-3390
-1542
459
1609
1682
1437
1977
3814
5960
6647
5806
5179
5472
5905
5922
5746
5369
4580
3854
3355
2707
1806
1312
1394
1321
732
111
1
459
933
1103
915
948
1462
2516
3004
1231
-1928
-2707
337
2894
1036
-2866
-5008
-5193
-4567
-3103
-2319
-4714
-7986
-8124
-5748
-4968
-5879
-5986
-5109
-4784
-4697
-4395
-3781
-2742
-768
643
784
500
1180
2659
4483
5784
5709
4806
4775
5579
5922
5516
5392
5257
4553
3600
2851
2349
1968
1978
1758
962
150
-10
441
910
952
680
318
614
1439
2664
2871
713
-2425
-2661
747
2956
655
-3090
-4825
-4831
-4106
-2525
-2065
-4878
-7874
-7461
-5066
-4473
-5260
-5435
-4995
-4715
-4344
-4055
-3532
-2386
-637
261
400
454
939
2247
4318
5541
4883
3862
4342
5283
5682
5724
5532
4612
3591
3499
3498
2919
2287
2022
1515
854
591
583
607
957
983
444
-55
535
1511
2535
2819
734
-2764
-3223
539
3110
766
-3180
-5152
-5331
-3985
-1687
-1421
-5017
-8056
-7293
-4851
-4051
-4282
-4847
-5446
-5183
-3674
-3052
-3239
-2334
-386
20
-497
64
1446
2622
4063
5084
4151
2894
3994
5965
5995
4890
4346
4018
3620
4096
4190
2885
1638
1863
1975
1204
794
951
654
638
1073
922
139
458
1638
2361
2452
1090
-1831
-3135
-73
3047
1276
-3014
-4980
-4901
-3945
-1996
-1100
-4429
-8163
-7538
-4461
-3646
-4314
-4625
-5347
-5918
-4312
-2438
-2555
-2923
-1396
-314
-806
-403
1438
2666
3096
3839
3807
2876
3609
5896
6294
4533
3562
3900
3980
4241
4657
3524
1552
1296
2247
1892
1030
1053
981
316
497
1074
818
433
1173
1670
1760
1937
725
-2011
-2230
1238
2767
-380
-3682
-4242
-4003
-3088
-1305
-1776
-6020
-8221
-5840
-3128
-3549
-4609
-5180
-5819
-5367
-2947
-1809
-2787
-3133
-1558
-850
-874
354
2059
2346
2339
3093
3211
2913
4298
6058
5358
3422
3241
4208
4268
4072
3796
2678
1502
1855
2460
1708
824
943
907
463
712
1228
783
346
929
1487
1635
2209
1618
-1232
-2629
275
2839
718
-2791
-3741
-3781
-3505
-1715
-988
-4483
-7811
-6367
-3403
-3332
-4451
-4926
-5642
-5633
-3402
-1710
-2780
-3728
-2275
-675
-497
-127
890
1721
2402
3221
3117
2662
3566
5300
5499
4194
3421
3783
4196
4339
4030
2877
1608
1736
2720
2395
907
93
280
511
873
1263
606
-418
45
1321
1610
1520
1958
819
-1734
-1835
1270
2543
44
-2562
-3185
-3502
-2912
-1023
-972
-4729
-7271
-5530
-3012
-3146
-4150
-4861
-5603
-5224
-3045
-1992
-3011
-3473
-2114
-1106
-1035
-384
789
1589
2034
2482
2487
2540
3666
5018
4952
3821
3226
3678
4192
4459
4062
2899
1733
1733
2613
2624
1485
431
264
597
873
1086
769
129
147
751
1160
1343
2108
1711
-853
-2337
28
2652
1324
-1898
-3158
-3353
-2950
-1255
-383
-3504
-7045
-6068
-3020
-2670
-4059
-4783
-5396
-5648
-3845
-1938
-2676
-3953
-2972
-1165
-868
-680
221
891
1136
2076
2884
2707
2716
3954
4623
3859
3261
3904
4407
4102
3759
3302
2415
2017
2672
2745
1612
663
708
724
601
913
1127
455
-15
529
1111
1086
1363
2154
1227
-1180
-1631
1147
2733
526
-2358
-2891
-2682
-2088
-688
-720
-4475
-7267
-5171
-2045
-2600
-4706
-5482
-5570
-5104
-3147
-1980
-3315
-4363
-3008
-1305
-1018
-640
188
512
701
1748
2753
2863
2893
3518
3715
3403
3530
4216
4192
3454
3135
3074
2788
2548
2659
2216
1254
941
1255
1162
789
709
793
640
687
1003
1106
1084
1333
2106
1954
17
-1570
54
2784
1960
-1574
-3185
-2488
-1869
-1155
-681
-3015
-6688
-6169
-2545
-1753
-4407
-5960
-5717
-5087
-3645
-2043
-2958
-4828
-4078
-1445
-420
-771
-668
-177
388
1517
2443
2403
2429
3196
3611
3243
3231
3742
4021
3742
3255
2711
2525
2779
2901
2293
1470
1060
1184
1402
1339
958
599
710
1044
1220
1190
1127
1267
1805
2439
1650
-505
-1082
1276
2923
792
-2384
-2946
-2117
-1437
-880
-1542
-4784
-6931
-4714
-1860
-2918
-5550
-6080
-5286
-4555
-3197
-2448
-3759
-4637
-2910
-803
-814
-1175
-489
317
877
1759
2257
2035
2360
3427
3589
2951
3071
3730
3711
3198
3018
2742
2413
2665
2950
2219
1137
1101
1705
1803
1396
983
697
862
1492
1885
1493
1023
1212
2003
2641
1710
-454
-1069
1167
2568
448
-2380
-2850
-2394
-2081
-1363
-1840
-4967
-6870
-4616
-2271
-3485
-5548
-5670
-5162
-4436
-2904
-2395
-3938
-4382
-2347
-704
-933
-902
-160
223
762
1969
2341
1825
2268
3398
3280
2618
3039
3722
3362
2889
2972
2839
2523
2708
2692
1920
1506
1939
2037
1447
1179
1223
1205
1420
1875
1629
1024
1071
1649
1953
2186
1850
164
-1203
93
2153
1115
-1924
-3131
-2385
-2003
-1883
-1991
-3764
-6150
-5504
-2978
-2760
-4883
-5731
-4963
-4233
-3381
-2455
-2989
-4058
-3289
-1222
-471
-884
-776
-221
346
1114
1841
1827
1760
2409
2902
2687
2705
3236
3412
2943
2752
2856
2824
2902
3069
2766
1847
1525
2085
2525
2132
1433
1077
1202
1613
2020
1772
1145
886
1130
1501
1829
1896
431
-1478
-1040
1401
1538
-1396
-3461
-2941
-2311
-1951
-1584
-2845
-5746
-6059
-3090
-1782
-3773
-5329
-4914
-4191
-3272
-1932
-2180
-3874
-3765
-1605
-322
-697
-936
-726
-410
572
1756
1722
1075
1457
2522
2722
2538
2779
3013
2801
2838
3214
3076
2707
2815
2933
2402
2115
2468
2535
1844
1477
1568
1690
1680
1732
1298
779
1029
1565
1460
1115
1217
447
-1034
-968
961
1155
-1209
-3023
-2522
-1968
-1844
-1663
-2486
-4790
-5428
-3233
-1915
-3342
-4826
-4618
-4026
-3300
-2238
-2230
-3620
-3704
-1992
-771
-1039
-1150
-851
-611
146
1380
1711
1061
1177
2217
2773
2615
2788
3025
2849
2725
3275
3472
3036
2764
2833
2531
2268
2645
2784
1990
1301
1405
1556
1484
1464
1219
476
380
1122
1421
829
598
741
-244
-1358
-438
1261
378
-2142
-2883
-1902
-1630
-1700
-1739
-2944
-4829
-4334
-2218
-2095
-3924
-4660
-3984
-3382
-2804
-2234
-2884
-3826
-3084
-1329
-790
-1352
-1358
-791
-181
607
1280
1264
1051
1599
2415
2545
2611
3026
3253
2872
2808
3256
3413
3173
3086
2864
2354
2161
2581
2559
1770
1101
1025
1151
1156
1106
756
194
63
637
1004
711
286
428
141
-728
-875
397
797
-886
-2530
-2147
-1342
-1425
-1727
-2169
-3561
-4414
-3100
-1785
-2722
-4311
-4245
-3415
-2912
-2460
-2366
-3256
-3506
-2073
-573
-798
-1428
-1088
-248
432
1157
1546
1235
1159
2086
2854
2648
2515
3005
3192
2807
2921
3310
3102
2651
2710
2640
2170
2013
2194
1771
1128
1045
1121
849
738
891
597
69
152
673
725
474
521
618
-168
-1035
-612
656
397
-1360
-2406
-1964
-1609
-1612
-1614
-2369
-3999
-4170
-2464
-1757
-3221
-4370
-3849
-2956
-2396
-2076
-2499
-3310
-2788
-1140
-425
-1105
-1479
-859
158
933
1176
900
862
1613
2552
2793
2435
2271
2618
3108
3218
3007
2744
2649
2694
2797
2582
2099
1836
1932
1824
1345
952
937
1064
1062
771
291
92
451
908
664
14
30
663
288
-999
-1096
272
370
-1289
-2292
-1883
-1764
-1814
-1466
-2096
-3911
-4000
-2145
-1724
-3357
-4044
-3339
-2935
-2666
-2088
-2521
-3387
-2515
-818
-855
-1641
-1124
-251
-53
522
1344
1073
734
1818
2938
2554
2080
2623
3118
2963
2978
3073
2723
2556
2973
2878
1968
1595
2111
2185
1410
823
739
710
761
871
474
-216
-266
225
409
197
33
-66
129
287
-293
-1085
-454
667
22
-1640
-1838
-1227
-1366
-1444
-1185
-2204
-3760
-3037
-1366
-1829
-3571
-3609
-2789
-2567
-2411
-1971
-2612
-3158
-2087
-659
-959
-1554
-941
-50
195
613
1156
1075
1144
2037
2677
2263
2186
2830
3115
2681
2732
3045
2830
2405
2507
2346
1736
1627
2000
1616
665
418
646
605
476
448
-88
-606
-234
531
475
-93
-324
96
693
559
-547
-1090
21
942
-16
-1499
-1695
-1336
-1046
-796
-1302
-3019
-3653
-2214
-1166
-2358
-3738
-3621
-2841
-2282
-1923
-2284
-3142
-2882
-1361
-511
-981
-1320
-794
34
767
1223
1132
997
1591
2477
2653
2332
2415
2830
2951
2815
2761
2627
2406
2365
2337
1861
1350
1357
1514
1123
472
142
142
278
426
285
-270
-521
-86
503
487
74
-112
360
972
585
-598
-798
486
973
-252
-1475
-1391
-1187
-1080
-900
-1474
-3138
-3514
-2051
-1375
-2645
-3627
-3287
-2825
-2463
-1950
-2092
-2962
-2717
-1326
-581
-989
-1038
-529
-1
573
1285
1326
1024
1412
2325
2579
2351
2418
2581
2478
2497
2765
2598
2125
1982
2107
1832
1484
1447
1381
855
472
544
647
431
253
179
46
12
290
501
336
116
263
680
908
422
-466
-548
453
811
-345
-1489
-1423
-1164
-1197
-1173
-1614
-2895
-3274
-2193
-1679
-2652
-3348
-3070
-2786
-2559
-2083
-2085
-2651
-2426
-1400
-898
-1102
-937
-395
2
376
864
1080
1121
1514
1997
2075
2016
2346
2648
2490
2212
2309
2494
2386
2151
1983
1710
1426
1462
1581
1196
569
392
580
553
391
370
279
-43
-61
341
618
388
131
271
702
754
27
-677
-179
843
521
-871
-1473
-1126
-1018
-973
-1012
-1941
-3176
-2713
-1536
-1835
-3076
-3173
-2694
-2603
-2438
-2008
-2318
-2724
-2070
-1076
-1076
-1317
-845
-238
-25
404
956
971
937
1585
2184
1933
1785
2298
2636
2313
2198
2370
2313
2142
2168
1944
1498
1525
1744
1376
689
547
723
702
498
348
171
108
243
406
367
289
291
388
599
783
380
-391
-356
621
855
-321
-1352
-1275
-934
-852
-901
-1620
-2878
-3049
-1906
-1526
-2607
-3403
-3121
-2655
-2378
-2158
-2400
-2790
-2316
-1292
-1000
-1262
-1059
-497
-97
358
859
948
928
1408
1963
2028
1972
2204
2379
2373
2414
2446
2253
2098
2140
2102
1747
1370
1305
1384
1191
723
415
380
423
409
393
213
14
34
351
507
464
269
216
433
896
720
-160
-524
304
801
-75
-1128
-1249
-1065
-1059
-945
-1368
-2597
-3149
-2157
-1536
-2346
-3202
-3054
-2747
-2489
-2116
-2134
-2656
-2422
-1404
-910
-1196
-1109
-537
-106
208
673
935
940
1222
1733
1933
1856
2049
2312
2275
2108
2208
2282
2137
2006
2018
1786
1385
1341
1554
1359
803
602
716
660
477
523
453
205
175
473
532
400
321
331
430
793
777
-36
-604
63
792
186
-910
-1231
-1125
-1231
-1069
-1120
-2116
-3098
-2531
-1642
-2024
-2970
-3073
-2768
-2534
-2187
-2028
-2420
-2525
-1785
-1146
-1168
-1175
-764
-392
-61
379
677
705
1002
1531
1755
1673
1835
2169
2288
2252
2257
2253
2183
2180
2127
1962
1723
1542
1397
1360
1265
994
651
525
527
479
406
384
269
69
139
437
506
238
193
488
733
536
-13
-385
3
609
260
-848
-1361
-1103
-983
-1076
-1325
-2044
-2786
-2413
-1727
-2073
-2941
-2976
-2641
-2500
-2284
-2071
-2450
-2626
-1893
-1130
-1179
-1240
-803
-395
-88
449
835
829
1026
1557
1880
1912
2059
2242
2256
2231
2327
2390
2300
2125
1975
1850
1702
1574
1460
1265
997
830
747
600
437
385
396
344
264
170
179
285
368
347
329
375
477
528
168
-328
-223
436
302
-678
-1327
-1156
-1107
-1203
-1335
-1849
-2735
-2733
-2034
-2003
-2780
-3065
-2754
-2562
-2398
-2126
-2182
-2410
-1954
-1209
-993
-1076
-673
-183
40
311
833
1069
1148
1478
1832
1841
1909
2244
2382
2203
2167
2315
2266
2086
2029
1995
1750
1504
1402
1352
1164
960
749
557
411
435
424
347
243
209
162
244
404
427
231
182
438
643
285
-374
-465
147
367
-425
-1296
-1439
-1241
-1151
-1181
-1739
-2677
-2875
-2089
-1794
-2475
-3061
-2931
-2622
-2271
-1987
-2114
-2469
-2126
-1257
-819
-964
-915
-474
40
479
802
890
959
1339
1776
1913
1911
2074
2232
2257
2233
2259
2239
2192
2096
1965
1811
1708
1588
1403
1147
953
900
850
614
336
239
292
327
273
114
-6
107
291
291
149
131
256
377
142
-353
-466
21
93
-662
-1302
-1284
-1269
-1366
-1359
-1741
-2584
-2667
-1920
-1838
-2612
-2909
-2547
-2335
-2192
-1955
-2090
-2339
-1828
-999
-831
-1044
-795
-259
146
517
832
854
911
1396
1899
1914
1809
1969
2125
2135
2256
2356
2154
1929
1972
2022
1843
1605
1438
1305
1183
1050
849
640
490
431
406
353
276
261
234
160
200
384
419
220
132
328
495
114
-504
-504
105
74
-824
-1463
-1359
-1283
-1333
-1406
-1934
-2733
-2610
-1861
-1908
-2668
-2853
-2496
-2264
-2087
-1902
-2022
-2074
-1537
-956
-886
-900
-549
-160
117
427
721
837
1017
1349
1609
1690
1769
1899
2031
2122
2125
2040
1980
1998
1970
1867
1706
1546
1400
1307
1158
975
842
763
605
457
395
373
341
316
267
236
317
367
267
130
197
427
518
28
-652
-596
123
89
-892
-1541
-1375
-1255
-1318
-1400
-1901
-2658
-2549
-1819
-1789
-2452
-2697
-2462
-2221
-1932
-1735
-1914
-2035
-1560
-977
-796
-766
-522
-228
90
476
771
851
988
1348
1683
1768
1773
1906
2044
2069
2058
2084
2021
1895
1849
1848
1709
1515
1417
1302
1072
906
868
733
498
428
495
414
229
132
100
114
251
315
106
-102
11
305
408
42
-652
-860
-224
178
-560
-1465
-1498
-1216
-1241
-1289
-1546
-2274
-2566
-1887
-1503
-2123
-2606
-2293
-1948
-1891
-1748
-1721
-1905
-1668
-965
-687
-906
-808
-265
102
271
529
765
910
1215
1589
1688
1662
1860
2106
2103
2042
2104
2094
1941
1913
1961
1776
1452
1350
1363
1200
953
848
723
506
402
413
286
106
96
112
31
32
134
36
-116
-38
139
109
17
-176
-502
-539
-142
-166
-887
-1338
-1165
-1133
-1373
-1399
-1603
-2188
-2302
-1736
-1667
-2232
-2395
-2034
-1900
-1857
-1617
-1583
-1717
-1383
-784
-633
-686
-413
-13
180
424
789
997
1043
1242
1548
1695
1728
1845
1954
1923
1925
2012
1968
1776
1707
1738
1613
1380
1256
1157
966
829
787
617
338
263
342
267
99
61
39
-19
53
168
24
-168
-92
55
43
-22
-237
-644
-706
-263
-195
-904
-1461
-1333
-1127
-1180
-1313
-1690
-2197
-2100
-1509
-1503
-2119
-2318
-1944
-1673
-1589
-1499
-1573
-1617
-1177
-619
-538
-607
-308
92
309
548
847
987
1100
1374
1619
1670
1722
1877
1993
2000
1991
1973
1896
1803
1792
1775
1594
1321
1179
1126
974
759
591
429
288
234
154
-11
-94
-65
-83
-149
-126
-87
-136
-204
-176
-92
-39
-45
-165
-467
-689
-478
-168
-456
-1120
-1348
-1160
-1116
-1224
-1391
-1789
-2120
-1876
-1510
-1711
-2148
-2168
-1878
-1626
-1483
-1479
-1567
-1410
-952
-557
-440
-371
-138
211
543
822
1030
1144
1267
1518
1784
1871
1871
1916
1951
1936
1991
2005
1833
1658
1639
1556
1340
1209
1147
963
746
661
569
388
245
175
97
45
44
-27
-146
-147
-18
14
-122
-213
-145
-63
-55
-87
-269
-610
-670
-314
-241
-831
-1358
-1285
-1096
-1184
-1313
-1548
-1984
-2090
-1641
-1440
-1864
-2171
-1925
-1625
-1536
-1431
-1365
-1391
-1167
-648
-370
-408
-289
78
369
596
903
1079
1096
1238
1553
1701
1680
1738
1873
1867
1787
1762
1714
1632
1607
1580
1360
1089
1000
1022
918
726
559
411
299
291
287
139
1
21
66
2
-26
38
5
-115
-121
-12
-1
-80
-145
-308
-580
-629
-353
-325
-836
-1326
-1296
-1108
-1147
-1306
-1539
-1858
-1921
-1592
-1427
-1710
-1971
-1816
-1513
-1330
-1283
-1284
-1248
-1002
-609
-337
-303
-252
3
352
598
758
884
1023
1209
1405
1503
1521
1622
1743
1761
1686
1667
1651
1622
1581
1496
1293
1131
1111
1089
904
660
506
432
409
374
248
41
-44
11
78
51
6
-56
-107
-100
-27
0
-70
-160
-186
-244
-448
-599
-485
-397
-720
-1122
-1186
-1101
-1187
-1253
-1336
-1652
-1887
-1621
-1362
-1586
-1880
-1765
-1516
-1377
-1261
-1231
-1275
-1076
-649
-396
-368
-253
25
274
505
702
859
1015
1234
1392
1411
1440
1603
1772
1767
1635
1559
1607
1636
1614
1465
1238
1092
1125
1155
969
679
476
395
457
449
218
-82
-151
-26
-12
-96
-176
-231
-200
-115
-122
-209
-213
-97
-103
-205
-331
-476
-498
-369
-426
-818
-1113
-1016
-974
-1172
-1309
-1383
-1595
-1703
-1483
-1383
-1623
-1729
-1529
-1362
-1282
-1155
-1067
-1026
-785
-456
-316
-227
10
234
378
586
831
971
1111
1286
1335
1347
1536
1752
1738
1610
1539
1537
1611
1669
1497
1212
1111
1130
1023
855
712
532
354
300
282
132
-61
-139
-118
-117
-155
-190
-217
-230
-176
-101
-122
-188
-175
-136
-151
-204
-338
-515
-529
-408
-534
-899
-1087
-1042
-1080
-1206
-1271
-1406
-1623
-1647
-1477
-1426
-1536
-1591
-1509
-1348
-1175
-1050
-968
-856
-639
-357
-141
-22
151
438
671
782
927
1152
1308
1391
1483
1543
1555
1630
1713
1632
1477
1483
1555
1423
1166
1057
1069
974
791
630
467
327
299
264
101
-52
-66
-72
-147
-183
-155
-144
-153
-152
-144
-128
-106
-109
-161
-195
-147
-123
-334
-611
-569
-367
-534
-952
-1088
-1026
-1119
-1209
-1218
-1436
-1697
-1559
-1296
-1413
-1618
-1497
-1295
-1221
-1057
-858
-843
-769
-401
-58
6
69
318
554
749
987
1111
1058
1137
1432
1591
1497
1406
1433
1452
1457
1445
1310
1099
1025
1067
986
763
602
538
464
388
330
209
50
21
98
80
-37
-90
-53
-17
10
21
-25
-75
-36
22
-29
-141
-199
-204
-264
-405
-541
-616
-684
-818
-974
-1099
-1203
-1263
-1272
-1348
-1522
-1570
-1413
-1308
-1370
-1383
-1258
-1113
-958
-756
-624
-575
-404
-89
135
236
376
554
688
858
1073
1159
1119
1179
1343
1392
1337
1329
1327
1245
1188
1198
1128
980
886
844
752
648
609
546
411
316
312
302
234
174
133
88
91
124
81
-2
-12
-10
-77
-135
-151
-220
-331
-423
-547
-654
-639
-693
-982
-1198
-1122
-1068
-1229
-1364
-1400
-1475
-1464
-1274
-1206
-1375
-1409
-1143
-907
-876
-833
-671
-501
-346
-131
67
146
249
503
735
785
839
1032
1187
1211
1262
1341
1314
1283
1365
1374
1197
1081
1121
1077
901
786
736
619
512
495
413
246
195
240
183
69
63
88
34
7
49
40
-33
-39
-11
-47
-97
-119
-172
-260
-323
-362
-439
-563
-694
-781
-829
-908
-1033
-1142
-1208
-1263
-1279
-1267
-1305
-1357
-1316
-1218
-1140
-1051
-947
-894
-797
-572
-355
-278
-188
0
172
316
522
656
659
752
1000
1135
1081
1101
1220
1254
1226
1274
1259
1135
1090
1148
1087
923
847
835
749
650
596
518
425
394
373
286
220
210
185
121
104
75
2
-42
-37
-96
-217
-290
-325
-411
-508
-575
-692
-851
-898
-883
-1005
-1186
-1215
-1177
-1248
-1305
-1269
-1276
-1323
-1230
-1081
-1084
-1097
-934
-751
-677
-567
-406
-288
-155
47
201
292
439
594
691
807
940
1007
1043
1114
1161
1175
1211
1210
1133
1087
1108
1082
973
878
836
782
712
644
571
489
438
414
365
275
224
236
217
129
57
52
51
8
-73
-166
-227
-229
-261
-399
-554
-607
-619
-705
-835
-935
-1015
-1088
-1118
-1126
-1201
-1299
-1306
-1236
-1185
-1181
-1172
-1119
-1014
-879
-752
-670
-585
-436
-246
-83
42
164
293
441
607
747
808
865
965
1069
1115
1132
1156
1161
1144
1132
1121
1086
1022
948
901
856
787
707
636
568
516
463
396
317
259
224
183
134
85
32
-19
-49
-97
-167
-217
-254
-321
-411
-471
-524
-614
-711
-766
-816
-894
-971
-1041
-1116
-1163
-1146
-1131
-1166
-1191
-1162
-1111
-1041
-924
-816
-766
-689
-529
-352
-214
-85
39
149
287
458
578
640
701
788
877
957
1010
1003
972
986
1024
1025
988
939
879
828
812
791
718
624
567
537
500
451
387
308
252
242
229
169
97
53
18
-26
-66
-109
-182
-264
-310
-347
-413
-493
-558
-619
-680
-732
-788
-847
-889
-916
-951
-978
-979
-972
-968
-937
-888
-859
-813
-710
-612
-554
-464
-334
-233
-144
-5
117
179
274
407
484
526
614
696
691
706
787
805
749
757
794
741
679
700
693
610
576
585
546
482
477
477
424
380
377
359
318
294
276
234
186
151
122
76
11
-47
-102
-165
-238
-302
-354
-431
-521
-576
-609
-672
-737
-756
-775
-820
-833
-808
-805
-813
-778
-723
-697
-652
-569
-503
-455
-378
-279
-200
-134
-42
36
96
174
256
326
371
417
462
494
524
551
561
548
546
554
542
510
481
465
442
415
402
386
345
325
323
312
291
283
287
266
245
260
258
221
189
183
159
111
88
58
-16
-84
-120
-168
-247
-308
-350
-421
-492
-523
-546
-599
-642
-638
-640
-653
-642
-604
-580
-556
-508
-447
-396
-343
-280
-221
-168
-116
-50
19
57
77
115
172
213
228
238
251
260
280
302
303
294
298
307
305
304
319
337
340
331
327
338
367
395
404
384
363
361
380
391
374
327
279
242
217
193
161
103
16
-53
-82
-103
-154
-218
-285
-359
-400
-389
-389
-462
-534
-532
-520
-537
-520
-498
-523
-535
-471
-415
-422
-385
-302
-288
-314
-241
-138
-116
-106
-36
-2
-15
59
174
168
119
192
280
257
246
321
344
292
321
385
339
290
356
405
327
286
340
344
293
319
359
289
221
265
305
247
208
218
172
108
124
143
65
-22
-30
-43
-110
-146
-150
-210
-281
-287
-294
-339
-362
-356
-392
-435
-406
-368
-392
-414
-386
-367
-358
-318
-286
-284
-265
-213
-173
-148
-104
-62
-43
-22
16
66
113
130
113
112
171
237
242
207
188
207
257
304
299
239
215
276
334
321
270
250
272
286
283
260
220
200
211
202
150
109
113
117
79
28
-6
-18
-2
0
-58
-130
-134
-95
-100
-152
-203
-226
-224
-205
-223
-285
-318
-298
-282
-307
-336
-333
-314
-295
-281
-284
-274
-231
-185
-165
-154
-123
-85
-44
-11
6
18
46
83
102
112
119
128
145
164
166
154
154
170
179
179
174
172
175
187
200
193
183
187
196
197
195
194
186
170
156
155
144
122
99
87
72
52
37
17
-6
-19
-26
-48
-75
-90
-99
-111
-128
-147
-163
-172
-176
-185
-201
-206
-201
-194
-195
-196
-191
-173
-156
-145
-133
-117
-103
-83
-61
-51
-45
-30
-11
1
7
18
29
36
48
58
63
71
85
94
97
107
114
120
128
130
129
125
128
130
122
116
111
104
102
101
88
70
61
60
49
29
12
1
-7
-14
-26
-45
-60
-65
-68
-77
-92
-99
-101
-101
-107
-111
-115
-113
-106
-105
-107
-108
-100
-90
-86
-87
-82
-74
-63
-49
-42
-39
-30
-13
3
8
12
21
28
38
44
44
47
55
63
69
74
78
85
92
101
107
105
104
108
109
108
106
104
104
102
98
93
85
74
67
55
42
32
22
10
-4
-14
-27
-35
-47
-58
-68
-75
-81
-87
-94
-93
-91
-86
-79
-78
-72
-66
-58
-53
-50
-47
-41
-34
-30
-33
-33
-29
-30
-30
-32
-33
-36
-36
-34
-33
-33
-32
-23
-18
-10
-6
2
7
13
18
25
25
30
34
34
37
37
41
42
48
49
52
53
53
55
51
49
43
41
36
33
24
17
11
5
-3
-10
-16
-23
-22
-25
-26
-27
-24
-23
-20
-20
-19
-16
-10
-8
-5
0
0
3
5
6
8
8
5
5
5
5
2
0
-4
-6
-6
-9
-13
-14
-14
-12
-15
-14
-10
-8
-1
0
0
2
3
4
9
11
10
8
9
8
10
8
3
4
3
1
-1
-3
-2
-4
-4
-3
-7
-11
-7
-6
-6
-7
-11
-10
-9
-8
-12
-10
-9
-12
-10
-8
-4
-1
-2
-3
-2
-3
-1
1
1
2
2
2
2
3
7
5
4
1
2
7
5
1
-4
0
3
2
-3
-5
-1
4
4
0
-1
6
9
10
10
10
15
15
16
17
15
16
19
17
12
8
8
4
3
2
2
-1
-6
-4
-3
-4
-8
-11
-10
-5
-6
-9
-14
-15
-10
-11
-14
-16
-18
-14
-9
-9
-10
-9
-3
2
5
4
5
4
4
6
1
-2
-5
-6
-5
-3
-4
-6
-6
-4
-1
-1
1
0
0
3
7
3
3
2
1
3
1
1
0
3
5
7
3
5
11
10
10
10
12
10
12
10
5
5
3
4
4
0
-6
-7
-6
-4
-5
-8
-10
-13
-10
-6
-5
-8
-8
-4
-5
-6
-5
-6
-6
0
-2
-4
-2
-2
-3
-1
1
5
2
5
7
4
5
1
1
-2
0
1
-2
-3
-1
-1
-1
3
6
6
7
5
7
4
4
6
3
6
4
1
2
3
3
3
-3
2
1
2
1
0
1
0
-1
-4
-5
-5
-4
-3
-4
-5
-5
-6
-7
-7
-6
-6
-6
-6
-4
-3
-5
-2
-5
-6
-2
-2
-1
-2
-3
0
1
-2
2
0
-2
1
4
3
3
2
1
2
3
6
2
0
2
2
3
0
-1
0
5
6
5
6
4
4
6
7
7
5
3
1
1
2
1
3
2
1
1
0
2
3
3
3
2
0
0
-3
-2
-8
-8
-5
-6
-5
-6
-5
-7
-5
-5
-5
-3
-2
-2
-3
-2
-2
-3
-4
-2
-3
-2
-2
1
1
-1
1
1
1
2
5
4
3
4
4
4
2
1
-2
2
1
-1
-3
-2
1
3
2
3
3
4
3
0
2
2
0
1
1
0
1
-4
-2
0
1
-1
-1
-2
-1
0
-2
0
0
-1
1
-3
-2
-2
0
-1
-3
-2
-1
1
0
3
2
2
-1
-1
4
3
0
0
-2
-1
0
1
0
-2
-3
-2
-1
-4
-6
-3
-1
1
-1
-1
2
0
2
3
2
2
0
0
-1
1
4
0
-1
0
2
4
4
2
-1
2
2
-1
