0
0
1
2
-1
0
-1
2
1
0
-2
-1
-2
-1
-2
-2
-1
-3
-4
-2
-3
-3
-4
-6
-4
-5
-4
-6
-5
-4
-5
-2
-2
-3
-3
-2
2
4
4
4
6
5
3
0
2
4
4
3
0
-2
-2
-2
-1
-1
-1
3
3
2
4
4
5
5
3
2
2
2
2
3
3
1
1
1
2
2
2
1
1
2
-1
-3
-2
-3
-2
0
0
-1
2
3
3
5
3
3
1
-1
-1
-3
-3
-3
-3
-5
-8
-6
-6
-4
-2
0
-1
-2
-2
-1
-1
-5
-1
-2
-2
-3
-3
-6
-1
0
-1
-3
-3
-1
-4
-1
0
1
-1
2
5
2
3
2
-1
-1
-2
1
2
3
5
5
6
3
3
2
1
2
1
2
2
4
4
3
0
1
-3
-3
-1
-2
0
-1
-2
0
1
0
1
4
5
4
5
3
4
3
2
3
2
-1
-3
-2
0
-3
-3
-4
-6
-6
-3
-3
-5
-3
-4
-4
-3
-2
-5
-4
-4
-4
2
3
1
2
2
3
2
1
1
0
2
1
3
4
3
3
1
4
4
3
1
-1
-1
1
1
-2
-4
-2
0
4
2
1
-2
-3
0
1
-2
-4
-7
-5
-5
-3
-3
-1
2
1
-1
1
3
1
-1
-1
-2
-3
-2
1
1
0
0
3
2
2
2
2
4
5
5
2
1
-2
-4
0
-1
0
-3
-3
-1
6
5
1
1
0
0
0
-1
-2
-3
-3
-2
-6
-2
-3
0
2
1
1
-1
2
2
1
0
-2
-2
-2
-1
-3
-4
-1
0
0
-3
0
3
5
4
5
2
1
1
1
2
0
-1
0
5
3
3
4
5
6
5
4
4
4
4
3
2
1
0
-1
0
-2
-1
-5
-7
-7
-4
-3
-1
0
-1
-3
-5
-7
-7
-5
-7
-6
-6
-7
-7
-7
-4
-4
-3
-3
-3
0
4
4
3
1
3
1
2
3
3
3
2
1
1
2
2
0
2
4
4
5
1
3
5
4
3
0
0
2
1
1
3
2
2
2
3
-1
-1
2
1
-1
-1
-1
1
1
1
1
1
3
3
1
0
1
-1
-2
-1
0
-2
-3
-1
-4
-4
-4
-5
-9
-6
-6
-5
-4
0
-4
-2
-2
-1
0
1
3
2
2
2
1
2
1
1
4
4
3
1
3
1
2
-1
-1
-1
-2
-2
-2
0
2
-1
-1
-2
1
2
4
1
-2
0
-2
-1
0
2
2
2
3
4
6
-8
-3
17
3
-12
1
1
-4
-2
0
-1
-6
-2
0
-2
2
0
-3
-3
-2
2
0
-3
1
-2
-2
-4
-7
-2
0
-1
0
0
-1
-3
-1
1
2
0
-3
-2
-1
3
1
-1
2
0
3
2
1
4
5
4
4
7
9
6
1
0
0
2
2
0
0
-1
2
3
0
0
2
3
4
2
-1
-4
-1
-1
1
2
0
-6
-7
-6
-3
-1
0
1
0
-1
0
-1
-1
-1
-4
-5
-3
1
1
-2
-2
0
2
1
3
2
0
0
0
-2
-4
-4
-3
-1
-2
-3
-6
-3
-2
-2
0
0
-1
-2
-1
0
-1
-1
1
1
1
0
-3
-1
-1
2
6
1
0
1
3
4
5
5
4
4
3
7
5
0
1
3
5
4
4
1
1
5
7
5
3
2
1
1
-2
-6
-8
-5
-1
-1
-3
-5
-4
-2
-3
-1
1
0
2
1
0
-1
0
-2
-3
-2
-1
-3
-6
-3
-3
-3
-2
-1
1
-2
-1
-1
-5
-3
-2
-2
0
0
0
1
0
4
2
2
1
3
2
1
2
0
2
4
3
3
2
4
3
4
1
0
3
0
0
-4
-5
-4
-3
-3
-3
-1
0
0
1
2
-2
0
-1
-1
-1
-3
-3
-1
1
2
2
2
2
-1
2
1
1
3
2
4
1
2
3
4
4
3
2
-1
1
1
0
-2
-2
-2
-2
-2
1
3
2
-3
-2
-4
-4
-4
-2
1
-3
-4
-4
-2
0
1
-1
-1
-2
2
6
7
7
4
2
-1
-2
-2
-1
0
-2
-2
-3
-2
-1
-5
-4
-6
-4
0
1
-1
0
-2
-11
-6
-1
0
14
7
-2
-1
-8
-8
1
19
27
12
-7
-3
-2
-15
0
6
13
10
-8
13
-2
-6
9
6
-13
-35
3
28
7
4
-13
-24
-23
-12
35
30
13
6
-32
-33
-2
30
28
-12
4
12
-6
3
-25
-39
-11
12
17
3
-2
3
-30
-17
13
10
33
-11
-44
-3
24
30
22
-10
-4
36
38
-20
-33
-26
-23
32
21
9
-19
-30
-4
-19
-17
-20
-3
26
1
21
44
-1
7
16
-6
-22
-15
-53
-38
-37
125
229
240
209
-1278
-816
1566
394
-826
397
250
-460
-299
388
356
-386
35
202
-161
-30
83
-58
19
163
-59
-161
41
11
-96
28
50
20
-23
-36
-21
-5
24
15
-34
25
-57
-75
59
16
49
-41
-21
30
-56
20
117
40
-50
-16
5
-32
-26
23
28
-11
23
96
-43
-40
17
-17
8
-11
13
16
-45
15
93
-26
-37
34
-17
-109
-39
73
21
15
55
-23
-94
8
6
-76
-15
75
17
-15
29
-1
18
35
48
-46
-39
70
-27
-72
16
11
-54
-5
85
20
-71
11
-34
-68
13
38
23
-6
57
-21
-38
24
-39
43
91
12
-79
-256
-155
110
202
107
-6
78
10
-217
-76
93
109
62
5
109
73
-50
-39
14
31
-4
-32
-18
-53
32
-160
152
44
-420
19
-67
-180
152
313
45
-238
-41
187
77
182
145
-78
-12
97
-11
-123
85
47
24
-100
-65
80
117
-284
-172
-654
-672
752
159
-522
191
457
433
194
-180
217
-88
-79
216
184
24
-110
-250
-313
-116
135
160
128
-21
-425
-278
82
-186
145
407
271
-187
-252
501
180
-448
74
233
171
-80
-378
-151
438
-103
-403
196
146
-63
-168
47
26
-98
55
187
-96
79
-107
-351
72
180
-183
-374
132
377
-63
-9
134
-8
115
-333
125
364
-209
346
258
-328
75
-154
-307
123
26
-81
121
-143
122
45
214
-22
-178
352
369
-316
-192
833
380
-310
305
794
-1544
-1443
1209
962
-989
98
708
-611
-580
319
-156
-560
-147
-357
-146
-284
-239
-88
140
822
-196
-498
209
-220
-466
-16
350
264
102
178
-56
31
-297
77
259
-380
43
551
-1059
-1124
439
-974
-98
837
724
684
-15
364
375
1161
1201
378
1304
352
229
936
-395
-472
937
-639
-2015
127
957
313
-822
-1636
-115
-460
-1564
119
-1852
-3194
274
1337
-9
-19
629
-253
-3141
-799
3004
2204
1991
1170
469
-600
-979
1365
2223
2466
2108
363
-525
-784
-1459
-1612
-102
1023
-146
-1044
-299
-837
-1687
-1038
-204
-807
-1008
281
187
-548
-335
167
-159
-334
509
595
-207
-327
-170
-301
-241
909
969
305
464
288
-514
-274
731
-591
729
1097
-1102
-986
-431
-1971
-3381
316
1664
-537
806
1076
440
1017
1196
1766
1373
1263
491
-24
-1264
-864
940
1822
582
-888
359
-899
-2709
-56
799
-1045
-526
-78
-945
-1907
-893
-1042
-165
1749
1978
828
-120
814
961
743
1242
776
534
378
633
1474
107
-1258
-1282
-3
-484
-2245
-2071
-374
-346
-427
-411
-189
-1106
-1874
28
387
-70
1032
226
752
888
963
1116
-24
238
-117
-483
788
581
-147
153
-1604
-986
-21
-874
114
-888
-2760
-2208
-346
483
956
29
-1321
-1732
-647
1112
2788
1637
304
-271
665
1029
-36
1035
946
640
341
508
-1621
-2004
620
1001
351
-90
371
786
403
2183
1994
1885
2638
968
585
630
1061
1623
2267
1919
1187
1243
315
493
1308
1109
413
24
69
133
-581
-481
-604
-1155
-1698
-1012
-1296
-1862
-952
-746
-715
643
1146
247
31
353
-1031
-1678
-1217
-2583
-2852
-3103
-4399
-4141
-3803
-3706
-3686
-3282
-2983
-3598
-2519
-1689
-2598
-2342
-492
-621
-993
1742
3565
2618
3020
4378
4543
3380
2961
3442
2102
1967
2473
2056
1948
1550
2773
3221
4033
6853
7810
8805
9296
9075
8216
6450
5564
2957
600
-716
-5029
-7214
-7509
-10675
-12567
-12991
-13529
-14234
-14226
-12123
-11568
-11397
-8521
-5675
-5358
-3753
-1172
-407
77
683
2908
4527
3815
4439
6272
5474
4190
5903
7497
7111
8172
8425
7979
7748
8491
7917
6282
7096
7450
6410
4652
4776
4455
3501
2878
1970
2371
1060
45
203
132
580
-589
124
-39
-468
-389
-1093
-1597
-3862
-5765
-6902
-7855
-8591
-10261
-10466
-9549
-10306
-9692
-8616
-7385
-6653
-5979
-4286
-3122
-2697
-1886
-752
-1078
151
1413
779
964
1139
1720
2422
3182
4791
5668
5729
5898
5479
4467
3560
1621
73
-1012
-2113
-4223
-4617
-2589
-694
3481
10054
13756
16209
19613
20546
19096
17850
15781
8552
1565
-3772
-10828
-16741
-20066
-21989
-24055
-24500
-21721
-20121
-18650
-15802
-13861
-12247
-9994
-6748
-4777
-2581
130
2071
3789
4724
6618
8381
8963
9500
10357
10676
9886
9005
9409
8996
7878
7896
7673
6793
6813
7298
6540
6095
5696
4690
4490
4832
4542
3889
3029
3033
1885
579
177
95
23
-518
-715
-891
-1455
-2595
-2445
-2236
-2695
-3315
-3109
-2988
-2993
-2907
-3293
-3451
-3492
-3624
-3132
-2251
-2410
-2366
-2630
-2880
-2455
-1611
-1558
-1458
-1388
-1835
-2221
-2424
-2351
-2568
-2514
-2781
-3256
-3092
-2865
-2672
-2845
-3281
-3696
-4008
-3544
-3667
-3772
-3394
-3353
-3348
-3033
-2711
-2271
-2164
-2128
-1148
-537
-233
559
1485
1461
1440
1711
1923
2235
2143
2375
2802
2759
2724
3819
4198
3744
4456
5446
5624
5392
6518
6354
5374
5164
5815
5969
5394
5484
4068
2483
2043
1696
1193
729
482
-375
-1466
-1328
-1880
-2299
-1861
-1910
-1857
-2080
-2972
-3765
-3922
-4066
-3592
-3183
-3323
-2839
-2176
-2393
-2514
-2038
-1651
-649
-20
199
814
952
800
1000
1090
1414
1434
1424
1554
1052
627
585
871
1219
1631
2000
1919
1928
2056
1534
784
982
1292
531
-123
-181
-389
-1191
-1755
-1919
-2536
-2686
-2440
-2815
-3456
-3583
-3920
-4176
-4385
-4414
-4664
-4463
-3769
-3687
-3654
-2968
-2291
-1983
-1516
-777
-394
-294
167
656
1270
1764
2369
2910
3767
4117
3682
4003
4770
4443
4082
4047
3215
2229
1563
1476
1370
1111
1163
1425
1093
1191
1375
1003
808
698
731
577
380
236
413
459
-115
-1059
-1253
-1125
-1369
-1114
-494
-583
-1184
-1492
-1705
-1828
-1789
-1600
-1087
-1049
-1396
-1524
-1839
-2026
-2172
-1775
-1674
-1763
-1207
-974
-1069
-1179
-898
-516
-457
-109
311
680
837
872
1243
1121
1126
1579
2056
2044
2101
2119
2106
2163
2278
2542
2257
2079
2112
1883
1558
1764
1836
1623
1453
1077
530
444
785
623
503
537
-30
-740
-665
-286
-297
-184
266
-33
-974
-1389
-1322
-1398
-1167
-565
-449
-1404
-2007
-2077
-2457
-2363
-1886
-1664
-2070
-2399
-3023
-3928
-3917
-2793
-2269
-2711
-2800
-2642
-2892
-3016
-2372
-1866
-1616
-945
-334
-456
-375
288
895
1119
1705
2069
2020
2404
2966
3239
3301
3429
3484
3501
3631
3598
3044
2723
2494
2316
2035
1926
2097
1982
2125
1964
1503
1519
1829
2005
1595
1140
1194
1017
768
693
354
-251
-1039
-1547
-2215
-2877
-3211
-3537
-3764
-4070
-4669
-4972
-5011
-5103
-5050
-4990
-4992
-4609
-3747
-3090
-2864
-2345
-1903
-1972
-1054
747
1800
1988
2607
3253
3200
3482
4267
4489
4430
4810
4912
4203
3647
3839
3596
3261
3244
3023
2443
2233
2347
1954
1156
772
770
686
738
1091
1123
724
333
216
297
328
655
1087
1114
-103
-1701
-2606
-2865
-2973
-3117
-3245
-3853
-4907
-5866
-6344
-6792
-6924
-6315
-5806
-5694
-5232
-4784
-4879
-4895
-4048
-2619
-1291
-282
323
660
1139
1908
2699
3457
4287
4968
5198
5186
4922
4417
4111
4505
4791
4419
4014
3645
2776
2265
2386
2242
2060
2145
2091
1704
1318
983
991
1529
1815
1337
1307
1546
1428
1390
1440
1400
1182
718
-219
-1321
-1862
-1994
-2368
-2699
-3099
-4167
-5212
-5508
-5831
-6197
-6008
-5548
-5426
-5601
-5477
-5450
-5133
-4219
-3312
-2454
-1461
-612
-195
325
1006
1615
2301
3325
4061
4179
4163
4232
4120
3961
3913
3807
3656
3559
3188
2543
2125
1824
1896
1729
1392
1528
1610
1135
1036
1018
982
1354
1212
1228
1579
1305
902
929
691
843
1028
351
-462
-956
-1385
-1699
-1756
-2000
-2550
-2962
-3166
-3791
-4450
-4500
-4067
-3853
-3934
-3957
-3934
-3767
-3443
-2848
-2256
-1684
-1132
-687
-53
622
1052
1412
1959
2553
2783
2754
2798
2927
3083
3033
2717
2652
2759
2368
1848
2016
2174
1503
1266
1684
1448
1109
981
796
1058
1036
599
374
532
746
460
181
271
477
315
110
126
129
-185
-839
-1110
-1193
-1502
-1660
-1576
-1577
-1855
-2233
-2476
-2660
-2813
-2865
-2715
-2512
-2351
-2467
-2751
-2644
-2291
-1908
-1620
-1389
-1010
-598
-366
-204
109
613
1084
1385
1605
1639
1517
1677
1900
1879
1889
1821
1857
1944
1844
1718
1403
1540
1922
1567
1195
1305
1511
1381
1067
1044
1284
1335
1035
966
1087
966
755
752
842
666
503
486
445
355
234
26
-307
-550
-644
-668
-746
-925
-1103
-1235
-1391
-1645
-1840
-1932
-2031
-2002
-1975
-2077
-2205
-2288
-2293
-2189
-2001
-1831
-1674
-1503
-1262
-1028
-934
-751
-443
-217
32
216
315
407
566
768
797
777
909
1218
1362
1291
1417
1469
1304
1332
1427
1448
1444
1368
1398
1411
1226
1168
1218
1172
1104
1104
1225
1200
923
703
665
688
631
540
499
489
345
-60
-459
-624
-566
-431
-499
-738
-942
-1188
-1522
-1747
-1848
-1901
-1902
-1902
-2003
-2178
-2313
-2373
-2263
-1975
-1707
-1578
-1434
-1201
-972
-785
-619
-304
107
413
669
805
765
883
1249
1475
1469
1524
1808
1944
1703
1641
1823
1808
1713
1819
1788
1412
1103
962
1128
1402
1120
898
1120
904
400
407
703
664
467
545
602
505
295
169
240
-49
-477
-624
-695
-744
-913
-1170
-1428
-1735
-1954
-2133
-2347
-2508
-2519
-2504
-2615
-2753
-2781
-2703
-2522
-2197
-1844
-1642
-1424
-1028
-667
-429
-222
20
474
1043
1422
1535
1450
1360
1425
1710
1998
1998
1962
1963
1700
1442
1503
1579
1394
1429
1561
1262
871
731
811
1039
1091
811
861
1242
1101
599
599
756
715
931
1078
820
685
818
657
98
-635
-996
-605
-381
-764
-1050
-1288
-1938
-2504
-2714
-2775
-2810
-2915
-2834
-2597
-2710
-3108
-3132
-2691
-2030
-1535
-1317
-1083
-666
-333
-196
80
451
878
1245
1587
1699
1528
1527
1582
1499
1506
1559
1558
1781
1702
1352
1094
876
943
1171
1190
977
1002
1056
929
756
800
969
992
1139
1233
1070
857
885
928
867
757
731
852
898
646
153
-209
-652
-998
-924
-787
-984
-1321
-1591
-1929
-2258
-2575
-2765
-2646
-2421
-2432
-2592
-2700
-2657
-2490
-2280
-1890
-1386
-1114
-1027
-671
-225
-56
90
405
718
1053
1321
1258
1151
1253
1189
1095
1312
1383
1298
1354
1313
1176
1103
1055
863
811
1188
1365
905
829
1343
1277
911
1034
1365
1354
1081
1042
1442
1527
971
764
1108
1204
769
586
874
696
-83
-595
-611
-633
-786
-924
-1101
-1359
-1662
-2071
-2454
-2583
-2535
-2477
-2416
-2393
-2468
-2530
-2557
-2430
-2069
-1631
-1328
-1151
-992
-781
-550
-367
-108
192
397
608
818
862
773
696
794
1132
1221
1073
1147
1221
1100
913
985
1128
1093
1014
1105
1029
968
1165
1211
1311
1484
1454
1364
1473
1466
1392
1419
1509
1438
1260
1350
1450
1249
945
635
297
36
-199
-341
-264
-276
-692
-1275
-1653
-1873
-2192
-2517
-2572
-2329
-2290
-2609
-2894
-2923
-2862
-2727
-2356
-1938
-1686
-1584
-1408
-1158
-946
-716
-354
103
439
576
655
738
789
868
959
956
1069
1265
1286
1288
1230
1080
1004
984
938
1055
1225
1197
1237
1325
1256
1114
1266
1514
1532
1496
1390
1356
1487
1664
1539
1248
1371
1739
1513
919
619
199
-188
-259
-309
-434
-640
-1187
-1864
-2197
-2370
-2717
-3099
-2954
-2632
-2697
-2978
-3227
-3259
-3051
-2665
-2222
-1842
-1626
-1442
-1137
-777
-436
-120
274
741
1148
1316
1244
1172
1340
1573
1568
1398
1217
1239
1296
1244
1160
1002
927
1063
1172
994
822
779
889
1294
1581
1489
1220
1237
1561
1517
1222
1509
1951
1690
1389
1565
1539
1220
1065
966
481
-148
-365
-262
-320
-793
-1390
-1908
-2303
-2558
-2879
-3242
-3288
-3058
-3082
-3444
-3682
-3653
-3467
-3008
-2363
-1938
-1791
-1629
-1250
-751
-381
-15
506
1042
1418
1533
1418
1328
1550
1928
2135
1982
1692
1478
1329
1291
1228
1176
923
712
1163
1382
739
328
680
1033
1178
1263
1264
1464
1619
1515
1443
1483
1531
1568
1769
2085
2047
1693
1471
1058
119
-588
-411
97
-53
-890
-1591
-2080
-2718
-3185
-3268
-3291
-3475
-3603
-3614
-3786
-4074
-4147
-3832
-3150
-2424
-2104
-2048
-1806
-1330
-740
-140
421
937
1398
1791
2000
1930
1798
1996
2452
2662
2458
1951
1495
1429
1487
1333
1075
911
894
861
709
614
637
668
836
1206
1386
1140
949
1249
1728
1981
1979
1852
1808
1889
2060
2180
1983
1416
567
-275
-348
172
17
-920
-1646
-2101
-2784
-3445
-3629
-3623
-3788
-3924
-3943
-4119
-4461
-4652
-4320
-3471
-2705
-2394
-2246
-1895
-1400
-898
-285
424
1072
1635
2088
2324
2218
2023
2278
2890
3091
2799
2402
1976
1608
1407
1358
1271
1010
921
971
688
332
197
380
931
1195
1094
1274
1392
1255
1409
1845
2149
2072
1890
2139
2487
2435
1978
1047
32
-255
102
218
-434
-1361
-2038
-2656
-3317
-3752
-3991
-4128
-4147
-4164
-4431
-4942
-5251
-4974
-4199
-3225
-2572
-2502
-2422
-1816
-1056
-437
277
1119
1820
2342
2721
2724
2481
2669
3314
3635
3409
3053
2646
2168
1812
1586
1360
1169
1047
888
650
411
121
-18
354
897
1049
1034
1128
1055
1016
1457
1992
2113
2192
2618
2934
2732
2043
889
-258
-434
320
603
-264
-1539
-2561
-3371
-3916
-4038
-4068
-4268
-4445
-4539
-4846
-5411
-5783
-5499
-4545
-3407
-2761
-2732
-2631
-1933
-955
-78
747
1587
2336
2874
3151
3250
3410
3806
4216
4241
3923
3502
2930
2382
2153
2046
1691
1195
878
657
251
-102
-106
20
196
556
898
989
944
1030
1296
1652
2109
2593
2991
3327
3127
1778
-25
-615
361
1274
703
-935
-2470
-3510
-4165
-4309
-4145
-4385
-5047
-5324
-5204
-5603
-6413
-6421
-5269
-3931
-3275
-3260
-3288
-2796
-1649
-264
789
1426
1926
2469
3151
3861
4292
4416
4561
4839
4888
4438
3765
3299
3128
3041
2702
1998
1223
699
455
289
84
-86
-147
9
376
622
564
550
926
1520
1978
2315
2838
3352
2825
935
-718
-390
1042
1284
-24
-1659
-3101
-4282
-4615
-4123
-4105
-5024
-5823
-5904
-5919
-6357
-6642
-6054
-4713
-3587
-3413
-3626
-3198
-1993
-664
367
1141
1774
2530
3467
4227
4574
4762
5143
5570
5690
5315
4664
4237
4165
3999
3236
2159
1429
1146
975
608
97
-322
-426
-56
389
431
143
59
533
1211
1678
2001
2570
2794
1447
-753
-1360
150
1238
279
-1496
-3000
-4184
-4718
-4351
-4103
-4832
-5743
-6066
-6029
-6003
-6090
-6081
-5471
-4182
-3352
-3589
-3544
-2244
-692
134
753
1623
2365
3168
4250
4960
4946
5001
5481
5721
5492
5154
4720
4305
4170
3888
2906
1893
1644
1632
1137
504
91
-115
43
608
857
428
32
374
1079
1645
2113
2695
2575
859
-1367
-1619
208
1266
-2
-2133
-3745
-4759
-4863
-4112
-4065
-5386
-6451
-6438
-6299
-6354
-6037
-5681
-5392
-4505
-3431
-3402
-3449
-2078
-203
666
1094
1813
2469
3230
4529
5404
5219
5048
5435
5564
5235
5177
5142
4623
3991
3547
2831
2033
1719
1666
1147
433
-1
-105
44
601
930
453
-121
347
1405
2042
2432
2939
1995
-551
-1997
-537
1143
466
-1329
-2796
-4530
-5586
-4659
-3512
-4821
-6652
-6597
-6158
-6617
-6473
-5482
-5284
-5341
-4270
-3431
-3565
-2784
-861
209
413
1342
2434
3063
4196
5521
5469
4926
5459
6060
5664
5424
5528
4831
3789
3536
3215
2255
1822
1923
1273
250
-34
3
-116
310
1058
811
-47
17
896
1596
2109
3052
3179
965
-1764
-1622
1027
1977
-37
-2282
-3769
-5142
-5115
-3329
-3201
-6123
-7893
-6782
-5937
-6486
-6253
-5614
-5920
-5636
-3959
-3248
-3437
-2167
-219
168
286
1612
2865
3506
4805
5760
5035
4639
5837
6601
5888
5364
5314
4549
3840
3900
3368
2101
1555
1666
1030
94
-159
-181
-232
347
911
418
-300
247
1454
2106
2420
2975
2150
-418
-1872
67
2309
1212
-1634
-3029
-3833
-4656
-3966
-2656
-4300
-7452
-7712
-5911
-5752
-6341
-5882
-5780
-6427
-5541
-3781
-3412
-3204
-1534
-416
-585
273
2247
3299
3858
4943
5141
4412
4970
6396
6346
5392
5252
5174
4356
3981
3972
3141
2073
1896
1680
759
198
296
158
-37
344
615
143
-3
822
1682
1942
2395
2848
1417
-1186
-1321
1503
2646
88
-2595
-3308
-3901
-4148
-2915
-2699
-5819
-8167
-6814
-5023
-5638
-6310
-6118
-6356
-6297
-4508
-3270
-3464
-2975
-1308
-800
-763
670
2420
3041
3763
4710
4544
4194
5522
6697
5989
4881
4887
4883
4496
4387
3855
2412
1653
1948
1746
725
165
90
-108
76
676
710
132
166
941
1619
1931
2542
2862
1313
-1298
-1361
1596
2840
114
-2701
-3153
-3415
-3624
-2360
-2321
-5917
-8400
-6356
-4155
-5251
-6327
-6029
-6333
-6390
-4326
-3076
-3833
-3386
-1272
-974
-1381
397
2553
2735
3169
4387
4152
3619
5348
6817
5522
4214
4782
4884
4126
4379
4358
2554
1391
2169
2168
845
415
603
-93
-341
610
892
135
109
881
1208
1554
2562
3189
1725
-805
-1299
1344
2970
785
-2373
-3059
-3135
-3325
-2373
-1979
-5326
-8225
-6565
-3890
-4799
-6228
-6065
-6172
-6456
-4524
-2917
-3650
-3831
-1787
-858
-1254
-116
1709
2024
2599
4205
4219
3270
4477
6308
5645
4489
4884
4934
4056
4270
4350
2542
1243
2190
2561
1178
365
437
-73
-264
629
862
63
-101
590
1004
1470
2177
2620
2325
909
-970
-514
2408
3000
-447
-3109
-2776
-2512
-2553
-1609
-2591
-6716
-8123
-5026
-3294
-5267
-6542
-6365
-6565
-5818
-3400
-2984
-4411
-3865
-1576
-974
-942
460
1617
1742
2650
3782
3513
3535
5064
5657
4567
4259
4842
4757
4500
4519
3320
1805
2251
3163
2198
651
345
216
46
613
880
38
-32
909
1183
856
1523
2183
2352
2752
1972
-661
-1084
2334
3621
20
-2893
-2505
-2487
-2769
-1446
-1943
-6472
-8381
-5195
-3105
-5213
-6673
-6404
-6620
-6004
-3490
-3003
-4816
-4672
-2018
-924
-930
148
956
908
2042
3796
3679
3111
4319
5206
4422
4147
4860
4771
4080
4130
3686
2219
1898
2930
2914
1380
340
316
452
775
1091
605
-6
273
996
1259
1490
1939
2133
2523
2476
650
-1059
694
3393
1843
-2058
-2989
-2154
-2299
-2145
-1629
-4294
-7777
-6628
-3322
-3769
-6230
-6559
-6053
-6013
-4417
-2768
-3785
-4924
-3042
-799
-814
-739
382
907
1264
2762
3753
3187
3204
4430
4598
3946
4192
4791
4271
3626
3584
2969
2169
2493
2868
1802
455
468
915
925
973
697
107
212
1264
1665
1341
1461
1826
2090
2734
2127
-273
-1100
1820
3169
30
-2911
-2540
-2225
-2642
-1863
-2323
-6134
-7745
-4689
-2780
-4997
-6628
-6054
-5922
-5396
-3382
-2975
-4699
-4392
-1723
-635
-1029
-269
691
835
1746
3396
3451
2759
3548
4529
4151
3842
4483
4520
3756
3449
3280
2735
2650
2935
2383
1321
1052
1247
1189
1051
855
482
557
1334
1554
1083
1016
1579
2005
2478
2775
1106
-1318
-615
2439
2362
-1323
-3281
-2518
-2351
-2499
-2003
-3344
-6752
-6983
-3856
-3046
-5432
-6546
-5829
-5442
-4600
-2970
-3194
-4541
-3751
-1458
-812
-951
-33
703
662
1563
3072
3290
2887
3452
3966
3590
3782
4610
4573
3579
3155
3248
3183
3018
2670
1916
1456
1664
1770
1223
768
661
724
1063
1398
1105
532
879
1692
1916
1808
2144
1376
-686
-1097
1412
2399
-367
-2916
-2439
-2091
-2625
-2247
-2318
-5338
-7155
-4791
-2734
-4363
-5972
-5521
-5277
-5021
-3199
-2382
-3882
-4139
-1978
-714
-1006
-379
480
298
650
2409
3183
2622
2722
3437
3340
3362
4248
4595
3658
2990
2986
3025
3090
3173
2512
1539
1489
2053
2057
1509
1032
735
969
1706
1976
1200
699
1172
1863
2005
2254
1630
-462
-1605
563
2468
302
-3046
-3131
-2023
-2299
-2474
-2454
-4676
-6846
-5146
-2655
-3769
-5946
-5704
-4961
-4755
-3646
-2685
-3775
-4352
-2523
-885
-1111
-826
192
344
415
1825
2861
2442
2371
3231
3307
3008
3696
4333
3665
2949
3265
3448
3063
3065
3056
2231
1623
2005
2334
1715
1171
1168
1153
1197
1582
1455
749
645
1395
1706
1590
1848
1000
-1178
-1437
1313
2165
-853
-3293
-2556
-2131
-2471
-1951
-2327
-5428
-6637
-3878
-2153
-4215
-5717
-5122
-4756
-4330
-2687
-2412
-4149
-4130
-1773
-730
-1213
-681
98
-69
462
2169
2692
2004
2218
2980
2983
3149
3946
3957
3087
2886
3354
3344
3129
3086
2620
1904
1983
2508
2348
1540
1056
1012
1208
1541
1660
1151
490
619
1317
1713
1610
1481
550
-1054
-1085
1158
1917
-841
-3373
-2739
-1636
-1903
-2154
-2731
-5053
-6223
-3955
-2202
-3961
-5895
-5386
-4481
-3976
-2823
-2571
-3998
-4144
-1918
-502
-1043
-1060
-336
-75
549
2125
2644
1814
1885
3016
3300
3211
3789
4064
3295
3051
3713
3832
3281
2917
2670
2256
2205
2424
2115
1428
976
859
1052
1319
1284
829
419
435
811
1179
1156
1112
948
-294
-1560
-389
1791
665
-2621
-3232
-1687
-1670
-2250
-2066
-3396
-5896
-4985
-2094
-2438
-5097
-5388
-4303
-4057
-3270
-2070
-3066
-4391
-2866
-579
-652
-1224
-502
-44
44
1225
2480
2069
1510
2234
3017
3061
3376
3753
3297
2772
3261
3821
3479
2974
2789
2484
2102
2179
2242
1701
1104
1051
1161
1129
1098
1069
709
386
691
1245
1314
992
996
562
-803
-1291
411
1484
-526
-3078
-2845
-1742
-1755
-2112
-2527
-4393
-5615
-3800
-1871
-3136
-5127
-5001
-4006
-3447
-2589
-2465
-3751
-3886
-1900
-486
-970
-1214
-678
-306
427
1750
2116
1488
1559
2531
2966
3100
3491
3570
3097
3002
3480
3641
3298
3017
2699
2340
2291
2594
2513
1770
1061
891
1150
1380
1262
825
313
260
816
1295
1052
607
671
177
-1007
-818
935
801
-1785
-3013
-1842
-1486
-2142
-2183
-2754
-4745
-4810
-2557
-2066
-4151
-5026
-4206
-3691
-3179
-2253
-2794
-4062
-3248
-1173
-780
-1431
-1078
-451
-189
706
1898
1838
1263
1744
2699
2993
3151
3388
3168
2753
3021
3545
3529
3122
2795
2457
2282
2431
2499
1967
1292
1049
1112
1153
1098
927
558
282
283
549
658
557
467
787
421
-835
-1179
509
1172
-901
-2712
-1886
-1110
-1697
-2003
-2199
-3878
-4684
-2773
-1586
-3395
-4943
-4194
-3314
-3061
-2468
-2545
-3736
-3463
-1436
-542
-1400
-1536
-700
-122
486
1428
1579
1144
1583
2666
3022
2881
3076
3200
3058
3114
3441
3352
3032
2838
2677
2364
2245
2173
1862
1358
1086
934
848
827
767
477
190
99
251
488
577
357
339
514
-68
-1037
-530
947
457
-1697
-2295
-1248
-1176
-1716
-1747
-2503
-4136
-3741
-1912
-2122
-4122
-4466
-3519
-3149
-2943
-2415
-2972
-3630
-2508
-859
-914
-1479
-1055
-421
34
933
1554
1152
1132
2120
2794
2630
2835
3185
3074
2942
3379
3414
2980
2773
2826
2435
2090
2104
1947
1393
1033
951
715
505
438
343
117
115
153
176
193
339
411
694
691
-217
-1105
-137
1345
605
-1588
-2005
-983
-773
-1218
-1544
-2643
-3959
-3258
-1702
-2150
-3922
-4270
-3546
-3042
-2703
-2438
-3091
-3428
-2372
-1054
-1063
-1391
-1042
-400
202
1054
1476
1214
1247
2074
2678
2668
2801
3010
2896
2784
3079
3210
2923
2650
2500
2158
1920
1922
1774
1267
830
657
541
581
689
527
90
-108
56
428
712
683
341
459
821
265
-685
-112
1126
332
-1582
-1684
-798
-1229
-1834
-1633
-2349
-3920
-3478
-1888
-2323
-4077
-4142
-3222
-2988
-2901
-2556
-3036
-3418
-2273
-854
-979
-1478
-999
-271
228
1072
1728
1398
1149
1955
2790
2795
2707
2810
2665
2550
2971
3227
2816
2335
2260
2208
2073
2024
1820
1243
794
873
994
737
321
200
266
400
430
421
382
425
520
883
1083
269
-901
-459
1128
892
-1117
-1980
-1305
-1290
-1537
-1379
-2173
-3913
-3547
-1736
-1866
-3720
-4066
-3307
-3001
-2726
-2255
-2837
-3420
-2398
-1082
-1253
-1616
-992
-379
-155
499
1186
1139
1192
1890
2327
2191
2385
2832
2807
2539
2658
2840
2738
2565
2384
2066
1866
1937
1833
1402
1020
925
833
694
568
451
342
394
448
314
257
435
610
675
920
707
-238
-623
571
1293
-40
-1663
-1464
-806
-1010
-1392
-1778
-2919
-3567
-2579
-1812
-2745
-3785
-3552
-3030
-2735
-2492
-2581
-3048
-2699
-1644
-1079
-1278
-1204
-767
-329
153
823
1195
1153
1223
1699
2180
2396
2552
2625
2481
2342
2582
2833
2667
2193
1910
1855
1845
1717
1430
998
724
758
819
600
299
227
330
443
462
381
345
411
523
714
988
633
-346
-467
772
1186
-240
-1430
-1033
-741
-1129
-1268
-1550
-2822
-3321
-2253
-1817
-3044
-3763
-3318
-2976
-2869
-2407
-2453
-3046
-2705
-1517
-1044
-1292
-1032
-479
-208
265
1015
1158
920
1308
2122
2309
2178
2325
2523
2446
2519
2692
2496
2139
2061
2014
1770
1566
1466
1197
858
730
685
622
487
371
271
336
443
474
391
438
523
628
744
986
647
-185
-349
714
1108
-63
-1244
-1073
-742
-847
-1014
-1508
-2715
-3164
-2264
-1801
-2756
-3636
-3508
-3085
-2739
-2410
-2533
-3028
-2757
-1687
-1047
-1241
-1236
-727
-154
311
853
1056
989
1258
1953
2238
2147
2287
2567
2457
2301
2475
2568
2298
2056
1972
1734
1487
1455
1399
968
564
521
608
420
219
179
249
297
425
437
419
503
670
727
955
947
160
-508
324
1222
319
-1112
-1024
-583
-978
-1189
-1152
-2184
-3221
-2504
-1653
-2505
-3620
-3430
-3071
-2965
-2528
-2241
-2871
-2910
-1820
-1017
-1211
-1091
-558
-231
151
927
1232
1003
1169
1765
2042
2060
2263
2317
2161
2195
2457
2432
2188
2033
1977
1808
1673
1537
1279
937
766
689
578
364
178
113
243
386
351
151
100
381
722
777
694
796
555
-130
-153
856
997
-370
-1298
-824
-640
-1026
-1125
-1486
-2708
-2921
-1796
-1645
-2964
-3516
-3034
-2779
-2596
-2143
-2439
-3139
-2515
-1163
-882
-1382
-1164
-538
-130
369
945
935
805
1292
1930
1965
1888
2147
2271
2155
2235
2430
2245
1982
2001
1992
1685
1504
1492
1282
879
737
754
611
360
269
285
319
371
375
226
189
479
744
641
580
777
489
-154
70
917
560
-735
-1068
-556
-741
-1144
-1166
-1681
-2729
-2540
-1617
-1860
-2988
-3203
-2854
-2663
-2420
-2164
-2579
-2833
-2149
-1343
-1292
-1340
-1036
-639
-198
355
637
672
955
1431
1722
1860
2005
2106
2201
2303
2270
2189
2211
2177
1914
1702
1633
1508
1262
1118
942
699
570
619
496
284
273
415
403
349
334
349
494
724
720
621
743
539
-84
-11
880
734
-569
-1134
-632
-666
-1023
-1050
-1490
-2578
-2584
-1711
-1794
-2799
-3094
-2828
-2693
-2405
-2065
-2411
-2803
-2255
-1417
-1201
-1281
-1091
-785
-329
269
674
674
746
1114
1558
1787
1855
1879
2005
2161
2226
2192
2153
2082
1940
1834
1743
1600
1413
1241
999
801
730
698
521
360
309
308
339
418
369
214
350
663
681
506
682
666
55
-179
613
859
-217
-1003
-626
-502
-973
-1062
-1221
-2185
-2675
-1935
-1628
-2457
-3021
-2806
-2698
-2581
-2181
-2194
-2680
-2485
-1618
-1172
-1253
-1153
-843
-513
23
595
746
677
938
1404
1673
1758
1904
2020
2018
2058
2255
2292
2037
1812
1836
1802
1595
1395
1215
945
768
757
681
441
258
235
310
410
413
272
201
408
715
754
604
651
816
519
94
338
860
359
-631
-806
-492
-808
-1151
-1201
-1719
-2569
-2364
-1786
-2187
-2978
-2882
-2588
-2637
-2513
-2221
-2445
-2557
-1907
-1263
-1271
-1236
-782
-416
-135
348
760
811
992
1428
1744
1799
1957
2143
2163
2106
2168
2186
2049
1919
1831
1674
1475
1380
1211
971
772
739
624
450
289
267
285
346
327
252
199
325
517
524
389
449
715
537
-1
-63
489
425
-343
-816
-670
-853
-1130
-1166
-1430
-2241
-2446
-1946
-1860
-2510
-2830
-2695
-2555
-2384
-2078
-2111
-2339
-2081
-1436
-1078
-1031
-866
-531
-116
326
665
783
935
1274
1644
1842
1951
2021
2070
2116
2179
2196
2107
1946
1789
1686
1554
1357
1156
1042
901
691
511
474
425
337
326
409
402
302
281
419
609
656
519
459
728
802
226
-253
214
654
22
-810
-858
-873
-1232
-1234
-1270
-2137
-2830
-2301
-1851
-2448
-3000
-2815
-2717
-2670
-2246
-2042
-2454
-2380
-1557
-1016
-1069
-911
-527
-268
114
700
928
838
1062
1542
1770
1806
1929
1986
1971
2079
2215
2069
1858
1827
1829
1679
1514
1404
1261
1119
984
826
664
600
519
445
442
478
407
357
418
531
579
559
527
629
739
397
-131
-26
459
144
-717
-997
-880
-1177
-1389
-1290
-1741
-2605
-2526
-1881
-2073
-2767
-2775
-2518
-2550
-2427
-2078
-2185
-2400
-1990
-1328
-1143
-1120
-805
-388
-46
354
737
939
1119
1416
1669
1790
1918
2056
2089
2024
1985
1998
1980
1888
1766
1633
1472
1332
1288
1218
999
768
702
654
501
373
374
367
314
304
361
392
470
574
567
483
646
816
449
-86
115
543
99
-742
-901
-828
-1147
-1338
-1378
-1982
-2630
-2369
-1961
-2344
-2827
-2745
-2638
-2620
-2310
-2088
-2320
-2317
-1728
-1236
-1162
-1023
-692
-386
14
533
809
860
1086
1472
1694
1817
2027
2156
2076
2016
2090
2118
2033
1965
1856
1626
1423
1362
1268
1054
872
777
645
502
435
359
271
316
439
431
342
375
497
570
565
566
631
658
371
-19
37
341
41
-660
-916
-882
-1171
-1406
-1438
-1871
-2491
-2371
-2001
-2310
-2790
-2705
-2536
-2538
-2270
-1974
-2115
-2163
-1634
-1118
-990
-843
-526
-275
14
439
735
813
997
1328
1555
1667
1828
1939
1896
1869
1999
2067
1950
1811
1701
1520
1386
1370
1281
1039
833
742
661
595
554
491
407
388
409
427
443
488
513
504
434
395
464
590
374
-110
-247
109
103
-497
-977
-1034
-1147
-1240
-1238
-1606
-2306
-2421
-2032
-1989
-2319
-2510
-2623
-2575
-2154
-1831
-2021
-2083
-1632
-1208
-1042
-765
-446
-310
-32
456
743
776
991
1310
1482
1574
1749
1836
1872
1942
2011
1949
1892
1891
1847
1680
1500
1377
1291
1186
985
740
569
550
516
393
234
219
269
309
267
289
336
390
369
324
293
385
368
16
-333
-185
5
-385
-926
-1043
-1088
-1315
-1336
-1389
-1929
-2352
-2042
-1794
-2133
-2398
-2296
-2308
-2223
-1799
-1662
-1984
-1852
-1179
-839
-855
-604
-261
-96
240
736
893
851
1135
1522
1629
1660
1824
1901
1870
1925
2007
1960
1884
1823
1695
1530
1452
1414
1300
1069
808
648
635
618
469
248
114
112
166
178
123
84
87
99
88
120
203
277
78
-304
-409
-73
-2
-522
-1049
-1086
-1067
-1195
-1325
-1525
-1990
-2225
-2014
-1856
-2123
-2323
-2268
-2199
-2137
-1859
-1633
-1659
-1588
-1195
-833
-667
-410
-63
142
320
688
1023
1163
1308
1521
1656
1784
2000
2079
1951
1901
2029
2078
1954
1779
1613
1479
1448
1385
1169
896
721
610
522
453
337
170
72
83
108
82
39
50
113
172
129
54
95
228
145
-196
-379
-215
-180
-544
-943
-1088
-1190
-1295
-1380
-1630
-2061
-2162
-1903
-1840
-2126
-2281
-2182
-2036
-1879
-1687
-1641
-1654
-1436
-1052
-782
-648
-454
-216
59
395
730
900
1013
1204
1466
1643
1751
1849
1930
1948
1940
1935
1906
1815
1694
1607
1521
1395
1261
1170
1008
773
610
596
537
390
250
198
185
171
97
3
28
141
141
47
55
155
205
84
-203
-426
-285
-53
-265
-799
-1071
-1073
-1108
-1184
-1328
-1745
-2126
-1996
-1722
-1874
-2195
-2246
-2189
-2115
-1889
-1681
-1714
-1654
-1297
-952
-815
-636
-314
8
271
534
801
1048
1256
1418
1563
1713
1862
1964
1981
1906
1858
1911
1931
1790
1585
1423
1308
1269
1250
1051
688
489
548
575
423
220
109
101
156
180
144
129
177
193
195
217
243
256
273
92
-263
-364
-78
-94
-671
-1125
-1091
-1082
-1219
-1276
-1547
-2116
-2182
-1660
-1622
-2190
-2390
-2113
-2022
-1943
-1689
-1674
-1846
-1512
-954
-771
-711
-339
-24
175
526
905
1011
1139
1434
1603
1628
1770
1909
1861
1792
1805
1785
1732
1713
1589
1366
1220
1216
1174
1001
717
498
445
495
411
211
67
49
100
174
192
157
161
248
304
314
311
308
308
247
-17
-279
-224
-126
-456
-942
-1105
-1134
-1262
-1336
-1444
-1819
-2074
-1887
-1674
-1839
-2076
-2112
-1973
-1768
-1595
-1591
-1591
-1428
-1129
-827
-569
-425
-274
41
410
652
863
1088
1222
1335
1558
1743
1774
1777
1766
1706
1699
1762
1689
1497
1343
1250
1187
1182
1084
798
573
572
575
446
319
230
106
61
150
195
145
158
216
215
238
325
349
293
209
47
-154
-186
-154
-386
-850
-1122
-1134
-1180
-1372
-1572
-1780
-1987
-2015
-1837
-1801
-2036
-2166
-1976
-1744
-1673
-1593
-1445
-1324
-1134
-784
-488
-354
-181
127
392
600
857
1097
1213
1303
1449
1582
1676
1759
1761
1664
1600
1629
1640
1558
1413
1250
1136
1099
1064
920
710
557
515
494
408
260
151
121
151
172
146
103
114
163
187
182
185
156
132
114
-26
-277
-339
-243
-394
-794
-1044
-1122
-1260
-1352
-1389
-1685
-2059
-2024
-1781
-1836
-2027
-2019
-1950
-1842
-1562
-1355
-1431
-1351
-921
-573
-498
-330
-39
185
413
739
936
997
1146
1399
1539
1582
1634
1688
1688
1659
1636
1607
1548
1454
1352
1226
1098
1032
1003
878
689
598
592
535
443
383
320
259
261
267
192
128
153
147
61
44
64
-11
-89
-65
-186
-486
-544
-359
-496
-956
-1164
-1124
-1228
-1368
-1424
-1668
-1992
-1915
-1642
-1720
-1955
-1936
-1786
-1653
-1438
-1277
-1289
-1171
-809
-536
-445
-286
-30
205
446
678
806
924
1159
1398
1489
1519
1602
1708
1760
1754
1704
1629
1576
1539
1431
1268
1157
1091
964
792
661
580
510
445
357
254
193
191
177
123
81
93
124
93
-6
-53
-4
18
-51
-150
-293
-474
-490
-371
-513
-934
-1144
-1092
-1149
-1319
-1435
-1633
-1867
-1845
-1679
-1724
-1878
-1881
-1770
-1591
-1370
-1267
-1238
-1041
-734
-508
-322
-137
27
260
550
712
787
950
1143
1290
1423
1482
1454
1507
1638
1670
1594
1534
1485
1423
1373
1309
1196
1068
946
829
742
662
562
474
404
325
268
257
225
153
125
143
137
92
38
-43
-94
-76
-85
-214
-410
-563
-596
-576
-668
-913
-1163
-1271
-1263
-1274
-1421
-1620
-1711
-1717
-1740
-1702
-1615
-1656
-1706
-1514
-1271
-1236
-1169
-885
-654
-550
-328
-38
104
236
512
729
821
983
1193
1272
1298
1415
1520
1545
1572
1575
1505
1459
1470
1419
1299
1227
1163
1020
879
831
782
654
519
446
396
325
267
239
187
124
116
129
79
-3
-27
-19
-50
-132
-230
-303
-371
-475
-565
-622
-744
-937
-1046
-1058
-1168
-1362
-1417
-1419
-1574
-1701
-1604
-1548
-1655
-1642
-1489
-1436
-1378
-1129
-934
-918
-777
-431
-186
-81
108
350
498
652
888
1037
1064
1152
1304
1359
1343
1379
1423
1392
1345
1338
1304
1226
1163
1133
1065
944
853
820
756
628
542
504
431
357
348
331
252
196
203
200
170
145
103
19
-60
-102
-138
-231
-398
-572
-664
-703
-825
-1033
-1201
-1279
-1343
-1410
-1472
-1560
-1658
-1645
-1519
-1468
-1513
-1473
-1324
-1190
-1071
-903
-762
-666
-497
-254
-62
93
261
415
555
746
936
1027
1083
1166
1243
1296
1343
1346
1281
1236
1248
1232
1158
1075
1011
955
910
867
803
725
666
626
576
515
460
414
369
307
235
186
161
129
41
-55
-117
-152
-191
-261
-403
-571
-623
-592
-693
-941
-1093
-1117
-1176
-1283
-1365
-1497
-1646
-1616
-1470
-1502
-1635
-1570
-1354
-1241
-1159
-967
-807
-709
-476
-167
-27
48
276
531
646
758
931
1028
1078
1207
1299
1267
1263
1341
1341
1254
1225
1212
1125
1053
1035
948
807
767
758
652
544
536
511
414
368
366
306
248
257
220
127
95
90
26
-48
-97
-206
-317
-341
-397
-567
-717
-767
-858
-996
-1076
-1147
-1279
-1381
-1396
-1412
-1476
-1526
-1492
-1405
-1368
-1355
-1226
-1025
-932
-866
-639
-405
-317
-172
94
232
290
500
711
741
802
984
1063
1060
1143
1219
1191
1207
1256
1196
1131
1162
1131
1004
964
968
864
766
758
690
567
545
553
459
360
352
341
280
229
190
118
58
32
-28
-145
-248
-310
-383
-480
-591
-728
-858
-899
-929
-1098
-1272
-1272
-1262
-1385
-1441
-1373
-1426
-1506
-1343
-1178
-1276
-1279
-987
-797
-800
-645
-387
-288
-150
140
296
328
505
739
845
936
1037
1053
1105
1233
1244
1151
1147
1176
1126
1079
1067
986
888
885
883
788
697
680
673
637
586
518
472
469
440
359
276
217
168
112
24
-105
-225
-319
-406
-506
-649
-820
-929
-953
-1042
-1213
-1301
-1293
-1327
-1376
-1344
-1328
-1354
-1263
-1109
-1078
-1072
-895
-701
-643
-554
-369
-258
-170
31
176
169
253
486
584
548
619
735
762
798
870
838
778
859
931
850
787
832
835
796
813
796
719
719
769
747
673
661
670
632
603
562
488
442
416
345
241
152
78
-24
-126
-222
-360
-502
-602
-684
-811
-964
-1057
-1089
-1169
-1273
-1296
-1297
-1336
-1331
-1240
-1186
-1190
-1087
-911
-830
-760
-592
-428
-336
-216
-42
78
149
272
396
449
502
585
638
648
658
692
712
696
685
691
685
675
682
684
665
663
686
698
702
709
703
704
733
736
699
683
674
626
575
546
467
343
254
186
63
-79
-198
-317
-460
-581
-685
-809
-930
-1006
-1068
-1155
-1214
-1219
-1216
-1240
-1224
-1156
-1097
-1049
-957
-858
-789
-673
-508
-402
-348
-220
-58
36
110
209
286
335
417
484
481
484
532
554
534
526
528
517
524
545
534
522
562
604
620
651
697
723
757
818
850
839
853
879
850
813
781
705
601
528
444
305
165
44
-101
-245
-365
-503
-649
-773
-875
-970
-1054
-1126
-1192
-1217
-1221
-1230
-1220
-1171
-1119
-1069
-986
-891
-822
-727
-583
-479
-422
-317
-188
-110
-46
50
109
131
208
291
293
290
348
387
383
406
449
449
461
524
564
570
606
673
709
735
791
832
843
867
900
910
893
886
870
835
783
719
644
565
480
373
264
155
34
-88
-198
-329
-473
-573
-643
-753
-877
-935
-973
-1026
-1050
-1049
-1073
-1076
-1002
-941
-933
-890
-789
-723
-680
-592
-515
-482
-409
-308
-279
-271
-185
-90
-69
-46
19
61
97
182
243
224
246
359
431
437
466
527
562
611
686
714
706
748
824
842
822
835
864
860
838
810
766
723
691
642
542
436
371
312
206
85
-18
-113
-209
-298
-387
-505
-604
-649
-700
-782
-844
-866
-886
-902
-887
-882
-892
-850
-777
-745
-722
-651
-573
-527
-466
-381
-335
-295
-201
-133
-122
-79
5
56
84
134
181
204
254
315
334
335
378
430
447
457
478
503
529
553
568
567
579
610
629
617
598
597
596
581
547
509
470
432
388
328
245
171
110
37
-48
-134
-215
-291
-364
-436
-504
-552
-598
-647
-676
-689
-703
-709
-697
-691
-674
-628
-591
-574
-539
-474
-415
-377
-332
-282
-230
-175
-124
-94
-68
-20
33
57
68
87
120
163
194
200
217
261
314
344
361
397
444
494
531
550
565
595
628
636
616
601
603
595
553
498
446
404
361
291
213
142
89
38
-28
-105
-172
-213
-251
-310
-384
-439
-467
-490
-526
-570
-596
-595
-587
-587
-596
-587
-552
-517
-494
-468
-435
-387
-335
-300
-269
-224
-175
-135
-103
-65
-30
5
45
73
91
129
171
186
195
224
259
271
281
296
308
339
369
369
362
396
435
436
430
442
458
471
478
457
420
412
418
380
322
281
240
179
130
82
5
-68
-99
-149
-237
-285
-303
-351
-405
-423
-452
-508
-506
-477
-510
-552
-519
-477
-470
-454
-426
-418
-377
-295
-268
-287
-252
-164
-126
-131
-109
-70
-22
25
34
10
43
143
194
165
150
210
289
325
312
293
320
399
442
401
350
375
433
441
393
344
348
373
364
298
230
221
242
224
153
77
54
69
65
0
-71
-90
-71
-81
-147
-213
-224
-194
-196
-262
-341
-357
-329
-321
-357
-402
-410
-391
-386
-402
-407
-375
-331
-311
-304
-283
-243
-198
-157
-126
-85
-34
-7
1
14
55
99
123
133
140
143
164
195
216
232
243
249
253
272
292
294
278
282
304
302
278
250
238
237
239
227
182
145
150
156
127
92
80
75
74
63
28
-7
-15
-13
-39
-77
-99
-111
-137
-176
-206
-220
-223
-234
-262
-279
-278
-273
-275
-284
-278
-256
-242
-242
-241
-215
-183
-163
-157
-141
-105
-70
-52
-47
-28
11
45
60
57
66
96
122
126
116
120
136
155
153
144
146
161
176
174
168
168
173
176
172
161
163
163
151
137
122
121
111
93
71
55
50
45
22
1
-13
-16
-24
-44
-63
-67
-65
-76
-95
-110
-113
-106
-115
-135
-142
-138
-134
-142
-153
-151
-140
-127
-117
-118
-116
-100
-83
-69
-64
-55
-36
-19
-8
-4
0
8
21
31
37
50
58
62
63
61
61
65
71
75
72
70
68
66
65
63
66
73
76
73
66
61
60
58
49
45
47
46
41
29
21
15
14
9
5
2
4
3
-4
-16
-24
-25
-25
-29
-37
-43
-45
-49
-60
-73
-72
-67
-67
-68
-70
-70
-66
-62
-59
-56
-51
-42
-39
-37
-35
-28
-23
-12
-3
5
11
14
21
26
31
36
41
41
46
46
43
44
44
43
44
40
37
34
32
29
22
23
26
23
18
14
13
14
12
10
7
4
-1
-6
-5
-6
-11
-13
-17
-18
-17
-21
-22
-23
-24
-23
-23
-23
-24
-22
-19
-17
-15
-16
-17
-20
-18
-15
-13
-9
-7
-3
-1
1
4
5
6
6
7
11
13
14
12
11
8
7
14
13
13
13
10
9
12
13
13
12
10
8
7
7
10
12
14
12
5
4
4
3
3
3
0
-4
-7
-9
-7
-4
-2
-1
-5
-9
-13
-12
-13
-7
-6
-8
-11
-15
-17
-15
-11
-11
-8
-9
-12
-11
-12
-9
-8
-6
-1
-2
-1
0
2
4
8
9
7
9
8
9
13
16
17
13
8
8
8
8
9
8
7
4
2
2
3
4
2
6
6
2
0
-1
0
1
3
3
2
-1
-7
-9
-6
-5
-3
4
3
0
-2
-6
-5
-4
-6
-7
-7
-9
-8
-7
-7
-6
-8
-4
-3
-1
-2
-1
-1
0
1
-3
-4
-1
2
4
6
4
4
8
4
4
5
8
11
10
11
7
6
1
0
3
1
0
-1
-1
0
-3
-3
-3
1
3
1
-2
-2
-1
-1
-1
-1
-1
2
3
1
1
-2
0
1
1
0
0
-4
-3
-1
0
-2
-3
0
-2
-4
-5
-6
-7
-4
-4
-4
-4
-3
0
1
-2
-2
-3
1
-2
-2
-3
0
-1
0
0
-1
1
0
3
2
2
2
3
2
3
3
5
5
3
4
2
2
4
3
4
4
9
7
3
5
5
3
2
4
6
5
6
4
2
2
1
1
0
-1
-1
-3
-4
-5
-7
-6
-6
-4
-5
-2
-3
-4
-7
-8
-8
-8
-9
-6
-2
-2
-4
-4
0
-1
0
0
0
3
2
1
1
2
1
5
5
2
2
4
8
6
5
0
-2
1
1
2
1
1
-2
-2
2
0
1
3
4
4
5
1
-2
3
6
8
6
8
7
5
4
2
1
-1
-2
-3
-4
-6
-5
-5
-6
-4
-5
-4
-6
-4
-5
-5
-2
-3
-1
-1
-4
-6
-7
-2
-2
-4
-6
-8
-2
1
1
5
4
1
0
2
3
1
2
5
2
5
5
3
5
3
2
2
2
3
4
5
4
1
-1
3
5
4
1
0
0
0
-1
-3
-3
1
4
4
3
3
5
5
3
2
1
-1
-1
-2
0
-2
-5
-6
-9
-8
-8
-8
-6
-8
-5
-3
-4
-2
-3
0
-2
-3
-4
-5
-4
0
4
3
1
1
-2
2
1
3
4
1
0
0
2
0
0
0
2
4
3
1
1
3
0
-1
4
5
5
4
6
4
5
0
1
1
2
2
0
-2
-4
-5
-3
-2
-1
1
2
2
0
0
1
0
-1
0
0
0
-1
-1
-5
-3
-2
-1
1
-1
0
0
-1
-2
-3
-3
-5
-4
1
2
1
-3
-3
2
2
2
2
3
3
3
4
3
5
2
2
0
-2
-1
1
0
-2
-1
-1
-1
-2
-4
-5
-4
-2
2
3
0
-2
-4
-4
-4
-4
-6
-7
-5
-2
0
-1
2
3
5
1
-2
3
4
6
-1
1
2
2
1
-2
0
-2
0
-1
-2
1
3
4
3
4
6
8
2
0
0
0
0
-3
1
-1
2
5
4
1
4
4
1
3
1
-2
-3
-2
-3
-4
-4
-4
-2
0
2
0
-1
-4
-4
-1
-1
-3
-3
-3
-3
-4
-3
-2
-1
-2
-2
-2
1
4
4
2
1
0
1
1
1
0
0
0
1
-1
-3
-1
-1
-2
-1
0
3
1
1
2
4
3
-1
-7
-5
-4
-5
-4
-2
1
1
-1
0
2
2
4
5
3
3
3
0
1
2
1
2
2
0
2
2
2
3
3
2
5
4
0
-1
-4
-2
-4
-4
-5
-3
-2
-2
-4
-4
-3
-4
-5
-5
-5
-4
-1
1
3
1
1
2
2
1
0
-2
-1
-1
-1
-2
-3
1
3
4
-1
3
5
3
7
4
7
5
4
4
2
