-5
-4
-2
-2
-4
2
1
-2
1
1
-2
-4
0
-3
-5
-1
0
-2
-5
-2
-2
-1
-4
-2
0
0
5
6
3
4
4
2
3
4
5
3
2
2
4
4
3
4
4
3
4
4
3
3
3
3
2
0
-3
-2
-2
1
2
2
3
2
2
3
0
-2
-3
-3
-3
-7
-6
-6
-4
-3
-2
-5
-4
0
1
1
0
0
-1
-3
-1
-1
-2
-4
-2
-4
-4
-4
-4
-4
-4
-2
-2
-1
-2
-4
-3
0
2
-1
1
3
4
0
-1
3
7
4
2
1
3
4
3
0
1
4
4
4
4
2
0
2
3
2
3
3
0
0
-2
3
0
2
4
4
2
1
4
2
2
-2
-5
-3
-1
-2
-4
-3
-3
-3
-1
-1
-4
-3
2
0
2
0
1
1
-4
-3
-3
1
1
-1
-2
-1
0
0
1
-2
1
1
1
0
0
2
-1
-1
0
0
-1
-2
-7
-7
-4
-2
-2
-3
-2
1
2
1
-1
-1
0
1
2
1
1
-1
-2
2
4
3
2
1
2
1
3
0
-1
0
1
2
2
2
2
2
-1
2
4
4
3
2
2
2
0
3
1
-4
-1
3
2
0
0
0
0
-2
-1
-2
-2
-3
-2
0
1
0
-2
-2
-4
-1
-3
-4
-1
2
3
2
0
0
1
0
1
0
1
-6
-4
-3
1
-1
0
1
-3
1
-1
-3
-2
-3
1
2
0
0
0
3
3
3
3
1
1
2
1
3
0
0
1
3
3
3
0
-1
1
3
4
-1
2
5
1
3
0
-2
2
0
0
0
-1
1
4
3
2
3
1
-1
-5
-4
-5
-5
-5
-4
-3
-4
-4
-3
-1
-3
-3
-5
-5
-8
-7
-5
-6
-6
-5
-2
-3
-4
2
3
4
7
7
19
21
15
16
10
18
19
17
4
6
3
0
12
11
2
5
2
-5
-7
-2
15
5
-8
-28
-27
4
-12
-45
-25
-34
-4
11
51
46
27
34
35
46
34
13
-3
-1
-18
-20
8
0
23
-8
71
-10
154
-411
-2046
-597
1564
300
-278
587
193
-160
71
565
469
162
238
177
225
110
-11
3
164
164
-217
-274
-196
-252
-190
-145
-173
-148
-127
-107
-60
-51
-55
-142
-175
-204
-236
-32
49
22
92
87
26
54
-23
-63
32
83
9
27
72
46
70
15
3
34
3
71
59
28
36
-80
62
146
-62
-5
53
-28
76
82
-49
-4
-25
-160
-74
-40
-44
139
95
-118
-91
106
128
-37
5
77
-56
-79
100
126
-63
-83
100
68
-54
24
120
6
-124
40
146
-53
-89
112
23
-143
-37
61
-70
-120
6
20
47
45
-38
0
-19
-142
-133
-27
-27
-61
3
41
-51
-104
-12
74
-38
-176
54
194
40
88
105
-17
2
61
13
98
230
91
-74
27
105
-137
-77
20
-225
-144
99
-81
-88
163
125
-133
-127
112
-16
-44
72
-27
-50
15
42
68
-28
3
93
-117
0
63
-98
68
-59
-56
273
-210
-150
299
-172
-280
155
35
-143
61
76
162
-27
-310
102
-73
-48
219
292
18
-120
245
-420
-152
214
-2249
-2708
-386
343
658
1604
1572
588
-6
511
493
1099
1676
578
432
630
-708
-909
235
-323
-71
429
-463
-646
-308
-671
-490
-153
-414
-400
-55
401
-131
-346
-143
-323
-339
-1008
-13
1203
-561
-531
1105
448
-820
431
235
-896
514
300
-110
333
-277
137
270
-143
-663
41
130
144
29
-444
742
261
-785
528
424
-509
172
174
-116
209
1
-263
519
-25
-533
231
141
-204
-445
126
309
-257
427
-39
300
301
-440
78
617
-124
21
465
183
536
320
-304
712
267
16
-313
-2516
-3631
-1156
1584
899
-276
-962
-1342
-1120
91
1454
2277
1649
-27
-223
1334
-221
-1685
-961
419
1381
-405
-1808
1085
1811
-467
-794
696
800
957
1832
482
454
754
-479
-1928
-530
248
-353
-385
273
-339
-1275
-32
467
362
714
662
328
-26
-963
42
403
-569
-480
-9
219
-997
-1094
240
414
-1354
-1242
691
329
-671
178
654
-407
-1633
-1058
1013
747
174
287
-129
80
-47
704
731
773
956
3
-438
243
-101
-258
341
-141
-266
-757
-542
-562
-587
-283
-452
-250
-198
-233
-351
148
156
-225
480
473
114
500
102
-260
436
-122
-306
854
485
94
434
626
35
-449
802
852
171
1000
978
846
236
96
224
-973
-683
122
-267
-232
-342
-1
-106
-222
842
828
376
29
952
2222
1085
1622
517
-210
-583
-3456
-1597
343
386
-1091
-3199
-2945
-3430
-3210
-1688
-784
6
-1456
-2894
-2041
-2572
-2569
-285
2034
2321
233
423
1032
1030
2922
3947
4030
4137
3155
2408
3938
5009
4711
5124
4242
2503
2028
1953
3319
2558
-255
243
938
665
-746
-1350
52
-2556
-2454
202
-360
-694
-1486
-923
-1341
-2293
-377
1046
1287
884
234
-436
-1983
-2346
-1607
-1111
-1588
-2930
-3120
-4283
-5384
-4591
-3103
-2581
-2464
-3034
-3247
-4028
-5347
-4704
-3777
-3743
-4545
-4711
-5380
-6116
-5955
-5658
-4671
-4698
-5037
-3909
-4340
-3966
-3205
-3015
-1780
-1126
-410
373
1348
2545
3297
5426
7217
8080
9423
10322
11790
12355
12388
13853
14240
13430
13114
12051
11721
11314
9934
9445
8984
7351
6996
6641
6980
6394
5661
4984
3583
2500
1356
1419
1436
574
320
-352
-2266
-4029
-4911
-6518
-8497
-9805
-11212
-12770
-15308
-15838
-15840
-16861
-16750
-15179
-15200
-16024
-15441
-13910
-13130
-12320
-9806
-8389
-8032
-7437
-5263
-3580
-1865
-139
1961
3322
4228
5390
6096
5749
5039
5983
6178
5469
5396
5197
4649
3796
3066
3557
2520
1617
2177
2728
2028
2802
3573
4198
6248
7757
8097
8993
10154
9909
9734
9763
8893
6471
5225
4072
2605
2388
2258
1280
811
575
-663
-978
-415
-26
-623
-1663
-1470
-2188
-3151
-2508
-2277
-2890
-3161
-2773
-3020
-3465
-3112
-3063
-3735
-4342
-4974
-4801
-5055
-4431
-2889
-3447
-3432
-2070
-1648
-1622
384
1907
2518
2795
2761
3054
1537
786
779
118
-26
-444
-976
-1937
-3054
-3494
-4149
-4941
-4215
-4094
-4832
-4492
-4016
-4525
-4713
-3871
-3592
-4200
-4536
-3419
-3067
-2669
-1233
594
2038
2768
4792
6917
7619
8483
9129
8375
7082
5159
3060
1376
54
-555
44
804
1604
2575
3579
5004
6821
8015
8745
8905
8438
8574
8437
7170
6311
6253
5072
3766
3594
2747
222
-2380
-3593
-5653
-8222
-9856
-10976
-12371
-13551
-14118
-14648
-14411
-13544
-12145
-10726
-9874
-8812
-7504
-5910
-4545
-3331
-2028
-1301
-518
345
820
1570
2275
2690
3218
3704
3762
3750
4169
4368
4730
4904
4494
4577
4596
4518
4474
4293
4246
4527
4216
3857
4018
3789
3171
3177
3302
2578
1827
2074
2068
1282
1006
1130
1226
672
192
26
-575
-760
-809
-906
-711
-747
-990
-1089
-931
-852
-1195
-961
-60
-86
-426
-249
-3
-304
-443
-290
-734
-680
-117
-223
-692
-802
-1468
-2123
-1694
-1538
-2168
-2157
-1766
-1934
-2419
-2561
-2460
-2373
-2074
-1591
-1422
-1474
-1605
-1893
-1856
-1602
-1171
-906
-800
-582
-756
-700
-581
-536
74
334
169
256
710
1045
724
929
1104
778
1119
1565
1511
1259
1541
1625
1196
1304
1465
1164
758
684
902
598
369
228
194
199
160
100
-30
216
398
363
662
862
474
410
604
448
354
524
764
856
634
516
338
52
65
479
634
508
551
401
264
131
-17
-63
129
431
676
504
-15
-380
-457
-102
481
766
523
170
74
-185
-448
-63
386
277
234
219
-451
-874
-537
-42
-41
-123
-165
-795
-1190
-942
-1126
-1282
-867
-613
-1026
-1397
-1281
-1596
-1710
-1037
-607
-805
-764
-677
-857
-862
-499
-248
-167
56
19
-284
-429
-384
-504
-245
-2
-136
-117
-85
-249
-387
-272
-132
-277
-40
369
223
101
134
119
170
456
671
532
392
479
636
730
711
807
1055
1154
1205
1252
1195
1019
932
1154
1146
1012
853
863
916
837
733
427
494
701
757
549
658
692
291
162
70
-110
-151
-157
-239
-479
-529
-649
-986
-1145
-1276
-1541
-1740
-1550
-1512
-1700
-1858
-1758
-1680
-1749
-1763
-1518
-1293
-1110
-991
-957
-756
-327
164
416
681
980
1273
1423
1566
1811
2211
2424
2543
2630
2544
2341
2200
2186
2114
2001
1624
1291
1085
800
375
114
79
93
258
244
-39
-162
-369
-622
-452
-298
-313
-548
-1009
-1530
-1922
-2132
-2229
-2306
-2445
-2704
-3134
-3374
-3546
-3695
-3662
-3432
-3239
-3113
-3022
-2844
-2433
-1976
-1439
-1022
-645
-235
370
940
1296
1516
1829
2299
2814
3276
3414
3345
3235
3151
3246
3295
3117
3056
2915
2642
2229
1934
1871
1978
1877
1746
1605
1387
1455
1178
782
925
1349
1252
790
766
1040
824
188
94
282
-162
-958
-1389
-1183
-986
-1450
-2107
-2438
-2566
-2853
-3325
-3376
-2990
-2849
-3081
-3155
-3006
-3007
-3038
-2708
-2157
-1755
-1453
-1219
-994
-776
-432
-113
215
633
844
980
1151
1214
1126
1143
1373
1548
1601
1548
1408
1342
1227
1036
1081
1392
1602
1452
1214
1215
1307
1311
1054
972
1373
1442
1125
842
851
1007
801
740
920
811
693
499
70
-327
-640
-634
-581
-632
-765
-1056
-1256
-1582
-1880
-1948
-1946
-1861
-1749
-1594
-1548
-1678
-1801
-1748
-1392
-1021
-884
-749
-456
-207
-170
-232
-175
114
449
691
846
831
783
765
827
865
791
939
1055
977
980
950
826
750
862
939
886
787
710
794
787
731
795
762
681
756
749
449
279
432
538
397
284
269
141
77
12
-128
-270
-413
-391
-386
-501
-648
-822
-905
-935
-1025
-1176
-1242
-1237
-1283
-1287
-1268
-1266
-1273
-1279
-1191
-1109
-1063
-993
-890
-741
-640
-588
-525
-407
-284
-238
-146
-19
36
119
242
297
298
434
585
589
710
845
849
874
921
1068
1165
1122
1148
1150
1136
1185
1174
1161
1254
1313
1271
1208
1128
1020
977
995
963
862
734
676
680
597
453
292
145
9
-163
-240
-284
-423
-588
-781
-975
-1132
-1299
-1473
-1540
-1491
-1524
-1665
-1776
-1818
-1770
-1684
-1622
-1531
-1398
-1272
-1133
-1009
-914
-786
-639
-484
-303
-151
-70
14
117
198
297
384
462
540
564
662
826
850
830
831
985
1265
1280
1085
1046
1175
1312
1205
983
1093
1327
1313
1153
1072
1070
1047
933
909
970
867
685
635
588
375
128
4
-36
-176
-364
-475
-582
-833
-1106
-1243
-1294
-1437
-1641
-1682
-1615
-1629
-1768
-1934
-1881
-1663
-1556
-1499
-1356
-1138
-973
-819
-711
-570
-297
-80
8
167
249
201
226
372
542
608
654
708
704
641
725
927
911
703
862
1108
907
695
978
1222
1101
1056
1110
1059
918
909
1140
1287
1112
1024
1045
1034
937
636
444
803
1027
361
-252
-150
-81
-381
-584
-620
-662
-931
-1331
-1611
-1611
-1495
-1609
-1785
-1725
-1649
-1843
-2037
-1820
-1403
-1311
-1380
-1233
-936
-763
-702
-527
-272
-127
31
200
266
379
531
545
495
582
755
781
720
784
783
701
580
514
752
975
884
768
780
767
821
1066
1061
806
1116
1462
1045
730
1007
1149
1020
1030
1050
891
824
795
600
337
-16
-131
98
-40
-492
-512
-439
-766
-1248
-1474
-1449
-1407
-1461
-1594
-1553
-1485
-1715
-1920
-1778
-1574
-1404
-1251
-1105
-1007
-970
-823
-676
-555
-393
-228
-16
228
216
154
311
371
288
404
659
638
504
583
825
792
425
504
1091
1126
673
779
1097
986
815
1085
1330
1079
908
1173
1242
881
822
1015
925
800
956
884
644
529
468
423
208
-75
-159
-100
-173
-346
-499
-655
-895
-1097
-1187
-1190
-1277
-1459
-1462
-1424
-1484
-1570
-1662
-1622
-1435
-1308
-1249
-1120
-921
-849
-848
-681
-462
-329
-201
-3
169
141
107
197
208
305
604
703
541
503
549
543
575
603
773
1048
1013
839
767
711
842
1031
923
956
1441
1401
758
849
1274
970
640
901
1216
1107
741
644
841
766
309
-108
-202
-37
-21
-362
-637
-604
-684
-1083
-1414
-1498
-1512
-1523
-1571
-1603
-1580
-1693
-1864
-1794
-1587
-1455
-1383
-1269
-1117
-957
-831
-792
-640
-285
-12
43
90
261
415
357
274
499
738
600
524
892
1021
694
639
820
898
949
818
740
1008
1128
973
1044
1293
1361
1200
1093
1169
1140
1088
1157
1258
1320
1114
791
854
1010
731
309
113
-23
-246
-350
-336
-532
-888
-1150
-1322
-1492
-1776
-2030
-1941
-1734
-1789
-1998
-2099
-2048
-1969
-1867
-1626
-1394
-1311
-1209
-1022
-795
-565
-436
-311
-7
266
288
308
436
437
424
602
791
809
752
810
812
612
634
924
994
896
920
918
950
1054
878
895
1396
1500
1265
1343
1309
1040
1183
1444
1281
1051
1207
1470
1265
807
607
488
81
-319
-268
-83
-213
-560
-952
-1244
-1426
-1667
-1896
-1955
-1913
-1899
-1963
-2078
-2113
-2136
-2148
-1895
-1575
-1476
-1429
-1249
-981
-761
-604
-450
-218
78
337
507
541
575
623
565
534
770
1040
867
659
871
945
496
357
847
997
771
758
850
866
800
834
1169
1415
1189
1021
1098
1103
1335
1443
1100
1084
1444
1446
1031
820
934
772
85
-270
163
230
-467
-910
-812
-975
-1637
-1958
-1824
-1835
-2054
-2192
-2111
-2132
-2350
-2436
-2198
-1804
-1587
-1531
-1380
-1051
-867
-801
-528
-174
139
325
470
638
673
645
707
778
838
912
978
919
692
642
600
589
601
594
767
846
652
428
675
828
918
1115
1170
1293
1329
1354
1188
1085
1444
1722
1560
1417
1458
1449
1248
746
145
-37
155
87
-207
-481
-809
-1353
-1809
-1919
-2030
-2221
-2330
-2249
-2200
-2449
-2742
-2795
-2551
-2117
-1760
-1620
-1478
-1220
-989
-792
-531
-185
209
547
818
952
886
845
989
1111
1099
1112
1188
1212
1111
880
509
404
596
610
456
507
740
738
420
309
734
1085
972
940
1295
1470
1221
961
1221
1727
1699
1455
1710
2066
1512
381
-107
273
613
286
-186
-369
-801
-1687
-2184
-1983
-1902
-2305
-2583
-2465
-2501
-2978
-3382
-3179
-2648
-2248
-1973
-1755
-1635
-1546
-1319
-874
-348
79
397
779
1172
1294
1218
1255
1447
1565
1627
1719
1665
1359
997
848
816
688
675
823
686
284
157
374
500
523
752
1114
1299
1211
1005
914
1127
1594
1920
1860
1879
2201
2050
1274
760
539
166
128
534
470
-428
-1529
-2168
-2313
-2370
-2535
-2712
-2841
-2988
-3267
-3663
-3886
-3706
-3206
-2592
-2126
-1961
-2005
-1915
-1462
-790
-153
342
765
1185
1507
1650
1726
1823
1946
2127
2305
2327
2141
1811
1487
1240
1054
972
906
716
520
404
277
170
205
401
659
909
1092
1095
1015
1114
1410
1712
1843
1887
2078
2307
2190
1515
459
-225
79
673
454
-432
-1305
-2105
-2789
-2959
-2754
-2843
-3297
-3589
-3611
-3773
-4197
-4345
-3837
-3045
-2550
-2427
-2387
-2155
-1615
-880
-159
399
792
1206
1732
2180
2384
2437
2533
2834
3157
3109
2722
2371
2127
1857
1559
1285
1043
818
600
437
297
53
-124
37
377
620
762
873
995
1115
1253
1496
1802
2044
2334
2604
2209
906
-228
-105
689
764
-39
-964
-1834
-2725
-3209
-3193
-3300
-3733
-4047
-4061
-4076
-4346
-4717
-4645
-3892
-2994
-2598
-2606
-2467
-1896
-1060
-217
416
853
1282
1871
2450
2791
2946
3123
3393
3609
3576
3292
2958
2725
2490
2121
1616
1157
861
708
510
187
-172
-370
-274
81
424
513
483
609
891
1175
1454
1845
2371
2893
2832
1714
177
-234
752
1574
960
-548
-1981
-2932
-3227
-2971
-2955
-3656
-4485
-4813
-4815
-4901
-5102
-5062
-4476
-3583
-3147
-3312
-3236
-2363
-1151
-200
403
693
980
1701
2712
3386
3611
3772
3968
4061
4058
3972
3769
3601
3437
2924
2042
1341
1118
1099
1025
715
94
-487
-431
85
443
456
378
324
492
936
1407
1740
2310
2677
1734
-135
-809
314
1375
967
-370
-1865
-3159
-3592
-3089
-2851
-3648
-4606
-4994
-5103
-5209
-5133
-5000
-4678
-3961
-3320
-3469
-3618
-2753
-1243
-190
335
590
789
1398
2700
3818
4037
3843
3950
4183
4359
4536
4542
4208
3831
3458
2734
1871
1533
1658
1548
1023
344
-268
-481
-37
568
664
364
157
178
532
1211
1826
2235
2489
1778
-169
-1381
-206
1442
1120
-559
-2063
-3363
-3951
-3133
-2414
-3519
-5054
-5330
-5118
-5263
-5095
-4738
-4771
-4535
-3729
-3510
-3725
-2905
-1279
-342
-88
128
382
1126
2754
4008
3901
3450
3716
4173
4506
4814
4730
4123
3746
3507
2848
2156
2152
2178
1762
1178
567
-135
-93
720
1181
767
318
97
150
778
1711
2039
2133
2212
1118
-923
-1150
796
1700
302
-1379
-2646
-3956
-3994
-2476
-2313
-4486
-5975
-5514
-5050
-5066
-4580
-4381
-5002
-4887
-3748
-3242
-3138
-1975
-567
-315
-379
195
916
1866
3406
4322
3718
3093
3636
4406
4681
4823
4604
3774
3218
3222
2849
2131
1956
1958
1342
631
371
197
238
806
1143
631
89
230
803
1467
1984
2110
2109
1690
202
-1158
-210
1603
1093
-1170
-2448
-3117
-3898
-3396
-2139
-3277
-5947
-6511
-5187
-4836
-5066
-4745
-4853
-5427
-4679
-3296
-3006
-2861
-1522
-456
-523
-241
845
1705
2567
3781
4113
3383
3403
4489
5035
4823
4635
4257
3465
3201
3445
3088
2274
1922
1704
1092
665
736
661
503
749
934
605
310
642
1173
1561
1869
2257
2282
1093
-801
-984
939
1866
3
-2103
-2920
-3527
-3659
-2549
-2536
-5143
-6994
-5940
-4730
-5011
-5226
-5082
-5600
-5523
-3998
-3028
-3124
-2502
-1088
-591
-586
241
1316
2188
3189
3769
3371
3241
4280
5122
4989
4551
4148
3751
3823
4120
3456
2253
1930
2112
1783
1195
917
503
213
658
1063
744
411
571
827
1139
1781
2108
2252
2059
579
-1246
-484
1980
1652
-1346
-2837
-2873
-3408
-3251
-1941
-3204
-6672
-7222
-4877
-4162
-5200
-5332
-5342
-6029
-5080
-3139
-2967
-3593
-2412
-849
-812
-538
834
1686
2077
3069
3765
3292
3462
4715
5130
4445
4105
4197
3964
3844
3884
3100
2100
2005
2273
1863
1130
760
441
424
835
1028
721
491
621
912
1296
1757
1966
2300
1960
189
-1158
298
2318
1246
-1546
-2693
-3028
-3373
-2534
-1606
-3811
-7031
-6794
-4536
-4164
-4959
-5257
-5765
-6192
-4686
-2936
-3110
-3537
-2435
-1347
-1071
-266
948
1323
1771
2819
3313
3098
3691
4688
4663
4104
4105
4158
3993
3952
3707
2743
2101
2289
2380
1800
1207
789
513
686
1158
1118
743
645
696
857
1508
2161
2191
2219
1892
91
-1227
651
2870
1162
-2201
-2932
-2509
-2841
-2329
-1753
-4322
-7458
-6416
-3642
-3881
-5520
-5750
-5728
-5795
-4210
-2632
-3301
-3992
-2532
-1086
-985
-414
790
1138
1388
2548
3294
3092
3469
4330
4189
3696
3993
4384
4058
3716
3345
2499
2068
2579
2691
1731
824
701
750
978
1312
1115
575
572
936
1131
1449
1946
1996
2112
2031
537
-1036
305
2651
1483
-1852
-2846
-2329
-2535
-2246
-1605
-3884
-7159
-6426
-3434
-3416
-5343
-5900
-5762
-5738
-4149
-2528
-3270
-4287
-2864
-1073
-808
-457
524
736
992
2267
3259
3084
3279
3980
3848
3494
3966
4413
4029
3588
3333
2645
2264
2726
2753
1733
848
899
1052
1135
1325
1055
531
698
1294
1371
1276
1620
1818
2064
2379
1132
-915
-353
2370
2066
-1391
-3020
-2368
-2414
-2474
-1820
-3290
-6694
-6730
-3772
-3126
-5163
-6062
-5693
-5543
-4407
-2735
-3222
-4447
-3389
-1175
-639
-753
-13
522
779
1834
2938
2986
2828
3467
3744
3420
3609
4232
4221
3585
3167
2918
2620
2802
2944
2219
1125
885
1393
1501
1304
1044
795
895
1393
1595
1313
1311
1775
2088
2513
1962
-65
-1138
986
2748
497
-2597
-2781
-2212
-2387
-1978
-2081
-5082
-7220
-5069
-2789
-4115
-5977
-5841
-5543
-5173
-3435
-2662
-4064
-4347
-2233
-787
-999
-543
309
433
953
2354
2969
2667
3005
3539
3249
3224
3932
4215
3646
3187
3009
2736
2736
2899
2471
1604
1168
1444
1646
1460
1107
849
984
1444
1703
1340
977
1385
2017
2432
2482
1276
-753
-707
1976
2569
-691
-3091
-2432
-1933
-2362
-2043
-2815
-5958
-6781
-3930
-2713
-4917
-6103
-5336
-5128
-4723
-3049
-2915
-4360
-3893
-1539
-735
-1127
-494
329
314
959
2332
2820
2526
2815
3211
3073
3278
4005
4041
3261
2791
2981
3106
2923
2667
2189
1618
1459
1798
1845
1265
823
984
1386
1677
1595
1208
959
1428
2068
2310
2258
1135
-730
-660
1904
2465
-791
-3149
-2263
-1643
-2188
-2055
-2653
-5543
-6467
-3777
-2488
-4687
-6086
-5297
-4803
-4440
-3052
-2899
-4239
-3939
-1720
-745
-1118
-718
26
149
833
2114
2498
2250
2680
3124
2889
3035
3801
3894
3243
2845
2907
2994
3049
2868
2243
1612
1535
1836
2010
1601
896
654
1153
1728
1688
1131
725
909
1599
2128
2244
1400
-386
-1096
851
2542
554
-2628
-2793
-1591
-1696
-2048
-2257
-4271
-6192
-4630
-2357
-3493
-5674
-5595
-4713
-4380
-3378
-2609
-3687
-4287
-2650
-981
-987
-996
-378
-76
346
1530
2266
2145
2190
2669
2765
2977
3625
3871
3351
2887
2961
3180
3330
3127
2404
1834
1887
2151
2096
1737
1264
853
1108
1674
1774
1263
756
750
1185
1822
2109
1786
554
-1013
-815
1522
2266
-620
-3323
-2601
-1380
-1615
-1922
-2622
-5098
-6070
-3515
-1890
-3998
-5869
-5304
-4516
-3981
-2707
-2726
-4320
-4194
-1931
-801
-1159
-921
-512
-529
390
1936
2148
1563
1976
2649
2652
3044
3811
3587
2774
2879
3402
3411
3286
3047
2302
1862
2322
2594
2041
1501
1226
1014
1289
1811
1621
856
643
980
1319
1578
1718
1486
521
-716
-596
1291
1909
-628
-3093
-2434
-1169
-1446
-2087
-2783
-4748
-5513
-3407
-2011
-3946
-5731
-5127
-4112
-3664
-2818
-2877
-4152
-3993
-1881
-806
-1294
-1199
-561
-448
198
1563
1923
1296
1572
2490
2676
2777
3385
3436
2772
2765
3473
3608
3283
3021
2494
1965
2288
2921
2429
1361
1028
1239
1430
1595
1546
980
504
850
1280
1307
1232
1396
1082
-188
-901
377
1695
260
-2410
-2602
-1352
-1425
-2043
-2241
-3608
-5281
-4048
-1849
-2821
-5167
-5168
-3973
-3544
-2952
-2500
-3700
-4379
-2613
-810
-1142
-1616
-979
-573
-249
979
1733
1176
1029
2117
2681
2525
2936
3309
2838
2618
3321
3628
3147
2922
2732
2273
2330
2755
2418
1465
1249
1497
1440
1404
1337
963
610
776
1082
1054
1066
1080
1069
602
-458
-756
623
1458
-442
-2667
-2152
-1105
-1535
-2074
-2354
-3911
-4832
-2923
-1619
-3571
-5272
-4400
-3366
-3270
-2773
-2788
-3963
-3589
-1552
-833
-1772
-1701
-708
-273
224
1119
1155
857
1480
2483
2470
2350
2885
3133
2856
2901
3315
3363
3127
3048
2674
2242
2337
2598
2309
1578
1276
1265
1286
1248
1037
756
642
742
864
802
763
660
959
840
-361
-1139
278
1542
-270
-2710
-2167
-931
-1459
-2151
-2109
-3447
-4735
-3152
-1482
-3052
-5023
-4388
-3260
-3226
-2842
-2583
-3607
-3763
-2017
-833
-1545
-1806
-932
-312
61
885
1272
1000
1219
2177
2584
2575
2853
3053
2819
2825
3321
3493
3144
2852
2691
2423
2412
2631
2455
1620
1107
1260
1500
1301
997
657
487
486
791
755
515
381
755
882
58
-969
-390
965
537
-1540
-2177
-1313
-1202
-1681
-1848
-2667
-4130
-3604
-1942
-2348
-4273
-4521
-3554
-3131
-2959
-2634
-3318
-3796
-2607
-1148
-1351
-1882
-1299
-553
-150
563
1096
895
980
1961
2638
2501
2599
2904
2923
2876
3207
3375
3141
2915
2745
2453
2462
2561
2203
1496
1237
1402
1286
1068
870
570
375
584
727
498
304
523
694
998
666
-599
-1118
562
1573
-399
-2456
-1654
-775
-1336
-1690
-1785
-3479
-4360
-2504
-1425
-3432
-4796
-3829
-3086
-3240
-2677
-2626
-3810
-3600
-1642
-883
-1681
-1590
-816
-545
-14
1091
1191
764
1324
2326
2400
2432
2898
2964
2647
2966
3347
3141
2871
2823
2558
2388
2570
2324
1672
1380
1448
1268
1105
984
724
483
696
631
323
340
721
698
669
829
207
-899
-374
1267
868
-1493
-2225
-968
-682
-1419
-1756
-2394
-3731
-3451
-1936
-2172
-4003
-4405
-3522
-3090
-3042
-2801
-3246
-3636
-2745
-1440
-1385
-1795
-1476
-791
-225
482
984
884
940
1651
2368
2519
2586
2700
2729
2806
3130
3224
2958
2705
2633
2475
2347
2290
2056
1614
1330
1259
1107
918
800
692
568
513
433
420
604
755
567
644
920
292
-748
-69
1437
620
-1662
-1795
-516
-819
-1714
-1674
-2306
-3783
-3211
-1625
-2382
-4398
-4223
-3048
-2934
-3044
-2693
-3213
-3638
-2473
-1108
-1349
-1836
-1296
-591
-204
495
1034
830
800
1637
2409
2459
2385
2462
2509
2680
3089
3140
2749
2446
2395
2228
2173
2293
2038
1264
891
1183
1331
970
614
436
394
631
880
621
238
311
619
892
1140
564
-674
-589
1138
1276
-854
-1984
-948
-610
-1258
-1432
-1877
-3414
-3443
-1812
-1726
-3599
-4147
-3258
-2924
-2958
-2572
-2835
-3427
-2693
-1417
-1389
-1795
-1249
-608
-377
144
798
730
773
1541
2145
2005
2055
2437
2542
2541
2819
2909
2605
2479
2432
2218
2104
2239
1883
1282
1097
1258
1064
812
652
448
332
626
729
343
194
545
746
730
1044
868
-229
-648
787
1576
-15
-1738
-1277
-505
-912
-1331
-1531
-2734
-3580
-2433
-1509
-2753
-4058
-3577
-2904
-2824
-2620
-2608
-3303
-3138
-1798
-1101
-1612
-1675
-1009
-469
3
716
893
585
915
1912
2324
2113
2191
2481
2444
2469
2843
2886
2483
2251
2261
2049
1946
2000
1691
1048
930
1140
1018
659
533
469
451
667
702
355
230
622
856
876
949
507
-419
-186
1176
1098
-786
-1656
-767
-525
-1215
-1494
-1793
-2946
-3141
-2011
-1888
-3380
-3943
-3187
-2756
-2918
-2803
-2912
-3189
-2623
-1583
-1440
-1807
-1426
-682
-319
53
632
784
769
1325
2057
2109
2004
2293
2548
2507
2602
2794
2619
2371
2308
2222
2021
2004
1866
1431
1041
1039
1048
907
698
493
360
480
690
612
349
341
605
750
811
952
594
-256
-235
1028
1181
-460
-1536
-812
-483
-1042
-1349
-1621
-2825
-3147
-2053
-1793
-3197
-3857
-3255
-2896
-2916
-2639
-2722
-3205
-2772
-1647
-1267
-1603
-1415
-832
-330
144
642
658
644
1176
1919
2046
1859
1961
2266
2398
2439
2508
2388
2170
2096
2170
2044
1812
1604
1460
1219
1113
1102
1007
670
538
664
831
706
564
485
615
773
848
763
879
750
62
-230
720
1143
-222
-1436
-962
-514
-1081
-1349
-1533
-2633
-3230
-2146
-1677
-2952
-3792
-3191
-2817
-2865
-2534
-2515
-3105
-2786
-1556
-1191
-1612
-1386
-742
-474
-25
630
717
518
995
1635
1791
1830
2050
2027
2006
2266
2478
2290
2117
2006
1906
1864
1908
1649
1279
1107
1128
1028
925
749
521
468
707
799
637
496
539
711
843
869
919
1046
541
-179
175
1299
851
-770
-1320
-608
-617
-982
-1187
-1938
-3136
-2731
-1602
-2014
-3458
-3638
-3086
-2868
-2606
-2376
-2944
-3300
-2295
-1232
-1303
-1620
-1238
-723
-203
402
709
469
594
1315
1888
1819
1699
1844
2057
2172
2297
2324
2114
1899
1924
2026
1893
1649
1440
1268
1094
1107
1101
870
493
471
678
851
712
497
352
577
869
912
712
810
787
237
-85
665
1109
14
-1166
-902
-448
-918
-1243
-1367
-2260
-3034
-2234
-1603
-2526
-3502
-3128
-2754
-2717
-2441
-2315
-2937
-2823
-1685
-1090
-1524
-1519
-897
-474
-83
485
583
343
805
1630
1837
1591
1731
1980
2112
2229
2377
2167
1943
1999
2140
1945
1666
1490
1328
1164
1137
1096
831
580
478
556
680
777
587
373
449
803
866
656
642
1000
811
-5
-140
824
939
-375
-1188
-711
-640
-1152
-1223
-1486
-2631
-2947
-1952
-1845
-3011
-3427
-2953
-2934
-2839
-2292
-2454
-3154
-2595
-1413
-1265
-1601
-1160
-711
-573
40
829
729
450
1020
1787
1882
1827
2031
2121
2124
2348
2572
2355
2073
2063
2132
1982
1793
1580
1339
1112
1065
1010
822
523
347
394
548
554
410
265
287
528
685
578
495
788
622
-94
-136
841
804
-543
-1218
-573
-554
-1117
-1249
-1489
-2551
-2747
-1816
-1778
-2991
-3377
-2800
-2602
-2668
-2428
-2523
-2893
-2359
-1388
-1259
-1618
-1281
-669
-323
82
620
631
546
1100
1857
1922
1718
1904
2217
2249
2297
2436
2292
1973
1962
2109
1909
1561
1404
1298
1062
965
939
722
410
398
521
542
491
471
373
349
584
774
631
578
854
624
-88
5
910
676
-629
-1069
-554
-736
-1156
-1119
-1637
-2774
-2619
-1628
-1994
-3144
-3202
-2778
-2823
-2550
-2177
-2673
-3049
-2142
-1298
-1464
-1536
-1024
-691
-416
249
612
472
656
1346
1701
1684
1753
1975
2066
2161
2254
2256
2130
2024
1953
1899
1805
1642
1444
1244
1059
939
933
864
634
429
484
626
686
603
477
449
709
899
740
629
927
791
50
-42
816
766
-437
-988
-574
-790
-1242
-1114
-1456
-2704
-2804
-1807
-1974
-3136
-3261
-2850
-2996
-2764
-2168
-2593
-3229
-2371
-1301
-1430
-1634
-1059
-751
-581
169
775
476
412
1161
1770
1738
1707
1866
1952
2102
2329
2332
2024
1893
1981
2006
1756
1532
1381
1280
1113
1007
879
736
576
534
538
572
609
632
547
442
610
883
886
678
840
886
344
-39
649
983
-12
-973
-637
-451
-1053
-1355
-1307
-2049
-2736
-2234
-1851
-2691
-3340
-2903
-2627
-2796
-2650
-2420
-2708
-2572
-1765
-1320
-1526
-1344
-792
-437
-136
361
582
554
885
1465
1737
1695
1748
1891
2067
2175
2217
2144
2045
1890
1837
1852
1740
1436
1261
1211
1093
948
851
663
471
528
654
577
455
477
441
431
659
810
526
397
809
843
102
-196
508
671
-244
-891
-650
-746
-1169
-1208
-1365
-2263
-2630
-2027
-1948
-2750
-3079
-2764
-2742
-2659
-2316
-2372
-2781
-2336
-1502
-1290
-1466
-1156
-726
-381
88
516
545
600
1038
1532
1790
1820
1770
1833
2125
2298
2211
2047
1977
1896
1886
1841
1621
1321
1243
1218
1086
938
830
618
464
549
679
590
459
433
468
542
699
670
473
501
874
773
47
-231
452
666
-245
-1003
-874
-878
-1213
-1257
-1526
-2480
-2844
-2153
-1974
-2761
-3156
-2873
-2761
-2657
-2304
-2303
-2604
-2249
-1494
-1233
-1276
-998
-638
-337
149
641
712
685
1022
1525
1815
1885
1894
1914
2028
2178
2253
2192
2063
1924
1881
1849
1715
1497
1379
1241
1055
941
932
762
518
438
509
534
562
507
346
316
584
720
493
364
625
638
121
-173
191
300
-323
-856
-853
-1048
-1439
-1389
-1435
-2261
-2792
-2319
-2101
-2720
-3026
-2766
-2829
-2868
-2396
-2191
-2571
-2408
-1645
-1246
-1273
-986
-575
-313
86
628
828
823
1126
1625
1878
1902
2001
2113
2167
2257
2387
2295
2085
2019
2063
1942
1737
1583
1434
1225
1135
1097
925
656
546
544
513
480
478
377
246
318
511
497
265
204
433
535
70
-426
-219
238
-158
-984
-1202
-1028
-1276
-1491
-1541
-2029
-2678
-2407
-1932
-2318
-2904
-2742
-2498
-2466
-2219
-2002
-2254
-2179
-1469
-1029
-1159
-1023
-556
-241
45
489
674
636
928
1468
1692
1663
1764
1933
1991
2050
2171
2179
2058
1961
1929
1870
1750
1609
1466
1304
1185
1129
1003
751
567
585
626
541
443
406
335
277
368
476
348
169
301
478
98
-481
-351
211
-25
-928
-1296
-1056
-1141
-1406
-1507
-1851
-2504
-2466
-1976
-2090
-2699
-2763
-2511
-2405
-2247
-1988
-2109
-2176
-1650
-1059
-1031
-1027
-630
-236
-7
357
681
747
912
1345
1620
1634
1791
2042
2065
2023
2135
2172
2063
2066
2085
1871
1619
1574
1515
1332
1195
1090
847
664
646
598
437
376
380
317
235
266
295
255
204
180
221
349
205
-329
-517
-18
132
-612
-1194
-1066
-1046
-1308
-1318
-1525
-2231
-2429
-1879
-1820
-2401
-2599
-2382
-2334
-2176
-1893
-1997
-2192
-1761
-1179
-1074
-1071
-770
-448
-142
269
538
580
791
1226
1527
1616
1668
1779
1934
2107
2109
2001
1982
2062
1995
1831
1676
1589
1504
1406
1206
1003
868
778
641
524
411
298
256
291
276
159
126
191
263
214
165
203
310
70
-332
-319
97
-110
-826
-1106
-890
-1086
-1338
-1342
-1648
-2307
-2178
-1654
-1899
-2523
-2419
-2147
-2189
-2033
-1731
-1922
-2048
-1480
-943
-976
-970
-603
-300
-40
354
605
611
817
1241
1479
1521
1657
1830
1890
1944
2006
2029
1991
1950
1821
1740
1695
1582
1326
1194
1117
951
752
694
577
383
292
306
256
226
238
151
85
206
287
125
61
262
332
-64
-431
-272
73
-153
-780
-1091
-1002
-1024
-1183
-1362
-1693
-2097
-2066
-1767
-1856
-2319
-2454
-2192
-1972
-1937
-1923
-1905
-1792
-1442
-1037
-876
-837
-598
-214
123
395
638
795
980
1275
1538
1632
1726
1878
1963
1961
1974
1979
1941
1897
1810
1646
1493
1408
1289
1128
965
799
633
552
480
324
195
181
179
125
98
89
104
164
200
100
65
224
347
70
-306
-268
77
-60
-648
-937
-836
-967
-1165
-1193
-1482
-2040
-2007
-1593
-1747
-2266
-2302
-2116
-2077
-1936
-1760
-1928
-1968
-1510
-1086
-1044
-953
-660
-357
-13
335
495
629
972
1305
1448
1553
1701
1819
1929
2011
1977
1915
1941
1937
1797
1648
1578
1478
1325
1192
1023
803
684
670
543
308
188
184
184
178
115
-6
30
224
261
106
45
143
251
226
-58
-351
-236
-48
-385
-883
-962
-978
-1203
-1292
-1378
-1843
-2124
-1831
-1693
-2090
-2305
-2119
-2028
-1995
-1787
-1715
-1792
-1560
-1097
-895
-840
-595
-278
-19
285
550
673
872
1198
1392
1433
1551
1729
1826
1863
1853
1805
1818
1881
1808
1616
1492
1442
1352
1249
1095
875
700
673
621
433
251
220
232
188
107
66
80
189
229
111
-5
105
236
199
-36
-312
-408
-190
-182
-674
-1137
-1099
-1066
-1250
-1396
-1576
-2018
-2106
-1753
-1722
-2162
-2256
-2040
-1970
-1882
-1602
-1621
-1738
-1361
-810
-749
-745
-375
-18
150
482
779
820
993
1407
1558
1508
1674
1869
1807
1790
1908
1869
1724
1711
1653
1482
1404
1367
1178
1001
934
829
663
563
487
373
289
251
197
173
152
103
121
203
176
62
53
124
122
45
-115
-342
-406
-288
-403
-815
-1094
-1110
-1179
-1306
-1416
-1675
-1981
-1960
-1755
-1810
-2045
-2098
-2005
-1887
-1689
-1522
-1545
-1519
-1194
-807
-631
-510
-279
-30
213
509
757
882
1040
1254
1402
1502
1659
1756
1745
1746
1793
1767
1746
1753
1658
1444
1353
1342
1241
1074
946
764
596
560
545
408
261
180
135
160
201
127
34
88
139
78
17
32
25
-6
-168
-437
-495
-281
-418
-938
-1170
-1044
-1140
-1334
-1394
-1626
-2018
-1910
-1552
-1680
-2078
-2041
-1809
-1704
-1538
-1355
-1446
-1442
-1012
-585
-535
-479
-212
27
235
559
786
818
940
1209
1358
1428
1575
1644
1573
1594
1706
1692
1604
1578
1489
1332
1280
1273
1157
1005
872
723
630
648
582
378
251
256
237
213
176
85
20
97
126
11
-68
-33
-34
-64
-158
-390
-531
-358
-321
-760
-1107
-975
-928
-1206
-1350
-1382
-1640
-1773
-1529
-1486
-1822
-1879
-1593
-1533
-1601
-1413
-1229
-1243
-1098
-763
-620
-560
-287
7
104
242
512
734
899
1061
1122
1188
1411
1610
1590
1516
1532
1562
1603
1637
1513
1280
1202
1252
1196
1025
860
711
623
610
551
401
293
254
203
177
174
113
56
88
85
-10
-29
15
-35
-121
-174
-324
-471
-396
-365
-680
-990
-985
-971
-1111
-1199
-1334
-1624
-1690
-1436
-1399
-1672
-1770
-1619
-1511
-1396
-1226
-1214
-1252
-1024
-670
-501
-436
-279
-83
117
371
586
690
789
968
1141
1256
1345
1426
1482
1507
1506
1517
1537
1509
1411
1304
1219
1153
1098
1006
824
648
579
552
458
323
209
129
97
93
55
-46
-87
-23
3
-75
-114
-79
-96
-139
-119
-167
-359
-448
-341
-353
-615
-833
-854
-870
-981
-1099
-1244
-1408
-1463
-1391
-1397
-1527
-1627
-1537
-1385
-1318
-1306
-1196
-1044
-912
-749
-513
-355
-241
-29
226
370
524
750
912
983
1126
1290
1364
1403
1472
1477
1445
1478
1489
1390
1284
1232
1157
1066
995
873
704
636
611
490
338
287
246
165
128
107
19
-42
-6
25
-27
-82
-119
-124
-111
-115
-177
-267
-383
-447
-408
-408
-632
-872
-908
-881
-982
-1105
-1226
-1381
-1464
-1369
-1336
-1444
-1536
-1479
-1366
-1231
-1131
-1066
-991
-800
-586
-384
-224
-73
79
314
522
675
803
952
1055
1153
1293
1377
1360
1367
1422
1413
1359
1343
1294
1159
1080
1057
957
804
727
652
527
426
385
301
201
152
125
68
16
11
-2
-25
-42
-53
-95
-109
-97
-125
-212
-260
-303
-391
-472
-498
-609
-792
-873
-868
-990
-1141
-1170
-1242
-1374
-1344
-1246
-1360
-1455
-1305
-1182
-1195
-1072
-904
-887
-778
-473
-322
-296
-76
174
249
390
651
752
801
990
1133
1121
1208
1356
1340
1278
1344
1365
1283
1256
1230
1113
1040
1034
929
777
734
681
559
479
436
322
256
273
211
88
77
103
52
-4
-38
-111
-166
-162
-207
-344
-491
-577
-598
-638
-825
-1057
-1128
-1107
-1201
-1333
-1416
-1525
-1587
-1464
-1367
-1502
-1592
-1398
-1177
-1113
-1054
-918
-772
-567
-307
-153
-78
122
399
568
676
825
970
1095
1219
1291
1298
1336
1407
1423
1365
1290
1231
1210
1172
1051
909
827
762
673
595
506
373
287
293
272
168
86
73
69
60
58
22
-45
-53
0
1
-79
-137
-158
-200
-243
-265
-360
-521
-585
-578
-663
-824
-928
-989
-1070
-1123
-1146
-1224
-1329
-1330
-1235
-1203
-1240
-1207
-1095
-988
-878
-739
-625
-541
-381
-164
-13
85
229
390
518
651
787
861
922
1021
1103
1129
1152
1186
1188
1167
1157
1146
1114
1063
1010
963
913
864
812
745
677
620
579
527
462
398
356
314
249
182
129
65
-11
-95
-185
-286
-370
-441
-558
-717
-836
-893
-976
-1117
-1233
-1309
-1386
-1422
-1411
-1457
-1540
-1510
-1390
-1324
-1285
-1196
-1097
-967
-770
-598
-500
-359
-157
23
183
341
461
575
736
874
947
1012
1088
1138
1176
1214
1207
1176
1173
1156
1091
1039
1018
951
861
805
763
686
622
586
525
445
406
392
348
282
229
191
160
123
73
9
-61
-135
-188
-238
-335
-459
-546
-594
-686
-810
-905
-967
-1054
-1134
-1182
-1230
-1301
-1324
-1288
-1273
-1303
-1263
-1151
-1064
-1019
-915
-770
-647
-522
-342
-191
-102
47
269
418
480
598
765
870
935
1036
1094
1093
1144
1235
1220
1146
1149
1165
1118
1065
1020
940
872
843
791
690
609
547
487
426
362
270
193
135
83
2
-74
-148
-222
-293
-362
-451
-541
-610
-675
-763
-873
-932
-967
-1032
-1122
-1155
-1182
-1213
-1199
-1162
-1198
-1207
-1091
-976
-959
-903
-759
-645
-538
-358
-225
-164
-16
205
329
399
535
667
741
845
962
989
991
1071
1123
1096
1083
1097
1049
997
1000
964
874
819
782
713
658
625
548
452
416
386
320
250
192
111
45
14
-42
-141
-232
-298
-368
-432
-507
-608
-715
-786
-835
-888
-953
-1033
-1109
-1133
-1109
-1109
-1138
-1143
-1114
-1061
-974
-882
-833
-780
-662
-513
-389
-282
-166
-55
64
218
360
444
520
622
719
797
868
913
919
938
979
990
970
946
912
874
852
826
764
698
654
608
560
517
468
405
356
327
287
230
180
133
79
27
-27
-94
-167
-233
-300
-378
-461
-536
-615
-692
-755
-823
-892
-938
-969
-1005
-1034
-1032
-1016
-1004
-964
-906
-859
-794
-692
-592
-508
-415
-301
-194
-85
33
128
209
304
406
482
542
597
651
698
737
767
779
787
804
807
799
783
770
751
726
697
660
621
584
551
512
465
425
383
342
300
254
201
151
104
49
-10
-80
-149
-218
-292
-368
-445
-526
-604
-675
-737
-802
-861
-907
-943
-967
-981
-979
-976
-953
-911
-863
-803
-729
-650
-567
-472
-368
-266
-169
-67
38
136
229
312
391
458
514
572
614
641
659
672
677
678
671
651
632
613
596
579
562
540
523
515
508
505
498
494
490
484
477
466
440
406
371
331
276
210
135
52
-33
-118
-214
-320
-421
-519
-609
-690
-767
-843
-908
-948
-972
-988
-989
-983
-958
-918
-859
-797
-738
-665
-582
-492
-402
-316
-238
-156
-73
5
74
135
194
248
294
335
369
397
424
446
462
481
499
514
524
537
554
570
589
609
624
638
654
669
679
681
677
668
657
635
605
557
501
442
374
301
218
124
25
-75
-165
-259
-361
-462
-555
-631
-699
-764
-823
-873
-911
-926
-931
-930
-924
-904
-867
-821
-766
-710
-648
-580
-506
-426
-346
-276
-208
-135
-65
-3
54
101
143
186
228
265
298
326
352
382
414
446
475
502
532
564
601
636
663
681
705
723
734
738
734
720
694
669
633
589
532
475
408
335
258
174
88
2
-85
-171
-258
-339
-416
-491
-559
-622
-680
-726
-761
-787
-808
-823
-822
-807
-784
-760
-728
-688
-641
-588
-531
-474
-418
-356
-293
-232
-173
-120
-68
-18
32
79
119
156
197
228
262
292
324
352
380
411
436
463
487
511
533
556
576
596
610
620
626
629
626
618
603
579
550
512
463
405
345
278
205
127
48
-35
-120
-201
-277
-355
-430
-495
-555
-607
-649
-683
-709
-727
-731
-730
-722
-706
-682
-651
-614
-571
-523
-471
-415
-357
-304
-248
-193
-141
-88
-37
12
54
96
134
169
205
240
273
305
333
363
385
412
439
461
483
500
516
529
537
543
544
543
534
523
504
482
459
428
391
349
304
255
209
154
96
37
-25
-84
-146
-210
-275
-333
-389
-439
-487
-532
-569
-598
-621
-634
-644
-647
-636
-621
-602
-573
-540
-505
-462
-417
-368
-319
-268
-215
-167
-119
-69
-24
16
58
99
133
162
197
229
255
284
312
341
368
399
423
448
475
496
517
531
547
553
556
554
543
523
504
481
444
408
363
318
265
210
153
94
33
-23
-76
-132
-183
-234
-280
-324
-366
-400
-434
-461
-484
-506
-524
-536
-541
-542
-540
-534
-522
-509
-490
-465
-436
-405
-371
-335
-295
-252
-207
-163
-124
-81
-38
-1
42
82
115
148
181
210
240
270
293
319
343
364
386
406
426
442
454
465
477
486
486
486
477
468
452
432
404
368
331
292
245
192
139
80
22
-36
-92
-149
-205
-249
-290
-328
-363
-388
-408
-425
-435
-440
-442
-438
-434
-431
-424
-415
-402
-390
-377
-364
-349
-330
-308
-281
-251
-224
-190
-154
-114
-74
-37
5
45
85
123
162
199
238
271
299
330
353
373
388
402
413
422
423
422
417
410
398
384
361
341
318
289
257
227
193
160
120
83
49
14
-19
-55
-85
-115
-139
-165
-188
-211
-235
-253
-268
-280
-293
-303
-314
-325
-328
-334
-338
-334
-331
-328
-324
-316
-302
-288
-278
-261
-245
-225
-199
-177
-156
-131
-99
-66
-35
-6
28
67
100
132
161
190
221
248
268
286
303
320
330
332
332
330
328
326
310
294
282
264
246
224
202
179
156
136
114
88
64
39
14
-4
-24
-47
-68
-86
-99
-113
-126
-139
-153
-162
-169
-176
-187
-198
-203
-204
-205
-212
-214
-212
-207
-202
-194
-189
-177
-167
-155
-138
-126
-112
-97
-81
-62
-45
-28
-9
6
22
38
54
71
82
95
107
118
129
136
139
139
142
145
147
146
144
136
136
133
123
118
111
105
92
79
72
65
56
45
31
19
13
8
-3
-16
-25
-28
-32
-41
-52
-62
-68
-71
-77
-86
-91
-91
-91
-88
-90
-94
-94
-88
-81
-78
-76
-71
-68
-59
-50
-47
-42
-37
-25
-17
-10
-1
6
13
22
30
34
40
47
51
54
58
57
62
63
63
65
59
58
59
54
48
41
37
36
32
26
20
16
13
8
0
-4
-8
-7
-4
-8
-13
-12
-14
-15
-18
-21
-19
-20
-19
-23
-24
-22
-20
-18
-23
-23
-19
-18
-19
-18
-20
-20
-21
-20
-16
-14
-14
-14
-17
-11
-6
-5
-7
-6
-2
4
10
5
3
8
15
20
14
13
15
21
25
19
13
16
24
25
15
6
7
16
16
7
-1
-1
8
10
-2
-12
-6
2
1
-6
-14
-12
-3
1
-6
-11
-12
-4
-2
-11
-16
-11
-3
-2
-8
-10
-6
0
0
-7
-15
-11
-5
-2
-2
-7
-12
-4
4
3
-3
-7
-1
7
9
9
6
9
13
17
15
9
9
9
12
12
9
10
9
10
12
8
7
10
9
8
4
5
3
-2
-2
-4
-2
-5
-4
-6
-7
-5
-6
-6
-5
-3
-4
-4
-7
-8
-7
-5
-6
-8
-7
-2
-2
-2
-6
-6
-2
1
0
-7
-6
-5
-3
-4
-9
-7
-8
-7
-4
-4
-4
-1
2
1
-1
1
3
1
5
6
9
10
10
8
7
6
8
10
5
3
4
2
3
1
0
2
3
5
4
2
4
7
8
3
0
1
4
2
0
0
-1
3
3
0
-4
-3
0
1
-3
-4
-4
-3
-1
-2
-5
-4
-2
-1
-2
-2
-3
0
1
-2
-2
-4
0
1
-1
-3
-3
-2
-2
-1
-2
-2
-4
-2
-3
-2
0
0
0
0
1
5
6
5
3
1
1
4
3
3
3
1
2
0
1
1
1
3
6
4
2
1
0
2
-1
0
-3
-1
1
2
2
3
0
0
0
-1
3
1
-1
-2
-2
-1
0
-4
-4
0
-2
-1
-3
-3
-2
-3
-3
-2
-1
-2
-3
0
-2
-3
-2
-2
0
1
1
-1
3
1
3
1
-1
1
3
1
-1
0
0
3
4
2
1
2
2
2
0
0
1
4
4
1
3
4
4
0
1
2
1
-1
-1
0
2
3
-1
-1
3
3
3
1
1
1
1
1
-1
-1
-3
-5
-2
-3
-1
-4
-3
-2
-3
-3
-4
-4
-5
-6
-6
-5
-4
-4
-3
1
0
-1
1
1
4
2
3
3
2
1
-1
1
1
2
-2
-2
-1
-2
-1
1
0
-2
-2
3
5
5
3
0
2
3
5
6
3
2
1
1
2
2
5
4
2
4
1
2
1
-1
1
2
2
-2
-4
-3
-1
1
1
0
-1
-2
-2
-2
-2
0
-1
-4
-2
2
2
1
-1
-2
-2
-2
0
0
1
-1
-2
-1
-1
-1
0
0
0
-2
1
1
0
0
0
1
1
-3
-4
-2
-4
-3
-2
-3
-1
0
1
-1
0
-1
0
0
-1
-3
-2
1
2
0
-1
-2
1
2
1
4
3
1
1
1
1
2
2
-1
5
7
2
2
0
1
1
1
1
0
3
6
7
5
3
1
1
2
3
0
-3
-2
0
-2
-1
-3
-3
-2
-2
-2
-2
-2
-3
-2
-3
-3
-5
-5
-4
-2
-5
-5
-2
0
-1
0
-1
0
-1
-1
0
1
-1
0
1
2
5
3
2
3
4
3
3
-1
-1
0
0
0
1
-1
0
-3
0
0
-1
0
-1
1
0
1
1
2
2
0
0
2
2
3
3
3
1
-5
-1
0
2
0
2
4
4
3
2
1
2
2
1
1
-1
0
-3
-4
-3
0
-4
-2
0
-2
-2
-6
-6
-5
-8
-4
-1
-2
0
2
1
0
3
2
0
-2
0
1
2
1
0
-3
-1
-1
-2
-1
0
1
0
1
1
3
3
1
0
2
3
4
5
3
2
2
4
1
1
1
3
4
1
-1
3
3
-1
-1
0
0
-1
-2
-2
-2
-2
-1
0
-1
2
0
1
2
1
2
1
1
-1
-3
-1
-1
-2
-1
-2
0
-3
-5
-3
-2
-2
-2
-2
-3
-2
-1
-2
-2
1
1
-4
-3
-2
1
1
-1
-2
-2
0
1
1
1
1
-1
2
1
1
3
1
-1
3
3
2
1
0
3
3
3
5
3
2
1
1
4
4
4
1
3
2
3
2
3
2
-2
-2
-3
-1
-3
-5
0
0
1
2
0
0
