0
-1
0
-1
-3
-2
-2
-3
-4
-3
-2
-3
-1
0
-1
0
1
0
1
1
-2
-2
0
2
2
1
0
0
2
2
2
1
-1
0
2
3
2
1
2
1
2
4
3
1
-2
-2
1
2
1
-1
-2
0
-1
1
0
-2
1
1
1
-1
1
1
-1
-1
-1
1
1
-3
-3
0
1
0
1
-1
-1
-5
-1
-2
1
3
1
2
-1
0
-1
-3
-3
-5
1
-2
-3
-2
-1
-1
-1
-1
0
1
-1
-2
-3
1
1
1
2
0
0
1
2
-1
0
2
3
2
1
3
3
-2
-1
0
1
1
0
1
0
2
1
2
2
-1
2
3
1
-1
-1
0
1
-1
-1
-1
0
-2
0
-2
-2
-4
-2
-2
0
-1
-2
-2
-1
1
0
0
-2
-2
1
-1
-3
-2
-3
-1
1
0
-2
-1
1
1
2
1
-3
-1
2
3
2
2
1
4
6
5
2
-1
3
5
3
2
0
-1
1
1
0
-4
-2
-2
-1
0
1
1
0
-1
0
-1
2
3
1
1
0
1
2
-1
-2
-1
0
0
1
1
-3
-2
1
1
2
-3
-3
-3
0
3
-1
-2
-1
1
0
2
-2
-2
-1
-1
1
-1
-2
-2
0
-1
0
-2
-1
0
3
-2
-3
-4
-1
2
1
-3
-3
2
3
1
1
0
0
2
2
-1
1
-1
0
0
2
4
3
3
-2
0
0
3
1
0
2
2
2
3
0
0
1
1
0
-2
0
1
0
-1
0
1
5
5
1
1
2
1
0
-1
0
-1
-1
-3
-5
0
2
-3
-4
-2
-2
-2
0
-1
-1
0
1
-3
-4
-3
-2
0
-2
-2
-2
-3
-5
-1
2
1
-1
-3
-4
2
4
0
-3
1
8
4
2
-1
-1
5
15
5
-1
2
2
-11
-5
2
-7
4
1
-8
-1
18
17
3
-1
-9
-5
26
13
5
0
-8
-6
-8
7
5
-29
-20
-28
-28
26
-35
-38
15
26
28
19
-10
-16
-25
45
88
34
-21
1
15
-9
-7
-21
2
19
-2
-17
5
-40
-22
-15
13
36
30
35
31
-35
-21
6
-12
-5
22
-19
-72
38
-47
-43
-16
47
-38
-35
65
3
-113
48
66
-129
-18
152
-89
3
112
69
-93
12
-471
-1805
29
1533
145
177
627
-236
-381
339
536
-33
366
243
-123
235
-68
-376
20
168
-126
-59
84
-12
-261
-157
-218
-245
37
65
-146
-27
143
-72
-192
-45
-104
-172
252
68
-135
43
10
-39
93
96
-33
58
55
-195
-148
120
17
-191
-62
174
-86
-108
277
178
-117
237
359
-189
-66
299
110
-169
46
-30
17
-54
-6
-146
-144
-68
-113
-24
17
5
83
-83
80
-286
-2522
-984
1236
188
-107
1238
474
-120
547
947
522
111
-325
-713
919
961
-347
-76
285
5
-230
477
582
-562
-346
486
-403
-146
-839
-2683
-92
2483
911
-262
110
-441
-1212
-1181
-1058
-451
-309
530
1492
-598
-1304
166
44
778
1891
1013
30
630
276
-813
-19
204
-498
838
1028
-3150
-2374
1817
902
-1462
331
637
-1585
368
2620
825
48
975
-500
-844
80
258
-426
-48
1000
-542
-1099
-193
-567
-498
-296
-774
-991
188
-396
-336
1354
-202
-592
631
391
-682
767
1326
-281
-934
-1157
414
516
1773
407
-423
338
336
544
489
1069
860
-664
-388
401
-813
-228
779
-368
-731
121
155
-520
-1374
-761
724
587
-1011
-86
3
-2225
-283
1409
414
36
151
197
-505
-78
1094
660
1174
887
-244
-1341
-1483
-887
-891
401
282
198
1393
524
-965
821
1326
576
1989
912
-510
-148
221
-570
-286
-22
-1136
-2289
-1020
-716
-486
-318
-1712
-1127
-202
-106
434
152
1022
418
-242
854
1009
-493
-726
1756
1281
866
1252
-925
-1454
433
1542
770
1128
1351
-426
-1173
811
-25
275
1218
-350
-874
-946
-470
-905
-831
-585
-1095
-845
-434
-1209
-507
-930
-672
201
163
-146
424
1142
-452
-212
685
-535
-1828
-374
1112
-185
-188
1399
549
-319
989
1659
1039
587
599
536
459
20
34
508
-89
511
401
-866
-381
-195
-353
-426
204
-395
-1667
-313
-436
-1015
-761
-758
-1397
-1800
-1001
-1543
-1367
696
841
580
1395
1209
552
828
1462
1500
1579
2311
1735
1266
1669
1249
927
1484
1337
-679
656
1181
-1935
-548
-168
-364
1314
2000
2516
3581
6609
7832
7310
8924
8483
6837
5526
4902
1252
-4244
-3478
-5820
-10708
-13303
-14444
-15210
-15492
-13352
-10910
-9408
-7439
-4429
-2881
-1931
-1093
175
1295
1114
2136
2801
1181
3335
3741
1406
2323
3855
3791
1851
2899
3471
2329
2042
2824
844
-796
39
3085
2837
1772
2206
2721
2446
2335
3344
2823
2773
1571
1204
208
679
1791
2541
3177
2825
1915
2423
2440
2780
4735
5309
4051
1824
3125
1606
-843
-647
-1329
-3703
-5287
-3750
-5920
-3801
-1615
-676
785
559
-280
-309
137
-152
-695
-1451
-1727
-3463
-3424
-3651
-4017
-3410
-3302
-2754
-3304
-2580
-2002
-2623
-2134
-2406
-3086
-2687
-1687
-2556
-2020
-1502
-3223
-3868
-2974
-4179
-4891
-3303
-2485
-2485
-864
2577
2725
4108
7188
8650
9580
11027
11724
9733
8285
6730
4264
1933
-464
-3053
-4036
-3286
-4133
-3137
-1601
-1126
625
3747
4192
3279
2836
-261
-2025
-1751
-1584
-2044
-1957
-2569
-2486
-1413
-341
1085
2717
3841
1974
-1653
-4352
-6090
-8265
-8886
-9232
-8822
-7787
-5964
-2521
-139
705
1993
2970
2263
4104
5803
6148
8386
10322
9606
11601
15248
15003
14681
14885
13336
10594
9788
8148
6692
5416
2196
1243
111
-1505
-3466
-3938
-3963
-5669
-6519
-8521
-11059
-12574
-14362
-15693
-15571
-15206
-17326
-18882
-17755
-18052
-17965
-15864
-13228
-11951
-10973
-7906
-5794
-4644
-2229
-647
-101
854
1578
1612
3066
3427
3401
5361
6089
5520
5700
6341
6399
6835
8690
9097
8997
9318
8813
7723
7355
8835
9904
9785
10218
10072
9981
9686
9414
10523
9327
8069
9841
8688
6153
6019
4905
3526
3037
2113
-241
-1117
-1101
-1973
-3162
-3106
-4492
-4800
-3976
-4851
-5663
-6090
-6644
-7884
-8142
-9553
-10636
-11458
-12564
-12361
-12516
-13251
-11727
-10004
-9265
-7297
-5164
-3653
-1722
714
2691
4322
6074
6827
7326
8904
9355
9993
11300
11660
10766
10039
9206
7534
5752
4119
1695
-540
-2695
-5264
-7592
-8848
-9940
-10132
-9300
-8312
-7505
-7520
-6656
-6492
-6939
-5971
-4497
-4306
-4143
-2749
-2535
-2741
-1973
-1546
-1549
-489
319
111
-180
-404
-481
-655
-70
227
437
470
1090
2137
2100
2870
4021
5632
6802
7266
7971
9227
9468
9660
9740
8686
7845
7151
6412
5975
5684
4524
3300
2622
1747
570
734
1136
6
-61
695
-340
-1543
-1341
-752
-1588
-1648
-1509
-3177
-4346
-4176
-4231
-5259
-5610
-4942
-5484
-5868
-4893
-4426
-4177
-3207
-2349
-2379
-2027
-1274
-792
-711
-520
-382
-360
-131
-465
-669
-204
-152
-418
-735
-936
-963
-1033
-470
119
-247
-55
851
1862
2583
3533
5233
6277
7267
8517
8126
6609
5841
5173
3942
2849
2178
1163
-65
-1223
-2735
-4072
-4809
-5568
-6053
-5969
-6017
-6170
-5664
-4731
-4416
-4139
-3125
-2148
-2113
-2431
-2875
-4427
-6186
-7186
-8425
-9521
-10255
-10338
-9740
-9206
-8135
-6757
-5402
-3809
-2322
-1425
-422
1163
3036
3943
4825
5791
6219
6698
7949
9516
10306
11049
11907
12279
12185
12467
12830
12625
12380
12023
11004
9383
7761
6652
5666
4424
3387
2461
1361
170
-478
-814
-1248
-1470
-1416
-1302
-1253
-1484
-1472
-1503
-1637
-1758
-1838
-1642
-1860
-1858
-1676
-2161
-2824
-2813
-2783
-2979
-2970
-2940
-3571
-4205
-4639
-4796
-4978
-5159
-5069
-5420
-5615
-5649
-5951
-6113
-5915
-5474
-5348
-5440
-5151
-5107
-5137
-4748
-4069
-3683
-3630
-3156
-2597
-2665
-2451
-1725
-1566
-1693
-938
-331
-676
-445
217
460
684
1031
1390
1849
2370
2332
2365
3012
3433
3787
4398
4787
4712
4899
5454
5656
5515
5768
5860
5728
5837
5637
5025
4622
4775
4697
4617
4617
4448
3965
3377
3147
2877
2577
2437
2494
2142
1663
918
-16
-323
-415
-646
-1091
-1766
-2595
-3279
-3727
-4118
-4336
-4428
-4494
-4649
-4921
-4959
-4960
-4863
-4438
-4015
-3646
-3184
-2697
-2332
-1730
-1121
-835
-516
77
700
983
1305
1593
1361
1251
1561
1685
1445
1230
1106
722
432
585
811
724
370
-3
-157
-157
170
549
671
595
713
852
1052
1185
1163
1333
1931
1953
1301
235
-514
-602
-546
-730
-1645
-2567
-3099
-3152
-3611
-4634
-5231
-5030
-4665
-4542
-4521
-4452
-4495
-3831
-2765
-2236
-1802
-966
68
587
1192
1629
1800
2456
3248
3504
3523
3829
3954
3973
3991
3756
3407
3677
3691
3077
2767
2841
2607
2286
2395
2332
2153
2384
2414
2201
2259
2472
2388
2247
2555
2296
1776
1886
1909
1716
1301
985
297
-545
-1429
-2142
-2305
-2291
-2612
-3569
-4456
-4725
-4708
-5093
-5446
-5457
-5219
-5080
-4935
-4885
-4996
-4367
-3296
-2751
-2367
-1651
-1027
-472
169
678
991
1523
2283
2651
2642
2657
2754
2728
2759
2783
2615
2595
2565
2290
1831
1576
1495
1458
1723
1652
1248
1304
1591
1226
805
1279
1443
1448
1349
978
887
739
602
238
368
894
839
252
-383
-897
-1517
-1516
-1125
-1139
-1345
-1781
-2320
-2747
-2942
-2968
-3040
-2805
-2419
-2244
-2385
-2642
-2642
-2376
-1814
-1125
-532
-348
-394
-215
131
437
683
909
1098
1161
1284
1554
1676
1319
1107
1325
1402
1423
1195
886
1087
1422
1031
564
722
801
1086
1476
1257
911
1116
1140
720
746
887
1078
1106
635
763
1033
728
268
187
545
546
34
-310
-375
-496
-589
-815
-1002
-1177
-1337
-1383
-1502
-1729
-1940
-1801
-1725
-1834
-1826
-1692
-1534
-1439
-1268
-942
-862
-747
-482
-114
159
165
301
480
743
974
1056
1078
1158
1418
1348
1163
1235
1374
1487
1339
1160
1176
1311
1121
1005
1166
1163
751
1046
1185
821
640
402
941
843
264
107
462
596
436
-150
-306
117
25
-85
-469
-562
-807
-888
-878
-1232
-1478
-1472
-1141
-1355
-1894
-2053
-1928
-1957
-2180
-2231
-2034
-1852
-1869
-1987
-2099
-1891
-1682
-1392
-1061
-912
-853
-679
-294
-166
-77
200
618
805
860
1009
1134
1284
1360
1614
1815
1529
1597
1979
1925
1793
1574
1719
2215
1858
1545
1702
1905
1971
1397
1362
1630
1634
1403
1153
1445
1481
1290
875
1041
1394
1074
604
411
718
560
49
-323
-413
-511
-778
-1131
-1182
-1277
-1610
-1965
-2286
-2456
-2668
-2748
-2735
-2580
-2645
-2886
-2889
-2644
-2317
-2239
-2092
-1817
-1412
-1015
-893
-753
-551
-123
285
555
524
486
718
975
1174
1120
1192
1202
1234
1504
1350
1009
691
1116
1540
1305
1061
623
1096
1394
1196
988
861
1194
1209
1231
1065
884
1219
1482
1232
984
1141
1274
1049
680
284
-31
-52
-185
-320
-432
-935
-1368
-1614
-1853
-2284
-2561
-2286
-2170
-2402
-2613
-2668
-2548
-2365
-2093
-1625
-1297
-961
-685
-445
-130
123
399
713
1154
1370
1450
1327
1240
1293
1452
1490
1219
1191
1214
1191
1102
822
494
809
898
714
799
962
779
225
609
1041
1014
615
614
1140
1304
871
519
964
1285
1204
853
846
745
105
-524
-730
-639
-612
-784
-1325
-1816
-2120
-2271
-2537
-2835
-2828
-2616
-2438
-2457
-2680
-2827
-2554
-2147
-1724
-1376
-1042
-563
-228
-18
256
556
845
1258
1601
1716
1627
1576
1673
1470
1234
1209
1382
1327
1092
978
788
583
423
830
1048
619
620
992
784
489
660
988
1287
935
860
1309
1663
1171
266
783
1637
1666
847
395
609
317
-468
-1130
-867
-426
-760
-1607
-1916
-1835
-2244
-2725
-2835
-2539
-2505
-2693
-2668
-2589
-2481
-2393
-2111
-1631
-1193
-953
-663
-268
95
409
606
910
1198
1397
1529
1518
1509
1429
1359
1254
1093
1101
1025
948
884
794
750
682
702
617
630
719
767
633
648
996
935
815
834
822
871
1192
1299
960
870
1074
1179
1049
862
459
-140
-472
-398
-290
-377
-693
-1136
-1562
-1879
-1994
-2126
-2313
-2332
-2206
-2210
-2414
-2558
-2491
-2263
-1846
-1532
-1390
-1147
-821
-542
-305
-41
229
603
980
1206
1240
1123
1078
1137
1232
1133
928
929
1018
944
603
509
731
735
557
499
621
540
495
848
887
674
791
857
821
952
1184
1187
932
1066
1232
1098
970
974
1105
648
-91
-345
-296
-174
-172
-460
-1024
-1440
-1533
-1669
-1963
-2268
-2260
-2061
-2008
-2161
-2435
-2501
-2370
-2028
-1640
-1446
-1304
-1069
-644
-310
-170
22
354
774
1169
1302
1176
1040
1174
1397
1379
1199
1014
985
1045
1022
861
537
494
887
1058
789
367
387
694
840
853
686
653
763
928
1091
924
741
947
1237
1276
1141
1143
1103
826
376
-77
-169
-70
-108
-364
-845
-1395
-1694
-1795
-2050
-2402
-2584
-2544
-2512
-2620
-2770
-2885
-2829
-2542
-2154
-1829
-1586
-1251
-894
-572
-289
25
456
885
1276
1535
1669
1695
1634
1584
1628
1728
1577
1255
1077
1047
1026
984
881
668
571
536
502
592
724
701
519
711
1061
964
739
910
1282
1141
930
1261
1509
1371
1310
1488
1191
171
-507
-345
-45
-195
-638
-1038
-1535
-2031
-2312
-2619
-2995
-3119
-2891
-2649
-2771
-3144
-3405
-3288
-2813
-2301
-1871
-1516
-1149
-724
-382
-87
237
615
1186
1824
2176
2215
2134
2106
2154
2164
2051
1840
1674
1548
1288
919
664
708
824
700
490
390
364
414
559
740
829
727
730
1082
1315
1141
1003
1323
1717
1599
1348
1577
1753
995
-327
-878
-331
85
-349
-1139
-1687
-2120
-2774
-3182
-3225
-3361
-3485
-3361
-3161
-3361
-3908
-4079
-3613
-2736
-1988
-1690
-1483
-1133
-616
-76
373
860
1434
2117
2644
2804
2716
2529
2576
2769
2832
2676
2198
1663
1368
1326
1181
777
507
378
297
300
151
-4
143
591
996
967
766
706
984
1447
1660
1655
1577
1686
2040
2195
1668
458
-620
-761
-123
195
-476
-1591
-2482
-2988
-3250
-3457
-3745
-3995
-3905
-3661
-3748
-4205
-4553
-4324
-3472
-2443
-1816
-1660
-1483
-918
-192
424
1015
1623
2253
2846
3181
3144
3012
3175
3410
3287
2920
2618
2460
2233
1765
1155
674
569
623
478
189
-74
-170
-50
173
335
475
835
1226
1289
1155
1161
1429
1812
2130
2381
2380
1677
269
-843
-676
134
113
-933
-2054
-2799
-3413
-3892
-4085
-4192
-4298
-4233
-4140
-4393
-4923
-5141
-4632
-3533
-2435
-1896
-1791
-1506
-796
33
783
1559
2358
3100
3674
3878
3716
3582
3812
4133
4052
3574
3077
2745
2376
1770
1059
584
516
527
244
-263
-625
-597
-287
58
294
453
623
810
1061
1333
1515
1694
2105
2655
2831
2221
915
-421
-776
17
641
-118
-1758
-3056
-3717
-4087
-4285
-4428
-4643
-4793
-4814
-5014
-5492
-5765
-5363
-4292
-3025
-2243
-2126
-2025
-1297
-165
820
1605
2378
3130
3770
4195
4272
4100
4126
4541
4879
4688
4041
3279
2644
2224
1956
1592
1100
676
338
-82
-549
-757
-612
-220
305
680
638
358
417
1022
1764
2233
2454
2675
2568
1504
-169
-990
-253
678
298
-1232
-2835
-3977
-4590
-4537
-4268
-4506
-5125
-5454
-5481
-5769
-6149
-5889
-4808
-3507
-2727
-2611
-2613
-2026
-758
650
1755
2504
3065
3558
3960
4177
4318
4718
5352
5656
5221
4321
3554
3141
2961
2799
2445
1850
1117
446
-76
-395
-419
-230
78
328
343
142
-39
248
994
1777
2209
2409
2704
2325
682
-1050
-930
722
1263
-206
-2346
-3878
-4636
-4674
-4124
-4157
-5105
-5953
-5987
-5801
-6158
-6368
-5707
-4315
-3107
-2873
-3171
-3015
-1755
51
1466
2165
2266
2551
3460
4613
5199
5064
4990
5264
5513
5233
4439
3747
3531
3594
3271
2357
1324
634
515
556
384
-93
-418
-205
220
574
485
363
614
1293
2046
2391
2669
2185
593
-1044
-964
651
1082
-397
-2590
-4062
-4634
-4669
-4265
-4441
-5243
-6004
-6218
-6153
-6346
-6226
-5429
-4133
-3241
-3339
-3572
-2979
-1375
401
1575
1931
1849
2375
3674
4822
5168
5051
5121
5278
5282
4897
4217
3855
3900
3817
3019
1950
1182
827
894
891
459
-281
-508
-82
390
699
662
584
797
1391
1993
2339
2745
2089
144
-1283
-504
1053
870
-878
-2863
-4357
-4779
-4336
-3941
-4703
-5690
-6182
-6326
-6278
-6083
-5783
-5235
-4154
-3258
-3489
-3691
-2640
-729
780
1580
1874
1850
2488
3973
5168
5322
5141
5228
5227
5029
4811
4460
4153
3983
3642
2584
1532
1147
1149
1025
649
110
-514
-706
-193
386
710
622
518
618
1073
1794
2495
3025
2136
-133
-1510
-369
1365
1050
-885
-2972
-4651
-4848
-3731
-3224
-4800
-6217
-6205
-6073
-6360
-6100
-5481
-5172
-4543
-3506
-3594
-4007
-2894
-531
922
1240
1386
1519
2247
3880
5360
5356
4726
4722
4989
5000
5015
4878
4367
3739
3441
2747
1842
1371
1527
1399
779
50
-422
-441
161
895
1154
690
339
624
1385
2176
2929
3197
1605
-821
-1294
667
1826
620
-1373
-3169
-4718
-4600
-3155
-3044
-5253
-6571
-6225
-6082
-6483
-6032
-5315
-5161
-4740
-3925
-4051
-4067
-2470
-182
724
689
868
1386
2557
4248
5211
4834
4347
4601
4916
4985
5027
4802
4219
3635
3179
2414
1788
1707
1787
1325
572
-145
-478
-285
385
807
888
677
540
663
1348
2219
2965
3127
1644
-755
-1309
953
2441
1000
-1520
-3214
-4463
-4251
-2605
-2210
-4920
-7034
-6621
-5695
-5874
-5689
-5178
-5278
-5278
-4444
-4006
-3759
-2402
-440
275
63
328
1267
2623
4130
4828
4355
3910
4441
5175
5328
5099
4576
3850
3326
3300
3086
2480
1840
1428
902
371
52
4
17
118
201
267
420
541
806
1244
1927
2385
2786
2329
570
-912
287
2365
1906
-791
-2577
-3471
-3752
-2831
-1709
-3512
-6584
-6998
-5394
-4993
-5414
-5277
-5405
-5875
-5039
-3746
-3582
-3334
-1834
-470
-486
-268
720
1963
3082
4037
4070
3600
3797
4757
5192
4997
4501
4094
3761
3626
3295
2554
2031
1945
1726
1015
311
90
165
372
406
214
245
681
1018
1100
1347
1867
2321
2797
2178
118
-1157
620
2631
1482
-1414
-2985
-3583
-3538
-2342
-1778
-4268
-7097
-6756
-4949
-4744
-5354
-5385
-5584
-5698
-4654
-3494
-3458
-3090
-1635
-622
-653
-181
1004
2075
3024
3845
3695
3238
3886
5160
5328
4630
4070
3806
3680
3861
3643
2545
1498
1583
1845
1342
530
151
-20
-34
187
261
108
459
967
955
815
1365
2093
2690
2967
1670
-716
-759
2015
2986
426
-2135
-2903
-3400
-2926
-1400
-2011
-5694
-7404
-5605
-4139
-4900
-5320
-5364
-5852
-5547
-3804
-3249
-3759
-3000
-1225
-887
-1020
-75
1231
1955
2872
3360
2824
2720
4205
5260
4653
3713
3600
3686
3847
4028
3378
1964
1390
1999
2203
1478
694
295
84
332
697
563
309
791
1229
1005
936
1609
2206
2579
2838
1622
-650
-710
1999
2907
345
-2328
-3021
-3208
-2567
-1314
-2167
-5760
-7325
-5418
-3709
-4393
-5255
-5679
-5998
-5397
-3653
-3045
-3517
-3120
-1760
-1208
-974
-96
1001
1777
2529
2817
2394
2638
3987
4899
4334
3526
3281
3491
3827
4075
3303
2054
1581
2183
2327
1742
1047
617
355
549
894
716
489
865
1276
895
819
1397
2103
2334
2740
1983
-211
-1284
910
2915
1385
-1827
-3122
-3163
-2693
-1584
-1468
-4295
-7112
-6113
-3744
-3517
-4811
-5466
-5804
-5509
-3909
-2591
-3083
-3541
-2682
-1464
-1095
-406
523
1164
1642
2176
2340
2315
3158
4329
4301
3450
3013
3416
3859
3965
3541
2486
1874
2109
2605
2309
1582
1040
762
849
1104
1027
714
666
1181
1203
934
961
1482
1903
2121
2279
1148
-820
-1028
1208
2333
114
-2603
-3314
-3164
-2505
-1486
-1936
-5143
-6989
-5263
-3216
-3651
-4764
-5193
-5395
-4901
-3208
-2441
-3133
-3302
-2139
-1173
-858
-103
688
1030
1348
1980
2360
2606
3272
3790
3516
3147
3251
3627
3725
3644
3216
2587
2295
2432
2545
2210
1671
1305
1186
1251
1136
959
702
689
1017
1319
1116
789
954
1463
1738
2063
1387
-513
-1505
350
2045
420
-2385
-3221
-3004
-2640
-1738
-1713
-4388
-6613
-5285
-3107
-3285
-4550
-4924
-5106
-4777
-3278
-2332
-3105
-3531
-2367
-1170
-947
-466
139
496
915
1722
2089
2068
2677
3484
3528
3114
3085
3392
3659
3831
3637
2895
2484
2662
2945
2634
2127
1711
1481
1461
1484
1187
786
771
1030
1071
749
587
747
1126
1379
1545
1253
-90
-1318
-489
1394
1064
-1514
-3063
-2856
-2441
-1928
-1561
-2977
-5638
-5714
-3422
-2509
-3824
-4786
-4862
-4746
-3785
-2316
-2490
-3516
-3211
-1717
-1073
-866
-321
89
347
1086
1812
1885
2048
2810
3193
2967
2996
3418
3730
3712
3612
3174
2832
3013
3326
2988
2274
1855
1760
1695
1629
1349
830
587
862
1163
895
476
427
750
1077
1297
1373
492
-1072
-1356
456
1527
-221
-2566
-2975
-2512
-2104
-1557
-1871
-4289
-5850
-4328
-2407
-2978
-4388
-4661
-4497
-4040
-2796
-2236
-3119
-3513
-2313
-1238
-1086
-688
-147
62
503
1443
1888
1850
2373
2973
2916
2877
3417
3779
3570
3403
3339
3139
3131
3318
3030
2238
1778
1849
1919
1703
1292
738
356
494
854
869
536
189
194
454
875
1052
1055
396
-814
-1282
179
1469
241
-2186
-2879
-2280
-1681
-1229
-1556
-3757
-5467
-4181
-2117
-2361
-3952
-4629
-4553
-3824
-2501
-1942
-3007
-3646
-2693
-1330
-837
-581
-488
-429
94
1226
1890
1905
2017
2410
2629
2938
3460
3647
3342
3169
3270
3208
3198
3227
2924
2290
2017
2014
1883
1619
1393
867
422
460
787
710
414
121
-1
113
578
853
802
494
-310
-1187
-698
909
873
-1258
-2728
-2280
-1728
-1421
-1270
-2306
-4507
-4617
-2597
-1773
-3248
-4244
-4117
-3709
-2979
-1950
-2333
-3479
-3192
-1603
-842
-891
-694
-418
-162
675
1596
1688
1632
2177
2687
2667
2868
3336
3431
3171
3139
3096
2931
3009
3171
2634
1844
1679
1975
1895
1489
998
470
329
720
934
475
-25
-102
162
489
736
615
510
215
-544
-1005
75
1105
33
-1926
-2277
-1702
-1423
-1178
-1382
-3183
-4706
-3590
-1773
-2124
-3654
-4225
-4037
-3458
-2356
-1912
-2910
-3551
-2592
-1326
-934
-776
-641
-571
-11
1095
1666
1598
1744
2187
2385
2696
3267
3480
3133
2912
3030
3076
3132
3198
2861
2105
1781
1954
1961
1575
1206
750
324
361
721
585
85
-118
-67
126
460
681
459
346
80
-645
-765
591
1145
-465
-2138
-1877
-1339
-1242
-1054
-1525
-3506
-4367
-2706
-1412
-2527
-3911
-4032
-3663
-3054
-2074
-2105
-3305
-3465
-2122
-941
-820
-778
-773
-589
292
1436
1628
1331
1591
2203
2398
2749
3204
3203
2802
2823
3067
2974
2875
2897
2532
1851
1656
1927
1800
1257
800
434
253
443
704
377
-128
-202
-4
261
555
640
351
375
441
-203
-685
359
1215
-8
-1755
-1685
-1130
-1121
-1067
-1289
-2994
-4148
-2801
-1293
-2179
-3757
-3976
-3437
-2820
-2003
-2014
-3222
-3492
-2020
-638
-779
-1156
-988
-502
319
1229
1474
1127
1297
2065
2448
2540
2712
2795
2620
2597
2827
2717
2573
2593
2382
1822
1506
1714
1647
1210
811
567
398
388
516
285
-149
-88
261
405
309
290
306
485
895
529
-493
-544
702
985
-449
-1561
-1398
-1224
-1121
-921
-1585
-3264
-3577
-2181
-1621
-2729
-3585
-3464
-3091
-2591
-1985
-2275
-3027
-2682
-1418
-790
-946
-854
-495
-107
556
1183
1232
1155
1632
2151
2246
2346
2552
2533
2427
2530
2585
2407
2344
2312
2058
1677
1477
1423
1329
1112
731
339
248
349
387
226
-15
-99
41
314
423
337
291
438
801
641
-138
-515
272
903
110
-1079
-1299
-1179
-1074
-927
-1188
-2520
-3307
-2473
-1630
-2175
-3065
-3271
-3088
-2670
-1958
-1937
-2614
-2608
-1649
-937
-980
-920
-618
-215
381
961
1055
978
1343
1941
2098
2111
2270
2430
2392
2385
2399
2232
2130
2189
2061
1631
1384
1382
1249
881
629
426
313
257
249
42
-142
-64
170
216
135
161
268
357
632
813
199
-568
-166
995
832
-513
-1242
-1034
-856
-607
-548
-1574
-3001
-2736
-1496
-1429
-2496
-3042
-3014
-2779
-2163
-1661
-2195
-2797
-2251
-1210
-861
-899
-762
-582
-181
570
1057
920
977
1527
1899
1816
1940
2227
2315
2265
2335
2202
1998
2068
2172
1830
1392
1264
1233
1094
933
641
204
92
373
493
189
-57
-56
68
225
479
428
177
269
823
714
-177
-503
340
813
98
-803
-1074
-1158
-1015
-584
-950
-2362
-3042
-2145
-1452
-1987
-2749
-3007
-3008
-2496
-1714
-1745
-2532
-2538
-1581
-858
-760
-714
-631
-436
204
956
1073
848
1084
1613
1822
1868
2039
2089
1974
2051
2244
2156
1937
1862
1768
1514
1389
1361
1233
1039
871
553
277
333
508
403
194
148
155
168
303
503
471
366
468
771
629
60
-200
319
643
76
-836
-1147
-1062
-930
-863
-1242
-2236
-2797
-2179
-1570
-2004
-2795
-2934
-2738
-2348
-1901
-1862
-2421
-2415
-1644
-981
-960
-898
-646
-312
136
638
778
769
1111
1578
1710
1660
1808
1957
2025
2056
2068
1905
1831
1873
1805
1525
1374
1386
1299
1082
870
730
626
656
641
523
394
452
476
421
395
517
531
449
501
646
378
-187
-246
282
386
-336
-1000
-1078
-1030
-1026
-992
-1420
-2370
-2678
-1964
-1534
-2110
-2716
-2771
-2582
-2209
-1696
-1743
-2273
-2212
-1397
-858
-844
-788
-588
-380
78
636
754
642
903
1352
1502
1559
1762
1871
1825
1912
2045
2001
1928
1936
1782
1559
1567
1604
1326
991
891
770
565
534
544
224
-47
107
327
185
36
125
201
200
325
414
343
306
202
-79
-79
363
347
-413
-973
-846
-715
-787
-917
-1351
-2074
-2161
-1604
-1509
-2156
-2566
-2427
-2191
-1995
-1839
-2034
-2288
-1942
-1271
-1031
-1073
-903
-645
-371
95
524
594
641
968
1300
1428
1602
1794
1785
1730
1878
2012
1909
1784
1789
1730
1544
1464
1456
1305
1068
963
899
772
681
659
569
479
517
520
390
331
414
438
415
492
594
399
-82
-319
62
419
9
-744
-1052
-1076
-1108
-991
-1109
-1876
-2490
-2140
-1686
-1982
-2463
-2509
-2471
-2382
-2030
-1838
-2166
-2218
-1617
-1106
-1123
-1021
-651
-382
-104
382
634
627
889
1331
1458
1474
1726
1917
1883
1899
1995
1948
1891
1926
1865
1613
1462
1463
1387
1135
929
789
645
554
530
381
193
238
383
317
183
222
324
349
408
489
462
337
123
-81
-54
170
38
-534
-980
-1032
-1021
-1031
-1139
-1614
-2215
-2169
-1710
-1748
-2246
-2465
-2372
-2214
-1922
-1706
-1919
-2085
-1647
-1074
-941
-896
-616
-370
-167
276
684
720
771
1165
1469
1474
1577
1839
1859
1741
1814
1931
1827
1742
1726
1545
1321
1372
1417
1148
837
777
762
695
632
496
253
212
423
510
297
125
222
399
427
316
204
244
386
265
-140
-299
-33
-11
-492
-940
-1066
-1174
-1180
-1120
-1501
-2227
-2345
-1866
-1745
-2139
-2383
-2359
-2254
-1967
-1675
-1755
-1924
-1646
-1146
-859
-746
-599
-444
-146
310
642
674
746
1043
1358
1516
1635
1710
1708
1758
1914
1979
1883
1805
1770
1667
1563
1541
1428
1199
1048
1022
893
705
599
542
433
379
393
371
279
231
263
306
296
227
167
170
222
136
-165
-436
-369
-204
-390
-890
-1248
-1334
-1289
-1252
-1419
-1887
-2251
-2111
-1805
-1825
-2114
-2279
-2213
-1943
-1668
-1602
-1704
-1611
-1278
-937
-741
-585
-419
-183
116
441
658
796
972
1214
1399
1492
1614
1765
1838
1818
1812
1820
1829
1830
1793
1626
1485
1462
1452
1280
1083
956
880
795
717
555
354
287
358
338
182
74
91
136
127
57
-28
-24
59
12
-295
-587
-528
-325
-461
-907
-1265
-1398
-1384
-1254
-1343
-1865
-2277
-2012
-1634
-1774
-2100
-2133
-2029
-1801
-1460
-1404
-1711
-1630
-1047
-658
-688
-654
-456
-218
178
587
618
526
839
1290
1421
1439
1624
1732
1734
1847
1960
1858
1808
1921
1887
1613
1473
1497
1435
1264
1113
946
798
759
718
546
383
375
404
333
213
172
209
213
95
-9
-16
51
76
-75
-463
-724
-540
-272
-534
-1097
-1379
-1361
-1325
-1295
-1420
-1872
-2224
-2005
-1657
-1783
-2118
-2148
-1985
-1824
-1610
-1477
-1556
-1519
-1132
-765
-669
-579
-296
-31
175
427
663
789
997
1300
1463
1465
1573
1781
1918
1926
1914
1862
1826
1832
1820
1694
1519
1379
1279
1170
1020
858
737
666
552
383
210
154
187
192
48
-108
-121
-17
-12
-98
-165
-171
-151
-78
-137
-459
-688
-467
-242
-522
-993
-1140
-1075
-1039
-1037
-1230
-1666
-1859
-1567
-1364
-1612
-1901
-1873
-1701
-1535
-1394
-1402
-1508
-1356
-933
-656
-656
-593
-334
-37
211
454
603
710
935
1257
1417
1430
1515
1693
1796
1803
1805
1797
1758
1741
1714
1574
1408
1364
1334
1143
894
766
711
602
440
263
108
45
81
37
-156
-294
-195
-54
-124
-296
-332
-258
-177
-95
-171
-508
-708
-436
-186
-470
-918
-1047
-1046
-1055
-991
-1092
-1534
-1792
-1545
-1341
-1536
-1726
-1676
-1615
-1546
-1355
-1263
-1327
-1182
-820
-635
-612
-386
-44
151
304
576
789
905
1137
1419
1468
1436
1619
1846
1826
1720
1722
1692
1617
1623
1569
1302
1086
1075
1018
806
661
558
365
242
263
176
-40
-96
-29
-117
-241
-168
-64
-105
-145
-94
-77
-70
7
31
-88
-263
-366
-327
-260
-412
-762
-956
-929
-979
-1130
-1209
-1380
-1686
-1726
-1476
-1473
-1750
-1781
-1562
-1473
-1409
-1207
-1105
-1099
-854
-503
-380
-300
-20
240
375
606
881
977
1060
1307
1479
1469
1516
1664
1669
1575
1578
1603
1505
1393
1342
1241
1083
983
891
717
562
498
398
246
164
121
10
-67
-38
-33
-103
-104
-13
2
-77
-110
-43
21
19
-39
-116
-256
-394
-391
-285
-405
-747
-976
-976
-1030
-1147
-1190
-1281
-1522
-1614
-1461
-1397
-1532
-1553
-1394
-1319
-1289
-1163
-1003
-927
-757
-510
-345
-296
-101
177
388
492
651
804
926
1079
1277
1369
1348
1379
1502
1557
1534
1529
1489
1385
1312
1314
1242
1092
949
857
750
657
535
396
276
214
152
83
-11
-98
-125
-73
-71
-144
-230
-242
-194
-104
-107
-239
-381
-417
-415
-384
-372
-542
-855
-979
-870
-866
-1008
-1136
-1295
-1493
-1426
-1198
-1252
-1509
-1502
-1314
-1246
-1180
-1008
-961
-986
-765
-435
-329
-306
-93
141
263
423
665
821
900
1023
1164
1244
1337
1450
1500
1473
1464
1455
1406
1346
1337
1299
1167
1000
891
822
739
647
523
376
278
270
232
108
-7
-17
27
46
-5
-113
-173
-120
-60
-85
-154
-236
-309
-355
-398
-470
-496
-568
-761
-948
-957
-978
-1098
-1179
-1257
-1458
-1538
-1369
-1300
-1473
-1548
-1415
-1298
-1183
-1015
-935
-935
-735
-402
-200
-119
45
219
363
568
811
908
928
1045
1205
1241
1258
1365
1448
1399
1349
1363
1347
1281
1257
1229
1091
925
885
872
726
529
410
364
319
283
170
1
-102
-17
77
49
-71
-145
-143
-67
-3
-31
-168
-260
-246
-257
-364
-489
-548
-665
-825
-911
-944
-1080
-1225
-1263
-1318
-1447
-1453
-1362
-1415
-1534
-1441
-1253
-1209
-1186
-1056
-925
-795
-557
-331
-252
-158
87
355
535
673
819
958
1104
1248
1341
1368
1430
1557
1605
1497
1394
1401
1410
1356
1284
1125
886
792
845
754
488
315
269
215
156
103
-47
-195
-151
-25
-54
-180
-206
-159
-131
-117
-107
-146
-204
-212
-221
-325
-461
-493
-476
-589
-793
-921
-973
-1035
-1087
-1140
-1269
-1412
-1396
-1271
-1263
-1349
-1339
-1216
-1110
-994
-842
-748
-686
-496
-232
-72
19
187
382
516
640
803
934
1006
1094
1195
1251
1272
1321
1362
1338
1301
1305
1286
1194
1093
1034
995
915
804
684
580
518
482
416
300
202
176
171
134
82
25
-28
-76
-107
-148
-210
-270
-340
-464
-601
-664
-687
-780
-946
-1074
-1154
-1209
-1233
-1273
-1384
-1473
-1422
-1328
-1320
-1348
-1298
-1186
-1047
-896
-783
-706
-577
-348
-119
25
132
280
467
644
782
866
943
1050
1157
1201
1189
1192
1224
1258
1240
1151
1048
1013
1042
1000
858
713
645
644
637
544
380
280
296
336
291
171
69
60
112
126
48
-64
-116
-94
-82
-156
-278
-350
-387
-463
-558
-630
-729
-854
-930
-981
-1088
-1189
-1207
-1231
-1310
-1331
-1276
-1252
-1251
-1170
-1065
-990
-868
-711
-605
-503
-310
-112
-4
100
250
411
551
678
750
791
889
1032
1113
1106
1087
1112
1170
1208
1178
1092
1034
1029
1025
971
872
772
707
691
656
546
436
399
370
297
232
189
124
60
34
-28
-138
-185
-179
-260
-418
-504
-526
-589
-675
-742
-864
-1010
-1021
-977
-1072
-1217
-1230
-1203
-1236
-1218
-1149
-1168
-1180
-1045
-911
-885
-809
-637
-525
-439
-266
-104
-22
117
319
431
493
634
782
850
925
1022
1052
1052
1118
1172
1134
1083
1079
1057
998
945
900
830
749
695
649
565
480
446
417
338
265
239
203
151
120
83
6
-44
-56
-106
-199
-268
-312
-381
-468
-534
-617
-721
-788
-835
-926
-1027
-1060
-1079
-1151
-1195
-1166
-1143
-1159
-1117
-1022
-963
-900
-763
-631
-572
-468
-265
-117
-54
59
232
353
444
576
657
679
764
904
947
912
933
983
993
1001
1014
959
881
880
892
820
730
689
632
552
509
470
376
296
283
259
173
100
84
56
5
-20
-59
-149
-215
-208
-232
-347
-437
-473
-551
-648
-697
-745
-866
-961
-968
-1010
-1099
-1116
-1064
-1077
-1113
-1054
-970
-927
-840
-696
-610
-555
-409
-223
-97
0
140
273
377
496
620
700
752
824
907
939
949
967
980
977
961
927
883
857
826
775
724
665
602
561
524
461
394
353
300
233
187
143
89
33
-18
-78
-139
-182
-225
-289
-367
-429
-476
-535
-587
-643
-728
-793
-823
-859
-905
-929
-957
-994
-1004
-972
-937
-913
-879
-822
-755
-680
-565
-440
-350
-266
-140
0
123
242
351
438
519
620
718
774
816
857
897
915
909
912
909
883
841
804
768
720
669
627
576
508
450
425
381
303
257
237
191
128
97
69
8
-41
-58
-97
-177
-221
-240
-305
-382
-412
-451
-543
-609
-623
-678
-765
-786
-791
-859
-913
-883
-867
-906
-898
-830
-805
-791
-702
-597
-556
-497
-359
-244
-178
-71
69
163
238
356
461
513
586
684
728
733
770
817
820
805
800
784
747
718
699
664
618
585
549
509
474
442
413
386
350
300
264
237
208
159
106
56
1
-51
-93
-146
-218
-287
-344
-400
-464
-519
-565
-616
-678
-711
-723
-745
-768
-771
-771
-777
-759
-718
-690
-671
-630
-576
-530
-476
-395
-320
-267
-204
-114
-27
46
134
222
287
346
429
505
547
584
633
660
654
659
668
647
611
589
570
523
478
462
441
399
365
355
339
313
303
296
277
249
233
215
187
151
112
74
26
-32
-93
-143
-199
-270
-330
-379
-437
-497
-537
-570
-614
-646
-658
-665
-675
-668
-649
-636
-615
-575
-530
-492
-440
-375
-330
-291
-226
-156
-87
-23
44
93
133
207
270
304
339
380
408
418
448
458
445
459
481
471
441
438
437
410
401
409
384
346
333
346
324
297
302
285
253
233
244
235
187
157
129
92
49
7
-38
-120
-189
-235
-295
-367
-434
-477
-528
-578
-595
-612
-636
-641
-614
-580
-567
-540
-494
-450
-403
-351
-291
-249
-218
-160
-95
-53
-33
16
57
75
103
148
170
157
183
233
245
247
277
306
313
332
375
385
372
399
428
422
417
429
422
395
404
411
378
345
344
331
295
278
258
206
164
152
120
61
6
-41
-90
-138
-183
-248
-317
-371
-415
-458
-499
-535
-572
-593
-586
-579
-580
-562
-528
-499
-460
-400
-350
-321
-277
-217
-175
-143
-104
-73
-59
-31
9
26
34
59
95
115
146
190
220
243
287
334
359
378
415
443
452
465
477
475
467
466
464
442
412
403
390
355
319
294
262
221
194
161
106
56
28
-16
-77
-125
-162
-217
-266
-296
-338
-386
-411
-426
-455
-480
-483
-488
-491
-476
-466
-464
-437
-401
-375
-351
-315
-287
-256
-210
-181
-166
-137
-94
-66
-48
-25
-7
13
47
84
92
105
138
167
191
221
241
256
287
325
347
364
387
412
423
438
449
444
445
452
440
414
393
372
342
315
288
241
183
154
128
77
28
-10
-58
-114
-148
-178
-227
-284
-322
-352
-396
-435
-449
-474
-512
-530
-525
-523
-512
-488
-473
-467
-436
-372
-317
-284
-249
-209
-162
-108
-48
0
10
25
74
125
155
167
178
190
198
221
250
255
236
238
268
287
282
287
303
308
309
324
334
322
315
318
323
305
279
267
254
233
203
175
145
109
83
62
34
-7
-44
-69
-92
-119
-156
-190
-221
-243
-265
-289
-310
-334
-352
-360
-368
-376
-381
-383
-377
-372
-365
-349
-326
-299
-276
-248
-213
-179
-145
-105
-64
-27
4
38
73
109
133
154
175
194
215
229
240
245
246
254
265
269
265
261
266
270
268
265
262
261
260
253
244
233
224
210
194
178
153
125
103
85
52
13
-21
-50
-75
-107
-145
-177
-200
-223
-245
-265
-280
-289
-294
-297
-302
-306
-298
-284
-271
-265
-259
-237
-208
-184
-166
-151
-130
-101
-76
-55
-41
-22
0
20
37
45
58
76
94
109
114
120
140
159
170
173
182
195
210
217
215
216
214
212
205
196
185
171
163
146
124
105
92
80
66
52
30
13
3
-7
-18
-37
-54
-68
-78
-88
-105
-116
-127
-139
-151
-166
-172
-173
-175
-180
-187
-191
-175
-161
-153
-153
-151
-133
-105
-83
-73
-59
-40
-21
-1
16
31
42
57
72
73
75
78
85
94
91
83
79
80
82
87
82
75
68
74
85
88
76
66
72
81
85
76
66
62
64
69
62
48
32
27
33
30
14
-5
-8
-5
-9
-26
-37
-37
-33
-43
-62
-74
-74
-69
-68
-86
-110
-115
-103
-86
-92
-112
-121
-105
-71
-59
-66
-75
-58
-27
-6
-2
-11
-6
12
28
31
19
15
24
35
32
21
17
28
42
38
28
19
32
53
57
41
29
42
67
74
57
37
39
63
74
53
24
19
40
56
43
6
-10
9
34
26
-7
-31
-27
1
9
-18
-47
-49
-26
-11
-23
-55
-69
-51
-28
-33
-56
-70
-58
-35
-26
-39
-51
-41
-18
-3
-9
-20
-18
0
18
18
11
9
17
25
27
24
19
19
22
24
28
24
14
13
23
31
28
23
18
22
28
31
19
9
8
10
8
1
-10
-17
-9
-3
-8
-17
-19
-14
-6
-5
-14
-17
-12
0
0
-9
-17
-16
-5
2
-6
-23
-26
-17
-6
-6
-19
-27
-20
-7
2
0
-13
-14
1
13
16
8
4
8
21
25
17
7
4
11
13
7
0
-4
0
4
3
3
3
10
10
9
8
11
18
17
13
7
8
16
17
8
-3
-2
0
2
-2
-11
-9
-5
-1
-7
-12
-9
-5
-5
-5
-8
-7
-5
-5
-9
-12
-12
-6
-3
-10
-14
-12
-8
-3
-5
-11
-9
-7
0
-3
-7
-4
0
11
9
6
4
6
9
6
1
-1
1
2
3
-2
-3
0
7
3
-1
3
7
11
7
7
10
11
12
9
8
6
8
8
8
2
3
4
0
0
1
0
-5
-2
-5
-2
-3
-3
-6
-5
-5
-6
-4
-5
-4
-1
1
1
-1
-2
0
4
-2
-5
-6
-5
-6
-7
-5
-8
-7
-10
-6
-4
-4
-5
-7
-2
3
3
2
4
4
6
6
5
7
8
8
3
4
1
1
2
1
-1
-1
2
4
3
3
3
4
7
6
2
4
5
8
7
3
0
1
2
2
2
-3
-5
-1
2
3
0
1
4
3
2
1
1
1
0
-2
-5
-3
-5
-4
-4
-8
-7
-9
-7
-9
-11
-11
-8
-7
-6
-4
-5
-3
0
1
-1
-1
1
2
4
3
-1
-2
0
1
2
2
-1
1
2
3
4
4
3
4
8
7
6
6
9
10
11
11
8
4
5
7
5
5
1
2
1
3
1
-3
-3
-1
0
1
-1
-3
-2
0
0
0
-1
-2
0
-2
-1
-2
-6
-5
-3
-4
-8
-10
-7
-6
-5
-4
-4
-2
-1
0
2
1
-1
1
0
4
2
-1
-2
-3
-2
-4
-2
-7
-7
-5
0
0
0
1
2
4
4
5
2
7
7
7
5
1
1
2
3
2
-2
-3
-1
1
2
-1
-3
-2
-1
0
2
2
4
5
6
2
2
3
2
4
4
0
-2
-3
-1
1
-2
-3
-2
2
3
-2
-2
4
3
2
2
1
-1
4
2
-2
1
1
-1
1
-3
-6
-4
-4
-4
-3
-5
-2
-1
-4
-3
-4
-4
-2
-2
2
2
-2
-1
7
7
1
2
0
0
1
-1
-5
-1
-1
-2
-3
-1
-1
1
2
3
3
1
4
3
3
2
1
2
5
5
0
2
0
2
2
0
1
-1
-1
-2
1
0
0
0
3
3
4
4
3
3
0
0
1
3
2
-1
-3
-2
-2
-2
-1
-3
-3
-6
-4
-3
-4
-4
-5
-2
1
3
-1
-1
0
1
-1
0
-4
-4
-4
-2
1
0
-3
-2
0
2
3
0
2
1
1
1
1
2
2
2
2
1
1
3
2
0
-2
0
1
2
1
0
0
0
1
3
1
0
2
2
-1
0
-2
-1
1
4
3
-1
-3
2
