-1
-2
-3
-1
3
0
-3
-3
0
-4
-4
-5
-5
-3
-2
-3
-2
-3
-3
-2
-1
1
-4
-4
-2
-3
-3
-3
-3
-4
-3
-2
1
2
2
3
4
4
1
2
1
2
4
4
7
3
1
2
6
3
4
3
3
0
0
1
0
0
-4
-2
-1
-3
-3
-3
-2
-2
-1
-1
-1
2
-1
1
3
1
-3
0
0
1
3
1
3
4
5
0
0
0
1
-2
-5
-3
-2
-1
-1
-1
-3
-3
-4
-3
-2
0
3
0
0
0
-1
0
-2
0
-1
-5
-1
2
1
-1
0
0
1
-1
0
1
1
4
1
0
-2
0
3
5
3
0
0
2
3
2
-2
-2
-2
-5
-4
-4
-3
-3
-3
-1
1
0
0
0
1
3
1
1
2
1
2
3
4
4
4
3
1
0
-1
2
3
1
2
1
-2
-3
-3
-1
0
0
1
1
-1
-3
-3
-4
-2
-1
0
-1
-5
-2
-6
-5
-4
-5
-1
1
2
1
0
-2
-2
1
-1
-2
2
1
-3
-2
0
-1
3
4
1
0
3
5
4
1
1
1
4
2
1
1
-2
0
0
2
2
1
0
-1
0
-1
-4
-2
0
1
0
0
0
-1
1
2
3
3
4
0
-1
2
3
5
5
2
-2
-1
1
2
-1
0
-1
-1
-2
-2
-4
-5
-7
-5
-3
-3
-2
-4
-5
-7
-2
-4
-6
-5
-2
-2
1
2
-1
1
1
1
1
4
-1
3
5
2
3
5
5
2
3
4
2
0
1
-1
0
1
-2
-1
-1
1
2
1
-1
-3
0
-2
2
-1
-2
-2
-2
2
1
1
3
4
3
3
5
0
2
3
4
3
0
1
1
0
-1
-1
-3
0
1
1
-2
0
2
1
1
1
0
-2
-2
-4
0
0
-2
1
1
2
1
-2
-3
-7
-6
-6
-5
-6
-8
-7
-4
0
0
-1
-1
2
2
1
1
-1
0
1
2
2
0
4
5
9
11
1
3
10
12
8
-2
-1
1
-9
-5
-2
-6
-8
-11
0
1
-4
-8
-17
-13
-10
-1
3
2
11
22
31
26
28
9
-9
-2
0
2
-9
4
-14
-14
21
20
-4
-26
24
26
0
9
-6
2
9
1
-17
-23
-13
-56
-77
-46
-1
-12
-34
6
-5
-48
-48
40
11
-22
-20
49
61
73
32
-10
57
47
18
43
79
53
23
-45
50
12
40
-1799
-2296
655
1354
-436
-164
1470
391
-846
507
1036
-185
51
708
542
158
80
59
-60
83
-34
-113
-144
-81
-41
-148
-276
-135
-57
-84
-71
15
-9
-211
-179
136
-242
-389
154
24
-199
36
404
47
-38
243
86
-164
137
185
10
238
216
-77
-146
-529
-705
190
652
-212
-1100
-175
-1360
-2640
1
1528
218
-280
849
538
-448
707
1152
755
924
646
368
191
321
-38
-34
389
189
-141
-286
-329
-179
-450
-872
-322
-72
-468
-725
-1549
-1876
-857
552
92
-999
-430
-358
90
1582
1652
845
1021
772
-40
-341
850
897
144
1331
1520
263
-1028
-710
197
-293
-18
576
375
58
-300
-413
-516
-484
320
651
138
97
-292
-720
-530
-202
-446
-144
768
590
-138
104
3
-331
29
308
316
-275
67
674
-207
-393
-407
-723
-518
-904
83
125
-739
-426
240
-48
-943
-365
-131
-441
344
737
-64
-352
-324
-218
-447
-43
446
57
167
397
159
-459
-392
-138
-278
323
268
63
164
207
97
-506
-323
-522
336
140
-957
-308
965
807
261
1124
583
-322
386
989
526
1208
1523
179
-1275
-1344
-604
277
820
620
507
-402
-1149
-513
662
1216
1174
861
877
268
-873
-515
168
562
235
174
-103
-1384
-682
233
-199
-802
-1862
-1932
-517
492
283
-68
-219
-1420
-1136
541
1151
2236
2341
821
430
-383
-1155
-818
1191
1803
209
283
-221
-2095
-1921
-867
-748
-476
6
419
-583
-1447
-264
200
-560
225
948
684
-122
44
813
261
54
459
540
134
-388
434
496
-513
54
-60
-272
-822
-378
160
-576
-414
-127
-75
-111
476
225
-769
218
680
-117
561
1201
66
-552
143
738
-21
-395
441
269
269
-235
-386
992
-4
-625
401
604
-572
-497
1011
170
-485
476
337
-311
236
417
-78
5
269
-223
16
146
-146
-69
-298
-422
-370
-322
-254
-348
-291
-112
-500
-366
100
-86
-347
68
-436
-275
369
-65
189
426
352
-16
-77
347
59
-248
59
-248
-314
374
126
-692
-467
525
-41
-451
447
351
-604
-823
665
985
-815
-114
1323
72
-1042
81
1017
-83
-250
706
415
-432
65
695
576
-163
187
721
-401
-207
668
-162
-583
326
414
-611
-340
502
12
-4
703
718
33
-434
62
250
-301
108
286
-85
-220
-339
-157
-174
-357
-492
-18
130
80
-106
96
53
-600
-385
-156
-126
-9
14
-144
-348
-358
-193
138
44
249
-5
-655
-454
-67
-260
-531
-405
-218
-434
-498
-197
-54
-697
-765
-156
-308
-230
207
181
-250
-30
288
-38
100
409
98
104
136
-225
109
411
286
38
270
724
404
331
651
728
760
612
728
1110
1040
924
533
573
904
293
337
1069
687
-120
155
331
-42
-387
87
229
-413
-358
-240
-633
-1091
-617
-162
-393
-505
-198
-431
-488
-485
-292
-77
-828
-821
-312
-184
-357
-590
-215
-436
-801
-660
-391
-281
-443
-244
-295
-749
-828
-663
-417
-27
-57
126
192
-144
-303
-225
223
62
253
838
631
506
303
300
410
161
400
789
752
462
163
-337
-290
14
-31
374
613
548
160
-346
21
381
657
1142
824
284
144
322
727
900
950
791
462
218
-16
-10
262
654
505
178
88
-231
-372
129
523
-32
-453
-121
-274
-860
-869
-443
-555
-1053
-1118
-699
-481
-912
-1069
-731
-913
-1216
-957
-748
-729
-415
-588
-1479
-1055
-205
-136
-205
-389
-71
24
-142
-295
297
1216
640
263
689
898
516
133
785
1101
573
282
491
791
262
-137
181
476
177
-216
267
418
68
-231
-3
343
42
58
423
628
302
60
161
318
460
74
47
328
166
-123
-183
168
329
150
72
158
216
-75
-140
49
7
109
151
94
76
216
273
30
207
340
88
39
123
220
261
34
203
525
93
-263
-269
-178
-274
-469
-168
61
-343
-783
-622
-89
-316
-947
-408
106
-448
-771
-266
-124
-646
-627
-394
-553
-608
-647
-867
-791
-466
-376
-550
-446
-62
-269
-536
-326
-73
74
-59
5
208
275
182
35
245
535
636
436
255
571
878
567
185
427
755
434
38
208
395
252
175
438
533
92
27
447
422
17
48
503
473
-150
-279
379
292
-382
-127
577
371
-383
-113
512
417
-105
-337
135
296
-20
-219
-97
264
98
-334
-316
-40
66
-57
-122
-130
-59
-216
-429
-161
18
-132
-420
-413
-129
-131
-240
-369
-354
57
98
-306
-260
98
192
-78
-198
70
160
-85
-240
47
258
-81
-335
-33
245
25
-193
-21
251
185
32
225
346
24
-21
331
220
-57
-10
198
171
-149
-198
1
-51
-290
-181
56
-146
-529
-463
-110
-277
-676
-528
-93
-147
-604
-591
-280
-329
-517
-534
-325
-138
-306
-419
-157
123
1
-258
-2
264
164
98
249
509
455
268
221
305
420
358
322
313
391
480
323
206
231
407
414
242
362
451
417
297
211
342
268
115
114
217
400
338
105
111
241
127
20
148
215
181
116
172
319
170
10
86
196
158
66
93
21
60
31
-208
-113
53
-63
-242
-243
-203
-354
-492
-447
-311
-352
-574
-701
-652
-574
-621
-732
-781
-596
-525
-772
-744
-577
-580
-633
-585
-374
-337
-456
-504
-473
-358
-283
-245
-169
-10
50
-34
-86
-3
244
317
309
396
487
436
183
249
500
517
573
623
673
588
278
242
529
637
449
472
634
504
289
223
358
442
436
473
362
374
472
214
-9
360
680
356
237
511
462
201
82
198
321
336
341
262
174
49
-23
-47
-112
-38
-68
-182
-219
-321
-322
-286
-384
-509
-471
-374
-465
-575
-565
-513
-503
-564
-706
-760
-538
-436
-690
-760
-455
-383
-697
-741
-375
-239
-452
-517
-300
-141
-321
-449
-98
147
-66
-184
-18
64
-34
49
262
265
152
149
220
181
119
281
518
451
226
245
368
330
220
320
502
504
464
407
393
453
417
307
383
629
546
270
306
479
365
94
213
455
331
158
155
204
115
6
72
134
120
-12
-103
-44
-67
-162
-203
-132
-130
-255
-315
-333
-279
-243
-346
-369
-274
-258
-423
-393
-84
-144
-440
-366
-139
-162
-317
-214
26
0
-157
-255
-153
38
-5
-54
20
36
-57
-97
-38
-33
46
136
25
-56
94
274
185
87
202
264
226
179
206
273
258
205
73
-48
-13
38
-37
-163
-126
-63
-184
-354
-369
-239
-200
-301
-287
-96
-33
-277
-394
-132
12
-153
-176
62
85
-173
-214
-27
14
-101
-118
17
73
-39
-92
56
192
118
62
180
295
335
334
367
495
585
467
328
506
743
639
492
562
605
508
445
436
402
450
437
197
114
258
215
-12
-77
-13
-120
-297
-394
-452
-450
-489
-663
-876
-962
-933
-1001
-1132
-1144
-1081
-1105
-1168
-1112
-1029
-1034
-964
-763
-563
-451
-374
-254
-61
140
228
289
490
719
812
881
1003
1070
1074
1091
1113
1201
1292
1200
1083
1160
1209
980
753
793
837
782
761
685
582
557
479
283
168
191
187
132
41
-253
-756
-1158
-1243
-1128
-1102
-1276
-1528
-1792
-2037
-2131
-2041
-1922
-1815
-1612
-1430
-1391
-1357
-1188
-940
-625
-233
92
255
389
588
773
887
992
1136
1300
1455
1492
1286
974
895
1013
969
756
708
844
810
588
516
605
595
548
650
755
824
898
800
645
777
1010
853
635
826
960
758
635
699
474
-190
-750
-817
-605
-566
-881
-1299
-1609
-1903
-2236
-2402
-2311
-2166
-2080
-1979
-1902
-1951
-2063
-1988
-1598
-1042
-571
-307
-141
46
235
389
556
790
1039
1261
1413
1440
1349
1206
1074
1000
1010
1023
973
851
626
380
275
290
276
289
408
455
386
408
510
508
477
583
779
974
1084
1018
910
977
1128
1151
1134
1173
1036
513
-158
-521
-459
-307
-382
-681
-1040
-1396
-1757
-2072
-2256
-2286
-2237
-2139
-1993
-1925
-2081
-2261
-2076
-1541
-1063
-842
-690
-443
-150
79
230
417
731
1091
1333
1405
1371
1260
1123
1096
1174
1168
1005
882
877
782
445
85
-15
112
275
374
397
372
376
452
562
692
810
872
929
1052
1153
1087
977
1083
1413
1643
1433
761
-33
-493
-509
-391
-410
-543
-821
-1348
-1931
-2254
-2390
-2530
-2507
-2215
-2017
-2193
-2461
-2495
-2281
-1886
-1388
-975
-707
-428
-121
103
294
578
924
1250
1548
1747
1750
1623
1491
1423
1443
1479
1388
1161
968
873
679
227
-222
-230
190
502
376
91
23
138
266
395
528
625
754
995
1204
1215
1089
1058
1262
1603
1692
1118
80
-616
-498
-54
-36
-505
-1054
-1526
-1982
-2371
-2608
-2684
-2615
-2421
-2254
-2328
-2634
-2884
-2742
-2157
-1458
-1010
-814
-592
-245
68
284
564
1029
1578
1990
2134
2046
1848
1702
1704
1786
1761
1539
1258
1094
1008
793
434
88
-135
-145
92
350
314
88
72
328
548
602
684
924
1212
1361
1282
1103
1126
1463
1782
1564
664
-376
-785
-455
-91
-322
-988
-1612
-2053
-2417
-2726
-2930
-2988
-2867
-2641
-2553
-2760
-3116
-3197
-2709
-1859
-1174
-893
-754
-435
29
443
772
1126
1591
2087
2422
2463
2280
2060
1976
2073
2190
2046
1635
1281
1141
941
411
-180
-311
43
331
146
-252
-393
-242
46
414
716
794
819
1035
1311
1396
1380
1507
1828
2043
1580
352
-677
-591
97
267
-246
-973
-1768
-2524
-2903
-2931
-2968
-3031
-2962
-2893
-3062
-3451
-3771
-3616
-2800
-1788
-1230
-1088
-898
-535
-114
404
1019
1591
2114
2619
2898
2822
2612
2512
2522
2564
2551
2341
1937
1521
1162
798
441
51
-396
-598
-353
-97
-264
-569
-551
-233
179
558
781
861
1004
1282
1553
1765
1969
2125
1976
1232
156
-348
7
326
-66
-801
-1539
-2367
-2982
-3040
-2982
-3200
-3325
-3202
-3298
-3727
-4024
-3867
-3254
-2344
-1591
-1321
-1234
-899
-333
307
1013
1655
2113
2525
2934
3084
2947
2876
3010
3139
3095
2844
2376
1842
1459
1134
665
153
-158
-311
-468
-627
-755
-814
-674
-316
43
230
369
596
862
1161
1538
1946
2337
2570
2162
911
-271
-228
652
922
160
-911
-1903
-2832
-3308
-3162
-3050
-3369
-3628
-3556
-3662
-4193
-4563
-4193
-3175
-2117
-1605
-1617
-1568
-1062
-250
618
1432
2046
2428
2780
3128
3249
3188
3296
3595
3724
3495
2995
2402
1918
1630
1357
911
371
-160
-687
-1056
-1068
-887
-814
-764
-504
-181
-35
61
323
744
1232
1741
2224
2614
2623
1746
308
-292
514
1360
967
-176
-1247
-2287
-3171
-3366
-3152
-3325
-3785
-3960
-4029
-4406
-4819
-4710
-3939
-2850
-2051
-1891
-1951
-1577
-725
228
1107
1864
2387
2774
3205
3548
3640
3692
3902
4069
3943
3566
3083
2603
2225
1893
1435
759
-37
-642
-764
-569
-616
-1030
-1245
-896
-338
-58
-54
49
484
1107
1675
2215
2619
2176
695
-425
135
1368
1350
105
-1093
-1965
-2826
-3310
-3167
-3121
-3620
-4118
-4222
-4340
-4732
-4927
-4359
-3194
-2236
-2045
-2238
-1953
-968
222
1149
1725
2078
2421
2961
3570
3932
4031
4128
4273
4169
3723
3200
2846
2638
2408
1959
1139
170
-427
-534
-590
-869
-1193
-1319
-1166
-762
-309
-61
32
260
700
1181
1710
2378
2627
1616
-113
-640
527
1483
866
-501
-1673
-2710
-3377
-3205
-2842
-3244
-4067
-4460
-4462
-4566
-4747
-4569
-3758
-2662
-2108
-2321
-2384
-1511
-122
1014
1725
2094
2216
2498
3216
3983
4330
4362
4260
3983
3624
3376
3159
2892
2661
2273
1431
410
-258
-566
-719
-703
-702
-986
-1267
-1061
-532
-113
155
417
699
1050
1612
2371
2737
1841
90
-551
667
1801
1167
-443
-1830
-2864
-3236
-2793
-2640
-3453
-4246
-4411
-4528
-4679
-4552
-4386
-4034
-2997
-2129
-2400
-2676
-1639
-90
919
1622
2061
1971
2126
3171
4177
4316
4111
4028
3820
3562
3506
3311
2801
2434
2183
1462
455
-117
-328
-665
-961
-989
-1086
-1256
-976
-331
-2
-55
84
520
986
1658
2640
3004
1734
-204
-583
875
1946
1281
-221
-1707
-2963
-3222
-2402
-2197
-3326
-4250
-4309
-4529
-4856
-4466
-3969
-3867
-3256
-2351
-2499
-2914
-1800
43
943
1287
1700
1734
1938
3212
4421
4311
3889
4047
3968
3536
3594
3673
3026
2376
2149
1507
483
27
-114
-538
-779
-772
-1193
-1591
-1032
-115
143
12
65
282
764
1694
2703
2875
1488
-481
-628
1279
2268
1004
-561
-1649
-2969
-3263
-1884
-1684
-3699
-4759
-4074
-4254
-5064
-4461
-3639
-3913
-3582
-2467
-2597
-3056
-1622
306
748
857
1460
1614
1937
3443
4557
4057
3548
3892
3896
3551
3761
3799
2926
2187
2051
1529
599
248
242
-267
-935
-1160
-1199
-1222
-850
-186
94
-104
-124
381
1033
1659
2512
2920
1555
-548
-440
1715
2438
941
-405
-1395
-2946
-3192
-1444
-1195
-3571
-4918
-4266
-4357
-4992
-4239
-3527
-4156
-4061
-2809
-2644
-2996
-1659
129
425
462
1255
1672
1952
3277
4411
3934
3311
3770
4079
3721
3756
3869
3038
2122
2020
1712
774
383
507
-111
-1130
-1325
-1034
-1012
-815
-219
-46
-426
-362
417
1132
1590
2309
2689
1405
-549
-350
1890
2672
966
-703
-1513
-2539
-2666
-1124
-919
-3448
-5135
-4278
-3735
-4334
-4114
-3676
-4376
-4421
-2996
-2433
-2852
-1905
-244
29
-79
816
1625
2054
3188
4128
3523
2843
3529
4260
4052
3832
3688
2893
2218
2394
2283
1295
557
436
21
-735
-1073
-958
-781
-596
-400
-350
-400
-222
390
1087
1442
1840
2393
1748
-170
-523
1650
2780
1011
-759
-1221
-2206
-2832
-1283
-560
-3206
-5406
-4402
-3448
-4130
-4018
-3440
-4342
-4769
-3169
-2203
-2708
-2074
-542
-412
-619
510
1565
1833
2703
3647
3167
2604
3463
4293
3992
3677
3590
2915
2313
2587
2604
1593
723
579
224
-483
-711
-565
-665
-776
-527
-287
-298
-153
385
961
1285
1673
2270
2027
386
-581
961
2662
1605
-546
-1285
-1696
-2369
-1521
-459
-2347
-5099
-4753
-3125
-3378
-3984
-3684
-4212
-4942
-3672
-2077
-2340
-2534
-1319
-629
-752
88
1313
1609
2049
3070
3144
2570
3117
4103
3983
3448
3367
3077
2605
2715
2730
1844
939
747
602
156
-193
-464
-726
-660
-405
-371
-361
-121
131
416
914
1396
1814
1951
903
-624
-44
2252
2442
48
-1493
-1596
-2027
-1820
-472
-1144
-4233
-5321
-3548
-2774
-3614
-3757
-3772
-4554
-4165
-2459
-2035
-2621
-1975
-885
-774
-359
927
1540
1590
2317
2924
2635
2819
3828
4079
3407
3126
3217
2983
2848
2950
2421
1352
871
951
607
-49
-232
-157
-430
-728
-516
-94
34
23
232
526
733
1310
2267
1981
-163
-1248
870
2920
1518
-986
-1673
-1894
-2220
-970
-90
-2635
-5460
-4468
-2442
-2851
-3717
-3654
-4342
-4795
-3094
-1682
-2546
-2881
-1416
-735
-948
49
1222
1080
1322
2532
2722
2236
3059
4133
3636
2831
3027
3195
2907
2940
2786
1716
879
1130
1203
343
-233
25
42
-448
-479
3
177
152
454
726
700
1070
2056
2309
785
-911
-209
2075
2340
93
-1634
-1943
-2088
-1468
-175
-1243
-4490
-5244
-3013
-2199
-3408
-3868
-3935
-4553
-3821
-1979
-2045
-3192
-2296
-623
-646
-706
563
1231
1043
1854
2796
2300
2162
3500
3968
2845
2428
3028
3053
2798
2874
2250
1064
976
1621
1277
182
-394
-372
-87
262
189
-258
-260
191
519
757
969
1032
1489
1888
582
-1212
-101
2482
1890
-992
-1898
-1515
-1992
-1462
-50
-1738
-5218
-4966
-2179
-1993
-3448
-3549
-3796
-4574
-3185
-1068
-1782
-3182
-2014
-549
-701
-209
1130
1022
596
1836
2854
2333
2414
3461
3271
2259
2485
3237
2994
2554
2482
1836
984
1242
1734
925
-216
-177
313
236
43
88
-37
-32
493
935
834
896
1556
2079
1348
-354
-879
988
2543
1015
-1575
-2201
-1838
-1629
-719
-591
-3381
-5746
-4063
-1669
-2387
-3910
-4060
-4246
-4091
-2259
-1249
-2685
-3236
-1381
-267
-636
-104
921
815
969
2218
2587
2006
2552
3569
3143
2346
2737
3239
2912
2551
2266
1566
1222
1782
1927
879
-125
-138
217
409
499
293
-158
-102
507
874
837
947
1266
1567
1317
56
-882
452
2310
1208
-1564
-2189
-1374
-1404
-1202
-784
-2754
-5320
-4187
-1523
-2003
-3901
-3999
-3757
-3880
-2457
-1061
-2298
-3458
-1794
-149
-490
-385
693
682
485
1756
2714
2143
2081
2952
2852
2191
2660
3302
2775
2123
2091
1797
1368
1688
1893
825
-345
-76
856
954
319
-175
-249
160
905
1221
789
475
1013
1828
1644
192
-774
446
2104
1175
-1254
-1951
-1350
-1299
-1045
-856
-2877
-5168
-3907
-1443
-2139
-4095
-4110
-3645
-3621
-2428
-1383
-2590
-3482
-1734
-93
-390
-466
372
570
699
1819
2562
2144
2079
2695
2714
2357
2687
3094
2709
2155
2048
1986
1815
1808
1653
869
14
89
863
1093
361
-339
-182
490
959
1005
707
406
701
1688
2084
702
-1000
-346
1796
1733
-754
-2101
-1588
-1401
-1414
-932
-2039
-4591
-4576
-2039
-1686
-3679
-4230
-3508
-3516
-2964
-1633
-2003
-3255
-2279
-391
-345
-762
78
685
588
1266
2229
2070
1821
2443
2759
2346
2434
2956
2819
2279
2151
2122
1908
1862
1878
1347
528
243
675
1079
810
98
-187
262
898
1115
858
394
336
1156
2159
1613
-454
-1274
590
2207
785
-1645
-2139
-1568
-1317
-835
-993
-3280
-5041
-3416
-1366
-2344
-4104
-4085
-3636
-3346
-2186
-1632
-2889
-3254
-1376
-199
-774
-705
298
556
697
1658
2150
1757
1984
2692
2570
2192
2671
3126
2728
2217
2113
2029
2014
2139
1856
1044
509
600
951
1089
701
-23
-207
456
1050
884
460
318
548
1253
1893
1015
-947
-1065
1215
2099
-168
-2196
-1840
-1259
-1311
-894
-1387
-3825
-4697
-2374
-1119
-2960
-4261
-3617
-3252
-3011
-1875
-1777
-3101
-2830
-845
-238
-889
-496
409
532
838
1696
1870
1621
2107
2632
2303
2103
2656
2920
2423
1988
1966
2022
2057
2023
1627
926
467
625
1146
1212
488
-191
40
752
1062
859
474
222
505
1352
1925
1085
-697
-1093
766
2045
374
-1936
-2038
-1217
-1140
-1068
-1327
-3178
-4452
-2874
-1275
-2457
-3989
-3709
-3201
-3071
-2166
-1690
-2720
-2975
-1386
-442
-851
-591
313
388
409
1217
1695
1578
1905
2261
1904
1870
2691
2979
2324
1869
1926
2048
2286
2353
1719
930
779
966
1181
1371
992
84
-33
869
1311
817
410
380
467
1008
1822
1491
-266
-1264
84
1810
1073
-1252
-2137
-1495
-1167
-1095
-1061
-2390
-4218
-3585
-1527
-1766
-3593
-3811
-3027
-2972
-2573
-1647
-2047
-2950
-2069
-656
-700
-851
-7
336
19
607
1620
1663
1529
1998
2067
1713
2198
2979
2609
1772
1767
2127
2166
2161
1934
1186
771
1120
1254
889
752
682
234
154
739
919
452
314
538
560
766
1386
1272
-156
-1163
-99
1590
1160
-1013
-2043
-1458
-1074
-1046
-957
-2041
-3872
-3572
-1592
-1567
-3294
-3735
-3114
-2943
-2310
-1299
-1880
-3022
-2149
-528
-425
-659
-51
161
1
845
1774
1455
1200
1886
2138
1754
2122
2787
2411
1784
1951
2170
2019
2066
2054
1422
940
1150
1205
897
888
852
301
41
632
975
516
221
437
504
529
1006
1226
175
-1054
-507
1138
1118
-880
-2130
-1617
-1113
-1120
-1058
-1844
-3553
-3613
-1786
-1398
-2942
-3512
-2902
-2773
-2455
-1483
-1684
-2759
-2231
-725
-533
-824
-258
81
-140
438
1369
1280
1064
1700
2038
1688
1910
2641
2557
1973
1997
2266
2215
2241
2255
1691
1161
1450
1653
1107
813
1038
758
212
497
961
576
157
335
413
334
734
1168
574
-662
-982
188
1228
273
-1628
-2043
-1279
-1026
-1117
-1328
-2628
-3874
-2824
-1192
-1907
-3457
-3419
-2819
-2596
-1836
-1320
-2320
-2918
-1557
-366
-679
-855
-331
-210
-16
977
1509
1039
1008
1698
1939
1815
2197
2544
2181
1876
2164
2394
2256
2126
1994
1618
1432
1580
1407
925
872
1049
735
344
522
667
356
244
478
450
267
488
848
486
-502
-808
247
1033
-69
-1627
-1601
-954
-1067
-1154
-1195
-2400
-3417
-2310
-1090
-2049
-3259
-2926
-2519
-2580
-1908
-1430
-2343
-2784
-1511
-580
-933
-897
-273
-253
-159
812
1357
918
929
1654
1947
1896
2202
2388
2061
1893
2235
2471
2279
1979
1737
1523
1498
1558
1246
759
764
945
570
158
393
599
257
51
248
285
166
334
619
448
-314
-812
-69
979
363
-1309
-1613
-770
-659
-1017
-1128
-1910
-2979
-2441
-1170
-1595
-2914
-3041
-2522
-2383
-1972
-1511
-2043
-2596
-1775
-703
-687
-859
-474
-189
-5
683
1288
1124
949
1395
1912
2113
2250
2292
2110
2005
2178
2354
2295
2032
1746
1555
1474
1431
1209
673
321
593
823
323
-164
22
178
-44
-4
181
-55
-172
372
781
238
-680
-729
302
964
78
-1194
-1250
-775
-818
-849
-967
-2068
-2879
-1936
-1082
-2054
-2993
-2596
-2309
-2419
-1846
-1522
-2304
-2445
-1238
-663
-1068
-825
-142
-169
-70
841
1352
1065
1168
1674
1787
1896
2397
2493
2051
1955
2265
2338
2211
2075
1761
1409
1434
1587
1271
568
273
626
798
258
-220
-61
119
29
101
158
-161
-237
323
770
416
-422
-759
17
864
275
-1000
-1169
-712
-858
-1039
-1019
-1820
-2693
-2073
-1249
-1991
-2905
-2631
-2330
-2449
-1974
-1572
-2197
-2477
-1506
-858
-1086
-912
-323
-245
-96
664
1108
924
1086
1584
1762
1906
2328
2394
2024
1954
2255
2371
2263
2066
1744
1437
1416
1498
1295
711
273
460
781
424
-138
-109
124
44
101
294
125
-45
312
640
533
185
-280
-380
398
829
-266
-1339
-896
-406
-881
-1141
-1190
-2056
-2525
-1592
-1193
-2321
-2948
-2376
-2096
-2202
-1877
-1819
-2307
-2103
-1155
-867
-1134
-850
-292
-118
191
806
1004
855
1090
1519
1687
1869
2156
2089
1849
1950
2218
2199
1972
1728
1526
1448
1447
1269
921
606
397
352
475
394
-52
-331
-90
189
99
-62
15
171
254
390
640
574
-31
-339
348
879
79
-883
-728
-466
-828
-900
-845
-1689
-2356
-1696
-1232
-2001
-2431
-2083
-2227
-2445
-1750
-1401
-2103
-2214
-1331
-1038
-1219
-731
-256
-491
-290
624
989
811
1061
1358
1291
1585
2183
2053
1533
1639
2054
2036
1883
1826
1592
1320
1368
1384
1020
565
386
425
457
253
-81
-157
67
168
78
59
164
314
477
503
468
586
479
-61
-127
576
601
-418
-819
-347
-509
-1062
-896
-991
-2017
-2310
-1491
-1485
-2395
-2548
-2153
-2253
-2233
-1740
-1762
-2153
-1797
-1062
-909
-908
-541
-254
-139
275
751
865
916
1181
1394
1542
1805
1958
1836
1770
1915
1986
1865
1702
1538
1374
1287
1195
954
649
508
509
442
211
-33
-68
128
261
144
-52
-39
215
496
496
287
372
690
464
-86
155
790
383
-525
-529
-295
-786
-1017
-683
-1185
-2219
-2052
-1348
-1748
-2437
-2288
-2167
-2397
-2045
-1563
-1939
-2249
-1583
-981
-1063
-940
-492
-379
-224
418
844
754
879
1284
1415
1502
1876
2038
1743
1586
1799
1950
1866
1686
1456
1258
1197
1144
971
770
619
485
390
315
166
34
97
224
195
80
86
230
417
431
271
337
760
761
48
-230
473
763
-60
-677
-524
-632
-977
-797
-879
-1879
-2365
-1677
-1431
-2149
-2458
-2218
-2294
-2245
-1703
-1672
-2166
-1928
-1115
-891
-966
-640
-339
-269
141
692
772
755
1105
1366
1356
1551
1876
1826
1601
1642
1786
1749
1656
1536
1313
1155
1199
1103
717
518
709
704
280
26
180
269
238
329
290
-8
43
565
773
381
158
522
906
610
-25
-89
460
534
-168
-697
-692
-796
-947
-843
-1120
-1998
-2260
-1670
-1538
-2170
-2451
-2267
-2220
-2115
-1782
-1846
-2128
-1768
-1060
-913
-980
-643
-266
-107
252
669
741
820
1208
1416
1364
1564
1902
1848
1636
1729
1897
1818
1672
1585
1435
1251
1144
1049
876
700
575
447
302
197
155
146
156
189
180
138
193
372
460
350
281
490
715
462
-74
-97
389
381
-314
-735
-647
-757
-1020
-1000
-1176
-1840
-2114
-1705
-1614
-2088
-2323
-2185
-2159
-2109
-1842
-1748
-1884
-1712
-1256
-1015
-938
-643
-303
-152
38
443
765
887
1021
1223
1366
1557
1841
1937
1719
1583
1776
1971
1860
1634
1496
1365
1190
1098
1067
961
768
553
371
306
368
396
302
189
142
180
304
433
416
250
177
429
775
569
-127
-289
338
534
-179
-721
-672
-785
-995
-880
-1112
-1948
-2183
-1625
-1612
-2257
-2419
-2219
-2313
-2239
-1809
-1845
-2188
-1879
-1244
-1134
-1141
-731
-377
-292
11
445
619
780
1133
1305
1293
1529
1875
1870
1661
1661
1839
1927
1849
1676
1468
1260
1132
1174
1238
999
551
350
452
487
369
251
145
104
251
385
288
213
387
519
450
492
724
649
145
-105
287
595
135
-564
-770
-708
-790
-898
-1106
-1669
-2103
-1889
-1579
-1840
-2277
-2359
-2264
-2151
-1908
-1789
-1955
-1927
-1465
-1103
-1039
-870
-528
-271
18
392
570
641
939
1241
1292
1420
1736
1809
1611
1559
1686
1750
1748
1661
1439
1246
1156
1059
975
919
726
438
326
348
288
206
201
168
128
203
303
318
347
453
507
503
613
785
643
167
-1
424
616
-8
-675
-714
-668
-880
-1003
-1244
-1908
-2210
-1763
-1596
-2149
-2464
-2247
-2143
-2119
-1836
-1715
-1891
-1749
-1230
-949
-870
-616
-329
-185
91
500
715
784
986
1208
1316
1461
1680
1729
1586
1514
1629
1748
1681
1470
1322
1268
1166
1005
908
850
720
576
477
344
251
331
399
260
150
226
287
308
421
445
276
259
534
698
451
-10
-182
121
382
-6
-704
-963
-858
-855
-992
-1290
-1815
-2115
-1847
-1630
-1923
-2231
-2204
-2112
-1974
-1691
-1589
-1733
-1619
-1155
-828
-731
-557
-295
-96
133
463
729
868
994
1117
1227
1410
1647
1734
1606
1475
1539
1711
1746
1559
1339
1290
1285
1116
909
885
867
632
404
368
332
227
230
248
115
34
138
239
255
264
215
135
258
520
493
58
-288
-98
263
97
-531
-924
-905
-857
-904
-1107
-1597
-2013
-1866
-1550
-1679
-2027
-2167
-2144
-1956
-1606
-1492
-1696
-1671
-1274
-974
-818
-554
-349
-288
-48
375
622
749
968
1122
1155
1359
1696
1794
1666
1576
1587
1697
1858
1820
1531
1291
1200
1125
1176
1279
968
387
278
588
582
293
150
41
-67
124
341
134
-86
102
261
152
194
347
268
130
74
-81
-164
5
-80
-596
-914
-848
-891
-1100
-1258
-1565
-1945
-1902
-1594
-1690
-2101
-2234
-2066
-1888
-1723
-1607
-1653
-1643
-1307
-895
-716
-621
-387
-108
139
445
750
922
1043
1211
1366
1533
1761
1871
1747
1645
1737
1830
1761
1610
1479
1401
1306
1119
966
959
861
549
366
422
353
156
122
116
-24
-17
156
112
-19
109
242
109
56
226
248
90
-31
-158
-265
-191
-223
-629
-982
-959
-939
-1113
-1264
-1427
-1717
-1827
-1621
-1539
-1784
-1983
-1904
-1725
-1594
-1483
-1419
-1376
-1180
-841
-578
-437
-248
23
275
504
725
898
1061
1248
1379
1468
1597
1690
1672
1638
1650
1650
1641
1597
1460
1321
1209
1005
818
885
924
558
162
170
260
136
55
28
-173
-262
-13
91
-130
-173
30
61
-3
91
130
41
18
-71
-266
-207
-48
-336
-793
-850
-790
-939
-1022
-1128
-1539
-1758
-1452
-1305
-1647
-1849
-1731
-1678
-1585
-1325
-1285
-1451
-1288
-858
-621
-525
-342
-157
30
344
654
818
941
1079
1211
1411
1654
1735
1662
1639
1682
1710
1761
1742
1521
1289
1218
1135
984
935
819
435
171
301
365
103
-82
-78
-156
-200
-38
-4
-201
-202
-5
-4
-67
45
82
-29
6
44
-177
-256
-41
-157
-637
-759
-623
-818
-1053
-1029
-1265
-1726
-1650
-1295
-1513
-1935
-1839
-1614
-1649
-1552
-1306
-1337
-1378
-994
-591
-539
-473
-177
78
266
564
811
893
1016
1241
1422
1545
1645
1660
1641
1674
1673
1610
1566
1487
1319
1190
1073
867
742
770
621
274
125
194
154
55
23
-93
-222
-107
50
-18
-92
-1
43
-6
62
154
84
33
110
34
-211
-246
-82
-189
-561
-738
-730
-846
-969
-1015
-1268
-1590
-1525
-1316
-1486
-1745
-1700
-1587
-1531
-1363
-1260
-1332
-1210
-838
-607
-522
-316
-102
36
297
619
758
826
1007
1189
1290
1400
1510
1527
1499
1508
1516
1476
1422
1351
1220
1046
930
912
877
678
401
287
310
268
163
76
-57
-161
-40
120
13
-166
-82
96
84
32
92
101
20
45
105
-62
-279
-209
-113
-390
-713
-704
-700
-936
-1058
-1070
-1318
-1538
-1378
-1268
-1517
-1653
-1488
-1421
-1442
-1262
-1087
-1107
-1009
-695
-493
-420
-232
14
170
361
613
777
882
1033
1162
1238
1353
1450
1444
1436
1460
1391
1300
1323
1276
1045
926
967
859
630
570
540
332
221
304
220
3
18
120
4
-109
-17
25
-53
-27
28
-53
-81
35
53
-60
-159
-247
-288
-190
-208
-535
-791
-746
-739
-871
-951
-1113
-1410
-1440
-1210
-1238
-1469
-1468
-1387
-1416
-1266
-994
-1002
-1091
-845
-523
-422
-290
-55
56
156
449
702
734
796
1003
1154
1180
1244
1358
1393
1325
1292
1355
1380
1247
1088
1050
1017
881
761
714
586
406
360
357
246
146
153
116
19
43
127
84
-10
5
46
39
40
22
-60
-104
-128
-260
-365
-312
-351
-642
-844
-806
-852
-1036
-1117
-1188
-1404
-1466
-1297
-1298
-1498
-1495
-1343
-1310
-1222
-980
-890
-950
-769
-418
-250
-185
6
200
292
482
762
860
842
972
1164
1232
1272
1354
1344
1261
1262
1313
1284
1197
1110
1004
884
755
655
617
557
374
163
106
119
68
-13
-95
-188
-191
-41
42
-69
-164
-81
25
60
104
106
-12
-81
-6
-18
-195
-298
-292
-414
-625
-698
-724
-891
-1041
-1055
-1127
-1281
-1284
-1200
-1275
-1379
-1289
-1174
-1151
-1047
-896
-865
-799
-538
-313
-250
-151
43
192
351
582
699
685
793
1020
1118
1120
1189
1254
1251
1276
1328
1305
1251
1240
1210
1115
1033
991
942
854
735
630
580
536
446
358
294
225
162
115
32
-67
-110
-139
-253
-430
-578
-614
-582
-712
-1001
-1146
-1140
-1195
-1244
-1267
-1490
-1706
-1510
-1273
-1434
-1565
-1392
-1308
-1294
-1013
-806
-922
-824
-406
-219
-225
17
285
330
489
806
900
878
1068
1258
1239
1257
1382
1373
1276
1306
1318
1186
1075
1045
939
781
700
606
463
364
302
190
81
54
35
-5
-36
-61
-81
-49
13
21
-3
15
51
64
70
58
15
-19
-37
-104
-206
-281
-349
-456
-572
-670
-775
-890
-978
-1042
-1112
-1183
-1223
-1233
-1241
-1231
-1158
-1089
-1071
-1012
-862
-719
-625
-502
-354
-243
-108
108
272
326
420
602
741
827
940
1019
1014
1064
1194
1236
1184
1167
1180
1158
1146
1142
1082
990
931
900
858
798
720
645
576
497
428
379
313
215
112
0
-74
-119
-205
-327
-463
-634
-757
-723
-749
-1013
-1234
-1229
-1245
-1333
-1336
-1418
-1637
-1622
-1344
-1277
-1425
-1387
-1222
-1125
-949
-706
-655
-649
-387
-68
55
139
314
480
624
788
905
958
1035
1138
1196
1194
1171
1168
1185
1156
1045
955
947
920
822
720
640
561
532
535
465
354
327
367
369
332
285
239
237
273
261
190
126
69
27
18
-45
-187
-303
-363
-445
-539
-625
-758
-912
-986
-1020
-1105
-1196
-1249
-1302
-1335
-1305
-1266
-1270
-1254
-1184
-1085
-968
-854
-749
-629
-490
-340
-171
-19
86
217
393
522
604
722
831
873
940
1034
1048
1027
1071
1091
1030
999
1011
963
898
884
840
756
733
734
668
594
579
564
521
490
446
383
340
319
259
161
78
0
-75
-151
-254
-403
-527
-591
-677
-810
-919
-1003
-1107
-1173
-1172
-1219
-1322
-1334
-1255
-1234
-1232
-1143
-1054
-1018
-896
-701
-594
-522
-356
-182
-71
68
227
321
415
547
637
696
775
832
849
876
895
885
887
894
848
794
776
751
704
674
637
580
550
535
499
471
448
417
396
387
352
308
284
243
177
126
76
-4
-82
-146
-235
-346
-422
-486
-587
-700
-765
-814
-893
-960
-993
-1036
-1076
-1056
-1020
-1041
-1036
-948
-866
-812
-733
-635
-550
-435
-291
-187
-111
12
152
254
352
453
522
592
690
754
767
794
832
840
835
832
807
770
751
725
677
629
593
554
511
476
439
397
367
349
318
283
258
225
184
148
111
55
-4
-57
-123
-194
-274
-357
-440
-522
-605
-690
-765
-836
-903
-951
-986
-1018
-1035
-1019
-996
-970
-916
-839
-762
-675
-566
-456
-350
-234
-110
7
109
212
321
410
483
550
611
649
678
709
726
715
705
707
687
652
632
613
583
552
536
518
488
471
461
445
424
409
396
374
349
322
290
250
204
159
108
40
-32
-99
-172
-254
-331
-406
-498
-587
-659
-734
-817
-882
-918
-959
-1000
-1006
-992
-987
-964
-899
-834
-775
-687
-574
-479
-384
-259
-135
-40
61
179
270
333
408
485
528
549
587
611
602
594
600
587
549
531
528
504
473
471
469
452
444
459
464
459
469
480
478
471
476
474
450
424
399
364
311
263
203
123
42
-35
-115
-213
-309
-395
-480
-566
-648
-730
-797
-842
-880
-916
-949
-962
-949
-921
-886
-853
-808
-737
-648
-560
-480
-397
-303
-199
-89
1
70
137
220
299
353
382
407
441
475
490
481
464
459
471
477
465
444
434
449
473
482
476
479
498
530
557
559
545
546
560
562
537
494
447
405
364
309
221
118
34
-39
-124
-232
-345
-448
-536
-608
-683
-767
-846
-885
-900
-919
-935
-940
-919
-874
-822
-771
-721
-649
-554
-460
-373
-295
-216
-125
-39
36
91
140
200
258
302
326
337
358
388
413
418
408
415
433
456
465
462
464
486
517
537
545
548
564
587
601
591
570
556
546
531
491
430
370
323
276
204
112
21
-56
-124
-203
-292
-385
-460
-514
-562
-619
-677
-718
-736
-737
-744
-753
-749
-723
-686
-651
-621
-588
-539
-483
-427
-383
-340
-281
-223
-168
-120
-81
-38
12
61
102
134
166
202
236
268
294
317
342
374
403
425
449
475
505
532
555
573
589
602
611
613
611
602
585
555
519
477
430
374
310
239
169
97
20
-58
-135
-211
-282
-348
-405
-459
-506
-543
-576
-597
-606
-612
-612
-605
-591
-571
-545
-520
-492
-464
-431
-392
-356
-321
-288
-249
-210
-171
-133
-96
-58
-20
15
51
90
124
156
186
215
242
271
301
326
350
372
395
417
441
460
477
494
509
523
526
525
517
505
490
465
429
386
343
290
231
169
104
36
-34
-98
-161
-224
-279
-331
-379
-425
-465
-497
-522
-540
-552
-561
-563
-557
-549
-530
-506
-477
-443
-407
-367
-325
-284
-242
-197
-153
-113
-72
-37
-3
28
59
87
111
134
156
178
203
225
248
269
287
309
331
348
365
383
398
410
418
420
418
415
408
395
385
366
349
325
298
270
240
201
159
123
82
36
-8
-59
-108
-153
-200
-242
-286
-326
-363
-390
-417
-440
-459
-467
-472
-471
-462
-454
-443
-425
-400
-373
-346
-314
-282
-250
-217
-181
-150
-122
-89
-57
-26
-2
26
54
83
115
144
173
201
232
259
283
311
334
357
373
391
403
410
416
416
411
399
387
373
353
331
303
282
256
225
189
155
121
82
41
0
-41
-83
-123
-164
-206
-249
-281
-310
-340
-364
-383
-395
-407
-413
-415
-407
-399
-390
-375
-359
-345
-329
-306
-276
-249
-223
-195
-168
-145
-116
-83
-53
-24
7
41
69
92
121
151
176
201
227
251
271
289
307
322
335
347
352
358
355
348
342
337
327
312
294
273
250
226
200
172
145
119
91
59
28
-4
-33
-57
-78
-98
-125
-151
-175
-201
-217
-227
-237
-247
-260
-270
-279
-287
-287
-281
-277
-274
-266
-259
-253
-244
-227
-210
-199
-185
-165
-150
-135
-117
-95
-79
-57
-28
-6
8
26
61
95
111
122
141
163
178
190
203
216
224
234
239
237
236
241
237
229
224
221
212
195
182
171
160
139
124
107
82
62
45
28
2
-21
-41
-58
-70
-83
-106
-127
-131
-125
-139
-162
-159
-155
-160
-164
-163
-166
-167
-158
-148
-150
-153
-137
-123
-119
-113
-100
-85
-75
-58
-41
-35
-25
2
25
24
25
50
73
81
83
93
105
115
124
123
109
106
115
117
103
93
89
88
86
83
67
47
40
47
45
25
9
6
10
7
-3
-20
-27
-16
-10
-23
-40
-42
-30
-31
-46
-62
-60
-48
-44
-56
-74
-72
-51
-43
-56
-66
-64
-49
-33
-38
-55
-54
-29
-11
-21
-36
-32
-8
9
4
-15
-11
14
37
28
6
8
34
52
40
24
29
54
67
66
46
39
61
73
59
40
43
59
61
47
27
24
33
34
15
0
-2
3
-3
-13
-19
-23
-18
-20
-28
-38
-38
-31
-29
-37
-40
-33
-27
-26
-31
-31
-27
-22
-19
-25
-29
-23
-19
-21
-20
-20
-18
-15
-10
-13
-12
-7
-8
-9
-6
-6
-7
-2
-2
-1
5
10
8
6
9
13
14
19
19
18
20
23
22
20
18
19
21
19
15
15
17
18
16
14
9
9
10
8
3
5
5
3
2
-1
-2
-1
-2
-3
-3
-4
-5
-5
-1
0
-2
-3
-6
-5
-4
-5
-7
-9
-11
-10
-9
-9
-9
-10
-11
-7
-9
-12
-14
-12
-10
-9
-9
-11
-12
-9
-6
-8
-8
-6
-4
-5
-5
-6
-7
-1
-1
2
5
5
4
4
5
4
6
6
5
2
3
3
4
4
6
2
3
5
3
4
7
10
4
5
3
2
4
0
2
2
3
2
3
4
6
8
4
1
-2
1
-1
0
-4
-6
-3
-3
-2
-4
-3
-7
-5
-4
-4
-2
0
-2
-2
-4
-3
-4
-6
-4
-4
-1
2
2
2
-1
-3
-4
-2
-2
-4
-4
-4
-4
-2
-1
-1
-3
-4
-2
1
4
2
0
1
1
-1
0
-2
-1
-4
-2
1
0
0
-2
1
3
7
7
4
3
5
6
5
3
3
3
3
4
2
0
1
-1
-3
-4
-5
-3
-1
-2
-3
-2
-4
-2
1
2
-1
-1
1
2
2
-1
-1
0
-2
-5
-2
2
1
0
3
2
4
1
1
-2
-2
0
2
-2
-2
-2
0
2
0
-1
1
2
0
0
-1
-1
-2
-4
-3
-3
-1
1
-1
0
-4
-3
-3
-3
-2
0
1
1
1
-1
-3
-3
-5
-6
-6
-5
-2
-3
-2
-1
-1
-3
-2
-1
-2
0
0
-1
1
3
1
1
1
3
4
8
12
13
9
8
11
10
8
9
6
3
0
0
0
0
3
2
1
1
0
-4
-1
1
1
-2
-6
-6
-6
-2
-1
-7
-5
-3
-5
-3
-5
-2
-1
-1
-3
-4
-4
-2
-3
-5
-4
-3
-4
-2
-2
-4
-3
-4
-3
-3
-2
-3
-5
-2
-1
-2
-1
3
0
2
3
6
9
6
4
1
3
5
4
2
3
2
0
2
0
-1
-2
-2
-2
-2
3
-2
0
1
-1
1
1
0
0
2
2
2
3
5
4
4
5
5
3
1
1
4
4
1
-1
-1
-2
0
-1
-3
-5
-7
-3
0
1
0
-3
-3
0
-2
-2
0
0
0
-2
0
0
1
2
-1
1
1
1
0
-2
-2
-3
0
-2
-2
-3
-2
-3
-4
-2
-2
-5
-5
-4
0
1
-3
-4
-1
1
0
-1
-2
-2
-1
1
2
1
1
2
3
5
6
7
3
2
1
3
4
3
-2
-4
-1
-1
1
1
1
0
2
5
5
2
1
0
2
1
4
4
3
4
4
4
2
5
1
2
4
4
3
2
-1
0
-1
1
0
-4
-4
-3
-4
-4
-3
-3
-5
-7
-4
-4
-5
-8
-8
-8
-6
-2
-3
-4
-6
-6
-6
-5
-3
-3
-2
0
0
2
-1
2
2
3
2
1
2
3
6
3
2
1
1
2
4
5
5
4
2
5
5
5
5
4
4
4
5
3
5
-1
2
2
0
4
3
1
0
-1
0
0
-3
-4
-4
-1
-2
-3
1
