5
2
1
-1
0
3
-2
-2
-5
-3
-2
-2
0
-3
0
1
1
-2
1
2
2
-1
3
2
0
-2
-2
3
2
2
1
-1
1
2
1
0
0
2
0
-1
0
0
2
1
0
1
3
5
6
5
4
4
1
0
1
0
-3
-5
0
2
0
1
0
-2
-1
-1
-1
-1
-3
-4
2
3
0
-2
-4
-1
-2
-4
-1
-4
-1
0
-4
0
-3
-3
-5
-6
-4
-4
-4
-3
-1
-1
0
1
-2
0
-1
-1
2
0
-1
-1
0
-1
-1
0
-1
3
3
4
6
3
4
4
6
6
0
1
0
-1
1
1
1
1
4
5
1
3
3
1
3
2
1
2
1
0
0
0
-2
0
2
1
-1
1
2
0
0
-1
-1
0
0
-1
-3
-5
-1
-2
-5
-5
-6
0
2
-1
-2
-2
-2
1
0
-2
-1
-2
0
0
0
3
2
1
-2
-5
-1
1
1
0
-1
-1
2
4
3
0
-3
-1
2
3
1
2
1
1
0
1
0
2
2
1
0
1
0
1
2
1
-2
-2
-1
-1
-1
-1
0
-2
-1
-1
-1
1
-1
0
-2
-3
-2
-1
-1
0
-1
-1
0
-1
-1
-2
2
2
0
2
0
5
3
1
4
4
4
2
-4
-2
1
-1
-2
1
5
5
1
0
1
4
5
0
-5
-8
-3
3
4
1
-5
-7
-5
1
4
1
-2
2
-2
-4
-3
7
14
6
-13
-23
-11
9
16
3
-12
-16
-9
-2
4
8
12
2
-17
-24
0
32
32
-3
-24
-12
22
29
2
-17
-7
17
13
-11
-18
7
26
3
-30
-28
15
49
19
-39
-59
-11
44
51
-2
-45
-30
14
34
5
-17
-7
18
7
-26
-32
4
44
25
-35
-59
-12
54
53
-10
-62
-38
30
53
13
-35
-28
3
10
-10
-5
34
35
-24
-76
-37
65
99
12
-86
-79
16
75
43
-13
-17
-2
-22
-45
2
93
99
-28
-152
-101
77
167
58
-112
-127
6
92
30
-56
-15
82
54
-97
-164
-8
205
193
-62
-261
-162
111
237
96
-118
-162
-32
70
45
-18
2
56
33
-71
-117
-24
110
130
7
-114
-112
-7
77
70
12
-37
-42
-22
5
32
30
-8
-40
-30
16
44
12
-42
-49
14
73
54
-35
-82
-25
68
80
-5
-70
-31
52
49
-43
-81
22
136
78
-121
-208
-33
233
256
-33
-305
-237
93
300
161
-120
-206
-60
73
30
-44
29
160
96
-166
-314
-98
289
391
54
-357
-373
0
326
271
-25
-198
-125
5
17
-9
61
157
92
-126
-254
-115
142
241
94
-110
-161
-66
34
66
52
22
-19
-58
-41
29
68
12
-76
-75
33
114
56
-73
-112
-18
86
74
-12
-57
-25
25
24
-2
-4
15
11
-28
-40
10
68
78
24
-62
-101
-47
49
103
73
-13
-101
-138
-82
55
176
161
-10
-206
-219
-14
220
234
17
-183
-171
-16
80
58
16
29
42
-24
-123
-103
67
203
139
-57
-188
-118
59
110
14
-44
0
11
-59
-94
-9
123
127
-39
-167
-60
118
91
-88
-140
14
173
124
-118
-250
-54
243
258
-6
-236
-172
93
195
27
-107
-22
85
-3
-181
-157
117
284
67
-254
-248
39
229
154
-6
-45
30
55
-54
-134
54
297
206
-179
-403
-180
245
386
55
-378
-369
27
300
182
-60
-61
89
137
4
-211
-121
207
218
-65
-27
-476
-1603
-735
1076
319
-571
513
797
-241
-446
450
657
196
184
226
17
-12
222
-246
-1466
-929
746
432
-566
-133
223
-186
96
896
724
362
440
315
266
257
-6
-176
-170
38
95
-79
-232
-473
-439
-27
64
-29
8
-95
-178
-47
163
106
-244
-251
1
23
-102
-213
-175
28
119
6
-208
-217
42
40
-360
-1542
-2293
-690
955
908
828
765
371
-78
196
949
1067
888
600
201
-210
-509
61
453
247
115
-130
-470
-1670
-2377
-1129
-152
27
-21
-131
193
150
699
1376
850
991
1184
813
218
334
666
-617
-1049
25
543
-317
-524
-304
-545
-536
-216
167
-147
288
328
73
-89
-364
-150
-776
-1091
-59
407
-280
-80
-16
-109
-415
-170
879
778
608
84
-62
425
382
14
-261
89
127
-333
-879
-501
-388
-1239
-853
558
496
229
1212
759
131
183
653
1070
275
805
613
-190
-152
-651
-779
-686
-909
-117
308
-256
-827
-487
-111
-441
-232
270
1139
861
-307
-242
-262
-489
456
218
-580
-44
19
-46
-195
-411
226
-300
52
844
-224
-791
31
692
-533
-523
670
99
-862
162
720
-537
-86
989
206
-700
889
819
-587
460
377
-210
656
436
-626
-801
-293
274
24
-167
874
185
-1113
-1
247
-544
248
856
109
-183
-149
-56
-106
-150
624
399
-30
246
-246
-501
348
728
225
-514
-542
254
195
16
240
-31
-274
175
251
-503
-435
-91
-160
-151
-258
-660
-265
262
116
-105
-629
-477
204
-50
-436
-343
-314
-349
144
424
57
-244
77
616
279
-185
-139
674
658
-835
-744
446
243
-711
263
689
-823
-15
835
211
883
1002
502
326
1052
1426
217
1186
1841
878
703
-322
-594
-274
49
726
481
-257
-1371
-1488
-725
-831
-341
-102
-512
-561
-2133
-3005
-1832
-129
1020
500
-129
-536
-1243
-640
1724
2742
2318
2479
2077
-49
-537
1196
1635
1608
912
382
-1281
-2622
-1297
-1884
-2110
-1126
-1233
-2273
-3103
-2777
-2787
-1978
-755
-906
-1097
-1267
-1184
-561
-900
-686
529
603
598
939
1330
1168
973
1484
1444
1364
2583
2796
1325
709
1238
1651
1649
2282
1756
1174
1322
724
842
1538
1782
1831
1991
1440
842
860
971
1777
2050
260
-263
201
-543
-645
-284
-609
-1148
-1359
-2110
-2517
-1942
-1740
-1962
-2007
-2312
-2387
-1986
-2072
-1864
-1931
-1647
-992
-689
-798
-1316
-886
-707
-411
-26
114
166
253
824
-14
-174
1209
1299
593
893
1288
457
82
721
606
55
391
1010
381
-359
-96
392
524
301
523
313
353
254
-222
-146
-577
-241
222
31
-266
-638
-373
-215
-281
2
-178
50
321
-193
-120
-369
-351
277
244
-352
-372
61
-216
17
633
931
697
175
143
87
187
784
605
118
422
205
226
549
107
231
610
690
527
320
571
737
524
117
436
572
113
278
747
516
444
906
653
-87
-304
538
732
174
646
732
-119
-573
76
181
385
731
363
-217
-511
-58
-267
-282
-385
-849
-1091
-1104
-1341
-1195
-1257
-1636
-1730
-2277
-2317
-1925
-2117
-2340
-2139
-2209
-2493
-1671
-1402
-2144
-1792
-1051
-633
-800
-697
-119
128
365
1006
1102
923
1310
1640
1320
999
1264
2095
1998
1307
1689
1697
1089
1552
2288
1287
982
1946
2065
1287
1049
1714
1510
1150
1223
1398
1434
1253
1316
932
366
100
727
1044
153
-23
197
-388
-840
-644
-427
-893
-858
-76
-686
-1879
-1941
-1321
-948
-1321
-1389
-1396
-1885
-1929
-1794
-1728
-1705
-1295
-780
-1319
-2047
-1603
-549
-816
-1463
-763
-617
-833
-408
-109
-128
-452
155
656
406
722
652
258
171
468
928
968
938
1055
684
131
186
941
1226
814
691
694
661
481
470
776
739
193
470
1161
774
331
574
879
459
78
611
687
206
404
553
-105
-619
-183
353
-54
-318
-226
-441
-426
145
444
-211
-563
-268
-250
-562
-247
190
-32
-395
-425
-467
-454
-259
-55
-175
-804
-673
-555
-865
-407
-77
-380
-130
-393
-1147
-787
-308
-248
-190
-212
-399
-256
6
128
90
121
710
856
209
-51
235
363
415
253
134
40
-17
379
414
-176
-354
73
-72
-390
-77
110
-203
-481
-596
-310
79
227
190
82
32
-9
396
421
-8
7
367
254
-98
114
-67
-229
111
38
-93
-25
253
220
-129
121
-125
-207
612
520
163
593
758
172
47
484
448
223
293
169
-302
-235
362
272
-189
-122
-282
-618
-173
214
-308
-710
-433
-111
-371
-545
-160
-88
-205
-417
-638
-645
-215
360
-200
-867
-379
112
244
162
-91
-30
-21
2
28
-28
5
-191
-330
-176
-61
-209
-173
218
493
271
-277
-376
158
447
224
131
101
144
113
-218
-233
277
497
355
-32
-77
343
275
-1
-12
371
515
338
65
-16
241
11
-344
-133
416
394
206
345
-101
-580
-113
364
202
315
271
-415
-798
-304
235
-73
-230
-189
-437
-623
-278
223
-51
-473
-500
-581
-202
384
244
-51
-16
122
-66
-154
230
481
442
281
-349
-463
266
243
-120
-247
131
-241
-1681
-889
574
909
-197
-1299
-525
4
526
726
744
1158
697
346
127
641
1225
521
127
325
565
186
-573
-615
-465
-254
-224
-489
-420
-233
-305
-685
-547
-40
-272
-482
-253
60
268
-54
-349
-46
264
210
239
315
226
188
203
107
116
243
94
-44
103
242
37
-419
-354
94
236
33
-116
103
37
-271
-55
492
439
-79
-67
395
567
335
-51
-199
141
377
237
42
39
115
168
319
166
-176
-314
-1
355
176
-25
-239
-197
-68
-330
-386
-227
0
-109
-356
-355
-439
-238
-42
-108
-304
-410
-116
-3
-90
-204
-211
-14
-68
-151
-120
-58
152
151
-135
-282
57
311
128
199
202
38
-117
-210
191
535
492
-42
-347
12
189
368
256
-10
39
112
364
337
237
252
291
526
350
-107
-315
150
791
546
-343
-767
-180
396
216
-209
-176
-32
-264
-211
61
86
-128
-230
-164
-281
-79
238
73
-284
-425
-143
59
115
78
-250
-284
-32
233
248
-133
-403
-324
91
260
26
-91
-26
21
-143
-344
-285
83
385
321
-46
-447
-440
-42
413
451
86
-158
-187
-58
132
248
146
-68
-30
173
230
31
-121
58
326
337
51
-4
180
166
78
95
176
69
-79
-38
102
190
37
-136
-106
-45
20
240
382
69
-391
-324
153
326
81
-187
-281
-259
-156
66
108
-120
-319
-314
-149
-51
117
241
178
33
-167
-232
-168
171
507
459
99
-189
-21
141
117
71
150
269
186
128
-17
-144
-137
13
172
-25
-133
-41
19
-39
-175
-156
-203
-105
220
224
-103
-456
-363
21
151
-21
-96
82
-64
-536
-704
-199
300
107
-235
-321
-249
-395
-394
139
373
45
-344
-149
229
121
-34
59
277
152
-35
91
237
162
-147
-100
211
282
47
-126
56
104
-53
-4
275
306
-54
-232
6
367
442
274
48
-116
34
347
478
297
152
212
223
127
11
67
258
397
254
-146
-319
-60
357
396
5
-361
-277
177
404
218
-97
-230
-94
161
287
96
-192
-276
-71
177
141
-118
-285
-186
-88
-197
-285
-209
-83
-156
-422
-567
-409
-194
-262
-499
-582
-465
-354
-325
-331
-383
-448
-409
-282
-217
-253
-238
-137
-115
-188
-172
-5
123
96
-16
-73
60
358
547
429
178
143
390
635
665
593
616
665
634
622
675
717
750
709
499
347
552
821
672
283
150
264
286
182
99
66
-8
-168
-366
-531
-652
-747
-761
-720
-785
-1006
-1240
-1336
-1240
-1020
-883
-984
-1176
-1153
-865
-599
-561
-601
-459
-132
148
222
188
223
417
702
897
912
877
952
1073
1092
1068
1067
1041
1072
1240
1278
954
601
638
885
956
848
731
622
513
516
600
545
319
243
409
396
-129
-818
-1046
-812
-628
-780
-1078
-1294
-1483
-1735
-1954
-1996
-1886
-1718
-1529
-1374
-1369
-1500
-1540
-1238
-649
-162
-80
-252
-228
201
727
903
705
612
931
1366
1449
1137
773
607
645
817
991
1009
818
545
344
262
282
410
621
780
722
485
343
486
752
817
676
606
695
681
478
404
611
730
350
-325
-729
-639
-387
-381
-641
-947
-1226
-1508
-1744
-1817
-1717
-1560
-1487
-1585
-1805
-1918
-1718
-1294
-944
-877
-952
-856
-455
24
275
265
225
372
692
1033
1242
1236
1075
943
1024
1252
1314
1049
710
622
727
740
624
598
695
737
695
656
585
489
580
934
1120
835
509
670
1030
979
714
854
1304
1333
779
210
18
8
-64
-161
-283
-511
-811
-1018
-1145
-1332
-1628
-1927
-2102
-2094
-1948
-1803
-1785
-1925
-2105
-2125
-1836
-1332
-937
-861
-928
-805
-439
-65
163
309
464
640
846
1047
1105
927
682
666
909
1075
855
345
-57
-61
255
566
599
406
238
231
279
305
400
650
924
996
863
718
730
885
1094
1308
1499
1569
1382
897
314
-16
92
412
486
112
-464
-849
-960
-1055
-1324
-1602
-1687
-1636
-1646
-1707
-1704
-1675
-1748
-1843
-1676
-1175
-619
-346
-387
-468
-342
25
476
859
1102
1171
1064
895
858
1037
1279
1347
1159
828
503
251
88
8
-10
5
80
197
234
98
-84
-75
179
500
731
841
830
689
551
623
882
1128
1290
1425
1377
810
-186
-882
-669
189
739
290
-913
-1983
-2232
-1794
-1412
-1604
-2136
-2399
-2193
-1929
-2054
-2371
-2291
-1657
-1046
-977
-1196
-998
-251
428
492
165
185
907
1871
2280
1859
1137
881
1284
1840
1998
1695
1210
720
243
-73
15
462
778
540
-103
-550
-398
163
608
668
502
414
511
688
837
964
1099
1268
1493
1680
1601
1100
354
-197
-279
-27
181
30
-502
-1249
-1954
-2401
-2504
-2332
-2071
-1956
-2169
-2651
-3123
-3229
-2811
-2025
-1240
-855
-967
-1240
-1152
-488
459
1194
1469
1435
1417
1609
1946
2223
2320
2229
2013
1776
1636
1587
1432
964
280
-208
-186
200
444
201
-373
-778
-682
-208
319
685
841
750
461
275
548
1288
2094
2482
2225
1364
271
-400
-211
506
840
321
-712
-1654
-2196
-2350
-2297
-2343
-2643
-2981
-3063
-2904
-2829
-3041
-3303
-3116
-2303
-1328
-850
-948
-1053
-637
174
895
1335
1714
2205
2598
2583
2264
2142
2550
3165
3270
2601
1666
1132
1040
958
686
412
266
38
-434
-912
-976
-507
118
411
259
2
45
468
986
1254
1288
1532
2204
2577
1678
-79
-956
-103
1177
1191
-65
-1445
-2324
-2779
-2866
-2631
-2473
-2750
-3297
-3698
-3865
-3919
-3796
-3303
-2505
-1876
-1727
-1781
-1490
-719
193
887
1325
1710
2208
2725
2987
2926
2831
3038
3479
3702
3327
2474
1648
1233
1179
1198
1048
629
-16
-696
-1144
-1216
-937
-453
-18
148
1
-235
-214
305
1185
1922
2198
2251
2273
1784
553
-410
55
1356
1727
495
-1421
-2827
-3202
-2712
-2148
-2340
-3245
-4051
-4268
-4158
-4084
-3991
-3578
-2780
-2085
-2032
-2357
-2109
-900
566
1433
1629
1648
1926
2502
3116
3519
3712
3746
3554
3165
2827
2710
2661
2433
1870
1059
330
2
-22
-127
-479
-941
-1246
-1145
-633
-44
234
140
1
245
869
1474
1991
2601
2662
1267
-626
-808
887
2111
1329
-652
-2398
-3221
-3016
-2270
-2064
-2952
-4211
-4742
-4338
-3829
-3902
-4114
-3580
-2516
-2019
-2292
-2310
-1343
152
1262
1608
1567
1767
2412
3160
3668
3942
4042
3930
3642
3298
2933
2660
2617
2574
2052
1026
18
-501
-489
-285
-350
-808
-1225
-1195
-731
-132
245
235
226
710
1447
1960
2302
2170
969
-387
-165
1194
1540
441
-950
-2121
-2932
-2934
-2487
-2590
-3245
-3948
-4607
-4834
-4321
-3847
-3838
-3338
-2320
-2116
-2582
-2231
-991
260
1363
2017
1759
1451
2177
3330
4006
4400
4461
3794
3112
3191
3368
3041
2721
2481
1725
674
39
-196
-250
-189
-496
-1289
-1628
-1037
-299
37
170
170
165
590
1402
2218
2769
2209
222
-1111
98
1951
1760
121
-1484
-2891
-3386
-2426
-1893
-3042
-4013
-3960
-4380
-5007
-4432
-3675
-3712
-3183
-2163
-2435
-3059
-1922
-92
748
1311
1844
1536
1470
2876
4263
4294
3993
3949
3593
3363
3747
3739
2866
2149
1871
1377
780
435
-20
-668
-968
-945
-1016
-1051
-763
-340
-135
-140
12
538
1172
1740
2450
2546
944
-813
-111
1993
2215
589
-938
-2338
-3328
-2371
-894
-1981
-4304
-4719
-4212
-4532
-4368
-3492
-3738
-4202
-3074
-2145
-2792
-2625
-723
589
806
1188
1277
1038
2226
4352
4877
3894
3292
3241
3380
4054
4502
3584
2230
1749
1591
1046
570
396
28
-608
-1204
-1640
-1667
-981
84
565
-24
-844
-665
536
1881
3021
3306
1338
-1655
-1687
1536
3348
1859
-306
-2196
-3988
-3373
-465
-89
-3281
-5270
-4651
-4289
-4266
-3323
-3064
-3944
-3689
-2612
-2813
-3015
-1263
763
1152
702
344
404
1849
4237
5140
3995
2865
2883
3481
4200
4554
3847
2598
1972
1837
1484
994
581
48
-469
-829
-1389
-1848
-1366
-372
-64
-429
-726
-678
-38
1203
2261
2627
2070
184
-1480
-55
3096
3245
348
-1711
-2474
-3001
-1754
390
-808
-4521
-5603
-4088
-3497
-3528
-2979
-3374
-4516
-4048
-2726
-2527
-2206
-642
322
-104
-281
420
1529
3101
4343
3870
2576
2513
3593
4429
4605
4118
2998
2111
2098
2211
1788
1214
693
-68
-865
-1229
-1192
-920
-539
-403
-640
-877
-772
-179
806
1580
1834
1950
1408
-272
-862
1477
3518
1844
-989
-1850
-2082
-2195
-574
419
-2427
-5707
-5152
-3236
-3044
-3156
-3084
-4300
-5163
-3638
-1985
-2086
-2019
-919
-470
-584
151
1263
2007
2866
3469
2941
2403
3254
4493
4661
3955
3022
2262
2357
3096
3058
1833
540
-135
-347
-254
-291
-746
-1016
-863
-957
-1145
-642
60
292
518
853
1067
1666
1948
466
-804
912
2926
1532
-882
-1279
-1440
-1973
-777
169
-2416
-5319
-4396
-2380
-2623
-3402
-3559
-4395
-4732
-2954
-1475
-2134
-2525
-1374
-674
-662
205
1348
1753
2247
2864
2534
2142
3114
4362
4333
3461
2695
2351
2656
3125
2636
1367
608
561
433
-11
-506
-863
-868
-636
-589
-608
-388
-214
-138
298
918
1376
1947
1821
-40
-1241
955
3503
2098
-969
-1797
-1664
-1902
-771
364
-1856
-4983
-4682
-2871
-2824
-3140
-2834
-3679
-4780
-3714
-2004
-1910
-2001
-1134
-806
-1020
-179
1151
1689
2112
2787
2700
2287
2896
3890
3979
3513
3113
2649
2463
2760
2620
1688
979
884
693
159
-546
-1240
-1154
-116
394
-392
-1153
-1053
-509
496
1586
1580
992
963
417
-694
341
2845
2387
-600
-1718
-1325
-1781
-1231
502
-862
-4733
-5374
-2918
-2104
-2809
-2864
-3642
-5039
-4035
-1628
-1422
-2366
-1785
-971
-1127
-470
1082
1604
1558
2174
2434
2076
2744
4053
4017
3033
2673
2780
2859
3112
2925
1770
794
850
1033
627
26
-525
-800
-462
-117
-438
-629
-104
216
41
214
725
1247
2002
1802
-305
-1395
917
3016
1419
-1057
-1622
-1841
-1870
-356
41
-2972
-5267
-3632
-1789
-2595
-3677
-3830
-4253
-3927
-2062
-1350
-2762
-3229
-1672
-427
-84
536
955
680
1027
2290
2932
2783
3046
3466
3122
2631
2845
3212
3126
2804
2243
1373
876
1159
1410
889
-94
-908
-1054
-383
367
285
-321
-554
-374
0
680
1389
1718
1599
582
-969
-673
1950
3022
547
-1851
-1815
-1424
-1263
-209
-455
-3534
-5272
-3167
-1441
-2725
-4018
-3854
-3803
-3362
-1881
-1597
-2878
-2779
-1079
-321
-315
407
876
609
1239
2547
2657
2180
2635
3094
2706
2681
3222
3021
2305
2123
2034
1583
1450
1528
999
199
-238
-478
-286
478
548
-553
-1072
-162
783
1020
962
671
692
1570
1555
-186
-486
1812
2403
-199
-1715
-1039
-1202
-1519
-300
-832
-4270
-5311
-2469
-1135
-2896
-4045
-3955
-4088
-3190
-1348
-1537
-3199
-2823
-882
-148
-122
457
645
499
1407
2575
2543
2278
2717
2835
2436
2595
3090
2955
2472
2102
1612
1279
1542
1729
1093
147
-385
-442
-71
422
279
-439
-615
17
530
662
795
815
947
1647
1611
-138
-923
1173
2577
454
-1814
-1572
-1191
-1448
-625
-651
-3545
-5272
-3014
-1198
-2746
-4249
-3845
-3485
-3036
-1665
-1565
-3109
-2878
-529
432
-320
-285
410
679
1425
2642
2677
1925
2091
2709
2672
2628
3057
3040
2327
1759
1611
1653
1852
1899
1210
83
-365
128
527
241
-71
-63
-129
-67
524
842
372
241
1122
1998
1768
291
-1141
-331
2154
2255
-844
-2723
-1671
-748
-908
-990
-2315
-4800
-4539
-1576
-1049
-3497
-4565
-3702
-3153
-2394
-1227
-1731
-3076
-2263
-305
50
-206
532
920
468
938
2216
2544
2280
2516
2566
2058
2110
2792
2883
2328
1961
1820
1628
1473
1261
804
480
502
443
138
-40
25
146
381
661
580
264
319
790
1363
1974
1750
-109
-1421
271
2444
1264
-1361
-1767
-1267
-1707
-1445
-786
-2507
-4722
-3544
-1411
-2350
-4189
-3892
-3153
-3061
-2083
-1212
-2270
-3091
-1594
-36
-151
-201
495
658
621
1452
2216
2026
1936
2435
2592
2252
2230
2504
2449
2160
2029
1965
1699
1384
1221
906
390
344
903
996
120
-579
-223
602
1125
1115
552
-102
219
1628
2507
1180
-1229
-1310
1357
2613
161
-2426
-2194
-1136
-766
-434
-1391
-4332
-5185
-2065
-246
-2570
-4748
-4115
-3043
-2388
-1337
-1524
-3075
-2869
-706
40
-755
-322
795
795
603
1226
1778
2018
2603
2588
1680
1628
2778
3242
2332
1611
1670
1975
2190
1889
1064
404
576
1091
1165
551
-377
-441
463
1046
644
106
162
460
1004
1539
1410
562
-454
-556
740
1952
643
-2012
-2297
-750
-500
-1317
-1630
-2640
-4208
-3348
-1211
-1671
-3746
-4005
-3147
-2933
-2144
-1133
-1898
-3041
-2016
-237
-9
-180
228
282
292
1291
2294
2046
1640
1920
2152
2210
2516
2656
2197
1836
1908
1947
1918
1856
1544
1018
622
446
590
973
772
-53
-323
334
891
741
403
211
306
946
1789
1605
-227
-1587
-103
2339
1628
-1498
-2559
-1374
-880
-888
-607
-2075
-4672
-4107
-1223
-1117
-3392
-3942
-3200
-3196
-2484
-1108
-1724
-3148
-2141
-249
-317
-706
182
597
266
964
2036
1889
1596
2108
2234
1953
2463
3061
2458
1583
1706
2242
2469
2318
1589
619
491
1205
1442
874
277
-44
-31
459
945
621
-75
-9
677
1045
932
892
589
-471
-798
789
1862
-87
-2369
-1787
-631
-1234
-1583
-1205
-2687
-4517
-3110
-1030
-2111
-3909
-3548
-3008
-3111
-1944
-915
-2183
-3203
-1657
-22
-112
-196
178
75
405
1685
2230
1620
1498
1963
2068
2233
2744
2753
2167
1869
1950
2050
2261
2284
1700
908
654
964
1210
1002
447
118
245
411
499
532
396
253
486
822
744
741
575
-447
-808
900
1865
-543
-2789
-1652
-320
-1077
-1460
-1404
-3323
-4686
-2466
-597
-2363
-4122
-3436
-2807
-2650
-1424
-1031
-2581
-2874
-928
83
-477
-321
289
169
501
1640
1817
1100
1346
2198
2286
2189
2504
2331
1616
1627
2291
2506
2235
1821
1185
717
1023
1522
1327
787
406
156
151
542
888
664
193
107
443
753
801
908
603
-585
-955
849
1961
-372
-2823
-1834
-228
-754
-1380
-1549
-3292
-4451
-2183
-268
-2205
-4314
-3580
-2591
-2471
-1473
-961
-2462
-3108
-1255
37
-442
-403
294
153
124
1125
1675
1270
1463
2146
2046
1697
2109
2466
2135
1937
2164
2128
1925
1924
1726
1156
992
1378
1542
1023
194
-175
432
1277
1079
-6
-557
-143
678
1151
750
-21
8
248
-344
-360
926
689
-1604
-2112
-472
-601
-1977
-1459
-1060
-3103
-3847
-1545
-748
-2783
-3511
-2444
-2361
-2445
-1296
-1190
-2494
-2146
-358
-236
-1138
-627
399
550
794
1211
826
609
1663
2519
2144
1740
1923
1946
1879
2237
2581
2347
1820
1389
1177
1338
1767
1800
1081
182
-102
299
798
930
621
77
-360
-264
348
744
583
565
593
-450
-1573
-345
1744
825
-1859
-2082
-819
-1120
-1550
-813
-1521
-3464
-2938
-1021
-1675
-3384
-2913
-1897
-2167
-2077
-1544
-2222
-2697
-1217
61
-565
-1151
-531
-40
179
990
1632
1297
997
1404
1831
2084
2504
2657
2172
1756
2006
2466
2539
2150
1583
1227
1318
1603
1524
858
117
62
579
661
95
-187
107
153
-153
-112
123
159
476
801
-218
-1532
-454
1646
832
-1811
-2006
-425
-470
-1280
-1088
-1616
-3063
-2537
-810
-1436
-3226
-2899
-1783
-2078
-2320
-1692
-1800
-2261
-1433
-473
-875
-1239
-466
174
172
534
1122
1073
899
1374
1972
2144
2218
2295
2067
1809
2072
2565
2536
1985
1501
1387
1497
1616
1392
661
138
461
858
415
-222
-124
248
164
-164
-306
-241
76
695
1015
91
-1468
-1275
1024
1915
-353
-2230
-1278
-271
-800
-891
-807
-2279
-3152
-1602
-820
-2453
-3170
-1992
-1742
-2433
-2132
-1847
-2429
-2005
-569
-491
-1365
-1039
-104
58
322
1138
1261
757
1031
1866
2171
2124
2244
2152
1844
1935
2399
2499
2059
1583
1447
1467
1438
1320
963
371
178
565
603
-79
-405
74
357
-12
-280
-115
94
268
580
695
34
-874
-438
1195
1402
-574
-1827
-990
-346
-706
-663
-912
-2484
-3085
-1550
-914
-2307
-2954
-2232
-2114
-2339
-1820
-1744
-2393
-1960
-690
-574
-1218
-1003
-302
99
606
1086
919
667
1124
1784
2030
2106
2152
2012
1809
1845
2114
2335
2207
1716
1248
1103
1162
1164
907
576
524
538
63
-485
-203
503
593
160
-220
-382
-218
435
1056
1012
147
-891
-666
934
1485
-187
-1525
-848
-264
-793
-977
-1073
-2177
-2581
-1284
-950
-2582
-3325
-2339
-1763
-1914
-1705
-1885
-2664
-2307
-852
-348
-801
-728
-330
-268
138
949
1243
1108
1269
1511
1620
1940
2227
2017
1770
1952
2172
2089
1867
1583
1405
1489
1435
950
576
566
486
341
388
178
-336
-365
60
71
-158
91
396
91
-199
253
777
340
-390
12
999
635
-790
-1188
-569
-454
-579
-491
-1322
-2705
-2399
-984
-1145
-2468
-2722
-2231
-2105
-1850
-1565
-2127
-2497
-1494
-557
-922
-1228
-555
18
114
422
777
801
1050
1619
1751
1583
1834
2175
2033
1784
1833
1949
1972
1904
1660
1344
1043
693
653
1113
1185
331
-386
-204
183
299
379
205
-269
-249
345
491
115
257
952
876
-274
-769
395
1387
451
-989
-1028
-577
-715
-740
-877
-2042
-2737
-1589
-852
-2194
-3276
-2606
-1915
-1970
-1804
-1855
-2531
-2337
-1025
-493
-961
-863
-264
-137
-34
558
1019
1171
1440
1596
1431
1554
2108
2361
2117
1920
1897
1827
1787
1792
1692
1535
1336
900
412
352
623
726
468
-1
-339
-191
213
226
-71
-38
251
273
178
352
651
587
-35
-469
229
1187
536
-1035
-1201
-358
-361
-810
-983
-1761
-2622
-1832
-692
-1534
-2971
-2845
-2163
-2064
-1805
-1549
-2072
-2299
-1429
-838
-1078
-897
-231
-109
-168
368
951
1014
980
1138
1398
1805
2081
1847
1500
1678
2144
2243
1837
1309
1203
1545
1646
1174
692
585
578
521
413
140
-5
280
452
68
-263
-44
327
568
651
391
155
521
728
16
-275
813
1314
-115
-1364
-897
-301
-463
-493
-907
-2374
-2937
-1580
-820
-1910
-2728
-2470
-2447
-2450
-1730
-1443
-2063
-2087
-1289
-1025
-1163
-731
-180
-59
160
574
673
693
1010
1335
1548
1874
2022
1669
1304
1470
1935
2143
1892
1438
1181
1129
1067
1102
1232
957
257
-63
260
534
438
246
34
-121
65
395
411
275
362
538
711
878
551
-177
-17
1086
1100
-391
-1117
-393
-148
-808
-1069
-1224
-1984
-2183
-1419
-1440
-2458
-2731
-2257
-2215
-2136
-1602
-1698
-2370
-2186
-1282
-777
-544
-347
-607
-776
6
954
1052
864
1016
1165
1255
1575
1780
1638
1680
1997
1945
1483
1245
1398
1590
1551
1242
853
657
596
469
401
531
590
327
-114
-327
3
672
957
466
-164
-145
412
956
1167
793
-101
-453
361
974
135
-818
-503
-165
-877
-1445
-1314
-1491
-1754
-1421
-1593
-2705
-2949
-1922
-1498
-2009
-2181
-2095
-2266
-1912
-943
-588
-929
-974
-668
-389
135
784
926
698
736
1032
1315
1631
1871
1799
1578
1546
1671
1738
1719
1701
1660
1407
950
757
1075
1269
795
233
217
402
403
362
236
-39
-5
431
589
297
161
287
357
602
995
651
-353
-440
602
849
-265
-954
-616
-588
-1012
-999
-1141
-2014
-2307
-1537
-1364
-2220
-2618
-2319
-2223
-2081
-1581
-1607
-2168
-2027
-1206
-844
-903
-692
-425
-323
49
599
695
560
884
1430
1577
1480
1522
1617
1691
1907
2141
1998
1561
1311
1388
1491
1502
1469
1182
577
242
552
880
664
256
68
45
196
457
422
114
110
415
484
343
441
663
463
-126
-244
403
667
-218
-1043
-775
-405
-775
-1158
-1313
-1784
-2053
-1581
-1433
-2167
-2567
-2175
-1969
-2134
-2039
-1871
-1943
-1793
-1355
-1172
-1131
-759
-326
-231
-128
280
674
847
1034
1285
1430
1532
1689
1780
1736
1749
1902
2034
1956
1626
1219
1058
1280
1586
1475
869
282
184
420
589
568
350
21
-80
157
302
181
177
410
502
347
275
460
607
318
-76
142
620
258
-667
-924
-660
-701
-804
-894
-1662
-2515
-2152
-1371
-1646
-2331
-2435
-2416
-2425
-1944
-1550
-1879
-2033
-1472
-1082
-1108
-847
-416
-229
73
549
622
513
895
1462
1657
1719
1789
1594
1407
1705
2139
2144
1862
1520
1119
956
1248
1523
1295
775
404
325
442
525
400
236
218
250
254
213
116
190
574
793
462
85
280
797
857
238
-257
115
632
92
-966
-1139
-670
-627
-961
-1443
-2266
-2648
-1813
-1100
-1858
-2920
-2890
-2329
-1917
-1581
-1697
-2278
-2165
-1174
-686
-974
-871
-225
114
122
291
598
944
1379
1612
1444
1321
1537
1777
1836
1905
1967
1815
1517
1286
1197
1286
1560
1664
1168
353
70
547
1074
1027
516
30
-78
203
530
563
402
303
280
264
289
369
519
724
610
-58
-547
-147
404
127
-511
-779
-1024
-1412
-1405
-1262
-1622
-1975
-1808
-1884
-2524
-2730
-2225
-1892
-1939
-1906
-1901
-2046
-1850
-1212
-734
-634
-602
-524
-383
19
632
1062
1098
897
762
1022
1686
2216
2105
1576
1259
1436
1883
2179
1979
1400
1009
1122
1402
1381
1064
732
544
498
526
510
403
275
278
371
314
77
16
337
709
698
334
-31
-24
362
592
302
-104
-266
-476
-764
-701
-554
-898
-1383
-1569
-1806
-2124
-1953
-1588
-1815
-2331
-2465
-2390
-2261
-1846
-1480
-1669
-1923
-1613
-1094
-827
-618
-335
-150
19
331
594
737
1043
1460
1613
1491
1419
1525
1747
2006
2087
1871
1652
1636
1548
1254
1182
1483
1625
1217
570
216
356
796
988
538
-140
-251
251
627
428
20
-20
307
540
445
208
145
381
590
301
-262
-342
-20
-139
-675
-917
-955
-1216
-1435
-1478
-1773
-2140
-2003
-1726
-1952
-2366
-2439
-2267
-1987
-1621
-1511
-1741
-1804
-1436
-985
-665
-368
-140
-95
-57
237
728
1147
1324
1291
1234
1355
1666
1960
1998
1807
1658
1752
1912
1780
1411
1284
1454
1453
1121
811
735
722
628
458
291
284
414
380
109
-47
83
268
360
359
225
57
32
151
310
314
-24
-405
-319
-132
-529
-1019
-873
-685
-1113
-1562
-1617
-1708
-1816
-1622
-1630
-2137
-2339
-1931
-1687
-1828
-1820
-1669
-1638
-1436
-994
-789
-822
-625
-246
-8
218
569
768
792
987
1352
1555
1581
1636
1707
1761
1870
1967
1881
1667
1515
1500
1585
1574
1254
845
793
973
888
563
338
223
197
361
475
188
-235
-249
134
450
339
-103
-347
-75
352
384
-13
-463
-509
-77
129
-429
-1033
-907
-666
-994
-1389
-1492
-1596
-1585
-1402
-1734
-2473
-2444
-1672
-1401
-1761
-1952
-1921
-1858
-1471
-893
-685
-725
-576
-380
-265
98
697
1045
1083
1109
1140
1198
1536
1989
2098
1899
1763
1732
1726
1801
1824
1639
1476
1498
1375
963
649
667
806
847
665
197
-264
-251
176
414
198
-150
-279
-177
-7
96
92
79
103
89
-15
-178
-251
-96
77
-189
-776
-998
-784
-783
-1109
-1325
-1459
-1686
-1779
-1713
-1847
-2049
-1935
-1735
-1794
-1873
-1767
-1646
-1473
-1092
-752
-694
-659
-430
-151
104
457
860
1144
1219
1135
1073
1319
1860
2240
2132
1723
1416
1445
1785
2043
1799
1268
1021
1086
1088
966
816
550
314
372
472
232
-72
-53
85
98
66
-8
-153
-90
184
219
0
-29
144
185
81
-120
-314
-156
151
-168
-943
-1154
-790
-667
-918
-1259
-1709
-1994
-1763
-1506
-1721
-1976
-1920
-1888
-1958
-1841
-1585
-1357
-1130
-1011
-1064
-944
-457
64
316
340
336
524
970
1414
1542
1427
1417
1635
1861
1877
1730
1626
1710
1838
1724
1347
1063
1092
1205
1134
907
614
369
345
435
339
104
67
192
161
-53
-202
-131
148
362
170
-257
-327
53
378
374
139
-301
-693
-531
-60
-63
-499
-756
-996
-1499
-1665
-1232
-1011
-1366
-1718
-1879
-2091
-2104
-1745
-1476
-1469
-1440
-1449
-1623
-1518
-925
-356
-183
-234
-315
-247
206
819
1078
1010
1020
1162
1285
1424
1608
1734
1770
1752
1659
1532
1434
1378
1394
1486
1463
1171
750
473
502
749
862
584
111
-133
-66
101
191
165
57
-52
-105
-143
-141
24
305
354
24
-307
-324
-201
-110
28
27
-449
-1083
-1250
-1005
-749
-627
-886
-1695
-2323
-1970
-1210
-1077
-1505
-1914
-2093
-1867
-1284
-976
-1210
-1335
-1024
-719
-581
-344
-49
113
249
432
599
835
1158
1324
1259
1262
1469
1655
1668
1615
1629
1660
1587
1412
1279
1282
1341
1278
985
589
433
618
758
496
65
-110
18
199
206
-19
-280
-239
83
264
80
-172
-136
119
275
177
-69
-282
-284
-31
154
-162
-824
-1150
-971
-736
-670
-797
-1348
-2098
-2182
-1494
-1040
-1296
-1725
-2012
-2132
-1733
-1000
-847
-1266
-1241
-715
-501
-557
-329
72
397
733
828
501
428
1081
1747
1769
1465
1229
1122
1330
1861
2125
1760
1187
885
905
1178
1538
1541
957
231
-25
239
583
673
509
190
-211
-509
-453
-51
401
549
197
-455
-787
-356
446
779
366
-276
-549
-378
-58
135
31
-378
-821
-997
-924
-814
-769
-887
-1275
-1726
-1835
-1570
-1275
-1208
-1378
-1659
-1815
-1647
-1237
-892
-804
-847
-782
-587
-416
-221
156
560
716
654
616
751
1140
1640
1787
1428
1094
1246
1611
1742
1608
1406
1274
1220
1093
820
672
847
1053
850
272
-198
-126
358
637
309
-305
-538
-195
262
335
52
-224
-257
-64
192
282
139
0
-22
-147
-369
-313
-18
-29
-440
-813
-1004
-1112
-1020
-829
-979
-1419
-1640
-1622
-1661
-1604
-1328
-1254
-1528
-1681
-1494
-1160
-754
-426
-525
-840
-653
72
613
678
588
583
750
1094
1366
1397
1413
1571
1632
1468
1302
1276
1341
1467
1533
1294
812
478
490
690
835
738
318
-206
-385
-64
386
443
2
-511
-566
-102
376
381
32
-145
24
190
71
-84
71
390
443
35
-533
-742
-451
-110
-186
-625
-1059
-1271
-1270
-1208
-1258
-1391
-1429
-1408
-1530
-1711
-1639
-1361
-1168
-1102
-1050
-1002
-893
-578
-190
6
51
122
229
435
843
1218
1250
1079
1029
1146
1385
1650
1684
1393
1107
1112
1266
1332
1248
981
647
501
554
586
529
423
209
-54
-143
-10
152
170
11
-204
-217
19
192
97
-47
3
148
192
95
-24
-17
117
119
-213
-587
-535
-196
-167
-607
-1107
-1320
-1207
-943
-889
-1250
-1649
-1636
-1413
-1385
-1448
-1339
-1181
-1116
-1074
-1023
-938
-643
-179
29
-127
-197
121
604
940
1024
885
747
908
1311
1581
1561
1421
1273
1113
1045
1183
1401
1446
1180
723
392
422
667
787
641
362
112
-38
-76
-8
145
277
210
-55
-260
-211
17
242
316
165
-106
-237
-108
103
204
96
-221
-553
-636
-492
-413
-526
-736
-971
-1170
-1234
-1224
-1279
-1328
-1282
-1241
-1315
-1425
-1451
-1333
-1069
-800
-708
-766
-777
-624
-303
97
351
310
169
261
643
1043
1165
1007
863
976
1231
1333
1220
1094
1102
1189
1194
1061
900
839
835
777
714
750
790
631
304
100
219
552
787
646
199
-153
-126
145
369
444
360
89
-300
-569
-542
-248
30
-89
-671
-1261
-1376
-1101
-873
-939
-1235
-1540
-1666
-1620
-1547
-1467
-1327
-1227
-1276
-1347
-1249
-1009
-753
-520
-331
-219
-138
-26
150
416
747
984
1021
943
923
1002
1189
1468
1649
1502
1094
785
805
1110
1410
1316
761
210
98
341
617
720
474
-84
-499
-375
78
402
371
7
-422
-482
-85
325
377
187
12
-35
51
169
167
96
114
142
-9
-234
-294
-230
-267
-441
-609
-695
-752
-823
-910
-991
-1071
-1162
-1236
-1240
-1133
-1001
-1000
-1166
-1275
-1111
-770
-550
-542
-568
-468
-262
-87
-24
53
336
728
851
592
350
538
1076
1498
1450
1046
743
841
1180
1418
1457
1346
1098
811
729
950
1228
1251
965
575
363
464
686
728
503
211
60
52
43
-50
-168
-220
-269
-483
-811
-940
-766
-611
-786
-1202
-1524
-1538
-1306
-1091
-1140
-1465
-1766
-1734
-1368
-1016
-983
-1223
-1360
-1119
-649
-331
-328
-439
-360
-44
308
522
597
627
679
760
852
992
1199
1342
1235
956
806
910
1092
1179
1131
968
710
455
360
507
773
878
631
205
-27
91
374
539
462
247
84
95
196
229
183
161
187
140
-25
-197
-221
-120
-73
-192
-442
-698
-847
-835
-705
-628
-761
-1092
-1389
-1418
-1211
-1023
-1007
-1069
-1111
-1186
-1265
-1177
-831
-427
-285
-457
-665
-605
-238
214
489
461
266
168
322
656
970
1088
956
736
671
854
1111
1216
1093
863
771
897
1002
898
720
690
756
769
676
523
411
441
526
487
380
353
341
225
80
31
79
162
152
-133
-528
-644
-458
-345
-497
-794
-1063
-1166
-1090
-1039
-1156
-1282
-1291
-1307
-1361
-1282
-1097
-1013
-1030
-1016
-911
-664
-357
-238
-348
-331
8
382
494
371
260
404
792
1058
915
585
495
705
935
972
825
654
618
646
566
439
508
753
842
580
187
73
395
834
891
477
51
60
452
808
770
367
-31
-64
223
485
473
189
-187
-434
-461
-351
-226
-208
-432
-882
-1246
-1218
-920
-729
-865
-1191
-1425
-1383
-1173
-1044
-1022
-933
-794
-811
-932
-867
-516
-80
146
20
-283
-326
112
706
941
707
332
217
492
917
1106
943
682
555
546
592
699
822
854
731
490
270
261
520
832
882
608
254
143
363
676
775
622
405
273
235
255
334
394
316
66
-207
-308
-246
-214
-351
-575
-728
-776
-837
-998
-1165
-1162
-1011
-960
-1148
-1394
-1413
-1172
-914
-846
-935
-980
-844
-601
-404
-325
-314
-219
27
284
357
267
260
455
683
743
687
724
856
857
643
498
676
1018
1089
758
368
302
583
894
935
693
395
275
376
578
750
817
699
385
76
94
494
864
732
162
-269
-185
143
204
-92
-403
-484
-455
-566
-816
-983
-930
-819
-895
-1162
-1369
-1335
-1154
-1032
-1071
-1147
-1139
-1059
-963
-836
-636
-458
-429
-468
-376
-136
63
124
181
347
499
465
308
331
656
982
938
580
337
482
832
1010
874
607
473
542
714
846
861
743
555
464
590
838
947
771
474
352
494
693
704
515
304
165
68
-11
-11
55
3
-306
-703
-881
-764
-614
-668
-880
-1058
-1131
-1194
-1281
-1275
-1076
-824
-791
-1049
-1310
-1257
-865
-436
-272
-378
-544
-585
-433
-162
134
340
359
212
36
32
275
619
792
655
358
202
318
548
698
737
691
548
354
315
568
894
950
713
505
553
735
812
780
773
804
765
636
537
516
499
424
331
256
175
45
-135
-343
-508
-544
-459
-412
-574
-909
-1174
-1182
-993
-802
-742
-841
-1056
-1259
-1240
-906
-481
-336
-584
-915
-930
-570
-129
60
-52
-260
-341
-225
-16
158
259
330
338
201
-35
-108
228
789
1040
673
29
-196
286
1008
1282
935
439
316
574
848
914
895
937
926
710
427
390
651
889
797
430
117
52
126
130
20
-88
-155
-280
-523
-729
-700
-515
-475
-721
-994
-987
-757
-671
-884
-1095
-966
-587
-402
-609
-923
-938
-620
-286
-187
-262
-345
-378
-368
-278
-63
166
214
50
-122
-100
91
267
329
346
358
302
177
155
385
735
878
659
312
224
497
889
1070
948
677
448
389
552
850
1061
947
505
81
41
361
644
571
227
-70
-181
-213
-284
-318
-214
-87
-203
-643
-1081
-1095
-636
-171
-209
-785
-1369
-1395
-841
-244
-157
-602
-1103
-1151
-718
-219
-53
-236
-472
-515
-380
-196
-17
150
222
96
-139
-200
78
490
618
329
-34
-28
346
672
627
346
200
336
566
657
617
584
606
609
567
569
681
812
809
644
465
426
516
592
538
370
199
107
85
87
45
-81
-268
-427
-482
-441
-405
-472
-634
-798
-863
-811
-703
-626
-640
-730
-815
-803
-696
-577
-495
-426
-375
-367
-421
-463
-366
-122
85
94
-66
-200
-158
9
181
285
310
240
87
-16
96
416
665
574
237
34
209
583
782
663
430
357
471
601
633
624
654
679
600
438
331
389
538
599
446
159
-67
-97
31
135
59
-193
-449
-556
-496
-396
-377
-464
-588
-666
-700
-714
-680
-557
-390
-358
-565
-826
-801
-411
-12
-25
-394
-652
-493
-118
78
-14
-160
-167
-68
7
21
42
96
147
159
142
138
184
262
332
365
339
277
258
359
558
685
590
334
195
372
722
877
647
255
110
335
643
657
354
76
75
232
260
67
-130
-134
4
26
-209
-525
-609
-346
-40
-94
-539
-932
-842
-366
-33
-212
-676
-907
-678
-295
-148
-305
-515
-554
-435
-298
-226
-185
-160
-176
-231
-240
-129
31
118
86
28
36
88
111
148
281
446
441
199
-1
141
550
802
604
185
41
317
677
720
455
236
283
455
494
360
260
319
409
341
139
20
97
229
215
45
-112
-139
-105
-119
-168
-176
-174
-259
-422
-500
-380
-210
-226
-431
-593
-541
-382
-332
-403
-445
-406
-393
-468
-501
-363
-148
-93
-283
-509
-479
-157
173
206
-47
-306
-304
-57
242
406
372
177
-40
-70
191
550
671
448
145
96
336
571
541
318
193
312
493
477
262
113
196
384
425
289
159
156
191
142
62
92
210
238
47
-247
-363
-170
122
154
-177
-558
-604
-319
-69
-132
-373
-500
-452
-380
-355
-305
-216
-201
-320
-424
-352
-142
-11
-82
-237
-277
-134
40
33
-149
-243
-63
199
195
-82
-263
-86
264
390
178
-96
-90
217
505
462
141
-66
106
459
558
294
26
76
315
383
212
58
102
229
239
117
21
46
115
116
27
-46
-10
89
100
-41
-210
-231
-96
36
42
-38
-153
-294
-403
-333
-50
200
106
-313
-652
-550
-103
253
182
-211
-503
-416
-95
78
-17
-129
-64
30
-82
-288
-246
112
405
262
-174
-392
-119
342
481
201
-108
-81
161
258
148
109
273
346
101
-181
-64
376
567
230
-236
-263
137
436
287
-63
-164
32
173
38
-144
-62
195
234
-83
-373
-254
117
248
0
-264
-234
-47
-4
-115
-154
-64
-22
-123
-202
-118
7
-35
-206
-259
-90
92
46
-176
-286
-133
92
96
-127
-257
-84
197
212
-74
-297
-166
153
286
160
22
30
59
-14
-66
79
348
439
200
-156
-293
-92
249
441
359
78
-186
-252
-96
141
285
257
84
-115
-213
-135
59
192
158
7
-114
-108
-35
-1
-21
-10
71
112
-24
-255
-319
-78
249
287
-35
-379
-383
-72
193
161
-57
-208
-200
-139
-85
2
108
77
-150
-353
-256
94
308
132
-237
-359
-103
227
279
60
-134
-132
-21
78
171
254
214
-13
-233
-154
199
456
336
-1
-188
-100
81
168
176
164
85
-95
-215
-69
241
330
11
-403
-420
27
448
370
-126
-507
-419
-17
260
218
16
-122
-152
-146
-121
-41
83
148
91
-46
-146
-162
-94
31
146
156
8
-192
-254
-93
154
247
88
-171
-261
-98
131
183
54
-53
-15
46
-4
-92
-39
145
245
132
-101
-242
-159
110
362
331
-32
-403
-351
119
494
355
-108
-368
-207
88
203
153
76
-10
-130
-181
-58
148
199
31
-150
-154
-15
89
72
-19
-91
-88
-22
41
25
-48
-90
-61
-15
-12
-30
-9
0
-81
-196
-172
46
241
140
-208
-439
-264
162
414
248
-152
-389
-262
80
310
253
34
-98
-58
45
61
27
69
180
208
67
-96
-89
73
182
129
15
0
70
69
-33
-89
21
165
136
-60
-181
-72
125
154
-25
-186
-140
36
108
-5
-132
-108
11
34
-86
-179
-92
76
99
-69
-215
-155
24
96
2
-120
-127
-34
38
44
2
-46
-80
-72
-5
92
126
44
-84
-133
-31
148
228
112
-94
-177
-45
172
258
145
-48
-155
-118
20
173
238
137
-91
-257
-186
71
275
247
29
-175
-223
-106
75
195
192
84
-64
-179
-189
-51
160
266
149
-98
-242
-177
-9
100
111
90
47
-62
-204
-244
-91
175
319
164
-192
-441
-332
70
397
339
-50
-398
-397
-99
206
287
136
-89
-243
-249
-104
104
231
175
-22
-182
-181
-55
77
138
127
57
-47
-111
-53
87
167
79
-65
-73
70
176
105
-55
-108
-11
103
104
38
18
28
-12
-95
-88
63
205
142
-111
-271
-128
174
295
84
-238
-316
-71
237
291
65
-197
-261
-126
43
132
147
109
-8
-184
-276
-148
129
306
216
-47
-244
-244
-118
40
189
273
177
-125
-410
-364
35
429
419
26
-358
-388
-100
205
283
139
-56
-169
-172
-83
61
183
175
5
-186
-219
-52
155
210
93
-70
-156
-125
-4
140
187
62
-129
-183
-26
168
154
-46
-155
-22
148
103
-92
-150
26
173
76
-123
-147
19
140
68
-72
-101
-9
63
16
-81
-74
76
181
46
-214
-260
13
294
229
-81
-255
-134
62
115
60
21
-1
-54
-71
-7
59
27
-45
-34
53
77
-8
-88
-71
1
52
73
69
9
-110
-163
-42
170
230
31
-229
-259
-19
240
255
37
-192
-235
-86
98
177
144
54
-80
-227
-251
-2
364
418
-13
-496
-442
121
531
307
-231
-405
-87
226
164
-63
-77
80
93
-105
-220
-37
247
264
-23
-290
-227
87
278
128
-161
-205
54
238
57
-255
-240
129
367
146
-250
-315
1
257
145
-117
-157
46
166
15
-205
-181
92
291
155
-184
-329
-100
227
254
-48
-270
-100
247
277
-99
-415
-259
195
419
203
-129
-233
-151
-93
-48
126
338
289
-103
-475
-398
82
475
379
-60
-361
-257
45
177
82
1
71
119
-46
-299
-284
90
449
376
-77
-439
-367
9
327
349
120
-170
-323
-227
42
270
280
91
-150
-301
-256
3
302
376
116
-245
-375
-198
79
256
287
165
-112
-390
-390
-21
425
499
103
-400
-521
-163
312
455
178
-217
-358
-166
121
246
154
-27
-162
-175
-77
82
195
154
-22
-182
-177
-16
139
147
31
-74
-79
-19
22
24
17
32
46
-7
-104
-116
28
194
158
-92
-268
-125
190
277
-1
-316
-243
182
454
204
-337
-546
-140
453
558
44
-494
-433
112
454
209
-246
-307
47
272
60
-252
-187
185
342
49
-327
-320
49
323
209
-102
-224
-58
131
94
-95
-154
22
214
154
-112
-266
-126
137
223
82
-82
-112
-66
-53
-31
85
202
117
-157
-323
-142
232
376
110
-273
-350
-58
255
252
-7
-199
-115
92
122
-56
-175
-26
220
217
-70
-287
-168
112
218
86
-55
-45
20
-9
-108
-121
25
208
237
35
-247
-338
-108
251
381
152
-211
-346
-157
132
247
142
-26
-121
-127
-67
40
146
155
13
-191
-248
-48
260
347
69
-317
-401
-84
281
323
76
-146
-171
-113
-72
21
191
234
2
-289
-281
61
327
207
-132
-282
-101
148
187
34
-97
-82
-6
16
-12
5
75
89
-19
-147
-123
55
183
100
-82
-138
-24
63
5
-67
14
163
139
-94
-283
-183
129
329
217
-88
-303
-240
33
258
226
5
-162
-135
-18
18
-2
41
142
118
-98
-290
-196
151
382
214
-184
-383
-191
153
290
144
-64
-132
-87
-52
-41
20
130
175
62
-142
-253
-147
98
264
202
-27
-216
-206
-37
124
157
88
1
-70
-124
-120
2
173
207
23
-208
-237
-15
217
219
6
-188
-173
-4
114
81
-18
-21
56
51
-84
-189
-82
160
256
89
-154
-224
-94
49
97
114
132
61
-155
-314
-160
231
420
143
-307
-400
-42
313
268
-46
-220
-112
62
79
-9
-40
35
89
20
-119
-161
-19
157
164
-3
-122
-68
17
-13
-72
13
160
146
-42
-167
-109
-7
24
49
148
166
-27
-271
-261
30
290
266
19
-201
-237
-89
113
214
145
-24
-156
-174
-92
63
224
252
39
-280
-387
-115
300
452
190
-231
-425
-255
79
295
260
73
-101
-203
-213
-115
69
248
254
53
-199
-294
-156
71
203
194
105
-16
-157
-264
-206
58
353
391
72
-356
-498
-208
257
483
305
-92
-370
-351
-106
192
367
304
5
-341
-440
-151
310
521
254
-251
-505
-282
172
421
296
-39
-285
-291
-95
144
265
205
5
-200
-267
-126
129
271
164
-79
-190
-86
56
38
-65
-38
119
173
8
-210
-212
3
203
187
-8
-168
-148
6
115
80
-24
-56
-5
27
-25
-79
-36
84
140
56
-95
-167
-84
76
167
110
-46
-149
-89
67
147
50
-123
-165
-11
181
188
9
-169
-189
-79
58
154
175
85
-104
-246
-192
39
241
234
41
-175
-237
-113
89
205
142
-19
-140
-154
-73
76
212
186
-54
-303
-249
91
329
199
-99
-196
-72
-12
-74
-17
214
312
40
-360
-422
-43
390
424
48
-337
-344
6
286
185
-126
-206
49
246
82
-225
-245
52
269
164
-85
-181
-88
33
76
63
23
-27
-51
-29
0
-7
-18
17
61
27
-66
-93
1
110
83
-62
-145
-50
112
142
7
-128
-130
-22
81
117
76
-29
-136
-150
-29
146
219
85
-149
-269
-122
183
315
93
-249
-294
27
308
188
-165
-285
-30
253
212
-74
-241
-122
105
178
59
-70
-81
-13
19
-16
-32
40
129
85
-91
-212
-121
111
236
124
-91
-192
-114
25
100
98
62
-3
-96
-148
-80
86
195
115
-77
-182
-102
50
101
38
-6
32
50
-48
-176
-145
76
267
207
-73
-297
-247
26
263
261
48
-182
-242
-97
102
179
107
4
-46
-88
-148
-122
79
311
276
-103
-469
-379
140
564
420
-173
-584
-376
201
518
269
-195
-342
-98
145
113
-29
-25
72
33
-113
-126
64
187
39
-183
-157
100
237
66
-201
-226
5
199
143
-57
-135
-29
70
7
-100
-51
120
175
3
-192
-151
75
193
55
-152
-160
45
208
130
-102
-228
-119
97
193
99
-61
-117
-45
25
9
-33
-4
97
115
-25
-180
-142
80
228
112
-130
-198
-23
151
110
-56
-106
13
95
-9
-162
-114
147
316
136
-248
-407
-132
287
407
130
-219
-300
-129
50
107
132
162
83
-150
-327
-187
179
382
192
-176
-335
-166
105
234
182
26
-147
-243
-170
68
307
309
34
-313
-436
-188
244
489
308
-150
-482
-388
32
391
389
62
-286
-356
-111
190
269
90
-114
-136
-24
39
-5
-31
44
120
56
-98
-149
-32
117
107
-31
-100
-16
94
65
-54
-103
-20
73
52
-26
-25
68
96
-42
-193
-134
121
285
141
-154
-262
-94
119
149
41
-32
-19
-10
-54
-79
-14
92
106
10
-89
-91
-10
49
40
7
15
32
-12
-103
-124
-5
151
186
58
-117
-202
-149
-2
162
237
141
-83
-261
-232
-7
206
230
73
-111
-174
-96
19
76
79
70
30
-79
-174
-112
126
298
165
-189
-399
-209
221
465
272
-184
-471
-329
106
415
337
-16
-296
-287
-73
133
198
148
32
-93
-174
-148
-12
147
208
112
-64
-194
-188
-51
136
251
191
-35
-269
-298
-64
236
341
159
-143
-314
-235
5
218
260
121
-94
-237
-216
-46
166
260
155
-96
-283
-221
47
255
198
-36
-199
-149
19
125
96
18
-40
-65
-75
-51
44
155
139
-51
-259
-227
85
368
273
-147
-440
-255
220
453
184
-259
-383
-98
229
255
45
-117
-104
-30
-18
-21
54
160
139
-62
-259
-214
74
309
241
-52
-256
-198
-1
127
132
91
43
-50
-164
-183
-52
161
291
192
-108
-382
-350
26
422
439
35
-390
-430
-93
255
326
144
-80
-197
-181
-64
76
160
138
18
-121
-168
-72
90
156
55
-91
-103
12
63
-15
-63
34
125
15
-186
-167
115
309
125
-247
-347
-34
312
308
-25
-309
-252
54
264
177
-76
-187
-52
114
72
-96
-109
84
227
81
-200
-272
-53
204
255
97
-115
-229
-173
39
224
197
-22
-184
-118
47
104
25
-57
-49
23
81
68
-30
-141
-116
72
198
83
-149
-173
48
176
12
-201
-121
179
278
10
-287
-244
69
267
155
-78
-174
-96
14
52
41
55
79
23
-147
-241
-52
292
360
-27
-447
-355
169
477
216
-241
-354
-80
181
181
44
-47
-60
-57
-53
-21
54
129
106
-55
-228
-178
106
323
174
-192
-331
-72
246
238
-39
-205
-76
125
126
-52
-154
-45
129
140
-24
-153
-94
81
147
24
-128
-122
35
148
92
-57
-142
-97
21
125
141
35
-129
-205
-89
132
235
125
-76
-182
-154
-75
27
161
267
177
-138
-431
-365
86
510
464
-28
-469
-456
-59
316
389
182
-122
-327
-301
-34
288
374
120
-236
-360
-163
152
304
196
-52
-225
-186
-11
121
115
40
-1
-3
-33
-81
-67
14
83
73
25
-17
-58
-78
-51
14
55
59
58
45
-33
-143
-141
18
181
164
-1
-128
-116
-30
28
52
58
43
6
-38
-80
-92
-27
95
161
71
-107
-200
-120
72
217
194
1
-225
-272
-76
201
313
166
-108
-297
-263
-40
225
341
210
-107
-373
-340
0
361
404
83
-289
-375
-147
149
283
218
28
-188
-293
-170
121
328
244
-54
-285
-247
-4
202
201
47
-93
-125
-80
-19
45
108
105
-18
-162
-147
53
211
116
-127
-208
-32
171
157
-25
-141
-92
28
91
63
-6
-45
-32
2
4
-15
8
65
48
-64
-122
-16
117
80
-69
-93
30
87
-18
-123
-63
89
137
25
-127
-157
-14
171
187
-30
-246
-183
105
273
128
-125
-190
-64
50
42
35
100
117
-36
-243
-252
24
331
326
-10
-323
-291
8
227
180
24
-36
-15
-61
-151
-115
100
294
212
-107
-344
-246
96
325
217
-71
-225
-134
20
68
47
69
94
-3
-184
-227
-7
273
292
-7
-318
-306
13
289
241
-43
-222
-123
65
87
-35
-64
73
162
25
-194
-204
37
248
175
-85
-222
-107
96
153
38
-79
-72
3
18
-18
0
63
53
-57
-118
-21
112
92
-64
-131
8
175
121
-126
-257
-67
251
319
24
-313
-319
20
323
274
-46
-276
-198
62
210
103
-94
-140
0
125
60
-97
-128
7
136
93
-48
-103
-21
59
32
-50
-53
33
95
44
-60
-100
-54
16
58
77
77
10
-118
-194
-83
156
275
123
-161
-274
-116
105
156
66
13
29
-15
-144
-192
-25
220
280
67
-220
-299
-95
177
253
91
-118
-162
-46
59
60
12
-9
4
17
7
-18
-44
-35
19
78
67
-22
-92
-62
36
88
42
-31
-50
-6
25
-6
-51
-33
54
103
53
-69
-153
-104
50
192
172
-29
-235
-236
2
251
262
29
-217
-253
-84
120
219
170
13
-164
-240
-145
56
220
243
114
-111
-306
-317
-54
322
460
167
-311
-482
-168
271
360
67
-209
-154
78
131
-53
-177
-27
206
195
-68
-237
-108
128
169
-5
-127
-42
95
69
-82
-120
20
152
87
-89
-137
-5
122
65
-83
-111
34
149
62
-131
-169
16
189
122
-116
-197
-14
203
156
-117
-270
-96
217
294
35
-264
-246
54
257
110
-171
-179
101
265
40
-297
-281
110
381
172
-252
-349
-1
331
205
-207
-353
-16
382
317
-156
-460
-228
249
409
118
-229
-253
-28
119
75
9
44
70
-44
-179
-129
103
241
119
-111
-186
-72
47
59
35
74
98
-12
-191
-228
-16
261
304
48
-245
-280
-66
136
160
95
52
-13
-156
-241
-85
208
320
115
-181
-274
-132
68
174
172
76
-86
-208
-164
47
216
168
-42
-188
-130
49
150
59
-95
-120
27
152
62
-148
-195
27
252
172
-147
-311
-103
237
306
29
-268
-276
3
264
255
12
-218
-223
-36
152
195
98
-47
-161
-169
-39
152
224
78
-155
-228
-65
137
169
43
-86
-116
-53
40
98
76
-18
-87
-60
19
44
13
13
55
44
-76
-164
-59
164
236
40
-220
-254
-19
208
203
17
-130
-126
-45
15
36
61
85
53
-49
-144
-125
2
133
165
98
-31
-187
-265
-126
212
449
262
-252
-572
-335
229
550
353
-109
-408
-381
-122
206
437
375
-36
-502
-548
-53
518
572
79
-422
-450
-80
226
228
90
41
20
-120
-296
-217
154
455
323
-144
-465
-334
73
358
316
56
-196
-285
-173
71
274
243
-19
-258
-231
32
231
155
-78
-181
-59
104
112
-16
-102
-45
74
94
-11
-133
-111
63
210
138
-122
-294
-154
188
349
120
-259
-354
-57
274
262
-31
-226
-111
103
103
-71
-129
37
197
106
-152
-258
-70
196
253
54
-171
-196
-39
105
113
34
-18
-17
-28
-66
-56
46
139
94
-73
-185
-84
132
209
42
-189
-201
37
245
170
-106
-256
-105
159
221
27
-177
-154
32
140
64
-59
-71
3
36
-11
-48
-5
61
59
2
-46
-69
-65
-10
115
197
71
-207
-329
-92
289
383
67
-300
-330
-39
219
196
11
-87
-35
9
-57
-115
-24
152
188
4
-191
-163
38
154
63
-68
-42
66
53
-87
-147
1
179
139
-75
-180
-54
113
99
-41
-86
18
81
-1
-93
-33
94
86
-55
-114
9
130
54
-120
-135
66
218
84
-194
-261
4
299
260
-86
-350
-226
138
315
131
-157
-189
10
106
-36
-166
-14
264
276
-82
-418
-322
125
434
288
-122
-350
-197
100
204
57
-96
-43
111
104
-113
-250
-74
228
262
-15
-228
-126
88
90
-68
-72
125
199
-36
-287
-185
182
337
70
-271
-237
112
300
66
-283
-257
150
426
167
-365
-511
-54
489
471
-56
-444
-315
55
210
142
99
95
-69
-328
-313
99
485
376
-136
-502
-348
121
421
295
-62
-267
-191
-22
52
74
151
177
-6
-291
-324
-4
321
295
-5
-218
-165
-19
37
26
42
78
58
-28
-85
-72
-33
-5
29
96
144
66
-140
-285
-165
166
370
198
-171
-326
-133
121
144
14
-6
102
106
-101
-298
-198
161
415
267
-163
-442
-275
162
377
175
-148
-193
3
85
-69
-168
40
310
233
-177
-422
-174
273
372
29
-291
-193
144
238
-27
-269
-131
213
304
6
-302
-242
90
290
153
-118
-212
-80
70
95
46
25
4
-91
-166
-44
207
260
-28
-338
-251
150
369
130
-241
-287
-7
206
129
-60
-99
5
63
-8
-95
-52
90
144
17
-153
-143
50
183
87
-94
-124
0
80
10
-53
19
121
60
-114
-185
-57
143
213
96
-99
-208
-128
66
162
79
-24
-4
32
-83
-224
-97
258
402
70
-409
-472
-14
488
495
-9
-516
-511
5
495
472
15
-373
-364
-91
144
222
189
65
-121
-244
-164
53
175
117
-4
-56
-52
-44
-28
21
53
23
-47
-66
4
119
140
-18
-246
-278
16
385
405
-13
-438
-413
1
349
333
73
-149
-229
-178
-21
166
240
118
-89
-195
-148
-19
112
183
126
-56
-197
-136
54
146
69
-24
-25
-18
-77
-95
46
205
149
-114
-285
-149
149
280
119
-128
-197
-76
46
59
28
47
74
7
-112
-148
-46
109
180
105
-60
-199
-196
-18
207
269
87
-191
-320
-172
142
333
220
-102
-305
-198
60
179
97
9
14
-7
-127
-178
8
257
236
-86
-337
-203
171
350
140
-196
-296
-102
138
195
98
-8
-74
-135
-152
-23
198
278
70
-237
-304
-63
213
252
71
-114
-158
-86
7
73
109
99
21
-97
-161
-78
105
206
106
-104
-203
-92
95
165
65
-85
-139
-51
95
141
10
-162
-151
60
220
114
-126
-202
-53
93
78
16
36
52
-60
-193
-127
115
258
123
-140
-254
-122
105
204
94
-97
-162
-52
83
90
8
-31
5
5
-54
-58
42
129
71
-81
-141
-40
88
101
11
-57
-33
30
34
-30
-70
-19
80
104
14
-91
-96
-3
75
68
7
-35
-23
13
11
-26
-39
18
87
49
-74
-122
-1
144
120
-63
-184
-97
100
200
92
-117
-221
-98
129
224
83
-137
-195
-61
98
136
52
-57
-105
-68
22
88
68
-17
-76
-59
-3
35
37
31
15
-21
-57
-62
-26
35
90
106
35
-107
-203
-123
112
283
198
-93
-310
-236
62
293
228
-40
-232
-160
57
154
50
-83
-58
75
113
-17
-153
-117
66
188
121
-60
-176
-123
35
154
129
-5
-123
-127
-18
95
108
24
-78
-101
-19
72
66
-28
-82
-8
102
82
-72
-169
-52
157
190
-29
-233
-155
124
249
48
-226
-216
81
277
119
-188
-257
-25
209
188
-19
-152
-104
8
47
41
67
88
-2
-166
-197
24
299
277
-80
-380
-264
143
361
166
-164
-241
-47
113
58
-56
-16
119
122
-71
-237
-150
128
292
159
-132
-277
-141
115
223
108
-70
-118
-50
-7
-20
7
109
134
-24
-212
-179
63
220
119
-71
-121
-52
-19
-30
32
148
135
-57
-237
-192
52
257
238
0
-253
-284
-41
246
284
47
-207
-229
-57
113
151
85
-22
-114
-124
-24
92
110
33
-32
-54
-70
-65
18
152
164
-15
-209
-183
49
224
153
-49
-151
-95
13
71
73
45
-7
-71
-79
-7
64
54
-3
-19
6
-1
-52
-68
12
120
121
-17
-166
-162
11
182
170
-13
-160
-126
9
81
49
16
31
16
-69
-129
-56
90
154
67
-65
-126
-94
-13
73
134
109
-25
-176
-177
8
198
184
-14
-168
-130
19
95
50
-7
0
13
-23
-66
-40
30
66
36
-8
-23
-29
-44
-35
24
87
77
-17
-97
-84
-2
59
70
64
39
-38
-140
-140
31
236
228
-30
-293
-264
49
314
250
-65
-287
-200
69
212
116
-57
-109
-37
18
-9
-26
36
109
74
-72
-169
-97
83
189
116
-68
-184
-129
34
154
128
-7
-119
-118
-29
58
92
79
31
-73
-174
-135
80
269
191
-117
-319
-184
123
256
109
-86
-110
-14
9
-75
-89
62
228
166
-117
-312
-181
144
304
141
-129
-192
-43
80
41
-34
17
118
87
-92
-205
-84
152
228
59
-158
-194
-40
120
141
36
-69
-103
-60
26
102
100
-11
-133
-121
39
172
117
-82
-194
-93
103
165
44
-100
-107
-5
60
20
-43
-23
45
56
-22
-91
-52
59
109
25
-107
-127
-4
139
149
4
-153
-170
-32
130
168
69
-58
-132
-117
-34
84
171
143
-5
-172
-208
-69
132
221
139
-36
-163
-162
-58
67
134
125
65
-31
-135
-173
-85
103
243
186
-41
-249
-249
-41
195
258
105
-128
-259
-177
53
242
218
1
-214
-230
-39
167
204
65
-93
-137
-78
-2
53
98
108
24
-133
-196
-65
158
225
50
-180
-209
-22
157
145
-6
-110
-80
2
37
29
27
26
-15
-61
-38
48
95
16
-105
-105
36
162
109
-74
-186
-99
85
163
83
-46
-95
-65
-28
5
59
110
75
-56
-161
-111
46
152
105
-16
-80
-62
-29
-15
23
93
105
-5
-148
-146
27
177
127
-60
-154
-59
83
96
-14
-82
-25
65
60
-28
-86
-41
53
95
43
-51
-98
-62
20
91
93
3
-110
-136
-20
131
155
16
-149
-165
-23
129
146
37
-90
-138
-84
28
126
133
30
-115
-172
-80
93
184
113
-44
-154
-135
-26
98
163
113
-35
-186
-194
-13
201
236
41
-193
-227
-47
156
190
60
-85
-129
-78
12
88
116
66
-51
-141
-106
33
142
116
-12
-100
-87
-20
13
13
39
89
79
-41
-180
-172
25
249
262
16
-267
-308
-52
246
293
65
-178
-203
-49
75
63
18
43
80
5
-150
-192
-17
207
230
8
-220
-217
-12
168
153
3
-106
-92
-17
30
37
35
28
-10
-60
-64
-6
61
68
18
-38
-59
-37
13
58
66
26
-42
-77
-44
30
65
43
4
-11
-17
-40
-54
-4
90
124
25
-124
-158
-26
134
153
20
-111
-105
2
68
30
-32
-22
45
63
-17
-108
-92
33
131
95
-33
-125
-89
17
78
56
0
-20
-12
-24
-52
-38
46
124
83
-76
-199
-134
82
238
174
-64
-250
-212
8
208
232
77
-121
-222
-166
16
196
241
99
-131
-255
-164
59
223
200
29
-136
-181
-88
55
149
130
18
-100
-128
-44
66
99
38
-36
-45
-10
0
-31
-37
34
102
57
-88
-173
-74
125
207
74
-140
-216
-87
108
181
101
-41
-126
-119
-36
67
128
102
-17
-131
-133
-6
120
111
-21
-113
-61
56
83
-20
-101
-41
83
102
-11
-107
-62
63
103
8
-84
-56
47
82
12
-60
-36
40
44
-37
-84
0
127
128
-35
-194
-154
57
219
158
-57
-204
-145
37
161
123
-15
-110
-86
3
56
46
20
9
-17
-58
-57
18
93
68
-40
-99
-43
48
67
10
-35
-21
16
19
-15
-33
1
45
37
-32
-66
-6
77
70
-45
-122
-53
85
127
19
-96
-92
8
69
35
-32
-45
8
52
29
-46
-87
-37
68
114
35
-102
-135
-21
115
118
-4
-98
-65
35
61
0
-36
3
54
22
-62
-82
2
100
98
-16
-126
-111
27
146
119
-25
-140
-104
28
112
81
-3
-59
-55
-24
12
44
54
39
-11
-69
-89
-28
85
139
54
-104
-167
-54
119
158
33
-109
-121
-19
69
75
28
-17
-40
-59
-49
15
96
98
-16
-145
-133
25
164
130
-46
-165
-114
43
126
65
-44
-80
-30
21
20
-10
-8
26
32
-9
-52
-41
18
64
45
-14
-51
-35
13
38
28
6
-4
-8
-13
-17
-4
30
49
26
-30
-62
-29
37
71
40
-26
-70
-48
14
65
62
6
-60
-73
-19
49
60
13
-39
-44
-9
19
12
-7
3
21
10
-19
-35
-11
20
24
3
-12
-8
2
-10
-19
-3
28
28
-16
-46
-27
27
47
2
-44
-30
21
36
-6
-42
-12
45
44
-22
-66
-21
59
73
1
-63
-46
23
53
19
-31
-29
17
35
1
-42
-35
21
62
46
-14
-64
-60
-3
67
91
31
-74
-119
-52
72
129
56
-66
-114
-58
34
78
60
10
-47
-79
-52
23
88
68
-19
-82
-59
17
58
30
-17
-20
8
12
-19
-29
9
56
43
-27
-74
-39
38
64
19
-35
-36
-5
9
4
9
22
16
-16
-38
-17
23
39
14
-16
-22
-3
9
4
-3
1
13
8
-13
-25
-10
20
37
16
-26
-45
-21
28
39
-1
-39
-23
28
38
-12
-60
-29
51
73
8
-71
-67
11
59
31
-19
-19
13
14
-27
-44
4
68
61
-20
-76
-44
32
54
5
-34
-1
49
23
-66
-97
-5
123
133
-2
-142
-137
7
131
118
3
-89
-81
-9
34
26
-1
2
21
10
-33
-62
-36
41
94
51
-57
-114
-49
80
136
41
-105
-141
-16
136
141
-8
-143
-123
19
121
87
-10
-57
-37
-16
-19
1
63
93
22
-93
-122
-24
92
109
39
-34
-60
-71
-61
9
122
163
27
-192
-248
-43
228
272
32
-231
-244
-29
165
166
34
-63
-77
-60
-47
5
102
138
34
-135
-192
-53
146
198
58
-123
-166
-64
63
109
78
23
-37
-92
-101
-18
112
160
52
-117
-175
-57
113
149
27
-99
-86
14
57
3
-48
2
78
52
-81
-147
-29
153
172
-23
-208
-155
87
234
110
-135
-207
-36
156
141
-32
-124
-37
83
60
-71
-110
25
161
99
-109
-213
-67
161
204
15
-173
-146
34
138
62
-55
-56
28
49
-35
-89
1
124
106
-64
-184
-89
120
201
61
-141
-190
-61
99
153
83
-30
-117
-139
-66
78
192
148
-46
-227
-211
11
236
244
24
-207
-233
-43
159
194
63
-87
-124
-65
3
39
57
71
48
-37
-125
-120
2
151
186
57
-140
-231
-122
110
261
183
-71
-267
-220
26
242
222
3
-199
-203
-40
116
146
65
-28
-82
-92
-66
9
113
156
66
-112
-217
-132
99
259
188
-62
-268
-228
14
242
253
42
-193
-253
-103
115
221
155
-18
-172
-201
-83
109
223
163
-42
-223
-207
-8
192
213
58
-119
-174
-96
21
107
137
98
-27
-171
-200
-35
204
267
73
-201
-279
-85
174
241
81
-114
-169
-81
30
78
77
56
-5
-92
-127
-48
91
157
76
-77
-152
-88
47
117
84
-9
-76
-82
-30
32
69
53
-4
-60
-71
-11
56
73
9
-62
-58
17
68
26
-52
-70
3
81
71
-17
-85
-63
20
71
57
7
-33
-46
-38
-6
42
71
33
-53
-99
-43
69
113
34
-85
-110
-12
93
89
-9
-87
-61
26
66
25
-34
-40
-2
27
23
-1
-17
-17
-14
0
31
49
19
-44
-81
-43
49
99
57
-40
-103
-73
14
76
69
9
-45
-51
-18
15
28
21
14
7
-6
-26
-33
-5
38
49
8
-48
-56
-3
49
44
-6
-49
-34
16
45
27
-18
-42
-30
5
35
41
17
-35
-65
-33
39
83
44
-50
-99
-51
57
104
43
-57
-90
-33
46
65
21
-21
-19
1
-6
-26
-19
37
81
44
-55
-113
-58
63
128
71
-47
-114
-68
35
93
61
-12
-55
-43
-7
17
22
18
15
1
-25
-45
-31
13
50
45
-5
-55
-59
-11
41
49
6
-39
-34
4
33
11
-28
-28
11
41
28
-22
-50
-27
21
43
29
2
-20
-35
-36
-10
42
75
41
-44
-106
-74
39
120
87
-30
-114
-79
21
81
52
-10
-26
-5
-6
-34
-33
31
101
73
-55
-149
-85
85
182
92
-92
-176
-82
80
149
79
-43
-105
-79
-10
59
87
60
-19
-91
-92
-6
84
100
27
-62
-89
-45
18
53
57
30
-21
-81
-91
-20
91
134
53
-93
-164
-88
64
152
102
-30
-130
-121
-22
84
121
67
-45
-127
-105
7
114
118
13
-93
-109
-39
41
79
69
30
-28
-83
-93
-18
96
156
82
-73
-172
-125
43
175
156
2
-140
-148
-38
85
119
68
-8
-58
-75
-61
-4
78
120
62
-64
-148
-97
48
150
113
-20
-120
-105
-7
80
89
33
-33
-61
-49
-14
32
51
33
-11
-53
-49
-7
35
36
5
-24
-29
-13
7
14
8
2
-4
-7
-12
-7
9
24
21
-7
-36
-38
-1
36
41
5
-38
-46
-11
25
38
20
-9
-25
-27
-12
11
34
29
-10
-48
-38
20
66
37
-38
-74
-25
58
74
9
-58
-54
17
61
32
-29
-41
1
43
31
-17
-45
-21
24
43
18
-18
-40
-33
0
32
47
29
-13
-49
-42
7
56
57
6
-48
-52
-3
37
32
-2
-20
-10
-1
-5
-8
6
22
13
-21
-33
-8
30
29
-19
-55
-30
26
46
3
-52
-47
11
50
26
-33
-50
-6
43
41
-7
-38
-18
22
35
9
-18
-17
3
12
3
-3
1
8
2
-12
-12
2
13
10
-1
-7
-6
-3
-5
2
16
20
6
-20
-30
-1
37
39
-2
-45
-39
15
54
37
-13
-52
-36
14
44
30
-9
-32
-25
-11
-1
9
27
40
13
-42
-79
-51
36
108
81
-25
-121
-108
1
111
113
18
-86
-103
-33
48
78
43
-10
-41
-44
-24
9
39
47
15
-35
-56
-24
25
42
19
-10
-20
-14
-10
0
16
32
18
-23
-49
-27
34
60
23
-39
-60
-20
32
43
9
-17
-14
-10
-27
-32
17
80
74
-36
-133
-94
61
171
108
-68
-171
-100
62
153
97
-30
-104
-82
-12
49
73
58
8
-55
-90
-55
37
111
87
-18
-110
-101
0
90
90
14
-60
-71
-23
26
45
38
14
-23
-50
-36
14
57
42
-17
-58
-35
20
45
18
-21
-21
3
5
-13
-19
10
39
15
-40
-60
-16
41
49
3
-40
-38
-9
13
15
12
6
-2
-17
-25
-7
19
28
10
-12
-21
-10
7
14
19
17
3
-21
-21
9
41
35
-9
-42
-23
28
46
14
-32
-41
-8
24
24
3
-8
-10
-14
-16
-4
23
36
9
-37
-54
-17
40
62
25
-37
-67
-38
20
63
55
3
-59
-77
-26
55
96
52
-43
-101
-59
34
89
58
-17
-59
-47
-11
16
31
34
20
-16
-55
-57
-2
61
71
23
-44
-74
-44
17
62
65
18
-47
-83
-51
36
96
70
-22
-95
-76
12
83
70
-1
-55
-59
-21
16
36
43
27
-19
-70
-67
-3
72
90
26
-63
-99
-56
27
90
89
24
-69
-124
-84
35
144
128
-9
-138
-143
-19
115
137
41
-66
-99
-52
20
62
64
36
-13
-59
-64
-14
59
97
49
-38
-92
-60
26
88
70
-9
-73
-74
-12
53
64
24
-32
-60
-43
2
46
54
21
-33
-63
-41
10
51
46
2
-39
-46
-22
2
24
36
22
-15
-53
-56
-9
47
61
20
-41
-62
-34
13
43
39
18
-14
-41
-42
-5
46
63
20
-41
-63
-29
34
57
31
-15
-38
-30
-3
22
35
30
4
-29
-40
-11
33
54
27
-20
-42
-22
18
38
24
1
-12
-13
-12
-5
11
22
12
-10
-28
-12
19
28
5
-23
-21
10
30
10
-25
-32
0
24
10
-21
-25
5
25
1
-37
-30
24
60
26
-53
-84
-30
58
83
19
-63
-83
-25
44
62
27
-22
-42
-31
-5
17
30
27
5
-28
-40
-17
21
45
31
-10
-36
-37
-10
23
35
30
5
-29
-43
-15
33
63
39
-21
-62
-41
20
62
46
-9
-49
-39
-1
32
34
15
-4
-19
-22
-8
13
29
22
-4
-27
-29
-10
17
28
17
-6
-22
-20
0
16
18
3
-15
-16
-10
1
5
5
2
-4
-13
-16
-3
8
13
4
-6
-7
-2
-3
0
5
6
-1
-15
-17
-1
16
14
-7
-20
-9
10
12
-6
-14
-2
18
14
-11
-24
-1
27
29
0
-29
-23
8
30
24
1
-16
-15
-1
13
15
7
-4
-11
-5
4
6
2
-4
-4
1
4
-1
-6
-3
7
10
1
-16
-19
2
17
15
-10
-25
-10
15
22
5
-15
-12
9
20
12
-6
-14
-3
10
12
3
-7
-9
-1
2
-2
-6
-3
2
2
-8
-11
-6
-1
3
1
-6
-10
-6
0
3
3
-2
-6
-4
-2
2
2
-3
-2
2
5
3
-4
-6
3
12
10
-5
-12
-9
6
13
8
2
-2
5
5
2
2
9
13
4
-7
-9
3
10
7
-4
-11
-6
7
8
0
-7
-4
5
10
5
-2
0
3
2
-3
-3
2
9
8
-5
-14
-12
1
10
7
-6
-16
-19
-12
2
8
0
-11
-18
-11
-1
5
3
-1
-6
-9
-7
-1
5
11
5
-6
-15
-10
3
15
16
4
-11
-11
3
12
15
8
-3
-7
-5
-1
3
5
11
9
1
-4
-7
2
14
16
9
-2
-10
-7
3
10
13
8
1
-5
-6
-1
6
11
8
-2
-10
-10
-3
5
9
3
-5
-14
-13
0
9
12
1
-14
-17
-7
4
5
1
-8
-13
-10
-7
-2
1
-1
-2
-2
-4
-4
-1
4
4
0
-5
-8
-6
4
8
5
-3
-9
-4
5
11
8
0
-8
-5
3
10
8
0
-4
-5
0
7
7
8
1
-1
0
1
3
4
3
3
1
-3
-3
0
5
10
9
-1
-10
-8
10
14
4
-11
-14
1
12
10
-1
-7
0
5
-2
-11
-7
10
16
3
-18
-22
-3
16
17
-4
-17
-16
-4
6
3
-3
-5
-4
-8
-8
1
9
12
0
-14
-14
0
10
6
0
-8
-7
-3
1
4
2
1
-1
-3
-3
3
12
8
-3
-8
-4
5
9
0
-5
-4
1
3
1
-1
0
1
1
1
0
5
8
9
2
-1
0
5
9
4
-2
-2
6
9
4
-4
-5
6
10
8
-2
-10
