4
7
10
9
7
8
8
7
7
4
2
6
5
3
0
2
3
5
7
3
5
6
7
6
4
3
0
-2
-1
1
2
-3
-1
-1
-1
-1
-2
-4
-1
-1
-3
-3
-1
-2
-1
-1
-2
1
2
0
-4
-5
-6
-1
0
-3
-5
-5
-5
-4
-4
-4
-1
-2
-3
-3
0
-2
-3
-3
-3
-2
0
2
1
0
1
0
0
-2
0
-1
-4
-1
0
3
2
4
1
2
0
1
0
1
1
1
0
0
2
2
4
4
3
1
2
3
0
3
4
3
3
3
4
4
0
-4
-5
-3
2
1
-1
1
1
1
2
3
3
2
2
2
2
2
0
-1
-2
0
2
2
-2
-3
-1
-2
1
-1
-5
-6
-6
-5
-1
-3
-2
-4
-3
-2
1
1
-5
-6
-4
-2
-1
-1
-1
3
-1
0
3
3
0
2
1
1
1
-1
-1
0
-1
-3
0
-2
-3
-2
-3
-2
-3
-3
-4
-4
1
-1
-3
4
4
-2
1
1
3
1
2
7
6
9
8
7
8
9
6
4
3
3
0
0
-2
-2
2
2
-1
-2
-2
-3
-4
-2
-3
-1
-2
-2
-2
-4
-4
-3
-2
0
0
0
-1
0
-5
-4
-4
-3
-2
-2
0
0
1
2
1
1
1
3
5
4
2
0
-1
2
3
2
2
1
0
-2
-1
0
-1
-3
-3
-3
-7
-6
-7
-8
-5
-6
-3
-1
0
0
-1
1
1
1
1
5
4
2
2
0
-1
3
3
1
3
2
1
0
4
5
4
1
3
1
-2
0
3
2
4
7
7
7
2
2
1
-3
3
7
1
2
1
-3
-2
-3
-1
-6
-3
-2
-6
-10
-4
-5
-9
-5
-8
-4
-5
-4
-5
-2
2
-5
-3
1
-1
-2
-3
-5
-3
-2
-2
3
-1
-1
8
1
5
11
-1
0
7
9
-1
4
7
-5
4
8
-6
0
5
-6
-1
1
-4
6
4
0
4
-2
-2
5
2
10
8
0
2
7
14
-4
0
10
5
3
-11
28
18
-25
-6
-10
-23
-16
-3
-14
-1
5
-6
15
-52
-60
69
-23
-92
56
42
-68
13
72
-7
-39
-63
-14
2
-74
-48
50
-78
-166
0
96
-113
-35
-55
96
341
-33
-75
423
87
-251
255
344
63
-96
91
107
-263
-291
216
-86
-278
300
-14
-318
-13
122
-231
-338
247
47
-432
-128
-969
-1698
502
948
-538
-87
873
-199
-1135
389
761
141
845
660
27
-65
-1327
-1756
387
1903
1019
964
1182
165
-110
670
730
916
739
-417
-271
-113
-936
-688
-12
-476
-652
-16
-155
-1410
-426
-107
-1207
-601
567
-385
-364
151
149
-294
-1987
-1392
256
752
838
1174
942
292
-448
719
1299
728
-829
-970
1761
1905
93
210
398
-606
-388
501
1045
322
-589
-1363
-1638
-2214
-1932
-318
396
-85
275
226
-394
454
304
588
1357
798
838
819
194
374
-76
-99
219
176
-375
-895
-1019
272
717
-75
19
175
230
69
492
721
135
-1317
-3325
-884
1312
310
-104
159
-1241
-1636
-145
267
-25
1232
1685
825
-771
-1162
-112
-580
380
1843
1055
352
231
-391
-867
-81
171
44
742
346
-150
-160
-838
-324
382
-64
-314
-248
-90
-73
-106
-130
772
260
-455
563
234
-544
-1078
-172
-309
-381
1171
161
-627
-379
-620
-30
304
848
1430
747
334
-18
-378
-652
246
1179
139
-180
297
-363
-885
-342
-250
-342
226
469
73
-362
-141
-69
-83
7
324
490
220
-323
263
34
-250
492
458
-230
533
540
-698
-173
270
-705
-257
674
-464
-355
-141
-805
-365
-23
-84
-290
409
423
-930
-752
-4
-392
-96
446
572
-281
-460
-176
-41
-260
87
789
-225
-444
380
-597
-784
374
91
-333
425
275
-212
24
359
220
262
566
459
381
342
449
349
283
367
730
396
-158
400
321
-569
-272
99
36
-404
-165
-180
-782
176
646
-19
-71
304
-198
96
460
-29
577
1359
493
-450
-487
-9
-515
-435
1049
480
-309
-142
-873
-1419
-600
-277
-280
508
9
-725
-965
-1076
-1057
-408
298
574
471
-70
-565
0
515
152
682
941
-142
-189
753
-521
-615
764
-249
-653
575
-56
-1082
-541
-89
-281
-338
-399
-490
-423
-322
267
1156
333
-6
679
294
-170
751
1264
533
836
848
51
-132
621
171
-191
109
-396
230
128
-460
24
-622
-1346
-113
226
344
508
640
78
-573
-458
-20
261
746
1476
227
-1044
-354
-431
-1022
-170
761
469
-631
-175
-604
-1777
-936
312
489
32
351
350
-576
-453
299
241
396
848
752
753
731
317
220
487
361
431
473
592
536
-93
-287
-127
144
199
520
1155
427
-1175
-972
146
145
-246
268
397
-149
-487
-278
-133
246
977
406
-238
-99
-401
-904
-308
320
-92
-252
-467
-1100
-1391
-1312
-1074
-590
11
-707
-1519
-1319
-1489
-1682
-1017
-470
-398
-565
-890
-510
-346
-635
-96
545
211
-201
102
194
175
385
473
560
405
339
689
853
896
772
729
852
938
877
851
1025
1236
853
958
1463
848
543
962
908
548
965
1262
263
-112
722
294
-539
154
725
117
22
443
-87
-590
74
304
-251
-445
-19
-83
-655
-201
-124
-646
-806
-609
-376
-950
-714
-25
135
-329
-914
-481
-458
-1206
-746
521
140
-1013
-735
-267
-762
-857
-117
101
-418
-790
-674
-408
-588
-475
89
98
-487
-660
-418
-414
-442
371
644
-329
-697
-13
225
-103
822
1196
-30
-631
-325
224
104
204
1311
963
-522
-729
-99
107
115
605
858
85
-419
-69
230
384
539
554
389
205
-38
-82
-1
48
409
720
267
-111
42
-70
-56
352
842
639
88
237
309
-184
-239
297
454
2
200
519
-76
-557
-207
87
168
184
141
154
-59
-463
-433
508
264
-489
126
320
-209
-289
281
191
-166
204
233
-244
42
349
3
-151
90
-12
-549
-521
-143
-350
-297
-47
-526
-811
-432
-15
-466
-495
246
147
-666
-938
-402
-140
-181
-331
-515
-466
-517
-684
-471
-14
-228
-676
-552
-430
-220
-134
-275
-198
-194
-315
-205
18
157
486
646
547
251
167
430
654
650
605
831
725
341
371
429
564
608
591
624
437
518
321
104
573
800
442
635
792
350
467
714
640
522
453
416
190
-14
48
-94
86
106
48
107
80
-110
-615
-373
-308
23
93
-469
-529
-402
-364
-776
-698
-438
-586
-640
-1069
-550
-271
-988
-1026
-644
-294
-441
-553
-539
-793
-925
-637
-793
-763
-327
-305
-473
-765
-936
-688
-215
-60
-440
-620
-334
-431
-233
-86
-62
-103
-153
244
399
293
213
344
662
706
541
594
1003
872
561
759
773
685
718
647
688
797
563
593
783
721
710
737
725
986
1020
661
475
650
909
579
397
618
609
430
119
165
243
154
103
-94
2
127
-2
-78
-255
-288
-202
-347
-314
-263
-346
-385
-228
-315
-551
-527
-582
-576
-408
-252
-390
-528
-668
-840
-494
-495
-778
-657
-509
-486
-751
-906
-711
-604
-648
-676
-417
-187
-477
-600
-460
-427
-311
-180
-173
-197
-155
-164
-148
-99
-158
-229
-27
141
56
22
53
82
143
282
241
167
250
325
500
555
367
273
360
360
226
275
497
591
462
111
53
600
721
330
322
602
597
216
189
587
783
456
103
342
502
283
129
365
568
375
77
149
350
191
20
114
283
151
-135
-189
-159
-152
-189
-261
-180
-157
-194
-288
-413
-388
-302
-183
-105
-246
-317
-234
-278
-482
-524
-239
-161
-279
-312
-290
-269
-221
-321
-288
-63
-61
-109
-136
-225
-125
-5
-129
-148
-164
-137
-16
-35
-155
-69
51
-65
-79
126
167
98
23
29
122
118
50
30
108
41
1
-22
-24
35
31
-28
-96
44
226
48
-107
20
125
28
-4
83
41
51
4
-132
-101
35
46
77
-119
-179
114
107
1
-47
33
188
-34
-235
-8
301
220
-160
-204
15
168
81
88
112
64
255
224
-9
51
217
273
212
189
232
113
1
151
217
144
113
106
233
115
-88
-38
45
165
131
-148
-159
67
110
-98
-160
-21
-36
-91
8
-36
-261
-220
-56
-35
-124
-178
-192
-198
-225
-256
-273
-102
79
-98
-222
-133
-249
-213
-20
-114
-65
76
19
-102
-196
-104
6
-80
-62
24
162
180
-28
-51
64
79
50
229
329
146
79
169
216
190
106
190
205
120
251
251
75
-14
44
196
116
-38
154
243
-47
-160
-18
-77
-109
-17
5
59
-69
-284
-197
-154
-248
-164
-33
-26
-167
-177
-91
-226
-353
-206
72
169
-31
-147
-99
-46
-26
-8
46
64
160
220
62
4
86
145
164
118
205
254
216
219
182
185
183
202
206
141
307
392
106
-43
203
298
41
88
222
103
21
-75
-83
65
99
-92
-320
-245
-59
-181
-318
-247
-153
-226
-411
-361
-271
-331
-279
-234
-316
-371
-260
-218
-404
-334
-149
-216
-282
-166
-45
-104
-154
-150
-74
51
19
92
205
193
223
81
17
283
410
290
334
523
417
191
243
463
578
503
374
457
630
428
170
397
601
401
254
364
433
302
90
14
105
144
48
-20
-94
-227
-288
-356
-445
-442
-402
-462
-624
-690
-627
-670
-825
-807
-606
-516
-654
-783
-677
-551
-561
-534
-382
-250
-243
-271
-273
-188
70
261
188
129
292
435
383
395
668
808
597
487
709
868
738
632
753
937
795
476
591
832
621
440
682
738
317
63
268
357
184
93
-26
-261
-359
-321
-374
-553
-663
-645
-688
-841
-988
-1038
-983
-928
-967
-1004
-954
-875
-857
-900
-841
-668
-539
-460
-360
-232
-132
-80
-19
29
155
382
428
394
522
646
637
552
560
756
886
705
625
940
975
627
633
966
1021
642
523
940
1146
753
311
589
999
572
113
401
840
552
-158
-258
-152
-401
-595
-485
-349
-623
-1008
-1189
-1306
-1300
-1311
-1341
-1280
-1236
-1196
-1256
-1345
-1277
-1052
-799
-684
-626
-484
-259
-122
-121
8
234
322
338
446
563
540
476
471
507
517
344
192
376
659
635
426
427
479
334
310
539
774
898
905
832
791
807
802
776
966
1221
1081
789
854
1001
733
438
475
317
-146
-298
-45
-8
-424
-781
-830
-923
-1247
-1461
-1387
-1342
-1402
-1394
-1392
-1446
-1526
-1519
-1282
-1031
-990
-1007
-870
-626
-415
-265
-143
58
279
380
467
517
491
540
584
587
682
736
648
568
518
389
166
-2
156
494
503
358
436
372
109
227
697
956
920
927
1041
947
731
859
1116
1157
1305
1557
1334
738
341
140
-4
65
243
135
-350
-833
-1059
-1285
-1629
-1790
-1694
-1590
-1606
-1728
-1905
-2042
-2057
-1893
-1537
-1201
-1091
-1085
-961
-702
-434
-224
-5
280
546
708
766
772
787
878
1039
1139
1089
1004
965
839
662
581
451
267
347
598
612
436
355
397
474
585
810
1067
1074
862
867
1224
1464
1279
1158
1532
1872
1526
785
210
-106
-95
208
296
-145
-774
-1271
-1618
-1821
-1953
-2096
-2179
-2148
-2154
-2342
-2606
-2714
-2532
-2099
-1598
-1273
-1206
-1146
-876
-532
-233
95
429
685
951
1181
1221
1147
1143
1254
1371
1440
1374
1096
746
584
663
644
320
-19
-16
230
361
291
173
139
278
564
796
735
602
849
1303
1496
1466
1481
1519
1623
1725
1297
335
-202
147
581
371
-211
-769
-1339
-1825
-1918
-1769
-1884
-2248
-2402
-2316
-2384
-2685
-2874
-2608
-1924
-1295
-1141
-1304
-1306
-972
-422
185
687
1005
1204
1410
1611
1696
1663
1684
1883
2090
2000
1609
1194
935
818
742
512
28
-383
-326
-10
39
-183
-308
-175
154
516
633
445
383
711
1118
1355
1513
1679
1844
1857
1338
275
-449
-143
534
550
-163
-1057
-1888
-2466
-2536
-2322
-2346
-2624
-2850
-3020
-3218
-3369
-3352
-3001
-2259
-1532
-1336
-1509
-1441
-927
-181
582
1185
1535
1784
2063
2286
2436
2581
2682
2702
2692
2586
2282
1928
1653
1399
1158
911
459
-153
-422
-170
86
-70
-408
-498
-229
180
435
499
602
876
1167
1364
1579
1893
2103
1726
640
-327
-221
548
727
49
-873
-1834
-2761
-3139
-2916
-2840
-3178
-3460
-3605
-3924
-4288
-4321
-3870
-3025
-2150
-1792
-1940
-1920
-1353
-479
401
1153
1656
1976
2327
2703
2946
3083
3215
3382
3535
3504
3102
2473
2039
1927
1842
1460
752
6
-352
-214
-23
-208
-542
-544
-179
157
253
254
407
807
1299
1727
2136
2404
1935
606
-430
-58
1002
1181
261
-882
-1902
-2801
-3150
-2825
-2598
-3039
-3691
-3999
-4153
-4484
-4671
-4195
-3175
-2343
-2216
-2483
-2437
-1749
-625
544
1397
1769
1878
2168
2721
3196
3428
3614
3869
3963
3678
3147
2705
2527
2464
2255
1760
1011
172
-420
-492
-235
-187
-485
-680
-492
-198
-98
-34
274
774
1244
1672
2168
2280
1274
-314
-686
601
1656
1019
-563
-1928
-2844
-3182
-2844
-2485
-2818
-3599
-4151
-4298
-4335
-4499
-4507
-3873
-2838
-2281
-2441
-2621
-2227
-1254
17
1102
1572
1619
1839
2440
3135
3622
3827
3866
3908
3931
3772
3414
3023
2756
2578
2279
1713
935
154
-291
-224
7
-137
-550
-685
-401
4
281
346
342
599
1170
1859
2461
2262
664
-994
-613
1191
1770
499
-1152
-2423
-3177
-2958
-2268
-2441
-3418
-4098
-4365
-4555
-4470
-4268
-4225
-3743
-2751
-2485
-3021
-2754
-1400
-209
514
1121
1287
1241
1952
3108
3596
3618
3826
3879
3629
3583
3626
3338
3050
2982
2549
1654
984
666
249
-100
-54
-88
-510
-700
-332
-22
-13
98
328
470
808
1589
2331
2201
808
-881
-968
711
1784
801
-997
-2427
-3364
-3233
-2153
-2053
-3474
-4438
-4292
-4335
-4538
-4094
-3727
-3784
-3235
-2415
-2568
-2744
-1536
-22
613
1014
1432
1467
1907
3205
4040
3817
3659
3881
3844
3759
3897
3704
3130
2793
2534
1882
1166
789
566
211
-294
-754
-868
-630
-322
-62
45
-154
-236
329
1082
1518
2126
2632
1478
-830
-1290
675
1988
1086
-452
-1891
-3523
-3847
-2123
-1266
-3075
-4837
-4687
-4439
-4732
-4171
-3422
-3816
-3979
-3004
-2579
-2884
-1992
-227
513
525
885
1205
1543
2740
3993
3969
3417
3526
3848
3833
3869
3867
3329
2679
2454
2201
1560
1005
725
366
-43
-264
-468
-699
-562
-47
278
159
-27
140
660
1331
2142
2701
1750
-570
-1387
685
2459
1318
-736
-1896
-3094
-3645
-2026
-872
-2954
-5333
-4933
-4039
-4461
-4313
-3492
-3898
-4379
-3275
-2469
-2925
-2286
-362
354
32
535
1357
1790
2838
4085
3892
3102
3482
4280
4262
4018
3895
3299
2634
2587
2455
1637
845
503
191
-98
-179
-420
-820
-743
-174
197
131
-23
96
600
1319
2061
2626
2012
-188
-1512
334
2645
1710
-808
-1870
-2541
-3394
-2286
-670
-2447
-5543
-5367
-3672
-3913
-4388
-3686
-3977
-4853
-3755
-2224
-2542
-2549
-835
72
-365
171
1436
1899
2530
3716
3662
2707
3119
4414
4617
4072
3792
3299
2664
2793
3054
2278
1150
748
485
-170
-398
-80
-267
-869
-823
-295
-157
-130
259
556
605
1040
1970
2443
1386
-611
-1023
1121
2636
1025
-1374
-2262
-2731
-2749
-1179
-692
-3646
-6106
-4797
-3157
-3730
-4124
-3815
-4587
-4875
-3064
-1914
-2676
-2416
-712
-204
-442
527
1618
1867
2660
3692
3227
2513
3474
4644
4354
3689
3433
2914
2572
3060
3102
1907
901
795
516
-15
80
230
-367
-796
-303
172
103
169
446
485
763
1691
2567
2218
424
-1107
-162
2236
2396
-140
-2098
-2546
-2711
-2006
-718
-1972
-5350
-6070
-3833
-2984
-3934
-4190
-4334
-4994
-4123
-2182
-2095
-2903
-1931
-492
-391
-112
1034
1587
1888
2976
3450
2711
2789
4059
4487
3864
3482
3218
2788
2976
3318
2522
1195
779
913
696
381
193
-300
-766
-543
-22
120
157
286
274
359
946
1737
2376
2135
249
-1480
-29
2766
2231
-805
-2140
-2249
-2838
-1946
-216
-2055
-5898
-5858
-3169
-2934
-4076
-3950
-4347
-5364
-4036
-1825
-2195
-3136
-1824
-508
-711
-212
1148
1426
1573
2783
3216
2458
2858
4241
4312
3486
3356
3377
3056
3219
3380
2383
1202
1226
1544
993
268
79
-78
-294
-105
222
196
187
402
497
594
1047
1643
2225
2173
425
-1478
-236
2646
2242
-897
-2292
-2197
-2639
-1831
-162
-2039
-6052
-6032
-3016
-2585
-3929
-4031
-4514
-5576
-4071
-1617
-2254
-3674
-2266
-605
-858
-414
1134
1292
1125
2494
3220
2284
2481
4017
4107
3126
3174
3464
3018
3022
3321
2390
1157
1384
1918
1203
295
229
176
-90
118
377
95
74
626
829
630
899
1649
2323
2104
247
-1520
-114
2765
2218
-1079
-2513
-2288
-2480
-1501
15
-2253
-6409
-6029
-2594
-2152
-3819
-4220
-4695
-5393
-3528
-1092
-2032
-3760
-2412
-385
-274
-114
868
967
1014
2446
3367
2535
2261
3444
3889
3111
2875
3234
3099
2879
2946
2346
1248
1213
1954
1596
211
-358
133
490
402
238
-58
-200
342
1064
1081
747
912
1734
2315
1287
-836
-920
1634
2598
35
-2212
-2177
-2157
-2065
-698
-1256
-5057
-6587
-3575
-1673
-3262
-4502
-4500
-4973
-4146
-1549
-1214
-3467
-3535
-1054
102
-150
370
808
607
1547
3173
3049
2099
2612
3599
3357
2976
3290
3237
2702
2694
2688
1914
1419
1866
1761
596
24
578
814
386
126
16
-101
396
1133
961
338
616
1631
2281
1610
-375
-1403
566
2695
1133
-1921
-2564
-2060
-2037
-1073
-675
-3730
-6485
-4373
-1447
-2477
-4477
-4529
-4540
-4337
-2183
-938
-2855
-3982
-1861
8
-152
-46
562
425
877
2542
3093
2169
2223
3275
3354
2837
3089
3362
2866
2534
2651
2278
1687
1837
2016
1079
19
250
1013
923
319
26
11
350
1132
1396
649
176
924
2042
2245
831
-1209
-1080
1577
2494
-306
-2769
-2452
-1846
-1691
-918
-1822
-5207
-6090
-2937
-1409
-3487
-4852
-4393
-4254
-3452
-1502
-1593
-3624
-3325
-783
186
-344
-23
531
557
1405
2764
2685
1910
2393
3276
3071
2719
3088
3170
2634
2456
2543
2149
1808
2057
1902
847
155
614
1180
969
335
-80
12
699
1328
1098
373
328
1216
2262
2118
119
-1730
-501
2226
1899
-1250
-2810
-2264
-1899
-1331
-697
-2722
-5863
-5128
-1850
-1640
-3868
-4573
-4193
-3961
-2499
-1016
-2138
-3733
-2507
-445
-98
-154
257
134
308
1730
2661
2087
1880
2602
2752
2465
2850
3237
2843
2393
2343
2158
2016
2257
2201
1454
700
444
678
1156
1247
436
-379
21
1076
1418
945
365
191
784
2074
2423
309
-2085
-1099
1985
2169
-919
-2772
-2361
-1995
-1371
-350
-1957
-5506
-5515
-2099
-1279
-3516
-4465
-4032
-3968
-2851
-1017
-1652
-3606
-2842
-586
-152
-398
278
384
-17
1055
2558
2322
1711
2271
2594
2158
2504
3348
3063
2184
2076
2271
2229
2382
2414
1638
668
538
1149
1609
1294
341
-277
201
1230
1629
996
101
61
1017
2069
2079
433
-1609
-1269
1469
2312
-590
-3106
-2610
-1627
-1482
-1120
-1988
-4834
-5536
-2569
-1066
-3192
-4744
-4064
-3513
-2954
-1534
-1519
-3150
-2915
-687
97
-482
-8
709
422
770
2189
2535
1828
1966
2507
2210
2171
3083
3315
2292
1721
2155
2466
2375
2299
1794
811
581
1397
1812
1095
237
75
407
966
1359
943
40
-71
873
1757
1907
1016
-861
-1647
443
2499
727
-2490
-2806
-1591
-1494
-1349
-1253
-3500
-5656
-3787
-1100
-2175
-4362
-4225
-3566
-3365
-1962
-965
-2510
-3634
-1858
-149
-405
-410
288
82
52
1549
2564
1835
1399
2054
2342
2311
2887
3144
2302
1726
2164
2554
2422
2247
1935
1281
920
1235
1564
1398
840
348
309
756
1234
1166
553
79
388
1254
1811
1547
200
-1400
-1022
1448
2197
-621
-3076
-2398
-1239
-1247
-1129
-1835
-4400
-5209
-2451
-867
-2897
-4538
-3913
-3299
-2749
-1350
-1307
-3118
-3239
-1042
79
-350
-181
201
-158
259
1811
2331
1606
1527
2105
2240
2461
3116
3015
2054
1792
2439
2792
2589
2241
1636
1042
1142
1577
1486
983
560
285
283
717
1085
850
290
68
402
973
1421
1337
76
-1565
-1162
1302
1890
-897
-3018
-2238
-1302
-1323
-1044
-1863
-4591
-5145
-2182
-808
-2938
-4397
-3785
-3322
-2638
-1118
-1351
-3287
-3149
-790
285
-206
-235
-111
-235
725
2278
2334
1366
1372
2040
2285
2562
3022
2726
1897
1881
2557
2796
2482
2088
1627
1260
1410
1738
1564
1038
595
392
510
959
1197
717
74
84
612
1068
1363
1206
-245
-1767
-732
1812
1553
-1620
-3074
-1863
-1149
-1301
-1144
-2309
-4840
-4629
-1599
-931
-3311
-4439
-3584
-3024
-2285
-1126
-1781
-3509
-2922
-676
1
-513
-374
-264
-323
744
2177
2041
1184
1346
1950
2255
2766
3172
2620
1833
2024
2663
2799
2501
2059
1561
1430
1744
1795
1298
855
653
522
629
949
880
393
131
324
580
813
1081
1070
113
-1252
-952
1162
1696
-870
-2894
-1980
-946
-1242
-1240
-1663
-3909
-4712
-2091
-629
-2795
-4490
-3673
-2882
-2483
-1361
-1537
-3339
-3246
-906
71
-647
-616
-233
-390
375
1897
1974
1024
1186
1970
2134
2389
2937
2658
1873
1956
2582
2722
2492
2188
1654
1301
1533
1707
1314
867
617
364
376
777
861
429
122
158
378
779
990
780
420
-277
-1056
-268
1572
1011
-1914
-2746
-1020
-500
-1281
-1328
-2132
-4102
-3590
-895
-1006
-3636
-4180
-2859
-2489
-2173
-1346
-2148
-3604
-2552
-395
-257
-978
-638
-322
-291
765
1929
1533
854
1350
2038
2217
2643
2951
2331
1708
2195
2927
2901
2444
2013
1587
1516
1935
1955
1104
431
586
835
612
373
311
168
106
350
482
302
268
676
785
-188
-1132
-255
1280
544
-1739
-2196
-1127
-1017
-1306
-1144
-2300
-4105
-3237
-964
-1495
-3625
-3775
-2806
-2543
-1938
-1326
-2406
-3421
-1986
-249
-404
-911
-561
-380
-79
1150
1899
1234
881
1571
2097
2195
2517
2578
2007
1821
2425
2781
2520
2138
1846
1618
1608
1664
1438
1036
744
468
326
465
591
433
172
0
22
357
740
693
561
528
-130
-792
222
1682
568
-1874
-1925
-486
-579
-1292
-1291
-2245
-3759
-2852
-846
-1629
-3775
-3774
-2696
-2443
-1982
-1526
-2613
-3449
-1785
-62
-629
-1380
-672
-43
134
949
1600
1047
813
1771
2404
2160
2214
2542
2355
2134
2476
2615
2273
2081
2019
1646
1371
1473
1324
730
481
626
511
184
161
236
128
67
143
131
143
286
473
689
402
-639
-874
692
1524
-291
-2017
-1364
-583
-1021
-1074
-1174
-2844
-3719
-1948
-804
-2432
-3713
-3018
-2440
-2364
-1635
-1593
-2837
-2851
-1035
-235
-905
-944
-340
-215
309
1438
1602
919
1167
2038
2276
2292
2622
2511
2059
2190
2658
2558
2175
1959
1750
1507
1473
1317
873
602
655
502
153
74
203
215
196
120
-112
-56
468
706
474
441
233
-600
-536
995
1233
-880
-2021
-817
-283
-1195
-1373
-1378
-2747
-3195
-1499
-999
-2868
-3676
-2665
-2276
-2407
-1755
-1801
-2889
-2580
-814
-334
-1005
-832
-174
-62
423
1368
1462
975
1311
1999
2099
2123
2489
2427
1978
2033
2460
2426
2073
1855
1628
1381
1378
1299
816
468
556
499
118
-40
85
87
22
20
-78
-40
327
471
284
432
441
-381
-565
875
1347
-553
-1770
-694
-146
-983
-1116
-1094
-2474
-3026
-1422
-866
-2648
-3534
-2650
-2234
-2300
-1722
-1825
-2885
-2605
-915
-385
-1049
-1011
-383
-90
454
1280
1297
802
1143
1992
2294
2207
2307
2295
2091
2179
2522
2495
2097
1805
1686
1531
1476
1384
816
187
359
837
499
-259
-351
-73
6
133
202
-129
-251
271
685
639
400
-249
-689
273
1406
422
-1412
-1438
-576
-667
-891
-958
-2076
-3142
-2177
-983
-1876
-3158
-2987
-2508
-2368
-1818
-1613
-2503
-2745
-1466
-559
-830
-921
-464
-180
185
909
1209
999
1147
1652
1908
2017
2222
2261
2073
2044
2212
2282
2196
1995
1727
1497
1435
1440
1132
535
305
591
659
119
-283
-143
66
168
192
-17
-169
140
577
661
682
340
-544
-419
1077
1313
-552
-1578
-704
-390
-882
-793
-1186
-2711
-2875
-1265
-1044
-2581
-3095
-2562
-2503
-2245
-1454
-1822
-2873
-2364
-944
-732
-1046
-651
-366
-407
330
1295
1184
819
1321
1799
1741
1991
2411
2124
1683
1941
2272
2120
1948
1824
1424
1137
1364
1517
988
268
170
549
589
87
-282
-171
25
175
250
17
-277
14
665
810
589
322
-210
-347
671
1318
18
-1386
-865
-97
-591
-1044
-1098
-1965
-2636
-1710
-1037
-2127
-3004
-2571
-2298
-2376
-1868
-1659
-2384
-2439
-1311
-687
-937
-857
-430
-246
153
906
1125
840
1022
1565
1779
1866
2083
2048
1800
1911
2180
2043
1757
1674
1551
1310
1230
1214
910
459
223
291
459
357
-93
-374
-140
232
300
130
-20
35
332
615
707
726
393
-277
-130
1038
1218
-304
-1240
-605
-265
-678
-714
-1042
-2331
-2649
-1369
-1046
-2357
-2948
-2443
-2307
-2199
-1551
-1692
-2575
-2235
-925
-608
-975
-724
-331
-295
206
982
996
713
1124
1650
1649
1696
2022
2004
1756
1827
2002
1886
1708
1591
1367
1198
1180
922
555
612
751
322
-116
63
287
187
271
367
19
-131
430
813
530
357
666
794
349
-56
263
751
360
-517
-720
-584
-898
-1043
-881
-1513
-2529
-2326
-1555
-1861
-2593
-2602
-2489
-2542
-2048
-1569
-2032
-2394
-1622
-801
-772
-733
-396
-289
-47
697
1053
734
808
1412
1610
1485
1679
1868
1725
1708
1920
1898
1684
1643
1681
1532
1310
1251
1240
921
460
484
848
673
23
-180
110
266
356
429
70
-304
205
942
750
241
446
591
70
12
716
627
-434
-820
-382
-512
-1009
-955
-1069
-1963
-2310
-1645
-1471
-2211
-2531
-2336
-2391
-2293
-1707
-1711
-2341
-2204
-1275
-881
-957
-756
-544
-494
26
769
890
673
892
1299
1479
1619
1778
1692
1540
1660
1877
1844
1642
1491
1425
1303
1141
1033
1050
1038
791
429
333
481
537
401
245
145
203
422
508
347
335
527
625
744
845
313
-354
132
1047
501
-805
-955
-504
-748
-942
-847
-1613
-2594
-2058
-1147
-1762
-2768
-2587
-2193
-2268
-1988
-1628
-2126
-2427
-1568
-789
-1015
-1115
-645
-337
-117
475
791
590
743
1376
1625
1531
1660
1828
1766
1798
1969
1920
1729
1670
1631
1493
1378
1304
1081
711
514
683
811
471
-37
-138
60
228
330
252
-121
-264
213
675
516
178
252
559
528
162
40
320
315
-208
-521
-443
-682
-1062
-985
-1067
-1825
-2127
-1568
-1520
-2263
-2463
-2167
-2257
-2217
-1674
-1759
-2366
-2032
-1063
-931
-1144
-741
-336
-302
141
733
664
555
1129
1583
1470
1511
1821
1778
1640
1854
2007
1770
1650
1739
1642
1382
1229
1027
873
1018
1061
552
93
230
468
402
343
301
104
116
483
593
335
287
460
526
630
568
-29
-408
167
561
-163
-900
-827
-820
-1076
-1007
-1161
-2028
-2358
-1702
-1526
-2233
-2530
-2328
-2358
-2237
-1711
-1744
-2221
-1937
-1141
-965
-1036
-653
-298
-227
140
624
668
649
1037
1381
1425
1541
1742
1727
1699
1837
1895
1787
1740
1745
1609
1412
1343
1278
966
624
678
911
669
100
-75
146
239
263
338
147
-163
65
592
629
282
200
406
618
592
204
-164
61
373
-22
-652
-775
-810
-1040
-1039
-1103
-1772
-2216
-1788
-1516
-2053
-2422
-2220
-2065
-1999
-1724
-1698
-1948
-1736
-1078
-796
-870
-734
-391
-121
208
504
516
520
936
1374
1371
1245
1410
1612
1653
1697
1725
1627
1582
1644
1609
1459
1220
944
970
1309
1197
514
179
427
548
437
415
241
-48
137
536
396
51
187
393
316
428
664
244
-443
-293
377
316
-435
-902
-934
-1031
-1088
-1016
-1324
-2032
-2219
-1773
-1666
-2105
-2312
-2209
-2179
-2013
-1610
-1570
-1844
-1687
-1115
-795
-686
-465
-274
-142
231
671
786
783
1053
1383
1490
1559
1734
1798
1753
1830
1933
1865
1763
1730
1620
1464
1331
1106
944
1075
1059
538
156
353
508
330
219
145
-43
48
368
314
38
91
237
197
309
497
192
-335
-268
200
182
-394
-861
-955
-929
-925
-1019
-1413
-1941
-2087
-1823
-1700
-1934
-2215
-2300
-2199
-1949
-1703
-1681
-1775
-1611
-1193
-846
-681
-544
-376
-141
219
564
713
785
950
1145
1307
1482
1624
1652
1630
1659
1733
1773
1746
1676
1567
1499
1496
1347
1000
897
1128
1040
515
261
409
389
250
288
181
-119
-18
344
269
-17
74
255
212
291
460
199
-273
-251
160
204
-275
-769
-958
-968
-949
-984
-1260
-1778
-2072
-1837
-1550
-1738
-2147
-2259
-2059
-1774
-1537
-1519
-1699
-1655
-1208
-774
-623
-556
-427
-233
132
563
721
669
822
1177
1418
1537
1635
1616
1534
1642
1865
1890
1715
1570
1497
1427
1392
1323
1077
847
887
905
605
321
339
359
251
226
162
-27
5
220
154
-77
-36
93
32
21
120
-14
-373
-488
-235
-83
-402
-859
-976
-908
-976
-1021
-1087
-1496
-1877
-1649
-1312
-1557
-1940
-1926
-1823
-1764
-1483
-1278
-1497
-1576
-1113
-679
-619
-502
-239
-103
97
543
786
732
905
1287
1398
1390
1608
1772
1693
1722
1864
1795
1656
1696
1690
1513
1406
1309
1017
838
983
953
514
222
308
318
146
80
9
-196
-202
22
36
-161
-210
-145
-132
-50
88
12
-304
-515
-348
-32
-118
-663
-1043
-979
-866
-895
-1017
-1404
-1863
-1812
-1428
-1468
-1837
-1941
-1869
-1831
-1591
-1297
-1412
-1582
-1251
-798
-682
-575
-292
-148
-38
346
692
758
903
1216
1343
1371
1622
1862
1837
1798
1859
1817
1751
1829
1806
1551
1339
1236
1092
1019
1040
812
383
258
397
349
128
0
-86
-157
-74
37
-42
-175
-186
-125
-36
75
94
-7
-177
-364
-344
-51
-28
-565
-999
-892
-794
-973
-1061
-1225
-1714
-1878
-1442
-1298
-1718
-1937
-1822
-1784
-1593
-1205
-1231
-1519
-1303
-800
-598
-451
-180
-127
-72
386
797
769
806
1124
1275
1268
1458
1644
1572
1541
1659
1626
1500
1549
1583
1379
1204
1172
1007
773
785
824
530
179
132
166
71
46
37
-176
-313
-63
165
32
-129
-89
-19
55
187
200
20
-202
-326
-228
22
-77
-610
-935
-806
-721
-830
-960
-1260
-1666
-1606
-1234
-1281
-1676
-1823
-1745
-1616
-1352
-1170
-1332
-1429
-1110
-737
-570
-388
-219
-171
8
412
660
710
869
1067
1106
1223
1466
1538
1486
1552
1555
1434
1480
1624
1511
1276
1137
979
918
1097
1052
529
168
349
512
367
199
40
-184
-115
217
209
-127
-186
-2
24
28
134
42
-141
-86
-48
-270
-311
-139
-360
-814
-824
-682
-917
-1105
-1052
-1313
-1678
-1469
-1195
-1544
-1850
-1613
-1485
-1613
-1400
-1120
-1314
-1362
-823
-446
-550
-438
-56
74
179
588
839
745
847
1175
1261
1249
1439
1536
1381
1383
1579
1564
1395
1359
1323
1175
1145
1162
924
653
696
725
442
207
211
138
-15
21
21
-234
-340
-107
28
-97
-171
-135
-117
-28
98
45
-143
-261
-286
-232
-183
-358
-690
-820
-764
-816
-914
-968
-1171
-1404
-1304
-1102
-1230
-1439
-1383
-1308
-1327
-1164
-979
-1085
-1138
-823
-554
-540
-410
-135
-18
108
419
615
628
800
1088
1172
1173
1320
1461
1427
1396
1462
1491
1447
1422
1367
1187
1033
1094
1170
952
592
471
527
491
382
261
23
-171
-59
117
-18
-279
-287
-166
-137
-140
-131
-211
-280
-156
-74
-303
-512
-364
-224
-462
-757
-798
-826
-915
-897
-972
-1313
-1487
-1271
-1156
-1340
-1462
-1411
-1367
-1266
-1087
-1065
-1128
-952
-629
-481
-458
-316
-75
145
337
509
617
715
898
1111
1225
1255
1327
1431
1469
1471
1491
1476
1431
1426
1365
1166
1035
1073
1019
762
572
531
416
267
249
174
-56
-123
13
-3
-191
-217
-109
-121
-162
-108
-130
-237
-191
-71
-186
-396
-389
-298
-383
-568
-679
-766
-850
-856
-895
-1107
-1312
-1289
-1182
-1222
-1334
-1380
-1362
-1278
-1100
-988
-1019
-988
-763
-519
-406
-299
-121
50
210
414
585
670
799
996
1110
1143
1237
1336
1345
1346
1375
1353
1322
1306
1168
977
966
1022
875
656
549
463
379
398
370
152
-3
76
129
10
-57
-6
-6
-62
-60
-46
-85
-94
-40
-70
-245
-372
-314
-250
-403
-659
-794
-826
-877
-917
-1017
-1262
-1445
-1351
-1195
-1261
-1405
-1411
-1336
-1234
-1036
-892
-931
-923
-678
-413
-293
-169
1
99
222
497
730
786
846
1000
1102
1154
1276
1364
1298
1223
1265
1304
1241
1174
1118
990
876
867
842
690
528
454
403
349
312
238
134
95
126
128
106
100
74
35
26
22
-11
-51
-120
-271
-423
-458
-446
-567
-808
-982
-1035
-1057
-1088
-1165
-1338
-1500
-1458
-1287
-1251
-1362
-1412
-1332
-1192
-1000
-840
-819
-805
-601
-316
-136
-14
114
223
359
583
774
832
860
939
1031
1118
1189
1186
1124
1110
1139
1139
1094
1027
934
877
884
851
737
664
653
609
552
544
523
445
400
420
427
389
317
240
187
167
142
73
-81
-311
-447
-381
-387
-673
-969
-1039
-1067
-1155
-1199
-1310
-1564
-1648
-1467
-1402
-1546
-1568
-1451
-1392
-1301
-1102
-976
-933
-772
-520
-352
-219
-11
185
308
455
637
795
916
1005
1070
1122
1194
1267
1297
1253
1173
1123
1127
1110
1011
859
721
639
615
584
474
323
230
228
260
258
204
132
112
148
204
228
195
138
115
117
103
75
17
-96
-212
-270
-336
-449
-551
-647
-786
-901
-937
-997
-1109
-1178
-1195
-1230
-1239
-1201
-1180
-1161
-1088
-992
-913
-806
-672
-559
-433
-286
-176
-62
115
264
328
414
550
656
727
815
860
859
921
1009
1010
966
975
985
967
959
939
869
821
833
817
746
689
659
620
587
553
502
448
407
360
291
206
132
80
0
-132
-249
-331
-460
-585
-639
-744
-948
-1054
-1061
-1167
-1298
-1296
-1317
-1450
-1451
-1329
-1335
-1370
-1243
-1122
-1096
-954
-730
-640
-568
-341
-135
-39
130
346
447
527
706
860
912
971
1049
1057
1057
1118
1135
1058
981
956
924
876
830
748
641
582
568
536
471
408
360
328
319
320
306
272
236
228
233
207
167
138
92
20
-29
-69
-166
-284
-359
-434
-547
-643
-714
-827
-946
-995
-1032
-1115
-1175
-1176
-1196
-1228
-1185
-1116
-1089
-1048
-934
-821
-743
-624
-457
-333
-237
-84
91
204
292
420
530
591
671
783
829
818
851
910
920
904
914
905
853
830
847
829
764
723
710
678
638
614
582
530
488
468
444
386
318
278
236
162
93
27
-56
-147
-233
-323
-415
-515
-613
-700
-776
-863
-957
-1009
-1039
-1105
-1156
-1146
-1127
-1142
-1111
-1017
-985
-957
-822
-680
-628
-535
-358
-237
-154
13
169
217
304
474
569
596
687
778
784
816
896
903
853
866
888
838
790
788
746
664
642
635
567
505
497
464
404
386
383
341
301
290
259
209
172
136
76
5
-60
-134
-220
-307
-401
-496
-585
-672
-758
-842
-910
-974
-1025
-1051
-1077
-1112
-1109
-1062
-1036
-1012
-927
-846
-795
-694
-555
-471
-390
-245
-116
-43
71
209
284
351
473
563
591
654
743
768
782
844
867
843
857
879
837
798
803
776
714
688
670
610
565
550
511
454
428
404
348
303
273
219
159
118
64
-12
-76
-135
-213
-295
-364
-442
-527
-606
-687
-764
-826
-892
-956
-984
-1011
-1051
-1049
-1007
-997
-979
-888
-807
-771
-669
-522
-450
-379
-212
-81
-42
78
253
307
342
489
579
558
618
733
711
671
746
762
672
667
716
651
578
608
607
526
512
539
496
448
460
449
392
375
363
309
264
236
180
110
64
5
-74
-142
-199
-286
-365
-419
-493
-581
-640
-683
-755
-818
-832
-855
-902
-904
-866
-861
-851
-777
-708
-675
-607
-493
-416
-360
-259
-152
-87
-18
90
172
223
297
383
429
463
523
573
587
609
647
652
637
651
663
639
618
624
608
573
562
552
512
483
473
437
396
371
337
290
256
224
172
124
89
39
-19
-55
-105
-180
-235
-279
-351
-428
-477
-530
-611
-667
-695
-750
-806
-816
-820
-845
-839
-797
-774
-758
-692
-610
-564
-490
-379
-298
-234
-121
-21
39
117
216
269
307
384
434
440
463
505
496
485
506
502
464
460
465
434
409
418
407
373
372
380
357
339
348
337
318
319
317
291
276
268
244
211
182
140
85
40
-12
-80
-146
-203
-274
-344
-402
-459
-523
-570
-604
-640
-671
-680
-680
-679
-664
-630
-593
-555
-501
-441
-377
-310
-236
-157
-85
-9
63
130
196
259
314
362
397
424
444
455
462
457
451
443
425
405
393
373
351
341
331
315
301
302
294
281
276
275
259
244
234
213
185
160
125
86
44
-1
-57
-117
-171
-232
-292
-349
-411
-463
-512
-553
-583
-605
-623
-631
-629
-619
-602
-581
-547
-510
-467
-416
-365
-310
-253
-193
-131
-71
-10
52
110
161
212
262
300
331
363
392
405
417
430
438
440
436
429
418
409
399
387
372
359
346
333
319
306
291
278
265
253
241
234
226
210
198
179
156
132
102
65
22
-25
-73
-127
-185
-242
-297
-350
-405
-456
-501
-545
-577
-599
-615
-619
-617
-607
-585
-555
-514
-471
-421
-367
-306
-246
-188
-131
-81
-31
15
59
97
133
161
189
212
230
244
255
264
272
282
286
290
291
293
296
302
312
319
330
341
352
360
371
381
383
384
377
367
349
331
307
280
246
207
168
125
75
25
-28
-83
-138
-197
-252
-309
-354
-400
-430
-460
-482
-495
-498
-497
-489
-473
-459
-436
-411
-377
-353
-319
-287
-252
-223
-191
-158
-131
-99
-71
-43
-17
15
40
62
83
108
130
152
181
203
223
246
270
293
312
327
343
354
368
377
378
380
378
370
357
340
316
290
264
239
205
171
142
106
74
43
16
-16
-45
-71
-99
-120
-139
-159
-179
-198
-210
-224
-237
-246
-256
-271
-276
-286
-291
-297
-300
-300
-298
-293
-287
-278
-268
-256
-242
-221
-200
-180
-162
-135
-112
-87
-63
-38
-12
12
31
57
81
104
125
145
167
184
203
223
242
257
273
283
292
298
307
312
308
303
298
288
274
250
225
199
170
139
103
65
30
0
-30
-59
-86
-113
-134
-151
-163
-175
-184
-190
-193
-195
-196
-196
-199
-201
-198
-192
-187
-185
-181
-175
-167
-158
-155
-147
-140
-131
-120
-107
-93
-75
-55
-37
-20
3
28
58
83
104
126
147
167
187
197
204
214
222
226
223
214
205
194
186
173
147
124
108
91
69
49
27
8
-10
-29
-46
-63
-75
-86
-98
-104
-108
-115
-118
-118
-119
-117
-114
-112
-111
-107
-101
-100
-97
-98
-97
-97
-92
-87
-84
-83
-79
-75
-66
-59
-53
-45
-33
-16
-5
6
14
28
44
56
64
69
79
92
98
101
104
106
111
110
109
108
108
105
101
92
90
84
80
75
65
57
46
40
32
18
10
1
-10
-17
-27
-40
-51
-62
-70
-77
-84
-84
-92
-99
-100
-97
-92
-85
-78
-77
-71
-66
-57
-47
-42
-36
-31
-22
-15
-7
-5
-7
-2
3
7
7
7
7
9
10
10
9
11
17
19
23
22
24
30
33
35
40
40
44
49
57
60
56
53
60
61
57
53
48
51
50
46
33
22
19
20
17
9
-4
-10
-6
-9
-18
-31
-34
-36
-40
-50
-61
-60
-56
-52
-56
-59
-61
-56
-52
-52
-50
-49
-42
-34
-29
-33
-37
-28
-18
-12
-15
-17
-8
4
10
14
16
18
29
37
39
35
36
40
44
42
37
37
41
38
33
32
29
26
27
22
19
15
15
14
9
6
2
-1
-1
-2
-6
-10
-9
-7
-8
-14
-16
-15
-13
-11
-15
-17
-16
-11
-10
-11
-7
-7
-7
-7
-11
-8
-8
-5
-7
-7
-3
-2
-5
-7
-9
-8
-5
-7
-4
-4
-5
-6
-4
-5
-1
0
0
1
4
4
3
2
3
10
8
7
4
4
7
9
8
7
10
9
11
10
8
12
11
10
3
1
3
4
4
3
2
5
4
3
2
4
6
8
7
1
0
-2
-1
-2
-3
-5
-8
-8
-11
-13
-15
-14
-15
-17
-18
-16
-16
-17
-14
-12
-10
-10
-9
-8
-4
-3
-3
-2
-1
-1
4
7
6
1
1
6
4
6
6
6
8
13
14
13
13
12
11
13
14
12
8
9
8
2
0
1
2
3
2
0
0
-1
1
1
1
1
1
-3
-2
-1
0
-4
-2
-3
-2
-2
-3
-3
-1
-1
-2
3
5
3
-3
-6
-8
-5
-3
-4
-2
-3
-4
-5
-8
-7
-5
0
-1
-3
-1
-1
-2
-2
-1
-1
-3
-2
-1
1
4
-1
2
2
3
2
3
4
1
2
2
-1
-3
-1
-1
1
-1
0
-3
-2
-3
-2
0
1
1
-3
-2
-4
-3
-1
0
-1
0
2
2
2
4
4
6
3
2
5
5
6
7
2
-2
1
1
0
-3
-4
-3
-3
-3
-5
-5
-4
-1
1
-4
-4
-4
-7
-8
-5
-1
3
2
0
0
2
6
7
5
7
4
5
8
3
0
-1
-1
0
2
4
2
5
6
6
4
-2
-2
-1
-1
-4
-1
-2
-4
-4
-5
-2
-1
-1
-1
-2
-4
-4
0
-3
-6
-7
-6
-3
-2
-1
-3
-7
-4
-2
0
2
-4
-4
-1
2
2
1
0
-1
3
5
6
6
4
3
5
10
6
1
-3
-2
-2
-4
-3
