0
2
3
2
0
3
3
4
6
3
2
1
1
2
1
-1
0
1
2
1
0
-1
-4
0
1
1
1
1
-1
-2
-2
0
-1
-4
-6
-3
-1
1
-1
-3
-1
0
1
-1
0
-4
-4
-1
-1
-2
-3
-4
-3
-1
-1
-1
-3
-2
-1
0
-2
0
-2
-3
-3
-2
-2
-1
0
1
2
1
0
2
2
1
1
2
4
0
2
3
3
3
0
1
4
0
0
2
5
2
1
-1
-2
-1
0
3
2
-1
-1
2
1
1
-1
1
4
3
4
4
0
0
-1
2
3
2
-1
-1
0
-2
1
1
1
1
0
1
0
-1
-2
0
-1
-2
-3
-1
0
1
2
1
-1
-1
0
1
1
-1
-2
-1
-1
-3
-5
-5
-2
0
-2
-3
-6
-5
-4
-3
0
-3
-4
-2
-2
-3
-1
0
3
1
3
1
-2
-1
-1
3
3
2
1
2
0
-2
0
-1
-2
-2
1
2
5
4
3
4
2
2
4
3
1
1
2
4
2
-1
-1
2
1
4
6
3
3
0
0
-2
-2
-2
-2
-1
0
-2
-2
-2
-4
-2
2
0
-4
-3
-1
4
2
2
2
-1
2
0
1
-1
-1
1
2
2
0
0
0
0
-2
-1
2
1
-1
-3
-3
-2
0
1
-3
-3
-3
-4
-2
-1
-2
0
0
0
0
-2
0
0
1
2
2
0
0
-1
-1
2
3
3
2
2
0
1
0
0
1
1
2
2
3
0
1
-2
-2
4
1
-3
-2
-3
-3
0
-1
1
-3
-3
-1
3
2
0
-1
-1
2
4
4
4
2
4
3
3
5
4
4
1
3
4
5
3
-1
-1
0
1
0
1
-3
-3
1
0
1
0
-4
-7
-5
-3
0
-2
-7
-5
-3
-2
-1
-1
-3
-4
-3
-2
-4
-4
-3
-1
0
3
5
3
1
1
2
2
1
2
0
2
1
3
4
2
2
3
0
-1
-1
-2
-2
-3
-1
-2
0
-2
-3
0
1
-2
-3
-2
-1
2
2
3
2
5
3
5
3
3
1
-1
0
-1
0
1
-1
-1
0
0
0
0
1
-2
-1
0
-2
-1
0
1
1
3
4
4
6
3
2
4
2
3
3
4
3
0
-3
-4
-2
0
-1
-1
-5
-5
-2
-1
-3
-3
-2
0
-3
-4
-6
-5
-3
-6
-5
-5
-6
-5
-5
-2
-2
-5
-1
4
4
1
1
1
4
2
3
3
4
5
4
3
3
6
5
4
6
6
2
0
0
2
3
2
4
3
3
2
2
0
-1
-3
-4
-3
-3
-4
-4
-5
-5
-3
-4
-3
-4
-3
-2
-1
3
-1
-2
1
1
1
0
-1
0
-1
3
1
-2
-1
-1
0
-3
-2
-3
0
-1
1
1
-1
0
1
1
-1
-1
-1
-2
-2
-2
-1
-1
1
2
4
-1
0
4
4
7
4
2
1
3
3
1
0
0
0
3
3
0
2
2
2
-2
-3
-2
-3
-2
0
0
2
1
0
2
2
2
2
3
3
4
2
1
2
3
0
4
1
-2
-2
-2
-1
-2
1
-1
1
1
-2
2
-5
-9
-7
-3
-1
-6
-6
-3
-4
2
-2
-12
-7
-3
-2
1
-2
-10
-10
-3
-1
2
6
23
10
46
3
-265
-114
266
98
-82
48
76
-65
-98
72
52
-63
25
58
10
10
5
-20
-2
51
-5
-66
-18
32
40
9
-8
-8
-25
-2
9
-7
10
-10
-18
6
3
14
28
-30
-42
54
-11
-61
67
-24
-40
79
-13
4
44
-50
-65
-21
66
30
-46
32
2
-39
20
6
-20
-3
0
-13
5
30
4
-14
-6
-6
-8
-3
12
-1
-9
5
-13
-21
2
11
7
-6
-6
3
-6
1
19
2
-2
-4
-13
10
19
-6
-4
16
8
-22
-2
26
0
-1
8
-6
-15
1
25
1
-15
2
-5
-10
5
13
11
-14
-13
14
5
-5
7
-5
-4
13
1
-10
-10
-1
4
-15
-1
13
-8
-11
-4
1
2
-4
0
3
-3
-3
-4
4
8
0
-4
2
3
-4
7
-1
-10
1
7
3
-7
1
-1
-7
6
2
-1
5
-2
-8
-2
12
11
-8
-8
4
4
-7
1
6
-2
-1
-2
-8
-3
4
5
-3
-1
5
3
-4
-3
8
0
-8
2
3
-2
0
3
-2
-5
10
4
-8
0
7
-1
-1
0
0
2
2
-2
0
5
5
3
5
5
3
7
7
1
3
5
5
-5
0
0
-8
-9
-10
0
8
-6
-19
-4
-15
-3
8
-11
2
-14
1
-5
-26
10
0
-3
-5
-13
19
15
-36
-1
55
-28
-42
42
23
-59
-15
79
22
-28
33
13
-103
43
107
-120
27
185
-103
-81
129
-38
-93
-28
124
-18
-118
246
-83
-233
200
31
-171
56
160
-147
-54
142
-115
-33
115
116
-220
-134
326
-73
-276
192
176
-106
-137
94
112
-232
-123
213
107
0
-57
24
-51
-291
-44
231
83
104
79
-92
-216
-292
-21
253
138
74
313
-101
-515
-105
161
66
-101
487
334
-491
-25
148
-184
-35
351
135
-26
254
-43
-91
-102
20
170
23
-78
150
-92
-409
183
151
-305
-104
-74
-287
127
-139
2
260
-206
-202
-113
273
630
604
-540
-886
538
292
-955
-374
49
-519
-2958
-3758
713
2582
-7
-558
-97
-1536
-1885
1125
2797
1889
2489
1345
6
279
930
815
-400
1229
3769
1290
-1015
-208
-690
-1669
-419
1127
-254
-366
321
-877
-2654
-2212
-1337
-740
1129
1833
682
-521
282
16
-361
828
1499
802
765
946
24
-641
-455
90
-360
-583
-442
-874
-778
-420
-1143
-1109
-690
-776
-565
-157
190
-150
-522
374
170
-282
543
512
325
280
540
531
-77
-38
308
-901
-1226
-42
538
-9
84
167
-1001
-1413
-168
465
-300
274
468
457
-66
247
963
807
1043
913
545
428
39
50
291
245
280
469
232
-344
-43
-348
-760
-721
-275
-252
-256
21
377
484
114
-163
-465
-549
-478
373
654
575
633
454
-557
-374
-236
-302
117
789
1278
-32
-167
-78
-1089
-648
492
-120
214
63
-248
-425
-924
-629
-311
-186
337
-548
-1941
123
1805
549
-368
278
-176
-1313
-219
965
1743
1507
270
647
13
-975
-632
683
691
61
316
365
-905
-642
144
-366
-386
251
523
-107
141
511
250
-14
-204
234
338
363
686
46
421
-375
-862
641
-90
-2059
-1295
234
556
-521
320
248
-797
280
840
820
1839
1394
111
-136
-352
-1335
-1975
-606
-764
-1483
-1081
-1517
-2639
-2234
-1873
-1303
-766
-425
-451
-541
2
-275
-302
584
1122
1521
1585
1228
1427
666
1064
1601
1734
1902
2277
2491
1193
1143
1055
424
1038
2448
2860
1757
1840
1601
515
688
1336
1323
960
645
-41
-692
-1291
-1923
-1543
-1207
-1893
-1913
-1234
-1597
-2751
-2489
-1752
-2114
-1831
-624
-710
-1189
-650
-1027
-1665
-675
-476
-992
-535
-279
-961
-1758
-560
1347
2292
2362
2505
2019
1864
2743
2871
2000
1445
844
-977
-2056
-2209
-2631
-2725
-2287
-1664
-1143
-616
61
513
1104
1074
1121
2164
2442
2688
3548
3313
3154
3288
2879
3094
2979
3326
3333
2315
3251
4425
4615
5267
6723
6770
4722
3629
2605
396
-817
-1105
-2139
-3780
-5144
-6289
-7628
-8410
-9072
-9518
-9824
-10869
-11353
-11361
-11929
-11800
-10473
-9750
-9133
-7740
-7549
-7078
-5329
-4375
-3687
-1901
572
2714
4056
5059
6477
8047
9144
10079
11312
12064
11058
9091
7557
5722
2965
1064
292
-482
-1812
-2279
-1879
-1715
-1612
-221
1790
3186
2929
2738
2968
2176
1946
2163
2801
3071
2724
2946
3612
3377
3020
3085
2803
2048
1748
1666
1263
847
633
607
922
1501
2133
2600
2652
2606
2293
2450
2694
2312
2352
2716
1577
-296
-802
-1556
-2799
-2754
-2646
-3324
-4541
-4774
-4682
-4738
-4419
-4229
-4119
-4079
-4275
-4524
-4499
-4279
-4143
-3639
-3605
-3740
-3982
-4246
-4006
-4055
-3738
-3181
-3017
-3561
-3135
-2791
-3345
-3413
-2703
-2429
-2231
-1809
-1732
-1776
-1364
-1051
-1192
-537
-393
-667
136
604
205
663
1162
1003
767
1277
2021
2256
2310
2788
2737
2119
2385
3020
3345
3318
3520
3608
3293
3234
3347
3474
3703
4001
4042
4086
3973
3233
3130
3765
3622
3552
3873
3754
3161
2726
2642
2740
2579
2169
2214
1760
1177
870
739
667
316
76
-302
-618
-830
-1280
-1080
-1061
-1531
-1620
-1889
-2178
-2366
-2277
-2079
-2275
-2282
-2260
-2615
-2880
-2882
-2872
-2833
-2468
-2407
-2882
-2850
-2596
-2480
-2667
-2867
-2694
-2251
-2433
-2341
-1681
-1811
-2360
-2233
-1582
-1611
-1597
-1002
-712
-954
-1136
-1122
-1218
-712
-226
-99
341
108
-382
-429
-266
2
539
921
661
266
166
-61
15
831
858
781
1141
1165
790
383
536
933
978
1144
1530
1509
1315
1192
1160
1168
1149
1177
1624
1898
1418
1310
1581
1500
1248
1164
1136
1341
1372
839
756
927
647
542
588
577
362
319
595
608
365
19
168
463
110
24
242
191
-98
-89
-97
-255
-401
-413
-211
-165
-133
-313
-702
-742
-497
-380
-522
-706
-539
-771
-945
-624
-394
-515
-817
-730
-751
-661
-437
-407
-384
-23
105
-421
-781
-518
-596
-447
191
221
-95
-85
-316
-673
-365
94
79
-169
-1
76
-353
-900
-574
46
-112
-62
178
203
61
-72
-258
-95
172
-569
-487
954
1257
227
-128
462
501
46
341
1080
1324
792
547
415
386
51
-138
654
1154
436
-185
304
525
79
-353
-132
480
579
130
135
115
-119
-218
-117
224
592
396
95
321
428
39
-343
-21
372
399
237
29
-11
-57
-304
-155
229
188
-274
-392
-174
-351
-628
-304
43
21
2
-218
-208
-82
-79
-61
-91
136
337
66
-425
-111
429
-31
-251
33
84
-227
-524
-263
91
-86
-277
60
34
-284
-447
-244
-1
-110
37
120
-73
-146
82
-45
-402
-183
126
149
34
-111
-110
42
-127
-330
-12
299
171
209
150
-83
-28
-8
-14
-143
-15
342
312
-18
-108
153
300
246
189
247
334
373
344
257
252
339
432
394
357
374
263
43
-7
278
349
91
34
165
162
109
97
154
244
179
151
106
-9
-63
-59
-23
-9
-105
-245
-310
-131
-62
-254
-205
-111
-77
-227
-302
-132
-148
-261
-195
77
83
-210
-375
-298
-199
-224
-123
-72
-168
-263
-202
-168
-332
-306
-140
10
-56
-225
-231
-90
85
44
-13
73
117
84
146
188
115
143
122
76
142
258
276
204
271
360
330
126
28
111
300
478
291
80
89
84
112
100
115
237
162
-51
-46
96
104
6
-26
21
21
-85
-53
138
56
-62
-167
-185
-61
-37
-86
-138
-13
0
-176
-209
-155
-177
-45
181
192
102
-77
-95
16
-14
76
133
75
41
-21
-228
-183
205
177
5
-106
-73
103
-52
-102
66
145
76
-39
-127
-78
65
-30
-19
177
122
-121
-217
1
75
-144
-196
24
-5
-216
-204
-323
-328
-135
23
19
-167
-119
-79
-185
-233
-134
111
101
1
14
-151
-204
-44
-69
-73
59
-54
-234
-83
-77
-199
92
242
56
21
128
223
144
23
221
592
580
305
298
438
358
235
370
579
576
386
409
430
16
0
466
558
170
38
283
121
-254
-131
201
131
-156
-208
-146
-176
-385
-340
-148
-227
-246
-307
-497
-478
-345
-433
-541
-398
-341
-331
-463
-601
-374
-381
-510
-367
-185
-172
-354
-356
-147
-51
-203
-318
-137
122
109
-198
6
439
130
-259
-8
454
459
174
249
543
518
196
170
389
481
595
541
289
282
508
358
67
334
507
374
275
169
182
142
-13
-79
133
303
14
-267
-102
82
-261
-538
-260
-14
-147
-332
-331
-291
-313
-411
-461
-349
-201
-181
-302
-388
-222
-4
-151
-351
-159
143
130
-99
-22
302
263
19
121
304
218
166
319
415
329
310
361
245
155
341
506
375
232
317
377
243
164
248
254
203
106
-34
20
-17
-198
-175
-153
-326
-419
-416
-525
-590
-546
-561
-599
-655
-692
-642
-670
-771
-672
-459
-512
-638
-562
-495
-449
-382
-298
-173
-134
-150
-98
76
205
250
324
367
472
519
520
702
792
727
701
667
679
895
938
767
772
707
615
679
734
733
603
499
579
465
158
320
565
218
-50
23
-43
-209
-196
-130
-313
-546
-639
-773
-871
-759
-720
-929
-1018
-1005
-1141
-1242
-1157
-954
-894
-947
-899
-807
-745
-709
-572
-365
-218
-168
-125
60
147
223
348
345
553
715
669
612
611
762
805
794
894
872
724
924
948
639
686
909
932
687
760
845
733
661
326
436
666
566
402
73
94
177
-185
-466
-461
-415
-545
-731
-856
-919
-1021
-1307
-1369
-1115
-1026
-1211
-1331
-1153
-974
-1065
-1096
-922
-720
-557
-487
-414
-279
-205
-225
-84
248
282
205
387
364
343
655
640
264
441
933
725
447
740
781
620
615
602
892
1030
635
615
1083
985
667
729
866
1065
1021
719
571
629
769
662
297
250
336
8
-407
-390
-305
-536
-755
-894
-1045
-1207
-1307
-1403
-1483
-1462
-1391
-1400
-1510
-1486
-1353
-1236
-1100
-935
-855
-788
-644
-450
-243
-108
-83
-9
181
329
307
314
501
554
419
423
599
589
374
380
677
727
406
306
565
814
713
468
660
1022
909
693
941
1183
1000
902
1134
1214
979
877
1059
1104
885
674
530
237
-125
-205
-31
-86
-499
-881
-1045
-1163
-1426
-1701
-1656
-1442
-1475
-1658
-1732
-1700
-1641
-1532
-1341
-1116
-952
-845
-712
-491
-244
-88
36
197
381
585
716
750
745
674
680
790
721
599
712
794
690
542
323
122
118
258
413
538
674
701
446
352
629
721
640
737
1015
1261
1024
647
833
1157
1102
898
637
221
-283
-415
-5
105
-504
-1047
-1094
-1214
-1736
-2133
-1997
-1707
-1728
-1920
-1974
-1997
-2158
-2164
-1737
-1168
-890
-875
-767
-465
-179
-65
91
514
952
1076
1030
1053
1154
1270
1319
1250
1172
1222
1246
1004
777
898
873
420
158
382
717
793
582
528
843
914
501
417
972
1276
881
586
1056
1614
1340
804
1107
1591
819
-559
-656
219
237
-528
-829
-805
-1373
-2303
-2558
-2206
-2176
-2454
-2396
-2162
-2370
-2878
-3050
-2682
-2016
-1465
-1184
-1032
-889
-702
-468
-164
282
766
1212
1514
1497
1343
1312
1432
1585
1663
1720
1735
1557
1254
970
749
519
360
443
597
613
527
350
258
423
644
810
815
831
1153
1311
1024
874
1173
1640
1831
1602
1118
384
-298
-356
17
155
-204
-843
-1506
-2067
-2390
-2553
-2744
-2798
-2578
-2378
-2578
-3039
-3237
-2988
-2453
-1839
-1371
-1125
-985
-795
-463
-17
454
904
1362
1770
1973
1879
1675
1710
1937
2055
1958
1770
1560
1295
1081
949
704
353
95
122
320
368
281
283
406
525
632
825
1021
1104
1188
1365
1567
1624
1586
1658
1570
927
77
-214
68
272
-28
-757
-1537
-2110
-2457
-2662
-2811
-2878
-2868
-2916
-3078
-3342
-3575
-3520
-3026
-2248
-1641
-1449
-1416
-1179
-673
-95
464
1028
1548
1984
2253
2272
2175
2215
2417
2558
2536
2365
1995
1542
1184
980
808
499
153
-26
-33
-13
-30
0
71
226
566
855
850
794
1048
1472
1680
1731
1933
2094
1621
526
-240
-35
462
343
-330
-1086
-1858
-2624
-3030
-3035
-3037
-3196
-3317
-3341
-3479
-3802
-4036
-3769
-2946
-2040
-1549
-1442
-1312
-922
-323
393
1103
1696
2169
2548
2764
2791
2772
2863
3039
3158
3082
2742
2232
1767
1496
1304
947
403
-45
-205
-167
-133
-193
-259
-138
216
539
618
650
942
1408
1720
1848
2088
2361
1981
750
-308
-215
460
519
-162
-1060
-2068
-3035
-3468
-3366
-3317
-3517
-3737
-3950
-4209
-4484
-4740
-4648
-3780
-2568
-1990
-2079
-2010
-1493
-783
119
1122
1830
2233
2675
3070
3165
3207
3446
3683
3767
3751
3482
2879
2330
2067
1806
1394
966
488
-49
-328
-260
-219
-259
-70
271
394
353
444
721
1116
1613
2126
2543
2575
1675
107
-660
92
996
671
-464
-1585
-2633
-3414
-3533
-3424
-3669
-3964
-4019
-4206
-4616
-4902
-4929
-4482
-3309
-2135
-1976
-2351
-2022
-999
-33
803
1599
2078
2423
3053
3594
3624
3656
4052
4297
4148
3912
3550
2954
2579
2536
2188
1379
651
166
-233
-337
-144
-163
-377
-233
168
281
229
444
796
1159
1793
2589
2668
1468
-216
-880
-106
841
688
-475
-1893
-3094
-3712
-3706
-3725
-4166
-4495
-4438
-4557
-5019
-5360
-5393
-4977
-3811
-2517
-2254
-2665
-2320
-1108
36
894
1631
2059
2402
3155
3917
4096
4099
4389
4591
4477
4317
4024
3437
2993
2872
2538
1771
994
434
80
22
60
-158
-383
-150
285
416
352
480
854
1367
2051
2766
2738
1318
-512
-828
426
1231
545
-793
-2206
-3502
-3879
-3346
-3375
-4287
-4670
-4419
-4737
-5399
-5389
-5013
-4624
-3634
-2537
-2577
-3019
-2220
-643
376
1008
1649
1921
2206
3207
4168
4163
3987
4321
4491
4172
3932
3717
3146
2781
2784
2222
1012
307
400
379
88
-68
-272
-473
-46
746
806
387
512
1130
1763
2674
3189
1720
-654
-958
762
1506
533
-629
-1982
-3638
-3978
-2977
-3160
-4732
-5139
-4498
-4864
-5684
-5442
-5014
-4936
-3870
-2444
-2689
-3513
-2499
-577
381
965
1692
1765
1922
3397
4747
4462
4024
4550
4794
4381
4417
4464
3613
2947
3104
2659
1245
493
664
550
192
92
-327
-912
-403
782
909
293
416
974
1338
2285
3305
2063
-735
-1318
697
1694
599
-583
-1722
-3518
-4114
-2789
-2545
-4446
-5419
-4631
-4671
-5615
-5468
-4893
-5039
-4446
-2914
-2754
-3658
-2885
-812
222
484
1089
1427
1729
3219
4799
4610
3835
4165
4709
4582
4592
4618
3811
2986
3035
2790
1620
780
753
563
162
35
-261
-766
-423
561
742
140
156
784
1296
2095
3188
2580
-76
-1472
259
2035
1272
-320
-1323
-2940
-4253
-3198
-1848
-3358
-5451
-5074
-4401
-5357
-5638
-4602
-4578
-5033
-3842
-2859
-3660
-3483
-1156
278
-26
288
1163
1430
2531
4585
4982
3721
3662
4658
4696
4511
4919
4473
3177
2906
3156
2109
935
1159
1379
558
-92
-136
-485
-445
695
1223
252
-268
657
1541
2117
2995
2306
-614
-1880
643
2611
975
-1110
-1674
-2838
-4014
-2778
-1643
-3802
-5988
-5063
-4129
-5299
-5644
-4521
-4502
-4960
-3853
-3021
-3751
-3252
-769
414
-242
-131
1000
1812
3001
4571
4518
3278
3499
4853
5123
4529
4383
4077
3297
3075
3045
2078
1052
1183
1375
445
-489
-535
-263
202
930
870
-194
-492
776
2124
2795
2771
1028
-1533
-1306
1789
2829
274
-1798
-2151
-3003
-3436
-1916
-1639
-4523
-6263
-4767
-4013
-5156
-5097
-4108
-4610
-5033
-3717
-3060
-3609
-2524
-340
-86
-884
-179
1194
2023
3307
4465
3820
2879
3777
5121
5055
4585
4535
3919
3111
3237
3356
2325
1329
1400
1319
375
-239
-133
-4
219
763
724
-140
-248
984
2127
2598
2291
415
-1805
-972
2259
2744
-278
-2350
-2594
-3199
-3049
-1297
-1694
-5198
-6580
-4541
-3730
-4838
-4715
-4169
-5119
-5178
-3277
-2715
-3578
-2496
-410
-412
-1052
52
1376
1872
3087
4219
3442
2676
3934
5264
4931
4365
4205
3462
3029
3733
3803
2344
1126
1047
977
657
647
301
-363
-163
687
707
37
94
828
1394
2171
2605
948
-1664
-1402
1704
2688
65
-2191
-2543
-2920
-2848
-1288
-1341
-4734
-6613
-4509
-2996
-4216
-4846
-4276
-4845
-5179
-3311
-2196
-3229
-3029
-1015
-426
-1026
-100
1429
1742
2378
3592
3354
2605
3732
5253
4786
3778
3897
3785
3214
3493
3669
2344
1060
1379
1774
972
294
229
-38
-48
697
936
66
-245
739
1602
2019
2429
1355
-1203
-1595
1346
2927
541
-1964
-2213
-2533
-2929
-1623
-1108
-4026
-6431
-4856
-3053
-4002
-4736
-4206
-4664
-5223
-3639
-2303
-3155
-3216
-1331
-680
-1342
-526
1139
1510
1865
3098
3172
2375
3310
4953
4707
3636
3730
3938
3418
3465
3712
2712
1521
1554
1622
832
424
669
256
-247
322
898
384
17
585
1038
1259
2217
2296
-44
-1935
-122
2543
1640
-1133
-2048
-2204
-2851
-2077
-608
-2410
-5960
-5818
-3174
-3027
-4430
-4414
-4397
-5247
-4315
-2208
-2456
-3657
-2504
-771
-786
-683
646
1264
1259
2334
3248
2718
2766
4124
4578
3741
3542
3899
3576
3300
3590
3072
1760
1387
1964
1821
835
226
119
140
570
1152
917
34
-52
938
1857
2346
2332
735
-1613
-1206
2061
2905
-265
-2600
-2250
-2314
-2606
-1270
-1430
-5096
-6858
-4146
-2476
-4227
-5069
-4377
-4998
-5273
-3026
-1874
-3376
-3416
-1255
-749
-1285
208
1823
1209
1131
2873
3457
2833
3718
4809
3803
2940
4033
4556
3496
3049
3156
2324
1669
2124
1895
590
173
690
467
22
393
724
320
265
811
1029
1092
2042
2592
782
-1634
-806
2246
2531
-385
-2195
-2124
-2489
-2296
-653
-1363
-5359
-6696
-3686
-2239
-4124
-4955
-4468
-5189
-5039
-2552
-1859
-3855
-3744
-1219
-579
-1166
104
1352
762
1130
3042
3323
2560
3524
4562
3571
2997
4119
4364
3347
3203
3171
2003
1463
2259
2126
766
206
475
272
240
818
873
129
-4
754
1402
1705
2301
2172
156
-1667
-33
3105
2580
-1073
-2692
-1979
-1961
-1768
-541
-1926
-5961
-6459
-2957
-2038
-4420
-5162
-4564
-5221
-4754
-2293
-2154
-4251
-3640
-1089
-814
-1240
306
1245
428
1065
3006
3133
2637
3755
4310
3081
2937
4312
4364
3225
2966
2793
1923
1853
2525
1863
452
224
650
480
447
783
649
205
415
941
1249
1659
2329
2134
350
-1298
-66
2780
2678
-723
-2692
-1990
-1582
-1535
-715
-1970
-5744
-6470
-3048
-1806
-4258
-5467
-4836
-5078
-4598
-2336
-2084
-4152
-3859
-1353
-782
-1220
114
1206
538
891
2635
3054
2745
3724
4202
3005
2792
4230
4518
3431
2927
2652
1966
2131
2724
1781
263
297
943
692
379
529
389
237
725
1072
868
1181
2191
2487
954
-1017
-658
2085
3031
242
-2509
-2345
-1590
-1455
-849
-1552
-5122
-6826
-3851
-1565
-3651
-5709
-5315
-4985
-4671
-2710
-2055
-4043
-4440
-1826
-516
-1102
-414
967
690
654
2221
3126
2735
3300
4120
3350
2621
3799
4705
3803
2832
2738
2403
2224
2718
2411
730
-33
823
1375
799
271
150
254
705
1333
1270
837
1076
2220
2593
861
-1128
-86
2624
2328
-901
-2349
-1604
-1632
-1744
-927
-2387
-6056
-6142
-2596
-2051
-4914
-5827
-4885
-4872
-4148
-2200
-2665
-4751
-3847
-1119
-695
-1138
-31
671
71
833
2693
2987
2525
3178
3530
2810
3019
4356
4301
2978
2467
2635
2471
2539
2705
1739
362
519
1444
1388
644
338
408
731
1224
1407
1059
1057
1737
2632
2333
275
-1215
677
3321
1982
-1765
-2589
-1367
-1372
-1510
-1133
-3416
-6714
-5408
-1725
-2476
-5794
-6023
-4613
-4590
-3812
-2270
-3375
-5050
-3096
-263
-622
-1418
-110
670
217
1298
2963
2617
1982
3092
3660
2727
2849
4236
4037
2620
2384
2800
2539
2483
2687
1673
139
483
1765
1626
541
229
560
860
1301
1690
1248
854
1520
2819
2649
379
-1199
644
3145
1914
-1645
-2533
-1491
-1462
-1570
-1286
-3378
-6403
-5366
-2026
-2608
-5550
-5835
-4590
-4503
-3830
-2470
-3292
-4656
-2878
-460
-810
-1463
-101
858
536
1224
2576
2526
2304
3135
3325
2520
2849
4096
3949
2662
2243
2507
2617
2692
2436
1377
409
865
1711
1515
688
228
475
1092
1547
1538
1036
1005
1630
2681
2601
395
-1264
580
3165
1714
-1960
-2444
-1236
-1627
-1943
-1378
-3297
-6460
-5249
-1813
-2743
-5822
-5648
-4237
-4554
-3979
-2267
-3139
-4730
-2799
-185
-870
-1726
-139
909
337
1045
2586
2366
1892
2992
3431
2512
2649
4017
3847
2488
2436
3000
2738
2465
2547
1881
643
836
1985
1880
784
223
589
1221
1662
1649
961
600
1415
2653
2965
1212
-1081
-660
2283
2931
-409
-2937
-2026
-1293
-1729
-1490
-2174
-5380
-6377
-3115
-1559
-4510
-6189
-4833
-4180
-4273
-2835
-2508
-4378
-4182
-1141
-293
-1622
-1108
468
295
235
1839
2544
1701
2046
3151
2828
2335
3305
3949
2970
2299
2737
2865
2586
2628
2199
1110
840
1876
2196
1269
560
708
1174
1678
1961
1560
754
984
2056
2937
2399
219
-1277
317
2887
1866
-1796
-2834
-1614
-1492
-1792
-1522
-3194
-6132
-5263
-2061
-2567
-5456
-5530
-4173
-4323
-3956
-2404
-3004
-4452
-2979
-605
-1005
-1731
-400
530
48
673
2092
2040
1642
2578
2966
2225
2556
3874
3695
2399
2336
2984
2894
2692
2605
1810
896
1368
2317
1863
819
555
964
1391
1736
1631
1019
761
1501
2381
2640
1331
-726
-850
1748
2862
46
-2774
-2084
-1008
-1510
-1772
-2071
-4494
-5953
-3543
-1604
-3806
-5824
-4817
-3915
-4144
-3130
-2287
-3651
-4162
-1962
-606
-1395
-1315
-135
12
27
1306
2115
1651
1736
2555
2599
2533
3252
3585
2816
2409
2900
3097
2738
2484
2148
1597
1431
1815
1877
1375
961
862
1022
1416
1692
1357
844
975
1586
2013
2219
1339
-592
-1013
1501
2770
-84
-2983
-2039
-798
-1563
-1889
-1764
-4131
-5872
-3437
-1233
-3672
-5905
-4580
-3505
-4150
-3276
-2198
-3605
-4300
-1843
-413
-1578
-1514
58
98
-190
1366
2334
1466
1460
2659
2641
2255
3197
3807
2705
2062
2757
3097
2707
2570
2244
1413
1251
2008
2142
1330
807
879
1127
1406
1643
1303
781
916
1592
2048
2184
1191
-614
-813
1611
2590
-228
-2771
-1863
-887
-1636
-1893
-1935
-4137
-5551
-3257
-1516
-3741
-5567
-4385
-3565
-4054
-3137
-2192
-3496
-4084
-1997
-774
-1593
-1311
102
-31
-380
1093
2205
1530
1408
2342
2432
2222
3162
3623
2502
1905
2743
3204
2801
2529
2190
1517
1543
2212
2152
1317
968
1147
1300
1404
1571
1293
860
870
1386
1739
1961
1537
38
-1130
304
2357
1213
-1929
-2519
-1153
-1126
-1756
-1609
-2924
-5311
-4580
-1794
-2331
-5154
-5283
-3740
-3713
-3578
-2283
-2678
-4169
-3075
-655
-663
-1561
-757
100
-175
574
2035
1869
1016
1712
2617
2444
2517
3137
2733
1981
2464
3201
2829
2245
2224
2056
1768
1855
1936
1480
1160
1230
1294
1216
1352
1377
1134
1047
1321
1482
1575
1801
1057
-646
-732
1567
2074
-808
-2819
-1601
-896
-1757
-1825
-1996
-4418
-5370
-2756
-1470
-4028
-5451
-4093
-3557
-3865
-2621
-2129
-3839
-3940
-1394
-416
-1530
-1267
-89
-185
-33
1514
1993
1082
1278
2411
2448
2280
2967
3093
2253
2230
3032
3038
2527
2426
2325
1842
1780
2095
2029
1442
1070
1078
1325
1443
1407
1125
833
836
1277
1631
1662
1264
192
-806
189
2071
1161
-2016
-2752
-1025
-839
-2034
-2184
-2851
-4764
-4400
-1960
-2267
-4942
-5113
-3431
-3208
-3367
-2355
-2583
-3782
-2853
-652
-639
-1478
-792
82
-74
543
1752
1628
950
1522
2373
2400
2559
2920
2517
1953
2429
3080
2872
2311
2102
2016
1924
1942
1881
1583
1199
1076
1221
1408
1265
1049
925
920
975
1246
1327
1256
976
150
-723
163
1745
659
-2228
-2508
-748
-907
-2132
-2078
-2718
-4651
-4015
-1575
-2260
-4961
-4736
-3063
-3160
-3257
-2084
-2542
-3869
-2679
-423
-639
-1523
-773
-76
-279
626
1878
1426
636
1491
2453
2367
2468
2828
2394
2025
2744
3298
2796
2290
2243
2138
2035
2235
2183
1562
1041
1113
1451
1502
1178
935
796
761
921
1258
1218
968
892
255
-782
-139
1561
754
-2246
-2783
-903
-814
-2159
-2275
-2618
-4360
-4069
-1714
-2003
-4622
-4738
-2977
-2793
-3124
-2247
-2496
-3632
-2626
-504
-667
-1703
-1017
-72
-128
512
1571
1294
663
1458
2397
2288
2366
2781
2515
2121
2649
3144
2801
2376
2314
2104
2104
2225
1957
1341
1223
1305
1180
1097
1141
861
698
845
956
752
763
959
1108
756
-298
-866
474
1593
-209
-2637
-2020
-517
-1197
-2130
-1966
-3006
-4405
-2983
-1176
-2844
-4939
-3871
-2494
-2986
-2913
-2126
-2921
-3485
-1689
-325
-1322
-1774
-590
-64
-158
760
1443
834
754
1837
2284
2088
2485
2815
2302
2186
2883
3114
2621
2364
2287
2109
2069
2122
1816
1377
1178
1133
1210
1298
1041
655
650
825
905
905
823
607
784
664
-359
-736
710
1099
-1073
-2450
-1091
-590
-1862
-2129
-1734
-3190
-4042
-2269
-1471
-3647
-4549
-3049
-2612
-3381
-2696
-2099
-3162
-3221
-1315
-709
-1658
-1369
-280
-255
-73
1139
1457
742
1070
2177
2344
2223
2683
2733
2124
2294
3107
3112
2447
2199
2213
2108
2100
2057
1614
1101
1058
1172
1138
939
722
582
617
590
641
730
715
587
879
667
-487
-766
913
1365
-872
-2374
-1085
-412
-1497
-1947
-1822
-3101
-3765
-2158
-1491
-3449
-4470
-3194
-2535
-2982
-2651
-2306
-3106
-3038
-1450
-733
-1496
-1529
-648
-193
62
774
1081
831
1102
1883
2237
2276
2541
2614
2346
2412
2920
3000
2530
2173
2221
2199
2006
1821
1630
1217
921
1010
1226
976
538
433
597
574
596
708
567
316
750
946
-124
-946
369
1408
-197
-2016
-1256
-405
-1347
-1854
-1345
-2376
-3836
-2740
-1282
-2654
-4277
-3383
-2502
-3018
-2808
-2007
-2754
-3362
-1901
-574
-1223
-1594
-749
-287
-231
681
1366
858
661
1646
2286
2109
2275
2647
2345
2087
2719
3135
2602
2064
2172
2216
2075
1977
1689
1090
945
1215
1170
713
482
477
473
514
543
435
321
371
562
857
537
-485
-726
707
1257
-537
-2087
-1182
-389
-1155
-1744
-1638
-2688
-3474
-2282
-1371
-2952
-4148
-3216
-2459
-2868
-2614
-2162
-2847
-3030
-1587
-690
-1313
-1401
-550
-159
6
826
1282
925
1055
1897
2240
2123
2385
2612
2359
2284
2737
2864
2434
2068
2102
2068
1867
1680
1551
1204
825
735
890
786
470
360
465
367
261
498
630
320
346
980
710
-593
-643
1065
1257
-849
-1934
-755
-412
-1359
-1542
-1462
-2901
-3525
-2005
-1343
-3148
-4043
-3040
-2571
-2944
-2447
-2194
-3047
-2951
-1332
-718
-1487
-1418
-547
-224
30
948
1239
791
978
1909
2213
2172
2459
2576
2178
2274
2893
2927
2335
2016
2083
2034
1938
1747
1370
909
808
870
881
623
311
188
356
457
445
494
401
150
444
1228
865
-557
-652
1013
1292
-550
-1555
-699
-532
-1312
-1277
-1250
-2704
-3421
-1999
-1373
-2993
-3891
-3011
-2647
-2957
-2466
-2191
-3006
-2917
-1437
-875
-1533
-1370
-482
-157
77
810
1054
778
1142
2009
2267
2119
2228
2359
2310
2462
2704
2542
2151
1972
1988
1900
1698
1416
1124
844
712
746
772
490
166
219
467
434
310
474
569
392
468
1073
1024
-97
-657
580
1442
163
-1405
-1094
-523
-992
-1237
-1117
-2273
-3430
-2444
-1227
-2290
-3701
-3267
-2588
-2729
-2490
-2013
-2583
-2933
-1822
-806
-1164
-1363
-694
-229
-104
536
1102
937
873
1499
1959
1969
2146
2371
2160
1982
2312
2570
2325
1924
1716
1607
1647
1649
1348
800
562
695
817
640
356
255
354
516
556
530
489
521
621
987
1175
511
-391
59
1298
939
-811
-1374
-526
-512
-1193
-1355
-1650
-2792
-2833
-1707
-1752
-3212
-3471
-2634
-2491
-2747
-2327
-2262
-2758
-2339
-1205
-1040
-1489
-1106
-399
-132
183
789
875
742
1157
1859
2040
1931
2006
2131
2142
2158
2291
2260
1981
1696
1732
1703
1351
1070
1196
1097
608
428
634
601
427
546
515
218
308
855
864
393
354
996
1107
241
-416
367
1147
312
-1047
-947
-430
-838
-1275
-1172
-1823
-2807
-2399
-1533
-2142
-3230
-3055
-2579
-2614
-2465
-2109
-2533
-2763
-1892
-992
-1187
-1356
-882
-369
-40
522
836
700
838
1458
1837
1861
2002
2108
1964
1945
2250
2363
2111
1808
1688
1625
1602
1508
1296
927
686
705
854
685
324
191
390
513
526
451
376
364
541
710
937
890
194
-436
341
1348
527
-1095
-1107
-382
-661
-1092
-1086
-1896
-2976
-2363
-1324
-2079
-3380
-3150
-2565
-2617
-2447
-2068
-2594
-2872
-1841
-884
-1218
-1408
-798
-309
-93
510
905
722
815
1466
1809
1800
1963
2080
1911
1937
2220
2244
2020
1869
1712
1483
1452
1525
1349
905
609
634
788
717
420
197
285
525
645
537
371
404
581
723
894
998
451
-299
84
1186
841
-713
-1209
-524
-534
-991
-1064
-1573
-2699
-2583
-1539
-1730
-2935
-3114
-2656
-2649
-2495
-1993
-2237
-2775
-2203
-1230
-1096
-1247
-863
-535
-296
273
787
701
730
1243
1630
1659
1792
1977
1926
1890
2024
2127
2016
1857
1707
1639
1510
1262
1109
1189
1041
586
390
546
499
331
416
436
214
251
565
636
496
535
701
901
872
329
-71
566
1118
251
-887
-745
-394
-756
-1039
-1150
-2001
-2632
-2028
-1509
-2283
-3007
-2833
-2520
-2410
-2111
-2141
-2573
-2417
-1538
-1067
-1197
-1162
-806
-424
44
462
548
568
930
1354
1527
1574
1675
1751
1857
1950
1940
1848
1778
1698
1615
1549
1425
1215
1071
983
852
729
679
558
420
448
561
518
470
490
528
616
738
658
634
889
736
26
25
896
751
-532
-938
-338
-535
-1147
-1066
-1256
-2315
-2479
-1585
-1683
-2745
-2875
-2341
-2410
-2461
-2004
-2024
-2480
-2069
-1181
-1054
-1306
-979
-496
-299
18
459
565
566
950
1374
1471
1484
1697
1854
1851
1813
1917
1971
1856
1671
1635
1573
1318
1138
1210
1113
680
468
618
577
296
250
382
310
241
328
375
331
447
529
554
625
457
-13
66
729
567
-483
-844
-381
-492
-958
-991
-1245
-2100
-2137
-1446
-1627
-2558
-2612
-2193
-2224
-2263
-1929
-2059
-2338
-1821
-1075
-1115
-1298
-882
-421
-212
139
495
500
614
1124
1490
1453
1485
1740
1876
1866
1889
1926
1849
1776
1735
1639
1405
1234
1182
1122
883
670
585
541
396
312
298
282
274
360
352
263
315
473
479
527
724
487
-104
8
742
565
-441
-772
-413
-608
-942
-892
-1279
-2199
-2172
-1444
-1656
-2561
-2660
-2333
-2348
-2243
-1894
-2111
-2461
-1956
-1178
-1093
-1216
-942
-605
-305
184
521
432
547
1082
1474
1428
1457
1698
1848
1832
1856
1918
1887
1771
1685
1615
1464
1302
1195
1125
930
714
600
589
520
394
311
328
396
467
435
376
452
565
578
631
792
576
58
109
709
604
-310
-738
-468
-526
-887
-1018
-1359
-2073
-2177
-1663
-1768
-2500
-2711
-2416
-2340
-2305
-2087
-2140
-2318
-1914
-1267
-1139
-1248
-944
-486
-204
88
433
549
649
1007
1387
1474
1481
1645
1809
1822
1801
1844
1836
1734
1618
1554
1455
1272
1093
1004
940
802
622
519
477
421
401
451
462
396
390
472
542
573
558
502
551
634
398
8
101
420
123
-562
-730
-585
-791
-1088
-1183
-1493
-1969
-1957
-1688
-1911
-2393
-2436
-2238
-2227
-2209
-2047
-2049
-2102
-1775
-1283
-1131
-1118
-830
-425
-145
159
458
585
716
1084
1397
1430
1427
1616
1756
1745
1744
1804
1758
1645
1622
1610
1444
1243
1195
1175
983
772
713
673
525
446
511
502
381
377
505
567
559
572
523
488
663
805
430
-67
83
487
174
-512
-687
-669
-989
-1121
-1003
-1475
-2254
-2161
-1642
-1901
-2488
-2465
-2299
-2399
-2232
-1882
-2031
-2240
-1796
-1212
-1138
-1143
-827
-491
-249
114
420
497
636
1017
1301
1338
1407
1593
1696
1717
1771
1791
1722
1669
1674
1623
1470
1312
1253
1219
1052
829
758
784
669
465
420
484
484
462
459
438
452
551
575
514
565
676
469
82
69
385
268
-356
-746
-703
-785
-1052
-1191
-1428
-1959
-2168
-1855
-1804
-2260
-2516
-2370
-2289
-2202
-1962
-1940
-2150
-1917
-1335
-1077
-1104
-885
-560
-315
31
409
504
587
937
1259
1318
1410
1599
1658
1655
1737
1784
1708
1672
1653
1559
1425
1380
1349
1244
1043
896
878
887
768
599
503
496
544
585
491
343
374
550
565
390
338
476
477
178
-48
41
112
-213
-636
-811
-907
-1131
-1252
-1372
-1776
-2198
-2106
-1890
-2055
-2362
-2368
-2307
-2202
-1930
-1733
-1866
-1835
-1406
-1015
-888
-715
-488
-317
-27
374
559
597
841
1135
1213
1277
1491
1622
1625
1646
1664
1636
1669
1704
1589
1423
1350
1332
1280
1184
998
834
804
823
713
580
504
472
474
521
467
367
415
513
417
278
341
469
349
18
-194
-118
-54
-333
-759
-958
-1042
-1218
-1339
-1433
-1794
-2155
-2052
-1821
-2021
-2327
-2256
-2072
-2024
-1922
-1763
-1741
-1668
-1341
-1028
-920
-790
-519
-250
-3
268
487
645
855
1111
1304
1434
1544
1638
1718
1798
1839
1825
1788
1753
1684
1602
1552
1493
1344
1172
1074
1025
943
824
681
552
524
543
463
320
283
333
319
231
155
97
99
159
34
-341
-514
-277
-233
-724
-1123
-1064
-1064
-1308
-1393
-1475
-1892
-2110
-1751
-1594
-2026
-2248
-1971
-1841
-1863
-1638
-1489
-1651
-1514
-975
-734
-801
-596
-244
-88
119
488
655
674
913
1210
1291
1367
1564
1645
1608
1679
1787
1749
1689
1687
1635
1505
1431
1390
1293
1148
995
863
800
764
642
456
367
387
373
283
204
191
197
161
89
46
42
43
-78
-338
-465
-317
-317
-725
-1075
-1021
-998
-1232
-1378
-1442
-1738
-1919
-1686
-1576
-1883
-2042
-1862
-1747
-1701
-1506
-1427
-1518
-1319
-878
-699
-703
-493
-203
-25
208
487
595
687
955
1192
1250
1340
1494
1557
1582
1667
1687
1617
1612
1628
1526
1386
1338
1296
1184
1032
900
805
741
666
559
457
389
359
329
271
211
221
229
133
16
12
52
29
-127
-380
-526
-404
-342
-666
-1056
-1107
-1053
-1163
-1271
-1393
-1691
-1868
-1639
-1474
-1713
-1932
-1824
-1669
-1588
-1437
-1325
-1360
-1274
-951
-658
-541
-422
-226
-14
219
494
696
801
925
1129
1299
1397
1496
1581
1589
1568
1607
1660
1621
1517
1425
1353
1278
1211
1138
980
798
707
689
609
465
354
298
253
217
191
150
120
115
97
50
9
5
30
2
-207
-451
-406
-236
-428
-870
-1018
-945
-1031
-1164
-1234
-1489
-1773
-1634
-1385
-1558
-1852
-1795
-1622
-1573
-1451
-1305
-1365
-1366
-1024
-702
-642
-555
-336
-152
69
395
570
594
763
1038
1195
1286
1408
1452
1456
1552
1638
1574
1488
1484
1450
1352
1276
1209
1106
1000
905
800
724
660
550
444
417
389
295
209
190
199
187
129
35
-17
0
29
-4
-162
-384
-455
-322
-321
-639
-941
-982
-949
-1021
-1144
-1357
-1603
-1619
-1461
-1481
-1683
-1763
-1696
-1601
-1460
-1349
-1374
-1342
-1083
-807
-682
-570
-375
-187
18
276
465
563
705
918
1083
1174
1247
1315
1388
1455
1464
1420
1406
1418
1369
1267
1199
1140
1054
973
899
787
678
637
600
507
424
400
386
346
301
285
309
297
227
173
172
162
106
43
-81
-266
-337
-281
-385
-722
-941
-935
-990
-1168
-1297
-1424
-1632
-1692
-1550
-1557
-1764
-1804
-1637
-1550
-1508
-1350
-1222
-1208
-1036
-701
-514
-473
-290
-14
161
307
512
666
743
886
1056
1128
1151
1231
1303
1309
1297
1300
1298
1270
1206
1142
1111
1059
955
874
852
774
664
621
603
511
452
471
439
345
329
365
325
246
216
195
131
85
39
-47
-174
-283
-364
-426
-534
-703
-862
-957
-1033
-1123
-1210
-1350
-1486
-1516
-1464
-1486
-1545
-1552
-1520
-1450
-1291
-1153
-1130
-1069
-857
-629
-482
-322
-161
-47
117
388
566
618
687
849
982
1079
1151
1173
1156
1194
1259
1268
1221
1148
1095
1067
1062
994
900
816
761
702
662
626
552
462
434
429
392
345
319
273
208
205
199
113
8
-12
-60
-179
-269
-309
-446
-603
-641
-681
-872
-1026
-1013
-1063
-1240
-1296
-1252
-1329
-1408
-1328
-1271
-1350
-1301
-1127
-1083
-1082
-916
-757
-712
-603
-394
-277
-182
2
146
205
357
554
631
674
793
883
921
1021
1092
1041
1025
1121
1151
1090
1066
1062
1003
986
1009
961
863
833
835
796
757
719
654
595
582
540
458
390
324
230
152
87
-36
-180
-253
-342
-527
-668
-710
-828
-1032
-1117
-1139
-1281
-1413
-1384
-1405
-1545
-1539
-1404
-1421
-1484
-1344
-1183
-1178
-1101
-878
-760
-717
-517
-286
-211
-114
108
276
341
482
662
734
793
922
1027
1043
1082
1150
1167
1152
1174
1181
1123
1071
1069
1044
957
893
865
801
721
691
657
569
498
491
461
387
333
290
236
180
123
57
-19
-112
-212
-276
-343
-495
-638
-671
-734
-922
-1047
-1031
-1115
-1309
-1322
-1245
-1362
-1493
-1364
-1253
-1372
-1379
-1137
-1045
-1108
-949
-690
-653
-609
-336
-140
-129
3
262
369
421
588
725
759
846
982
1019
1022
1091
1129
1121
1141
1149
1099
1064
1067
1030
964
923
884
821
781
756
704
634
593
572
531
483
430
363
303
252
189
95
-13
-107
-191
-300
-414
-527
-656
-785
-874
-946
-1065
-1176
-1231
-1277
-1342
-1374
-1374
-1401
-1406
-1347
-1296
-1257
-1180
-1079
-992
-885
-736
-603
-492
-338
-186
-65
72
225
351
442
552
672
750
823
893
934
968
1010
1045
1054
1044
1043
1032
1019
1014
978
934
902
875
839
792
751
700
647
614
577
523
474
428
375
322
272
214
130
52
-20
-112
-210
-311
-418
-533
-651
-756
-855
-952
-1064
-1163
-1220
-1275
-1349
-1383
-1376
-1390
-1400
-1334
-1252
-1227
-1159
-1012
-893
-813
-671
-486
-372
-257
-77
85
183
301
450
556
629
726
823
871
906
962
1004
1015
1018
1028
1030
1014
989
976
953
906
867
846
807
749
715
689
636
582
558
526
463
415
379
318
245
182
118
13
-85
-164
-270
-401
-505
-602
-734
-860
-927
-1012
-1132
-1201
-1220
-1277
-1335
-1315
-1292
-1312
-1282
-1184
-1127
-1089
-974
-844
-772
-667
-497
-372
-283
-132
29
128
237
389
507
579
683
791
853
901
968
1018
1033
1051
1068
1070
1051
1036
1016
984
946
912
872
820
774
729
677
620
570
516
452
389
324
258
188
108
29
-65
-156
-243
-349
-461
-564
-666
-779
-881
-965
-1053
-1145
-1208
-1245
-1281
-1305
-1296
-1278
-1252
-1198
-1114
-1037
-957
-843
-713
-598
-478
-339
-208
-91
39
173
287
384
491
594
670
738
808
862
890
925
960
965
955
956
949
922
891
866
829
777
740
704
648
595
554
506
450
402
361
307
248
201
155
91
28
-30
-96
-171
-246
-324
-408
-497
-584
-666
-752
-834
-901
-964
-1025
-1066
-1091
-1109
-1118
-1103
-1074
-1041
-984
-908
-828
-743
-638
-522
-415
-300
-169
-50
58
173
290
387
478
567
640
695
755
801
825
850
871
874
868
864
846
818
800
773
734
695
665
626
580
551
519
467
428
401
351
296
257
211
140
78
29
-48
-143
-208
-274
-382
-483
-541
-623
-740
-817
-854
-938
-1026
-1033
-1042
-1109
-1116
-1048
-1038
-1045
-949
-844
-813
-734
-576
-478
-419
-271
-113
-51
33
201
297
333
443
556
581
615
705
741
736
774
811
793
783
800
786
750
739
727
687
652
633
599
551
526
499
457
427
397
356
321
297
255
198
156
110
44
-21
-80
-157
-250
-331
-406
-495
-595
-678
-750
-829
-901
-954
-999
-1042
-1071
-1071
-1056
-1043
-1012
-952
-888
-826
-732
-624
-532
-431
-304
-184
-84
32
154
246
326
433
518
570
634
697
728
744
777
794
779
767
772
747
715
700
675
632
595
572
533
495
470
437
394
361
344
307
261
235
203
156
116
86
35
-29
-74
-116
-182
-251
-302
-362
-447
-507
-550
-621
-691
-722
-752
-811
-836
-825
-840
-849
-814
-765
-746
-698
-610
-550
-491
-391
-293
-227
-144
-37
35
94
184
263
305
350
411
442
460
492
513
513
518
531
529
519
524
518
509
504
505
494
482
483
472
457
448
437
415
394
375
347
311
280
245
200
145
96
42
-24
-84
-147
-217
-292
-358
-424
-496
-561
-619
-673
-724
-766
-795
-816
-823
-818
-801
-775
-737
-687
-626
-555
-478
-395
-310
-224
-138
-49
33
110
183
249
308
359
402
436
461
478
494
503
505
505
499
492
485
478
470
462
457
452
443
435
432
429
422
415
405
387
371
352
322
288
250
210
163
107
49
-14
-79
-149
-216
-286
-356
-422
-484
-539
-595
-644
-679
-707
-731
-743
-750
-747
-734
-706
-671
-633
-585
-528
-462
-398
-327
-253
-177
-95
-20
46
112
178
234
278
321
350
376
396
411
421
427
428
433
432
433
438
439
441
444
449
455
460
467
471
471
468
461
452
440
420
390
352
311
265
211
149
84
16
-55
-131
-210
-288
-361
-429
-494
-553
-604
-646
-674
-696
-711
-715
-705
-685
-661
-630
-593
-547
-494
-439
-388
-333
-273
-212
-154
-97
-44
7
57
102
144
178
214
242
268
287
306
319
327
340
350
358
364
375
383
391
402
412
421
429
434
438
438
442
439
430
418
401
380
354
323
282
235
183
133
72
12
-52
-120
-186
-254
-318
-379
-433
-482
-524
-561
-587
-604
-613
-618
-614
-598
-577
-551
-522
-486
-445
-405
-362
-317
-273
-224
-178
-134
-90
-47
-5
32
69
99
129
161
194
219
242
268
291
315
340
360
380
406
430
447
460
476
489
501
503
501
496
485
467
439
411
375
340
294
242
189
134
82
28
-25
-85
-142
-192
-243
-288
-331
-369
-407
-437
-461
-482
-496
-512
-517
-517
-514
-508
-495
-475
-456
-431
-406
-377
-347
-312
-279
-247
-211
-174
-137
-102
-68
-29
10
49
87
123
157
191
227
260
289
319
345
371
391
414
431
444
458
464
467
472
467
459
449
432
413
389
362
332
299
264
225
179
136
94
48
-2
-49
-96
-141
-189
-233
-275
-309
-340
-370
-401
-427
-437
-444
-454
-454
-456
-446
-428
-414
-399
-378
-352
-322
-293
-261
-231
-201
-168
-133
-97
-60
-22
11
44
78
113
142
165
190
212
231
251
265
272
279
287
293
298
296
290
290
286
282
274
261
250
239
227
212
194
177
159
139
116
93
70
44
15
-13
-38
-61
-85
-114
-140
-158
-170
-185
-202
-216
-226
-225
-228
-230
-234
-232
-223
-216
-212
-204
-195
-184
-171
-155
-146
-136
-123
-106
-90
-77
-63
-50
-33
-16
-3
9
23
44
61
72
86
99
119
134
143
152
161
176
184
183
184
183
187
190
179
169
157
149
137
122
104
89
75
62
48
27
12
-1
-10
-22
-35
-51
-63
-70
-78
-90
-105
-119
-121
-119
-127
-134
-135
-132
-128
-123
-124
-118
-110
-97
-85
-80
-71
-61
-47
-36
-27
-22
-13
-5
5
7
11
19
22
27
32
34
36
41
43
47
49
52
58
62
61
68
71
74
80
83
82
81
81
82
80
72
70
63
60
50
40
31
23
17
4
-9
-18
-21
-29
-41
-52
-55
-59
-61
-66
-69
-73
-72
-69
-71
-70
-68
-64
-60
-60
-57
-53
-50
-44
-40
-35
-32
-26
-21
-15
-8
-4
3
9
10
14
21
24
28
32
35
37
36
40
44
41
36
37
41
45
43
41
40
37
36
35
29
27
22
21
20
14
8
6
4
0
0
-7
-12
-14
-14
-17
-16
-17
-23
-21
-22
-21
-24
-27
-27
-25
-24
-24
-27
-27
-26
-20
-16
-18
-19
-18
-13
-8
-5
-8
-12
-6
-1
-1
-5
-8
-1
-1
0
-3
-2
4
6
8
7
5
10
15
15
10
8
12
19
20
16
11
15
20
19
13
12
15
16
15
12
10
7
10
10
5
-1
-2
-2
-3
-7
-13
-13
-12
-10
-13
-16
-12
-9
-11
-14
-12
-10
-7
-6
-13
-13
-9
-3
-5
-6
-5
-4
2
1
0
0
0
2
1
-1
-2
2
1
0
1
-1
3
1
1
-2
-1
2
2
1
2
1
1
1
4
4
4
5
6
6
3
5
4
3
5
5
4
-1
2
4
3
-1
-3
-2
0
0
0
-3
-5
-4
-3
-2
-6
-7
-6
-4
-2
-6
-3
-3
-1
-2
-2
-2
-1
0
3
5
3
3
4
3
0
0
0
2
1
1
-1
-1
-1
0
2
1
2
0
-1
-3
-2
0
1
1
1
1
1
1
2
2
1
2
-1
-4
-4
-2
0
-2
1
0
1
2
4
2
1
-1
2
3
2
0
1
-4
-4
-3
-2
-3
-3
-1
-3
-2
-3
-1
-3
-3
-1
0
-1
-2
1
1
3
0
0
0
-1
0
0
1
3
1
-3
-5
-3
-4
-1
-1
-2
-3
-1
-2
-1
1
-2
0
3
4
5
7
4
3
4
4
4
4
5
7
7
6
6
5
0
2
3
3
1
1
-2
-3
-1
-1
0
-2
-4
-3
0
-3
-4
-4
-2
-3
-3
-2
-3
-4
-3
-3
-2
0
-5
-2
-4
-2
-1
-2
-2
-5
-3
-2
0
-1
0
-3
-2
-1
0
0
-4
-1
-3
-2
-1
1
-1
-3
0
2
4
2
-1
2
3
3
2
2
3
4
4
5
2
2
2
1
4
4
3
4
2
3
3
1
0
0
1
1
1
2
1
2
2
3
2
0
1
1
0
1
0
0
0
-2
-1
-1
-3
-3
-2
-2
-3
-5
-3
-2
-3
-2
-3
-5
-5
-1
0
0
-1
0
0
-3
-2
-4
-3
-1
-1
0
1
2
0
-1
3
-1
-4
-1
-1
0
1
1
0
0
0
1
-2
-2
2
2
4
3
1
2
1
0
0
2
0
0
0
0
1
-3
-1
1
5
3
1
3
3
2
1
2
2
0
3
0
-3
-3
-5
-4
-3
-6
-5
-3
-3
-1
-2
-1
2
2
1
-1
1
1
-1
1
1
