-2
-2
-2
-5
-2
0
-1
-2
-1
2
2
2
-1
-1
-2
0
-1
-4
-4
-2
0
-1
0
-2
-1
-2
-1
-3
-3
-2
-2
-3
-4
-5
-4
-3
-3
-1
-1
1
1
4
4
3
1
0
2
5
5
2
4
4
3
4
4
5
3
1
1
1
0
-2
2
2
3
1
1
2
0
3
2
0
0
1
3
1
-1
-2
0
1
2
0
-1
0
-2
-1
-1
-2
-2
-2
0
-1
-2
-3
-2
-2
-4
-4
-4
-6
-5
-4
-2
-4
-4
-1
-1
0
0
1
0
1
1
-1
-1
0
1
3
1
1
0
1
1
0
1
2
4
6
5
3
1
1
3
4
6
6
3
1
2
4
3
-3
-2
-3
-2
-1
-4
-6
-6
0
2
1
-2
-4
-1
0
2
-1
-1
-2
-2
-1
-1
0
-1
-1
0
1
-2
-2
0
-1
1
0
2
4
3
0
-1
-2
1
3
2
-1
0
0
1
2
-2
1
-1
1
3
3
1
-2
3
0
1
3
1
1
0
1
2
-1
-1
0
2
2
-2
-4
-1
1
-1
1
1
-1
-2
-3
-2
-3
-4
-5
-4
0
-1
0
2
0
3
0
-2
-4
-1
1
0
-1
-3
0
0
2
2
0
0
3
2
2
-2
-1
1
4
4
3
3
4
2
2
2
1
-1
0
2
2
-1
-3
-1
0
-3
-4
-4
-3
-4
-2
-1
-2
-5
-4
1
-1
-5
1
-1
-2
5
1
-1
0
2
3
3
3
1
1
2
5
5
-2
-3
4
2
0
1
-3
1
5
-1
2
-2
-3
0
0
-2
-4
0
-2
-1
2
2
2
3
0
-2
-2
-5
-2
0
2
-1
-1
-1
0
4
10
13
-2
-1
16
0
-8
-2
1
8
21
7
-12
4
-6
14
29
3
-24
-23
24
31
-17
-22
-17
1
6
-21
-27
7
-42
-41
21
-42
-73
25
59
-11
-92
-37
21
17
63
-5
-34
109
13
-89
14
33
-81
53
113
-48
-24
-12
6
-39
3
49
-71
6
107
50
37
-18
-123
38
46
104
83
-65
-53
-123
8
250
10
10
-741
-2354
0
2106
148
-392
504
159
-636
446
868
-133
478
534
-180
-48
247
-247
-10
519
-171
-346
120
11
-161
-147
-64
-192
-2039
-2053
831
1583
159
260
345
-405
-516
645
816
-81
286
-1199
-2020
227
1251
424
716
707
44
118
-219
532
912
-837
-1219
250
-520
-1305
278
1381
378
-421
52
-571
-823
-1027
-745
568
669
-41
605
839
77
-292
477
823
723
628
162
-1274
-2827
12
1562
-1132
-298
1208
200
508
1404
689
142
968
1237
656
307
-232
114
-224
-1881
-2097
-482
-322
-492
-128
-553
-1641
-519
488
-472
1203
1667
-537
-226
959
-657
-799
518
-73
-593
-138
-121
26
-397
-822
298
137
-390
1204
256
79
770
-405
-897
822
726
-757
-256
-316
-1135
348
923
-611
354
226
-112
251
627
693
443
-73
424
414
-125
-279
605
138
-170
451
-301
-138
-82
-142
836
604
-912
444
509
-537
-277
-143
534
-1442
-872
644
-1233
-1882
10
-1073
-2542
-1489
-1371
893
2745
1604
893
582
860
2107
2100
1953
1385
1633
466
-205
517
-624
-1230
-200
-765
-1786
-1141
-1136
-1649
-1351
-1091
-1506
548
-460
-80
1155
-278
-484
-138
492
427
638
720
852
111
1122
849
-602
682
619
-357
912
300
-1502
29
-698
-1147
-49
-196
-728
300
-7
-1212
26
374
-399
-1133
-791
-564
85
1151
21
-318
72
-136
358
467
-722
-443
755
-62
-1044
-513
-519
7
208
-214
931
26
-426
699
506
-185
6
1160
423
-483
1326
73
-1620
2406
2333
134
715
1750
101
639
2808
1050
545
1068
260
59
693
1421
1732
2055
1537
120
297
-88
195
454
215
-483
-1244
-2688
-2256
-1294
-1789
-924
-1233
-2814
-2696
-2185
-3431
-2778
-992
43
-243
-252
-527
-1919
-280
74
-490
868
-443
-844
453
-1685
-3268
-2552
-1090
-2020
-2157
-1921
-1355
89
649
826
2429
3483
1971
2228
2762
2093
2399
6305
8207
9679
10029
10708
12477
11286
12437
13415
11471
10480
8575
5011
995
-770
-2346
-5211
-5704
-7597
-10323
-11141
-12739
-13061
-13380
-14191
-14021
-14352
-13853
-13187
-12669
-11585
-10825
-10192
-8591
-7381
-6315
-5483
-4970
-2815
-2678
-2133
-405
-417
-880
889
2202
1353
2587
3339
4123
4330
4715
6205
6588
7188
8937
10139
9201
7935
9342
10784
10875
11065
10660
10339
8472
8240
9587
8805
9753
10147
8717
7605
6997
5300
5352
5384
1195
1881
4042
468
1140
1691
-882
-2281
-1686
-752
-2454
-400
-1736
-4981
-2706
-4908
-7548
-6242
-8424
-10380
-10443
-12228
-12798
-13150
-12567
-11915
-13024
-12489
-10598
-11291
-11202
-8512
-8310
-9144
-6574
-5140
-5323
-3063
-1964
-1319
-21
597
2784
3488
3243
4827
5495
5283
5604
6009
5326
4728
5492
3852
3766
4882
3295
3967
3556
4004
2869
2742
3423
3075
4241
4678
5608
5789
6217
7388
7327
8187
9655
7986
7252
9327
6586
4062
4816
2571
-782
-1298
-3351
-6689
-6394
-7513
-9622
-9931
-9209
-9815
-7921
-4764
-5800
-5089
-3569
-4793
-4302
-4195
-4239
-3190
-2424
-347
1222
480
2095
3065
2523
3387
4739
3884
3641
4051
2932
3747
3317
3297
3243
1942
1490
1206
-66
-1726
-2635
-3703
-5244
-5906
-7186
-6914
-6296
-6062
-6431
-4506
-3620
-3268
607
2581
4154
6462
7898
8070
9171
9011
6666
9422
9821
6693
6774
6740
3668
525
-1007
-3691
-6831
-9621
-10243
-8913
-7468
-8320
-8346
-6695
-5471
-3756
-1446
524
2614
3139
2611
1554
-42
596
-7
-532
-337
-392
-2808
-3838
-2055
-1106
488
1832
3011
1979
2407
2063
1814
2599
1131
1682
1156
-304
1248
1787
249
434
1349
-265
-254
610
216
-300
-1070
-404
392
117
-3
324
-1613
-1951
-2002
-2302
-1777
-2040
-2020
-2526
-2982
-3730
-3354
-2087
-1374
-914
-64
-54
337
1450
1386
2518
3863
4378
4333
3900
3509
3010
2221
3456
4837
4275
5101
4793
2752
2496
3554
3060
2692
3299
3205
1240
610
685
-876
-1129
-1011
-1240
-1901
-3770
-5002
-4487
-5126
-5322
-4248
-3539
-5027
-5140
-3968
-5465
-4713
-2964
-3049
-3821
-2736
-2622
-3692
-3229
-2091
-2561
-2817
-2071
-1860
-1486
-1798
-2060
-1338
-1216
-1999
-1047
-162
-1170
-1009
741
822
-102
701
1894
1855
3057
3907
3865
5068
5215
5780
6956
7133
7613
7557
7501
7450
6808
6728
6755
6545
6011
5792
5366
4821
4544
4523
4047
2882
1847
377
-1157
-2967
-3812
-4855
-6618
-6968
-7654
-8827
-8989
-9059
-9070
-9386
-8951
-8348
-7906
-6752
-6578
-5515
-4204
-3450
-2564
-1260
-765
-794
834
1678
1440
2530
3611
4115
5333
6640
7051
7513
8939
9145
9525
9769
8580
7597
6249
5249
4482
3647
2009
-1463
-5535
-9321
-12466
-14365
-14644
-13509
-12350
-10122
-8358
-7707
-6104
-4704
-4414
-3796
-2081
-445
553
1954
3572
4754
5387
5758
6141
5292
3909
2785
2175
1378
844
1009
-15
-654
-366
-491
-656
-154
387
655
763
1036
936
400
816
1176
1272
1871
1791
1262
1795
2563
2599
2921
3489
3871
3820
3617
3051
3284
3628
3554
3798
4051
3679
3046
2851
2787
2612
2302
2569
2625
1780
1186
970
577
616
872
605
-295
-568
-902
-1723
-1907
-2018
-2205
-2381
-2775
-3347
-3750
-4284
-4621
-4423
-4957
-5794
-6073
-6067
-6118
-6571
-6748
-6661
-6580
-6133
-5471
-5036
-4806
-4025
-3153
-2641
-2093
-1300
-533
-34
730
1554
1740
1744
2161
2367
2060
2198
2639
2270
1637
2055
1727
972
1143
1477
1858
2248
2714
2529
2736
3255
3817
4512
4523
4335
3656
2305
1806
2352
2202
1128
675
27
-1633
-2534
-2703
-3006
-3124
-2507
-2125
-2627
-2875
-2739
-2434
-1617
-534
326
604
1028
1939
2764
3377
3998
4667
5182
5437
5206
4801
4595
4280
3816
3352
2889
2373
1938
1825
1334
543
76
155
316
165
-248
-320
-316
-184
453
671
650
898
1345
2061
1633
-918
-3066
-3239
-2666
-3303
-4232
-5093
-6997
-8714
-9134
-8993
-9587
-9928
-9025
-8367
-8815
-9144
-8523
-7224
-5675
-3967
-2427
-1605
-796
535
1953
3225
4510
5771
6606
6992
7059
6809
6457
6152
5828
5346
4686
3840
2817
1896
1351
897
607
526
499
561
692
710
687
891
1601
2370
3174
4220
4741
4908
4666
3472
1166
4
1019
1409
219
-1113
-2787
-5072
-6595
-6477
-6333
-6975
-6764
-6033
-6075
-6547
-6295
-5445
-3995
-1937
-139
630
1371
2635
3653
4419
5739
7236
7876
8227
8382
7686
6347
5773
5700
4957
3807
2796
1553
42
-929
-1331
-1687
-1803
-1578
-1425
-1558
-1556
-1117
-529
484
1313
1655
2190
3016
3772
3792
2334
-505
-2650
-2489
-1640
-2725
-4857
-6686
-8349
-10156
-11223
-11376
-11696
-11688
-10649
-9912
-10560
-10820
-9469
-7089
-4713
-2390
-712
52
1052
3303
5661
7221
8453
9854
10791
10729
10386
9787
9169
8855
8502
7451
5731
4006
2706
1739
1125
714
236
48
302
648
887
1163
1540
2073
2838
3990
5059
5652
6474
6484
3998
157
-1447
-318
463
-663
-3070
-5652
-7989
-9415
-10068
-10637
-10858
-10284
-9851
-10014
-10395
-10821
-10321
-8038
-4729
-2762
-2322
-1500
643
2769
4170
5482
6852
8362
9774
10304
9473
8255
7808
7763
7224
6112
4491
2845
1649
921
-143
-1428
-1811
-1428
-838
-546
-667
-739
-260
879
2010
2648
3158
3955
5266
5861
4062
479
-2061
-1308
631
246
-2535
-5238
-6872
-7959
-8706
-9230
-9755
-9861
-9192
-8712
-9013
-9667
-9611
-8114
-5246
-2587
-1725
-1834
-531
2134
4117
5067
5939
7320
8832
9853
9685
8412
7468
7517
7506
6614
5069
3266
1661
811
487
-240
-1297
-1662
-1104
-402
-150
-214
-218
568
1953
2617
2464
2819
4024
5225
5816
4734
1563
-1671
-1929
201
1045
-856
-3759
-5730
-6643
-7096
-7625
-8281
-8430
-7749
-6940
-6924
-7687
-8281
-7506
-5252
-2773
-1516
-1273
-526
1213
2951
3778
4183
5055
6605
8008
8208
7277
6241
5708
5451
5054
4175
3021
2049
1324
502
-617
-1487
-1715
-1377
-721
-221
-185
-291
67
703
1020
1131
1437
1958
2617
3334
3592
2657
391
-1983
-2313
-833
-38
-1147
-2997
-4073
-4519
-5084
-5917
-6543
-6432
-5637
-4769
-4602
-5408
-6119
-5755
-4462
-2998
-1922
-1275
-688
323
1490
2296
2715
3391
4710
6036
6498
6126
5458
5033
4969
4817
4274
3526
2976
2650
1988
798
31
-137
-133
234
617
327
14
374
701
691
597
525
724
1142
1263
1251
1569
1722
998
-538
-1918
-1888
-637
23
-887
-2192
-2771
-2896
-3040
-3486
-4029
-4248
-3884
-3296
-3348
-4017
-4529
-4355
-3671
-2941
-2404
-2078
-1589
-740
31
329
491
1207
2159
2800
3118
2994
2646
2420
2538
2593
2312
1936
1652
1678
1450
905
629
755
1009
1099
1030
671
503
825
1121
1210
1068
894
952
1156
1169
963
988
1418
1895
1820
1024
183
31
513
927
763
232
-263
-525
-743
-1139
-1733
-2288
-2387
-2183
-2162
-2550
-3113
-3404
-3355
-3175
-3013
-2875
-2724
-2383
-1696
-1128
-905
-783
-440
303
1127
1514
1261
944
1097
1418
1569
1455
1195
1031
1006
981
749
601
535
525
770
880
614
344
505
786
823
735
731
913
1123
1190
1100
1112
1402
1826
2142
2230
2102
1656
961
625
947
1268
1013
422
1
-213
-541
-1072
-1653
-2159
-2426
-2348
-2287
-2598
-3140
-3488
-3491
-3377
-3254
-3133
-3006
-2643
-2053
-1586
-1274
-950
-526
166
1066
1600
1457
1127
1161
1530
1766
1612
1330
1209
1245
1200
830
423
517
851
870
669
574
607
760
925
1040
1223
1316
1251
1343
1654
1788
1519
1372
1736
2091
2128
2168
2193
1778
1021
455
426
680
549
3
-508
-896
-1299
-1739
-2219
-2676
-2922
-2931
-2904
-3041
-3408
-3759
-3783
-3491
-3134
-2965
-2863
-2523
-2005
-1581
-1234
-839
-327
294
838
1185
1219
1004
1054
1404
1503
1341
1161
933
882
1038
1043
937
880
872
971
1118
1201
1211
1122
1153
1432
1594
1534
1454
1526
1836
2013
1740
1582
1804
1944
1905
1931
2116
2145
1481
329
-279
46
518
221
-634
-1189
-1478
-1915
-2342
-2607
-2880
-3045
-2961
-2855
-2981
-3421
-3858
-3804
-3169
-2558
-2370
-2334
-2068
-1565
-1128
-806
-498
-84
492
1104
1315
1052
862
1077
1418
1574
1462
1183
957
897
1095
1341
1345
1180
1009
937
1092
1294
1342
1294
1180
1335
1768
1855
1573
1383
1437
1746
1968
1715
1440
1641
1835
1664
1679
1848
1137
-400
-996
-80
549
-213
-1271
-1591
-1681
-2138
-2626
-2836
-2922
-2996
-2975
-2925
-3104
-3549
-3831
-3534
-2896
-2441
-2413
-2480
-2159
-1511
-968
-663
-402
-15
537
1036
1207
1104
1103
1333
1588
1682
1626
1520
1471
1500
1567
1658
1649
1555
1471
1432
1531
1672
1589
1422
1475
1575
1588
1544
1355
1166
1243
1382
1285
1072
946
1039
1326
1479
1389
1141
465
-495
-763
-77
408
-123
-1047
-1526
-1618
-1807
-2188
-2542
-2747
-2794
-2716
-2793
-3262
-3748
-3720
-3303
-2906
-2632
-2527
-2520
-2225
-1564
-991
-694
-368
199
851
1291
1432
1455
1582
1845
2096
2198
2097
1902
1870
2004
1998
1755
1387
1003
978
1357
1463
1036
625
656
861
720
344
382
827
964
783
802
917
911
1025
1280
1493
1744
1844
1322
387
-142
89
564
572
-45
-899
-1529
-1724
-1765
-2096
-2677
-3022
-2964
-2827
-2984
-3478
-3877
-3729
-3145
-2565
-2246
-2162
-2049
-1594
-910
-387
-54
361
962
1548
1855
1846
1760
1831
1987
2065
2003
1794
1408
1069
1178
1440
1083
414
312
546
523
421
305
111
263
637
710
675
826
892
977
1337
1526
1314
1201
1530
1937
2079
2012
1833
1302
350
-297
40
697
474
-450
-1279
-1809
-2147
-2243
-2404
-2841
-3113
-2923
-2671
-2940
-3469
-3686
-3277
-2542
-1943
-1771
-1897
-1778
-1220
-517
-148
78
373
842
1375
1632
1459
1158
1260
1556
1788
1716
1325
888
832
1073
1196
989
454
353
781
994
746
525
446
582
1120
1455
1211
953
1169
1363
1470
1624
1699
1668
1628
1876
2287
2175
1250
275
-215
4
584
534
-318
-1171
-1680
-2102
-2257
-2266
-2546
-2933
-2989
-2878
-3111
-3671
-3991
-3645
-2937
-2418
-2332
-2480
-2416
-1939
-1252
-632
-194
121
520
1121
1633
1692
1474
1532
1940
2246
2203
1895
1542
1446
1613
1622
1295
936
830
1010
1140
919
614
574
617
761
1106
1183
971
1014
1197
1292
1508
1662
1721
1957
2101
2115
2220
1738
292
-665
121
1298
856
-763
-1804
-2052
-2316
-2649
-2902
-3282
-3608
-3562
-3528
-3941
-4482
-4607
-4208
-3467
-2769
-2592
-2826
-2733
-1896
-840
-192
140
567
1219
1945
2417
2428
2292
2498
2971
3207
2960
2435
2000
1908
2090
2045
1541
1028
876
892
859
806
680
307
216
864
1277
821
524
993
1659
1945
1622
1260
1687
2514
2924
2536
1235
-292
-787
121
1090
574
-1090
-2410
-2897
-3045
-3199
-3514
-4023
-4345
-4171
-3997
-4490
-5248
-5246
-4331
-3224
-2604
-2629
-2839
-2534
-1453
-248
401
745
1316
2066
2680
2999
3000
2952
3228
3605
3571
3154
2781
2521
2230
2026
1822
1381
924
811
842
650
310
112
228
578
929
1068
994
933
1096
1328
1556
1791
1968
2321
2849
2628
1127
-695
-1063
335
1318
259
-1576
-2700
-3327
-3757
-3683
-3484
-3914
-4678
-4805
-4480
-4714
-5364
-5261
-4145
-2917
-2417
-2691
-2948
-2308
-885
381
1013
1353
1780
2326
2935
3407
3530
3595
3976
4324
4049
3251
2527
2351
2617
2709
2165
1243
535
328
388
400
317
301
377
433
437
580
871
1166
1413
1572
1553
1728
2416
3027
2488
699
-1018
-980
610
1404
-61
-2312
-3510
-3786
-3810
-3630
-3800
-4723
-5448
-5214
-4925
-5403
-5834
-5192
-3855
-2898
-2823
-3236
-3173
-2034
-424
721
1412
1986
2361
2702
3390
4142
4456
4587
4894
4938
4328
3636
3401
3399
3308
3001
2211
1141
580
673
672
319
78
53
60
252
590
675
622
909
1420
1718
1948
2395
2791
2216
271
-1597
-1129
1010
1448
-824
-3190
-4106
-4448
-4463
-3862
-3947
-5384
-6383
-5850
-5353
-5856
-6072
-5091
-3815
-3159
-3178
-3504
-3233
-1520
822
2032
1907
1707
2251
3396
4709
5429
5180
4704
4841
5117
4845
4305
4013
3813
3478
2913
2020
1075
760
1094
1276
800
75
-227
172
866
1201
944
821
1249
1804
2143
2784
2851
845
-2054
-2072
634
1742
-736
-3622
-4822
-5116
-5071
-4214
-4107
-5859
-7578
-7101
-5831
-5748
-6196
-5653
-4440
-3654
-3605
-3859
-3463
-1641
975
2466
2204
1459
1878
3628
5699
6687
6184
5175
5004
5547
5794
5314
4734
4336
3926
3262
2383
1495
1050
1261
1448
815
-256
-621
122
1120
1340
806
306
604
1506
2696
3634
2822
-401
-3210
-1803
1971
2351
-1565
-5011
-5671
-5360
-4909
-3844
-4276
-7045
-8875
-7391
-5623
-6046
-6738
-5714
-4382
-4028
-4266
-4167
-3257
-861
1734
2472
1321
776
2269
4863
6820
6944
5466
4407
5157
6595
6701
5633
4790
4282
3793
3326
2833
2005
1460
1690
1608
499
-468
-22
1259
1822
1311
413
178
1136
2712
3982
3112
-323
-3565
-2497
1688
2937
-924
-5119
-6230
-5424
-4563
-3487
-4072
-7054
-9291
-7874
-5571
-5645
-6688
-6148
-4995
-4576
-4706
-4365
-3289
-1096
1226
1799
797
433
2103
4898
6937
7015
5268
3978
4922
6823
7319
6065
4820
4032
3571
3396
3180
2454
1599
1423
1267
312
-434
8
1243
1734
1006
41
-136
1166
2771
4004
3478
409
-3293
-3027
1514
4156
660
-4486
-6475
-5503
-4232
-2811
-2966
-6143
-9437
-8735
-5712
-4779
-5951
-6282
-5648
-5202
-5007
-4410
-3424
-1769
339
1097
302
-88
1532
4336
6460
6721
5055
3564
4531
6902
7851
6515
4798
3815
3564
3911
4031
3177
1798
1165
1089
636
203
401
1019
1342
897
212
-87
882
2442
3710
3508
809
-2826
-3149
988
4180
1509
-3759
-6491
-5851
-3886
-1906
-2097
-6024
-9840
-9211
-5652
-4003
-5150
-6462
-6810
-6283
-4961
-3701
-3102
-2618
-1102
193
241
120
1344
3587
5425
5867
4885
3637
4365
6674
7908
6632
4582
3697
3846
4523
4824
3760
1857
912
1322
1495
940
578
634
815
755
494
337
967
2181
2900
2983
1536
-1415
-2945
44
3841
2358
-2970
-5834
-5254
-3666
-2131
-1611
-4935
-9343
-9306
-5394
-3572
-4959
-6407
-6825
-6782
-5192
-3239
-2758
-3394
-2314
-551
-31
25
1243
2938
4077
4686
4849
4127
4244
5844
7178
6274
4530
3975
4260
4497
4515
3707
2008
951
1589
2061
1262
356
331
561
781
732
479
436
1454
2392
2748
2184
-1
-2548
-1457
2740
3492
-1222
-4972
-4833
-3625
-2696
-1335
-2829
-7776
-9656
-5888
-2821
-4305
-6320
-6431
-6419
-5695
-3419
-2260
-3522
-3799
-1503
127
44
427
1943
3067
3719
4401
4487
4131
4884
6217
6286
5022
4335
4505
4613
4436
3915
2744
1639
1698
2232
1722
597
93
368
851
1144
607
-89
320
1809
2506
2467
1418
-1102
-2943
-201
3697
2165
-3410
-5393
-3879
-2824
-2234
-1477
-4351
-9041
-8541
-3656
-2392
-5339
-6775
-5991
-5692
-4673
-2564
-2421
-4016
-3480
-784
381
128
736
1978
2634
3339
4298
4462
4195
4922
5764
5379
4483
4515
4851
4487
3881
3344
2582
2087
2326
2415
1298
267
368
1103
1433
1198
356
-129
689
2150
2583
2318
970
-1637
-2808
515
3670
1054
-4108
-5112
-3540
-2842
-2146
-1722
-5183
-9206
-7590
-2936
-2689
-5586
-6629
-6016
-5653
-4014
-1988
-2522
-4193
-3203
-651
363
350
993
1754
2229
3226
4307
4493
4290
4757
5209
4907
4530
4798
4928
4309
3445
2975
2643
2547
2637
2200
944
138
588
1339
1471
1085
254
-254
628
2285
2732
2044
627
-1658
-2535
657
3794
1078
-4358
-5449
-3346
-2260
-1729
-1764
-5257
-9155
-7271
-2415
-2089
-5404
-6833
-6176
-5351
-3527
-1680
-2513
-4428
-3547
-741
622
564
740
1207
1784
2942
4145
4357
4073
4214
4514
4599
4729
4965
4603
3730
3139
3063
3019
2829
2521
1769
756
548
1160
1541
1294
898
328
-12
864
2309
2529
1795
840
-888
-2199
-63
3165
1718
-3280
-5212
-3579
-2329
-1781
-1540
-4381
-8501
-7744
-3067
-1828
-4743
-6609
-6244
-5447
-3695
-1697
-2316
-4459
-4134
-1384
497
821
748
661
1088
2686
4323
4566
3993
3982
4352
4559
4673
4786
4508
3906
3419
3131
2820
2639
2531
2044
1051
401
644
1168
1257
949
411
-136
249
1543
2269
1728
1303
564
-1190
-1553
1388
3053
-219
-4204
-4003
-2306
-1781
-1597
-2308
-5905
-8289
-5461
-1709
-2752
-5994
-6840
-5722
-4432
-2662
-1946
-3569
-4918
-3253
-354
835
545
62
211
1501
3442
4430
4000
3430
3700
4301
4804
4872
4486
3885
3583
3506
3214
2815
2589
2276
1631
916
677
860
1057
979
629
234
93
633
1491
1795
1483
1355
804
-716
-1101
1149
2526
51
-3208
-3295
-2052
-1758
-1729
-2279
-5048
-7162
-5218
-2262
-3073
-5731
-6449
-5503
-4483
-3157
-2560
-3758
-4653
-3149
-966
-154
-124
52
312
1198
2810
3775
3558
3402
3866
4223
4395
4794
4798
3984
3339
3508
3688
3286
2804
2331
1543
943
1110
1422
1005
398
403
656
540
567
1016
1264
1150
1652
1792
25
-1698
50
2881
1714
-2317
-3763
-2413
-1451
-1250
-1472
-3951
-7074
-6135
-2316
-1749
-4979
-6959
-6083
-4558
-3253
-2523
-3530
-4964
-4197
-1874
-453
13
157
-267
-202
1653
3648
3859
3390
3428
3395
3530
4784
5615
4517
2982
3022
3616
3528
3139
2718
1695
816
1047
1622
1224
403
131
291
476
703
905
780
757
1261
2181
2086
151
-1602
-138
2747
2267
-1524
-3513
-2521
-1351
-1033
-1217
-3419
-6625
-6281
-2592
-1509
-4589
-6914
-6037
-4378
-3366
-2768
-3486
-4829
-4330
-1716
55
-101
-776
-739
354
2190
3429
3291
2642
2780
3514
4258
4688
4430
3622
2951
3176
3622
3445
2720
2099
1712
1347
1242
1456
1271
655
219
449
948
1154
1061
854
1060
1591
2256
2114
376
-1239
63
2725
2118
-1668
-3488
-2313
-1199
-1229
-1698
-3743
-6537
-6082
-2714
-1959
-4998
-7017
-5806
-4120
-3287
-2890
-3518
-4715
-3998
-1329
-80
-737
-773
176
688
1303
2751
3417
2759
2779
3539
3696
3554
4264
4444
3236
2418
2928
3383
3117
2620
1887
904
989
1942
2057
924
21
207
937
1625
1583
818
412
1213
2370
2861
1750
-634
-1849
690
3619
2006
-2666
-4251
-2475
-1002
-913
-1677
-4563
-7349
-5896
-2005
-2083
-5634
-7132
-5528
-3924
-3048
-2660
-3633
-4746
-3499
-1049
-207
-502
-369
-109
232
1698
3129
3004
2329
2627
3101
3393
4064
4405
3364
2333
2722
3600
3618
2951
2064
1309
1483
2337
2440
1337
504
620
1202
1717
1945
1291
570
840
1929
2416
2391
1601
-302
-1473
584
3012
1301
-2787
-3821
-2325
-1574
-1675
-2074
-4510
-7168
-5761
-2207
-2327
-5509
-6704
-5292
-4010
-2977
-2263
-3291
-4662
-3452
-820
-154
-729
-438
-2
117
1369
3079
3004
1902
2194
2998
3142
3474
4190
3596
2216
2300
3390
3518
2880
2390
1884
1311
1725
2501
2117
944
543
1073
1465
1659
1644
949
389
1039
2114
2100
1740
1341
-228
-1515
277
2657
936
-3042
-3748
-2152
-1702
-1995
-2037
-3992
-6619
-5587
-2269
-2208
-4935
-5976
-4818
-3847
-2853
-2006
-2904
-4218
-3201
-889
-224
-538
-256
-119
-183
1027
2667
2649
1692
1905
2610
2849
3242
3785
3193
2159
2459
3530
3519
2808
2349
2104
1790
2120
2647
2286
1236
807
1121
1554
1854
1940
1140
325
706
1813
2050
1721
1106
-622
-2026
-240
2434
1040
-3077
-4222
-2520
-1641
-1653
-1923
-4073
-6690
-5417
-1890
-1711
-4648
-5898
-4753
-3431
-2382
-1741
-2928
-4347
-3209
-588
-40
-1003
-1012
-236
117
955
2200
2258
1394
1741
2808
2997
2884
3432
3424
2542
2503
3489
3721
3033
2585
2381
2102
2305
2789
2338
1277
954
1412
1601
1438
1281
910
397
646
1281
1233
646
842
739
-842
-1744
93
1562
-438
-3209
-3110
-2109
-2066
-1924
-1957
-4157
-6083
-4223
-1488
-2372
-4857
-5199
-4002
-3164
-2279
-1965
-3344
-4164
-2492
-412
-443
-1113
-882
-503
114
1562
2449
1751
1155
2086
2987
3097
3350
3613
3068
2508
3209
3980
3537
2859
2697
2556
2314
2578
2636
1694
961
1197
1503
1194
883
879
562
310
733
1090
645
242
904
773
-1064
-1767
316
1513
-814
-3248
-2711
-1697
-1773
-1762
-2061
-4291
-5709
-3631
-1389
-2756
-5157
-5110
-3585
-2844
-2512
-2654
-3666
-3852
-2033
-338
-732
-1512
-1039
-193
624
1673
2073
1440
1277
2423
3209
3149
3166
3345
3106
3004
3598
3933
3346
2803
2777
2805
2548
2439
2213
1533
1096
1302
1419
975
651
703
549
326
561
774
520
382
971
628
-1038
-1589
297
1276
-782
-2971
-2625
-1810
-1754
-1769
-2282
-4318
-5257
-3303
-1608
-3013
-5004
-4814
-3474
-2724
-2322
-2460
-3491
-3669
-1974
-311
-576
-1260
-936
-206
432
1476
2094
1636
1173
2014
3048
3337
3288
3185
2827
2737
3412
3974
3472
2610
2353
2516
2592
2470
2110
1282
769
1097
1463
1000
321
274
533
492
476
547
435
148
465
1015
153
-1501
-1245
780
948
-1491
-2964
-2182
-1540
-1707
-1809
-2512
-4360
-4548
-2388
-1471
-3464
-4932
-3960
-2684
-2490
-2359
-2545
-3301
-3072
-1350
-323
-872
-1163
-575
7
646
1620
1930
1397
1428
2374
2962
2999
3079
3098
2713
2718
3373
3576
2913
2343
2423
2507
2344
2218
1853
1136
750
1079
1336
862
247
50
215
380
461
419
58
-214
300
1019
282
-1547
-1607
368
971
-1052
-2710
-2326
-1727
-1557
-1318
-2006
-4029
-4436
-2224
-963
-2760
-4467
-3927
-2644
-2134
-1861
-2233
-3290
-3204
-1311
51
-559
-1424
-1036
20
980
1681
1648
1123
1174
2296
3211
3186
2726
2547
2685
3090
3439
3330
2653
2189
2274
2507
2366
1910
1403
968
774
897
900
489
-37
-173
49
159
58
-74
-128
-174
15
623
580
-773
-1573
-156
1284
46
-2059
-2172
-1302
-1127
-1137
-1356
-2978
-4260
-2842
-959
-1894
-3999
-4085
-2827
-2286
-2098
-2183
-3041
-3350
-1631
11
-710
-1979
-1201
429
1106
1142
1239
1079
1317
2531
3376
2760
2081
2608
3363
3285
2922
2735
2514
2432
2620
2474
1796
1381
1389
1197
776
614
510
120
-189
-86
48
21
-43
-56
-143
-70
382
957
768
-461
-1211
-40
1484
739
-1435
-2156
-1296
-789
-785
-1121
-2479
-4001
-3252
-1332
-1519
-3616
-4322
-3271
-2427
-2342
-2415
-2932
-3218
-2081
-547
-718
-1694
-1275
138
862
965
1113
1170
1442
2344
3006
2568
2118
2647
3311
3093
2607
2503
2546
2411
2325
2138
1683
1257
1256
1253
835
362
313
422
303
167
207
248
176
281
463
514
598
992
791
-355
-920
374
1457
272
-1734
-2007
-1189
-836
-963
-1509
-2985
-4016
-2882
-1299
-1988
-3933
-4227
-3106
-2365
-2293
-2387
-2951
-3135
-1920
-443
-704
-1597
-1119
229
816
977
1260
1298
1310
2140
2958
2652
2106
2472
2977
2802
2597
2646
2445
2129
2194
2113
1592
1287
1479
1290
599
186
373
508
310
-31
-280
-251
136
455
278
-45
-25
363
857
1140
388
-919
-879
890
1481
-305
-2032
-1727
-953
-719
-773
-1544
-3313
-3717
-1979
-892
-2274
-3761
-3595
-2733
-2211
-1872
-2087
-2811
-2755
-1519
-551
-742
-1065
-670
46
547
1002
1274
1228
1287
1864
2317
2318
2304
2475
2419
2299
2468
2603
2326
1924
1764
1738
1700
1570
1295
859
540
542
702
589
239
37
132
288
335
314
291
318
469
802
809
-20
-806
-33
1228
670
-1183
-1763
-1109
-788
-825
-1034
-2235
-3478
-2816
-1309
-1578
-3141
-3667
-3014
-2387
-2097
-2065
-2561
-2921
-2248
-1067
-770
-1152
-1089
-395
181
600
1008
1215
1197
1541
2133
2369
2237
2320
2527
2522
2418
2476
2432
2200
2042
1960
1663
1349
1343
1258
751
290
345
481
257
-91
-204
-115
92
249
189
59
97
319
729
1095
540
-652
-595
988
1435
-238
-1580
-1198
-666
-693
-700
-1370
-2936
-3231
-1671
-1024
-2425
-3580
-3234
-2575
-2247
-1999
-2208
-2794
-2630
-1536
-799
-963
-1161
-773
-151
384
846
1138
1117
1204
1708
2217
2294
2256
2280
2199
2136
2403
2563
2242
1818
1687
1570
1447
1513
1437
816
281
419
742
592
236
29
-16
114
462
577
326
143
374
751
1041
815
-100
-712
190
1337
605
-1259
-1770
-1005
-602
-756
-1232
-2433
-3408
-2599
-1252
-1715
-3296
-3677
-2882
-2258
-2082
-2124
-2562
-2749
-1935
-812
-678
-1129
-994
-254
342
709
966
1025
1089
1541
2082
2200
2078
2139
2279
2282
2314
2440
2343
2008
1808
1833
1768
1592
1414
1114
689
569
671
533
163
30
64
72
116
164
6
-42
285
565
474
465
640
301
-413
-283
712
822
-468
-1479
-1217
-781
-850
-1084
-1589
-2563
-2831
-1949
-1424
-2249
-3122
-3039
-2475
-2056
-1866
-2157
-2604
-2330
-1382
-837
-989
-1097
-759
-213
316
707
823
810
1061
1604
1986
2001
1948
2059
2203
2283
2375
2381
2199
1999
1931
1811
1644
1594
1498
1084
670
651
801
708
459
267
208
289
492
487
275
205
482
767
837
559
-116
-600
-12
981
583
-1025
-1759
-1119
-656
-831
-1232
-2083
-3102
-2752
-1472
-1480
-2899
-3537
-2982
-2417
-2183
-2069
-2430
-2839
-2282
-1178
-851
-1237
-1195
-617
-61
384
860
993
904
1225
1933
2213
2092
2143
2341
2341
2403
2633
2556
2108
1859
1939
1943
1760
1537
1210
819
671
791
755
375
-11
-72
47
150
197
126
-105
-130
260
552
378
288
482
241
-326
-133
616
435
-597
-1070
-848
-915
-1146
-1145
-1539
-2444
-2606
-1870
-1750
-2592
-3040
-2705
-2432
-2330
-2137
-2217
-2470
-2113
-1324
-982
-1061
-914
-519
-88
393
816
948
976
1242
1717
2041
2105
2103
2128
2144
2213
2364
2356
2124
1921
1811
1630
1556
1639
1452
851
523
717
865
625
330
118
33
230
514
338
-45
29
460
594
530
583
428
-196
-401
263
738
24
-987
-1268
-1064
-998
-960
-1247
-2181
-2916
-2407
-1631
-1927
-2804
-3032
-2778
-2485
-2106
-1907
-2293
-2530
-1908
-1102
-945
-1021
-783
-376
15
499
864
918
990
1427
1898
2032
1998
2085
2227
2286
2295
2277
2213
2090
1959
1817
1674
1531
1388
1195
960
762
673
594
414
211
117
110
179
257
160
-89
-94
258
496
396
320
390
153
-259
-137
451
386
-508
-1165
-1049
-909
-1022
-1181
-1566
-2345
-2559
-1939
-1666
-2386
-2933
-2682
-2299
-2203
-2086
-2113
-2321
-2085
-1329
-936
-1083
-996
-503
-82
213
598
867
964
1201
1633
1889
1943
2035
2178
2222
2239
2299
2302
2177
2033
1927
1756
1546
1463
1460
1233
790
534
621
665
426
122
7
79
283
371
124
-203
-24
478
612
312
196
248
18
-216
128
431
-179
-1063
-1146
-867
-1008
-1267
-1467
-2049
-2627
-2318
-1755
-2073
-2828
-2914
-2532
-2269
-2103
-1993
-2173
-2228
-1684
-989
-820
-887
-657
-220
155
562
912
992
1041
1404
1831
1999
2034
2095
2095
2121
2274
2350
2185
1979
1886
1831
1731
1575
1338
1122
994
879
678
485
346
246
182
130
43
6
76
90
17
27
150
169
197
344
363
-91
-460
-162
349
52
-761
-1162
-1066
-1085
-1125
-1198
-1748
-2495
-2376
-1728
-1788
-2495
-2726
-2441
-2186
-1992
-1829
-1972
-2057
-1594
-996
-853
-868
-606
-221
99
447
703
804
1018
1408
1652
1712
1870
2076
2102
2046
2102
2190
2193
2101
1958
1769
1615
1512
1456
1389
1150
747
503
581
661
448
132
-34
-22
126
248
114
-175
-169
175
326
109
-44
126
169
-185
-433
-196
-80
-517
-1012
-1090
-1187
-1365
-1296
-1327
-1990
-2490
-2089
-1605
-1943
-2404
-2355
-2160
-2082
-1806
-1637
-1838
-1840
-1258
-806
-828
-769
-328
3
195
514
867
1000
1156
1484
1724
1765
1892
2089
2141
2093
2170
2213
2074
1961
1984
1884
1654
1496
1397
1166
958
893
771
484
269
203
154
61
57
17
-106
-177
-52
75
59
-69
-101
12
189
32
-432
-619
-243
-101
-628
-1189
-1247
-1256
-1331
-1312
-1509
-2165
-2435
-1947
-1628
-2042
-2424
-2285
-2027
-1882
-1689
-1618
-1733
-1561
-1004
-637
-694
-624
-216
181
428
686
882
997
1239
1635
1818
1813
1902
2087
2127
2115
2197
2227
2085
1930
1837
1731
1580
1469
1337
1083
799
664
621
474
277
154
43
-81
-18
94
-30
-265
-193
27
79
-64
-125
-73
55
-52
-399
-578
-297
-193
-625
-1113
-1199
-1228
-1271
-1223
-1449
-2103
-2342
-1854
-1587
-2000
-2341
-2243
-2069
-1851
-1576
-1607
-1827
-1553
-928
-652
-698
-529
-189
121
492
830
906
975
1330
1671
1730
1773
1992
2101
2032
2012
2102
2102
2033
1970
1848
1619
1475
1474
1434
1175
842
632
577
543
411
147
-146
-241
-102
40
-123
-444
-529
-236
23
-38
-298
-348
-113
119
-86
-539
-609
-186
-61
-570
-1120
-1225
-1108
-980
-1008
-1462
-2104
-2120
-1570
-1430
-1965
-2315
-2122
-1819
-1683
-1607
-1648
-1686
-1427
-902
-608
-640
-562
-140
286
519
725
969
1136
1353
1678
1868
1898
2000
2124
2070
2067
2221
2237
1952
1731
1646
1588
1521
1425
1060
610
506
694
625
235
-96
-164
-100
-5
11
-187
-422
-326
3
76
-145
-293
-177
44
183
-61
-545
-653
-169
37
-493
-1119
-1204
-1040
-954
-1047
-1422
-1953
-2032
-1620
-1453
-1865
-2218
-2091
-1776
-1602
-1547
-1591
-1593
-1287
-784
-556
-618
-487
-25
395
586
704
854
1075
1396
1679
1715
1663
1804
2003
1981
1836
1840
1930
1887
1705
1496
1286
1161
1206
1211
878
401
269
440
427
111
-180
-270
-207
-69
-40
-283
-549
-405
9
148
-109
-316
-207
86
279
124
-338
-536
-159
170
-201
-831
-1045
-939
-879
-901
-1143
-1649
-1917
-1614
-1326
-1576
-1949
-1933
-1682
-1484
-1351
-1329
-1375
-1219
-805
-503
-454
-360
-68
222
422
605
790
937
1111
1290
1407
1482
1582
1640
1615
1595
1656
1698
1604
1456
1352
1288
1221
1139
992
762
588
583
567
355
103
31
84
111
64
-59
-204
-156
69
155
-26
-173
-102
57
148
33
-333
-564
-322
-52
-351
-902
-1080
-990
-986
-1026
-1171
-1576
-1859
-1621
-1349
-1551
-1850
-1771
-1592
-1520
-1407
-1251
-1218
-1102
-791
-546
-488
-308
44
303
392
535
775
1020
1203
1322
1354
1408
1587
1783
1753
1557
1475
1615
1717
1594
1296
1035
971
1079
1090
789
383
232
343
405
254
2
-164
-126
40
84
-100
-284
-195
25
64
-61
-126
-103
-81
-35
-45
-280
-519
-386
-162
-412
-933
-1059
-866
-876
-1078
-1227
-1441
-1645
-1505
-1220
-1367
-1753
-1762
-1430
-1219
-1168
-1145
-1151
-1060
-714
-351
-234
-190
15
258
460
692
894
963
1048
1255
1451
1498
1490
1501
1518
1552
1615
1599
1446
1276
1212
1213
1164
1003
763
588
546
552
459
246
45
-3
71
89
-25
-147
-163
-100
-39
-74
-184
-223
-141
-82
-100
-192
-418
-606
-430
-178
-433
-950
-1054
-875
-902
-1039
-1117
-1357
-1607
-1464
-1203
-1348
-1642
-1591
-1354
-1248
-1193
-1110
-1053
-918
-626
-364
-277
-195
47
345
546
677
812
942
1081
1259
1421
1466
1431
1433
1483
1534
1558
1515
1389
1255
1192
1163
1084
952
792
646
543
470
373
234
98
23
-3
-34
-99
-173
-213
-201
-139
-111
-185
-268
-235
-144
-132
-190
-271
-410
-523
-460
-372
-545
-856
-957
-922
-995
-1089
-1104
-1241
-1466
-1445
-1242
-1259
-1428
-1388
-1223
-1171
-1107
-915
-792
-753
-554
-250
-112
-54
169
468
631
723
881
1049
1168
1304
1425
1433
1379
1409
1513
1551
1451
1287
1174
1151
1156
1074
874
652
542
549
521
364
147
14
24
90
69
-83
-222
-194
-67
-14
-54
-111
-157
-141
-37
0
-117
-212
-205
-290
-456
-445
-397
-606
-895
-963
-956
-1053
-1104
-1141
-1374
-1583
-1432
-1190
-1263
-1471
-1445
-1255
-1074
-921
-839
-844
-729
-384
-71
17
48
224
493
739
910
978
1012
1134
1320
1401
1361
1349
1390
1384
1323
1261
1181
1093
1038
969
816
655
597
569
458
302
189
143
145
140
49
-91
-126
-29
66
61
-35
-119
-90
34
90
7
-109
-170
-183
-175
-221
-402
-584
-604
-589
-747
-963
-1032
-1040
-1127
-1212
-1230
-1283
-1345
-1280
-1179
-1208
-1228
-1069
-879
-828
-780
-600
-397
-244
-100
36
152
339
594
734
735
782
947
1112
1208
1214
1121
1053
1151
1267
1187
1002
909
899
883
852
766
602
486
516
562
482
343
270
272
286
292
256
164
96
113
147
84
-25
-86
-100
-130
-214
-336
-469
-558
-574
-597
-740
-955
-1066
-1039
-1035
-1135
-1238
-1280
-1298
-1275
-1187
-1131
-1159
-1127
-975
-828
-756
-654
-482
-339
-227
-75
91
212
336
505
637
711
799
898
946
995
1087
1134
1072
1008
1024
1042
1011
963
873
735
662
702
676
526
395
367
359
321
289
236
169
156
190
189
136
96
100
109
88
40
-14
-60
-96
-142
-217
-313
-416
-512
-601
-675
-748
-861
-986
-1058
-1090
-1121
-1144
-1159
-1193
-1195
-1106
-997
-951
-905
-789
-648
-512
-376
-277
-200
-43
166
287
323
386
481
592
733
807
739
690
790
889
854
786
762
710
671
719
724
590
491
535
573
529
496
477
432
442
528
538
449
423
482
493
443
406
383
326
263
212
125
-4
-107
-180
-289
-441
-565
-658
-783
-922
-988
-1022
-1128
-1248
-1259
-1215
-1229
-1235
-1186
-1149
-1108
-970
-824
-780
-734
-573
-393
-277
-186
-82
10
144
295
373
399
461
555
625
669
686
679
693
731
740
712
717
730
708
680
680
690
704
711
681
647
663
710
720
683
637
626
639
629
576
504
440
383
331
257
123
-11
-84
-180
-324
-448
-558
-705
-829
-876
-968
-1118
-1184
-1185
-1246
-1305
-1270
-1245
-1271
-1230
-1115
-1065
-1036
-902
-752
-690
-615
-443
-288
-209
-107
51
149
217
344
457
485
526
629
690
680
694
757
782
758
773
794
788
798
826
815
790
804
834
831
792
769
770
761
733
693
627
570
541
493
401
298
212
145
58
-51
-170
-298
-391
-461
-582
-713
-811
-888
-950
-1017
-1091
-1151
-1177
-1169
-1159
-1170
-1156
-1103
-1032
-953
-884
-825
-725
-597
-483
-384
-291
-197
-89
29
128
188
245
328
405
451
485
525
556
581
622
649
657
670
701
729
745
767
786
797
819
838
845
841
834
827
793
764
738
683
607
533
467
388
290
191
74
-39
-123
-218
-342
-470
-565
-635
-714
-794
-879
-957
-985
-984
-1003
-1054
-1077
-1043
-1001
-966
-938
-919
-873
-785
-686
-630
-594
-512
-399
-298
-219
-153
-84
5
110
200
241
274
352
440
507
527
548
594
650
705
729
728
744
780
825
841
821
808
817
831
818
781
742
704
668
633
579
503
424
356
291
209
118
21
-74
-155
-240
-333
-424
-507
-585
-655
-707
-766
-833
-869
-872
-900
-936
-929
-902
-889
-862
-815
-791
-761
-681
-590
-548
-511
-435
-348
-271
-190
-128
-91
-26
80
166
199
220
273
350
421
459
469
483
533
597
639
638
635
665
712
743
740
720
716
735
750
740
695
652
626
606
566
494
410
338
283
219
133
21
-85
-160
-217
-296
-398
-498
-569
-607
-639
-692
-760
-807
-813
-787
-777
-798
-818
-800
-734
-669
-643
-647
-622
-544
-450
-391
-377
-361
-291
-186
-101
-75
-67
-21
76
172
219
222
238
306
399
458
461
454
481
547
606
618
593
586
621
666
678
646
611
605
625
624
577
508
466
450
429
371
282
205
158
124
62
-31
-120
-179
-209
-256
-329
-407
-459
-474
-490
-528
-580
-608
-601
-584
-579
-595
-606
-587
-542
-505
-491
-488
-464
-415
-359
-322
-306
-280
-235
-178
-124
-91
-66
-30
22
78
119
146
178
216
254
287
309
330
356
381
400
412
432
444
459
468
473
476
481
483
468
449
434
424
397
359
319
277
240
192
135
77
24
-21
-75
-133
-185
-227
-267
-302
-341
-376
-392
-404
-421
-439
-442
-438
-425
-419
-416
-404
-383
-351
-326
-307
-286
-254
-219
-189
-161
-138
-111
-78
-43
-21
-2
22
47
81
105
126
147
171
199
224
242
255
275
297
311
324
330
335
339
342
343
336
326
315
301
285
263
236
209
184
155
118
83
49
16
-14
-49
-89
-123
-145
-167
-196
-223
-242
-254
-265
-278
-287
-295
-296
-289
-288
-290
-283
-270
-257
-244
-232
-215
-200
-177
-156
-141
-125
-105
-83
-64
-45
-28
-8
10
25
42
62
77
91
112
129
149
165
178
195
207
226
242
246
253
262
265
270
269
261
252
240
233
224
201
172
152
132
113
91
56
23
1
-15
-38
-75
-107
-123
-140
-159
-184
-214
-226
-226
-230
-241
-254
-251
-232
-219
-215
-207
-191
-167
-139
-123
-112
-102
-84
-55
-43
-38
-29
-22
-9
8
15
16
22
30
41
45
48
56
67
78
86
86
93
111
124
126
120
127
146
160
154
140
135
148
166
159
129
111
114
125
111
75
44
40
48
39
2
-34
-36
-21
-26
-60
-93
-93
-77
-81
-113
-147
-151
-131
-122
-152
-179
-176
-148
-131
-151
-169
-159
-123
-95
-104
-124
-109
-67
-30
-28
-46
-40
0
41
48
25
20
50
91
102
83
63
74
108
129
109
76
70
94
116
104
72
55
73
102
105
80
61
73
103
118
99
75
75
100
112
91
60
50
62
70
51
18
-4
-6
2
-12
-40
-66
-72
-68
-74
-93
-115
-120
-118
-119
-124
-133
-137
-132
-126
-123
-125
-121
-118
-108
-100
-91
-85
-80
-69
-58
-43
-33
-30
-24
-10
4
14
18
16
29
41
47
49
45
52
60
65
63
58
60
67
70
70
69
69
74
79
80
75
74
78
82
80
76
74
70
67
67
59
51
41
34
29
21
9
-4
-13
-19
-27
-37
-50
-56
-59
-57
-59
-67
-65
-64
-58
-54
-55
-54
-46
-35
-32
-32
-35
-29
-26
-19
-19
-22
-20
-18
-14
-13
-13
-16
-17
-16
-13
-14
-14
-14
-11
-10
-10
-6
-3
2
5
11
17
22
29
33
37
41
46
46
49
45
42
42
39
36
28
24
19
16
11
7
3
0
-1
-3
-4
-9
-10
-13
-12
-13
-15
-15
-21
-20
-17
-17
-17
-15
-17
-12
-10
-8
-11
-8
-6
-8
-4
-3
0
-1
-3
-2
2
2
2
1
0
4
5
5
2
2
2
1
-1
-2
-4
-4
-5
-8
-8
-7
-7
-7
-5
-3
1
3
2
4
5
9
11
8
10
11
12
11
9
12
13
12
10
9
8
8
7
0
2
1
-2
-4
-5
-9
-9
-10
-8
-7
-7
-6
-5
-2
2
-1
-1
-2
1
2
1
3
0
1
0
0
1
2
2
0
-2
-1
3
2
0
-2
-2
1
2
1
-3
-3
-1
-1
-2
0
2
1
3
6
6
6
5
3
4
5
0
-2
-5
-3
-2
-2
-2
-4
-2
-3
-2
-3
-6
-1
0
0
-3
-4
-4
-5
-2
-2
0
-4
-3
-2
-1
0
0
2
2
4
4
1
-1
6
5
2
2
1
0
3
6
1
1
3
3
5
3
3
1
4
4
4
2
1
0
2
5
3
-1
0
1
3
1
-1
-1
-1
0
0
-4
-3
-2
0
2
-1
-4
-5
-4
-4
-5
-5
-6
-5
-4
-2
-3
-5
-4
1
0
0
-3
-4
-1
0
2
1
0
-2
1
3
1
1
-1
-3
2
1
1
-1
2
4
5
3
0
0
2
6
3
2
2
2
4
5
5
3
1
2
-1
0
0
-2
0
3
3
1
0
3
3
2
2
-1
-1
1
1
0
-3
-2
