-3
0
-2
2
0
3
5
3
5
1
0
0
0
-1
0
1
-1
-2
0
0
0
0
0
1
1
1
2
-1
0
-2
0
-2
-2
-1
-3
-4
-4
-3
-2
-2
0
-1
-1
0
-1
2
-2
0
0
-1
0
0
-1
-2
-3
-1
0
0
0
0
-1
3
4
1
2
5
4
4
5
4
2
1
1
0
2
2
0
1
0
1
1
-1
0
1
2
1
2
0
-1
1
0
0
0
0
-3
-2
-2
-1
1
-2
-3
-1
1
0
-3
-1
1
-2
0
-1
-1
-1
1
1
-1
1
0
-2
-2
-3
-2
-3
-3
-2
-4
-2
-2
-2
-1
-1
-1
-1
-3
-1
0
-2
1
0
1
3
1
2
1
2
5
4
8
6
5
4
2
3
3
5
5
1
2
2
2
1
-2
-2
-2
0
-1
-2
-3
-1
0
1
2
-1
-1
-1
-3
-5
-4
-4
-2
-4
-1
-1
-1
-2
-3
-2
-3
-1
-1
-1
-1
0
1
2
1
1
-1
-2
-1
1
-2
-3
1
1
1
1
1
4
3
2
3
0
1
1
2
3
-1
-1
-1
0
-2
-1
-1
-3
-2
-1
-3
-2
0
0
0
0
2
3
3
5
4
2
3
0
3
-1
-1
0
0
2
-2
0
1
3
2
0
0
-1
0
1
-2
0
3
0
0
3
-1
-1
-1
-2
-2
0
-1
-1
-1
-1
-1
-2
-3
-2
-4
-2
-2
-2
0
1
-2
-1
0
0
2
1
-2
-3
-1
-1
-2
-3
0
0
1
-2
-1
-1
-1
-2
0
1
0
1
1
0
-1
1
1
-1
1
1
2
1
1
2
3
3
3
3
1
3
0
2
4
1
4
3
4
4
5
5
2
1
-2
-1
-2
0
0
-1
0
-2
-2
-2
0
0
-3
-1
-1
0
1
-1
0
0
0
0
3
0
-1
-2
-4
-1
1
0
-4
-5
-5
-3
0
-7
-10
-8
-9
-6
2
2
-3
-1
-5
-1
12
12
2
-7
-1
13
12
4
-4
-3
4
22
33
18
3
-7
-7
10
17
-2
-16
-13
-4
5
5
-5
-12
-20
-2
31
40
39
34
4
-13
7
21
2
-35
-39
-13
4
2
-6
-23
-39
-12
13
13
-13
-23
-13
-4
-30
-68
-62
-43
-32
-21
10
23
14
-26
-31
-4
20
38
48
15
5
41
29
43
61
64
27
1
20
50
23
15
-9
-4
70
38
33
48
6
5
57
-69
149
-639
-2274
-897
1743
465
-769
1191
898
-935
-265
1297
475
-235
633
572
-68
-52
243
-30
24
297
49
-287
-50
-92
-338
-195
-72
-200
-294
-361
-2360
-3962
-984
1834
67
-382
1485
932
-531
709
1807
828
1052
1298
604
323
292
77
-7
589
561
-335
-275
-384
-726
-561
-687
-666
16
315
-586
-554
-21
-321
-636
-223
-72
-290
-251
95
110
-581
-281
106
-93
-182
-271
248
-118
-1163
180
1750
196
-613
815
734
-199
349
1202
171
-88
-671
-2540
-807
1568
437
-302
1104
612
-825
147
1380
412
554
1403
-34
-586
283
147
-462
-2
191
-422
-551
-354
-523
-683
-90
-523
-1750
-689
757
-476
-1295
-185
1260
819
24
825
962
460
339
738
817
807
-223
-162
694
266
-75
-3
952
802
559
-933
-2843
-1328
-131
-595
-293
-361
-731
-1542
-1488
-115
660
470
133
309
-59
-589
-105
822
433
1324
1884
659
186
224
62
-328
140
270
192
181
-198
-661
-655
-207
-18
-410
61
-409
-828
-246
-326
-127
87
211
-63
423
270
-368
26
243
-390
160
237
39
361
-509
16
-821
-2335
-43
2122
1115
1052
30
-854
-797
1034
1554
-241
115
-2415
-1841
288
190
976
1154
1120
-132
-716
575
757
57
69
313
-3
-822
-559
726
1718
1374
1134
290
-482
198
5
-425
736
1531
-106
-1012
-323
5
-819
-584
80
-1434
-1938
-1165
-1367
-1319
-384
-50
89
-28
180
573
269
687
857
521
1346
514
-547
484
-26
-86
4
-249
13
-651
-593
-352
-437
-361
-61
-34
-116
-128
-961
-134
223
-1336
305
715
-1221
165
656
-510
30
426
328
125
401
754
232
-19
394
466
176
-48
309
484
-163
163
332
-49
108
-277
-5
264
116
34
291
550
-300
180
592
103
287
434
350
-386
254
136
-772
365
216
-658
-706
-126
-499
-807
145
271
-289
-110
-372
-316
313
99
134
468
247
-445
-296
507
-189
-29
817
329
-45
-50
219
-552
153
813
-18
-451
117
-174
-1197
-764
116
-261
-853
392
501
-830
-356
-46
-488
-175
223
325
-163
-340
428
-302
-784
529
827
29
151
777
-13
-315
182
957
-60
-818
527
608
-909
-660
737
-215
-815
166
1087
-212
-746
823
267
-322
-191
221
19
-437
456
527
-328
120
627
-242
-487
258
433
-27
255
686
275
-641
-1
1209
-132
-248
1159
119
-794
-320
131
-242
-713
597
827
-1069
-643
760
-56
-967
53
713
-507
-573
504
211
-454
198
435
-172
-396
287
149
-493
-13
-341
-721
-367
-360
-550
-442
-380
-544
-359
-224
-385
-112
38
-146
608
492
76
451
149
-6
457
646
7
342
681
-123
-210
466
320
-251
362
721
-50
-315
-13
56
-6
208
715
388
-302
-2
425
-74
-127
321
426
14
-401
67
104
-133
176
210
-109
-261
-63
-280
-284
-74
-530
-472
-55
-128
-457
-433
-225
-694
-717
-29
-58
41
185
-161
22
-51
-489
93
648
397
22
238
416
-410
-215
612
472
-111
-25
391
-40
-203
-54
42
76
-80
20
80
-24
-25
104
59
293
507
-83
-16
419
33
-12
370
203
-149
127
194
-162
302
530
72
156
219
-313
-519
-15
80
-435
-422
32
-215
-731
-527
-298
-100
0
-207
26
71
-305
-361
107
497
-49
-290
298
72
-371
-208
-255
278
713
-144
-290
105
-294
-326
355
451
32
279
285
-280
-152
50
157
425
424
220
-19
154
338
435
281
-211
249
696
242
196
331
12
-462
-303
267
-29
-443
-447
-419
-305
-496
-698
-830
-626
0
-216
-650
-234
-104
-681
-719
-80
161
-230
-381
137
280
-163
-322
-48
413
657
398
117
165
96
124
242
211
477
497
334
367
249
402
580
659
1027
1006
624
689
627
281
362
675
684
437
903
1082
165
-43
141
-29
-178
-51
259
-74
-443
-740
-1302
-1374
-937
-567
-956
-1267
-996
-1339
-1706
-1452
-1147
-1085
-1258
-948
-936
-1457
-1095
-707
-733
-692
-322
258
-61
-254
138
460
791
754
866
893
961
1316
1096
1086
1330
1368
1257
955
1078
984
868
1428
1536
1209
639
73
530
1326
1230
346
118
598
445
58
-247
-476
-331
98
597
120
-1013
-1342
-805
-203
-281
-536
-378
-230
-285
-733
-1290
-1290
-1030
-830
-717
-932
-1348
-1684
-1587
-1277
-1413
-1484
-1206
-821
-498
-548
-681
-648
-378
-37
116
416
625
532
441
491
782
833
777
1025
1178
1094
797
720
942
1094
1165
960
872
924
735
662
786
960
717
337
508
669
682
576
267
162
274
450
399
233
141
-109
-223
-216
-303
-360
-352
-340
-552
-868
-958
-812
-701
-809
-870
-876
-928
-901
-905
-927
-899
-797
-629
-584
-671
-693
-577
-435
-360
-323
-348
-299
-81
5
-68
-92
-27
104
195
206
174
209
375
446
412
389
406
465
481
531
587
584
585
592
611
580
552
601
618
591
580
602
571
457
413
372
301
309
362
333
170
52
-1
-82
-118
-116
-150
-266
-325
-309
-406
-534
-534
-519
-545
-526
-466
-477
-554
-591
-590
-540
-523
-560
-508
-420
-401
-443
-489
-484
-411
-272
-175
-171
-179
-159
-63
64
97
81
100
204
306
318
340
375
392
429
486
505
491
566
638
569
518
548
554
515
495
499
442
382
360
329
271
215
214
196
108
6
-34
-23
-60
-137
-230
-316
-324
-309
-363
-455
-501
-498
-521
-561
-610
-645
-582
-469
-458
-578
-674
-601
-452
-367
-360
-374
-345
-296
-224
-141
-132
-159
-81
95
173
116
92
134
204
314
382
381
411
512
546
459
403
505
638
646
581
583
618
590
531
465
407
438
509
492
407
305
161
62
125
189
90
-32
-78
-98
-151
-271
-379
-376
-352
-419
-493
-495
-506
-579
-647
-679
-675
-645
-617
-607
-591
-556
-529
-537
-528
-459
-368
-294
-223
-148
-133
-143
-59
104
192
170
147
227
362
419
359
312
418
600
639
450
303
450
703
729
520
356
408
595
700
540
241
199
457
556
304
63
140
329
269
-12
-184
-92
33
-36
-212
-314
-315
-325
-402
-497
-536
-491
-473
-552
-663
-691
-625
-554
-556
-622
-625
-519
-408
-410
-471
-454
-342
-188
-75
-65
-137
-137
47
231
232
160
206
348
459
480
398
343
440
583
636
599
579
547
494
481
519
603
679
640
470
357
403
438
376
345
374
345
211
65
-7
-16
-12
-66
-195
-272
-279
-372
-553
-620
-514
-437
-544
-735
-820
-722
-572
-565
-693
-761
-645
-477
-459
-567
-592
-441
-256
-206
-280
-331
-264
-127
7
64
12
-60
-28
139
298
288
164
155
341
506
458
352
406
560
625
598
597
648
665
650
648
690
720
662
585
577
608
548
430
378
387
346
214
100
50
-1
-95
-186
-249
-295
-358
-467
-564
-590
-599
-670
-750
-740
-666
-649
-734
-801
-749
-638
-588
-617
-604
-474
-353
-381
-468
-423
-246
-107
-107
-145
-95
14
58
31
45
174
297
302
260
314
439
479
439
457
567
642
624
604
677
759
716
616
630
742
764
630
545
585
602
510
381
310
298
248
78
-127
-187
-109
-133
-364
-609
-683
-632
-622
-725
-865
-889
-755
-648
-750
-949
-939
-671
-434
-452
-589
-574
-402
-246
-222
-275
-284
-192
-41
73
71
-22
-109
-93
86
340
427
256
61
106
324
459
446
420
432
476
515
510
480
491
626
790
776
611
563
724
859
752
512
444
645
822
660
245
-64
-85
18
27
-92
-266
-464
-680
-834
-865
-831
-810
-839
-888
-919
-907
-883
-896
-898
-775
-521
-329
-355
-471
-429
-228
-89
-108
-129
-13
136
156
77
35
57
46
-1
52
244
420
372
143
6
116
365
504
447
410
526
651
584
443
522
747
803
713
752
900
858
622
515
614
710
669
586
500
269
-10
-98
9
49
-126
-370
-550
-681
-801
-863
-864
-918
-1028
-1085
-1048
-1051
-1176
-1243
-1069
-787
-681
-781
-832
-675
-443
-315
-268
-192
-86
23
135
212
178
116
214
441
503
276
26
66
350
560
518
297
132
248
587
753
527
278
500
1029
1189
763
364
568
1135
1390
1107
695
652
966
1169
995
611
322
227
219
162
-3
-217
-394
-526
-699
-943
-1162
-1278
-1312
-1310
-1312
-1374
-1478
-1534
-1475
-1333
-1170
-1009
-893
-824
-713
-515
-337
-264
-199
2
276
412
361
290
391
603
694
584
486
580
707
563
184
-49
139
579
825
644
240
33
206
527
677
658
698
815
827
694
621
750
1013
1264
1336
1142
860
775
815
615
152
-133
8
258
149
-354
-934
-1275
-1320
-1264
-1315
-1495
-1647
-1693
-1734
-1844
-1955
-1915
-1643
-1245
-980
-972
-1039
-915
-596
-262
-6
188
349
508
667
753
756
784
898
1009
1052
1044
914
592
251
148
364
714
891
686
236
37
273
561
583
598
845
991
767
500
564
883
1226
1457
1481
1262
1044
1052
1010
515
-188
-389
53
432
108
-732
-1453
-1717
-1655
-1568
-1667
-1940
-2176
-2223
-2192
-2277
-2438
-2377
-1936
-1354
-1037
-1096
-1219
-1061
-557
71
539
731
781
922
1196
1392
1381
1341
1478
1673
1646
1404
1145
868
499
237
322
539
517
284
129
79
-26
-74
179
637
909
813
589
566
786
1103
1446
1746
1801
1633
1534
1428
830
-191
-679
-71
792
636
-629
-1953
-2455
-2254
-2012
-2095
-2328
-2428
-2468
-2695
-3082
-3272
-3002
-2325
-1562
-1110
-1133
-1371
-1332
-757
139
910
1291
1381
1468
1660
1825
1895
2001
2231
2446
2422
2074
1546
1091
849
755
667
513
348
194
-32
-342
-521
-325
162
575
692
605
477
419
570
973
1444
1758
1891
1967
1809
956
-379
-1006
-139
1204
1240
-353
-2169
-2930
-2725
-2375
-2374
-2615
-2794
-2939
-3293
-3826
-4085
-3699
-2735
-1665
-1080
-1238
-1717
-1715
-876
418
1490
1941
1928
1922
2157
2454
2641
2863
3212
3426
3188
2540
1844
1400
1237
1157
967
645
227
-221
-564
-692
-692
-649
-422
37
397
338
79
86
556
1254
1807
2062
2196
2268
1793
476
-742
-510
883
1565
505
-1423
-2873
-3329
-3011
-2490
-2416
-2940
-3610
-4077
-4383
-4501
-4224
-3509
-2582
-1854
-1740
-2142
-2239
-1371
165
1529
2202
2205
1992
2128
2729
3390
3793
3962
3886
3474
2870
2377
2136
2103
2050
1675
918
98
-416
-542
-407
-241
-269
-427
-396
-128
82
163
392
892
1419
1755
2015
2317
2200
1061
-494
-746
753
1938
927
-1410
-2995
-3280
-3020
-2735
-2673
-3125
-3978
-4665
-4886
-4783
-4513
-4044
-3289
-2433
-2072
-2498
-2857
-1971
16
1717
2234
1925
1699
2125
3097
3991
4354
4341
4211
3950
3526
3100
2799
2666
2637
2324
1370
139
-601
-643
-394
-279
-451
-771
-864
-591
-285
-195
-19
562
1289
1703
1867
2111
2023
868
-585
-381
1528
2457
760
-1856
-3146
-3117
-2778
-2448
-2417
-3241
-4634
-5479
-5266
-4577
-4106
-3864
-3436
-2835
-2673
-3052
-2882
-1317
785
1932
1827
1333
1324
2184
3644
4850
5127
4607
3886
3477
3545
3811
3839
3533
3008
2186
1075
119
-251
-102
163
97
-486
-1158
-1216
-639
-103
65
207
548
885
1253
1947
2462
1565
-470
-1222
519
2352
1552
-1079
-2992
-3432
-3102
-2543
-2339
-3117
-4474
-5347
-5303
-4709
-4233
-4175
-3965
-3116
-2495
-2903
-3186
-1928
154
1483
1730
1406
1146
1812
3456
4804
4968
4472
3945
3594
3741
4191
4056
3286
2695
2225
1331
507
329
266
-88
-453
-961
-1623
-1484
-316
430
-14
-599
-430
232
1118
2228
3064
2601
574
-1300
-751
1707
2881
1340
-1221
-3085
-3717
-2882
-1601
-1816
-3419
-4664
-5284
-5629
-4969
-3696
-3442
-3761
-3256
-2915
-3498
-3023
-729
1098
1384
1232
969
899
2363
4718
5414
4404
3736
3668
3554
3986
4766
4370
3007
2187
1725
914
546
840
518
-537
-1146
-1317
-1493
-988
166
424
-449
-802
-126
633
1476
2841
3346
1373
-1381
-1471
1125
2862
1937
-191
-2377
-4187
-3907
-1447
-505
-2933
-5406
-5589
-5230
-5041
-3909
-3066
-3946
-4550
-3600
-3052
-3122
-1676
507
945
379
626
1255
2114
3998
5526
4821
3368
3355
4109
4513
4874
4788
3465
2011
1729
1819
1367
940
700
-81
-1151
-1585
-1433
-1114
-484
188
-25
-1046
-1355
-186
1342
2167
2641
2605
760
-1646
-907
2632
3875
1333
-1197
-2269
-3264
-2900
-456
-67
-3501
-6025
-5280
-4507
-4581
-3598
-3037
-4545
-5294
-3800
-2803
-2758
-1382
267
-86
-720
374
1815
2650
3788
4544
3758
3015
3821
4766
4648
4317
4073
3261
2384
2210
2061
1430
957
729
0
-1011
-1324
-896
-362
-69
-196
-781
-1166
-504
865
1705
1738
1853
1777
237
-1324
100
2995
2708
-422
-2180
-2368
-2829
-2060
-144
-1352
-5393
-6497
-4223
-3280
-3896
-3676
-4009
-5443
-4816
-2372
-1798
-2460
-1449
-181
-549
-397
1424
2700
2909
3484
3840
3232
3369
4843
5465
4489
3594
3389
3154
2990
2976
2265
958
318
465
278
-454
-1025
-1247
-1165
-573
18
-364
-1190
-863
565
1486
1586
1939
1999
303
-1366
172
3166
2813
-423
-2147
-2141
-2474
-1830
-97
-1275
-5242
-6415
-4156
-3138
-3807
-3792
-4265
-5723
-5087
-2572
-1913
-2634
-1801
-660
-993
-685
1283
2557
2572
2904
3248
2946
3428
4952
5347
4135
3250
3390
3584
3525
3297
2441
1203
662
895
854
148
-593
-891
-687
-153
159
-272
-907
-526
733
1407
1307
1716
2080
486
-1410
-17
2972
2579
-582
-2118
-2119
-2500
-1691
27
-1514
-5568
-6363
-3856
-2896
-3708
-4002
-4729
-5895
-4732
-2188
-1924
-2975
-2373
-1241
-1189
-484
1402
2285
2017
2306
2934
3064
3706
5008
5096
3782
3079
3606
4028
3757
3142
2135
1096
943
1398
1137
24
-753
-815
-611
-184
294
34
-895
-914
419
1403
1358
1628
2080
640
-1467
-351
2945
3168
-115
-2297
-2255
-2076
-1246
158
-1245
-5255
-6485
-3893
-2238
-3009
-4017
-5023
-5923
-4605
-1895
-1478
-2952
-2992
-1760
-1154
-354
1313
2010
1406
1457
2478
3204
3725
4499
4478
3375
2857
3666
4379
3927
2955
2066
1361
1319
1800
1550
215
-818
-780
-314
175
483
-9
-1023
-1009
370
1471
1447
1339
1580
743
-970
-541
2300
3118
135
-2415
-2147
-1606
-1417
-373
-931
-4575
-6465
-3893
-1825
-3176
-4641
-4810
-5239
-4687
-2277
-1442
-3223
-3737
-1893
-710
-547
535
1614
1291
1181
2384
3393
3552
3941
4240
3549
3017
3766
4561
3980
2809
2157
1888
1866
2063
1778
492
-656
-452
295
441
134
-154
-577
-748
154
1236
1183
700
1233
1728
278
-1182
324
2812
1965
-1202
-2339
-1662
-1494
-1139
-612
-2509
-5616
-5250
-2465
-2193
-4161
-5063
-4951
-4740
-3367
-1903
-2667
-3940
-2915
-905
-322
-235
525
962
995
1782
3030
3420
3299
3601
3695
3250
3314
4163
4324
3219
2260
2061
2084
2161
2136
1292
-185
-569
331
848
450
-26
-217
-434
-109
983
1504
956
716
1503
1368
-386
-703
1539
2557
130
-2173
-1885
-1413
-1573
-1004
-1355
-4227
-5887
-3731
-1970
-3401
-4997
-4955
-4704
-4046
-2434
-2245
-3797
-3745
-1569
-269
-430
-158
495
775
1467
2627
3064
2819
3074
3604
3520
3338
3690
4001
3525
2720
2317
2251
2313
2341
1841
669
-214
110
856
907
388
-35
-216
-120
486
1251
1289
760
885
1744
1318
-512
-547
1868
2423
-415
-2406
-1680
-1246
-1566
-1100
-1770
-4649
-5547
-3079
-1956
-3834
-5062
-4715
-4489
-3725
-2228
-2455
-3922
-3325
-1135
-377
-665
-179
486
746
1572
2621
2694
2444
2933
3401
3212
3200
3664
3703
3055
2459
2315
2367
2375
2148
1471
513
11
425
1005
789
-4
-387
-80
448
882
1078
788
404
926
2152
1925
-260
-1174
927
2433
486
-1962
-2051
-1539
-1570
-1156
-1518
-3943
-5339
-3599
-2089
-3210
-4569
-4548
-4199
-3622
-2578
-2455
-3294
-3048
-1534
-644
-668
-428
275
912
1443
1933
2321
2688
3065
3192
3046
3023
3389
3736
3435
2617
2128
2266
2499
2297
1624
807
411
659
908
594
168
192
435
508
498
562
681
874
1219
1654
1532
218
-977
102
2196
1574
-1457
-2778
-1686
-1006
-1307
-1718
-3070
-4949
-4612
-2494
-2260
-4224
-5246
-4480
-3546
-2914
-2469
-2790
-3322
-2531
-843
-144
-473
-355
436
1119
1624
2212
2574
2589
2661
2968
3266
3465
3552
3331
2745
2291
2381
2697
2500
1724
993
783
957
1111
906
460
222
479
831
811
530
602
1039
1277
1333
1549
932
-744
-897
1455
2283
-534
-2906
-2116
-1093
-1408
-1558
-2182
-4288
-5091
-3162
-1917
-3359
-4922
-4770
-3882
-3074
-2427
-2531
-3173
-3010
-1687
-504
-273
-383
-57
624
1315
1852
2206
2382
2479
2611
2904
3266
3379
3126
2766
2511
2477
2671
2696
2112
1330
1022
1186
1378
1248
699
198
352
887
976
584
384
701
1113
1235
1369
1470
457
-1112
-525
1892
1885
-1194
-2908
-1837
-1048
-1388
-1601
-2548
-4459
-4614
-2602
-1883
-3556
-4842
-4420
-3561
-2836
-2189
-2385
-3236
-3028
-1446
-302
-432
-695
-243
548
1276
1904
2258
2240
2165
2383
2874
3291
3314
2980
2568
2315
2396
2679
2606
1919
1293
1282
1487
1373
1013
651
468
655
1008
992
588
364
632
1034
1218
1374
1372
285
-1139
-419
1875
1710
-1281
-2824
-1722
-942
-1258
-1576
-2672
-4508
-4450
-2459
-1951
-3691
-4869
-4333
-3416
-2794
-2406
-2674
-3199
-2704
-1284
-447
-582
-663
-124
654
1329
1823
2072
2121
2190
2450
2866
3184
3209
2978
2638
2383
2458
2751
2677
2027
1443
1372
1490
1424
1143
737
515
758
1063
868
447
393
699
952
987
1057
1197
569
-824
-854
1133
1798
-666
-2744
-1909
-814
-1328
-1829
-2179
-3671
-4504
-2965
-1807
-3300
-4863
-4303
-3231
-2934
-2628
-2494
-3055
-3029
-1606
-413
-516
-757
-274
390
946
1568
1983
1952
1885
2159
2643
3015
3058
2790
2480
2413
2625
2882
2756
2111
1491
1511
1867
1815
1275
817
738
941
1177
1143
729
349
502
1003
1149
969
1069
1020
-135
-1121
60
1761
664
-2066
-2690
-1467
-1122
-1565
-1896
-3050
-4478
-3815
-2043
-2389
-4249
-4625
-3609
-3021
-2771
-2468
-2803
-3214
-2285
-751
-386
-845
-696
40
718
1349
1832
1826
1683
2008
2595
2926
2954
2808
2567
2448
2617
2874
2810
2325
1768
1610
1794
1813
1469
1045
785
806
1044
1093
695
321
469
855
920
728
793
1121
763
-531
-954
542
1530
-148
-2288
-2213
-1226
-1245
-1664
-2207
-3538
-4311
-3041
-1763
-2752
-4377
-4372
-3404
-2716
-2261
-2265
-2945
-3060
-1773
-467
-398
-793
-608
22
768
1492
1760
1472
1406
1997
2661
2855
2751
2555
2383
2444
2773
2911
2599
2128
1899
1923
1943
1733
1384
1066
888
926
1137
1133
738
358
391
689
904
807
637
805
796
-250
-1055
123
1473
169
-2148
-2286
-1187
-1208
-1719
-2009
-3029
-4062
-3273
-2000
-2671
-4190
-4163
-3146
-2716
-2682
-2556
-2721
-2798
-1964
-853
-657
-935
-656
20
552
1035
1426
1456
1439
1884
2496
2734
2674
2602
2525
2504
2717
2970
2829
2326
1932
1904
2041
1977
1601
1145
925
985
1132
1069
706
396
490
690
668
519
472
605
832
356
-854
-949
652
1027
-1124
-2605
-1626
-891
-1619
-2051
-2228
-3334
-3732
-2373
-1778
-3235
-4155
-3330
-2503
-2455
-2367
-2461
-2826
-2373
-1067
-472
-864
-1043
-545
134
826
1322
1338
1150
1406
2009
2451
2557
2517
2447
2456
2587
2739
2677
2423
2164
2111
2140
2003
1640
1330
1154
1011
933
1022
927
506
180
336
591
587
346
191
367
693
192
-919
-849
541
658
-1112
-2201
-1596
-1197
-1461
-1571
-2084
-3292
-3385
-2119
-1777
-2963
-3602
-3112
-2641
-2425
-2058
-2133
-2611
-2362
-1300
-732
-823
-751
-382
-53
470
1099
1327
1237
1432
1877
2269
2553
2660
2440
2271
2499
2866
2888
2567
2122
1853
1926
2110
1913
1368
936
827
844
901
862
566
192
156
366
497
393
165
151
540
468
-589
-1057
162
914
-540
-2015
-1542
-850
-1275
-1622
-1752
-2673
-3301
-2387
-1655
-2598
-3577
-3219
-2609
-2541
-2428
-2291
-2549
-2526
-1704
-985
-1017
-1101
-714
-233
230
857
1256
1151
1158
1711
2341
2610
2621
2528
2449
2597
2936
3032
2692
2241
2066
2169
2237
1960
1427
1028
955
950
857
743
550
230
74
200
315
229
113
114
346
502
-149
-1098
-613
844
617
-1298
-1996
-1131
-888
-1347
-1449
-1944
-2994
-2862
-1761
-1961
-3261
-3485
-2704
-2391
-2489
-2397
-2518
-2684
-2059
-1094
-927
-1198
-952
-357
65
530
1050
1198
1142
1476
2037
2302
2372
2553
2640
2495
2501
2763
2797
2450
2153
2085
2013
1832
1582
1224
889
793
806
658
402
205
148
242
355
295
130
32
165
590
742
-116
-1051
-414
908
477
-1244
-1775
-1056
-829
-1143
-1420
-2128
-2941
-2566
-1662
-2026
-3175
-3375
-2796
-2488
-2399
-2309
-2516
-2629
-2009
-1165
-948
-1053
-842
-379
115
664
1077
1125
1117
1465
2024
2356
2383
2346
2381
2442
2535
2661
2608
2279
2009
1993
1938
1690
1468
1223
820
588
713
708
384
154
119
76
172
388
332
6
-40
391
830
471
-554
-754
417
977
-291
-1498
-1197
-767
-998
-1083
-1376
-2515
-2964
-1929
-1474
-2579
-3318
-2871
-2504
-2505
-2271
-2297
-2725
-2443
-1398
-933
-1192
-1122
-608
-189
280
865
1123
1049
1218
1716
2120
2251
2261
2263
2279
2351
2473
2487
2252
1927
1806
1840
1752
1494
1187
875
681
705
691
453
238
202
165
171
331
381
167
78
381
788
725
-17
-605
-5
1007
611
-890
-1443
-840
-583
-924
-1286
-1919
-2646
-2420
-1663
-1961
-3001
-3198
-2629
-2386
-2404
-2295
-2366
-2461
-1954
-1236
-1065
-1079
-715
-300
-63
363
906
1118
1142
1382
1751
2011
2185
2259
2228
2212
2295
2373
2310
2074
1796
1658
1637
1531
1271
919
601
516
599
506
245
160
216
148
139
313
377
238
244
514
800
672
-31
-478
273
1119
359
-1078
-1203
-572
-619
-974
-1230
-1991
-2642
-2119
-1489
-2131
-3026
-2934
-2491
-2382
-2266
-2170
-2374
-2395
-1812
-1173
-988
-974
-771
-401
47
521
881
1004
1074
1341
1772
2072
2119
2063
2058
2140
2322
2421
2213
1852
1671
1660
1647
1543
1239
794
580
664
643
378
194
186
164
165
301
336
182
159
363
543
696
751
243
-457
-65
996
731
-755
-1311
-705
-553
-954
-1207
-1764
-2573
-2425
-1651
-1875
-2861
-3114
-2707
-2491
-2338
-2129
-2315
-2550
-2057
-1252
-1011
-1052
-760
-373
-138
313
937
1133
998
1235
1796
2119
2185
2191
2075
2008
2273
2537
2330
1891
1678
1659
1647
1595
1371
932
612
669
826
679
310
138
229
305
324
378
334
190
214
392
551
753
677
-86
-539
343
1124
164
-1145
-1020
-532
-844
-1114
-1195
-2012
-2785
-2233
-1567
-2259
-3190
-3043
-2554
-2478
-2386
-2254
-2477
-2501
-1763
-1049
-1065
-1167
-749
-260
-2
417
958
1088
951
1216
1795
2116
2133
2086
1967
1937
2255
2539
2243
1673
1465
1600
1693
1565
1214
783
603
765
869
621
272
249
513
662
587
468
354
294
470
787
887
744
396
-145
-280
426
884
-15
-1174
-1139
-638
-785
-1192
-1514
-2146
-2573
-2059
-1622
-2329
-3160
-2969
-2401
-2252
-2251
-2274
-2449
-2293
-1566
-1019
-1082
-1116
-719
-259
89
442
736
858
973
1251
1614
1891
1988
1898
1784
1868
2138
2276
2057
1688
1502
1553
1654
1577
1220
800
707
889
902
613
318
258
401
552
512
330
248
363
539
600
533
563
670
362
-185
41
808
530
-757
-1200
-588
-474
-1042
-1373
-1682
-2262
-2272
-1712
-1853
-2700
-2939
-2468
-2230
-2286
-2220
-2202
-2267
-1921
-1300
-1077
-1169
-940
-459
-165
76
504
821
837
931
1346
1707
1779
1756
1747
1749
1913
2196
2187
1743
1351
1452
1784
1762
1329
927
813
834
838
770
528
258
308
577
555
252
226
522
679
591
559
697
852
659
66
-132
519
867
-40
-1046
-952
-608
-866
-1186
-1424
-2032
-2376
-1885
-1659
-2416
-2959
-2602
-2256
-2315
-2286
-2250
-2407
-2198
-1512
-1156
-1252
-1106
-611
-249
-16
332
674
829
977
1237
1479
1630
1764
1850
1826
1815
1952
2091
1978
1651
1491
1666
1834
1576
1070
815
919
1027
929
633
257
91
363
669
489
83
77
392
593
573
448
404
612
696
202
-207
238
634
-78
-974
-926
-662
-956
-1280
-1460
-1948
-2296
-1984
-1801
-2331
-2769
-2589
-2353
-2300
-2176
-2135
-2279
-2083
-1456
-1077
-1120
-1015
-590
-162
161
435
607
735
1008
1395
1638
1684
1703
1801
1911
1952
1990
2065
1978
1669
1484
1626
1713
1424
1041
914
924
894
821
641
350
268
524
679
432
172
256
484
595
546
383
349
638
742
192
-255
181
610
5
-837
-909
-753
-955
-1165
-1417
-2063
-2510
-2168
-1825
-2248
-2842
-2905
-2641
-2388
-2197
-2201
-2349
-2237
-1736
-1242
-1041
-984
-799
-396
78
430
649
862
1072
1267
1530
1814
1939
1946
2014
2071
2030
2059
2129
1972
1681
1610
1690
1571
1259
1032
949
893
819
725
543
326
310
504
565
376
270
402
514
500
479
455
506
651
465
-105
-200
330
295
-588
-1088
-899
-955
-1305
-1441
-1753
-2383
-2433
-1944
-2062
-2733
-2870
-2523
-2406
-2382
-2199
-2174
-2206
-1832
-1330
-1165
-1061
-722
-377
-94
285
602
747
972
1315
1503
1558
1718
1946
2042
1939
1813
1890
2079
2041
1727
1499
1526
1567
1452
1227
988
841
835
858
746
507
342
393
546
535
364
335
481
540
459
369
377
567
719
332
-336
-285
359
290
-666
-1262
-1108
-986
-1159
-1425
-1935
-2501
-2420
-1900
-1948
-2580
-2857
-2577
-2268
-2124
-2039
-2089
-2133
-1776
-1194
-974
-1051
-890
-443
-55
236
497
646
793
1113
1422
1540
1652
1835
1901
1838
1864
2003
2079
1940
1686
1579
1682
1713
1497
1232
1081
1017
1011
1007
858
604
499
593
671
594
445
385
484
625
567
324
261
538
656
156
-407
-213
299
41
-851
-1306
-1150
-1067
-1224
-1496
-2030
-2565
-2459
-1960
-1999
-2590
-2885
-2630
-2275
-2073
-2030
-2137
-2114
-1687
-1151
-956
-956
-773
-408
-42
302
561
682
842
1153
1425
1557
1696
1841
1859
1824
1907
2050
2047
1852
1643
1585
1644
1641
1490
1248
1012
908
976
1007
806
527
444
511
549
516
433
362
377
446
438
346
340
452
453
124
-297
-257
143
51
-763
-1343
-1122
-827
-1088
-1591
-1968
-2198
-2120
-1819
-1914
-2485
-2747
-2416
-2082
-2045
-2087
-2113
-2049
-1669
-1168
-1011
-1052
-795
-312
16
218
477
740
958
1182
1388
1564
1746
1885
1908
1880
1919
2028
2061
1904
1669
1593
1663
1600
1356
1129
985
885
907
942
705
335
301
559
616
370
164
214
394
492
365
111
65
343
537
192
-398
-468
-35
12
-602
-1140
-1206
-1181
-1236
-1329
-1725
-2280
-2278
-1808
-1832
-2370
-2517
-2208
-2053
-2025
-1850
-1802
-1878
-1587
-1039
-860
-922
-686
-248
28
234
516
735
895
1135
1378
1507
1629
1793
1852
1815
1859
1985
2017
1894
1705
1587
1607
1656
1530
1204
916
844
919
898
637
301
179
314
448
340
73
-44
151
384
314
54
-42
94
262
247
-72
-476
-463
-90
-124
-753
-1221
-1144
-995
-1079
-1333
-1764
-2114
-1941
-1580
-1779
-2284
-2315
-1987
-1861
-1849
-1730
-1700
-1686
-1332
-871
-788
-826
-504
-52
151
280
565
854
1027
1217
1414
1541
1675
1843
1921
1861
1821
1892
1945
1842
1650
1536
1500
1411
1243
1036
869
807
760
571
312
236
310
289
161
55
10
79
240
238
37
-35
116
199
151
34
-244
-470
-282
-58
-443
-1031
-1089
-931
-1062
-1252
-1401
-1783
-2049
-1756
-1537
-1948
-2317
-2120
-1886
-1870
-1742
-1613
-1687
-1559
-1065
-744
-738
-564
-174
93
284
569
818
966
1175
1416
1534
1593
1729
1863
1873
1813
1806
1858
1826
1670
1539
1500
1407
1215
1067
959
800
666
603
452
221
139
206
208
82
-38
-40
94
245
210
22
-40
131
348
358
54
-352
-408
-74
20
-488
-1058
-1173
-1033
-996
-1176
-1597
-2043
-2014
-1599
-1538
-1999
-2307
-2148
-1871
-1697
-1606
-1664
-1719
-1428
-938
-721
-731
-553
-199
139
447
681
768
873
1159
1446
1544
1585
1677
1738
1744
1760
1765
1699
1604
1535
1486
1432
1309
1115
935
834
791
737
633
458
299
291
344
290
167
117
144
204
280
248
68
-17
128
254
176
7
-184
-339
-286
-172
-402
-862
-1039
-979
-1068
-1248
-1413
-1724
-1996
-1857
-1645
-1865
-2156
-2046
-1860
-1846
-1712
-1481
-1457
-1404
-1022
-671
-597
-459
-130
96
252
568
859
912
967
1228
1483
1551
1560
1631
1686
1689
1724
1767
1647
1409
1374
1516
1432
1084
890
921
862
703
623
476
220
187
365
330
63
-57
1
61
153
221
78
-120
-59
147
216
123
-105
-386
-410
-136
-93
-569
-1045
-1094
-974
-1000
-1166
-1416
-1738
-1890
-1703
-1505
-1644
-1928
-1933
-1693
-1515
-1444
-1347
-1236
-1157
-965
-603
-320
-250
-168
96
396
623
809
930
996
1164
1424
1526
1453
1467
1582
1627
1623
1624
1485
1262
1270
1421
1300
944
772
814
788
663
525
323
151
212
361
272
14
-90
10
138
208
172
-5
-118
11
206
181
-19
-205
-309
-293
-171
-200
-565
-943
-971
-836
-889
-1124
-1378
-1589
-1647
-1510
-1435
-1632
-1865
-1837
-1623
-1452
-1396
-1398
-1337
-1133
-867
-656
-472
-292
-137
42
304
567
768
908
978
1069
1305
1535
1539
1448
1503
1622
1672
1663
1529
1299
1293
1482
1392
993
783
845
826
690
561
354
155
217
348
193
-51
-62
15
7
25
49
-65
-159
-50
60
-13
-106
-132
-214
-318
-308
-294
-461
-696
-841
-916
-957
-1018
-1212
-1492
-1622
-1536
-1466
-1584
-1750
-1772
-1647
-1489
-1383
-1331
-1288
-1139
-862
-617
-482
-356
-143
87
282
510
727
834
921
1125
1339
1407
1412
1500
1603
1633
1645
1610
1484
1416
1509
1514
1225
935
914
968
853
637
417
206
141
244
218
-61
-262
-165
-34
-72
-122
-102
-114
-112
8
89
1
-63
-2
-40
-218
-257
-197
-349
-638
-751
-779
-925
-1046
-1096
-1290
-1548
-1529
-1374
-1457
-1642
-1642
-1558
-1510
-1364
-1190
-1186
-1158
-912
-632
-494
-329
-86
91
263
528
752
864
1005
1211
1356
1428
1482
1508
1532
1597
1633
1530
1338
1222
1245
1274
1120
804
586
572
585
490
310
96
-76
-56
70
24
-177
-255
-176
-125
-100
-32
-39
-137
-107
62
113
29
-1
-23
-147
-200
-77
-64
-341
-626
-692
-680
-727
-821
-1023
-1300
-1386
-1221
-1169
-1386
-1576
-1537
-1372
-1216
-1126
-1149
-1164
-985
-690
-477
-340
-201
-58
127
395
631
754
837
975
1144
1305
1404
1391
1338
1364
1439
1453
1355
1190
1096
1109
1048
809
598
560
521
388
271
152
-21
-84
-8
-43
-199
-212
-86
-72
-130
-101
-39
-19
33
123
128
91
105
136
74
-61
-126
-109
-149
-324
-524
-642
-730
-830
-909
-1032
-1219
-1306
-1232
-1215
-1358
-1435
-1345
-1246
-1171
-1046
-972
-968
-838
-564
-377
-289
-133
52
176
357
594
712
757
915
1111
1175
1194
1251
1271
1262
1313
1330
1196
1055
1065
1065
902
705
620
576
496
420
322
150
13
27
91
27
-100
-114
-46
-42
-60
-20
5
-32
-16
90
126
60
22
20
-75
-191
-173
-140
-300
-550
-681
-739
-801
-847
-936
-1183
-1396
-1334
-1171
-1211
-1397
-1465
-1371
-1194
-989
-890
-954
-960
-693
-297
-69
-29
24
187
426
672
857
933
953
1016
1145
1268
1320
1301
1246
1163
1103
1135
1202
1130
886
667
614
653
647
539
334
137
110
219
243
95
-42
-48
23
86
89
22
-38
-1
85
90
17
-31
-42
-58
-104
-200
-315
-376
-396
-489
-664
-806
-868
-916
-990
-1090
-1203
-1273
-1248
-1199
-1227
-1277
-1243
-1129
-1006
-914
-838
-750
-604
-412
-246
-134
-21
144
341
504
604
693
821
954
1046
1099
1130
1141
1158
1195
1188
1113
1056
1042
1002
909
835
786
714
641
589
523
434
391
379
337
272
232
218
202
198
189
127
45
12
22
2
-97
-255
-400
-454
-446
-507
-701
-926
-1029
-1016
-1003
-1090
-1273
-1432
-1439
-1334
-1282
-1343
-1420
-1401
-1264
-1070
-916
-853
-790
-631
-404
-193
-13
134
242
368
549
732
869
971
1039
1086
1165
1270
1325
1297
1255
1221
1182
1134
1055
942
838
747
620
477
389
331
254
160
59
-45
-85
-41
-34
-114
-169
-134
-64
13
58
28
3
90
220
231
141
87
76
66
42
-59
-235
-367
-396
-457
-619
-775
-878
-954
-996
-1030
-1136
-1253
-1239
-1161
-1156
-1175
-1128
-1059
-971
-814
-669
-614
-518
-314
-137
-38
86
219
309
430
584
658
676
758
865
906
922
954
957
949
978
985
938
911
923
895
842
828
818
782
751
726
665
616
611
584
509
443
397
323
245
190
109
-18
-124
-208
-326
-449
-544
-662
-818
-926
-990
-1083
-1194
-1268
-1313
-1362
-1383
-1363
-1348
-1333
-1262
-1167
-1084
-983
-844
-694
-555
-409
-247
-78
78
219
342
461
582
696
782
813
813
832
859
852
811
755
696
640
602
566
506
436
411
399
371
341
337
343
341
356
384
415
445
485
516
524
540
576
598
583
554
517
469
407
334
243
126
11
-97
-216
-354
-492
-616
-736
-855
-962
-1051
-1137
-1206
-1254
-1287
-1311
-1304
-1261
-1213
-1164
-1095
-997
-888
-771
-656
-543
-434
-319
-187
-68
27
113
204
297
388
463
523
566
605
655
700
726
730
736
748
762
773
786
784
777
784
804
811
805
796
786
771
759
745
716
671
625
587
548
493
426
349
260
169
82
-21
-144
-277
-409
-533
-654
-767
-879
-996
-1101
-1169
-1210
-1244
-1275
-1288
-1280
-1254
-1202
-1132
-1066
-1002
-908
-782
-663
-551
-432
-305
-180
-54
74
178
263
347
434
511
565
611
645
665
685
707
716
715
712
709
709
711
716
712
708
705
706
712
711
702
693
685
678
662
639
607
566
516
461
388
302
201
94
-20
-144
-278
-412
-541
-666
-786
-897
-993
-1081
-1154
-1214
-1252
-1277
-1287
-1283
-1255
-1213
-1158
-1077
-984
-881
-767
-637
-503
-369
-234
-99
30
151
262
361
446
521
584
640
688
721
743
753
761
764
750
733
713
699
689
674
658
645
643
656
667
680
686
688
692
693
677
642
603
561
510
437
344
244
144
40
-76
-202
-331
-454
-569
-685
-811
-927
-1020
-1088
-1150
-1203
-1239
-1251
-1232
-1189
-1141
-1084
-1006
-910
-805
-709
-618
-516
-409
-296
-188
-100
-13
82
174
254
316
373
429
480
515
526
525
526
540
555
562
566
572
586
607
624
639
656
683
710
722
727
726
723
722
719
706
681
649
607
554
484
409
325
232
131
12
-107
-232
-355
-472
-579
-682
-779
-865
-936
-1004
-1052
-1085
-1108
-1119
-1109
-1082
-1048
-1005
-949
-869
-782
-687
-596
-500
-395
-284
-180
-84
1
85
170
248
315
363
404
442
481
523
550
563
568
584
605
631
642
644
649
663
681
690
692
685
677
672
669
652
630
593
554
512
469
414
347
269
187
104
20
-67
-160
-252
-342
-423
-502
-574
-648
-712
-763
-806
-838
-866
-879
-883
-877
-864
-837
-805
-764
-718
-666
-609
-549
-483
-412
-348
-282
-214
-146
-77
-17
37
85
140
194
244
285
322
363
401
436
472
508
540
568
601
634
667
692
712
730
742
756
758
749
732
711
685
649
604
551
487
423
349
268
187
100
6
-86
-172
-257
-338
-418
-497
-567
-623
-672
-718
-753
-785
-805
-816
-813
-809
-801
-779
-750
-718
-683
-643
-598
-553
-502
-446
-391
-334
-277
-220
-161
-104
-48
5
55
109
165
216
267
318
366
412
453
498
541
577
613
644
673
696
712
725
735
739
734
720
698
672
639
601
555
500
441
377
307
235
164
89
14
-60
-132
-204
-277
-342
-400
-460
-517
-570
-612
-647
-677
-701
-718
-730
-730
-723
-713
-692
-662
-624
-583
-538
-489
-438
-381
-324
-267
-212
-159
-105
-56
-8
38
80
116
156
194
224
250
278
308
330
356
385
408
432
455
476
497
514
531
542
550
554
555
552
545
530
507
478
448
413
369
320
264
208
147
80
9
-59
-129
-201
-268
-328
-387
-441
-487
-528
-563
-588
-598
-604
-607
-599
-579
-556
-530
-502
-468
-431
-387
-349
-313
-270
-234
-196
-157
-120
-86
-53
-23
3
29
56
83
107
133
161
190
215
246
276
304
330
357
385
406
430
446
456
465
477
486
486
475
465
454
433
407
374
340
302
255
207
160
106
55
3
-45
-100
-152
-199
-247
-299
-348
-384
-419
-455
-484
-503
-520
-526
-521
-513
-506
-487
-460
-433
-406
-374
-344
-313
-271
-229
-192
-158
-118
-73
-37
-1
35
64
91
115
138
150
160
170
179
184
199
214
230
249
270
304
334
362
389
412
425
431
436
435
429
417
397
375
347
320
286
243
198
150
105
52
-6
-55
-104
-151
-191
-228
-259
-284
-306
-323
-334
-343
-353
-359
-359
-357
-359
-364
-362
-355
-348
-339
-322
-299
-274
-247
-219
-193
-168
-139
-112
-87
-71
-52
-27
-3
19
40
64
93
123
151
174
189
209
231
244
252
260
271
283
288
292
295
303
309
306
300
293
284
271
249
225
204
182
155
125
94
64
41
14
-12
-39
-68
-93
-117
-142
-169
-193
-216
-236
-252
-266
-275
-280
-281
-281
-275
-266
-260
-251
-238
-227
-219
-212
-197
-182
-165
-146
-127
-101
-74
-48
-21
3
30
48
62
81
93
101
110
122
129
137
147
158
171
187
197
202
207
211
213
210
210
204
197
189
181
175
162
155
147
138
128
117
102
90
74
58
43
23
5
-17
-40
-62
-83
-101
-115
-135
-155
-171
-187
-196
-210
-219
-227
-230
-233
-231
-225
-224
-215
-204
-193
-180
-158
-140
-124
-107
-92
-77
-61
-48
-31
-20
-7
5
13
27
40
48
58
71
82
92
97
107
117
126
133
137
143
150
154
159
162
162
160
160
157
147
138
129
118
108
98
85
74
63
55
47
39
29
15
5
-7
-18
-29
-44
-55
-69
-78
-86
-92
-95
-99
-101
-102
-99
-100
-102
-102
-100
-95
-93
-93
-87
-83
-78
-66
-58
-51
-46
-38
-28
-24
-19
-14
-13
-11
-7
4
11
17
24
26
31
42
46
49
51
51
56
60
63
66
63
61
65
65
66
61
56
53
50
48
43
35
22
14
6
4
2
-4
-11
-18
-22
-20
-21
-24
-34
-42
-42
-41
-39
-44
-53
-58
-56
-50
-48
-51
-55
-55
-51
-47
-41
-41
-41
-38
-32
-25
-18
-17
-14
-10
-3
9
18
20
18
20
28
33
35
31
31
35
38
39
36
34
30
28
33
35
30
24
18
18
22
21
18
14
13
12
13
12
8
8
8
7
11
12
13
11
10
13
14
15
13
10
7
4
6
2
0
-3
-11
-13
-17
-18
-19
-21
-25
-24
-23
-23
-21
-28
-26
-25
-24
-17
-17
-20
-21
-17
-14
-11
-11
-7
-2
0
-3
-2
-4
-1
3
2
0
-1
1
1
-3
-1
1
5
2
-1
3
2
3
3
1
4
7
8
7
8
8
8
10
11
11
11
11
10
12
11
8
7
7
6
1
0
-3
-5
-4
-4
-4
-4
-7
-8
-5
-7
-7
-8
-6
-6
-4
-3
-4
-2
0
3
7
5
7
8
7
8
9
8
6
6
6
5
4
6
7
2
1
2
2
1
-2
-5
-6
-5
-3
-5
-6
-5
0
3
3
7
6
4
5
2
1
-1
-5
-7
-8
-7
-5
-3
-4
-5
-5
-4
-5
-5
-3
-6
-11
-10
-10
-10
-8
-5
-7
-4
-3
-1
3
2
3
5
4
3
6
4
6
4
6
5
6
10
7
5
7
8
8
6
4
1
0
0
-1
-2
0
1
3
3
1
3
4
3
2
1
0
1
0
-2
-2
-3
-2
-1
-2
-1
-1
-3
-2
0
-1
-1
-2
-5
-5
-4
-4
-3
-3
-2
-3
-3
-1
-2
-2
-3
-2
-2
-3
-5
-2
-2
-1
0
0
0
1
3
1
0
-1
0
0
2
4
3
4
2
2
3
7
8
6
3
2
5
5
3
0
0
1
-1
-1
1
3
0
-1
0
2
4
-1
-3
-3
-1
-1
-2
-3
1
0
-3
0
0
-1
-3
-1
1
1
-2
-2
-2
-5
-3
-3
0
0
-2
1
1
3
2
-2
1
2
-1
-4
-3
-3
-4
-2
-1
-3
-3
-2
-4
-2
-2
-4
-1
0
1
1
0
0
-2
1
2
4
3
4
5
3
4
4
6
5
5
3
3
2
1
3
0
3
4
0
4
4
2
4
0
0
3
5
1
-2
-3
-3
-1
0
3
0
-1
1
-1
0
-1
-1
-1
-2
-1
-1
-4
-6
-6
-3
-4
-1
-2
-2
-2
-3
-1
1
1
-2
-4
-2
-3
0
-1
-6
-5
-3
-2
-1
-1
-2
-3
-3
-1
0
0
0
1
