-6
-7
-6
-5
-2
-3
-4
-3
1
-1
-1
1
0
4
5
5
1
-1
-1
2
3
-2
2
2
5
5
5
9
6
3
3
4
4
1
0
-2
-1
-1
0
-1
-3
0
3
5
3
2
-1
3
1
0
1
2
0
1
4
2
-1
-1
1
0
-1
-3
-4
-3
-4
-2
-5
-4
-4
-3
-2
-5
-7
-7
-3
-1
2
2
2
0
0
-1
-2
-4
-3
-2
-1
-2
-2
0
0
4
2
2
-2
1
3
3
2
-2
2
2
2
0
1
2
1
0
3
2
6
4
5
8
3
2
2
1
-2
-1
0
2
1
2
5
-1
-5
-8
-5
-4
-2
-3
-3
0
-2
-2
-1
1
3
2
2
0
0
-1
-1
-1
-1
0
1
1
-1
2
0
0
0
0
1
3
2
-1
-2
1
1
0
1
2
0
-3
-2
1
0
-1
-2
-2
-1
-1
-1
-1
-3
-6
-3
-4
-1
0
-1
-1
-2
-5
-2
-1
0
0
2
6
5
5
4
3
1
-1
-1
2
4
6
0
-3
-2
6
2
-29
7
22
-15
-5
3
-1
6
-4
11
-4
-9
3
-7
5
1
1
6
7
9
5
3
7
2
3
1
-2
-2
-1
1
2
-2
-5
-5
-2
-2
-4
-2
-4
0
4
2
-2
-4
-3
-1
0
0
-3
-2
-2
0
2
-1
0
-1
-1
0
-1
3
3
0
0
0
4
-3
-14
-6
1
2
2
3
3
-3
3
5
7
2
-11
-10
10
-5
-17
7
4
-6
0
-4
9
9
17
12
-46
11
34
0
11
-23
-17
16
-5
-1
0
8
-2
-8
-5
11
3
-5
9
-14
-8
-3
11
1
2
-25
-16
21
15
-11
2
8
-17
-9
5
42
-13
-32
2
12
-5
12
6
-14
5
-3
3
18
20
-34
-19
22
44
5
-29
-62
16
44
39
-10
-22
-14
-44
21
-18
-5
81
281
-376
-510
608
325
-614
169
320
-364
-62
198
94
-105
38
-21
-11
25
-29
0
38
34
-27
-34
-24
34
0
18
-42
10
18
-27
-10
11
-3
-22
14
21
-50
-24
53
-26
-2
4
-24
-3
11
-7
21
16
-51
-10
65
-11
-24
30
-11
0
12
22
-38
10
31
-11
-26
25
11
-28
54
-12
-30
9
36
-38
25
5
-92
50
139
-121
-66
171
-141
-55
158
-43
-148
123
63
-95
66
77
-96
-80
56
-14
-13
-34
-11
-3
50
-90
-50
161
-57
-113
192
151
-175
-122
76
26
-49
130
95
-164
-80
89
-40
-70
66
-56
25
12
-70
73
-26
-81
-47
38
104
-46
-102
33
60
-58
-36
155
22
-174
280
303
-168
-101
272
54
-130
99
145
22
-99
-59
21
-55
-65
-68
-83
-43
-141
-1
-13
12
-65
319
-175
-2555
-2202
1179
713
-862
1464
989
-730
-442
1094
785
309
987
528
143
-96
134
-91
-59
331
211
-219
-220
-1
-30
-559
-243
438
-152
3
601
-630
-386
103
-419
-493
374
65
-524
321
400
-528
-564
72
305
117
50
122
-37
42
-51
-21
-534
-197
903
-270
-494
620
-335
-696
245
652
-295
-232
431
186
-473
-1089
-1151
458
-10
203
1838
707
69
898
-198
-282
625
-5
-1135
58
584
-771
57
44
233
-733
-557
-664
-578
936
1075
-23
6
594
-138
-230
1432
705
-545
387
324
-557
-1369
-348
1812
142
-696
566
-1964
-3872
1129
2509
-1273
374
2195
-536
-1354
1110
850
-293
608
1047
-354
-440
-170
-596
37
188
409
-1258
-679
545
-1584
-2390
-765
1592
605
518
949
-1785
-1041
108
-758
-1859
-510
675
844
374
31
-143
-433
565
1410
2558
1497
1648
-151
-660
666
442
1145
2649
1455
-467
-571
-1577
-1636
-793
-1966
-2870
1427
2275
-1820
-1153
182
-1409
-866
1225
-1113
-3135
1762
1059
-663
1963
798
-424
436
1986
2074
1443
2569
569
-695
1208
107
-229
1442
1355
-768
-969
-1021
-1419
-1711
-1604
-1391
-924
-1403
-1404
-319
-3254
-1709
1496
-424
160
561
-389
225
71
2043
1437
961
482
-333
-357
-2785
-455
2425
41
-859
648
-1552
-2903
-81
1802
1279
1279
1426
-118
-1558
-567
1829
2298
1366
950
-173
-932
-1115
-955
137
1317
-290
-862
288
-1387
-1355
27
864
149
642
1042
-786
107
1325
607
526
558
589
589
490
751
585
857
697
31
458
230
-551
381
460
-1350
-1468
939
-211
-3111
-559
-930
-3183
937
1582
-775
778
878
-937
150
1009
1829
2014
967
-1191
-1350
-1495
-1932
1372
62
-714
232
-1677
-1031
-957
-382
-127
-860
1389
7
-675
1002
-575
-405
287
1344
540
282
886
-6
-151
-780
643
1131
677
548
187
-844
-1664
-1103
-109
256
-330
643
241
-1799
-329
-120
-1754
-346
1371
71
-1826
213
-1172
-1604
796
853
105
-20
-396
536
-681
-1397
624
955
233
-618
1091
578
-1351
824
745
-973
864
1687
759
194
2599
1708
783
1839
2595
1538
523
2061
2094
1684
1548
1608
2250
1385
94
955
1251
1028
724
-476
-905
-2220
-2193
-1765
-1267
-65
-568
-2532
-2471
-2172
-3353
-800
1305
724
627
525
-698
-137
1955
2113
2158
2373
813
-1585
296
589
-1994
-883
-697
-3208
-4031
-3412
-4601
-4376
-3056
-3651
-4492
-3568
-4339
-4382
-3417
-3008
-2281
-2144
-1147
-1507
909
1482
1977
4520
4918
4426
3216
3420
2265
1157
732
-802
-1205
-743
-339
-160
-238
957
1089
406
2569
3188
2592
3660
5338
3734
3477
4313
2459
1499
3151
4042
1069
-248
786
1091
-191
779
1681
565
700
496
265
1004
1275
-646
469
1339
-1082
-1000
42
-1031
-1672
-775
-1039
-2274
-1873
-1467
-3553
-2863
-1851
-2909
-1931
-1499
-2862
-3155
-1314
-1125
-2898
-1624
1
-1308
-1197
203
-55
-1406
-1244
-72
110
-307
-1220
-1264
137
-263
-1171
43
331
-975
-698
697
655
27
622
1683
-214
-383
1255
1230
1530
1726
1357
674
371
-70
264
700
191
-530
-998
-1200
-1301
-1315
-639
-396
-1090
-949
-716
-896
-968
-733
24
198
120
501
1189
727
771
2477
2320
1375
1033
1833
2816
2536
1542
1158
564
215
863
1124
161
573
1285
12
-593
291
226
-177
917
873
106
-2
625
-123
55
864
417
-215
109
263
-1
-226
287
625
407
307
-671
-861
-702
-444
-1049
-1344
-1368
-2064
-2356
-1417
-1159
-1578
-1923
-2319
-2451
-1982
-1730
-1081
-560
-635
-388
-503
-780
-279
234
-200
76
367
-517
-905
-169
-238
-820
246
721
308
767
1192
331
-383
402
469
494
1079
1524
1330
-26
-316
756
149
243
1544
1301
340
617
708
230
944
717
379
602
987
552
-213
240
101
12
518
-174
-323
-243
-834
-785
-41
356
-144
200
-215
-1091
-404
700
426
-50
324
258
-105
194
529
-16
231
460
79
175
847
399
-119
536
291
-107
-197
230
-120
-845
-619
-1345
-1472
-1266
-1558
-1450
-1441
-996
-1565
-1349
-525
-1127
-1636
-1063
-857
-1250
11
548
-458
-363
229
-179
-201
771
1160
815
1333
1380
102
46
566
227
466
1346
757
-430
-398
195
97
132
593
514
78
274
880
294
371
1266
996
371
1136
1606
857
1275
1775
1350
1261
1448
1543
1584
1344
1113
420
912
771
-135
439
668
177
-578
-162
195
-433
-341
-540
-388
94
-655
-1518
-1323
-751
-1112
-1382
-1044
-1366
-1459
-1018
-1717
-2333
-1846
-1771
-1899
-1466
-1655
-2086
-2105
-1974
-1985
-1885
-1598
-1975
-1793
-1567
-1581
-1410
-1353
-1319
-1045
-144
125
-16
409
565
791
563
795
964
1260
1931
1549
1775
2213
2068
2036
2272
2880
2781
2459
2971
2863
2640
1922
1300
2251
2526
1683
1575
1994
2198
1271
676
991
1135
1205
86
-478
277
202
-194
-136
44
-241
-1185
-1333
-1162
-1101
-1000
-1424
-988
-635
-1446
-2106
-2113
-1230
-1083
-1560
-1651
-1249
-1120
-1717
-1820
-1776
-1637
-1183
-999
-1328
-1535
-932
-761
-675
-936
-1240
-412
44
127
-146
-171
-148
-126
454
352
411
254
564
841
598
665
371
1016
1200
1133
935
457
703
830
828
816
557
686
872
675
251
214
799
468
317
112
283
521
263
370
351
402
197
164
-11
65
691
-94
-228
-394
-239
63
-686
-485
36
134
-178
-462
-551
-100
-62
-236
-64
-98
-236
-52
-119
-58
-105
-525
-59
43
256
39
-135
241
328
456
92
415
444
610
488
152
433
330
552
345
600
728
456
191
302
80
-335
-113
-75
433
342
228
-184
-821
-539
-214
231
-263
-371
-215
-512
-1060
-1132
-668
-592
-296
-589
-601
-524
-829
-627
-668
-778
-669
-627
-467
-432
-778
-810
-543
-654
-560
-379
-437
-244
-408
-300
-186
-323
95
235
199
306
259
296
470
480
760
1059
1131
988
1066
1398
1519
1386
928
1237
995
1208
1536
691
1069
880
876
1109
443
483
258
523
816
538
-20
-256
-88
-22
-274
-406
-1
-208
-458
-631
-394
-346
-882
-931
-730
-109
-580
-1083
-876
-731
-811
-1310
-1414
-880
-592
-1235
-1791
-1360
-744
-1201
-1591
-1240
-932
-929
-1044
-810
-489
-319
-495
-197
335
522
444
512
742
1034
1014
868
1306
1553
1620
1555
1101
1288
1523
1433
1170
1371
1629
980
1029
1047
1077
1102
992
733
299
878
800
119
406
483
294
-26
56
-165
-822
-480
-319
-815
-1506
-1401
-1145
-1527
-1629
-1769
-1934
-2118
-2089
-2016
-2115
-2038
-1994
-1743
-1525
-1530
-1548
-1446
-1040
-618
-297
-77
-51
183
474
672
772
862
1316
1942
2124
1852
1589
1426
1885
1758
1439
1663
2077
2167
1135
1112
1444
1322
954
649
1672
1687
900
723
687
929
735
525
623
560
572
671
175
-553
-862
-964
-968
-1122
-1128
-1077
-1571
-2113
-2427
-2451
-2439
-2517
-2416
-2091
-1894
-2136
-2391
-2404
-2015
-1507
-1166
-945
-792
-501
-215
82
75
206
320
637
1274
1173
950
946
1099
1116
860
926
1234
1246
1119
1005
851
963
1210
1149
1295
1199
1193
1482
1168
1122
1080
1453
1742
1115
1155
1143
957
874
1052
1182
608
649
724
271
-597
-1141
-748
-551
-786
-1092
-1546
-1755
-1852
-2313
-2504
-2375
-2090
-1878
-2050
-2139
-2266
-2320
-1923
-1498
-1237
-1039
-836
-505
-352
-188
51
190
382
749
1089
939
802
920
1096
1000
781
960
1250
1070
977
1134
1056
1007
1085
982
874
1029
1166
1348
1292
1158
940
968
1104
1181
1074
981
1133
960
1010
879
839
885
769
400
-391
-670
-623
-430
-464
-795
-1377
-1975
-2134
-2277
-2438
-2616
-2559
-2486
-2529
-2493
-2566
-2628
-2424
-1823
-1394
-1334
-1196
-972
-618
-240
38
279
525
856
1148
1313
1211
1118
1164
1141
1167
1003
977
1345
1522
1250
1031
788
998
1200
1156
1255
1092
1276
1255
1324
1301
1077
1276
1304
1146
1103
1391
1448
1441
1285
1231
1570
1247
497
-466
-904
-519
-377
-471
-943
-1724
-2492
-2811
-2638
-2631
-2937
-3149
-2868
-2575
-2686
-3095
-3283
-2896
-2165
-1517
-1239
-1161
-951
-489
-2
316
507
866
1354
1674
1731
1607
1532
1527
1555
1332
1256
1408
1280
1122
1032
941
699
618
781
977
1093
1249
1183
904
1002
1177
1484
1482
1334
1447
1484
1493
1310
1314
1473
1698
1843
1285
477
-714
-1400
-662
-171
-435
-1337
-2322
-2677
-2817
-2868
-3136
-3572
-3541
-3078
-2805
-2957
-3505
-3734
-3117
-2199
-1508
-1297
-1180
-801
-174
353
563
728
1117
1706
2207
2395
2032
1556
1671
1942
1916
1704
1208
771
779
1084
1064
760
466
310
669
880
779
749
942
1397
1536
1429
1084
821
1443
2156
2094
1570
1315
1547
1918
2024
1413
95
-911
-766
-33
83
-864
-1909
-2407
-2533
-2609
-2953
-3464
-3746
-3462
-3022
-2981
-3353
-3714
-3519
-2828
-2075
-1624
-1572
-1457
-914
-163
347
571
868
1277
1839
2311
2251
1917
1772
1997
2228
2100
1693
1178
911
1053
1146
916
569
395
612
787
688
561
470
749
1063
1124
1286
1229
1206
1412
1420
1486
1608
1758
2069
2192
2106
1439
14
-999
-833
65
324
-526
-1675
-2367
-2550
-2754
-3124
-3641
-3837
-3486
-3149
-3226
-3712
-4084
-3840
-2983
-2021
-1570
-1532
-1379
-869
-97
506
842
1126
1622
2266
2518
2358
2134
2150
2336
2346
2232
1739
1086
739
697
983
1060
828
469
154
247
482
615
612
784
1187
1430
1475
1163
954
1250
1728
2080
2062
2014
2188
2240
1747
453
-936
-1122
-184
457
-204
-1786
-2955
-3125
-2960
-3116
-3616
-4034
-3928
-3524
-3432
-3897
-4424
-4214
-3260
-2189
-1553
-1469
-1460
-1002
-148
608
1132
1576
2124
2768
3174
3182
2873
2649
2754
2970
2900
2373
1688
1232
1128
1009
702
433
275
236
279
252
39
-18
369
808
1021
1005
864
909
1254
1672
1858
1873
2045
2367
2336
1458
-193
-1412
-1014
129
285
-947
-2487
-3331
-3530
-3571
-3870
-4398
-4531
-4163
-3879
-4079
-4643
-4951
-4412
-3211
-2100
-1513
-1362
-1154
-483
500
1378
1872
2337
3112
3796
4120
4020
3627
3413
3546
3775
3642
2949
2164
1651
1408
1294
926
404
142
209
333
230
32
80
510
1054
1328
1213
997
1102
1517
2078
2407
2370
2412
2032
621
-1053
-1528
-537
270
-383
-2127
-3687
-4268
-4346
-4610
-5098
-5375
-5228
-4930
-4885
-5280
-5706
-5521
-4445
-2971
-2024
-1801
-1771
-1190
-22
1047
1782
2319
2997
3903
4606
4741
4271
3857
4033
4538
4633
3822
2637
1875
1745
1769
1394
692
121
70
295
242
-111
-220
395
1328
1799
1538
980
942
1647
2529
2989
3166
3221
2453
603
-1119
-1220
-30
535
-459
-2205
-3609
-4406
-4833
-4984
-5031
-5140
-5187
-5080
-5164
-5654
-6013
-5603
-4332
-2908
-2113
-1920
-1728
-1020
101
1199
2011
2603
3305
4151
4662
4501
4068
4104
4638
4982
4531
3425
2405
1935
1900
1778
1250
501
-85
-302
-380
-490
-536
-277
478
1330
1542
945
409
821
1951
2899
3316
3515
3048
1324
-782
-1422
-199
827
80
-1795
-3367
-4158
-4616
-4986
-5267
-5389
-5343
-5273
-5414
-5897
-6299
-6040
-4902
-3370
-2410
-2309
-2373
-1663
-156
1326
2241
2646
3037
3689
4479
5012
5086
5029
5081
5190
4985
4235
3268
2616
2540
2573
2108
1110
144
-308
-260
-58
-76
-108
188
790
1181
909
534
830
1836
2867
3420
3535
2775
845
-1079
-1171
406
1205
-137
-2474
-4060
-4608
-4875
-5143
-5419
-5626
-5800
-6017
-6284
-6680
-6807
-6200
-4819
-3354
-2748
-2928
-2972
-1930
11
1716
2505
2600
2903
3881
5040
5583
5381
5232
5579
5877
5467
4382
3348
2953
3096
3073
2234
912
-68
-288
-36
20
-296
-537
-85
846
1197
737
363
943
2208
3283
3882
3585
1868
-510
-1433
61
1735
1073
-1492
-3710
-4483
-4580
-4764
-5148
-5609
-5968
-6203
-6390
-6719
-7030
-6802
-5690
-4062
-3019
-3096
-3466
-2754
-731
1278
2117
2085
2482
3792
5065
5409
5116
5199
5876
6363
5969
4821
3732
3364
3543
3503
2676
1381
383
46
100
5
-379
-593
-146
750
1066
476
19
604
1920
3070
3777
3548
1660
-803
-1452
342
2038
1319
-1247
-3695
-4732
-4575
-4260
-4631
-5512
-6097
-6370
-6645
-6906
-6926
-6549
-5601
-4187
-3346
-3633
-3893
-2796
-614
1141
1839
1998
2473
3716
5054
5627
5404
5350
5947
6339
5933
5013
4323
4100
3990
3588
2511
1189
454
393
454
118
-375
-624
-323
507
896
477
207
919
2044
2783
3405
3064
863
-1323
-891
1228
1751
225
-1941
-4036
-5076
-4428
-3611
-4611
-6158
-6479
-6490
-6921
-6961
-6439
-6121
-5480
-4127
-3636
-4203
-3870
-1857
197
1202
1728
2003
2445
3784
5485
6093
5575
5574
6200
6246
5696
5137
4645
4146
4011
3704
2335
904
543
714
447
-90
-467
-830
-523
558
920
165
-72
1015
2054
2774
3598
2724
-284
-1800
292
2327
1278
-826
-2538
-4385
-5030
-3452
-2757
-5009
-6868
-6426
-6078
-6684
-6570
-6014
-6103
-5460
-3965
-3856
-4691
-3720
-1073
602
979
1227
1506
2356
4270
5998
5971
5139
5293
5961
6124
5834
5338
4630
4038
3923
3403
2054
1010
929
1011
501
-263
-805
-923
-140
889
750
-203
-289
875
1935
2940
3689
2059
-1224
-1912
1076
2810
1102
-1019
-2582
-4408
-4798
-2754
-2222
-5026
-6912
-6262
-5988
-6663
-6194
-5438
-5816
-5452
-4083
-4087
-4745
-3355
-673
486
512
684
1039
2241
4532
6130
5633
4675
4805
5377
5949
6256
5817
4607
3812
3614
3095
2279
1793
1476
936
328
-218
-730
-590
353
1002
454
-355
-304
626
1920
3361
3505
941
-2070
-1596
1597
2737
759
-1372
-3048
-4676
-4324
-1968
-1993
-5260
-6976
-5950
-5621
-6178
-5443
-4759
-5594
-5511
-4064
-3949
-4481
-2816
-303
103
-298
381
1294
2377
4401
5777
4922
3893
4625
5571
5705
5808
5636
4392
3274
3397
3414
2504
1902
1788
1053
-60
-329
-155
-165
265
942
416
-621
-244
1173
1978
2705
3167
1113
-2184
-1755
1916
2929
297
-1694
-2758
-4411
-4137
-1376
-1394
-5286
-7198
-5716
-5186
-5825
-5007
-4444
-5710
-5804
-4013
-3625
-4153
-2669
-622
-593
-819
193
1028
1923
4015
5256
4143
3278
4376
5372
5470
5778
5635
4210
3213
3630
3786
2985
2421
2081
1150
229
122
220
126
367
769
450
-262
-67
940
1724
2222
2694
1644
-1115
-2039
780
3064
1323
-1607
-2703
-3453
-3844
-2164
-968
-3776
-7054
-6437
-4549
-4811
-5198
-4722
-5338
-6142
-4757
-3286
-3682
-3572
-1786
-902
-1147
-501
686
1404
2802
4405
4155
3057
3674
5103
5489
5351
5198
4338
3463
3633
3941
3382
2637
2160
1518
853
546
382
219
309
513
486
151
-67
378
1306
1950
2309
2329
868
-1383
-1015
1971
2747
-9
-2176
-2507
-3177
-3099
-1214
-1502
-5339
-7161
-5063
-3870
-4872
-4884
-4642
-5853
-5866
-3698
-3010
-3929
-3085
-1235
-1127
-1155
219
1166
1423
2836
4069
3357
2820
4155
5171
4823
4616
4591
3782
3323
3832
3754
2665
2064
1964
1399
754
617
390
49
231
606
493
190
164
426
953
1649
2266
2443
1285
-842
-1121
1426
2853
714
-1820
-2418
-2824
-2891
-1321
-1059
-4444
-6965
-5385
-3580
-4329
-4975
-4826
-5580
-5806
-3955
-2856
-3716
-3534
-1748
-1145
-1319
-181
1156
1398
2125
3366
3180
2555
3843
5470
5038
3875
3832
3949
3656
3818
3886
2718
1608
1852
2106
1181
356
357
297
44
327
626
360
179
604
1041
1279
1765
2562
2551
854
-980
-119
2476
2625
-154
-2083
-2336
-2649
-2251
-861
-1971
-5714
-6900
-4519
-3361
-4544
-5207
-5406
-6133
-5500
-3450
-3043
-4013
-3383
-1775
-1449
-1271
26
1020
1249
2112
3077
2971
2932
3970
4692
4404
4079
4011
3799
3826
3926
3301
2326
2069
2188
1935
1461
947
307
80
454
619
396
483
666
452
609
1451
1952
2062
2436
1701
-483
-739
2075
3224
580
-1751
-1840
-2230
-2368
-781
-1037
-5075
-7249
-4861
-3067
-4323
-5129
-5222
-6344
-6201
-3598
-2646
-4177
-4170
-2367
-1876
-1686
-112
812
358
1097
2656
2710
2430
3715
4725
4092
3554
3957
4044
3902
4159
3804
2375
1620
2338
2833
2095
1087
489
112
231
890
1052
457
276
688
799
891
1609
2209
2330
2434
1527
-456
-377
2444
3171
43
-2293
-2001
-1975
-2080
-953
-1727
-5658
-7187
-4379
-2776
-4488
-5651
-5590
-6082
-5474
-3106
-2681
-4450
-4299
-2077
-1183
-1177
-189
514
357
1209
2646
2749
2504
3328
3884
3497
3514
3982
3827
3475
3526
3194
2440
2225
2499
2273
1572
1028
784
785
965
957
621
339
603
1050
1249
1265
1415
1715
2172
2683
2025
-2
-622
1592
3051
819
-1974
-2318
-2031
-2014
-1235
-1505
-4841
-7088
-5002
-2684
-3769
-5423
-5596
-5688
-5326
-3301
-2371
-3781
-4418
-2677
-1337
-1095
-438
271
162
675
2033
2527
2224
2762
3426
3170
2988
3531
3744
3454
3449
3236
2506
2193
2558
2531
1985
1510
1223
1033
1262
1462
1166
813
1044
1420
1424
1325
1440
1631
1947
2523
2203
258
-1043
640
2623
1202
-1896
-2786
-2385
-2325
-1804
-1508
-4032
-6776
-5571
-2836
-3267
-5188
-5554
-5274
-5040
-3428
-2222
-3425
-4462
-2840
-1093
-974
-749
-17
-25
309
1786
2550
1985
2136
3045
3085
2809
3307
3687
3324
3212
3313
2808
2406
2703
2819
2286
1826
1641
1355
1376
1620
1380
869
893
1329
1457
1249
1095
1039
1264
1770
2260
1620
-281
-1306
260
2017
734
-2098
-2996
-2547
-2233
-1568
-1381
-3901
-6519
-5178
-2377
-2688
-4542
-5055
-5057
-4933
-3041
-1525
-2936
-4435
-3030
-1165
-1016
-773
-50
-377
-340
1323
2410
1716
1614
2694
2875
2570
3200
3667
3006
2707
3339
3283
2711
2894
3034
2271
1699
2153
2230
1614
1369
1428
1160
1090
1529
1582
861
625
1012
1389
1489
1753
1557
-37
-1520
-524
1692
1402
-1498
-3102
-2689
-2252
-1829
-1232
-2625
-5642
-5791
-2918
-1929
-3695
-4855
-4765
-4696
-3586
-1771
-2219
-4141
-3803
-1657
-846
-1039
-617
-489
-684
504
2102
1974
1297
1982
2745
2520
2789
3623
3458
2764
2960
3315
2998
2997
3292
2631
1667
1879
2555
2279
1555
1138
774
731
1409
1722
863
-86
182
960
1264
1220
1188
790
-308
-994
33
1411
711
-1563
-2420
-1843
-1628
-1539
-1353
-2730
-5011
-4723
-2394
-2089
-3798
-4647
-4418
-4129
-2991
-1799
-2720
-4214
-3410
-1474
-948
-1104
-775
-738
-635
626
1892
1687
1141
1656
2280
2449
2859
3351
3124
2658
2829
3128
3071
3154
3170
2514
1746
1970
2590
2369
1557
954
712
852
1346
1416
595
-152
107
855
1218
1030
716
607
310
-426
-536
636
1058
-715
-2336
-1890
-1295
-1628
-1564
-1772
-3811
-5025
-3118
-1482
-2905
-4503
-4287
-3978
-3654
-2180
-1747
-3513
-4109
-2099
-711
-1030
-989
-580
-785
-104
1631
1973
948
1144
2295
2561
2577
3249
3312
2616
2681
3347
3267
2920
3056
2818
1935
1708
2305
2337
1564
960
679
495
787
1324
962
-64
-306
361
852
835
575
268
290
404
-216
-746
199
1006
-422
-2189
-1867
-1238
-1637
-1591
-1449
-3246
-4698
-3044
-1202
-2483
-4186
-3954
-3383
-3163
-2023
-1687
-3259
-3807
-1868
-602
-1111
-1194
-675
-748
-110
1439
1669
666
1045
2387
2566
2345
2862
3010
2495
2725
3385
3017
2427
2765
2938
2189
1640
1927
2017
1659
1353
971
443
466
1028
1024
247
-205
-9
410
712
673
149
-78
406
280
-652
-471
634
200
-1514
-1716
-1015
-1408
-1621
-977
-1845
-3946
-3680
-1652
-1797
-3376
-3591
-3230
-3434
-2733
-1618
-2503
-3795
-2722
-1017
-1039
-1416
-919
-768
-630
721
1727
1051
585
1599
2439
2382
2650
2955
2519
2382
3156
3432
2733
2460
2717
2414
1918
2011
2126
1585
1091
1002
791
520
648
730
245
-259
-88
233
384
383
184
-142
182
804
275
-876
-494
768
551
-921
-1403
-1234
-1396
-1162
-727
-1810
-3566
-3309
-1822
-1915
-3065
-3455
-3369
-3307
-2551
-1845
-2642
-3444
-2508
-1192
-1126
-1276
-869
-663
-411
675
1433
1063
851
1673
2285
2252
2477
2837
2638
2464
2860
3080
2694
2460
2537
2285
1851
1745
1722
1275
809
673
571
330
172
119
-21
-142
10
161
146
213
395
453
533
916
745
-245
-448
819
1368
-57
-1358
-1121
-868
-1038
-819
-1032
-2722
-3670
-2386
-1372
-2432
-3537
-3424
-3172
-2963
-2173
-2030
-3030
-3219
-1866
-928
-1138
-1139
-652
-432
-32
861
1285
1001
1150
1881
2165
2104
2370
2571
2295
2183
2528
2592
2213
1998
1872
1567
1390
1539
1410
783
341
420
620
587
371
151
46
225
544
638
501
470
645
812
1013
1240
796
-175
-203
1013
1352
-82
-1303
-1150
-875
-950
-916
-1418
-2865
-3332
-2121
-1492
-2560
-3525
-3375
-2948
-2529
-1983
-2186
-2953
-2765
-1555
-881
-991
-918
-633
-412
167
897
1027
849
1174
1682
1788
1848
2099
2129
1940
1988
2152
2112
2042
2036
1789
1444
1402
1479
1294
1062
945
700
413
426
501
319
200
310
258
66
143
387
394
341
450
624
550
115
-249
135
789
443
-675
-1053
-726
-738
-910
-941
-1610
-2577
-2296
-1351
-1650
-2720
-2832
-2343
-2214
-2012
-1737
-2208
-2646
-1858
-811
-861
-1196
-915
-553
-297
340
822
593
479
1126
1662
1617
1618
1801
1764
1771
2096
2189
1843
1658
1728
1591
1378
1415
1361
990
776
824
718
490
489
535
455
486
588
447
297
496
743
712
747
936
654
-72
-161
577
807
-44
-854
-949
-919
-948
-870
-1248
-2266
-2683
-2051
-1704
-2275
-2780
-2805
-2754
-2477
-1936
-1972
-2535
-2448
-1604
-1100
-1093
-944
-673
-486
-29
604
789
684
955
1420
1590
1711
1990
2033
1824
1870
2130
2169
1999
1846
1630
1441
1463
1498
1251
914
722
629
582
584
512
364
343
471
493
369
358
540
637
581
669
789
403
-178
20
723
569
-425
-964
-860
-862
-912
-912
-1496
-2452
-2504
-1762
-1662
-2372
-2805
-2734
-2536
-2162
-1805
-2053
-2483
-2133
-1316
-976
-1018
-902
-663
-340
231
680
625
552
982
1492
1634
1671
1777
1753
1708
1903
2081
1950
1771
1718
1584
1433
1463
1439
1162
951
944
868
718
690
621
459
500
681
580
338
399
581
522
475
671
613
37
-303
146
577
136
-685
-1039
-1017
-956
-836
-1021
-1856
-2555
-2244
-1657
-1829
-2430
-2697
-2656
-2398
-1939
-1795
-2202
-2353
-1764
-1114
-958
-961
-829
-596
-187
350
602
568
710
1101
1377
1507
1675
1755
1697
1755
1976
2047
1896
1742
1641
1526
1483
1512
1391
1081
837
788
815
797
680
477
400
549
671
544
413
509
633
573
514
639
686
314
-123
13
454
268
-493
-927
-910
-967
-1008
-983
-1489
-2330
-2375
-1768
-1735
-2316
-2594
-2545
-2458
-2161
-1884
-2140
-2392
-1941
-1305
-1147
-1117
-926
-760
-439
198
574
437
486
1014
1409
1458
1561
1747
1750
1759
1979
2096
1921
1728
1697
1650
1561
1514
1416
1170
947
881
846
750
655
563
479
510
601
523
350
400
620
633
468
488
674
546
64
-107
286
442
-117
-717
-823
-871
-1001
-963
-1182
-1967
-2413
-1990
-1679
-2118
-2590
-2659
-2577
-2327
-1948
-1996
-2377
-2247
-1567
-1135
-1101
-1000
-753
-484
-59
413
583
574
820
1248
1480
1537
1657
1802
1864
1934
2028
1996
1874
1825
1781
1630
1480
1432
1318
1039
797
725
682
599
505
380
240
251
401
455
368
336
410
474
485
536
621
487
99
-59
270
411
-143
-737
-791
-792
-1016
-1064
-1203
-1883
-2360
-1965
-1676
-2174
-2580
-2439
-2369
-2329
-1959
-1867
-2248
-2078
-1275
-955
-1143
-938
-487
-284
19
532
672
570
842
1312
1445
1436
1583
1724
1710
1712
1766
1782
1740
1650
1516
1408
1363
1325
1215
1003
767
698
786
766
532
329
305
393
516
554
406
263
340
500
514
457
484
492
252
-101
-118
183
130
-444
-885
-942
-998
-1049
-1061
-1458
-2114
-2179
-1719
-1682
-2126
-2360
-2304
-2192
-1935
-1701
-1826
-1978
-1637
-1109
-907
-866
-656
-379
-119
246
570
655
734
1041
1347
1444
1502
1623
1674
1673
1764
1836
1735
1590
1554
1526
1385
1221
1135
1034
847
709
674
580
394
299
317
297
289
340
294
193
276
438
402
307
372
468
425
213
-70
-100
153
71
-541
-960
-895
-893
-1083
-1233
-1600
-2115
-2074
-1648
-1781
-2303
-2373
-2150
-2059
-1859
-1621
-1779
-1901
-1387
-807
-743
-733
-451
-190
61
469
704
668
832
1232
1390
1339
1483
1679
1644
1620
1767
1761
1588
1608
1686
1473
1246
1305
1323
1073
875
839
750
657
637
494
273
306
501
452
222
185
314
336
289
295
227
107
153
143
-241
-520
-267
-172
-760
-1246
-1162
-1185
-1433
-1415
-1546
-2164
-2337
-1764
-1603
-2110
-2282
-2017
-1915
-1771
-1423
-1417
-1642
-1331
-719
-570
-637
-374
-49
104
375
708
774
805
1110
1374
1388
1467
1653
1674
1630
1714
1756
1684
1687
1695
1512
1316
1326
1382
1254
989
771
694
722
722
588
350
180
228
387
390
207
98
137
183
189
158
69
31
42
-162
-490
-446
-182
-417
-1009
-1203
-1070
-1140
-1289
-1369
-1711
-2098
-1917
-1534
-1718
-2166
-2165
-1896
-1750
-1621
-1517
-1606
-1581
-1129
-659
-620
-668
-413
-44
239
520
715
728
822
1198
1512
1523
1496
1618
1726
1777
1868
1884
1733
1629
1671
1648
1490
1381
1294
1080
867
843
812
626
459
367
236
166
248
227
29
-38
77
85
1
8
-14
-126
-89
-22
-254
-545
-430
-266
-564
-976
-1020
-997
-1169
-1277
-1342
-1663
-1925
-1731
-1554
-1822
-2059
-1920
-1794
-1758
-1544
-1401
-1526
-1389
-878
-616
-673
-455
-54
118
270
632
826
822
1040
1411
1493
1417
1527
1720
1755
1730
1724
1668
1624
1654
1592
1371
1226
1239
1187
967
766
665
589
523
484
352
138
72
220
276
120
-1
66
139
103
49
17
-40
-46
-24
-219
-553
-583
-345
-462
-953
-1221
-1181
-1218
-1274
-1285
-1606
-2053
-1911
-1465
-1556
-1945
-1898
-1709
-1720
-1501
-1125
-1225
-1441
-1030
-469
-426
-445
-124
122
239
597
925
858
851
1244
1529
1480
1524
1689
1629
1540
1737
1858
1622
1433
1500
1445
1220
1177
1193
958
694
671
648
484
394
355
178
45
135
184
20
-86
-3
26
-53
-49
-15
-105
-181
-101
-121
-401
-563
-397
-351
-689
-995
-1019
-1030
-1138
-1202
-1341
-1624
-1736
-1570
-1509
-1692
-1795
-1694
-1588
-1516
-1386
-1260
-1187
-1046
-766
-489
-352
-246
-12
280
490
676
902
1038
1084
1258
1515
1608
1589
1648
1696
1646
1652
1715
1630
1437
1332
1265
1154
1047
920
700
513
465
409
258
138
79
12
-37
-38
-68
-100
-47
18
-20
-91
-79
-18
19
11
-61
-234
-408
-387
-253
-371
-772
-1022
-994
-1020
-1160
-1245
-1428
-1741
-1755
-1477
-1480
-1750
-1747
-1547
-1493
-1379
-1113
-1036
-1072
-808
-430
-299
-193
82
273
363
619
918
989
1026
1221
1368
1377
1461
1599
1557
1432
1456
1520
1431
1304
1249
1141
976
926
924
763
559
500
471
364
307
295
183
73
119
169
91
26
51
59
18
-2
-10
-59
-114
-155
-212
-318
-466
-565
-553
-630
-912
-1121
-1094
-1124
-1305
-1388
-1448
-1641
-1667
-1431
-1405
-1634
-1618
-1354
-1212
-1125
-973
-925
-878
-543
-173
-120
-116
94
330
533
774
890
850
942
1185
1313
1331
1377
1373
1317
1355
1436
1397
1294
1216
1112
1024
1023
989
830
664
592
550
488
422
329
216
185
214
162
56
45
86
47
-3
-13
-61
-136
-130
-116
-240
-388
-427
-463
-584
-666
-714
-879
-1065
-1085
-1055
-1180
-1339
-1388
-1429
-1466
-1397
-1348
-1432
-1448
-1293
-1151
-1090
-978
-842
-735
-549
-324
-192
-63
164
359
477
645
823
916
1023
1194
1277
1285
1357
1431
1420
1410
1428
1392
1333
1291
1212
1130
1092
1006
856
778
744
627
500
458
390
278
237
218
111
26
41
8
-115
-173
-179
-260
-349
-371
-469
-668
-723
-646
-770
-1062
-1142
-1068
-1166
-1318
-1319
-1386
-1564
-1510
-1312
-1378
-1550
-1433
-1216
-1169
-1082
-892
-824
-751
-441
-162
-129
-32
253
460
570
752
907
958
1072
1253
1297
1264
1335
1406
1356
1302
1294
1232
1151
1120
1032
860
778
781
701
554
458
395
337
346
346
228
128
173
241
214
154
115
86
85
98
34
-93
-181
-232
-297
-404
-563
-721
-799
-872
-1010
-1157
-1254
-1331
-1377
-1374
-1434
-1531
-1485
-1355
-1337
-1340
-1222
-1099
-1015
-845
-663
-587
-483
-256
-66
49
197
349
457
609
787
870
917
1035
1137
1173
1220
1271
1260
1255
1283
1266
1210
1175
1135
1075
1021
955
859
792
758
666
549
495
460
362
272
235
178
81
20
-11
-92
-185
-228
-289
-402
-480
-514
-605
-733
-810
-870
-962
-1039
-1104
-1192
-1258
-1283
-1308
-1344
-1360
-1351
-1310
-1250
-1202
-1153
-1047
-912
-807
-699
-557
-408
-262
-95
52
161
305
494
643
731
824
939
1041
1130
1190
1212
1220
1250
1283
1272
1220
1167
1131
1095
1044
977
902
813
749
707
636
539
468
414
348
300
254
169
82
53
25
-64
-154
-215
-284
-362
-430
-524
-656
-747
-786
-867
-997
-1098
-1154
-1204
-1249
-1292
-1344
-1375
-1336
-1276
-1257
-1236
-1156
-1038
-924
-811
-691
-565
-416
-235
-71
49
168
329
486
593
688
788
865
927
1005
1059
1057
1060
1094
1101
1065
1039
1021
980
930
907
870
802
751
726
681
614
569
529
469
410
369
310
229
165
107
26
-49
-127
-220
-306
-378
-466
-564
-642
-726
-823
-882
-940
-1031
-1091
-1105
-1151
-1208
-1185
-1166
-1198
-1160
-1062
-1031
-997
-863
-744
-689
-565
-383
-278
-181
7
158
234
361
532
620
679
798
887
898
940
1011
1006
972
988
999
943
896
889
851
789
753
720
653
592
565
523
459
405
372
329
269
215
167
112
47
-14
-80
-149
-219
-285
-359
-438
-502
-563
-630
-701
-764
-818
-864
-896
-934
-973
-991
-983
-971
-959
-937
-907
-860
-784
-698
-620
-548
-455
-330
-211
-106
-1
107
208
308
414
499
558
612
672
718
732
751
767
757
740
739
724
682
656
644
611
570
562
548
507
474
471
456
427
413
399
356
318
313
286
220
160
118
61
-8
-77
-164
-266
-338
-394
-480
-591
-667
-727
-787
-840
-885
-935
-959
-951
-932
-931
-915
-873
-812
-747
-669
-597
-521
-422
-310
-216
-128
-28
65
153
246
327
385
447
517
555
578
611
640
647
645
641
625
608
602
576
536
506
496
477
439
407
384
370
364
347
309
283
279
272
245
202
166
135
108
65
9
-57
-105
-145
-198
-275
-350
-401
-434
-475
-535
-601
-645
-653
-650
-671
-710
-724
-691
-641
-610
-601
-584
-530
-436
-358
-317
-278
-209
-114
-24
42
81
120
193
272
311
318
330
361
390
397
386
377
380
394
400
382
370
384
405
411
408
411
423
446
462
460
450
449
460
453
418
389
367
332
279
225
167
93
22
-43
-129
-218
-282
-343
-434
-521
-559
-591
-648
-696
-716
-732
-737
-714
-695
-712
-701
-624
-562
-548
-518
-443
-372
-316
-243
-182
-149
-85
15
71
76
116
197
242
260
288
316
328
359
407
414
392
406
447
459
453
459
468
474
497
526
514
496
515
541
532
505
483
463
436
410
365
298
237
193
140
55
-27
-98
-163
-229
-298
-369
-440
-488
-529
-571
-617
-647
-661
-675
-680
-673
-664
-655
-626
-584
-553
-531
-485
-428
-392
-353
-295
-242
-208
-163
-103
-58
-30
12
65
97
122
160
202
224
249
281
311
333
361
396
417
436
468
490
498
513
539
547
543
548
554
540
521
514
498
461
429
402
360
309
259
204
146
85
22
-46
-112
-172
-232
-298
-362
-409
-455
-498
-534
-560
-581
-602
-609
-608
-606
-596
-575
-546
-513
-484
-444
-395
-349
-305
-255
-204
-165
-123
-81
-41
-7
25
57
80
105
129
138
150
166
181
189
200
211
215
227
248
266
279
292
318
336
354
376
390
396
405
419
415
400
392
384
358
330
307
276
237
202
165
112
61
25
-10
-66
-122
-162
-193
-231
-271
-302
-331
-359
-371
-383
-401
-412
-407
-392
-389
-390
-378
-356
-331
-304
-286
-273
-246
-199
-159
-143
-125
-90
-49
-18
1
14
34
64
101
121
120
124
154
189
194
181
182
202
230
233
218
209
217
250
259
237
214
217
243
248
220
194
180
184
183
153
108
78
72
67
30
-21
-49
-60
-72
-102
-142
-168
-176
-171
-186
-222
-248
-236
-208
-210
-229
-239
-225
-186
-159
-158
-168
-156
-115
-80
-74
-72
-63
-40
-10
5
7
3
14
39
53
56
55
57
65
83
94
87
81
93
102
101
95
93
96
100
105
102
91
91
98
97
88
82
84
83
73
65
57
47
35
29
21
6
-10
-20
-25
-33
-47
-59
-70
-72
-72
-79
-84
-82
-83
-82
-81
-73
-67
-69
-66
-58
-53
-51
-49
-49
-43
-38
-36
-35
-29
-25
-25
-18
-10
-5
-9
-6
5
14
19
16
18
26
28
28
31
39
38
36
41
52
56
49
53
59
63
63
65
65
66
61
59
59
56
50
42
38
32
27
20
9
-2
-6
-12
-18
-29
-41
-47
-50
-50
-56
-62
-64
-61
-59
-62
-64
-59
-58
-57
-54
-48
-45
-43
-40
-33
-29
-23
-18
-16
-14
-8
-5
-1
6
11
14
12
13
13
15
16
20
20
25
28
29
30
32
37
39
41
43
39
37
42
38
34
33
34
32
29
25
22
19
15
7
5
1
-3
-9
-10
-13
-16
-21
-18
-18
-18
-18
-20
-15
-18
-17
-15
-11
-10
-11
-10
-7
-11
-13
-10
-9
-9
-13
-14
-14
-13
-17
-18
-19
-18
-21
-23
-23
-23
-22
-20
-16
-12
-7
-6
-6
-7
-3
0
8
10
10
15
15
18
22
22
24
26
24
24
23
24
24
25
22
20
17
12
10
12
10
11
8
7
2
-1
-1
-6
-8
-7
-6
-11
-13
-15
-15
-16
-16
-16
-16
-14
-15
-12
-11
-12
-8
-9
-6
-4
-3
-6
-3
-2
-1
1
1
0
0
1
4
5
5
6
6
5
6
7
9
8
6
6
7
6
7
3
2
4
4
4
3
2
-1
-2
0
4
-2
-3
-5
-5
-2
-4
-4
-5
-4
-4
-2
-1
0
-2
-2
-2
-3
0
0
-1
-3
-3
0
0
2
0
-1
1
2
-2
-8
-7
-4
-3
-3
-3
-2
-4
-3
-2
-5
-2
-2
-2
-2
-2
-3
-2
-4
0
5
6
6
3
4
4
6
7
8
8
8
8
7
5
4
4
4
8
8
5
3
1
2
1
1
-1
-3
-3
-2
0
0
-2
-1
1
-1
-3
-5
-6
-3
-3
-1
-1
-3
-3
0
-1
-1
-4
-5
-4
-3
-1
-3
-6
-5
-4
-4
-6
-6
-7
-5
-4
-1
-1
-2
1
3
2
3
3
3
2
-1
-2
2
0
2
2
-1
1
1
1
-1
0
1
2
4
4
3
1
-3
-3
1
3
4
6
3
2
2
0
0
2
2
3
1
0
3
-1
3
5
3
1
2
4
3
1
3
1
2
1
2
0
-1
-3
1
1
-2
-4
-2
-3
-3
-3
-3
-2
-4
-1
0
-1
-2
-1
0
-2
-4
-2
-2
2
3
-1
-4
-4
-6
-7
-5
-3
-1
-2
-3
0
-1
-1
0
0
1
-2
-3
-1
2
4
4
3
2
2
3
0
3
3
3
4
4
4
2
2
3
0
1
2
4
5
3
1
1
2
2
-1
1
5
4
2
1
1
0
-1
-2
-2
-2
-5
-4
-2
1
0
-2
-1
0
-2
-1
-1
-1
-1
-3
-5
-5
-1
-3
-2
-4
-6
-4
-3
-1
-3
0
-2
2
1
1
-2
0
2
1
2
3
3
0
-2
-1
2
4
4
2
2
4
5
3
1
2
0
1
0
1
1
2
0
2
3
2
1
-1
-4
-2
3
5
3
0
2
4
2
0
-1
-3
-4
-2
1
3
-1
-2
-2
-2
2
2
2
0
1
1
1
-2
-1
-5
-5
-4
-1
-2
-4
-5
-4
0
0
-1
-2
-2
-2
-1
0
0
0
3
2
3
1
1
0
-1
