-2
-3
0
0
2
1
0
1
2
0
-2
2
1
-2
-2
-1
1
1
1
-3
-4
-4
0
-2
-2
0
-5
-2
0
4
6
4
5
9
7
7
4
6
4
3
3
2
5
4
4
4
5
7
5
2
1
0
-1
-4
-7
-6
-4
-3
-4
-6
-4
-1
-4
-6
-6
-8
-6
-7
-9
-8
-8
-10
-12
-7
-9
-3
3
2
1
0
0
-1
2
-1
1
0
-3
-4
-1
3
5
7
7
4
4
6
7
8
7
5
8
9
8
6
6
6
5
3
4
3
1
3
1
0
-3
-4
0
2
1
-1
-4
-4
1
1
-3
-4
-4
-6
-7
-6
-7
-13
-11
-8
-7
-3
2
4
0
0
0
2
3
2
0
-3
-2
-2
-3
0
0
0
-3
1
1
-2
1
4
5
2
2
4
5
1
2
1
2
4
0
1
2
1
1
2
1
-1
-3
2
1
-2
-7
-4
-4
3
3
2
2
0
1
2
2
2
1
0
1
2
4
1
-1
1
3
3
3
3
2
-2
-2
-4
-1
-1
-4
-3
-2
0
-1
-5
-4
-4
-7
-4
-2
-3
-4
-2
-2
1
0
0
0
3
0
-4
-3
-4
1
0
-2
-6
-6
-2
0
-1
0
2
2
5
5
4
0
0
3
3
6
2
0
-1
2
1
5
5
4
7
9
9
4
1
1
1
4
5
3
3
1
-1
-2
-2
-4
-4
-7
-7
-7
-6
-4
-5
-5
-8
-5
-3
-3
0
3
3
3
2
0
-2
-2
0
-2
-3
-3
1
4
7
5
0
5
8
6
7
6
3
-1
-4
-6
-6
-3
-2
0
0
0
3
3
3
2
3
3
-1
-1
-3
-5
-2
-2
-2
-4
-2
0
1
1
-1
0
-2
-3
-3
-2
-2
-3
-2
2
0
0
6
6
3
0
5
7
8
6
-1
-3
-3
2
3
3
5
1
0
3
5
1
-3
-3
-2
-3
-5
-8
-14
-10
-8
-7
-2
-2
3
1
0
-1
0
-2
-1
-2
-1
-2
-4
-3
-1
0
-1
4
5
1
0
0
3
3
-1
-1
-2
0
5
6
9
8
4
5
3
1
-2
-2
-1
3
1
-5
-3
-3
2
2
6
5
1
3
5
8
8
7
8
9
6
5
4
2
3
2
1
1
-1
-3
-5
-6
-7
-7
-7
-8
-11
-14
-10
-8
-5
-5
-6
-7
-10
-4
-1
-1
-1
-1
-3
-2
1
2
0
-1
-2
-2
-2
-2
-2
0
1
1
-4
-4
-2
0
4
6
6
8
10
6
5
7
10
9
7
3
-1
-3
-1
-1
-1
2
2
6
4
6
7
3
-1
-3
-2
-5
-1
0
-1
-1
-2
-5
-5
-3
0
2
0
-1
-6
-3
-2
-4
-2
-3
-2
-2
-1
-2
-3
-5
-3
2
1
2
2
-2
3
6
8
5
5
6
0
0
1
3
0
-1
-1
0
2
1
-1
0
1
-3
-2
-2
-4
-6
-8
-8
-3
-3
-2
0
0
-2
-7
-9
-7
-5
-3
0
0
1
-7
-3
5
10
10
12
22
23
14
11
-1
16
24
22
30
16
30
50
50
37
15
10
23
36
39
-3
-10
0
-7
-13
-18
5
33
6
-43
-71
-54
-57
-72
-38
-16
-32
-80
-102
-122
-73
-74
-43
-90
-97
-73
-38
-28
41
93
110
142
-959
-711
1018
602
-438
304
373
-244
-149
322
256
-83
241
165
89
121
105
50
138
198
5
-62
23
3
-15
33
-36
-42
-110
-50
-53
-46
-47
-72
-69
-101
-128
-86
-14
-85
-26
-9
16
42
-62
-97
18
-13
26
119
34
-40
18
-22
-84
-48
17
87
37
42
-34
13
98
30
-22
29
-33
-57
36
11
-64
9
102
-1
-25
-41
-25
49
64
24
-21
-60
-86
-80
94
132
-39
-60
39
-80
-66
46
-30
-73
71
136
41
-49
-28
-17
-38
-7
12
79
11
-61
8
-25
-74
-1
-23
17
42
13
57
-2
-118
58
21
-58
111
86
-122
-27
82
56
-131
-97
102
123
-12
-4
65
-36
-121
26
62
-20
42
-17
-197
-50
205
-86
-184
67
11
24
86
-85
59
10
-185
1
205
35
-47
202
89
-329
-37
91
-205
39
44
-128
-33
-55
-78
66
81
32
41
13
23
-83
11
-19
-10
-60
-17
120
107
26
147
125
-63
-61
185
171
32
206
-29
-283
217
471
166
-152
272
414
-194
-341
165
99
-110
35
-66
-139
-153
-441
-251
69
-2190
-3021
-540
232
-320
952
1312
274
-32
1230
1362
456
1315
1130
196
293
210
-496
-550
-30
423
-434
-292
-174
-712
-542
-233
-510
-231
50
-465
220
116
-117
96
-398
-571
6
103
387
95
556
447
166
511
209
-71
582
456
-856
260
1140
-2228
-2814
1556
1218
-2315
-947
247
-889
-477
1318
1239
262
990
1670
-243
-1047
1842
1244
-233
894
570
-1270
-879
327
165
-441
-29
-106
-530
-706
-2625
-2017
-1278
-1305
-259
861
975
307
-1034
592
1665
465
674
472
1388
664
-167
1241
1271
-206
427
1131
543
376
75
-696
-443
540
-975
-1213
174
-180
-1219
-151
172
-1110
-985
368
-423
-611
112
308
242
-465
736
244
-571
-541
-40
-811
-1446
1323
1003
-43
126
105
-320
-257
798
1462
1230
412
322
-343
-49
-276
106
-343
-1756
-385
733
82
-435
-312
-493
-695
173
1155
842
1074
399
-775
-93
-434
-1057
-686
1239
167
-934
-343
-357
-695
-813
637
-395
-601
-236
208
690
596
583
-148
-1250
-63
867
680
1011
4
-273
-727
-733
254
744
941
220
-2144
-1643
50
103
103
-384
-190
-1617
-1075
-536
-865
-124
251
-41
-455
-98
815
917
1930
2122
255
-357
211
77
847
1385
738
-217
-1136
-1084
-1296
-508
1058
1493
1509
1491
858
1088
975
1427
2039
1550
1386
774
-66
-1272
-669
-722
-262
-155
-696
426
1649
3354
5299
4443
3139
5251
5599
5211
6042
6524
5254
3107
3164
2365
987
766
297
130
-448
-1330
-2876
-4277
-5648
-7597
-8416
-8454
-7287
-6951
-6957
-5091
-3407
-401
1551
1350
649
-1033
-3736
-5565
-6867
-10205
-13832
-15501
-17246
-15931
-13800
-12078
-9218
-7711
-5974
-3807
-453
1164
2751
4561
3064
2197
2552
2043
2531
4736
8093
10375
12075
13804
15864
17490
18512
18131
16480
15295
12167
9311
7594
6308
5317
2985
2658
221
-2022
-1780
-2961
-3210
-1819
-1155
-1117
566
1901
1045
2933
4647
3429
5021
4408
3410
3438
2663
2547
3262
2764
1637
872
-517
-980
-1085
-1819
-3238
-3250
-3250
-4838
-6571
-6473
-7497
-9242
-9239
-8458
-8216
-9401
-10520
-9232
-8421
-8984
-8147
-6706
-7007
-7359
-6549
-6280
-6072
-5839
-5060
-4651
-4585
-4759
-4806
-5029
-3960
-3365
-2865
-1379
-1122
-1873
-1679
-528
105
533
1141
2264
3604
3836
6264
8192
7788
9012
10870
11132
10510
10455
10938
10598
9707
9504
7660
4749
1579
-121
-2398
-4359
-3531
-2337
-2173
51
3418
4975
7740
10844
12327
12773
11195
9661
8563
8194
8076
7169
6446
4379
1569
-2594
-6113
-8760
-11550
-12401
-12458
-11973
-11152
-9939
-6980
-3243
-95
1880
1549
118
-2244
-3481
-3913
-5143
-6489
-7544
-7799
-8960
-10354
-10570
-10583
-10315
-8850
-8071
-8089
-7730
-6089
-3611
-2499
-847
2472
4373
4367
4853
6189
5930
4924
5684
5056
2934
1783
2189
2487
2731
4248
5244
5248
5749
6237
6394
7054
8602
9869
9709
8977
7224
5295
4221
3521
2670
1097
-1096
-2187
-3448
-5206
-5296
-4941
-5538
-5937
-5116
-5517
-6142
-5879
-5888
-6459
-6842
-6226
-5486
-4750
-3606
-1397
311
2706
5406
7145
8783
10304
11510
11238
12632
13970
12005
9440
7768
6353
4733
4891
5843
5048
5349
5063
3742
2416
302
-3280
-8884
-15527
-21259
-25299
-27915
-28848
-27038
-24201
-22858
-19183
-15167
-12561
-10414
-8074
-5662
-4116
-1748
1812
4392
5926
6866
7975
8211
7759
9043
8184
7370
7557
7110
5813
6158
7125
6479
6746
7785
6990
5884
6327
6591
5780
3611
1849
387
-1486
-3660
-4124
-3569
-3994
-3326
-777
2521
5685
9063
13221
16618
17577
16637
15109
13550
11266
9103
8202
7048
5566
4550
3570
2824
429
-2150
-3024
-4385
-7097
-9367
-10243
-11661
-13251
-13612
-12883
-12607
-11441
-9270
-8721
-8750
-7512
-6154
-5646
-4581
-3565
-3754
-3428
-2897
-2787
-3421
-4189
-3776
-3820
-3476
-2864
-2680
-1909
-1972
-2534
-2604
-2664
-2218
-366
658
-340
-453
-153
-566
-1058
-20
1083
832
1719
1636
582
731
887
779
1600
2275
1614
1498
1508
1389
1654
1937
2023
2393
3027
3223
3755
4335
5014
5299
5800
6787
7140
7530
7769
7534
7745
7614
6587
6043
6162
5724
5096
4857
3356
2026
1680
1085
14
-1091
-1484
-1893
-2554
-3280
-4213
-5706
-6186
-5787
-6198
-6276
-5792
-6234
-6412
-6238
-5776
-6251
-5976
-4292
-3529
-3391
-3411
-3414
-2946
-1858
-752
-36
-129
311
1235
3103
3497
3539
4850
5397
4493
4376
4876
4120
3713
3827
4038
3228
1589
204
-351
-628
-1568
-2519
-2639
-3202
-4685
-5414
-6013
-6581
-6742
-6181
-5983
-6720
-6129
-5839
-6127
-5935
-4574
-2774
-1893
-539
433
890
1175
1810
3046
3980
5095
6270
6226
5112
4874
5356
5482
5467
5862
5745
4668
4331
4120
4537
4600
4001
4357
4591
3636
2241
2229
3050
2643
1413
1051
841
-353
-1629
-1960
-1398
-2257
-3064
-2763
-2835
-3158
-4154
-4475
-3701
-3383
-3529
-3268
-2754
-2761
-3590
-3879
-3025
-2561
-2708
-2458
-1608
-1748
-2477
-2463
-1715
-1187
-1344
-1301
-1214
-967
-1317
-1007
28
351
-184
-271
132
275
958
1197
1305
1384
1641
1873
2012
2253
2246
2844
3313
2840
2051
1493
2009
2608
2107
1872
2179
1539
321
412
1700
1575
1446
1768
1045
220
243
696
899
1114
1190
934
788
578
146
-123
496
1140
641
621
998
667
-20
9
614
907
845
473
271
-243
-1132
-1364
-1566
-2362
-2443
-2202
-1701
-2110
-2565
-2568
-3257
-2972
-2607
-2294
-1595
-1279
-1339
-1470
-1357
-1653
-1941
-1236
-505
-271
-993
-1779
-1669
-1366
-1205
-817
-232
-298
-999
-1250
-1138
-394
-595
-986
-792
-911
-725
-1175
-1205
-499
-425
-701
-377
255
403
864
1834
1674
1368
1326
1400
1631
1055
636
837
871
614
969
1953
2217
2300
3002
3770
4470
4683
4510
5273
6249
6328
6090
5428
5151
4858
4634
4428
4010
3293
2490
1434
779
14
-849
-1224
-1773
-2537
-3261
-3873
-4373
-4184
-3777
-3998
-3898
-3484
-3322
-2925
-2679
-2200
-1649
-987
-867
-594
59
366
-177
-632
-758
-1093
-1185
-1806
-2092
-2288
-2984
-3993
-4152
-4353
-4420
-4457
-4655
-4417
-3888
-3723
-4089
-3865
-2666
-2169
-2154
-1373
-137
305
-49
251
1113
1731
1430
1823
2787
3136
2567
2842
3586
3307
3214
3831
3791
3298
3438
3619
3476
3139
3162
3242
2815
2722
2521
2406
1840
1145
1527
1222
735
924
854
-19
-154
43
-219
-82
-75
-105
60
-6
-209
-462
-531
-491
-33
180
-476
-662
-237
-199
-862
-887
-769
-867
-667
-715
-959
-1096
-925
-1107
-826
-625
-1027
-1031
-703
-780
-1098
-519
-176
-409
-766
-482
-159
-437
-478
-236
284
117
-857
-322
525
34
-457
-182
-18
-42
-307
-294
-39
-120
-296
-400
-324
-339
-50
-187
-845
-481
-310
-735
-904
-839
-330
-450
-993
-1372
-1163
-628
-785
-1266
-961
-478
-394
-937
-830
-68
-296
-451
128
902
1053
613
384
284
1197
1396
746
994
1464
1188
1100
1146
1144
1491
1075
934
1380
1532
1400
1247
1192
1612
1419
1294
1409
1276
848
1064
1650
923
441
600
688
230
38
25
87
-58
-228
-360
-413
-555
-972
-592
-473
-450
-847
-1046
-849
-758
-793
-1156
-903
-819
-784
-1093
-1328
-614
-665
-834
-763
-567
-806
-880
-546
-1038
-968
-288
-442
-567
-414
-411
-487
-867
-721
-313
108
31
-325
-238
-328
-463
-701
-141
285
-57
200
447
44
-258
67
387
60
12
237
458
401
-232
-555
-336
69
-1
-63
143
250
-6
-77
153
-253
-363
266
340
293
414
636
503
318
442
1013
921
565
1273
1560
1040
345
701
1241
935
578
953
1161
854
387
155
272
476
229
39
335
60
-378
-828
-480
-12
-473
-622
-210
-26
-517
-843
-446
-258
-289
-478
-217
5
-304
-599
-503
47
-67
-424
-185
169
-30
-379
-113
244
221
-172
-359
-54
-12
-136
-21
258
187
1
170
-185
-302
9
175
538
305
-157
28
19
-237
-29
-2
115
239
-8
-193
146
307
129
1
-27
178
16
177
256
-44
-38
167
198
-94
-125
84
-8
-414
-145
-15
-692
-988
-505
-267
-346
-566
-638
-625
-913
-930
-656
-409
-480
-704
-571
-376
-594
-847
-582
-114
-214
-492
-394
-76
47
-110
-104
298
391
173
249
451
695
835
747
499
551
850
1103
1318
1306
1176
1294
1534
1222
1373
1657
1490
1310
935
958
1084
827
955
1133
1007
797
288
372
780
572
-35
-26
261
-30
-551
-602
-542
-624
-776
-1125
-1380
-1377
-1569
-1805
-1723
-1698
-1783
-2226
-2389
-2089
-2012
-2263
-2192
-1680
-1405
-1523
-1660
-1395
-926
-621
-480
-150
259
452
640
816
972
1218
1394
1527
1816
1892
1894
1839
1599
1759
1946
1959
1814
1664
2124
1831
968
1006
1282
1276
1132
1135
1228
621
196
521
734
633
313
182
64
-89
-437
-982
-1321
-1363
-1194
-1414
-1894
-2116
-2389
-2798
-2898
-2852
-2772
-2791
-2727
-2469
-2299
-2178
-2041
-1758
-1363
-992
-572
-194
-21
151
436
753
1088
1471
1781
1937
1731
1593
1769
1860
1884
1898
1737
1554
1702
1833
1438
912
1078
1572
1580
1281
1185
1302
1308
1206
1251
1497
1403
898
831
1099
1194
842
595
869
976
480
-499
-1070
-954
-965
-1316
-1535
-1591
-1906
-2670
-3329
-3475
-3409
-3382
-3268
-2982
-2972
-3374
-3519
-3173
-2703
-2192
-1700
-1239
-859
-564
-191
167
552
1032
1426
1706
1925
2080
2219
2260
2147
2063
1983
1928
1945
1767
1631
1631
1459
1327
1244
1221
1471
1585
1392
1276
1327
1360
1283
1292
1456
1484
1311
1123
1287
1627
1451
1206
1314
1025
69
-959
-1294
-992
-982
-1445
-1970
-2473
-3150
-3899
-4145
-3902
-3681
-3723
-3803
-3709
-3786
-3973
-3787
-3143
-2228
-1524
-1186
-930
-624
-192
342
945
1572
2049
2316
2459
2575
2637
2705
2708
2496
2408
2373
2063
1668
1456
1446
1313
1054
951
945
1026
1125
1058
1050
1254
1316
1287
1353
1441
1612
1626
1459
1428
1422
1450
1717
1823
1103
-279
-1356
-1467
-1076
-1071
-1542
-2224
-3041
-3778
-4217
-4397
-4406
-4260
-4030
-3967
-4181
-4458
-4600
-4253
-3185
-2004
-1416
-1186
-830
-367
144
793
1539
2262
2881
3273
3283
2982
2844
3087
3322
3305
2990
2475
2071
1790
1487
1202
1011
977
970
783
599
581
628
760
1000
1217
1330
1391
1376
1247
1254
1567
1897
2130
2328
2191
1515
446
-777
-1386
-863
-255
-677
-1849
-2998
-3834
-4496
-4771
-4631
-4533
-4500
-4481
-4625
-4972
-5309
-5147
-4234
-2911
-1881
-1543
-1418
-880
-41
739
1493
2364
3142
3691
4008
3863
3383
3228
3578
3908
3751
3198
2505
1833
1486
1321
959
681
667
643
410
43
-124
105
588
1060
1262
1304
1418
1591
1742
1832
2019
2303
2377
2435
2470
1603
-140
-1246
-908
-235
-547
-1695
-2814
-3741
-4628
-5110
-5077
-4980
-5057
-5132
-5105
-5308
-5723
-5688
-4852
-3535
-2307
-1671
-1519
-1196
-417
579
1544
2388
3129
3763
4181
4367
4305
4011
3890
4156
4311
3853
3092
2492
1987
1476
1095
836
563
285
108
6
-92
-160
-16
513
1109
1317
1250
1335
1618
1881
2126
2513
2969
3214
2840
1481
-404
-1378
-841
-57
-439
-1761
-3080
-4181
-5062
-5312
-5037
-5011
-5392
-5537
-5376
-5558
-6044
-6023
-5093
-3687
-2573
-2145
-2028
-1462
-338
810
1733
2604
3403
4038
4539
4803
4630
4360
4499
4845
4765
4190
3496
2862
2171
1471
942
744
686
455
41
-337
-609
-645
-214
581
1126
1172
1096
1255
1504
1764
2192
2839
3421
3576
2858
1105
-777
-1206
-65
776
-177
-2119
-3640
-4556
-5206
-5408
-5268
-5328
-5624
-5758
-5922
-6382
-6672
-6113
-4818
-3493
-2734
-2556
-2363
-1522
-179
990
1792
2619
3538
4276
4767
5060
5001
4826
5016
5323
5017
4184
3469
3017
2551
1961
1276
641
319
235
-9
-469
-789
-775
-393
217
678
704
621
927
1560
2046
2329
2717
3424
3865
2952
742
-954
-543
888
975
-716
-2698
-4094
-4971
-5308
-5097
-5119
-5742
-6200
-6066
-6092
-6696
-7006
-6075
-4343
-3017
-2733
-2942
-2533
-1130
540
1676
2338
2956
3678
4409
5107
5514
5486
5309
5335
5396
5038
4283
3548
3069
2646
2018
1182
509
151
-19
-295
-605
-818
-810
-416
266
793
854
764
1072
1770
2469
2899
3293
3578
2800
752
-861
-309
1153
992
-899
-2771
-3970
-4876
-5241
-4989
-5154
-6124
-6800
-6641
-6538
-6918
-6926
-5995
-4638
-3679
-3323
-3112
-2390
-987
460
1447
2100
2748
3581
4548
5465
5871
5686
5423
5423
5548
5405
4872
4072
3335
2895
2427
1603
824
527
478
207
-263
-610
-632
-177
528
898
737
630
1119
1919
2486
2881
3399
3069
1148
-921
-812
861
1198
-612
-2803
-4177
-4891
-5115
-4906
-5081
-5979
-6875
-7048
-6745
-6597
-6667
-6336
-5269
-4102
-3673
-3564
-2727
-1003
685
1632
1931
2156
3008
4538
5867
6125
5582
5213
5366
5720
5773
5267
4355
3619
3343
3009
2103
1076
579
538
360
-143
-756
-981
-497
436
881
520
129
652
1721
2591
3130
3585
3006
884
-1083
-614
1396
1926
-65
-2711
-4413
-4998
-4829
-4458
-4838
-6063
-7203
-7447
-7007
-6431
-6181
-6081
-5493
-4384
-3728
-3615
-2814
-985
618
1240
1514
1988
2854
4265
5757
6246
5684
5147
5242
5590
5794
5521
4562
3430
2920
2751
2121
1222
749
481
39
-354
-489
-544
-240
584
1064
564
156
853
2074
2920
3602
3870
2367
-393
-1460
363
2205
1371
-1240
-3543
-4833
-4933
-4220
-4090
-5428
-6877
-7351
-7260
-7029
-6461
-6050
-6029
-5584
-4507
-3903
-3545
-2181
-93
1062
1219
1561
2436
3561
4942
6086
6191
5522
5289
5628
5917
5874
5420
4398
3239
2718
2547
1959
1156
602
137
-488
-887
-904
-727
-223
543
788
268
17
881
2092
2827
3306
3568
2367
-84
-1101
707
2494
1510
-1169
-3224
-4396
-4572
-3679
-3350
-5268
-7490
-7702
-6800
-6499
-6250
-5875
-6112
-6229
-4912
-3522
-3229
-2586
-646
681
658
1063
2548
3937
5005
5897
5846
4999
5080
6066
6377
5812
5281
4567
3373
2573
2370
1948
1290
799
167
-829
-1253
-935
-553
-302
33
180
-35
67
910
1762
2188
2563
3422
3235
1022
-989
46
2453
2280
-296
-2387
-3642
-4328
-3615
-2361
-3803
-7022
-7954
-6543
-5881
-6197
-5951
-5928
-6519
-5750
-3925
-3133
-2979
-1531
54
176
401
1879
3310
4043
4991
5570
4943
4653
5674
6323
5706
4983
4591
3684
3001
3147
2926
1675
665
475
56
-512
-476
-282
-461
-320
279
449
108
579
1598
2304
2671
3399
3190
1070
-785
314
2563
2363
-220
-2224
-3338
-4027
-3561
-2519
-3757
-6891
-7874
-6325
-5481
-5998
-6179
-6263
-6758
-6021
-4051
-3126
-3083
-2146
-727
-384
127
1693
3050
3617
4373
5046
4866
4747
5601
6060
5621
5090
4780
3999
3204
3058
2775
1905
1070
570
26
-430
-371
-266
-524
-615
-200
371
590
672
1089
1775
2366
2812
3385
2895
805
-585
1137
3267
2140
-1038
-2686
-3198
-3426
-2772
-2185
-4479
-7605
-7620
-5533
-5158
-6081
-6449
-6611
-6746
-5507
-3857
-3537
-3516
-2254
-823
-381
253
1565
2754
3620
4443
4703
4460
4796
5842
6186
5504
4703
4422
4384
4115
3419
2321
1527
1250
1070
575
-160
-820
-1043
-728
-264
-188
-100
88
312
849
1746
2493
2805
3439
3167
942
-835
844
3379
2528
-651
-2435
-3199
-3517
-2568
-1541
-3822
-7381
-7730
-5615
-4918
-5577
-6035
-6554
-6976
-5677
-3749
-3190
-3232
-2369
-1272
-662
238
1481
2296
3048
3965
4285
4076
4480
5532
5836
5309
4697
4308
4078
3921
3469
2460
1505
1233
1198
902
193
-451
-705
-420
21
269
372
441
388
730
1639
2442
2537
2826
3135
1715
-519
-18
2801
3049
-115
-2430
-2716
-3084
-3038
-1906
-2755
-6557
-8350
-6256
-4449
-5209
-6079
-6372
-6926
-6432
-4240
-3031
-3437
-3165
-1643
-848
-381
908
2173
2642
3257
4028
4073
4088
5117
5801
5239
4576
4625
4539
4011
3703
3288
2352
1610
1525
1408
738
23
-230
-269
-44
250
480
508
509
647
1164
1891
2363
2568
2917
2183
-74
-1071
1200
3204
1192
-2159
-3101
-2850
-2982
-2383
-2053
-4824
-8073
-7183
-4272
-4188
-5906
-6310
-6240
-6429
-5021
-3012
-2989
-3680
-2466
-910
-755
-104
1685
2591
2416
3049
4050
4199
4452
5322
5236
4237
4011
4724
4655
3928
3187
2355
1678
1957
2297
1424
114
-134
139
249
433
634
394
263
681
1058
1280
1827
2305
2496
2642
1782
-301
-755
1864
3114
253
-2868
-3012
-2584
-2756
-2191
-2518
-5870
-8079
-5994
-3530
-4585
-6272
-6432
-6429
-6045
-3894
-2487
-3483
-4056
-2237
-762
-525
308
1654
1903
2016
3147
4023
3943
4253
4853
4566
3887
4170
4802
4497
3545
2717
2321
2325
2531
2306
1419
476
161
428
842
872
570
373
626
919
1144
1538
1920
2018
2276
2600
1397
-777
-744
1785
2325
-659
-3205
-3125
-2801
-2748
-2211
-2983
-6315
-7886
-5518
-3383
-4552
-6107
-6182
-5972
-5324
-3342
-2353
-3318
-3600
-1834
-460
-176
592
1587
1763
1978
3024
3762
3958
4413
4688
4113
3747
4194
4573
4170
3552
2673
1901
1985
2666
2469
1300
493
422
562
849
1103
727
133
303
884
980
1157
1667
1792
1571
2141
1941
-164
-1335
985
2714
181
-3126
-3037
-2116
-2567
-2642
-2428
-4870
-7463
-5905
-2915
-3641
-6053
-6235
-5451
-5230
-3952
-2353
-2923
-3924
-2521
-596
-373
-160
988
1452
1324
2231
3325
3503
3707
4273
3987
3409
3914
4675
4275
3424
2849
2346
2263
2881
2911
1700
702
807
1183
1293
1377
1056
512
618
1275
1237
910
1152
1594
1546
1933
1957
177
-1674
-174
2424
1398
-2209
-3468
-2593
-2357
-2400
-2146
-3884
-6876
-6675
-3742
-3022
-5097
-6131
-5638
-5112
-4123
-2597
-2755
-3908
-3275
-1155
-319
-331
271
1016
1189
1857
2877
3232
3269
3780
3932
3527
3573
4197
4265
3715
3176
2693
2516
2933
3193
2351
1246
995
1368
1534
1432
962
353
348
1103
1366
874
681
1190
1499
1783
2214
1264
-1120
-1591
1111
2434
-234
-3156
-3104
-2454
-2436
-2057
-2352
-5243
-6993
-4879
-2523
-3697
-5522
-5638
-5240
-4763
-3047
-2138
-3362
-4034
-2386
-932
-789
-271
656
691
795
2040
2963
2971
3273
3830
3445
3057
3742
4507
4050
3315
2934
2744
2842
3325
3091
1903
1070
1329
1737
1557
1035
437
283
861
1507
1145
459
539
1198
1554
1966
1955
332
-1653
-817
1797
1609
-1583
-3328
-2657
-2291
-2408
-1972
-2899
-5750
-6447
-3923
-2541
-4143
-5359
-5058
-4873
-4417
-2806
-2307
-3416
-3504
-1795
-786
-501
364
998
596
955
2360
2990
2739
3182
3482
2923
2932
4073
4448
3623
3220
3244
2892
2866
3358
2936
1545
1113
1803
1937
1366
876
564
339
827
1521
1100
194
207
984
1362
1571
1571
100
-1899
-1309
1460
1851
-1307
-3629
-3155
-2247
-1981
-1756
-2857
-5724
-6401
-3770
-2129
-3771
-5391
-5266
-4712
-3821
-2200
-2125
-3590
-3603
-1518
-409
-562
-159
383
295
917
2350
2725
2295
2807
3516
3164
3053
3893
4260
3617
3339
3384
3041
2948
3426
3071
1731
1123
1659
1931
1473
930
451
263
828
1572
1175
96
-75
724
1360
1604
1638
511
-1478
-1716
661
2018
-155
-3121
-3425
-2301
-1713
-1642
-2283
-4662
-6382
-4745
-2161
-2564
-4678
-5408
-4814
-3962
-2588
-1865
-2971
-3910
-2624
-796
-435
-454
-35
144
489
1767
2737
2498
2373
3043
3227
3047
3591
4307
3927
3135
3019
3065
2985
3208
3226
2269
1184
1280
1886
1818
1175
463
101
375
1132
1312
444
-238
85
845
1214
1224
966
-397
-1794
-1101
1267
1506
-1292
-3292
-2516
-1605
-1646
-1769
-2459
-4758
-5506
-3217
-1616
-3196
-4944
-4774
-4065
-3395
-2096
-1931
-3265
-3501
-1709
-486
-690
-567
-59
43
675
2009
2558
2074
2182
2863
3034
3252
3798
3860
3199
2898
3109
3087
3105
3167
2539
1559
1229
1769
1894
1433
716
85
39
712
1291
945
-17
-297
219
971
1219
1056
642
-482
-1428
-569
1374
1062
-1663
-3080
-1978
-1174
-1368
-1615
-2507
-4638
-4921
-2717
-1651
-3500
-4993
-4649
-3807
-3092
-2093
-2304
-3580
-3505
-1569
-349
-554
-709
-460
-177
787
2141
2490
1978
2004
2726
3180
3513
3679
3439
3052
3199
3427
3291
3002
2813
2313
1850
1695
1767
1620
1329
817
227
102
504
772
512
-44
-381
-81
660
1076
769
388
-371
-1161
-628
1276
1302
-1297
-2967
-1849
-881
-1131
-1516
-2241
-4260
-4680
-2532
-1414
-3209
-4709
-4283
-3613
-3177
-2240
-2268
-3487
-3468
-1720
-598
-824
-786
-420
-157
590
1757
2141
1847
2002
2573
2844
3182
3526
3432
3022
3018
3243
3187
3085
2968
2538
2025
1870
1888
1584
1096
700
263
131
309
493
227
-128
-244
54
549
821
528
532
616
-153
-1136
-265
1241
437
-1811
-2177
-1228
-1206
-1583
-1611
-2778
-4509
-3957
-2038
-2122
-3907
-4460
-3899
-3465
-2813
-2135
-2769
-3568
-2666
-1046
-697
-933
-649
-235
266
1317
2107
1910
1732
2306
2847
3032
3340
3501
3107
2886
3300
3580
3275
2842
2455
2055
1876
1888
1553
965
657
590
355
129
132
241
205
81
-120
-51
393
765
634
620
434
-552
-1163
325
1782
383
-2127
-2228
-1021
-872
-1254
-1552
-3011
-4527
-3589
-1691
-2181
-4105
-4517
-3749
-3211
-2652
-2260
-3044
-3666
-2478
-826
-709
-1092
-791
-249
225
1205
1981
1837
1680
2299
2825
2868
3168
3561
3334
2886
2995
3148
2987
2747
2458
1799
1427
1671
1881
1388
691
271
210
445
691
513
-4
-230
1
544
874
764
453
706
750
-181
-926
201
1305
234
-1697
-1918
-1421
-1428
-1458
-1547
-3042
-4415
-3529
-1815
-2231
-3874
-4439
-3893
-3185
-2416
-2214
-3104
-3547
-2284
-649
-404
-793
-823
-394
360
1542
2105
1738
1500
2214
2929
3150
3222
3213
2825
2588
2886
3096
2827
2476
2199
1703
1346
1502
1630
1099
402
157
210
256
289
186
-141
-331
-120
265
417
260
160
634
1178
599
-586
-320
1123
1164
-463
-1365
-1052
-955
-1011
-870
-1725
-3530
-3764
-2232
-1705
-3039
-4019
-3826
-3272
-2642
-2065
-2520
-3366
-2925
-1432
-822
-1119
-1139
-691
-180
649
1409
1478
1340
1836
2387
2462
2600
3047
3083
2704
2568
2680
2654
2614
2526
2090
1576
1447
1464
1231
883
503
111
-24
186
242
20
-151
-128
-18
353
680
586
475
951
1069
163
-330
745
1516
368
-1154
-1288
-938
-973
-916
-1221
-2689
-3771
-2840
-1654
-2308
-3692
-3943
-3484
-2992
-2430
-2269
-3039
-3371
-2301
-1043
-934
-1122
-797
-314
193
1025
1633
1536
1507
2058
2564
2700
2914
3048
2798
2517
2673
2859
2768
2488
2085
1523
1179
1216
1233
811
235
-57
16
150
124
-25
-154
-138
19
333
594
593
482
733
1163
861
-45
-138
916
1258
115
-1019
-951
-717
-762
-968
-1589
-2919
-3353
-2436
-1769
-2639
-3654
-3796
-3301
-2754
-2335
-2612
-3142
-2822
-1683
-1035
-1115
-1106
-746
-208
460
1116
1330
1410
1705
2176
2433
2656
2785
2755
2582
2582
2641
2599
2364
2011
1673
1517
1501
1373
1049
674
428
314
316
288
195
56
28
80
208
427
608
577
592
1017
1258
507
-426
-35
1060
875
-481
-1261
-1157
-1136
-1046
-954
-1800
-3338
-3405
-2153
-1786
-2877
-3630
-3637
-3317
-2649
-1954
-2374
-3189
-2732
-1377
-759
-823
-676
-421
-22
843
1630
1516
1327
1817
2444
2521
2576
2721
2658
2478
2577
2601
2365
2126
1995
1706
1372
1224
1125
875
555
324
159
87
53
43
27
47
30
95
342
633
643
577
807
1000
448
-247
170
1146
827
-648
-1348
-956
-783
-980
-1160
-1945
-3200
-3192
-2007
-1874
-3150
-3844
-3473
-3048
-2683
-2264
-2500
-3020
-2463
-1196
-716
-949
-774
-315
124
767
1484
1563
1439
1783
2319
2490
2673
2906
2771
2348
2291
2523
2580
2350
2004
1621
1441
1536
1565
1192
608
241
227
369
372
189
-30
-132
-66
134
345
385
296
364
738
750
50
-491
185
999
426
-885
-1179
-814
-858
-1087
-1265
-2123
-3107
-2733
-1780
-2056
-3219
-3552
-3188
-2764
-2374
-2076
-2535
-2846
-2157
-1007
-755
-916
-779
-287
193
851
1305
1247
1164
1619
2186
2326
2302
2298
2274
2276
2470
2508
2291
2012
1846
1616
1440
1381
1298
1000
695
533
517
456
321
201
230
312
286
221
327
517
564
583
782
894
380
-198
173
1072
820
-459
-1110
-816
-778
-971
-1045
-1716
-3018
-3133
-1992
-1761
-2926
-3561
-3213
-2909
-2680
-2249
-2425
-3017
-2619
-1407
-992
-1310
-1158
-599
-251
275
980
1157
1004
1405
1984
2112
2165
2507
2558
2325
2321
2496
2383
2274
2284
2061
1597
1437
1483
1281
876
627
489
348
281
318
284
196
167
232
320
520
644
584
578
897
778
33
-223
658
965
-98
-1110
-938
-814
-1067
-1110
-1284
-2362
-3014
-2372
-1795
-2383
-3067
-3136
-3051
-2803
-2233
-2123
-2715
-2748
-1867
-1136
-1075
-972
-692
-409
79
842
1176
1094
1226
1679
1936
2105
2400
2488
2217
2126
2365
2457
2245
2042
1860
1595
1448
1481
1369
983
634
502
490
465
378
210
91
68
114
165
302
377
335
417
809
789
107
-221
536
1004
238
-717
-810
-811
-934
-808
-1031
-2283
-3046
-2312
-1596
-2215
-3028
-3168
-3086
-2816
-2142
-1978
-2641
-2759
-1845
-1096
-1021
-874
-600
-463
-44
754
1126
1021
1204
1681
1915
2055
2371
2479
2288
2242
2442
2480
2338
2188
2000
1684
1458
1364
1190
817
471
326
266
124
-46
-114
-114
-76
-26
-1
5
207
486
584
569
740
571
-33
-135
674
901
-51
-888
-768
-667
-816
-824
-1182
-2265
-2719
-2016
-1673
-2383
-2939
-2849
-2779
-2580
-2121
-2123
-2623
-2351
-1381
-890
-1026
-837
-419
-110
339
999
1189
1048
1272
1787
1986
2062
2298
2387
2196
2169
2336
2285
2046
1900
1745
1452
1235
1112
922
687
518
312
157
189
264
161
93
109
79
86
415
645
436
232
553
718
165
-299
180
656
97
-772
-886
-805
-1050
-1082
-1019
-1794
-2781
-2512
-1654
-1821
-2659
-2904
-2765
-2659
-2252
-1809
-2135
-2537
-1965
-990
-711
-721
-414
-76
197
751
1249
1244
1216
1630
1970
1946
2001
2231
2225
2022
2015
2082
2041
1989
1904
1591
1268
1153
1073
838
667
443
93
-57
144
222
4
-50
131
175
206
534
753
581
495
866
871
201
-182
380
752
140
-644
-784
-889
-1082
-986
-1069
-2045
-2842
-2411
-1842
-2252
-2902
-3053
-3065
-2861
-2237
-1900
-2279
-2393
-1850
-1276
-1011
-737
-557
-452
-6
698
1024
1025
1228
1594
1828
2020
2298
2369
2290
2301
2417
2345
2198
2066
1889
1652
1494
1375
1190
1014
846
634
418
373
378
382
310
280
204
179
166
269
338
375
390
608
587
82
-352
106
651
214
-762
-1088
-997
-1045
-1078
-1291
-2176
-2989
-2646
-1991
-2192
-2845
-2997
-2937
-2707
-2223
-1922
-2343
-2462
-1768
-980
-885
-817
-575
-301
36
719
1168
1198
1251
1639
1931
2103
2293
2386
2251
2193
2285
2264
2146
2082
1928
1604
1399
1366
1261
1021
830
643
407
287
313
286
143
90
139
185
204
282
375
421
436
559
633
310
-156
-24
571
464
-415
-986
-864
-842
-928
-1077
-1659
-2617
-2706
-2087
-2028
-2743
-3104
-3077
-2923
-2515
-2030
-2242
-2622
-2210
-1369
-1005
-886
-644
-436
-158
476
1051
1160
1189
1454
1762
1996
2253
2327
2186
2176
2357
2396
2264
2153
1986
1675
1457
1393
1266
1047
808
546
335
340
342
185
80
162
174
132
245
406
395
411
578
734
813
693
243
-45
389
805
228
-703
-986
-972
-1147
-1130
-1266
-2158
-2941
-2501
-1933
-2337
-2948
-2941
-2939
-2895
-2350
-1912
-2306
-2484
-1791
-1132
-1084
-909
-476
-247
-2
607
1049
1052
1192
1581
1772
1854
2184
2423
2275
2104
2239
2315
2179
2025
1875
1592
1348
1303
1253
1062
777
447
137
152
377
452
255
174
249
282
305
498
716
725
645
758
955
703
75
-117
405
541
-191
-894
-983
-1139
-1397
-1369
-1547
-2467
-2968
-2446
-2075
-2586
-2969
-2869
-2854
-2775
-2277
-2063
-2376
-2232
-1491
-1063
-1046
-736
-313
-48
374
1016
1239
1215
1480
1904
2012
2134
2403
2460
2228
2211
2322
2221
1973
1860
1724
1510
1374
1268
1017
759
662
543
326
220
252
162
16
64
218
215
176
237
345
408
495
615
701
500
60
-127
232
359
-264
-979
-1085
-1083
-1263
-1384
-1632
-2364
-2755
-2314
-1980
-2402
-2806
-2796
-2749
-2595
-2146
-1953
-2178
-2031
-1375
-937
-842
-558
-169
83
449
1009
1262
1245
1426
1800
1965
2050
2244
2332
2216
2170
2196
2101
1994
1989
1872
1547
1326
1298
1215
970
756
576
413
351
418
363
175
64
111
99
77
174
326
317
291
437
564
250
-305
-405
21
110
-473
-1031
-1197
-1373
-1528
-1474
-1729
-2494
-2761
-2224
-2019
-2513
-2761
-2612
-2587
-2403
-1894
-1807
-2099
-1791
-1042
-748
-714
-333
71
332
788
1256
1275
1296
1667
1976
1974
2096
2299
2260
2128
2187
2160
1947
1838
1837
1635
1328
1170
1085
921
753
612
452
295
208
135
23
-46
16
108
61
-6
104
303
366
289
296
480
534
148
-252
-46
331
-5
-735
-1026
-1043
-1255
-1341
-1369
-1899
-2586
-2492
-2053
-2157
-2611
-2772
-2729
-2501
-2077
-1825
-1958
-1898
-1444
-1009
-776
-514
-227
56
424
801
1002
1156
1402
1636
1790
1954
2112
2197
2222
2203
2141
2092
2063
1999
1859
1690
1504
1328
1207
1130
929
619
391
340
294
192
97
51
2
25
83
100
105
240
335
269
205
332
264
-141
-381
-111
2
-481
-1016
-1098
-1150
-1349
-1440
-1627
-2237
-2594
-2226
-1899
-2192
-2499
-2500
-2471
-2291
-1799
-1590
-1847
-1822
-1257
-848
-739
-492
-177
-65
212
808
1181
1166
1267
1575
1749
1862
2128
2259
2129
2100
2235
2169
2008
1996
1930
1626
1404
1354
1230
969
767
563
386
353
387
266
65
11
94
144
160
214
220
152
141
278
381
297
-18
-381
-451
-134
-99
-695
-1286
-1320
-1265
-1352
-1428
-1679
-2277
-2450
-2002
-1782
-2156
-2402
-2326
-2222
-2035
-1717
-1656
-1777
-1529
-1030
-747
-674
-438
-129
209
512
768
902
1175
1486
1663
1719
1926
2131
2207
2219
2212
2106
2047
2119
2070
1786
1481
1366
1306
1231
1034
711
368
288
345
285
24
-152
-162
-51
18
-8
-113
-133
-27
94
124
139
174
-13
-367
-385
10
15
-569
-995
-962
-1061
-1241
-1180
-1338
-2054
-2407
-2002
-1738
-2060
-2259
-2195
-2213
-2171
-1854
-1708
-1810
-1626
-1160
-881
-765
-501
-237
9
400
841
1017
1141
1435
1691
1738
1877
2150
2245
2143
2096
2130
2116
2107
2058
1845
1501
1296
1228
1189
1032
730
402
279
292
236
75
-54
-116
-117
-67
-29
-66
-62
39
132
145
187
286
213
-122
-299
-49
57
-365
-832
-881
-926
-1093
-1131
-1249
-1832
-2210
-1981
-1817
-2109
-2264
-2180
-2243
-2210
-1852
-1678
-1849
-1672
-1175
-945
-920
-597
-235
-38
253
695
900
994
1307
1645
1727
1761
1927
1991
1955
1983
1996
1866
1795
1801
1679
1449
1320
1217
1030
862
731
544
393
371
299
112
-4
36
115
114
64
17
37
136
277
324
281
280
272
82
-87
23
61
-341
-774
-865
-943
-1180
-1285
-1385
-1824
-2208
-2084
-1869
-2033
-2286
-2311
-2236
-2143
-1917
-1713
-1675
-1598
-1298
-960
-722
-459
-162
63
319
674
980
1174
1400
1575
1625
1766
2069
2192
2018
1881
1937
1999
1958
1886
1688
1379
1169
1176
1113
874
592
407
254
175
129
49
-58
-79
-50
-66
-58
21
84
70
91
159
181
186
191
21
-277
-255
5
-107
-673
-1038
-1073
-1117
-1193
-1230
-1543
-2033
-2119
-1837
-1803
-2034
-2090
-2011
-1970
-1841
-1606
-1549
-1527
-1236
-839
-694
-571
-266
40
239
549
876
1031
1169
1449
1650
1686
1781
1971
2038
1997
1921
1833
1777
1814
1765
1523
1260
1137
1067
975
839
642
446
340
305
212
117
72
76
36
-33
-64
-25
36
66
49
-4
-47
-14
6
-140
-313
-285
-240
-496
-830
-940
-988
-1153
-1241
-1329
-1640
-1957
-1906
-1760
-1822
-1952
-1991
-2073
-1997
-1650
-1384
-1442
-1410
-1122
-803
-577
-308
-79
87
294
589
837
1026
1217
1388
1477
1550
1686
1817
1833
1789
1739
1674
1635
1639
1544
1349
1220
1147
1035
937
813
586
402
394
397
301
171
57
-4
81
220
228
157
152
158
158
212
287
247
71
-172
-315
-271
-225
-492
-908
-1122
-1152
-1223
-1308
-1445
-1759
-2046
-1941
-1683
-1738
-2013
-2045
-1896
-1784
-1650
-1437
-1383
-1364
-1083
-683
-540
-463
-181
182
413
627
819
957
1148
1425
1579
1615
1688
1767
1747
1742
1802
1798
1699
1611
1511
1344
1211
1153
1066
903
729
558
448
412
340
199
129
127
88
47
70
79
19
-43
-45
1
32
23
-12
-127
-352
-436
-244
-151
-496
-916
-1001
-952
-1053
-1157
-1293
-1641
-1912
-1744
-1546
-1736
-1979
-1951
-1867
-1766
-1534
-1406
-1495
-1362
-923
-636
-572
-376
-79
130
395
777
990
1007
1154
1440
1599
1642
1716
1777
1787
1813
1809
1718
1636
1626
1546
1355
1196
1075
925
811
737
568
388
367
386
257
116
92
64
-1
20
46
-31
-106
-69
-37
-47
-54
-74
-187
-383
-547
-543
-456
-617
-992
-1170
-1101
-1150
-1272
-1315
-1503
-1863
-1847
-1513
-1460
-1743
-1824
-1705
-1555
-1310
-1037
-1049
-1097
-853
-482
-274
-49
174
258
372
724
1010
1082
1166
1344
1417
1490
1652
1725
1621
1589
1643
1595
1446
1376
1310
1159
988
899
860
763
564
377
309
296
225
159
135
89
-3
-14
30
21
-49
-42
7
36
1
-21
-38
-105
-305
-470
-409
-235
-346
-730
-1006
-1001
-1009
-1115
-1222
-1353
-1613
-1716
-1538
-1422
-1649
-1852
-1763
-1532
-1367
-1209
-1139
-1141
-982
-597
-340
-251
-78
218
392
559
844
1056
1090
1208
1438
1542
1546
1652
1731
1621
1526
1585
1613
1490
1364
1235
1079
985
974
864
635
445
387
347
269
165
70
-16
-48
-47
-55
-83
-87
-70
-104
-179
-187
-129
-109
-152
-268
-436
-507
-408
-411
-670
-922
-970
-985
-1043
-1103
-1244
-1497
-1577
-1428
-1373
-1492
-1515
-1458
-1453
-1368
-1139
-1013
-982
-814
-581
-477
-306
16
261
340
474
678
863
1069
1283
1338
1308
1409
1591
1642
1610
1565
1489
1404
1417
1404
1221
979
874
849
765
602
438
293
218
198
169
66
-46
-72
-26
-11
-59
-94
-74
-57
-98
-140
-139
-136
-178
-259
-354
-435
-472
-502
-621
-806
-935
-999
-1042
-1078
-1200
-1427
-1526
-1388
-1317
-1438
-1481
-1396
-1376
-1308
-1035
-837
-884
-831
-534
-276
-112
108
279
349
500
781
1016
1119
1153
1182
1281
1433
1514
1482
1442
1401
1346
1340
1369
1275
1096
1000
969
886
797
740
652
512
422
397
373
316
232
155
107
79
23
-47
-106
-173
-254
-308
-395
-575
-726
-729
-725
-915
-1165
-1273
-1304
-1358
-1374
-1408
-1602
-1771
-1648
-1438
-1439
-1500
-1416
-1309
-1209
-978
-746
-685
-568
-255
-17
33
197
499
691
800
955
1061
1100
1247
1430
1438
1378
1430
1476
1405
1332
1308
1249
1153
1074
960
793
676
658
609
441
252
185
196
168
86
-18
-92
-71
25
44
-72
-166
-131
-29
32
-9
-137
-223
-186
-118
-162
-315
-453
-527
-556
-583
-692
-870
-986
-1011
-1064
-1178
-1229
-1212
-1234
-1269
-1239
-1220
-1231
-1135
-964
-900
-881
-711
-482
-372
-305
-158
5
177
406
579
585
579
718
917
1015
1030
1044
1082
1126
1200
1257
1228
1140
1123
1152
1137
1123
1140
1099
1004
938
906
866
845
816
700
555
481
420
321
225
103
-73
-229
-329
-468
-633
-753
-885
-1088
-1231
-1281
-1379
-1507
-1519
-1536
-1660
-1711
-1610
-1554
-1541
-1437
-1313
-1270
-1163
-927
-724
-595
-429
-250
-109
76
308
450
518
639
785
864
908
970
976
946
961
997
945
853
817
818
782
737
715
683
633
616
648
667
642
620
645
673
673
676
693
670
619
600
605
557
455
361
283
172
49
-48
-156
-322
-499
-621
-718
-850
-989
-1092
-1208
-1344
-1405
-1398
-1443
-1514
-1517
-1484
-1469
-1392
-1237
-1144
-1109
-983
-784
-643
-522
-343
-172
-58
66
223
347
439
547
644
697
730
756
779
816
856
859
823
809
819
826
849
897
895
856
881
954
983
971
981
999
1002
995
960
893
834
791
716
574
384
207
99
29
-118
-381
-630
-765
-827
-897
-1023
-1220
-1394
-1423
-1366
-1379
-1453
-1490
-1466
-1393
-1272
-1156
-1100
-1013
-849
-707
-630
-521
-363
-237
-140
-34
27
63
184
329
384
374
393
435
488
558
597
571
551
583
638
711
780
793
781
813
879
938
1001
1034
990
938
969
1015
981
907
851
771
658
567
474
334
186
70
-78
-286
-453
-533
-611
-771
-955
-1077
-1140
-1157
-1160
-1188
-1268
-1315
-1242
-1126
-1077
-1074
-1034
-948
-820
-688
-604
-560
-485
-361
-246
-149
-79
-37
31
154
249
264
287
366
400
402
463
543
558
560
614
662
668
708
765
783
804
892
968
961
942
964
995
1004
987
921
843
817
789
685
536
399
276
166
72
-80
-288
-453
-555
-676
-805
-896
-998
-1122
-1173
-1160
-1199
-1271
-1281
-1244
-1193
-1116
-1070
-1059
-981
-822
-687
-607
-542
-490
-406
-230
-73
-50
-54
25
124
194
272
321
302
323
410
449
440
470
513
544
623
715
724
714
783
861
886
940
994
958
909
951
999
960
911
878
796
696
646
579
445
323
239
115
-32
-147
-269
-403
-495
-574
-698
-839
-931
-977
-1009
-1035
-1076
-1126
-1149
-1106
-1028
-978
-957
-939
-889
-821
-727
-632
-582
-551
-480
-381
-304
-222
-131
-67
-31
40
119
180
234
293
343
388
456
516
550
573
631
692
738
778
808
827
860
912
937
930
916
908
889
872
849
795
715
640
554
466
386
311
209
88
-36
-160
-250
-317
-407
-538
-661
-745
-785
-810
-870
-966
-1035
-1034
-1005
-993
-994
-989
-964
-899
-823
-756
-699
-614
-527
-451
-366
-274
-193
-118
-33
22
69
140
218
261
302
347
376
404
457
503
507
519
543
562
576
612
631
628
631
651
661
658
669
662
635
609
595
565
529
489
436
376
322
273
207
138
72
0
-78
-149
-225
-303
-376
-444
-510
-572
-621
-664
-703
-745
-782
-808
-814
-803
-791
-791
-787
-761
-709
-639
-568
-509
-456
-379
-283
-188
-107
-43
7
60
123
183
230
259
278
305
341
386
414
428
437
462
495
523
542
546
542
551
589
613
613
601
602
608
593
572
540
493
431
376
326
262
183
114
52
-22
-109
-180
-231
-297
-384
-451
-483
-521
-572
-609
-617
-629
-642
-644
-629
-614
-597
-559
-526
-519
-507
-450
-362
-319
-334
-321
-246
-174
-138
-121
-104
-70
-16
58
101
91
96
167
248
265
244
264
328
380
390
386
397
423
441
438
435
427
423
438
447
417
366
373
433
432
327
261
316
366
302
202
174
170
135
86
27
-61
-133
-133
-129
-220
-359
-394
-336
-332
-427
-514
-515
-466
-447
-478
-503
-487
-457
-437
-415
-384
-361
-337
-298
-268
-250
-202
-119
-87
-137
-143
-21
96
65
-10
24
137
212
212
183
154
180
277
361
311
199
217
351
425
357
275
270
296
312
317
291
216
174
216
247
196
108
96
111
74
30
26
29
-24
-74
-78
-70
-80
-110
-130
-150
-154
-139
-130
-150
-192
-188
-141
-109
-140
-177
-169
-135
-114
-137
-158
-173
-163
-125
-105
-129
-170
-144
-76
-51
-89
-110
-57
15
44
23
10
44
109
151
139
104
113
184
220
174
107
113
182
200
138
65
69
107
111
66
12
11
44
61
24
-41
-48
-1
35
3
-43
-38
0
17
-16
-58
-72
-47
-24
-36
-76
-102
-91
-70
-89
-132
-145
-112
-70
-69
-98
-109
-97
-76
-55
-54
-53
-35
-5
16
16
13
11
19
34
60
76
69
67
78
87
78
64
61
66
75
85
85
59
36
38
44
35
4
3
20
25
17
2
-7
-20
-24
-13
-2
-10
-22
-18
-8
-15
-25
-31
-31
-28
-19
-5
-3
-12
-14
-7
-5
-5
1
10
10
11
5
-6
-22
-27
-24
-20
-20
-25
-22
-27
-43
-59
-62
-52
-46
-40
-32
-30
-33
-33
-29
-25
-21
-11
14
31
29
24
28
31
28
33
52
70
73
67
64
59
47
32
27
36
45
47
41
23
2
-8
-7
-8
-14
-15
5
18
0
-25
-28
-14
-9
-13
-4
8
5
0
1
-4
-19
-25
-20
-12
-23
-31
-16
-8
-23
-36
-30
-19
-21
-29
-20
-15
-22
-27
-14
-9
-20
-18
-4
6
-1
-6
-3
0
-1
-1
-1
-2
-3
4
13
15
13
13
16
15
9
7
12
20
19
18
21
16
12
12
12
13
14
18
24
20
12
3
1
2
7
10
7
7
6
11
4
-7
-8
-11
-6
-1
-4
2
4
3
1
-11
-15
-13
-10
-9
-19
-21
-14
-17
-21
-17
-22
-24
-19
-17
-16
-17
-20
-13
-6
-5
-1
-2
2
7
8
14
10
5
11
16
14
12
8
14
19
12
9
9
7
11
8
6
5
3
4
1
-6
-7
-6
-8
-9
-11
-7
-4
-5
-5
-5
-5
-5
0
1
0
2
3
4
2
3
7
12
10
4
2
3
0
-8
-2
-2
-5
-2
2
5
0
-1
-2
-5
-9
-9
-6
-7
-9
-9
-5
-4
-6
-4
-1
-1
-1
-1
3
5
7
11
13
10
4
5
6
6
6
6
7
9
11
8
9
5
0
-4
-5
-5
-10
-12
-11
-8
-11
-7
-6
-6
-3
0
1
1
4
1
0
1
-1
-5
-3
-6
-5
-2
1
2
-1
0
2
6
8
8
2
1
0
2
0
-6
-5
-1
-1
1
8
6
5
4
5
0
-6
-7
-8
-8
-10
-5
-3
-5
-6
-3
-1
3
1
-1
2
0
-3
-4
-3
0
-5
-6
0
1
1
6
12
9
5
7
10
9
5
4
8
4
7
9
8
4
6
11
13
6
-1
-3
-4
-1
-5
-11
-14
-14
-14
-12
-11
-8
-3
-1
-2
-4
-7
-4
3
1
-2
-5
-8
-6
-2
0
2
2
4
8
9
3
5
9
13
10
7
-2
-2
2
2
-3
-7
-5
-9
-7
-2
-2
-3
0
-2
-2
-4
-6
-5
-7
-11
-13
-5
-2
-2
-1
2
10
12
12
6
4
2
5
9
7
-3
-2
2
6
5
3
2
2
-1
3
8
8
7
2
5
4
2
-1
-3
0
5
7
6
0
-9
-8
0
1
-2
-7
-6
-2
-1
-4
-8
-5
-4
-4
-2
-4
-8
-9
-8
-5
-2
-6
-8
-6
-5
-5
-4
-2
-2
-2
2
4
1
0
0
6
7
5
3
1
2
1
2
5
3
2
5
5
3
5
6
0
-4
-3
-2
0
2
2
1
4
6
8
7
2
-2
-3
0
3
5
3
0
-5
-2
3
7
2
-1
-2
-2
0
1
2
-2
-3
1
3
-1
-2
-3
-4
-4
-6
-5
-7
-6
-2
0
-1
0
0
-2
-3
-4
-1
1
-4
-10
-8
-1
0
-3
-1
3
3
1
1
5
2
-2
1
3
-1
-3
-1
0
2
2
4
3
2
0
0
0
-3
-3
3
-1
-3
1
3
-1
-4
-1
2
5
2
4
2
3
3
7
7
2
3
4
4
2
0
-1
-4
-5
0
-3
-3
-1
-4
-6
-6
-2
2
0
-2
-1
5
5
2
0
-1
1
-1
2
1
-3
-5
-3
3
5
3
0
-1
2
1
-2
-1
-1
-2
-2
1
0
-3
-3
-2
0
-1
-3
-4
-3
-3
-1
-1
-1
-2
-2
-2
-3
-1
-4
-1
-2
-1
0
4
4
2
0
0
3
3
2
-1
-3
2
4
2
3
-1
2
5
5
5
5
7
6
3
-2
-3
-1
-1
4
2
2
4
-2
1
2
3
-4
-4
-4
-1
-1
-3
-4
-4
2
1
-1
-1
-2
-3
-4
-6
-10
-6
-1
-3
-1
-2
-6
-5
-1
1
7
9
7
5
4
4
3
-1
2
2
1
2
4
3
1
2
2
1
-3
-4
-1
-5
-7
-9
-8
-6
-4
-4
-5
-7
-4
-3
2
4
4
3
5
9
6
2
4
2
0
-2
1
3
1
0
1
2
4
3
6
4
1
2
5
3
-2
2
3
2
3
-1
-3
-1
1
1
0
-2
-4
-1
1
2
2
-1
-2
-4
-6
-1
-4
-6
-7
-4
0
-3
1
2
2
2
-2
1
-3
-3
0
-4
-2
-1
0
3
2
1
5
4
5
3
0
-2
-2
-6
-3
2
0
0
-3
-3
-5
-7
-1
3
3
