1
-1
-2
0
-2
-4
-1
0
0
-1
-3
-1
-1
0
-2
-1
-2
2
0
1
1
-2
-1
-1
-3
-2
1
4
1
-2
-1
1
4
5
1
2
2
2
5
4
5
3
2
1
-2
-1
-1
-2
-2
-2
1
-1
-2
-3
0
2
2
1
1
1
-1
0
4
4
2
4
0
1
2
2
2
-1
0
0
-2
0
-1
-2
-3
-4
-1
-2
-1
-1
-1
0
1
4
3
0
-1
0
1
-2
-5
-2
0
1
1
-2
-2
-1
-3
-3
0
1
-1
-3
-3
-2
0
-2
-6
-2
0
2
1
-2
-3
-2
0
2
5
5
4
1
0
1
1
3
0
0
1
3
2
2
1
2
3
1
2
0
-1
0
0
-2
2
1
-1
-3
0
0
2
3
-1
1
2
3
2
2
3
2
5
2
2
2
-1
-1
0
0
-2
-1
-2
-2
-1
0
1
0
-3
-2
-3
-1
0
-4
-4
-5
-3
-1
-4
-5
-6
-6
-4
-3
-3
-3
-2
1
-2
-2
0
0
0
0
0
2
3
3
4
5
6
4
5
3
5
5
3
2
3
3
1
2
-2
0
-5
-3
-1
0
0
3
4
1
-2
-4
1
3
0
2
0
1
2
2
2
-2
-1
-1
-1
0
3
-1
-1
0
0
-2
-3
-3
-6
-3
-2
-1
-2
0
-1
-4
-5
-5
-3
-4
-3
-1
-1
0
-1
1
2
2
2
1
1
1
1
2
3
3
4
2
3
3
2
1
0
2
2
-1
-1
0
0
1
0
-1
-1
-2
-3
-1
1
2
1
3
1
1
1
0
1
-2
-1
0
2
0
-1
-2
-1
0
1
1
0
-1
1
-1
-3
-1
-1
0
-2
-2
-3
-3
-3
0
1
-1
-2
-1
1
2
3
-2
0
-3
-4
-3
-3
-2
1
2
0
-1
-1
-1
-2
-1
-2
-3
0
0
2
1
5
5
3
4
4
3
3
2
2
4
3
1
2
2
1
1
-1
0
1
1
0
-1
-2
2
2
0
-1
-1
-1
-1
0
-1
1
4
2
2
-1
-1
-1
-3
-2
-4
-6
-2
-5
-9
-9
-7
-4
-7
-7
-6
-2
4
-1
-4
2
-1
-1
-3
10
11
17
4
-9
4
6
-7
-10
-4
-6
0
-10
-15
-8
10
8
18
-3
-22
3
19
26
10
6
14
16
7
23
25
35
13
-6
3
27
48
41
-4
18
20
-9
-15
-18
-21
4
17
25
12
-45
-25
-25
-38
4
-45
19
-62
16
-75
23
-121
93
-441
-2535
-176
2532
-70
-924
1566
-26
-861
768
882
-262
129
477
-145
139
101
-353
-163
235
-92
-198
-65
-16
-136
-75
7
-86
-94
-46
-14
37
-17
-55
-76
-109
-51
-162
-45
72
-11
2
-42
-13
40
-22
14
85
24
-58
6
35
-35
5
3
-30
15
31
-6
18
31
61
57
56
56
48
67
69
48
47
66
-30
25
53
-6
-17
-39
-28
-13
-31
-54
-81
-61
-15
-41
30
41
28
8
30
25
13
32
-25
-50
-28
50
10
-23
-10
17
-65
-71
-34
6
-9
-28
-19
-22
-13
-56
-19
-8
16
30
1
-32
11
7
-6
18
18
20
43
-4
-7
23
3
-43
0
-3
-24
10
7
-9
-6
12
4
-12
6
47
-7
-38
20
118
69
4
41
-14
-31
35
63
12
54
47
-14
40
85
7
35
44
34
74
37
-23
37
48
12
-57
-41
-44
-78
-140
-5
-50
-93
-74
-47
-311
-1257
-735
639
457
-219
341
127
-138
122
458
220
122
247
136
175
70
-99
46
207
-74
-20
35
-98
-59
-23
-52
-161
-97
10
-5
19
-82
-23
-155
-193
95
3
-14
168
8
-122
-38
71
-96
-189
159
112
-114
35
172
129
-79
-42
-105
-45
116
-62
14
67
-68
74
61
-68
35
125
-183
-179
279
101
-107
89
-56
-193
-54
-12
-1
11
-67
144
139
-165
-119
113
-33
-99
141
43
-81
213
208
-44
102
54
-13
-45
-215
95
25
-109
104
42
-243
94
315
69
-42
91
-11
-189
-37
61
-41
-48
32
-256
-1392
-988
392
139
-191
854
620
-348
67
550
533
322
164
294
208
-509
-20
479
-323
1
421
-210
-269
111
-286
-368
303
-34
-379
-183
64
-112
-116
49
-82
-298
-420
119
-90
-194
-62
316
177
29
99
101
38
-17
192
91
-67
71
123
130
144
-120
81
232
9
-30
49
-30
-7
-302
-172
-23
-123
-232
53
16
9
-45
-90
35
-34
88
87
-214
-70
332
-40
71
198
66
-128
-13
-434
89
177
-88
305
315
-148
-44
218
-140
86
179
-4
-118
85
165
-2
-137
-68
-40
101
-93
283
42
-273
-239
82
-376
123
178
-307
138
174
-155
180
454
-480
-245
277
-1
-158
263
-2
-377
131
-166
-268
2
174
-95
148
-92
131
163
-435
58
668
-327
-234
585
-596
-486
41
-4
-17
190
-32
68
-203
370
635
-507
-102
395
-77
-379
62
-1312
-2069
822
2226
-314
-526
753
-114
-298
686
903
133
250
342
341
-15
-209
-17
507
346
80
71
-305
-333
-216
172
-56
-14
304
56
-871
-85
138
-241
36
-492
-573
0
-13
-530
202
511
-90
-468
237
-192
-964
452
292
-902
-312
-13
-554
-232
-342
-519
24
263
-755
-1331
-741
516
836
1668
1978
1238
1502
1393
892
753
-190
-796
143
-116
358
1270
401
255
-256
-1112
-1073
-922
-1102
-602
359
-109
-402
-253
100
-268
-890
-278
168
-1062
-700
-13
107
346
311
824
53
-344
-332
-16
-575
250
417
-415
-254
-25
884
290
-349
-457
-1617
-2019
1158
1343
-109
219
368
94
-297
-547
694
487
-73
-187
-1107
1089
2859
386
-497
145
-818
-1432
-710
1525
2035
427
-309
136
-377
-911
-250
1539
638
383
844
-457
-1389
-1965
642
1792
276
-278
138
-206
-160
674
702
-664
-577
271
-825
38
650
-494
126
765
276
323
302
-205
-500
-627
81
-212
-82
611
208
-132
-234
-559
-514
-301
-2121
-572
736
-173
520
745
-766
-949
-1111
-857
1248
1459
459
28
66
-614
-525
838
116
-2
856
-364
-293
311
-709
-1026
-1
624
-476
161
1224
-988
-675
68
-1281
-941
477
814
-449
106
906
-682
-267
649
-527
-72
734
-711
25
1488
286
935
729
241
-85
-612
586
1160
-367
286
651
-51
316
127
-667
-546
646
89
225
504
-749
-713
-531
-521
713
-608
-509
394
-471
228
462
-151
1176
909
324
799
-159
-37
403
280
757
140
-266
-294
-413
126
-566
-275
44
-14
-532
-489
-443
-482
-113
-521
35
-596
-693
-210
-955
-346
838
-1726
-1321
273
-3918
-582
2569
-915
-419
443
-340
-640
831
452
-236
460
-1845
-2436
-1062
-580
-358
81
70
335
-275
795
1959
1384
2295
1735
1801
1262
1283
1757
2180
2469
2242
889
395
175
37
517
723
1120
219
217
-761
-758
323
150
-958
626
-467
-610
-26
-637
-158
237
608
-194
1037
666
-728
372
2769
1780
2422
2512
1136
1346
1980
2809
3082
1755
1430
1574
-962
-1786
-794
-1120
-2906
-3566
-3102
-4059
-5880
-4370
-3509
-6112
-5472
-5745
-4695
-3496
-4362
-3134
-2570
-3541
-3918
-2001
-3057
-3440
-875
-191
-1340
-413
-790
-576
1185
2576
3197
1994
2202
2907
3542
4336
4790
5483
5552
4016
4457
3703
2500
2465
3487
4392
2150
1080
2055
528
-936
738
233
-1295
-1755
-941
-2108
-1891
-707
-1401
-941
-1165
-1371
39
380
-56
922
1957
2384
3760
4784
3508
3751
5527
7433
8287
7597
8995
7015
4014
2636
1645
343
384
758
55
-1207
-3613
-4354
-5965
-6981
-6635
-6292
-8207
-7512
-7654
-8146
-8000
-6464
-5145
-5678
-6005
-6026
-6378
-7067
-5985
-6331
-6968
-7270
-5925
-5812
-5567
-2821
-2357
-1729
-670
-836
44
818
1103
2332
4024
4130
4641
5361
4861
4863
6368
6913
6397
7840
7759
7035
7623
8481
9025
8345
8745
9252
8607
7056
7157
8031
6123
4723
4501
2689
-502
-2138
-2298
-3546
-5650
-6065
-6678
-7917
-7770
-7371
-7306
-7354
-6167
-5102
-5939
-5481
-3616
-2726
-3010
-1602
-48
-780
-495
924
1369
930
1403
1976
2244
1317
1360
1314
664
389
580
857
298
466
1157
1458
917
51
119
1013
142
717
980
-21
-316
-124
-806
-985
-419
-47
172
405
564
115
192
516
543
-119
-408
-377
-503
-805
-1120
-939
-1431
-2033
-1761
-1938
-2368
-2556
-1971
-2337
-2182
-1740
-2079
-2070
-2012
-2442
-3003
-2522
-1990
-2540
-2224
-2189
-2717
-2340
-1190
-998
-935
169
166
508
1944
3000
3212
3233
3673
3860
3776
4735
5719
5205
4879
5431
4734
4631
5145
5061
5185
4800
4176
3064
2469
2589
2515
2461
2006
1809
1007
208
338
-374
-701
-580
-832
-1245
-1828
-1887
-2277
-2690
-2645
-2934
-3358
-3085
-2446
-2885
-3256
-3531
-3982
-3882
-3514
-3484
-3634
-3396
-3379
-3668
-3472
-3080
-3264
-3008
-2287
-2366
-2513
-2396
-2027
-2013
-1635
-1050
-1359
-1236
-777
-1114
-1214
-378
258
167
244
756
444
427
1280
1990
2032
2437
3181
3196
3555
3996
3942
4222
4782
4757
4212
4721
4639
4229
4551
3766
2772
2440
2601
2118
1116
847
156
-682
-1314
-2114
-2744
-2972
-3110
-3189
-2985
-3207
-3516
-3316
-3071
-3350
-2931
-2233
-1682
-1313
-1144
-1012
-800
-745
-395
106
245
469
726
616
699
933
1088
1103
1292
1486
1216
1472
1808
1354
850
1145
1058
638
427
746
876
401
-70
-310
-413
-459
-328
-180
-498
-906
-785
-661
-981
-982
-415
-449
-542
-115
-12
-329
-618
-509
-164
132
552
564
406
394
313
77
415
924
922
847
799
729
502
-144
-96
680
852
788
870
685
81
-577
-279
412
441
322
339
247
-431
-875
-746
-681
-550
-707
-1150
-1462
-1675
-2179
-2487
-2233
-2149
-2755
-3041
-2387
-2300
-2801
-2864
-2641
-2493
-2371
-1591
-1257
-1338
-911
-669
-447
362
1169
1536
2014
2761
3024
2639
2866
3444
3666
3800
3922
3760
3187
2864
2914
2505
2326
2489
2543
2013
1153
864
786
950
713
1082
1526
1074
144
76
107
-186
288
611
571
205
-818
-1595
-1644
-1624
-1412
-1808
-2327
-2605
-2640
-3009
-3835
-4068
-3915
-3592
-3281
-3090
-3302
-3390
-2973
-2395
-2061
-1989
-1356
-473
108
516
955
1303
1465
1724
2334
2635
2668
2822
2780
2768
2493
2100
2004
2419
2380
1934
1698
1091
1258
1260
1051
733
982
1445
611
74
848
1047
75
-53
1164
989
-441
-308
603
240
-418
-287
-200
-593
-1435
-1884
-1790
-1633
-1953
-2450
-2588
-2680
-2913
-3119
-3136
-2975
-2603
-2355
-2504
-2451
-2030
-1924
-1773
-1152
-590
-315
-77
157
275
627
1102
1341
1713
2004
2008
1832
2040
2410
2385
2240
1865
2153
2188
2200
1909
1195
1440
1834
1946
1299
1164
1273
1242
939
410
597
752
537
301
474
513
3
-280
-331
13
-17
-345
-310
-135
-251
-667
-767
-614
-526
-783
-979
-959
-966
-1244
-1428
-1362
-1155
-1272
-1420
-1227
-1047
-1220
-1387
-1263
-1131
-1011
-918
-878
-779
-783
-714
-535
-468
-465
-422
-189
-32
12
78
212
286
308
376
501
573
627
682
621
688
653
619
763
783
804
833
911
1021
874
753
832
887
994
1088
988
932
751
646
661
629
656
494
405
322
340
181
-140
-104
33
43
-293
-453
-449
-500
-479
-534
-541
-561
-569
-651
-763
-814
-811
-770
-781
-804
-823
-814
-769
-763
-829
-881
-830
-700
-632
-606
-580
-557
-447
-292
-270
-229
-105
-89
41
255
280
359
509
515
494
669
777
807
796
774
918
1040
948
864
920
890
801
790
782
748
717
630
492
453
440
343
333
261
117
132
131
32
-173
-238
-156
-198
-268
-294
-299
-396
-503
-602
-598
-560
-588
-618
-625
-575
-662
-758
-750
-758
-749
-674
-627
-594
-536
-638
-673
-550
-371
-341
-432
-279
-100
-29
62
31
84
227
435
375
296
494
640
641
586
708
638
659
762
699
665
549
564
513
545
800
749
562
465
442
309
330
417
428
439
373
170
20
51
274
159
-173
33
107
-297
-442
-319
-323
-344
-439
-435
-561
-616
-613
-696
-747
-666
-619
-646
-730
-715
-562
-678
-662
-374
-323
-432
-447
-350
-165
-225
-230
-98
-175
-131
-73
-1013
-1541
-1155
39
802
-184
-592
157
686
677
1063
1586
1453
1035
1139
1371
1042
547
801
1419
996
504
521
232
48
292
640
411
-12
329
357
-106
-189
-134
89
103
-203
-370
-267
-342
-705
-340
61
-390
-459
-219
-358
-550
-341
-78
-51
-161
-442
-415
-376
-498
-513
-99
36
-356
-656
-591
-303
-235
-470
-540
-163
137
-125
-720
-706
-56
-49
-625
-354
404
383
-303
-205
405
407
29
144
574
587
548
512
566
577
325
460
656
565
612
714
486
109
100
396
429
234
334
242
57
275
137
-281
4
353
-4
-221
-17
-21
-403
-406
-65
-156
-227
-218
-355
-319
-254
-209
-301
-318
-12
-88
-519
-399
54
-88
-436
-371
-194
-300
-504
-407
-186
-302
-360
-124
-39
-277
-370
54
49
-229
30
161
163
209
-43
-83
294
254
107
327
415
292
200
292
333
336
264
279
348
277
276
147
250
366
81
-23
445
318
95
193
57
74
113
168
67
109
201
-268
-309
164
-438
-1266
-340
989
307
-1048
-644
146
-9
-259
-107
238
229
-446
-642
-388
-282
-383
-384
-33
-76
-304
-524
-426
-225
-42
-49
-86
75
111
-125
-183
168
185
97
337
406
172
227
576
396
121
341
570
572
540
508
196
296
381
389
532
540
285
146
257
391
252
18
235
322
211
19
-27
-184
-376
-239
-150
-259
-339
-524
-477
-303
-537
-786
-736
-597
-548
-514
-357
-386
-648
-647
-481
-512
-577
-236
-99
-219
-281
-322
-259
-218
-378
-197
265
289
-149
-169
306
142
-102
72
521
633
250
318
557
354
264
490
813
869
543
350
688
909
698
642
632
695
781
655
393
426
503
334
4
184
405
35
-138
-53
-35
-304
-427
-392
-471
-540
-515
-609
-505
-479
-745
-729
-719
-658
-573
-660
-649
-696
-607
-407
-591
-503
-555
-665
-413
-438
-436
-256
-134
-148
-108
-81
-127
-40
25
-19
356
551
351
193
377
664
575
361
413
826
724
454
630
1021
988
346
251
506
704
826
555
554
635
409
331
212
230
338
234
184
-92
-184
-97
-206
-236
-280
-315
-351
-620
-888
-535
-317
-673
-921
-624
-393
-761
-1047
-1021
-681
-493
-675
-748
-632
-605
-689
-678
-513
-234
-306
-325
-101
-83
-231
-252
24
555
698
201
271
606
376
232
669
1021
930
867
953
911
610
750
798
742
1101
1107
825
652
693
686
599
594
585
567
676
376
-41
306
354
-145
-234
24
-109
-582
-611
-474
-830
-1104
-991
-1026
-1218
-1311
-1335
-1348
-1442
-1543
-1446
-1332
-1275
-1228
-1140
-1033
-1036
-950
-624
-434
-354
-181
-69
-35
122
513
587
905
1042
667
797
1190
1215
1041
1296
1521
1398
1236
822
810
1217
1179
1342
1245
905
1131
880
421
695
1037
1340
966
429
482
586
322
-243
120
596
33
-902
-1049
-703
-986
-1467
-1399
-1313
-1790
-2213
-2021
-1869
-2148
-2290
-2047
-1760
-1730
-1927
-1891
-1436
-993
-820
-928
-769
-365
-135
-91
117
427
546
754
803
826
856
993
1314
1308
1370
1520
1134
979
1670
1610
1201
1477
1495
1320
1356
1719
1869
1732
1560
1328
1288
1412
1651
1548
1495
1465
1144
875
455
279
60
-483
-816
-831
-909
-1421
-2023
-2522
-2794
-2778
-2837
-3087
-3168
-3097
-3218
-3326
-3223
-2926
-2624
-2293
-1832
-1457
-1160
-957
-677
-148
416
740
950
1230
1594
1796
1725
1908
2107
1981
1878
1961
2025
1789
1564
1606
1625
1360
1207
1430
1460
1143
1131
1353
1273
1125
1284
1512
1377
1223
1195
1309
1608
1395
1037
1295
1509
880
-154
-796
-856
-742
-787
-1185
-2076
-3115
-3607
-3695
-3745
-3747
-3871
-4172
-4370
-4462
-4485
-4229
-3677
-3065
-2587
-2203
-1995
-1812
-1113
-49
772
1321
1608
1927
2267
2629
3003
3184
3308
3411
3001
2292
2039
2446
2839
2468
1861
1408
990
1081
1547
1783
1484
955
997
1328
1556
1624
1566
1823
2353
2356
1833
1853
2397
2569
2476
2369
1528
-56
-1054
-629
162
-326
-1817
-3127
-4062
-4630
-4642
-4349
-4473
-5034
-5532
-5721
-5698
-5567
-5162
-4336
-3265
-2654
-2620
-2422
-1675
-578
554
1472
1999
2143
2523
3370
3877
3731
3551
3614
3530
3133
2682
2291
2014
1848
1388
548
-151
-233
-27
-20
-48
-266
-632
-413
284
673
655
824
1442
1858
1824
1980
2465
3022
3226
2556
985
-445
-326
887
1093
-417
-2397
-3601
-3961
-3847
-3600
-3927
-4784
-5217
-5035
-4965
-5223
-5094
-4281
-3174
-2224
-1868
-1881
-1438
-241
1182
2119
2531
2875
3546
4605
5278
5019
4505
4494
4800
4847
4377
3480
2505
2002
1984
1605
651
-13
-72
-35
-110
-282
-622
-637
111
738
491
314
876
1518
1784
2085
2592
2857
2351
795
-1007
-1124
415
983
-678
-2906
-4335
-5216
-5467
-4790
-4467
-5703
-7158
-7110
-6465
-6616
-6786
-5926
-4717
-3963
-3561
-3243
-2619
-1270
428
1562
2004
2532
3514
4621
5382
5512
5271
5357
5879
6053
5361
4318
3685
3555
3404
2681
1556
774
641
689
461
41
-224
64
760
1122
772
444
970
2031
2738
3045
3426
3588
2389
171
-1042
77
1682
1138
-1263
-3453
-4707
-5271
-5069
-4388
-4929
-6673
-7643
-7102
-6577
-6883
-6878
-5875
-4754
-4098
-3852
-3401
-2396
-724
767
1394
1829
2845
4051
4807
5292
5771
5828
5677
5736
5750
5290
4693
4424
3849
2761
1897
1523
1201
786
509
106
-455
-402
206
581
384
252
625
1211
1780
2360
3159
3695
2461
-392
-2002
-248
2148
1465
-1509
-3805
-4885
-5391
-4843
-3814
-4675
-7064
-8068
-6976
-6255
-6701
-6769
-5752
-4652
-4110
-3888
-3361
-2158
-463
802
1535
2319
3224
3968
4878
6022
6391
5837
5533
5903
6103
5755
5177
4447
3429
2626
2224
1889
1347
675
113
-373
-584
-366
111
539
471
49
61
823
1948
2618
3318
3298
1136
-1810
-1876
1188
2626
59
-3107
-4463
-4852
-5082
-4349
-3953
-5910
-8188
-7982
-6374
-6159
-6982
-6706
-5605
-4821
-4413
-3821
-2768
-1346
233
1127
1267
1848
3459
5353
6335
6294
5832
5541
6039
6830
6931
6097
5045
4335
3615
2933
2424
1917
1410
869
306
-439
-803
-204
613
843
167
-390
59
1413
2698
3165
3176
2199
-285
-1955
-301
2720
2196
-1624
-4392
-4882
-4669
-4223
-3554
-4657
-7514
-8690
-7280
-5977
-6272
-6795
-6549
-6067
-5243
-4259
-3381
-2323
-790
377
518
718
2213
4396
5995
6215
5634
5167
5626
6671
7182
6592
5376
4445
4024
3666
3147
2330
1584
987
517
-3
-456
-349
197
557
230
-588
-607
584
2155
2821
2911
2667
786
-1677
-1328
1909
3097
58
-3286
-4484
-4550
-3917
-2816
-3483
-6754
-8662
-7443
-5862
-5744
-6122
-6529
-7007
-6236
-4252
-3331
-3130
-1975
-441
-266
-173
1655
3937
4999
5263
5302
5142
5296
6654
7768
6982
5312
4669
4848
4523
3910
3361
2224
1025
729
855
212
-399
-57
219
-49
-231
-135
141
955
2077
2403
2484
2154
107
-1992
-470
2923
2327
-1808
-4167
-4202
-4024
-3233
-2224
-4531
-8531
-8608
-5526
-4618
-6070
-6687
-6734
-6981
-5418
-3053
-2727
-3447
-2255
-460
-269
300
2649
4408
4443
4355
4942
5207
5806
7175
7361
5726
4520
4962
5338
4519
3576
2650
1555
1103
1385
1153
-6
-515
-84
153
147
56
10
279
1092
1852
2187
2604
1404
-1459
-2029
1259
3134
122
-3173
-3607
-3818
-3918
-2455
-2231
-6192
-8959
-6758
-4246
-5103
-6359
-6287
-6563
-6393
-4175
-2640
-3137
-3195
-1553
-431
-116
1088
2822
3844
4223
4517
4743
5207
6147
6684
6248
5412
4967
5036
5008
4396
3299
2269
1756
1592
1368
722
-101
-452
-184
224
301
-176
-455
107
1162
1712
1980
2414
1204
-1490
-1808
1419
3089
135
-3121
-3554
-3457
-3313
-2184
-2351
-6076
-8631
-6497
-3872
-4643
-6238
-6557
-6530
-6074
-3956
-2612
-3246
-3560
-2000
-589
62
1103
2310
2849
3556
4442
4828
4951
5743
6181
5579
5129
5338
5300
4782
4090
3353
2403
2072
2200
1800
810
-5
-175
150
573
816
166
-527
-18
1290
1957
1914
2280
1494
-1150
-2073
913
3245
705
-3171
-3933
-3413
-3023
-2043
-1960
-5538
-8787
-7036
-3577
-3660
-5847
-6863
-6814
-6233
-4095
-2459
-3008
-3921
-2844
-1109
-73
978
2001
2352
2857
3853
4594
4817
5510
5961
5338
4789
5155
5535
5048
4188
3340
2437
2195
2582
2289
1069
-42
-137
165
528
809
457
-374
-298
824
1828
1955
2321
1868
-549
-2174
242
3302
1692
-2499
-3723
-2974
-2845
-2308
-1532
-4122
-8133
-7492
-3753
-3219
-5610
-6592
-6331
-6291
-4760
-2551
-2783
-4201
-3527
-1382
-380
298
1349
1943
2386
3340
4045
4271
4997
5939
5489
4593
4633
5138
4996
4414
3728
2828
2111
2214
2266
1573
485
-55
86
372
577
576
128
-179
309
1319
1758
1899
2231
1042
-1424
-1466
1946
3309
-221
-3640
-3362
-2348
-2129
-1598
-2309
-6171
-8323
-5382
-2310
-3773
-6426
-6814
-6147
-5328
-3329
-2293
-3581
-4448
-2605
-484
97
534
1499
1750
1946
3140
4546
4850
4839
4970
4628
4252
4912
5554
4691
3200
2783
2928
2681
2316
1883
795
-209
7
753
644
157
149
93
-80
507
1563
1845
1765
2191
1349
-1036
-1158
2148
3455
-194
-3536
-2981
-1896
-1927
-1518
-2240
-6083
-8062
-4745
-1913
-4068
-6862
-6731
-5808
-5152
-3350
-2594
-4252
-4896
-2446
-287
-243
-74
991
1441
1864
3218
4349
4280
4376
4870
4625
4151
4817
5591
4786
3322
2812
2702
2541
2706
2569
954
-609
-175
1050
968
193
-87
-274
-511
481
1824
1765
886
1527
2273
662
-1136
487
2958
1650
-1795
-2582
-1812
-1954
-1908
-1453
-3647
-7065
-6405
-2987
-2827
-5649
-6850
-6152
-5468
-4255
-2856
-3545
-4938
-3907
-1297
-299
-416
37
828
1333
2407
3817
4167
3667
3927
4583
4664
4518
4912
4867
3819
3071
3066
2901
2611
2459
1786
427
56
914
1218
520
-56
-81
86
611
1371
1476
1050
1236
2364
2383
272
-1069
800
3049
1506
-1956
-2882
-2028
-1704
-1553
-1835
-4452
-7205
-5745
-2587
-3202
-6287
-7192
-6028
-5042
-3978
-3219
-4239
-5073
-3250
-797
-583
-958
5
1065
1471
2381
3577
3773
3515
4088
4573
4298
4292
4877
4728
3434
2600
2934
3283
2906
2062
1110
414
645
1400
1308
245
-302
353
1126
1219
1206
1282
1315
1780
2950
2360
-422
-1226
1868
3500
371
-2855
-2442
-1608
-1849
-1674
-2341
-5695
-7391
-4574
-2333
-4576
-7148
-6727
-5450
-4822
-3747
-3407
-4609
-4708
-2338
-474
-709
-740
295
1052
1618
2914
3905
3649
3427
4054
4393
4324
4637
4881
3976
2932
3025
3447
2926
2085
1689
1368
865
832
941
489
-35
378
987
875
380
587
1220
1663
1782
2281
2420
820
-1042
181
3081
2483
-1462
-3196
-1919
-1406
-1773
-1848
-3556
-6844
-6664
-3195
-2543
-5685
-7317
-6156
-4935
-4206
-3249
-3753
-4890
-3880
-1118
-97
-848
-699
503
1452
2297
3078
3339
3121
3416
3961
4098
4207
4342
4087
3380
2883
3115
3186
2672
1972
1580
1370
1170
1305
1254
632
272
678
1237
1200
1009
1182
1325
1579
2004
2748
2379
237
-1149
731
3084
1456
-2299
-3149
-2037
-1761
-1936
-2219
-4655
-7358
-5918
-2728
-3245
-6277
-7045
-5707
-4748
-3848
-3054
-3864
-4605
-3115
-843
-519
-862
-234
683
1278
2141
2973
3234
3218
3438
3499
3696
4270
4558
3977
2989
2655
3091
3459
3079
2056
1305
1251
1695
2023
1513
541
241
1118
2038
1810
1042
807
1300
2067
2698
2857
1303
-971
-935
1913
2994
-167
-3523
-3291
-1898
-1555
-2072
-3408
-6227
-7154
-4444
-2419
-4428
-7021
-6794
-5110
-4058
-3249
-3392
-4437
-4201
-2029
-354
-581
-811
-117
750
1589
2500
2891
2717
2817
3391
3638
3839
4179
4217
3530
3012
3246
3633
3285
2482
1905
1832
1895
1905
1651
1087
642
974
1599
1624
1067
756
1182
1741
1966
1844
1975
1503
-215
-1013
952
2432
86
-3137
-2959
-1729
-2044
-2449
-2673
-4875
-6941
-4963
-2261
-3632
-6484
-6375
-4727
-4085
-3515
-2949
-3916
-4434
-2540
-352
-557
-1241
-535
439
932
1877
2665
2498
2216
2901
3393
3360
3781
4353
3761
2632
2709
3646
3729
2977
2299
1860
1729
2184
2665
1848
577
569
1650
2167
1766
1126
813
1067
1951
2430
2211
1302
-283
-1181
411
2454
839
-2955
-3742
-1922
-1460
-2306
-2884
-4443
-6552
-5449
-2583
-2940
-5949
-6686
-5037
-3931
-3557
-3170
-3778
-4347
-3129
-1085
-642
-1132
-762
203
852
1513
2253
2651
2648
2848
3169
3350
3772
4249
3972
3063
2711
3244
3686
3425
2686
1837
1582
2142
2656
2130
1071
651
1116
1799
2012
1369
528
588
1502
2100
1908
1453
382
-980
-678
1451
1814
-1077
-3600
-2902
-1519
-1492
-2184
-3335
-5392
-5927
-3751
-2241
-4110
-6258
-5920
-4402
-3592
-3124
-3341
-4297
-4097
-1996
-501
-946
-1454
-719
302
1141
2034
2356
2119
2254
3125
3608
3600
3732
3933
3615
3255
3371
3759
3421
2751
2409
2394
2285
2168
2076
1550
828
988
1555
1519
945
598
609
808
1294
1512
1169
1168
866
-491
-1152
612
1794
-531
-3234
-2771
-1496
-1632
-2136
-2743
-4852
-5994
-3833
-1934
-3678
-6052
-5759
-4290
-3519
-2975
-3151
-4309
-4196
-2089
-491
-980
-1487
-844
175
1035
1867
2186
2011
2226
3068
3499
3391
3408
3653
3724
3530
3493
3461
3372
3076
2590
2278
2347
2418
2107
1500
1016
797
1106
1516
1266
630
278
603
1087
1266
1059
951
1002
105
-1107
-275
1536
708
-2321
-3141
-1740
-1481
-2107
-2363
-3590
-5607
-4944
-2364
-2529
-5155
-5911
-4548
-3557
-3215
-2791
-3475
-4217
-2996
-851
-542
-1398
-1228
-170
629
1419
1958
1877
1710
2423
3296
3379
3147
3217
3367
3401
3455
3524
3291
3008
2803
2460
2232
2277
2285
1723
1078
950
1163
1354
1320
910
455
406
980
1371
1217
925
1022
980
-98
-953
108
1309
-74
-2572
-2736
-1619
-1716
-2205
-2537
-4037
-5521
-4164
-2053
-2996
-5309
-5431
-4172
-3348
-2888
-2828
-3849
-3989
-2175
-598
-974
-1558
-1001
-54
766
1637
1803
1339
1610
2825
3423
3023
2872
3160
3380
3528
3740
3412
2746
2729
3180
2913
2192
1935
2109
1851
1475
1298
1042
857
1055
1198
764
367
744
1072
894
774
1085
697
-834
-1281
374
1265
-735
-3081
-2711
-1597
-1750
-2250
-2752
-4204
-5110
-3532
-1936
-3232
-5058
-4777
-3493
-3029
-2860
-2796
-3389
-3295
-1786
-654
-1039
-1429
-624
287
767
1356
1731
1639
1726
2590
3243
3181
3063
3148
3198
3328
3632
3591
2972
2644
2779
2768
2288
1819
1708
1563
1293
987
736
602
688
823
543
26
128
600
693
381
547
675
-375
-1410
-442
1136
263
-2162
-2631
-1487
-1352
-1831
-2007
-2926
-4479
-3830
-1942
-2236
-4299
-4659
-3615
-2985
-2841
-2578
-3165
-3529
-2364
-828
-905
-1556
-1179
-173
458
1024
1455
1397
1472
2336
3192
3078
2784
3004
3263
3269
3520
3703
3210
2545
2602
2835
2625
2207
1916
1451
985
1042
1202
937
428
258
304
341
385
419
223
192
575
1002
159
-1217
-1094
659
1054
-947
-2594
-2048
-1280
-1341
-1719
-2456
-4027
-4264
-2492
-1701
-3464
-4842
-4178
-3098
-2872
-2717
-3013
-3588
-3052
-1448
-804
-1348
-1352
-568
155
872
1524
1560
1423
1994
2849
3115
3168
3264
3169
2919
3195
3769
3713
2953
2382
2454
2501
2236
1944
1568
877
583
865
929
335
57
164
162
42
320
412
120
92
806
1095
8
-1223
-534
1195
970
-1202
-2285
-1504
-1032
-1244
-1535
-2518
-4187
-3882
-2002
-1824
-3878
-4770
-3905
-3050
-2821
-2621
-3131
-3593
-2668
-1084
-891
-1477
-1218
-332
364
1033
1542
1409
1363
2174
3080
3077
2866
3025
3148
2974
3209
3583
3293
2540
2265
2251
2104
2056
1995
1259
394
474
973
829
264
1
-77
67
397
557
218
82
382
922
1004
101
-1019
-371
1310
943
-1433
-2275
-1258
-965
-1413
-1587
-2600
-4242
-3636
-1638
-1947
-4100
-4528
-3458
-2857
-2674
-2436
-3116
-3533
-2259
-692
-853
-1531
-1140
-200
492
1208
1583
1332
1331
2131
2964
3006
2844
2829
2803
2750
3053
3388
3071
2270
1907
2050
2161
1997
1539
859
333
623
1017
768
79
-196
-45
331
534
506
186
161
510
1141
1178
8
-1093
-145
1552
869
-1534
-2191
-1162
-931
-1295
-1545
-2678
-4194
-3389
-1515
-2019
-4151
-4398
-3213
-2645
-2646
-2516
-3055
-3297
-2042
-655
-918
-1508
-929
37
546
1087
1449
1278
1420
2270
2845
2625
2568
2885
2943
2694
2734
2967
2903
2463
2075
1911
1947
1898
1460
764
454
721
846
382
-152
-229
-21
292
396
53
-276
116
710
826
736
384
-583
-767
773
1497
-399
-2185
-1518
-611
-992
-1380
-1712
-3097
-3690
-2182
-1223
-2747
-4124
-3583
-2678
-2478
-2321
-2422
-3005
-2770
-1415
-589
-969
-1198
-657
68
646
1228
1393
1229
1421
2189
2666
2633
2560
2679
2599
2534
2776
2978
2563
1964
1833
1950
1823
1476
1134
729
484
568
647
335
-8
-21
209
328
302
311
389
432
534
977
908
-224
-836
490
1480
55
-1749
-1471
-824
-1108
-1346
-1569
-2974
-3809
-2502
-1509
-2809
-4078
-3601
-2903
-2791
-2479
-2365
-2989
-2835
-1510
-679
-1073
-1187
-498
209
679
1180
1448
1444
1643
2224
2634
2687
2692
2711
2589
2451
2646
2848
2550
1903
1556
1622
1688
1492
1098
542
201
351
656
474
-54
-274
-68
295
435
310
194
327
617
948
1159
533
-560
-309
1187
1240
-614
-1664
-1049
-830
-1110
-1171
-1869
-3363
-3326
-1835
-1748
-3288
-3843
-3269
-2848
-2644
-2296
-2619
-3070
-2386
-1205
-922
-1167
-923
-306
193
748
1253
1343
1342
1666
2254
2532
2573
2537
2449
2317
2399
2629
2623
2163
1690
1608
1754
1697
1335
864
451
395
665
722
305
-60
3
272
463
493
364
330
525
793
1075
1090
230
-632
100
1466
848
-1057
-1619
-977
-932
-1021
-1154
-2351
-3755
-2980
-1500
-1980
-3586
-3799
-3209
-2786
-2371
-2075
-2714
-3058
-2041
-864
-840
-1066
-714
-230
223
926
1431
1291
1239
1749
2261
2309
2336
2449
2332
2139
2247
2459
2342
1995
1697
1530
1508
1521
1329
840
392
334
585
603
222
-177
-123
196
503
500
307
217
443
749
1124
1227
415
-610
10
1444
1000
-900
-1433
-847
-938
-1098
-933
-1949
-3543
-3094
-1547
-1804
-3305
-3618
-3138
-2866
-2466
-1999
-2492
-2989
-2205
-989
-811
-1011
-723
-229
155
840
1401
1392
1287
1733
2239
2381
2462
2638
2521
2252
2320
2633
2523
2027
1760
1677
1484
1262
1201
817
225
76
348
280
-122
-407
-348
-154
160
233
-23
-71
182
472
698
1037
731
-302
-481
852
1424
141
-1214
-1006
-713
-786
-680
-1025
-2548
-3255
-2044
-1192
-2259
-3245
-3109
-2819
-2554
-1908
-1850
-2720
-2696
-1470
-724
-894
-812
-486
-289
277
1247
1430
1024
1141
1858
2222
2290
2418
2360
2031
2013
2447
2616
2140
1617
1485
1511
1424
1322
1097
541
192
324
519
275
-11
-33
9
80
292
316
217
205
444
646
917
797
-30
-454
446
1161
278
-1029
-1168
-936
-958
-821
-1156
-2481
-3272
-2328
-1486
-2232
-3210
-3255
-2937
-2536
-2031
-1985
-2594
-2560
-1576
-819
-787
-812
-511
-85
437
1050
1310
1256
1384
1853
2277
2349
2436
2479
2294
2148
2395
2581
2211
1696
1561
1491
1344
1188
995
577
248
250
318
190
21
-18
61
133
193
193
216
330
464
558
773
747
53
-464
273
1088
318
-1036
-1210
-860
-962
-972
-1117
-2230
-3179
-2436
-1505
-2078
-3102
-3151
-2812
-2501
-2069
-1950
-2497
-2529
-1601
-820
-836
-851
-480
-93
305
910
1291
1282
1411
1880
2190
2204
2334
2479
2327
2131
2277
2452
2211
1813
1611
1505
1365
1268
1120
704
340
334
396
207
-37
-89
-46
31
129
45
-41
150
408
399
402
623
396
-262
-200
655
729
-422
-1200
-908
-722
-881
-996
-1433
-2486
-2718
-1791
-1489
-2467
-3060
-2793
-2470
-2342
-1963
-2039
-2477
-2221
-1235
-773
-915
-821
-339
51
497
986
1218
1213
1441
1928
2177
2186
2272
2419
2326
2130
2206
2375
2203
1812
1542
1418
1254
1137
1029
693
271
112
210
172
-66
-157
-52
31
58
81
150
207
327
456
640
751
336
-256
-3
851
722
-487
-1114
-840
-725
-804
-922
-1638
-2740
-2616
-1646
-1662
-2684
-3135
-2881
-2575
-2252
-1965
-2287
-2609
-2104
-1212
-885
-944
-796
-422
44
625
1040
1115
1146
1496
1960
2190
2265
2298
2264
2247
2369
2475
2298
2000
1833
1702
1528
1357
1202
907
575
388
322
250
137
-40
-114
-10
143
163
123
141
225
370
551
743
735
233
-251
115
857
571
-573
-1100
-878
-787
-845
-1035
-1851
-2762
-2480
-1653
-1856
-2804
-3127
-2853
-2528
-2224
-2070
-2426
-2571
-1942
-1127
-950
-993
-733
-276
139
629
1029
1169
1275
1634
1992
2079
2159
2359
2411
2192
2082
2205
2270
2035
1707
1451
1312
1253
1210
941
516
268
314
339
196
-31
-165
-127
120
255
132
1
172
397
497
606
808
606
12
-121
562
860
77
-825
-923
-784
-848
-935
-1328
-2222
-2649
-2067
-1686
-2269
-2936
-2911
-2632
-2328
-2031
-2072
-2452
-2272
-1469
-916
-932
-848
-503
-123
312
818
1034
1054
1310
1733
1934
2009
2184
2283
2168
2089
2185
2255
2124
1887
1629
1418
1300
1277
1134
783
396
274
341
346
136
-83
-120
75
260
274
133
126
334
538
589
644
631
240
-188
71
674
394
-635
-1164
-932
-850
-1011
-1220
-1754
-2522
-2486
-1860
-1865
-2619
-2934
-2685
-2416
-2236
-2047
-2159
-2259
-1826
-1123
-851
-834
-607
-198
169
588
999
1199
1283
1514
1834
2021
2174
2345
2304
2069
2072
2311
2307
1968
1686
1547
1395
1273
1183
933
574
392
368
268
131
53
-7
-17
78
144
83
90
241
343
321
415
632
582
75
-214
178
568
101
-681
-982
-967
-1051
-1033
-1235
-2007
-2649
-2303
-1865
-2215
-2787
-2805
-2672
-2519
-2179
-1998
-2294
-2236
-1524
-972
-957
-797
-363
-27
288
767
1068
1151
1407
1777
1937
2022
2242
2354
2250
2166
2221
2253
2185
1990
1741
1500
1366
1285
1173
920
622
417
352
298
216
97
25
37
123
158
154
177
246
321
397
456
508
508
246
-134
-108
310
193
-595
-1185
-1169
-1131
-1190
-1387
-1948
-2657
-2601
-2060
-2017
-2612
-2950
-2820
-2441
-2110
-1973
-2141
-2148
-1700
-1087
-777
-661
-469
-110
316
720
995
1183
1413
1679
1878
2023
2166
2249
2231
2169
2167
2196
2163
2001
1777
1545
1406
1366
1294
999
655
506
494
409
291
162
8
1
195
280
144
120
282
377
336
367
482
563
331
-123
-284
102
187
-460
-1131
-1225
-1219
-1316
-1389
-1716
-2430
-2685
-2219
-1972
-2402
-2796
-2723
-2492
-2241
-1981
-1916
-2018
-1787
-1206
-748
-612
-439
-108
232
559
981
1287
1337
1414
1711
1963
2068
2200
2263
2076
1933
2110
2286
2120
1797
1570
1433
1390
1356
1162
791
533
491
501
383
191
20
19
124
176
97
55
134
245
265
185
145
309
459
130
-423
-418
32
-48
-708
-1154
-1249
-1362
-1316
-1263
-1778
-2513
-2444
-1922
-1946
-2383
-2529
-2474
-2316
-1945
-1689
-1874
-1926
-1419
-894
-739
-613
-318
-50
274
718
988
1014
1215
1619
1852
1860
1961
2116
2162
2123
2121
2103
2070
1981
1811
1587
1428
1355
1266
1069
797
578
479
430
336
215
67
-32
17
133
80
-35
22
137
116
73
128
206
192
-47
-390
-359
-15
-164
-851
-1213
-1121
-1167
-1266
-1332
-1796
-2381
-2220
-1727
-1843
-2307
-2390
-2260
-2089
-1784
-1582
-1720
-1723
-1288
-806
-585
-452
-253
12
341
723
1010
1125
1211
1427
1671
1813
1923
2014
1970
1858
1892
2015
1993
1808
1621
1459
1344
1287
1209
996
722
527
443
406
323
160
-1
-70
-22
31
0
-67
-52
35
59
5
14
123
189
38
-315
-458
-168
-19
-493
-1047
-1104
-1065
-1162
-1173
-1350
-1970
-2238
-1790
-1505
-1901
-2202
-2118
-1956
-1748
-1444
-1473
-1661
-1396
-816
-589
-574
-375
-65
188
520
819
909
1028
1371
1627
1616
1667
1891
1989
1893
1859
1891
1853
1767
1691
1521
1329
1246
1166
962
766
631
466
318
265
187
29
-49
-35
-36
-78
-71
29
107
38
-81
-28
172
274
131
-238
-512
-339
-29
-247
-854
-1169
-1166
-1141
-1099
-1201
-1710
-2109
-1873
-1533
-1696
-1965
-1979
-1936
-1825
-1506
-1356
-1530
-1476
-1011
-667
-597
-432
-116
119
371
723
964
1062
1266
1554
1688
1730
1860
1969
1920
1868
1889
1853
1731
1635
1515
1330
1183
1093
917
709
568
454
290
164
67
-62
-137
-102
-106
-199
-239
-147
-36
4
-29
-64
-28
91
174
96
-180
-379
-234
-13
-266
-796
-998
-902
-923
-1022
-1196
-1594
-1888
-1677
-1425
-1622
-1951
-1989
-1854
-1662
-1483
-1451
-1519
-1346
-971
-679
-528
-342
-107
162
480
776
947
1095
1319
1527
1642
1748
1868
1895
1843
1833
1855
1811
1691
1545
1400
1276
1182
1050
835
639
526
422
260
142
54
-43
-100
-92
-154
-221
-183
-77
-54
-73
-106
-86
-16
57
38
-19
-184
-354
-322
-168
-355
-790
-973
-906
-997
-1170
-1266
-1500
-1814
-1763
-1508
-1637
-1967
-1949
-1732
-1650
-1525
-1342
-1358
-1335
-896
-443
-378
-328
12
328
561
879
1119
1133
1258
1574
1750
1742
1802
1856
1778
1738
1799
1760
1591
1447
1335
1200
1090
979
805
628
520
381
227
171
140
6
-105
-89
-68
-99
-111
-87
-61
-6
31
-1
-37
-20
8
25
-52
-305
-496
-398
-320
-613
-981
-1089
-1125
-1230
-1266
-1382
-1710
-1890
-1680
-1531
-1704
-1847
-1753
-1614
-1460
-1264
-1178
-1174
-953
-563
-329
-233
-44
207
444
718
944
1020
1115
1341
1532
1593
1621
1650
1643
1676
1708
1620
1467
1402
1353
1241
1105
973
823
708
628
520
399
307
192
106
114
130
64
-15
-46
-35
53
125
45
-99
-88
19
32
-57
-149
-285
-456
-485
-395
-508
-871
-1097
-1066
-1105
-1275
-1339
-1409
-1677
-1796
-1555
-1434
-1659
-1740
-1531
-1417
-1377
-1137
-932
-945
-811
-431
-194
-106
126
398
513
674
950
1121
1178
1315
1457
1463
1483
1607
1656
1548
1454
1448
1412
1319
1233
1121
942
809
785
722
536
362
306
264
184
125
82
2
-57
-20
17
-34
-70
-31
-24
-82
-92
-49
-75
-171
-242
-287
-382
-469
-494
-580
-817
-988
-966
-998
-1203
-1326
-1334
-1452
-1556
-1450
-1384
-1524
-1551
-1349
-1229
-1216
-1071
-878
-789
-638
-373
-200
-97
122
363
499
644
832
952
1067
1238
1322
1314
1377
1482
1486
1444
1431
1404
1340
1303
1261
1151
1033
980
934
818
689
622
575
491
406
346
281
219
192
167
97
16
-34
-62
-107
-176
-254
-338
-468
-621
-666
-642
-769
-1054
-1240
-1237
-1243
-1315
-1421
-1599
-1774
-1708
-1465
-1432
-1640
-1704
-1487
-1235
-1078
-980
-927
-822
-532
-188
-4
58
198
458
720
894
989
1076
1212
1358
1451
1468
1462
1483
1518
1486
1391
1319
1276
1187
1069
961
825
684
627
575
390
204
175
178
77
-22
-63
-104
-126
-88
-80
-130
-155
-108
-64
-57
-73
-97
-115
-106
-117
-189
-278
-322
-374
-472
-563
-639
-752
-886
-951
-977
-1062
-1188
-1246
-1235
-1254
-1288
-1254
-1202
-1199
-1152
-1016
-892
-823
-708
-540
-402
-272
-87
89
206
352
548
700
799
928
1080
1183
1250
1332
1398
1426
1463
1505
1483
1415
1390
1382
1319
1227
1145
1051
954
868
769
655
554
456
330
209
135
56
-68
-203
-315
-418
-512
-577
-679
-882
-1044
-1044
-1036
-1191
-1375
-1436
-1468
-1504
-1452
-1451
-1610
-1661
-1450
-1284
-1307
-1280
-1135
-1015
-847
-583
-444
-422
-230
89
255
334
516
695
775
909
1081
1114
1107
1224
1305
1226
1178
1249
1241
1121
1053
1025
940
854
822
730
577
508
513
461
350
268
223
214
226
204
121
70
105
147
126
68
13
-17
1
6
-76
-210
-293
-317
-364
-458
-589
-719
-815
-880
-935
-1001
-1100
-1219
-1286
-1250
-1197
-1215
-1255
-1242
-1185
-1079
-919
-803
-794
-741
-531
-297
-167
-77
35
153
305
499
631
665
705
813
917
976
1022
1036
1024
1024
1051
1072
1059
1019
973
942
920
903
885
836
755
695
683
677
632
549
462
405
382
356
275
147
38
-32
-87
-169
-294
-458
-591
-664
-724
-846
-1004
-1121
-1183
-1236
-1285
-1324
-1393
-1449
-1401
-1298
-1281
-1293
-1202
-1074
-977
-828
-660
-583
-495
-269
-53
47
166
331
439
542
720
830
819
862
972
1005
996
1008
982
923
929
951
875
784
764
761
729
711
681
616
600
642
639
573
549
557
524
477
465
424
323
241
195
107
-29
-135
-224
-372
-540
-641
-724
-875
-1035
-1109
-1164
-1273
-1342
-1334
-1354
-1405
-1363
-1255
-1217
-1194
-1066
-921
-850
-745
-561
-426
-349
-208
-32
68
136
265
383
435
487
566
614
624
659
700
699
694
712
723
719
734
749
751
767
799
817
828
857
874
877
894
911
890
865
851
814
750
690
624
522
407
308
198
54
-95
-234
-369
-511
-658
-780
-905
-1047
-1140
-1182
-1262
-1364
-1374
-1335
-1355
-1364
-1293
-1232
-1191
-1074
-939
-894
-828
-654
-506
-433
-332
-207
-133
-39
114
195
195
256
370
427
457
509
529
529
583
664
679
662
691
727
756
803
848
848
849
891
930
947
963
959
919
899
910
890
822
742
658
569
492
408
283
120
-27
-142
-243
-368
-528
-679
-790
-868
-938
-1021
-1123
-1196
-1201
-1182
-1193
-1212
-1204
-1158
-1076
-986
-936
-908
-819
-682
-572
-507
-437
-351
-252
-140
-50
3
47
124
210
277
314
348
401
452
490
528
580
615
625
670
736
763
781
832
858
854
895
956
938
886
901
922
879
818
775
703
612
552
480
352
205
99
19
-88
-240
-379
-470
-561
-674
-764
-820
-910
-1001
-1010
-1000
-1059
-1110
-1059
-1012
-1033
-1013
-917
-856
-840
-760
-648
-587
-532
-417
-312
-263
-189
-79
9
66
134
204
254
308
373
419
452
479
508
547
590
607
611
637
671
692
708
731
742
739
755
779
777
748
735
730
700
659
619
566
496
422
354
274
172
66
-34
-132
-238
-349
-450
-545
-641
-727
-792
-850
-917
-959
-974
-983
-989
-976
-945
-914
-871
-804
-739
-684
-613
-531
-453
-383
-306
-232
-165
-102
-38
24
78
132
178
224
268
312
353
389
422
452
488
525
556
583
610
641
667
689
712
725
736
747
753
735
720
704
677
638
587
534
472
404
326
246
148
55
-33
-125
-227
-325
-412
-499
-579
-651
-717
-774
-814
-845
-871
-887
-882
-866
-850
-823
-786
-741
-689
-628
-578
-520
-448
-373
-306
-245
-184
-123
-49
11
53
103
167
209
247
301
333
349
403
463
464
477
531
557
550
584
619
606
610
647
639
610
625
632
594
574
576
537
494
477
434
364
321
279
197
121
63
-21
-113
-176
-256
-359
-435
-490
-566
-641
-681
-725
-772
-791
-796
-815
-811
-779
-755
-735
-692
-636
-591
-536
-472
-413
-352
-279
-214
-164
-104
-39
18
67
113
159
203
242
280
309
337
371
397
420
441
462
483
502
519
531
546
558
565
569
569
564
554
543
524
503
473
441
403
362
314
264
213
156
89
23
-35
-98
-163
-229
-289
-350
-402
-451
-503
-547
-583
-609
-636
-654
-662
-666
-656
-640
-623
-603
-568
-522
-479
-435
-390
-336
-282
-229
-181
-129
-77
-22
24
62
108
153
195
225
254
287
321
345
366
384
400
418
433
443
447
452
455
457
460
460
455
445
439
431
417
401
376
350
321
291
252
212
161
112
61
9
-45
-101
-157
-212
-260
-306
-349
-392
-429
-458
-483
-504
-519
-524
-527
-523
-516
-502
-479
-456
-430
-399
-370
-332
-293
-252
-213
-175
-137
-96
-55
-17
20
56
94
128
160
188
211
237
261
280
295
312
323
335
339
342
344
345
344
337
331
323
310
296
289
275
255
236
221
201
175
149
124
102
75
47
17
-16
-46
-70
-93
-123
-152
-176
-196
-217
-239
-258
-273
-287
-299
-309
-317
-321
-324
-323
-319
-307
-292
-275
-261
-235
-203
-179
-150
-116
-85
-60
-31
4
28
49
77
101
112
129
154
165
170
179
190
191
192
204
205
197
198
205
205
197
198
200
195
192
195
186
167
163
164
148
122
106
88
64
48
31
-12
-44
-53
-66
-103
-133
-157
-176
-190
-186
-203
-239
-237
-214
-206
-224
-223
-209
-195
-178
-162
-163
-163
-133
-96
-89
-100
-84
-50
-25
-14
-12
-10
7
46
64
58
50
73
105
121
121
118
126
144
164
162
154
149
157
168
159
142
131
125
123
120
108
84
66
64
63
45
25
15
5
-6
-14
-22
-35
-48
-55
-62
-70
-76
-75
-83
-94
-94
-90
-93
-99
-102
-99
-97
-98
-96
-98
-97
-90
-79
-77
-80
-75
-61
-53
-45
-33
-30
-27
-12
5
8
7
20
35
40
44
54
58
60
72
80
76
72
81
88
81
76
80
79
79
73
68
60
58
59
53
41
38
37
33
24
15
9
8
3
-7
-18
-20
-20
-28
-37
-43
-36
-41
-49
-51
-51
-51
-54
-53
-55
-54
-50
-45
-51
-54
-46
-38
-42
-50
-50
-45
-42
-42
-40
-41
-38
-34
-30
-25
-22
-18
-10
-8
-2
7
16
18
20
29
38
45
48
49
49
53
59
61
56
55
57
57
56
50
44
44
41
37
29
27
27
22
18
11
10
7
3
1
-6
-10
-9
-11
-16
-22
-25
-25
-24
-25
-26
-27
-29
-25
-26
-28
-28
-26
-27
-29
-28
-28
-27
-24
-22
-21
-20
-19
-17
-13
-11
-8
-8
-8
-5
-2
-1
1
1
5
8
7
8
8
12
13
15
14
14
17
13
14
15
16
14
15
15
10
13
9
6
7
4
4
5
1
0
2
1
-1
1
-3
-3
1
-2
1
0
1
2
3
2
-2
2
-1
-4
-2
-5
-4
-4
-9
-10
-7
-11
-11
-12
-13
-11
-8
-11
-8
-7
-6
-3
-2
-4
0
4
2
4
5
4
5
7
6
9
9
7
9
10
9
11
11
7
8
8
7
6
6
3
1
-1
1
2
-1
-4
-2
-2
-8
-8
-6
-9
-10
-7
-7
-10
-7
-7
-6
-8
-6
-2
-3
-2
-2
1
0
0
2
0
-1
1
4
-1
-1
1
-3
-5
-4
-6
-5
-6
-5
-3
-3
-4
-1
-1
-1
-1
3
2
3
2
3
3
4
8
10
7
3
9
8
8
7
6
6
5
5
4
4
2
1
0
-1
-1
-3
-5
-7
-6
-4
-3
-5
-6
-6
-5
-2
0
-2
0
-1
0
-2
-2
2
3
3
-1
2
2
1
-2
-2
-3
-1
-2
-2
-1
-3
-2
-4
-5
-4
-2
-2
-2
-1
-2
2
2
-1
2
3
5
5
3
2
1
5
3
1
0
-1
-1
-1
2
4
4
1
1
2
3
2
1
0
0
1
-1
-2
-2
-1
-2
0
0
-2
-2
-1
1
-1
-2
0
0
-3
-1
-1
0
-1
-2
-2
-1
2
1
2
-2
-3
0
-1
-1
-1
-4
-1
-1
0
-1
0
3
-1
-2
-1
0
0
0
-2
1
4
2
2
1
0
0
0
1
2
-2
-2
1
1
2
2
0
1
-1
0
1
0
-1
-4
-2
-1
-1
-1
-1
-1
0
-1
0
-1
1
3
3
2
1
4
5
2
0
1
-1
-2
-3
-3
-1
-1
-1
0
1
2
-1
0
1
1
0
0
0
2
2
2
3
3
4
3
4
3
2
3
3
2
2
1
0
0
-2
-4
-2
-3
-3
0
-2
-3
-5
-3
-5
-3
-3
-3
-1
-4
-3
-3
-3
-3
-1
-3
-2
-2
-2
-3
1
2
-1
1
-1
-1
0
0
1
1
2
1
-1
1
2
4
1
2
1
2
2
-1
2
0
1
3
1
0
4
1
3
3
2
3
4
5
2
4
3
4
2
2
4
1
2
2
1
-1
-3
-4
-3
-1
-3
-4
-3
-2
-3
-3
-2
-4
-2
-2
-2
-3
-4
-2
-3
-3
-3
