-2
-1
-1
0
-2
-1
-3
-2
1
-3
-1
-1
0
1
-2
-2
3
0
-1
0
-2
0
-2
1
2
0
1
-1
0
3
-2
-1
2
0
3
3
0
1
3
1
-1
-2
-3
0
-3
-1
-1
-2
-1
-3
-1
-1
0
-2
1
0
0
0
0
1
-3
-4
0
1
1
1
3
4
0
0
2
0
1
1
-2
2
-1
-1
0
3
1
0
1
-2
2
1
-3
0
2
1
2
2
2
0
1
2
2
0
1
1
0
1
0
1
-2
-1
2
0
-3
-3
-1
0
-3
-3
-1
0
-1
-2
3
2
0
0
1
3
3
-2
0
1
0
1
1
-1
-1
1
0
-1
1
-1
-1
1
-2
-2
1
1
-2
-2
-1
-3
-3
-4
1
1
0
0
0
1
3
0
-1
0
2
2
2
2
0
-1
-3
0
3
0
0
-2
-3
-3
-2
-1
-1
1
0
-1
-2
-2
-2
-1
-1
2
3
-1
1
0
1
1
1
0
1
3
0
1
0
0
3
0
2
2
3
4
1
-1
-2
-1
-1
-1
1
2
0
1
-1
0
1
0
1
0
1
2
0
2
1
-2
1
-1
0
-1
1
1
0
-2
1
-3
-3
-2
-3
-2
-3
0
-1
-1
-2
-1
3
0
-2
-2
0
-1
-1
-1
-1
-1
-1
-1
3
4
2
2
0
-1
-2
-1
-1
-3
-3
2
1
3
3
2
1
4
3
3
3
0
0
1
2
-3
-2
1
-2
0
-3
-2
0
-2
-2
0
-3
-2
2
2
1
0
4
-2
2
4
1
2
2
1
0
1
0
0
-3
0
-1
1
0
-2
0
-5
-2
0
-1
-2
-3
-3
0
3
2
0
-1
-2
-3
-1
0
-1
0
1
0
5
3
-2
0
0
0
-1
0
1
2
1
1
3
3
2
1
3
3
2
-1
3
5
4
2
0
-2
-3
-2
-1
-2
-1
0
0
3
4
3
1
3
0
0
-3
-4
-1
0
0
0
-1
-3
-2
-4
-5
-2
1
1
0
0
0
0
0
1
1
0
-1
2
-1
-4
-1
3
0
-1
-1
0
1
-3
0
0
0
-1
0
2
-2
0
-1
-1
1
-2
-2
0
0
0
0
0
-1
1
2
-4
0
-2
-1
4
2
2
0
0
2
2
4
4
1
2
2
2
-1
-3
-2
0
1
0
0
-2
-5
-1
0
-1
3
2
2
2
1
1
4
4
2
3
2
-1
-1
-1
-1
-4
-2
-3
-2
-4
-3
-1
-1
0
1
2
4
0
0
-1
-5
-1
2
4
2
0
2
6
3
-3
0
-4
0
-2
2
1
-1
-2
-2
0
-5
-2
-2
-1
1
4
-1
0
2
-4
-3
-4
-5
-1
1
2
0
-2
-5
0
1
-2
-3
-2
2
5
0
-1
4
0
0
2
6
6
8
2
-5
-3
2
-2
2
-1
0
3
3
-1
-5
0
-2
1
2
4
0
-2
-4
0
3
-4
1
4
1
4
-5
0
-3
-5
2
2
-2
1
3
3
-1
0
1
4
6
2
4
0
1
1
0
-2
1
0
2
-3
-4
-2
-5
-1
-3
0
-1
-6
-6
-2
-2
-1
0
4
1
2
-1
-1
0
1
-3
-6
-1
1
-1
0
-3
-3
-3
-2
1
3
3
-5
-1
1
2
5
5
4
7
3
-3
-2
2
5
0
3
6
3
4
0
-7
1
0
-1
-2
2
5
4
7
0
-3
-6
-7
-6
2
1
1
2
-2
0
-5
-5
-7
-2
5
8
14
0
-4
-10
-15
-14
-3
5
2
8
5
-5
-5
1
-2
-4
-4
17
12
5
-2
-7
11
10
1
-23
-15
10
18
10
-5
-13
-11
0
-2
1
8
1
-9
1
4
4
-1
-3
4
-6
4
-4
-3
-19
10
20
-3
-9
-2
9
-11
-6
-14
33
23
5
29
0
-11
-31
13
31
19
29
2
-5
-29
-61
-38
-11
13
10
-9
6
20
-15
-13
-17
-4
-8
11
-21
-45
20
42
60
39
-4
-11
28
-23
-22
22
-8
-14
-22
24
-2
-33
-2
18
13
-52
-22
2
-10
42
9
13
28
0
-66
-21
0
77
31
9
-10
-4
-22
-56
16
-24
-13
58
46
-24
-28
-55
-48
16
61
38
54
71
-7
-51
-45
-24
-10
-12
8
-43
-22
4
19
73
27
6
-9
-2
-28
5
42
7
-41
-53
35
-12
-66
-13
14
26
96
20
-22
-51
-136
-60
67
88
61
115
-60
-16
-129
-58
84
-56
-85
82
127
64
65
11
52
9
-70
-113
-136
-85
62
-9
-23
-7
55
31
-8
162
78
0
57
-111
-257
-33
59
39
3
58
9
-89
129
98
202
-24
-152
-219
-2
158
-121
-54
-126
115
87
-191
-170
-8
228
19
12
48
36
-10
-17
-8
118
93
-28
104
50
50
145
-99
-163
-129
-162
-280
-91
65
-10
108
213
196
-36
37
-35
-156
-51
-29
312
110
-49
51
42
52
-81
-224
-167
-32
-43
125
124
14
-52
-11
25
-155
-112
147
-133
50
229
128
-8
33
-6
-9
-39
-76
-17
-293
-113
88
144
105
183
-127
-245
50
26
-32
198
14
-127
63
60
-27
-15
-50
29
334
-157
-203
102
5
34
28
-135
-85
27
-13
-180
39
65
112
113
-65
-113
-15
198
-21
-215
1
291
261
-140
-184
-10
-75
-76
-34
-29
100
22
-20
118
-110
-245
-98
55
13
190
73
154
224
-123
-139
-99
-24
-80
339
181
121
-33
18
-90
-183
-557
-587
231
365
-9
66
200
-75
374
231
-161
-5
-114
8
121
-128
-150
167
184
-45
-381
-305
-135
46
7
57
137
69
164
161
-231
-81
12
320
-102
237
71
62
-139
-356
42
-410
146
104
83
-243
-46
9
68
124
-15
75
-141
87
362
216
39
37
-201
-191
219
-25
-146
87
-31
11
-42
19
-45
-105
-209
-231
76
379
385
89
-196
-406
-323
3
54
-51
-132
-10
353
179
-63
21
-53
59
98
8
-101
-26
234
192
-65
-61
186
-107
-297
-136
-19
-14
-26
129
147
8
-115
-114
-115
-124
-10
-6
138
227
88
66
18
-164
-155
-55
-84
57
289
153
14
-62
-46
-38
73
-56
-183
-82
38
131
-31
-31
87
112
119
-23
-120
-81
46
-4
88
42
-45
38
-105
-160
-13
77
14
22
72
65
-118
-147
-42
17
-11
-49
28
143
210
84
3
-68
-143
-145
-60
-15
1
8
-18
14
63
-29
-84
-6
50
49
50
29
25
16
20
-9
-50
12
4
41
55
38
22
-10
-23
-76
-24
-57
-84
-45
54
-5
-48
-38
-53
-24
15
8
56
64
-8
37
36
24
30
5
-11
24
35
89
148
51
-21
-71
-65
-16
47
42
55
82
61
85
83
7
-65
-85
-86
-25
53
-10
-99
-84
-59
-68
-79
-56
-91
-148
-120
-14
16
-1
11
26
7
-35
-79
-129
-182
-204
-174
-130
-95
-38
-38
-21
-1
3
44
66
41
57
187
228
237
207
241
309
330
274
217
247
269
240
223
243
254
311
384
376
322
301
350
346
253
207
197
152
56
-92
-221
-267
-384
-524
-589
-622
-735
-818
-917
-1066
-1226
-1406
-1622
-1826
-1967
-2014
-1918
-1668
-1290
-773
-213
337
862
1281
1522
1619
1648
1556
1449
1308
1149
1016
942
827
758
763
749
742
810
920
1117
1405
1681
1871
2021
2095
2001
1743
1501
1306
1068
978
1119
1361
1731
2343
2154
-227
-4076
-7168
-8920
-10258
-11056
-10382
-8079
-4871
-1661
1029
3168
4542
4842
4323
3509
2600
1872
1677
1985
2308
2211
1772
1363
766
-635
-2571
-4142
-4901
-4888
-3899
-2045
19
1755
3325
4686
5110
4277
3021
2051
1152
122
-584
-619
-330
-183
-107
37
134
191
350
616
1116
1907
2893
3770
4307
4255
3776
3047
2262
1554
1112
932
1089
787
-1469
-5494
-8963
-10803
-12085
-12903
-11987
-8963
-5038
-1246
2139
5065
6855
7243
6647
5567
4044
2546
1499
1041
749
278
-466
-1087
-1697
-2752
-4300
-5536
-5836
-5236
-3800
-1344
1677
4041
5494
6507
6810
5636
3622
1821
521
-528
-1161
-1340
-1123
-847
-702
-512
-94
251
571
1341
2466
3610
4626
5363
5573
5400
4647
3430
2246
1533
1254
1387
181
-3837
-8883
-11821
-13048
-14132
-14244
-11657
-6983
-2096
2060
5663
8381
9264
8391
6751
4774
2558
835
19
-282
-670
-1425
-2316
-3033
-3828
-5051
-6146
-6379
-5385
-3139
-5
3173
5786
7477
7937
7313
5709
3203
307
-1772
-2878
-3312
-3342
-2740
-1898
-955
-192
581
1368
2125
2673
3404
4296
4796
4903
4958
4766
3934
2938
1902
1062
532
501
768
1357
384
-3942
-9779
-13190
-13957
-14189
-13364
-9602
-3464
2302
6285
8694
9921
9260
6841
3752
1039
-1107
-2142
-1959
-1167
-812
-1296
-2312
-3197
-4155
-5373
-6216
-5726
-3695
-303
3537
6638
8515
9177
8388
6375
3607
311
-2596
-3994
-4077
-3760
-3151
-2432
-1817
-1058
-177
563
1610
3165
4421
5272
5919
5895
5094
4272
3392
2096
886
163
58
382
790
1203
2057
1164
-3790
-10564
-14337
-14761
-14214
-12548
-7865
-936
5113
8552
9870
9718
7701
4330
888
-1586
-2967
-2925
-1782
-358
155
-712
-2433
-3808
-4694
-5561
-5901
-4443
-1177
2644
6018
8363
9059
7960
5920
3506
614
-2307
-4023
-4122
-3323
-2446
-1883
-1517
-842
-73
279
795
2309
4072
5105
5508
5403
4636
3624
2630
1695
807
282
29
573
1422
1765
1632
2246
2301
-1609
-8988
-14745
-15346
-13806
-12021
-8525
-1789
4779
8610
9342
8563
6547
3669
502
-1692
-2612
-2389
-1202
298
702
-593
-2800
-4594
-5393
-5428
-5008
-3437
-171
3800
7002
8590
8511
6794
4336
1822
-483
-2663
-4006
-3895
-2687
-1616
-1301
-1267
-959
-303
422
1339
2725
4467
5716
5779
4854
3528
2211
1158
599
404
485
971
1668
2320
2498
2325
2295
2506
-207
-7144
-14198
-16031
-14318
-12401
-9445
-3386
3573
7932
9076
8293
6585
3957
1199
-913
-1919
-2043
-1056
211
424
-1104
-3577
-5635
-6227
-5499
-4284
-2421
886
5199
8494
9068
7520
5431
3167
346
-1859
-2870
-3316
-3262
-1986
-756
-654
-800
-387
-84
126
850
2196
3834
5100
5133
4037
2709
1560
765
522
632
1122
2041
2840
2844
2740
2229
1381
1212
2121
-388
-7620
-14500
-15530
-13598
-12191
-9754
-3541
3727
7973
8824
8150
6767
4430
1889
-331
-1874
-2412
-1560
-509
-728
-2502
-4688
-6077
-5896
-4384
-2469
-322
2834
6680
9364
9413
6791
3160
527
-1078
-3014
-4347
-3789
-2242
-981
116
416
-101
-193
296
652
1165
2358
3872
5178
4815
2716
979
557
383
537
1487
2383
3034
3659
3556
2752
1637
945
1246
2496
3
-7382
-14847
-16642
-15132
-13395
-10537
-4011
3947
9153
10477
9662
7974
5298
2270
-556
-2648
-3456
-2552
-1303
-1387
-3102
-5157
-6261
-5671
-3792
-1425
1039
4187
7846
10158
9522
6585
2871
-917
-3643
-4613
-4830
-4677
-2879
-59
1276
1049
838
982
794
826
1386
2465
3594
4323
3928
2141
176
-552
-29
760
1801
3188
4097
4071
3222
2346
1217
324
259
2262
2953
-2222
-11365
-17276
-17354
-15880
-13515
-7938
996
8707
12596
12722
10763
7453
3640
-100
-3286
-5159
-4751
-2778
-1647
-2538
-4270
-5613
-5854
-4594
-1891
1160
4128
7381
10384
10927
7952
3273
-921
-4152
-6002
-5876
-4744
-3456
-1320
1353
2354
1456
1008
1598
1904
1439
1791
2998
3750
3031
1764
289
-900
-773
818
2318
3137
3882
4212
3565
2054
855
91
45
858
3491
5060
-111
-10845
-19182
-20033
-17949
-14665
-8151
2383
11544
15756
14996
11765
7004
2011
-2530
-5638
-6991
-5695
-2617
-718
-1656
-4007
-5702
-6083
-4839
-1738
2030
5502
8638
11264
11146
7280
1662
-2705
-5481
-6766
-6095
-4211
-2218
-10
2314
2869
1744
1033
1353
1886
2054
1895
1986
2423
2204
579
-843
-908
230
2050
3645
4114
4011
3674
2798
1282
19
-535
-388
1114
3595
6537
4350
-5415
-17795
-23121
-21113
-16723
-10497
-363
11003
17554
17475
13122
7378
1365
-3590
-6757
-7626
-6372
-2885
247
266
-2745
-5809
-7127
-6300
-3385
1223
5692
9229
11529
11898
8562
2405
-3437
-6585
-7423
-6431
-4188
-1509
685
2419
3110
2135
748
538
1461
2104
1896
1917
2352
2378
982
-653
-1120
-83
1921
3779
4464
4247
3597
2593
1099
-290
-808
-406
886
2782
5626
7540
2170
-10576
-22399
-24453
-20049
-13765
-5424
5883
15296
18325
15206
9254
2552
-2974
-6128
-6955
-6133
-3688
-58
1602
-539
-4776
-7736
-8029
-5429
-556
4857
8778
11006
11727
10003
4804
-2064
-6882
-7854
-6367
-4431
-2387
16
1988
2862
2547
1541
787
1138
2386
2681
2111
1664
1759
1233
-304
-1620
-1255
776
3127
4494
4737
4081
2878
1540
303
-882
-1091
-67
2090
4290
6846
8352
2638
-10832
-23980
-26320
-20529
-12758
-4244
6391
15268
17605
13596
7099
679
-3859
-5713
-5180
-3589
-1498
913
1420
-1608
-6446
-9463
-8929
-5078
863
6655
10116
11262
10816
8362
2990
-3433
-7348
-7145
-4878
-2441
-305
1164
1669
1768
1815
972
304
1155
2958
3692
3097
1885
281
-1248
-2302
-2490
-1348
1540
4712
6329
5663
3825
1730
65
-945
-888
-391
721
2208
4060
5778
7515
7719
-168
-14957
-27004
-26339
-18278
-9929
-1618
8225
15473
15852
10724
4260
-979
-3257
-3104
-1868
-1091
-375
354
-1044
-5249
-9696
-10821
-7994
-2225
4634
9696
11222
10337
8514
5393
411
-4320
-6202
-4752
-2559
-872
-57
168
25
355
1200
1214
1115
2108
3529
3509
1922
585
-583
-1560
-1928
-1189
509
2718
4890
5575
4506
2846
1395
457
-101
127
509
1315
2241
3839
5455
7468
5720
-4927
-20353
-28584
-23569
-14132
-5935
2101
11232
16060
13859
7371
1261
-2287
-2556
-1289
-133
-254
-407
-1167
-3844
-8069
-10680
-9395
-4727
1850
7859
10541
9660
7730
5959
3125
-994
-3848
-3987
-2052
-724
-1013
-1887
-2220
-1696
-657
1097
2214
2726
3352
4055
3092
1108
-120
50
13
-560
-860
343
2075
3318
3846
3970
3491
2708
2187
1807
929
416
764
1836
3221
5089
6823
1784
-11699
-25463
-27277
-18885
-9438
-1461
6941
13990
14825
9897
3138
-1579
-2620
-906
1251
1813
769
-742
-3354
-7215
-10710
-11017
-7749
-1723
5129
9679
9981
7835
6116
4792
2177
-990
-2539
-2385
-1472
-639
-875
-2741
-3981
-2667
-50
1713
2452
3249
3901
3679
2346
902
-324
-770
-315
272
496
1317
3102
4017
3702
2955
2059
1089
755
1022
1081
564
728
1524
3015
4579
6836
5621
-4759
-19968
-27603
-21751
-11776
-4149
2244
9232
12641
9802
3789
-626
-1255
1058
3627
4569
2831
-140
-3778
-7710
-10993
-11696
-8778
-3107
3752
8753
9447
6853
4464
3873
3250
1676
192
-409
-563
-725
-1297
-3222
-5207
-4801
-1667
1462
2837
3157
3573
3874
3192
2068
1681
1717
936
-52
-590
-496
155
1732
2999
3232
2768
1938
1185
1035
1471
1458
1396
2139
3208
4497
6152
6951
-131
-15215
-27857
-26513
-15827
-6472
-320
6013
11126
10514
5323
655
-231
2294
5464
6964
5199
745
-4443
-8952
-11742
-12263
-9687
-4536
1814
6842
8053
5620
2923
2922
4722
5373
4494
2770
1036
-613
-2175
-4332
-6444
-6125
-3284
233
2446
3062
3004
3283
3827
3668
3453
3369
2427
483
-1467
-2502
-2113
-170
2066
3483
3756
2988
1784
1370
1651
2075
2246
2706
2854
3072
3496
4801
3279
-6980
-21519
-28051
-20182
-8889
-1889
2008
6638
9098
6681
2247
344
2167
5499
7725
7523
3412
-2741
-8303
-11168
-11643
-9949
-6361
-1379
3538
6033
5015
2627
2067
4171
6806
7809
6616
3927
1057
-1785
-5738
-9561
-8851
-4125
-8
1802
2842
2894
2158
2921
4359
4793
4733
4841
3533
-409
-4387
-5117
-2369
982
2953
4201
3997
2424
891
601
933
1941
3543
4352
3410
1785
1485
3133
4166
-2964
-16499
-25768
-20846
-9856
-2929
-766
1844
4785
4550
2360
1526
3434
6549
8750
8772
4829
-1667
-7268
-9503
-9112
-7753
-5441
-2757
59
1630
1317
108
530
3780
7955
10064
8824
5417
1976
-1458
-4681
-5803
-4474
-2485
-1601
-679
-216
-436
-413
934
3013
4453
4964
4692
3762
1763
-655
-1375
7
1628
2336
2070
1051
-346
-615
446
2144
3579
3995
3544
2606
1389
1349
3277
5615
142
-12565
-23025
-20858
-11699
-5612
-3542
-1387
1792
2470
1713
2019
4220
7033
9084
9807
7357
1739
-4069
-7353
-7677
-6932
-5660
-4637
-3607
-2690
-2177
-1830
-319
3301
7737
10564
10313
7409
3857
271
-1933
-2146
-1215
-1457
-2520
-3251
-4297
-4405
-3168
-707
1753
4142
5688
5929
4931
2407
416
707
2081
2617
2289
1171
-340
-1047
-1056
-521
986
2816
3347
2771
2055
734
625
2498
5773
7204
1271
-11795
-22600
-20868
-11690
-5356
-3403
-2091
-6
409
148
860
3370
6593
9144
10452
8502
3050
-3116
-6428
-6444
-5183
-3821
-3106
-3002
-3393
-3438
-3010
-1590
1221
5397
8790
9194
6666
3804
2381
1924
413
-1335
-1497
-951
-2297
-4561
-5006
-3897
-1902
750
2889
3570
3731
3798
3133
2612
2884
3496
3736
3163
1772
385
-610
-1427
-999
697
1799
1863
1850
1684
992
1055
2263
3989
4890
-566
-11905
-19807
-15600
-6543
-2570
-3399
-4368
-3921
-3578
-2091
809
3951
6122
7279
7899
6097
1956
-1697
-2484
-1247
-272
-142
-1598
-3789
-5436
-5446
-4298
-2597
-36
3081
5530
5752
4180
3054
3213
3511
2675
1755
1615
931
-918
-3223
-4116
-3701
-2069
-401
687
1242
1720
2420
2754
2681
2551
3388
4301
4037
2792
1375
200
-331
-27
594
578
196
-9
406
732
1085
1913
3277
4715
4641
-2064
-13245
-18492
-11960
-3485
-1787
-4502
-6467
-6488
-5386
-2686
860
3740
5200
5982
6672
5691
3062
886
585
1227
1276
183
-2109
-4382
-5357
-4713
-3294
-2003
-678
694
1614
1846
1973
2962
4472
5642
4996
3491
2418
1751
264
-1487
-2792
-3760
-2845
-641
540
-46
75
424
36
781
2853
4368
4348
3700
2701
1729
1218
831
1161
1847
1898
1230
945
791
254
451
1080
1956
2924
3056
-3533
-13934
-17519
-9518
-1337
-1448
-5734
-8038
-7535
-5508
-1575
2593
4694
4609
4200
4650
4181
2485
1432
1970
2857
2560
1134
-1206
-3307
-4258
-4065
-3570
-3368
-2786
-1260
624
1898
2536
3392
4350
4818
3751
2594
2592
2899
2023
688
-582
-2097
-2285
-1126
-692
-1287
-1004
-784
-1090
-176
1877
3100
3287
3281
2992
3100
3355
2932
2487
2307
1557
596
278
349
148
523
1024
1320
1493
1879
1391
-4883
-13769
-15584
-6980
-434
-2626
-7229
-8628
-7436
-4853
-665
2669
3163
2197
2041
3656
4668
4349
3706
3567
3284
2136
521
-1277
-2466
-2640
-2329
-2510
-3042
-2894
-1879
-602
541
1320
1968
2346
2096
2450
3940
4683
3207
1840
928
-87
-196
626
282
-761
-724
-650
-1148
-1479
-1013
804
3017
3391
2272
1942
2194
2212
2389
2396
2037
2168
2455
2126
1922
1412
437
249
1038
1137
925
716
-4809
-13654
-15686
-7261
-764
-3118
-7803
-8986
-7463
-4563
-344
2474
2196
1018
1453
3716
5154
4911
4217
4098
3983
3096
1807
276
-855
-1405
-1865
-2807
-3818
-3741
-2826
-1635
-914
-472
30
910
1299
1403
2906
4920
4889
3315
2530
2047
1122
858
1039
462
-286
-391
-440
-1089
-1492
-1122
335
1523
1636
1107
1210
1759
2556
3236
3164
2219
1611
1804
2125
2319
1655
910
425
472
453
1249
804
-5792
-13424
-12514
-3745
-606
-5402
-10044
-10187
-7857
-4524
-738
1027
332
-290
1190
4245
5749
5691
5552
5771
5199
3634
2265
1077
345
-223
-1169
-2668
-3894
-3679
-2552
-1896
-2187
-2615
-1737
-954
-196
1732
4049
4203
2904
2807
2460
2184
2916
3422
2151
1160
1133
800
487
254
-910
-1062
483
1274
409
-116
38
139
836
1585
1681
1498
1454
1594
1816
1994
1743
1983
2488
2457
2273
2694
692
-6894
-13229
-10350
-2206
-1154
-6875
-11193
-11201
-9041
-5304
-1142
200
-924
-1425
236
3169
5065
5503
5506
5872
5843
4959
4045
3457
2965
2068
512
-1212
-2524
-2924
-2783
-2707
-3150
-3587
-3180
-2400
-1880
-903
644
1286
1002
1500
2703
3635
4578
5041
4130
3017
2868
2841
2278
1559
412
-126
586
874
-339
-1459
-1569
-1428
-828
-24
103
69
673
1492
1981
2298
1994
1710
2157
2816
2885
3332
2474
-3220
-9495
-8396
-1627
-570
-6413
-11105
-11169
-9111
-6106
-2949
-2649
-4585
-5054
-2734
1094
3828
4580
4148
4319
5278
5997
6408
6544
6389
5317
3185
985
-246
-374
-376
-1032
-2497
-4350
-5977
-5512
-2882
-1030
-1844
-2707
-1509
267
1686
2442
2069
2079
3647
5179
5049
4745
4001
2446
2189
3303
3306
1746
699
112
-542
-1061
-1625
-1739
-1141
-695
-1171
-1740
-1596
-720
721
1558
1640
1743
2398
3177
4017
1744
-4441
-7603
-2442
2968
-181
-6986
-9939
-9379
-7568
-4841
-3722
-5603
-7028
-5437
-2425
28
1233
1528
1845
3187
4922
5754
5841
5948
6276
5781
4157
2820
2809
2941
1991
249
-1333
-2492
-2281
-1990
-3049
-3702
-3070
-3227
-4336
-3228
-1226
-594
250
1649
1882
1997
3690
4947
4357
3990
4494
4990
4739
3866
2709
1608
994
689
213
-964
-2165
-2341
-2108
-1956
-1763
-1301
-868
-567
-93
68
695
1882
3464
2312
-2827
-6666
-3462
2367
1428
-4472
-7714
-6890
-5008
-3111
-2346
-4332
-6685
-6201
-3635
-1276
-376
-271
-252
506
1691
2611
3244
3840
4528
4806
4346
3998
4634
5707
5262
3220
1116
27
-109
-330
-1026
-2006
-2659
-3263
-3568
-3148
-2523
-2209
-1707
-731
124
710
1460
2232
2535
2502
2936
3817
4189
3718
3208
3009
2777
2442
2091
1626
1006
452
-142
-736
-1185
-1347
-1267
-1197
-1195
-1021
-683
-322
189
504
-2187
-6370
-5706
468
2861
-2324
-7140
-6656
-4215
-2513
-1375
-2141
-4972
-6111
-4265
-1924
-1081
-1030
-652
115
1273
2508
3580
4118
4219
4250
4024
3323
2914
3625
4308
3308
1129
-107
266
1041
1018
-105
-1860
-3189
-2522
-495
66
-1573
-2831
-2129
-687
392
602
-137
-405
612
1989
2826
3248
3195
2958
3300
3524
3101
2673
2565
2122
1176
408
66
203
310
-181
-1023
-1663
-1597
-847
67
223
-77
-278
-2352
-5583
-4977
158
1593
-3711
-7990
-6679
-4104
-3301
-2925
-3336
-5307
-5801
-3034
237
718
-632
-972
163
1633
2857
3914
4186
3548
2983
2872
2946
3283
4014
4160
2851
1136
593
1282
1832
990
-586
-1353
-1006
-898
-1324
-1737
-2241
-2698
-2242
-1281
-787
-439
326
657
550
1053
2253
3122
3294
3037
2754
2760
2984
3037
2803
2162
1096
376
367
398
-11
-565
-830
-743
-442
-198
-149
-108
-29
155
-1376
-5092
-6406
-2160
1396
-2279
-7702
-7395
-3963
-2421
-2311
-2664
-4580
-5710
-3281
231
1010
-578
-1357
-412
1090
2118
2686
2957
2776
2737
3153
3349
3176
3506
4235
3864
2452
1656
1971
2363
1897
386
-1932
-2874
-1166
555
-842
-3363
-3571
-2059
-858
-403
-587
-933
-405
798
1477
1840
2232
2240
1961
1870
1909
2055
2511
2687
2210
1483
1100
1477
2282
2300
993
-343
-622
-335
-260
-568
-1123
-1522
-1114
-440
-1880
-5040
-5263
-1092
803
-3380
-7374
-5820
-2600
-1937
-2407
-3078
-4832
-5451
-3001
-359
-645
-1942
-1488
236
1539
2198
2605
2839
3023
3439
3810
3661
3374
3674
3867
2908
1612
1590
2549
2892
1656
-523
-1568
-428
871
141
-1575
-2410
-2237
-1426
-702
-1283
-2414
-2055
-722
-216
-33
681
1201
1286
1674
2239
2611
2971
3201
2970
2344
1606
1221
1520
1731
1021
55
-83
332
491
276
46
-171
-236
1
-138
-2331
-5203
-4515
-447
117
-4774
-8142
-6063
-3336
-2944
-3016
-3385
-4982
-5012
-2120
126
-666
-1866
-1160
470
1528
2046
2331
2394
2531
3063
3540
3535
3639
4297
4558
3611
2509
2464
2963
2831
1735
-130
-1434
-613
921
-83
-2787
-3555
-2268
-1347
-1160
-1321
-1991
-2050
-777
220
162
360
963
1006
845
1141
1485
1768
2280
2622
2322
1942
2135
2713
2807
1990
900
606
1049
1201
559
-188
-538
-620
-544
-661
-2467
-5254
-4970
-939
367
-3929
-7409
-5546
-2900
-2878
-3251
-3360
-4803
-5308
-2746
-303
-1097
-2553
-1699
328
1428
1898
2382
2561
2538
3123
3956
4088
3852
4157
4317
3366
2274
2458
3180
2952
1742
349
-752
-1008
-167
517
-380
-2076
-2474
-1423
-715
-1204
-2017
-2360
-2197
-1554
-511
280
240
-154
175
1220
2084
2436
2534
2300
1884
1884
2344
2626
2477
1958
1234
840
1025
1108
592
78
-36
-106
-219
-232
-1383
-3933
-4793
-1986
-66
-3009
-6736
-5949
-3339
-2925
-3438
-3458
-4595
-5509
-3420
-540
-890
-2773
-2472
-366
1081
1696
2241
2622
2644
2892
3452
3673
3425
3602
4193
3959
2830
2410
3125
3396
2343
1133
899
1043
606
-129
-758
-1623
-2318
-1822
-969
-1394
-2324
-2130
-1534
-1641
-1466
-384
287
-31
-143
414
933
1304
1811
2027
1729
1565
1914
2210
2080
1719
1511
1516
1540
1221
690
326
317
366
370
353
102
-1270
-3299
-3503
-1235
-544
-3793
-6825
-5698
-3282
-3001
-3646
-3901
-4768
-5144
-3116
-656
-843
-2356
-2219
-588
617
1079
1503
1923
2117
2438
3184
3752
3654
3510
3839
3901
3330
3098
3603
3664
2595
1192
492
817
1502
1240
-330
-1729
-1745
-967
-606
-1063
-1997
-2497
-2060
-1333
-1127
-1129
-955
-740
-399
274
762
799
912
1312
1469
1423
1682
2171
2303
2077
1838
1804
1929
2033
1692
966
346
162
271
286
-791
-2927
-3757
-1847
-427
-2606
-5603
-5399
-3478
-2998
-3423
-3656
-4583
-5491
-4237
-1919
-1528
-2652
-2606
-1094
158
550
770
1098
1416
1911
2806
3587
3748
3661
3889
4054
3760
3570
3989
4278
3563
2162
1279
1461
1893
1340
-56
-1071
-1198
-963
-850
-1267
-2223
-2693
-1965
-1187
-1259
-1311
-878
-912
-1296
-908
28
456
609
967
1190
1178
1468
1955
2074
1786
1512
1506
1737
1910
1705
1254
868
630
529
524
-197
-1941
-2889
-1435
-54
-1807
-4754
-4942
-3209
-2615
-3057
-3234
-3999
-5105
-4460
-2430
-1941
-3136
-3456
-2157
-805
-108
340
654
805
1281
2314
3389
3861
3836
3824
3900
3737
3525
3674
3844
3343
2558
2258
2176
1709
1181
969
597
-104
-508
-566
-963
-1694
-2096
-2124
-2126
-1975
-1501
-1096
-1148
-1345
-1137
-492
66
303
497
861
1161
1301
1412
1532
1545
1558
1615
1617
1443
1275
1221
1195
1047
899
445
-719
-1740
-1031
318
-616
-3420
-4448
-3136
-2441
-3209
-3744
-4083
-4981
-5013
-3298
-2051
-2789
-3643
-2869
-1439
-636
-175
304
557
693
1276
2213
2900
3153
3392
3767
3963
3811
3750
3962
4027
3662
3136
2654
2202
1856
1532
864
-78
-642
-604
-430
-550
-1051
-1817
-2285
-1943
-1160
-880
-1209
-1485
-1245
-737
-339
-259
-320
-239
129
584
959
1127
1149
1187
1382
1555
1603
1675
1775
1677
1396
1037
157
-1099
-1308
-5
414
-1586
-3803
-3679
-2487
-2338
-2937
-3273
-3858
-4462
-3922
-2568
-2363
-3353
-3737
-2756
-1592
-934
-538
-182
16
411
1208
2116
2641
2896
3156
3426
3405
3367
3795
4331
3920
2804
2294
2695
2917
2482
1768
978
209
0
333
333
-399
-1170
-1456
-1366
-1108
-856
-989
-1513
-1848
-1558
-968
-532
-405
-457
-510
-314
160
733
1084
1109
913
855
1063
1382
1480
1298
980
882
750
-8
-1001
-731
386
51
-2003
-3069
-2278
-1680
-2220
-2698
-3057
-3914
-4253
-3103
-2044
-2578
-3571
-3400
-2421
-1568
-975
-559
-397
-184
454
1315
1959
2264
2457
2776
3185
3355
3329
3477
3687
3356
2691
2472
2732
2733
2328
1807
1280
795
640
700
529
-66
-737
-1083
-1000
-828
-960
-1353
-1610
-1551
-1301
-998
-719
-558
-493
-388
-173
109
444
715
718
525
468
686
958
1032
898
737
503
-161
-854
-444
735
536
-1441
-2728
-2060
-1247
-1566
-2134
-2579
-3462
-4012
-3193
-2104
-2351
-3267
-3327
-2433
-1526
-949
-638
-477
-303
171
905
1583
1849
1861
2048
2510
2778
2838
3128
3571
3436
2772
2382
2598
2904
2893
2469
1708
951
681
792
664
-3
-778
-1111
-890
-561
-638
-1138
-1520
-1424
-1060
-796
-674
-607
-536
-402
-220
-134
-73
163
479
520
335
329
679
1045
1108
934
713
172
-622
-698
374
856
-591
-2359
-2289
-1375
-1484
-2227
-2511
-2930
-3638
-3449
-2234
-1708
-2367
-2917
-2520
-1814
-1293
-930
-609
-430
-230
201
926
1570
1825
1804
1966
2298
2537
2760
3274
3660
3348
2651
2416
2606
2596
2242
1836
1404
1003
869
920
681
19
-637
-862
-630
-321
-384
-835
-1213
-1214
-1006
-849
-735
-664
-668
-632
-429
-176
-6
86
173
220
251
354
607
884
989
856
526
-133
-843
-707
310
418
-1210
-2635
-2157
-1159
-1250
-1838
-2177
-2834
-3536
-3082
-1853
-1566
-2341
-2775
-2246
-1465
-988
-743
-550
-414
-224
203
885
1487
1741
1853
2114
2361
2421
2582
3016
3253
2957
2581
2578
2686
2528
2200
1826
1352
932
842
915
746
232
-397
-800
-732
-445
-496
-903
-1117
-1021
-947
-907
-737
-639
-731
-702
-435
-170
35
274
375
245
175
353
587
644
589
591
483
-135
-893
-694
319
317
-1263
-2444
-2000
-1302
-1502
-1865
-2000
-2536
-3111
-2646
-1625
-1498
-2242
-2599
-2162
-1554
-1125
-801
-603
-554
-415
29
721
1357
1658
1711
1893
2250
2468
2582
2865
3077
2809
2409
2417
2634
2581
2298
1944
1478
1054
936
981
833
404
-152
-558
-534
-266
-345
-817
-1089
-975
-889
-919
-781
-544
-517
-603
-539
-347
-171
17
211
270
196
235
452
583
488
366
169
-440
-1083
-761
247
222
-1236
-2322
-1964
-1314
-1339
-1528
-1674
-2309
-2989
-2695
-1772
-1496
-2010
-2363
-2105
-1560
-1038
-625
-378
-283
-183
99
623
1210
1571
1656
1740
1981
2248
2481
2755
2922
2730
2363
2251
2378
2393
2198
1909
1536
1174
1025
1015
828
389
-109
-442
-448
-212
-184
-582
-988
-1018
-894
-888
-835
-605
-446
-463
-460
-349
-211
-72
82
142
64
7
125
334
439
389
219
-186
-803
-981
-240
460
-205
-1638
-2115
-1566
-1290
-1526
-1651
-1857
-2445
-2700
-2133
-1545
-1677
-2097
-2145
-1819
-1395
-1002
-674
-383
-126
73
329
816
1384
1669
1745
1960
2231
2274
2308
2622
2841
2602
2302
2329
2360
2112
1817
1622
1383
1105
932
794
520
110
-257
-391
-300
-265
-463
-672
-633
-515
-615
-837
-842
-620
-464
-441
-372
-250
-190
-138
-9
89
67
69
207
366
408
359
164
-361
-959
-860
-52
205
-729
-1691
-1656
-1288
-1383
-1607
-1695
-2057
-2590
-2579
-2013
-1665
-1800
-1940
-1771
-1460
-1190
-910
-550
-155
129
273
473
909
1425
1716
1812
1946
2103
2191
2314
2500
2534
2337
2135
2069
2032
1920
1744
1542
1305
1029
781
634
502
210
-177
-385
-379
-446
-664
-766
-659
-572
-609
-607
-509
-422
-382
-347
-304
-238
-125
-22
35
74
44
-82
-108
109
367
435
243
-254
-807
-770
-108
102
-732
-1646
-1716
-1428
-1472
-1612
-1625
-1862
-2307
-2370
-1964
-1649
-1704
-1806
-1654
-1308
-971
-703
-390
-5
262
323
395
704
1153
1514
1740
1911
2057
2147
2225
2345
2445
2402
2243
2124
2068
1915
1631
1377
1205
976
645
384
260
104
-139
-259
-159
-132
-403
-729
-780
-635
-533
-487
-447
-490
-584
-555
-414
-328
-308
-221
-36
117
134
85
124
267
331
264
151
-135
-651
-865
-403
-2
-512
-1445
-1778
-1566
-1487
-1591
-1597
-1672
-1966
-2137
-1914
-1604
-1553
-1641
-1549
-1243
-967
-835
-676
-316
127
433
606
828
1131
1397
1593
1790
2001
2164
2253
2268
2205
2091
1981
1909
1854
1744
1530
1272
1106
1063
987
750
435
182
-11
-119
-80
-47
-267
-610
-720
-627
-614
-672
-607
-492
-449
-406
-328
-290
-241
-87
61
70
17
15
67
151
213
159
42
-53
-289
-731
-897
-505
-201
-610
-1288
-1515
-1460
-1571
-1690
-1594
-1569
-1799
-1970
-1876
-1702
-1564
-1382
-1144
-921
-765
-679
-580
-262
244
628
750
830
1019
1221
1412
1648
1832
1867
1885
1988
2047
1979
1910
1905
1881
1786
1611
1365
1142
1028
918
676
371
104
-110
-225
-198
-179
-317
-477
-508
-520
-617
-642
-520
-394
-323
-256
-224
-244
-204
-78
-1
-20
-37
-12
34
127
193
125
32
23
-142
-617
-977
-826
-527
-670
-1108
-1352
-1424
-1578
-1686
-1545
-1405
-1541
-1755
-1749
-1579
-1425
-1290
-1108
-907
-734
-611
-503
-292
57
376
548
717
993
1240
1384
1550
1757
1892
1976
2059
2048
1899
1747
1667
1598
1498
1381
1210
1004
844
735
595
412
212
2
-165
-193
-127
-153
-302
-398
-364
-345
-407
-429
-353
-263
-206
-159
-122
-120
-106
-39
-2
-49
-102
-87
-47
-48
-75
-99
-105
-112
-226
-529
-819
-800
-614
-667
-962
-1147
-1183
-1316
-1524
-1576
-1495
-1480
-1514
-1476
-1397
-1358
-1284
-1096
-852
-647
-485
-327
-127
124
378
586
768
977
1182
1322
1419
1528
1643
1731
1775
1760
1691
1605
1514
1405
1261
1113
1009
943
850
676
445
275
218
190
97
-27
-106
-145
-169
-151
-126
-189
-314
-348
-268
-186
-157
-148
-135
-114
-83
-75
-99
-118
-132
-193
-249
-210
-130
-125
-161
-179
-303
-602
-835
-762
-570
-630
-932
-1178
-1237
-1237
-1277
-1317
-1305
-1277
-1293
-1311
-1245
-1117
-1003
-896
-715
-487
-307
-178
-13
210
417
570
727
923
1103
1209
1264
1288
1316
1396
1512
1545
1423
1266
1190
1158
1096
995
884
784
719
662
535
366
274
260
225
144
84
39
-47
-123
-132
-130
-161
-200
-215
-212
-216
-253
-287
-250
-169
-152
-217
-256
-234
-203
-186
-165
-179
-242
-304
-316
-296
-332
-466
-651
-742
-720
-721
-827
-962
-1048
-1109
-1162
-1161
-1104
-1038
-986
-939
-903
-847
-723
-537
-351
-212
-117
-43
65
235
421
560
638
699
783
892
1004
1069
1076
1063
1065
1087
1110
1101
1041
944
859
805
758
722
695
625
508
427
405
377
309
247
192
127
95
98
50
-71
-146
-126
-102
-127
-151
-171
-209
-217
-171
-125
-138
-177
-203
-228
-247
-249
-265
-334
-416
-455
-474
-524
-595
-648
-664
-678
-737
-809
-830
-822
-844
-871
-840
-789
-796
-806
-727
-617
-576
-568
-475
-321
-219
-166
-85
31
135
220
314
410
494
561
606
647
699
760
802
813
801
790
801
834
850
814
751
700
667
642
633
627
579
488
406
356
320
282
246
203
146
109
88
54
2
-47
-67
-60
-54
-77
-123
-157
-161
-159
-181
-209
-227
-238
-257
-287
-332
-382
-412
-420
-429
-461
-506
-526
-520
-539
-590
-618
-595
-568
-577
-594
-594
-590
-595
-581
-537
-487
-465
-450
-398
-325
-267
-230
-179
-102
-16
58
137
220
294
337
365
426
518
591
613
618
639
676
696
690
672
659
650
639
636
631
600
542
475
434
428
448
445
381
275
184
153
164
164
124
29
-84
-150
-141
-106
-128
-198
-274
-317
-316
-281
-257
-295
-367
-397
-378
-356
-360
-384
-417
-441
-427
-388
-371
-393
-427
-438
-419
-384
-353
-347
-355
-366
-370
-352
-320
-278
-239
-201
-179
-180
-174
-129
-47
34
104
139
134
123
136
199
289
374
404
388
363
361
378
410
459
508
514
474
437
430
433
424
417
412
375
313
285
288
269
219
197
185
152
97
51
-1
-46
-54
-41
-59
-111
-152
-172
-172
-191
-210
-212
-192
-174
-169
-172
-192
-244
-284
-259
-211
-204
-225
-247
-298
-358
-365
-321
-295
-296
-283
-298
-372
-446
-436
-344
-237
-189
-213
-233
-220
-191
-146
-51
64
102
96
163
251
240
189
211
268
280
296
369
431
393
259
139
132
209
296
386
398
260
111
94
141
100
71
198
343
286
82
-19
17
38
19
72
182
169
22
-86
-74
-27
5
34
62
56
-11
-51
-20
18
-7
-40
-53
-80
-86
-100
-167
-256
-251
-190
-186
-240
-329
-388
-324
-175
-116
-176
-209
-230
-294
-285
-182
-74
1
74
13
-85
-61
-51
-75
19
176
134
45
37
40
74
75
3
-29
37
85
152
254
217
151
138
96
70
139
199
160
183
145
28
-9
-44
-136
-160
-53
26
71
88
-27
-167
-147
-11
123
222
203
40
-27
0
45
152
223
194
183
195
61
-4
50
-27
-24
157
122
-16
-56
-159
-308
-175
-32
-166
-133
-149
-286
-229
-84
-140
-249
-124
-143
-169
-7
48
-36
-140
-51
23
78
119
36
-30
-46
56
115
148
106
-18
-78
43
120
43
55
119
53
-23
51
13
-21
34
48
12
30
23
-47
-7
9
-81
-103
-28
99
126
70
-68
-156
-67
-25
71
123
116
56
51
-1
-126
-110
-95
112
298
253
40
-115
-146
-183
-80
47
133
97
37
-59
-224
-253
-147
-29
74
173
45
-58
-8
-91
-144
-85
83
144
92
11
-11
-10
-175
-130
43
179
142
50
59
24
-13
-51
103
191
78
22
47
127
41
-44
-6
-8
-58
-81
-44
-13
-54
-137
-62
-22
-152
-223
-80
41
22
-19
-124
-43
-53
-216
-62
188
284
147
137
56
-131
-78
36
219
219
269
174
-29
-192
-324
-227
-56
133
76
37
0
-87
-222
-313
-168
-34
48
124
192
154
-81
-225
-155
-7
19
42
142
161
63
26
7
-2
-21
-14
121
30
70
108
158
161
56
46
-66
34
78
110
97
78
19
17
-32
-119
-256
-182
-12
-26
-24
-144
-155
-244
-253
-175
-74
115
126
106
37
-36
-65
-24
72
204
217
152
44
-16
-7
-61
-57
-28
54
37
-125
-130
-151
5
20
-1
19
-9
31
-74
-14
-1
52
86
41
55
33
-21
-65
-6
61
71
17
51
18
35
44
35
9
-13
32
41
3
1
50
41
-12
-38
28
-31
-69
-5
18
-62
-92
-7
28
-29
-92
-108
-111
-143
-119
11
106
61
-63
-34
-27
-16
53
129
24
-15
82
68
39
-27
-3
-82
18
98
26
-24
20
92
-6
1
-18
16
9
12
65
106
127
12
-42
-62
-72
-104
-43
42
48
17
-47
-94
-102
-50
-27
7
24
52
44
80
9
-91
-47
58
88
1
-10
-20
5
-7
6
-1
-68
-47
7
80
63
37
-1
-37
-14
34
-2
-18
19
-17
-57
-68
-60
-42
22
-15
-108
-68
5
-3
-13
54
20
-10
-3
43
66
-5
-6
5
63
39
-29
-26
-16
-3
12
57
-42
-40
24
35
48
2
-9
-17
5
10
25
23
33
15
-2
0
14
27
-6
-3
-5
10
7
11
-6
11
6
-7
51
17
35
56
-11
-14
8
6
-29
-42
-40
-5
-9
-24
-60
-126
-56
-20
-45
-5
48
8
-28
10
26
35
18
29
-11
-68
-74
-37
5
19
17
26
13
3
25
42
-37
-30
56
121
79
1
5
-8
-68
-41
26
41
65
69
-5
-83
-101
-76
-36
-50
-20
46
64
61
-6
-14
-14
-5
-23
10
-4
-49
0
39
10
-27
-2
-10
-2
32
19
-5
-13
18
23
38
25
-4
-13
-3
39
33
-34
-32
3
-19
-18
-8
-12
-26
-31
7
39
-14
-13
32
50
23
-24
-16
13
15
40
37
7
-6
16
4
-20
-37
-6
-14
-47
-13
-15
-36
6
29
52
82
43
-11
-48
-38
-37
-45
-12
68
42
-19
-58
-67
-24
1
-7
1
-8
-19
-10
19
15
-33
-37
16
30
72
88
-6
-49
18
25
-7
-7
27
26
-24
-34
8
14
33
25
13
-22
-69
-33
53
32
-11
13
21
-16
-57
-72
-63
-22
69
57
-35
-33
-8
-28
2
41
-19
17
51
42
-29
12
38
14
49
-10
-42
-28
55
9
-36
-3
-1
-10
-1
6
-9
2
21
-13
-13
-19
-7
28
-36
-35
1
35
5
-9
-21
-27
-8
-5
37
26
14
-9
2
37
31
6
-9
-11
-6
26
16
3
1
-15
-3
-13
-36
-27
13
13
-29
-29
-42
-23
-1
33
49
-7
-20
-2
20
-4
-1
25
24
7
-13
-17
-13
9
7
-42
-32
30
63
2
-30
-6
12
-6
-5
16
-16
3
-8
8
-6
19
23
-25
-49
-34
8
-10
15
17
32
25
10
-2
-23
-3
17
32
7
0
43
30
-22
-84
-27
20
18
11
7
-19
-64
-14
15
19
3
28
35
20
0
-31
-5
14
1
-12
38
25
-36
-12
13
-17
-43
-1
0
-1
1
5
4
-25
-30
-41
-3
8
29
36
26
-4
-31
-28
-31
-6
1
14
33
43
15
5
-11
-32
13
34
-9
-49
-15
34
24
12
1
-18
3
18
-1
-32
0
20
0
4
-26
-22
-21
13
5
17
50
19
15
-7
-17
-40
-12
20
28
39
26
-15
-21
-18
-6
-2
-18
-30
-39
-5
-31
-3
9
4
22
45
48
-8
-15
-4
14
25
-3
-34
-31
-12
-24
-22
-10
-21
-13
37
35
15
4
2
-7
-10
12
24
53
32
18
14
-5
-37
-30
-6
-22
-27
-12
-15
-25
-13
-7
-9
-5
4
12
20
27
34
15
3
6
-8
9
59
55
-29
-33
4
-13
-14
21
3
-33
-9
-10
-24
-31
-14
-5
10
14
5
22
26
10
-12
-5
-17
-15
4
29
31
20
4
-23
-26
-30
-4
10
9
-16
-2
7
-12
-29
-24
-11
-7
17
5
2
2
9
1
1
2
12
25
17
9
-8
-16
-28
-9
0
-7
-4
10
5
-2
3
-13
-5
13
31
7
9
20
4
2
10
10
4
24
12
-10
-8
8
25
16
2
-15
-18
-24
-27
4
12
12
11
8
-24
-46
-28
-11
7
-7
-24
-10
-5
-13
-22
5
-2
-6
18
29
13
-6
3
12
28
18
18
26
11
10
9
-2
-32
-41
-16
4
1
-1
-2
2
-10
-27
-20
-8
-2
26
45
27
3
-13
-21
-4
14
2
-9
6
0
-4
-6
-10
-18
-23
3
20
14
-8
-3
14
5
23
13
-14
-3
3
3
13
19
-9
-7
10
-5
-10
-14
-19
-4
-14
-18
-3
2
17
17
7
-3
-5
16
21
10
3
6
26
2
-19
-11
-16
2
-1
-1
-4
-10
-6
-22
-22
-19
-4
1
12
28
22
10
-2
-9
1
9
-5
-10
-8
6
13
-9
-4
-7
-7
-3
1
16
8
9
3
-7
9
16
7
-9
-11
10
2
-1
4
3
-7
-18
-6
6
-1
1
16
4
-9
-8
-8
2
-1
1
2
2
-8
-3
10
-3
-6
4
11
2
-20
-13
0
7
13
2
