-2
-4
-4
0
-1
-1
1
-3
-1
0
1
1
0
2
2
0
-1
-1
-1
-1
-2
-2
0
2
0
-2
1
1
0
0
1
3
4
3
2
1
2
1
-1
0
0
1
1
0
4
6
3
1
3
3
0
-1
-2
1
1
0
-1
-1
0
-1
-2
0
-1
-1
2
2
0
-1
-1
-3
-2
-1
1
1
-1
-2
-2
-2
-2
-2
-3
-5
-1
0
-3
-3
-1
-1
-2
0
0
0
-1
3
1
0
2
-2
0
3
0
0
-2
-3
-1
-1
1
1
6
6
3
2
2
3
0
1
2
4
2
0
0
0
2
4
0
1
-2
-1
-3
-4
-2
-3
-1
-2
-2
0
0
-2
-3
-3
0
-1
3
2
0
1
0
0
0
0
-1
-2
0
1
1
2
2
0
1
0
0
-1
-1
0
-2
0
1
-1
0
-1
2
1
0
3
3
2
1
-1
-2
-1
-3
-6
-3
2
3
-3
-1
-1
0
-1
2
0
1
0
0
3
0
4
3
3
0
0
2
0
1
4
2
2
1
-3
-5
-5
-2
-3
-3
0
2
0
-1
0
-1
-1
1
4
5
3
1
1
1
0
-1
-1
-6
-5
-2
1
0
-3
-2
-3
-2
-2
0
2
-1
1
-1
-1
1
-1
-2
-2
-1
2
1
3
1
-1
1
-2
-1
-2
3
5
3
2
0
-2
-2
0
3
2
1
0
-1
-1
-3
0
0
3
7
5
1
0
1
0
1
1
1
0
-2
-3
-3
-3
0
1
2
-4
-5
-5
-6
-2
3
1
2
3
1
0
-1
-1
-1
-2
-2
0
4
3
6
4
0
1
-1
-3
2
1
4
3
2
5
2
-1
-1
1
-4
-3
-1
-1
-5
-3
-1
-8
-3
0
2
1
1
3
1
3
3
1
-3
-3
3
1
2
-2
1
-1
-6
-8
-9
-4
2
3
1
2
4
4
1
0
-1
1
5
4
1
-3
-1
1
0
-1
1
2
3
3
-2
-1
0
-5
-3
-3
0
0
2
-1
-4
-2
0
0
-1
-1
3
0
-4
-8
-5
4
6
4
5
3
1
1
-5
-6
0
6
5
1
-3
-4
1
-2
-1
-2
-2
0
2
5
3
4
1
2
3
1
-4
-1
1
0
-3
-1
5
4
1
2
1
-2
0
0
1
0
0
-1
-1
-3
2
3
-1
3
2
-4
-1
0
2
1
-3
-2
-1
2
-1
-5
-5
-4
1
0
-1
3
2
-2
-7
-7
0
-4
-2
-2
2
6
-1
-5
1
0
0
-1
-3
-1
0
-3
-2
6
9
5
4
1
-3
1
-3
1
0
-1
4
1
-5
-7
0
2
0
-2
3
5
1
-4
-4
-2
0
5
-3
3
3
2
-3
-3
-2
-5
0
1
2
1
2
1
1
1
7
1
-4
7
2
2
0
7
2
0
-2
-3
2
-1
5
-4
-6
-2
5
-4
-2
0
-1
7
-2
-3
-2
-2
-2
2
-1
-3
-9
0
-2
1
1
4
-2
-2
0
1
1
2
3
-2
-1
-4
1
1
2
-7
-6
-2
2
2
-7
-7
0
0
1
1
1
-3
0
4
2
3
3
2
-7
1
8
7
0
-3
2
4
3
5
9
0
0
-5
-4
-2
-7
-4
-4
-12
-8
7
9
11
3
3
2
-2
-7
4
-1
-11
-6
6
3
5
-3
-8
-2
1
16
12
9
12
-11
-15
3
-2
-8
-3
-6
9
15
6
3
-11
0
2
0
0
7
4
2
12
-11
-16
-7
2
23
18
-1
-22
-23
-5
34
10
-28
-4
-7
-17
8
8
5
11
-5
9
-19
-5
-22
-16
35
-6
-2
9
-7
-13
-6
13
16
14
10
26
12
-53
-20
-3
-2
-9
5
-2
13
-4
-13
-3
-35
3
2
22
11
17
17
-4
-21
-16
9
15
25
-5
-11
-1
15
10
1
-10
-1
21
6
-28
-17
9
18
23
-6
-18
5
-7
-35
1
46
42
10
-31
-23
4
-13
-15
8
3
2
7
-16
-12
5
9
0
17
37
15
-24
-46
-33
-2
18
17
-11
-14
63
67
-24
-66
-62
1
-2
-15
14
62
26
14
-6
-16
-34
-43
-28
-16
18
5
17
24
62
58
-5
-22
-36
-42
-51
-63
18
42
62
86
-30
-30
-43
-28
-11
-29
13
35
30
41
2
-37
-26
1
20
0
37
40
43
6
-78
-5
-27
-2
-17
-46
56
-30
-66
-28
57
49
16
8
25
34
0
-19
-55
19
14
-17
45
-3
-50
-29
7
35
-8
-4
-37
-4
-8
20
27
5
-4
12
58
20
7
41
-47
-52
11
-29
-40
4
-11
67
10
-74
-28
-25
51
1
49
-10
-10
-1
-64
34
62
82
-1
-61
-17
-75
-102
-37
38
134
-5
-74
-40
-8
11
106
71
23
19
24
-59
-40
9
-6
31
-102
-17
52
14
-20
47
39
-7
4
-55
-90
116
89
-72
-73
33
56
88
-24
-145
-118
-14
33
-44
-83
-33
150
54
36
39
31
15
-24
-3
-4
76
21
47
9
-51
-104
-140
-42
33
-27
-34
60
40
76
83
55
-24
-46
-70
-87
-8
53
95
-4
49
-18
-67
-41
73
97
-31
-82
-83
40
41
23
-55
12
-19
-47
27
-27
43
87
100
-27
-35
-43
-41
-187
-68
0
102
213
-37
-2
61
21
-9
-106
-69
-18
-18
-108
27
15
96
81
-3
-54
47
81
78
-115
-232
112
77
-152
10
242
79
-87
-71
7
-14
-87
46
63
-16
8
-17
-135
58
159
-63
-33
33
-11
69
12
-193
-127
114
281
27
-86
-145
85
24
-106
-37
-143
87
21
76
90
1
-137
15
9
67
88
-102
105
75
-145
-207
-152
158
224
234
77
-249
-206
-64
-23
6
43
81
133
144
-192
-369
-25
365
142
-122
-20
-67
-55
19
70
-61
-82
110
40
118
15
-57
-125
-151
142
155
-122
-50
106
93
34
-20
-308
-150
212
141
147
44
-114
-65
-66
-40
59
-107
-87
282
255
-27
-309
-261
131
292
-15
-54
-41
-97
90
-8
-46
-146
-140
197
296
-56
-139
84
-134
-103
204
-9
23
-16
-14
-59
72
178
-250
-351
47
406
214
-66
-170
1
-179
-73
78
-37
108
110
-59
-39
216
33
-248
-108
19
13
-58
-49
172
242
17
-191
-35
-14
-98
26
138
26
-34
7
-157
-7
69
82
125
114
-72
-182
-252
136
92
-96
147
59
-160
55
103
0
-92
70
122
-286
-94
-32
161
184
67
-3
-210
-159
31
57
-49
258
260
-203
-329
-86
94
39
83
69
90
-35
7
-77
54
-124
-156
122
99
71
-95
-44
-92
73
227
68
-133
-155
-19
-142
64
159
31
-159
39
219
-226
-234
155
122
14
71
63
112
-39
-206
12
171
7
39
-61
-177
192
130
-331
-138
39
109
143
-164
-225
-169
211
237
71
-35
-243
-231
235
245
121
-34
-125
231
187
-251
-185
-96
180
194
-62
1
50
-202
-98
-39
-16
-149
-153
112
-9
86
121
-29
-193
117
133
74
-38
204
224
-108
5
98
-38
-93
-18
-108
95
0
-16
-79
-212
26
-132
-100
-22
-24
56
113
104
-62
71
-73
28
88
-99
28
18
173
148
-66
-113
-111
-75
-122
99
79
-61
250
74
-380
-64
180
9
-63
269
-52
-195
96
221
68
-304
-225
129
185
38
-41
53
-80
-58
-128
66
86
-219
-90
55
193
103
68
-193
-8
11
-176
108
204
171
-75
-122
-15
-24
98
-85
-211
113
338
-150
-188
19
-114
130
-6
68
-309
113
230
33
-158
-82
247
-85
74
-21
-59
-36
-73
22
97
44
158
-224
-229
118
1
64
123
-69
-36
107
105
-80
-201
29
244
-48
-74
-105
-194
210
268
-64
-214
-144
106
372
-5
-276
-188
202
38
157
-98
-376
115
154
-88
-9
-61
-22
266
11
-59
-124
-37
-83
124
5
148
119
-294
21
142
-66
-313
203
39
314
-59
-499
243
186
128
-68
19
-119
-316
-64
-58
237
243
70
-6
140
-320
153
273
-247
-310
-76
98
207
77
-130
-132
-194
17
89
70
-171
196
20
120
10
-107
16
-33
175
62
-33
140
61
-66
34
-168
-334
33
272
-123
-17
-21
-190
-195
77
316
182
-100
-122
251
66
-342
-21
-51
350
109
-95
-126
115
120
-110
-237
-298
-11
132
181
-24
6
-50
10
118
-50
-48
-222
-13
223
480
142
-84
93
-41
-70
-443
-339
-347
107
451
408
72
-176
-150
-425
-43
-75
278
262
-89
110
7
67
47
-48
-77
109
216
-259
-167
-195
51
327
26
-117
-431
-6
226
14
216
327
-76
-111
-116
-44
-45
138
113
-82
116
-76
-21
-236
-214
26
23
-65
-104
301
387
189
76
-416
-223
-119
-122
381
294
38
-143
-102
-128
-95
84
135
-248
-266
146
201
-129
-23
102
-153
293
246
-177
-48
78
-96
87
102
-144
-78
-109
-14
171
-13
-22
-56
-239
-372
83
209
-65
124
171
101
146
43
-25
40
-38
92
264
124
-418
-77
-16
-78
113
-512
14
132
-263
-30
457
147
92
52
-142
106
276
-402
-335
25
64
512
316
-160
-198
-100
-325
-483
120
157
67
77
96
25
-185
180
-75
-93
123
1
110
15
139
48
-172
-129
57
-114
-39
311
74
-29
223
113
-69
58
-104
-291
-186
-25
-34
32
9
82
120
-4
-35
28
-271
-199
210
189
-25
167
-428
-376
325
244
241
-211
192
45
100
-136
-422
117
92
-35
-164
263
-18
-132
301
-144
-170
263
92
-176
18
468
154
-375
-325
105
-408
-224
304
-123
32
276
283
-90
410
157
-50
-28
-201
67
-63
-164
-83
-75
88
121
-291
-191
282
-630
-29
27
-594
123
297
276
31
-74
-102
249
104
389
66
179
388
225
-228
-232
211
102
-38
-89
58
-484
-199
163
-12
-350
-250
-230
-164
-74
-65
64
36
132
149
-95
-60
27
175
78
161
331
144
-228
-140
-62
-25
-142
-3
171
-75
44
164
188
97
-37
26
94
-129
-287
-177
-134
99
-6
-97
87
57
213
154
100
49
79
-15
-123
11
-49
-119
-34
135
232
322
228
65
69
130
28
12
51
105
136
-53
-152
-129
-73
-84
-54
23
37
37
138
110
-32
-62
2
-45
-58
-230
-190
-188
-283
-347
-363
-258
-318
-361
-329
-332
-441
-448
-448
-461
-416
-408
-332
-317
-221
-131
20
57
136
179
250
268
301
398
452
582
722
799
786
833
785
672
682
735
801
794
999
1057
988
1087
1138
1014
868
798
703
533
501
700
805
597
543
678
815
620
608
83
-1968
-4671
-6259
-6888
-7822
-8175
-7163
-5350
-3716
-1882
125
1711
2280
2523
2889
3208
3118
2850
2685
2508
2174
1836
1146
233
-683
-1203
-1368
-1134
-619
69
978
1913
2704
3096
3104
2935
2620
2150
1733
1627
1691
1621
1434
1329
1506
1450
1170
865
764
916
1079
1450
2151
2874
3385
3438
1821
-1845
-5700
-8089
-10579
-12718
-13072
-11318
-9174
-6379
-3093
202
2279
3207
3580
3893
3851
3677
3598
3483
3255
3223
2786
1427
-924
-3186
-4375
-4423
-4615
-4306
-2472
-230
1398
2960
4323
4625
4240
3649
3070
2577
2017
1482
978
455
-133
-320
-567
-987
-894
144
1130
2102
3244
4220
4609
4856
4618
3965
3025
2322
1902
1814
1915
2491
3110
1019
-3539
-8638
-11351
-13852
-15801
-15951
-12971
-9081
-4811
-261
4076
6749
7346
6807
6052
5111
3969
2737
1896
1240
854
206
-1071
-3527
-5653
-6388
-6074
-5789
-4244
-1253
1563
3963
6483
7906
7580
6372
4638
2455
696
-532
-1365
-1822
-1932
-1948
-1426
-977
-954
-443
738
1689
2638
3950
5074
5536
5594
5097
4368
3295
2145
1037
645
506
827
1353
2385
1991
-1248
-6879
-11302
-13296
-14869
-15428
-13466
-8881
-4132
518
4496
7434
7987
6738
4939
3675
2443
1327
566
118
-187
-327
-926
-2255
-4667
-6387
-6366
-4865
-3441
-823
2632
5428
7116
8254
8096
6342
4041
1764
-477
-2124
-2780
-2843
-2915
-2894
-2132
-916
-190
374
1570
3172
4067
4676
5267
5599
5164
4313
3427
2470
1352
608
99
235
341
1138
1875
3084
3194
-341
-6574
-11836
-13331
-14699
-15071
-12820
-7523
-2882
1057
4799
7592
7617
5523
3490
2383
1449
716
433
295
-282
-517
-1060
-2407
-4750
-6613
-6719
-4754
-2103
622
4097
7181
8540
8548
7783
5679
2771
232
-1726
-3039
-3597
-3408
-3182
-2958
-2335
-981
368
1356
2599
4323
5441
5481
5264
5085
4292
3014
1981
1273
554
16
78
195
479
654
1480
2121
3301
2962
-838
-7465
-12269
-13199
-14083
-14233
-11791
-6388
-1964
1796
5139
7478
7120
5160
3402
2470
1476
736
236
-288
-1034
-1448
-2142
-3340
-4841
-5650
-5505
-3414
-310
2760
5207
7722
8936
8171
6332
4118
1441
-1200
-2793
-3582
-3575
-3377
-3141
-2549
-1450
-255
945
2625
3909
4884
5533
5410
4296
3304
2338
1060
338
224
210
315
948
1367
1447
1531
1571
2137
2854
3982
2731
-2425
-9652
-13535
-14271
-15129
-14665
-10843
-5103
-605
3424
6968
8930
8053
5654
3584
2218
963
-70
-845
-1646
-2303
-2527
-3178
-4277
-5155
-4946
-4092
-1911
1376
4822
6871
8258
8900
7812
5135
2375
-169
-2524
-3968
-4152
-3646
-3053
-2545
-1651
-222
1086
2030
3308
4441
4802
4663
4238
3132
1965
1278
643
307
431
842
1069
1710
1989
1913
1819
1829
2379
3303
4547
1700
-4792
-11993
-14965
-16046
-16452
-14349
-9073
-2892
1960
6495
9611
10263
8051
4991
2462
542
-819
-1603
-2111
-2660
-2808
-2669
-3408
-4427
-4876
-3969
-2525
-67
3308
6746
8276
8591
8329
6504
2965
-110
-2146
-4005
-4815
-4111
-2854
-2200
-1698
-786
463
1694
2515
3926
5212
5248
4308
3435
2334
884
-60
-378
-45
771
1525
2015
2560
2627
2074
1570
1242
1465
2356
4360
3092
-2996
-11368
-15914
-16684
-16940
-15222
-9917
-2480
3061
7586
10889
11945
9323
5130
1528
-691
-2131
-2715
-2766
-3061
-3365
-3009
-3042
-3831
-4484
-3454
-1286
1643
4535
6874
8175
8112
6612
4164
1353
-1286
-3509
-4574
-4390
-3309
-1835
-582
134
143
554
1681
2949
3519
3952
4517
4129
2674
1297
660
72
-163
481
1528
2246
2421
2639
2602
1641
530
15
834
1961
4194
4620
-651
-9441
-15748
-16787
-17104
-15448
-10285
-2348
4006
8553
11781
12420
9432
4312
65
-2586
-3900
-4093
-3563
-3152
-3198
-2688
-2409
-2877
-3643
-3105
-606
2599
5494
7240
8059
7452
5468
2619
-300
-2598
-3891
-4158
-3382
-1827
-16
771
689
488
648
856
1432
2446
3186
3382
3157
2189
749
-162
-255
-33
662
1906
3096
3510
3065
2292
1727
502
-439
-454
1038
2776
5583
7170
2166
-8062
-16743
-18673
-18691
-16857
-11289
-2051
5370
9840
12596
12950
9104
2957
-1960
-4364
-5148
-4410
-2936
-2011
-2257
-2073
-1770
-2332
-3439
-2974
-486
2876
5888
7664
7688
6186
4084
1431
-1285
-3541
-3989
-3462
-2260
-857
862
1792
1481
659
227
440
860
1663
2699
3258
2962
2027
991
202
159
751
1820
2877
3464
3335
2694
1797
962
-123
-625
-338
1468
3546
6356
7428
1933
-8841
-17965
-19902
-19363
-16625
-10409
-917
6410
10533
12487
12006
7659
1296
-3365
-4993
-4848
-3633
-1926
-1178
-1832
-2248
-2171
-2710
-3461
-2588
370
3750
6549
7921
7632
5387
2468
-300
-2222
-3274
-3244
-2329
-937
491
1532
2023
1497
403
-328
-166
475
1145
1950
2673
2689
1799
761
444
796
1414
2390
3440
3877
3266
2194
1016
68
-501
-858
-477
661
3033
5342
7906
7056
-1048
-12984
-20837
-20816
-18713
-14454
-7122
2299
8555
11323
12008
10145
5048
-942
-4144
-4370
-3286
-1999
-1021
-1359
-2675
-3207
-3068
-3274
-3412
-1575
2161
5630
7675
8147
7039
4125
941
-1248
-2427
-2865
-2311
-1287
-377
426
1204
1341
434
-549
-647
126
1004
1724
2449
2509
2079
1221
697
756
1444
2120
2664
3063
2951
2189
1035
-242
-1166
-1024
-313
299
1390
2891
5214
6750
8214
4387
-5613
-17278
-22442
-20786
-17555
-11377
-2960
5720
9851
11796
11488
8601
2836
-2107
-3992
-3656
-2690
-1713
-1308
-2234
-3573
-3595
-3105
-2678
-1768
1105
4680
7211
7822
6856
4593
1484
-1308
-2832
-3006
-2443
-1392
-433
446
1043
1423
1160
634
298
643
1320
1502
1636
1718
1774
922
158
11
761
1670
2451
2931
2973
2521
1521
581
-134
-539
-243
277
655
1837
3464
5247
5823
6830
2349
-8033
-19547
-23070
-20048
-15636
-9016
-41
8336
11297
11728
10579
7313
1332
-3146
-4257
-3325
-2569
-1681
-1529
-2754
-4470
-4246
-3003
-1962
-619
2737
6240
7724
7102
5670
3517
563
-2052
-3140
-2843
-2171
-1235
-208
916
1371
1911
1969
1711
963
472
709
408
-1
-111
507
430
32
700
2178
3176
3369
3401
3123
2426
1302
374
-381
-820
-1015
-83
754
1586
2514
4183
5138
6041
5621
-1829
-13632
-22736
-21653
-17150
-10898
-3646
4939
9896
10861
10325
8197
3723
-1807
-4262
-3909
-2534
-1811
-1365
-2342
-4205
-5003
-3631
-1858
-239
2060
5468
7520
7262
5241
3215
874
-1368
-2874
-2684
-1653
-658
120
1010
1771
1666
1506
1346
1017
288
288
470
-158
-738
-427
323
455
863
1956
3276
3862
3826
3426
2518
1230
9
-508
-900
-1126
-798
459
1355
2163
3311
4590
5346
5875
4504
-4033
-15886
-23257
-20760
-15245
-8746
-1306
6463
10150
9952
8574
6101
2024
-2396
-3764
-2761
-1312
-1048
-1525
-3246
-5339
-5851
-3984
-1459
976
3697
6770
8192
7155
4371
1795
-110
-1137
-1543
-1100
-496
-68
-335
-642
-572
-149
469
970
1747
1849
1744
1169
440
-321
-313
362
728
1125
2208
3468
3603
2880
2014
1280
242
-785
-1187
-999
-694
-301
812
2051
2751
3619
4397
5103
4853
5475
837
-10051
-21352
-23445
-17952
-11793
-4969
2729
8867
9611
8287
6205
3525
-582
-2726
-2243
-626
69
-209
-1715
-4447
-6295
-5268
-2463
273
2957
5855
7561
6812
4264
1956
459
-451
-921
-437
196
-136
-914
-1307
-1289
-1395
-311
1441
2814
2843
2691
2208
695
-1009
-1439
-547
-11
389
1352
2808
3315
3006
2530
2082
1164
283
-14
16
-88
-202
-106
506
1362
2188
3258
3654
3924
3934
5025
1491
-8888
-20049
-22921
-17590
-11364
-4730
2135
7868
8381
6833
4800
3002
104
-1294
-501
1185
1703
523
-1713
-4932
-6775
-5980
-2831
247
2754
4778
5774
5060
3150
1521
940
1143
1630
1944
1803
709
-938
-2661
-3323
-2888
-1129
885
2448
2817
2435
1730
602
-592
-814
314
1251
1531
1834
2595
2597
1764
976
865
671
469
552
855
717
236
220
906
1918
2402
3364
3861
4218
3838
4372
1598
-8182
-19650
-23826
-18289
-11219
-4355
2102
7678
8010
5874
3597
2445
764
285
1650
3173
2890
339
-2845
-6441
-8403
-7632
-4097
-313
2722
4662
5603
5127
3803
2605
2276
2665
2992
2698
1673
45
-1863
-3254
-3422
-2361
-643
1071
1454
-15
-1308
-995
-60
290
1341
3197
3836
2854
1831
1740
1538
1073
1092
1516
1342
380
-296
-168
-63
11
580
1294
1824
2224
2359
2129
1829
1777
2344
3972
5256
-730
-12670
-21819
-20258
-13138
-6893
-1233
4182
6662
4641
2182
1403
1717
1768
2874
4151
4114
1381
-2130
-5594
-7934
-7931
-4939
-762
2377
4037
4350
3602
2487
1954
2144
3009
3854
3976
3003
1038
-1898
-4029
-4118
-2570
-1050
388
1656
1347
56
-557
221
1337
2422
3795
4249
2688
296
-772
-223
501
1336
2500
2749
1489
-164
-994
-1358
-1331
-539
945
2199
2709
2777
2058
1041
589
1426
3258
4854
5725
-652
-12791
-22108
-20101
-12088
-6016
-1381
3156
5100
2555
-178
-164
2015
3519
5452
6840
6341
2160
-2559
-6184
-7836
-7415
-4382
-319
2054
2384
1416
372
-258
478
2870
5718
7048
6427
4445
1717
-1202
-3773
-4693
-3633
-1679
37
431
-67
-877
-514
888
2255
3431
4416
4315
2706
887
202
626
1067
1341
1347
1024
-191
-1333
-1247
-31
854
1428
2024
2185
1778
1102
717
803
1121
2638
4264
5960
2275
-8592
-19740
-21717
-14179
-6845
-2000
1562
3967
2178
-888
-1512
1096
3702
6077
7646
7563
3762
-1409
-5287
-6834
-6525
-4642
-1725
77
311
-641
-1335
-994
937
3621
6686
8421
8066
5157
1893
-641
-2042
-3017
-3699
-3414
-1962
-818
-1354
-2162
-1668
224
2248
4236
5588
5696
4026
1850
560
544
658
642
617
317
-415
-966
-1135
-693
198
1082
1516
1705
1959
1735
1551
1563
2069
2200
2966
4159
5733
1773
-9654
-20471
-20767
-12068
-5319
-2294
-427
714
-1341
-3143
-1595
2783
6090
8310
9137
7689
2722
-2564
-5168
-5127
-4110
-2624
-965
-824
-2007
-3333
-3257
-1761
1178
4615
7580
8635
7323
4330
1637
182
-291
-541
-636
-911
-1513
-3050
-4845
-4629
-2183
1013
2946
3594
3606
3080
2217
1351
1470
2792
3901
3605
2060
184
-1626
-2802
-2787
-1744
-382
469
536
518
735
1228
1649
2336
2905
3134
3315
3985
4647
4892
3664
-4487
-16021
-21857
-15988
-7602
-3965
-3365
-2804
-2837
-3563
-2110
1918
5886
8047
9146
8704
6014
1155
-2139
-3311
-2632
-2038
-1601
-2430
-3843
-4789
-4434
-3061
-647
2459
5265
6636
6367
5076
3839
3411
3560
3425
2359
671
-1193
-3506
-5651
-5671
-3748
-1603
-398
667
1192
1525
1869
2514
3282
4536
5785
5424
3444
875
-1101
-2073
-2251
-1851
-1257
-864
-894
-1021
-457
439
1391
2135
2911
3145
3116
2960
3625
4252
5574
2753
-7079
-17433
-18386
-10386
-5221
-4572
-5494
-5396
-6043
-5205
-1924
2530
5622
7790
8833
8300
5204
1815
354
706
1438
1041
-768
-3938
-6435
-6941
-5600
-3684
-1428
1065
3436
4642
4844
4339
4386
5087
5872
5395
3767
1599
-544
-2764
-4104
-4077
-3393
-2934
-2599
-1983
-801
940
2507
3086
3439
4400
5082
4365
2854
1445
644
102
-409
-628
-1038
-1661
-2358
-2044
-993
27
766
1400
2194
2721
2973
3048
3738
4462
5242
713
-9250
-16652
-13930
-6297
-4079
-5660
-7477
-7898
-8163
-5734
-972
3742
6258
7577
7815
6985
4387
2343
1922
3032
3583
2345
-677
-4101
-5909
-5797
-4634
-3233
-1671
-186
956
1717
2452
3257
4441
5483
5919
5041
3432
1567
162
-904
-1318
-1396
-1444
-1882
-2373
-2338
-1553
-472
238
698
1705
3122
3918
3597
2812
2207
1817
1440
1038
486
-309
-911
-1033
-748
-755
-645
-225
416
748
705
1011
1397
2449
3603
4991
780
-8271
-14014
-10050
-3050
-2392
-5647
-8105
-8109
-7521
-5105
-1509
1838
3049
3805
4566
5060
4050
3383
4108
5679
5702
3701
264
-2533
-3646
-3297
-2970
-2976
-3168
-2826
-2011
-967
256
1750
3539
4787
5177
4709
3792
2882
2089
1535
1073
333
-604
-1593
-1928
-2113
-1701
-1270
-896
-907
-106
1363
2401
2386
2399
2730
2957
2592
2131
1630
789
-105
-634
-868
-1147
-1070
-646
12
604
899
957
1181
2281
3119
3571
-595
-8043
-12165
-7668
-1685
-2392
-6332
-8336
-7983
-7380
-5158
-1656
984
1816
2546
3676
4635
4071
3719
4514
5967
5547
3267
422
-1335
-2098
-2038
-2085
-2368
-2955
-2782
-1831
-655
26
623
1686
2897
3764
3537
2754
2776
3386
3062
1551
375
-82
-539
-333
-88
-254
-1130
-1839
-1733
-596
1044
1777
1577
1364
1172
949
869
1279
1636
1485
1045
643
611
507
423
366
714
1039
961
902
1122
1749
2517
2264
-3160
-10349
-11764
-5310
-1164
-3720
-7724
-8777
-8147
-6695
-3361
227
1425
1028
1600
3455
4499
3859
3776
4932
5866
4589
2461
734
176
-94
-249
-902
-2075
-3398
-3475
-2300
-816
-221
306
1168
1991
2051
1777
1756
2336
2753
2565
2258
2227
1800
338
-526
-531
-483
-868
-1010
-496
236
994
964
495
313
414
673
1019
1435
1384
963
773
837
1188
1459
1572
1301
1188
967
921
739
772
1029
1979
2027
-3377
-10333
-10941
-3784
-400
-4540
-9326
-9521
-7930
-6234
-3004
149
241
-944
82
3059
4630
4336
4588
5794
6306
5033
3596
2603
1795
931
292
-816
-2426
-3532
-3052
-2074
-1571
-1808
-1775
-1117
30
1078
1860
2495
2742
2498
2020
1831
1876
1760
1354
1176
1449
1550
1012
202
-129
77
421
138
-526
-653
-114
318
443
611
499
-83
-179
453
1219
1478
1519
1408
1512
1621
1735
1827
2048
2225
2584
1960
-3352
-9730
-9796
-3191
-1010
-5802
-10041
-9581
-8035
-6522
-3351
-573
-958
-2139
-409
2966
4512
3964
4269
5384
5606
4444
3826
3625
3170
2409
1788
539
-1183
-2022
-1375
-864
-1362
-2491
-2830
-2445
-1614
-1056
-724
-413
126
804
1552
2285
2890
3284
3257
3178
3202
3072
2201
1162
931
1225
1228
353
-668
-1227
-1248
-1243
-1258
-1048
-806
-752
-493
92
802
1252
1597
1734
1847
1972
2124
2395
2506
2681
2601
2356
-1630
-7225
-8382
-2875
178
-4231
-9440
-9866
-8165
-7085
-4987
-2749
-3359
-5029
-3542
265
2713
2841
3512
4983
5932
5554
5422
5729
5656
4827
3881
2450
580
-612
-383
-337
-1351
-2888
-3464
-3158
-2303
-1730
-1634
-1762
-1661
-1024
-186
688
1562
2436
2701
2466
2764
3677
3907
3104
2585
2730
2742
1878
888
256
-201
-750
-1138
-1079
-1213
-1643
-1837
-1399
-1044
-1089
-763
306
1129
1360
1410
1879
2271
2754
3300
3721
2532
-1959
-5926
-4513
575
101
-5887
-9762
-8697
-7255
-6298
-4451
-3661
-5504
-6244
-3548
13
1216
1078
1819
3238
3949
4264
5339
6347
6249
5547
4941
3840
2763
2556
2784
1770
-80
-1696
-2356
-2393
-2224
-2525
-3299
-3659
-3198
-2334
-1664
-1142
-359
538
1089
1300
2063
2990
3075
2764
3193
3897
3866
3533
3370
2927
2014
1108
379
-394
-1213
-1948
-2408
-2491
-2336
-2028
-1521
-1008
-778
-543
51
949
1807
2584
3182
3474
2183
-1679
-4569
-2504
1945
1078
-4239
-7447
-6502
-5602
-5319
-4530
-4569
-6414
-6733
-3836
-687
-186
-790
-148
1360
2376
3218
4552
5436
5251
4725
4480
3984
3614
3980
4471
3621
1747
327
110
151
-251
-1286
-2361
-3231
-3382
-3065
-2844
-2875
-2519
-1625
-901
-512
151
1337
2241
2527
2889
3717
4213
3933
3465
3133
2468
1673
1356
1352
828
-210
-1075
-1380
-1372
-1412
-1495
-1392
-1348
-1253
-977
-324
314
629
979
1439
2015
205
-3137
-3889
-1
2396
-1320
-6211
-6622
-4176
-2968
-2702
-2917
-4499
-6195
-5161
-2112
-330
-934
-1461
-485
980
1579
1956
2783
3392
3495
3706
4168
4371
4525
4860
4375
2799
1420
1300
1573
1183
273
-821
-1743
-2143
-1836
-1709
-2290
-2948
-2745
-1905
-1508
-1337
-662
563
1059
1153
1852
2946
3144
2668
2686
2901
2657
2313
2348
2108
1129
185
23
307
336
-69
-566
-1036
-1302
-986
-398
-154
-433
-510
-269
326
389
-1734
-4509
-3686
561
1415
-2966
-6414
-5253
-3118
-2549
-2367
-2631
-4312
-5160
-3219
-697
-553
-1877
-1835
-197
1290
1834
2283
2912
3142
3124
3478
3890
3868
3797
3971
3559
2310
1311
1293
1565
1220
319
-641
-1310
-1372
-1078
-1162
-1840
-2431
-2208
-1649
-1077
-738
-391
-62
267
818
1660
2363
2237
1748
1777
2094
2134
2133
2177
1928
1231
909
846
837
548
176
-162
-387
-573
-536
-268
-195
-534
-876
-536
108
709
-819
-3824
-4709
-1363
1106
-1629
-5396
-5192
-2935
-2217
-2201
-2416
-4121
-5904
-4476
-1393
-282
-1499
-2046
-1027
370
1329
2185
2837
3069
3085
3540
3911
3860
3797
4109
4000
2929
1789
1495
1676
1403
488
-629
-1189
-1104
-668
-678
-1226
-1993
-2049
-1153
-270
-436
-992
-855
-426
-214
192
965
1178
1035
1325
1995
2131
2050
2326
2612
2219
1421
1069
1140
1208
919
342
-364
-860
-947
-736
-618
-696
-808
-727
-261
215
531
-793
-3145
-3739
-597
1679
-1043
-5362
-5639
-3419
-2648
-3008
-3067
-4105
-5522
-4386
-1502
-334
-1495
-1772
-479
975
1695
2336
2562
2296
2206
2972
3502
3474
3400
3749
3664
2874
2062
1973
2309
2190
1286
148
-444
-355
-37
-147
-886
-1623
-1778
-1610
-1552
-1408
-1107
-1154
-1349
-1012
-92
796
1119
870
570
957
1897
2559
2682
2336
1719
1235
1453
1880
1681
935
306
-26
-132
-56
145
122
-220
-512
-616
-479
-60
569
-544
-3395
-4299
-1098
1133
-1857
-5862
-5751
-3722
-3291
-3094
-2618
-3794
-5561
-4254
-1303
-504
-1808
-1962
-708
654
1601
2485
2864
2769
2759
3131
3450
3515
3615
3859
3627
2738
1960
2072
2553
2347
1376
370
-34
103
318
-128
-1298
-2242
-1933
-1047
-992
-1811
-2059
-1386
-831
-750
-377
306
598
610
962
1344
1437
1657
2179
2246
1721
1424
1685
1875
1599
1139
725
459
439
495
250
-254
-621
-603
-397
-201
-33
178
-445
-2591
-4179
-2552
146
-931
-4736
-5965
-4150
-3244
-3486
-3087
-3247
-4910
-4874
-2012
56
-717
-1597
-755
453
1146
1923
2612
2515
2234
2625
3330
3481
3331
3419
3622
3289
2686
2557
2856
2672
1802
904
418
186
59
-111
-671
-1589
-2194
-1783
-1089
-1240
-2072
-2119
-1405
-798
-411
161
290
3
262
1184
1744
1722
1768
1858
1664
1298
1308
1617
1749
1407
914
670
658
804
949
931
499
-17
-199
-147
-204
-322
-570
-2118
-4083
-3878
-1152
-534
-3356
-5922
-5174
-3777
-3198
-2779
-2637
-4001
-4809
-3130
-837
-511
-1350
-1328
-450
665
1662
2425
2444
2232
2311
2987
3624
3949
3813
3591
3239
2844
2530
2626
2682
2154
1157
514
346
319
160
-274
-1218
-1998
-1777
-1018
-941
-1401
-1511
-1230
-1022
-672
-89
189
30
54
540
957
1044
1063
1281
1427
1357
1265
1438
1643
1538
1223
1008
1008
1032
1077
905
522
-41
-245
-151
-54
-204
-240
-727
-2621
-4351
-3314
-753
-1224
-4254
-5626
-4260
-3385
-3101
-2608
-2906
-4613
-4539
-1997
-69
-571
-1332
-1084
-419
453
1663
2420
2263
2125
2488
3083
3409
3600
3570
3527
3234
2850
2557
2694
2599
1954
1007
499
450
548
328
-282
-1010
-1368
-1209
-925
-988
-1276
-1363
-1257
-1119
-780
-354
-336
-570
-340
328
763
934
1178
1449
1368
1127
1084
1447
1810
1919
1658
1355
1140
1172
1130
906
426
41
-115
-44
-107
-362
-951
-2318
-3844
-3556
-1409
-1035
-3640
-5668
-4524
-3119
-3155
-3211
-2692
-3545
-4370
-3054
-814
-730
-1629
-1362
-225
333
894
1796
2166
1861
2014
3008
3782
3852
3527
3391
3225
3049
2906
3072
2951
2263
1282
871
836
749
426
36
-559
-1072
-1148
-934
-1017
-1420
-1669
-1568
-1303
-1017
-604
-312
-449
-745
-423
245
596
648
1032
1373
1375
1412
1928
2199
1908
1515
1492
1553
1431
1282
1077
622
-100
-429
-385
-401
-713
-793
-1330
-2812
-3760
-2377
-765
-1869
-4337
-4824
-3671
-3168
-3013
-2567
-2932
-4190
-3935
-2061
-940
-1433
-1685
-1046
-268
409
1358
2101
2155
1991
2236
2841
3280
3461
3559
3654
3374
2850
2658
2925
2854
2178
1436
1068
910
840
704
218
-547
-972
-837
-744
-1155
-1585
-1580
-1515
-1653
-1394
-689
-427
-789
-739
-61
417
514
837
1321
1378
1241
1488
1965
2032
1767
1532
1348
1037
846
861
805
402
-57
-281
-393
-624
-667
-611
-1594
-3339
-3356
-1202
-556
-2879
-4748
-4061
-3329
-3495
-2923
-2215
-3384
-4568
-3242
-1224
-1160
-1796
-1276
-477
-144
609
1807
2147
1784
1868
2564
3010
3102
3177
3346
3313
3075
2927
3104
3162
2665
1963
1620
1474
1201
957
670
34
-692
-899
-816
-1042
-1567
-1817
-1698
-1544
-1560
-1458
-1077
-671
-501
-304
89
443
668
1016
1333
1230
998
1222
1665
1650
1261
983
915
826
858
990
917
404
-1
73
152
-219
-503
-406
-1168
-2829
-3281
-1537
-715
-2464
-4360
-3970
-3193
-3206
-2891
-2201
-2991
-4271
-3494
-1484
-867
-1590
-1625
-1032
-477
143
1221
1722
1498
1297
1968
2865
3377
3385
3424
3422
3237
3107
3355
3572
3138
2376
1825
1509
1079
774
520
43
-661
-964
-993
-1169
-1454
-1440
-1355
-1490
-1488
-1077
-645
-682
-834
-708
-321
47
478
898
1030
773
665
1100
1661
1790
1529
1318
1154
1069
1132
1253
914
319
16
112
14
-272
-359
-399
-1286
-2834
-3292
-1931
-790
-1898
-3761
-4115
-3299
-2983
-2659
-2209
-2722
-4197
-4065
-2176
-882
-1311
-1671
-1245
-671
-62
941
1630
1456
1343
1958
2790
3135
3357
3569
3657
3440
3302
3281
3263
3003
2535
1979
1486
1092
774
502
152
-344
-847
-1040
-976
-924
-1045
-1268
-1568
-1664
-1243
-581
-394
-641
-679
-381
-113
171
573
765
571
480
822
1293
1527
1544
1436
1214
1005
979
1066
963
670
316
64
-160
-239
-206
-248
-818
-2041
-2988
-2468
-1021
-1035
-2738
-3918
-3377
-2917
-2927
-2684
-2419
-3379
-4072
-3117
-1628
-1462
-1804
-1475
-870
-444
183
1155
1626
1705
1872
2473
2947
3232
3332
3455
3358
3041
2746
2863
3074
2818
2188
1663
1400
1147
940
749
385
-229
-679
-721
-607
-693
-927
-1142
-1394
-1512
-1242
-806
-747
-887
-759
-386
-133
89
389
537
483
594
1031
1425
1508
1366
1220
1029
902
884
943
795
466
121
-5
-19
-65
-103
-240
-1017
-2497
-2989
-1712
-562
-1740
-3523
-3742
-3025
-3057
-2924
-2389
-2791
-4034
-3759
-2023
-1172
-1564
-1626
-1010
-642
-155
740
1545
1567
1550
1898
2548
2915
3139
3288
3399
3141
2755
2696
3014
3073
2610
2034
1581
1219
962
912
721
177
-426
-598
-584
-757
-1008
-1111
-1355
-1668
-1510
-951
-763
-912
-810
-506
-367
-133
379
725
651
538
708
1052
1352
1455
1346
1080
823
764
950
1080
832
355
3
-50
-38
-56
-156
-443
-1391
-2481
-2418
-1139
-851
-2378
-3726
-3475
-2956
-2998
-2719
-2338
-3042
-3970
-3270
-1775
-1331
-1665
-1385
-834
-563
-125
845
1488
1563
1615
2000
2350
2629
2961
3278
3325
3109
2855
2854
3049
2996
2547
2006
1635
1287
1050
913
694
82
-535
-816
-771
-793
-879
-1057
-1333
-1498
-1204
-737
-712
-927
-837
-512
-351
-92
361
640
545
531
722
891
972
1114
1194
1086
941
947
995
865
586
320
163
74
-51
-269
-389
-483
-1181
-2274
-2365
-1246
-988
-2385
-3486
-3208
-2964
-3189
-2730
-2067
-2658
-3634
-3089
-1801
-1448
-1640
-1219
-739
-654
-259
740
1360
1400
1561
2051
2424
2713
3064
3307
3271
3081
2874
2773
2866
2857
2532
2015
1571
1119
778
686
655
213
-441
-801
-789
-768
-772
-828
-1118
-1434
-1248
-776
-647
-748
-656
-461
-376
-114
344
585
471
400
569
819
973
1058
1124
1105
987
861
815
769
595
322
77
-77
-227
-376
-393
-399
-1005
-2059
-2368
-1486
-977
-1886
-2998
-3071
-2873
-2995
-2708
-2077
-2371
-3329
-3224
-2102
-1491
-1560
-1266
-730
-500
-223
603
1351
1561
1594
1888
2294
2629
2896
3108
3146
2934
2640
2489
2564
2588
2375
1994
1639
1282
916
679
620
455
22
-446
-719
-841
-892
-878
-937
-1127
-1230
-1097
-944
-860
-696
-486
-388
-249
128
500
594
596
711
835
863
916
1015
1030
854
656
562
533
468
399
317
124
-108
-269
-318
-344
-438
-1003
-1846
-2112
-1434
-1072
-1844
-2843
-3022
-2872
-2846
-2506
-2005
-2238
-2956
-2848
-1930
-1295
-1199
-947
-543
-297
-39
540
1068
1339
1533
1839
2054
2205
2416
2672
2815
2824
2680
2492
2416
2427
2340
2077
1745
1325
866
561
522
413
24
-469
-721
-789
-764
-781
-869
-1047
-1060
-876
-706
-675
-575
-375
-223
-106
75
249
342
455
595
644
603
605
705
825
868
776
592
450
442
487
437
234
-22
-209
-330
-406
-555
-1073
-1880
-2158
-1541
-1085
-1740
-2687
-2853
-2650
-2695
-2476
-1904
-1931
-2570
-2579
-1793
-1300
-1293
-978
-366
-110
-73
329
931
1278
1472
1819
2152
2233
2267
2533
2876
2905
2620
2373
2334
2277
2068
1865
1694
1312
764
442
402
252
-106
-336
-400
-568
-798
-855
-845
-925
-910
-718
-645
-763
-701
-426
-266
-228
-50
172
249
345
559
678
652
717
881
913
777
643
578
531
466
353
203
64
-64
-218
-374
-474
-614
-1019
-1641
-1982
-1654
-1191
-1435
-2216
-2620
-2493
-2402
-2358
-2037
-1787
-2039
-2271
-1929
-1398
-1150
-922
-477
-102
48
259
688
1147
1475
1690
1872
2075
2227
2278
2370
2576
2646
2394
2090
1987
1935
1779
1618
1441
1091
695
497
358
56
-262
-381
-444
-631
-826
-918
-959
-956
-855
-736
-684
-623
-449
-217
-39
74
153
229
346
494
607
674
728
740
662
569
533
522
476
380
232
58
-94
-193
-283
-373
-450
-547
-836
-1370
-1808
-1723
-1319
-1292
-1792
-2237
-2279
-2227
-2209
-2000
-1693
-1710
-1898
-1783
-1375
-1068
-849
-484
-56
197
339
538
836
1194
1562
1842
1995
2079
2126
2183
2277
2327
2204
2023
1908
1740
1411
1192
1237
1221
873
452
227
76
-178
-411
-485
-486
-562
-695
-772
-775
-761
-700
-506
-279
-198
-237
-153
97
329
416
423
410
381
373
435
509
484
370
303
317
278
123
-20
-34
-50
-187
-334
-371
-404
-519
-640
-825
-1213
-1583
-1534
-1245
-1238
-1524
-1705
-1734
-1814
-1838
-1644
-1414
-1330
-1268
-1117
-977
-882
-699
-377
-38
240
451
578
675
856
1129
1389
1599
1771
1843
1789
1743
1759
1729
1649
1664
1698
1494
1118
911
879
733
467
285
162
-37
-208
-231
-240
-366
-493
-492
-420
-377
-349
-296
-218
-136
-71
-26
11
53
69
75
108
152
171
178
189
188
186
181
139
63
26
10
-72
-178
-217
-239
-353
-500
-555
-585
-726
-953
-1119
-1127
-1053
-1033
-1099
-1158
-1207
-1335
-1433
-1315
-1063
-946
-936
-849
-746
-720
-610
-313
-15
154
287
422
518
670
899
1086
1216
1365
1469
1404
1280
1270
1309
1281
1229
1203
1129
976
808
653
502
373
294
256
203
95
-41
-117
-143
-182
-220
-189
-130
-138
-173
-134
-57
-33
-40
1
67
68
35
65
133
151
106
72
58
26
2
-11
-46
-114
-183
-231
-275
-313
-363
-440
-499
-539
-636
-796
-886
-874
-861
-883
-892
-917
-991
-1034
-1004
-965
-907
-773
-641
-587
-522
-390
-288
-224
-92
102
239
349
513
649
661
669
797
952
1015
1031
1059
1046
976
924
905
859
777
716
665
564
428
325
278
253
216
138
56
19
19
17
7
12
14
-10
-26
-7
19
29
49
81
82
55
29
9
-14
-10
4
-26
-83
-118
-153
-201
-219
-217
-256
-308
-299
-296
-383
-480
-482
-443
-452
-488
-512
-539
-577
-595
-596
-607
-618
-608
-592
-583
-560
-530
-490
-437
-367
-282
-216
-155
-86
-8
67
149
243
320
356
388
464
542
572
568
561
557
550
545
554
580
588
538
443
372
355
365
365
346
316
262
192
171
209
234
199
148
151
191
209
203
182
152
128
135
161
154
93
21
-5
21
56
41
-28
-113
-177
-218
-253
-247
-200
-188
-253
-350
-400
-411
-406
-383
-361
-379
-431
-493
-555
-601
-610
-577
-535
-513
-520
-536
-533
-520
-491
-424
-322
-225
-163
-118
-92
-62
19
137
239
287
304
308
321
341
372
426
473
457
390
345
341
345
345
326
302
296
294
259
220
237
271
290
335
358
279
200
247
340
368
366
367
328
266
227
221
219
209
180
145
81
-24
-99
-98
-69
-93
-157
-202
-224
-256
-311
-348
-334
-294
-288
-316
-368
-438
-481
-463
-429
-439
-473
-465
-431
-422
-446
-464
-453
-411
-351
-297
-265
-257
-231
-161
-76
-20
1
29
93
163
198
215
223
197
167
189
250
310
356
363
327
268
211
204
265
338
349
294
244
233
235
231
228
232
256
291
311
267
185
129
128
164
196
178
130
110
119
114
78
34
5
-1
-1
-11
-49
-104
-144
-132
-112
-126
-157
-214
-269
-276
-254
-245
-252
-282
-335
-366
-348
-343
-360
-346
-309
-301
-332
-344
-326
-304
-272
-211
-152
-131
-99
-33
28
57
83
95
87
103
152
198
208
212
216
197
181
193
182
146
170
208
184
132
109
79
84
181
230
175
144
169
145
96
87
94
138
202
230
199
93
13
13
46
67
99
97
53
43
24
-50
-96
-54
0
20
23
-43
-132
-112
-33
-48
-97
-100
-104
-105
-105
-129
-171
-174
-147
-145
-175
-198
-217
-195
-112
-88
-165
-263
-272
-178
-89
-101
-116
-76
-94
-105
-30
-1
-36
17
92
73
45
56
71
113
167
154
111
115
116
89
83
129
154
122
96
75
48
59
101
112
88
66
60
77
49
-5
22
73
66
61
65
15
-14
39
43
-20
-18
37
59
41
23
-19
-57
-22
48
63
34
24
24
8
4
-18
-47
-32
5
-7
-39
-55
-74
-111
-129
-102
-89
-134
-182
-143
-93
-98
-121
-125
-146
-175
-143
-65
-33
-42
19
46
-30
-57
0
60
100
125
108
98
95
97
78
83
124
142
93
50
31
29
15
13
6
4
11
1
-21
-26
-8
14
40
63
34
-15
-20
39
70
33
11
31
31
-18
-77
-82
-74
-89
-55
-21
-45
-129
-119
-71
-33
-69
-45
-4
62
38
-15
-31
-29
39
46
57
77
117
107
57
-19
-40
-4
36
46
19
36
19
-23
-61
-60
-63
-76
-35
17
93
63
15
-31
5
11
26
26
67
112
114
57
-30
-17
-8
-21
-15
34
5
8
11
-17
-22
-77
-48
-69
-3
52
49
-13
-33
-37
-40
-43
-10
39
-19
36
-35
-60
-70
-75
-83
-30
51
22
-56
-71
-65
-82
21
43
51
21
3
-5
2
30
23
59
92
70
-7
1
-2
-4
-10
44
53
2
-19
-71
-56
-3
0
-19
15
3
-21
-27
-26
-2
10
57
41
22
14
4
9
37
18
13
45
32
10
-11
-18
-2
-9
-29
-19
9
7
-3
-32
-23
-9
-15
6
31
30
20
-4
3
22
26
11
8
17
12
-3
-13
-14
0
-8
-25
-37
-50
-15
-28
-14
14
-13
-32
-40
-16
25
47
19
7
32
11
6
15
2
12
23
9
4
-15
-19
-14
-1
-7
-50
-18
19
11
-12
-4
-6
-15
-9
-12
10
3
-26
-5
1
-11
4
-1
16
-1
-21
5
17
6
5
17
4
19
17
-9
-21
-11
14
7
16
4
-2
21
-16
-21
26
19
22
32
24
-5
10
15
-6
2
-8
-6
3
-20
-25
-24
-6
-26
-23
8
-1
2
0
20
15
-1
4
20
12
35
28
-6
-15
-17
4
21
-12
-5
-22
-48
-27
-14
2
-11
-17
-9
-28
-22
-4
-14
8
11
-7
3
16
-1
13
26
11
8
14
-1
5
14
-2
2
5
-9
-6
-10
-1
3
-7
6
2
1
10
10
1
-8
9
22
13
10
11
8
-9
-10
-7
-1
3
-17
-2
-6
-24
-27
-38
-5
17
2
-2
-1
6
-26
-32
24
30
31
16
8
17
-1
0
4
12
22
16
-1
5
1
-26
-14
-14
-16
5
0
-1
4
-16
-12
-14
-22
0
10
9
8
10
10
3
2
-13
-17
-8
-1
12
18
14
-16
-16
-26
-30
-6
9
18
23
29
4
-7
1
0
-2
4
20
24
-5
-5
-4
-5
-15
-18
6
-15
-18
9
1
-15
0
11
-1
-13
-3
-7
11
16
-2
5
10
21
-12
2
7
-3
12
11
28
0
-15
-1
15
-5
-15
-15
16
11
-15
0
9
-9
-22
-6
-15
-6
-5
-6
0
9
-5
3
14
-15
-14
4
10
13
4
-10
1
-12
-28
-14
22
11
10
9
9
9
1
-1
7
26
24
13
2
7
8
-10
-3
10
-1
-12
-19
-19
-20
-18
-9
-2
2
-4
-14
-17
-12
-24
-17
4
-4
-13
-2
1
6
16
3
8
19
13
16
10
-6
-3
27
35
5
-8
-5
2
17
25
3
-3
10
-7
-14
