-1
-3
-4
-2
-1
0
3
3
2
4
3
2
2
1
3
4
4
6
7
4
3
2
1
-1
-1
-1
-2
-1
3
6
3
3
3
3
4
2
1
1
2
1
1
1
-3
-2
-5
-4
-4
-1
-1
-2
0
0
-2
-3
-3
0
0
-2
1
1
-2
-2
-3
-4
-6
-7
-2
-3
-5
-3
-3
-3
-2
-1
1
2
3
3
2
3
2
2
1
-2
-3
-2
-2
-1
-2
1
0
-1
-1
-3
-3
-1
0
2
4
4
3
2
1
1
0
0
1
2
2
2
-1
-2
-2
-3
-2
0
4
3
3
2
0
1
0
-2
-1
1
0
4
5
4
3
1
-1
-1
0
1
0
2
2
2
1
0
0
0
-2
1
1
0
3
1
2
0
-3
-4
-3
-3
-2
-3
-4
-3
0
0
-2
-2
-3
-2
0
-1
-4
0
0
-2
-5
-5
-2
0
-1
0
2
1
1
3
4
4
3
0
-2
0
-1
-3
-4
-2
0
-1
1
2
4
3
5
5
1
2
2
2
0
0
2
1
1
1
0
0
1
-5
-3
-2
-4
-4
-3
-2
-1
0
0
1
1
2
-2
-2
1
-1
-2
-2
-3
-1
0
0
2
0
-2
0
0
-1
2
3
0
2
4
4
2
0
-1
0
0
-1
2
4
2
3
3
3
2
2
2
2
1
0
-2
-2
-1
-3
-2
-2
-1
-1
0
3
2
-1
0
1
-2
-2
0
0
-1
1
1
-3
-4
-2
-1
-1
-3
-7
-2
-1
-3
-3
-3
0
1
1
0
1
0
0
-2
-2
-3
2
1
-4
-1
1
3
1
2
1
5
3
4
1
2
2
0
1
2
4
0
0
3
4
-2
-3
2
1
-2
-3
0
3
4
0
1
4
2
1
0
2
5
2
3
3
6
1
1
0
-6
-1
1
-3
-5
-3
-8
-7
-3
-1
-4
-5
-7
-4
0
3
5
4
6
4
0
-2
0
1
-2
-5
-2
2
2
-9
-8
0
3
3
2
-1
-7
-4
-3
-3
-2
2
4
2
0
-2
0
-1
1
-4
-5
-6
-2
0
0
6
4
-1
-5
-3
3
9
7
5
-1
1
4
-2
-6
-7
0
3
3
4
6
11
5
0
1
0
-5
2
12
13
15
6
-6
-7
-6
-19
-20
-6
3
10
17
19
20
10
5
-2
-11
5
11
1
-8
-7
-1
-6
-27
-16
6
7
-3
-11
10
10
-17
-25
-9
8
15
6
-5
4
5
2
-9
-20
-10
1
-4
-28
-22
6
13
-8
-1
20
22
4
-1
-4
-9
0
7
-1
4
18
5
-2
-6
-13
0
-2
-7
-10
-12
3
-1
-25
10
44
21
21
22
16
2
-12
-6
-13
-7
46
30
-26
4
-8
-19
-35
-50
-4
20
17
16
-22
-17
84
32
-47
-40
-22
8
-22
-12
-7
10
62
54
-16
-65
2
14
-37
-38
3
14
8
27
-19
28
-6
-38
38
-17
-11
41
51
13
23
18
-13
-13
-55
-70
-80
33
117
11
-34
57
31
-87
-9
28
-33
0
85
89
-73
-100
14
-26
-36
54
64
32
60
-72
-99
34
-63
42
119
8
7
44
-56
-146
-141
-162
-29
46
8
35
132
76
-23
-6
44
70
5
23
76
111
-74
-149
-47
-28
198
60
-245
-51
129
13
-18
5
-37
-118
-139
14
154
134
77
213
-45
-115
-38
-126
54
77
38
-5
118
-143
-325
-174
-58
97
122
25
-152
-35
67
60
61
186
-6
-44
227
190
73
-243
-300
-36
199
44
23
221
5
-166
-281
-154
-56
-84
16
78
73
189
85
-178
58
162
17
9
-6
-56
58
-4
-220
64
90
157
210
132
-134
-100
20
-189
12
118
114
-39
-131
-164
-95
10
46
65
91
153
-54
-156
-182
-122
33
52
-58
-78
-219
-191
-55
4
135
84
170
74
-95
-272
-166
75
204
120
-22
102
-14
-13
98
70
20
-86
-135
-146
116
348
281
46
-1
92
26
-1
-38
-46
-77
65
168
-61
-213
-153
-136
-122
27
51
151
208
-42
52
197
16
-168
-90
-193
-197
94
227
241
58
-52
-56
-111
-255
-109
42
63
166
60
-242
-129
77
17
3
-237
-105
133
222
169
322
202
-265
-219
-219
8
-76
-96
189
332
129
-333
-239
-218
-223
-15
68
326
439
365
30
-367
-316
-264
-149
41
432
409
65
-31
-278
-192
-97
-86
111
318
129
-128
-116
-259
-117
117
94
133
178
18
-150
-256
-305
15
307
188
118
196
-109
-431
-199
84
183
222
261
159
-96
-316
-227
-44
2
119
270
146
-116
-161
-222
-226
114
351
237
-30
-114
-76
-148
-230
-20
212
135
60
91
-106
-308
-86
255
186
-5
33
87
-105
-283
-165
73
222
278
202
-68
-318
-277
-137
-103
-31
128
159
39
7
51
25
-83
-69
8
-37
-58
24
37
3
91
187
156
69
-11
-66
-136
-197
-155
-27
1
-9
100
156
23
-94
-53
1
10
61
101
53
-36
-54
-8
5
-28
25
118
95
44
38
-37
-134
-98
-30
-17
6
47
55
25
-12
-13
-20
-53
-39
26
26
-5
6
36
24
-6
-13
-9
-16
-25
-18
-8
9
21
24
22
25
10
-1
9
10
-19
-26
4
13
-3
-5
9
5
-26
-29
-19
-45
-83
-52
-18
-52
-57
1
36
23
-3
-21
-27
-39
-27
26
30
-7
25
45
-42
-92
-48
-30
-44
-16
35
57
22
-40
-34
-4
-13
38
140
139
96
120
99
31
38
83
96
81
61
64
45
-4
7
46
24
22
111
142
84
87
107
34
-51
-91
-150
-245
-292
-247
-185
-164
-128
-33
-19
-97
-105
-103
-166
-156
-76
-48
-25
11
-10
-73
-165
-247
-261
-269
-287
-187
-27
48
133
243
286
330
399
411
483
651
758
786
753
661
685
862
926
824
688
545
514
625
660
600
641
714
697
664
674
744
878
900
219
-1754
-4499
-6616
-7602
-7921
-7428
-5874
-3788
-1579
663
2307
2897
2920
2896
2848
2716
2459
2149
1877
1411
524
-463
-1252
-1847
-2003
-1416
-394
610
1633
2679
3361
3506
3315
2885
2272
1676
1268
1029
854
844
1101
1274
1178
1270
1558
1435
1121
1224
1548
1819
2162
2649
3196
2507
-1017
-5862
-9043
-10912
-12605
-12432
-9662
-6206
-2870
631
3297
4298
4206
3787
3396
2887
2183
1927
2128
1855
1075
233
-1159
-3117
-4635
-5272
-5239
-4437
-2594
187
3019
4954
6063
6392
5402
3684
2202
556
-1142
-1669
-1312
-1237
-1214
-982
-991
-970
-559
134
1289
2694
3751
4508
4913
4457
3622
3057
2363
1724
1748
1798
1493
1565
1824
1814
1909
475
-4692
-10842
-13484
-13440
-13206
-11346
-6645
-1427
2388
5035
6405
5918
4244
2861
2296
1808
1132
1071
1471
1030
-422
-2121
-4023
-5883
-6623
-5928
-4433
-2329
436
3307
5412
6359
6361
5654
4296
2743
1542
369
-1014
-1815
-1856
-2102
-2589
-2462
-1812
-1000
282
1951
3456
4606
5164
4906
4147
3127
2043
1473
1431
1453
1752
2229
2229
2018
1951
1590
1470
1322
-2016
-8687
-13405
-13763
-12878
-11577
-7835
-2543
1696
4452
6089
6171
4751
3097
2297
2002
1361
824
908
634
-726
-2562
-4460
-6207
-6864
-5851
-3693
-1017
1852
4500
6293
6695
5811
4341
2707
1048
-300
-1121
-1588
-1786
-1604
-1225
-1127
-1295
-1169
-626
-43
892
2522
3986
4462
4252
3579
2397
1237
513
157
318
1059
1910
2550
2987
3102
2811
2258
1779
1987
2991
2744
-1647
-9061
-14505
-15618
-14716
-12869
-8631
-2425
3113
6680
8266
7924
6132
4066
2534
1461
349
-507
-703
-932
-2156
-4099
-6017
-7252
-7018
-5077
-2222
909
4167
7093
8672
8269
6267
3673
1040
-1245
-2533
-2722
-2562
-2285
-1622
-957
-898
-1061
-708
258
1568
3053
4320
4887
4498
3157
1201
-480
-1240
-1103
-245
1057
2316
3177
3585
3461
2878
2043
1456
1346
1761
2959
4384
2188
-5908
-14962
-18451
-17348
-15219
-11114
-3778
3997
9248
11418
10760
7957
4474
1667
-149
-1378
-2063
-1760
-1221
-1763
-3613
-5921
-7726
-7659
-5309
-1691
2215
6121
9175
10413
9314
6117
1879
-1553
-3366
-4021
-4157
-3523
-2154
-825
-183
103
229
355
1085
2674
4006
4584
4681
4046
2037
-597
-2680
-3457
-2680
-701
1562
3360
4447
4722
4310
3313
2084
1096
836
1146
2204
4213
5446
971
-9936
-20140
-22351
-18844
-14186
-7754
1828
10742
14895
14127
10398
5416
930
-1936
-3016
-3108
-2492
-1389
-953
-2359
-5266
-7936
-8891
-6898
-2394
2737
7139
10550
12239
11097
7139
1789
-2926
-5431
-6077
-5773
-4791
-3102
-1440
-258
693
1535
1994
2437
3425
4450
4258
3121
2178
1008
-988
-2783
-2888
-1598
353
2526
4091
4787
4817
4349
3311
2243
1577
1460
1868
2944
4852
6691
2667
-9590
-23057
-26781
-21562
-14282
-6813
3122
13084
17692
15636
9926
3861
-667
-3170
-3740
-3198
-2176
-1029
-1181
-3296
-6792
-9410
-9750
-6434
-253
6052
10310
12669
13102
10480
4852
-1370
-5698
-7076
-6300
-4632
-3307
-2727
-2336
-1635
-817
-54
1335
3553
5667
6850
6548
4768
2112
-470
-2770
-4418
-4344
-2173
805
2984
3570
2966
2043
1551
1321
1295
1354
1501
1491
1701
1880
2188
2657
3704
5185
6575
2938
-9219
-23303
-26800
-19348
-10593
-3982
4513
13469
16753
13142
6637
870
-2631
-3539
-3106
-2422
-1589
-463
-788
-3260
-6455
-8040
-7417
-3806
2047
7377
9758
10342
9812
6932
1300
-4055
-6502
-6001
-4227
-2255
-1047
-1073
-1291
-438
914
1841
3010
4501
5076
4255
2576
255
-2032
-3052
-3019
-2566
-1297
1452
4218
5459
4938
3988
3046
2123
1196
920
982
1245
2094
3719
5519
7473
7965
734
-15171
-29218
-29336
-19494
-9249
-653
9750
18030
19013
12892
4802
-1740
-4694
-4734
-3433
-2251
-989
-654
-2663
-6417
-9198
-9269
-6576
-866
6271
11431
12886
12255
9906
4594
-2494
-7482
-8388
-6378
-3557
-1296
-572
-1151
-1676
-1085
-103
743
2068
3991
5309
5375
4284
2063
-686
-2842
-4210
-4472
-2706
938
4286
5730
5303
3767
2022
444
-582
-686
48
915
1769
2841
3718
4323
5039
6021
7066
6423
-1188
-16166
-28870
-28303
-18288
-7908
324
9531
16648
17334
11841
4599
-1093
-3484
-3447
-2746
-2590
-2173
-2113
-3840
-6852
-8641
-7649
-4428
991
7204
11399
12023
10556
7849
2866
-3438
-7633
-7834
-5372
-2642
-946
-662
-1038
-549
918
2361
2585
2536
2611
2463
1869
889
-104
-1120
-1307
-1317
-1379
-570
1705
3915
4538
4059
3316
2174
841
-486
-1067
-938
67
1390
2722
3818
4841
5659
6244
6747
6248
-818
-15744
-29540
-29696
-18565
-6693
1674
9960
16835
17638
11927
4047
-2054
-4436
-3891
-2751
-2509
-2460
-2499
-4066
-6846
-8411
-6892
-3099
2431
8507
12537
12490
9855
6247
1193
-4923
-8853
-8418
-5140
-1909
-87
277
-234
-263
928
2539
3213
3404
3722
3543
1865
-800
-2884
-3603
-2918
-1664
-218
1291
3233
4853
5164
3851
2354
1305
522
-673
-1456
-1587
-905
123
1576
2972
4395
5760
6730
7028
7025
4105
-6495
-22356
-31480
-25951
-12820
-1740
6139
13594
17501
14885
7430
187
-3979
-4137
-2437
-1290
-1601
-2234
-3506
-5873
-8161
-7888
-4790
53
5785
10965
12883
10737
6685
2178
-2846
-7214
-8143
-5374
-1458
884
1124
-28
-1049
-906
769
2744
3763
3266
2394
1528
161
-1692
-2838
-2461
-1489
-588
202
1769
3716
5114
5130
4107
2576
1060
-419
-1827
-2640
-2168
-773
845
2791
4862
6663
7336
7692
8148
7463
-1152
-18383
-32768
-31146
-17421
-4328
4119
11475
16833
16084
9484
1360
-3895
-4410
-1806
111
-159
-1774
-3560
-6461
-9275
-9774
-6596
-1478
4716
10671
13640
11803
7323
2916
-1314
-5308
-6948
-5087
-1797
73
-221
-1942
-3642
-3286
-536
3112
5682
6693
5436
2535
-331
-2529
-3792
-3556
-1240
845
1847
1967
2106
2325
2508
2622
2632
2549
1802
271
-1239
-2330
-2207
-820
1401
3736
5514
6604
6404
5568
4447
4586
3012
-6650
-22857
-31923
-24502
-9663
918
6581
11936
15106
12710
5796
-973
-4031
-2478
597
1848
-128
-3177
-6183
-8575
-9585
-7663
-3219
2053
7346
11210
11532
8089
3767
472
-2149
-4021
-4018
-2436
-1153
-1256
-2365
-3804
-3902
-1552
2625
6009
6937
4999
1387
-1594
-3067
-3216
-2478
-177
2170
2773
1158
-261
144
1709
3213
4310
4714
3497
1100
-1215
-2690
-2730
-1116
1567
4005
5503
6307
6106
5514
5049
5540
843
-13247
-29319
-31302
-17966
-3414
4033
8120
12182
12662
8192
1715
-2348
-1801
1948
4710
3505
-981
-5893
-9775
-11391
-10173
-5917
-694
4491
9022
11323
9605
5380
1829
-75
-1088
-1393
-1048
-829
-1504
-3026
-4868
-5843
-4472
-144
4829
7426
6882
4479
705
-3267
-4428
-2696
-97
1956
3370
2343
-459
-1997
-730
1509
3685
5253
5617
3566
248
-2629
-3731
-3277
-1265
1866
4397
5150
4676
4023
3291
3124
4541
5948
231
-14720
-28798
-27543
-13819
-1180
4072
7288
10591
10681
6326
688
-1951
-235
3753
5681
3196
-2687
-8377
-11438
-11045
-8060
-3309
1487
5599
8397
8974
6857
3651
1535
1024
1337
1490
751
-1054
-3267
-5123
-6092
-5991
-3638
821
5097
6631
5421
2650
-843
-2496
-1552
865
2584
3340
2053
-1032
-3403
-3229
-631
2726
5590
6479
5050
1937
-1315
-2944
-2749
-1246
962
3131
4278
3909
2866
2042
2381
4064
6678
6521
-3285
-20552
-30692
-22825
-6991
2605
4769
6503
8243
6798
2239
-1570
-1384
3004
7742
8368
3145
-4866
-11025
-12694
-10226
-5543
-580
2917
5114
6115
5601
3548
1717
1635
3076
4568
4443
2137
-1486
-4828
-6716
-6877
-5189
-1927
1681
3789
3785
2517
891
-258
118
1956
3969
4562
3255
-89
-3594
-4789
-2509
1273
3981
4559
3329
1247
-778
-1415
-443
1388
3031
4050
3904
2465
477
-596
252
2592
5243
7650
7381
-2188
-20098
-31668
-24048
-6476
4594
6012
5622
5849
4466
997
-1764
-1098
3590
9052
10289
4806
-4509
-11778
-13365
-9631
-3719
1169
2803
2321
1820
1951
1810
1905
3230
5560
7060
6181
2692
-1769
-5086
-5979
-4918
-3023
-1153
141
257
-219
-547
-591
-333
2031
5543
7475
6300
3351
-932
-4465
-4176
-593
2128
2385
1754
1019
-24
-787
-277
1532
3782
5184
5008
2871
245
-996
411
2599
4486
6289
7402
654
-16320
-31063
-27033
-8795
4844
6265
3462
2752
2665
1363
-309
205
3930
9130
11000
6562
-2730
-10981
-13799
-10667
-4652
614
2019
284
-1209
-420
1330
2977
4918
7378
8894
7809
3969
-705
-4016
-5009
-4351
-3093
-2162
-2069
-2603
-2677
-1807
-760
634
3481
6837
7971
6491
3922
1003
-1668
-2514
-1173
496
864
165
-785
-1584
-1784
-448
2105
4110
4605
4033
2802
1239
504
886
2171
3707
4844
5485
5554
-351
-15586
-29239
-25194
-7315
5091
4245
-713
-1742
0
1319
1703
2842
5852
9707
10795
6429
-2076
-9250
-11292
-8219
-2993
995
533
-3152
-5619
-4133
-427
3331
6439
8771
9533
8017
4402
366
-2060
-2160
-1350
-1215
-2198
-3917
-5281
-4978
-3500
-2325
-367
3431
6509
6757
5833
5012
3351
1320
197
7
37
-232
-974
-1825
-2293
-2167
-798
1368
2856
3474
3635
3160
2431
2462
2853
3411
4130
4770
5278
5046
-2206
-17654
-28831
-22026
-5170
3795
496
-4548
-4288
-766
2285
3983
5553
7928
10466
10613
6360
-1069
-7359
-9410
-6993
-2946
-765
-2878
-6637
-7506
-4174
269
3685
6172
8058
8567
7318
4839
2335
865
1018
1561
402
-2814
-5963
-7022
-6212
-4911
-3614
-1345
2151
4691
5244
5007
5052
4612
3799
3134
2231
1410
924
232
-1135
-2359
-2920
-2629
-989
879
1753
1919
2243
3019
3868
4266
3931
3607
4201
5424
6121
-104
-14316
-25518
-20235
-5379
1728
-2996
-8860
-8141
-3155
1347
3928
5619
7681
9558
10156
7826
2567
-2695
-4903
-3302
-862
-609
-3961
-7967
-8906
-6331
-2841
-27
2372
4637
6100
6453
5702
4812
4406
4558
4434
3053
48
-3348
-5069
-4947
-5068
-5749
-5064
-2367
332
1599
2381
3400
4508
5077
5394
5455
4998
4031
2875
1389
-746
-2835
-3655
-2948
-1701
-923
-729
-180
939
2352
2908
3327
3901
5116
6453
7636
3810
-7714
-18772
-17199
-5957
-193
-4968
-11589
-11855
-7111
-1997
1067
3150
5235
7440
8825
8686
5882
2151
75
814
2073
1383
-2022
-6043
-7884
-7251
-5784
-4373
-2523
-81
2204
3834
4619
4789
4881
5499
6259
6014
4095
1180
-1001
-1961
-3660
-6110
-6062
-3034
-1194
-1580
-1128
642
2016
2907
3836
4444
5076
5777
5419
3898
1766
-236
-1499
-1526
-1225
-1281
-1503
-1389
-688
514
1165
1332
1994
3272
4328
5624
5130
-2282
-12924
-15126
-6233
544
-2609
-9637
-11818
-8718
-3983
-365
1586
2387
3069
4323
5783
5616
3844
2503
2881
3831
3479
1074
-2417
-4681
-5064
-4556
-4107
-3529
-2480
-989
583
1702
2074
2033
2717
4498
5812
5424
3791
2008
817
94
-1790
-4037
-3171
-150
218
-1798
-2336
-1642
-951
795
3042
3930
4084
4344
4111
3104
1759
649
858
1604
1224
91
-470
-581
-290
276
273
369
1446
2763
3872
3571
-2943
-13087
-14834
-4650
3224
-602
-8983
-11520
-7990
-3154
-119
1083
1068
909
2083
4549
5411
3570
2029
2783
3998
3478
1553
-657
-2105
-2584
-2714
-3226
-3720
-3292
-1885
-387
216
76
150
1249
2985
4424
4637
3822
2734
2028
1056
-321
-971
196
1193
54
-1969
-2421
-1675
-953
-130
1049
2128
2687
2707
2197
1450
903
1355
2593
3336
2536
987
-155
-329
-80
107
115
414
1297
2121
2454
3051
2552
-3785
-12898
-13350
-3399
2664
-2513
-10227
-11167
-6748
-1966
509
875
47
-477
1002
4251
5786
4210
2839
3732
4477
3115
1064
-146
-661
-1140
-1791
-2672
-3485
-3493
-2413
-1055
-670
-1179
-1157
532
2839
4022
3721
3035
2584
2648
2524
1451
481
1190
1742
146
-1843
-2065
-1326
-684
-144
284
502
588
764
1264
1660
1515
1699
2526
2795
1660
70
-444
599
1787
2055
1874
1695
1438
1574
2106
2618
1345
-4882
-12862
-12348
-2748
2154
-3920
-11343
-11593
-6833
-2058
343
285
-954
-1387
650
4459
6363
5036
3788
4485
4710
3164
1637
1115
750
56
-881
-2127
-3396
-3708
-2775
-1716
-1657
-2089
-1670
-86
1566
2248
2096
1956
2350
3239
3784
2826
1309
1615
2515
1081
-681
195
1181
176
-616
-495
-679
-652
-351
-371
-122
428
751
1169
1153
389
462
1820
2939
3262
3011
2434
2024
1936
1897
2053
2689
2804
-1345
-9906
-13663
-6475
1234
-1953
-10451
-13074
-9065
-3863
-906
-865
-2405
-3059
-1167
2798
5853
5644
4138
4333
5156
4443
3346
3371
3499
2597
922
-981
-2434
-2732
-2089
-1697
-2455
-3782
-3960
-2477
-943
-668
-795
-102
1237
2552
3511
3459
2411
2167
3425
4113
3243
2434
2174
1440
440
-120
-396
-532
-561
-667
-819
-1145
-1565
-1212
-153
406
496
1024
1904
2628
3057
2971
2414
2130
2661
3437
3778
3662
1271
-5308
-10786
-7387
239
-95
-8207
-13222
-11054
-6394
-3392
-2906
-4017
-4871
-3926
-822
2830
4217
3343
3277
4780
5718
5693
5940
6117
5185
3390
1645
639
447
284
-603
-2281
-4338
-5562
-4782
-3097
-2620
-2975
-2392
-1025
-86
362
824
1542
2593
3515
3722
3864
4795
5423
4177
2026
1267
2208
3183
2661
598
-1523
-2328
-2108
-1799
-1718
-1849
-1904
-1432
-687
-176
292
1004
1793
2267
2399
2749
3402
3742
3717
2196
-2701
-7145
-4425
1734
828
-6665
-11026
-9134
-5375
-3219
-3611
-5808
-7346
-6321
-3108
180
1291
705
1178
3118
4502
5057
5830
6377
6036
5303
4677
4225
3886
3158
1608
-312
-1782
-2391
-2280
-2180
-2817
-3915
-4587
-4403
-3403
-2089
-1446
-1431
-699
910
2164
2840
3386
3541
3554
4237
5158
5296
4426
2836
1312
674
569
382
260
19
-715
-1481
-1826
-1736
-1215
-877
-1123
-1036
-354
50
391
1091
1812
2749
2350
-1829
-5472
-1886
3867
1771
-5378
-8027
-5661
-3302
-2703
-3912
-6386
-7623
-5977
-2787
-603
-851
-1992
-1218
1085
2515
3148
4108
4794
4805
4727
4521
4183
4306
4505
3733
2110
802
479
656
239
-1214
-2828
-3381
-2872
-2378
-2383
-2575
-2841
-2778
-1796
-565
195
1199
2330
2360
1976
2672
3753
4029
3672
3083
2682
2965
3327
2850
1790
621
-484
-961
-677
-520
-999
-1777
-2330
-2009
-868
-180
-395
-448
82
906
1345
-610
-4318
-4022
1278
3027
-2467
-7179
-5885
-2913
-1780
-1820
-3175
-5313
-5355
-2846
-831
-1070
-2068
-1714
-69
1209
1631
2044
2519
2770
3213
3748
3849
3965
4305
3896
2598
1594
1443
1652
1609
836
-500
-1409
-1523
-1653
-2095
-2189
-2058
-2346
-2353
-1287
-213
-128
-310
-255
-91
823
2528
3474
2948
2205
2377
3086
3392
3078
2564
1974
1265
783
620
350
-102
-438
-764
-1168
-1186
-786
-574
-494
-168
181
682
607
-2367
-5997
-3762
2018
1241
-5316
-7327
-3929
-1913
-2039
-2396
-4145
-5887
-4199
-811
65
-1437
-2213
-1068
566
1381
1894
2639
2938
2775
2937
3203
3212
3493
3788
3157
2149
1892
2052
1816
1213
333
-625
-830
-330
-298
-906
-1861
-3116
-2953
-745
-215
-2412
-2579
-131
601
170
1140
1780
1558
2413
3127
2404
2201
3008
3202
2572
1718
1316
1833
1984
679
-630
-832
-559
-83
219
-517
-1427
-1020
-89
98
193
34
-2381
-5290
-3315
1828
1223
-5347
-7958
-4286
-1651
-2126
-2499
-3465
-5448
-4622
-1081
98
-1569
-1981
-489
524
841
1489
2102
2155
2161
2515
2903
3155
3506
3677
3008
1961
1902
2768
3104
2407
1265
171
-398
-254
-167
-959
-2493
-3565
-2649
-622
-715
-2725
-2723
-662
52
-256
470
1200
1333
2108
2734
2117
1820
2614
2987
2353
1556
1214
1553
2104
1988
1282
603
184
158
286
-73
-691
-745
-266
73
-57
-299
-753
-2727
-5174
-3563
1198
896
-5015
-6920
-3042
-1276
-2726
-2944
-3272
-5113
-4421
-1097
-386
-2492
-2985
-1242
199
719
1190
1667
1767
1884
2661
3499
3517
3456
3959
3875
2918
2699
3258
2874
1599
802
498
161
25
-3
-742
-2245
-2996
-1817
-339
-1075
-2846
-2481
-619
-234
-1032
-952
-211
394
1140
1609
1310
1360
2379
3103
2831
2356
2278
2446
2370
1737
1006
847
1034
919
342
-347
-647
-543
-499
-557
-517
-330
3
-903
-3901
-4911
-794
1983
-2327
-6835
-4782
-1507
-1964
-2896
-3182
-4903
-5356
-2188
181
-1381
-3256
-2355
-364
637
928
1320
1732
2063
2766
3704
3877
3375
3334
3505
2964
2436
2790
3045
2328
1373
872
645
609
634
-13
-1371
-2014
-1351
-966
-1777
-2635
-2580
-1859
-1063
-1045
-1725
-1423
122
1023
909
1097
1601
1869
2245
2498
2099
1809
2221
2421
1925
1442
1298
1201
984
563
86
43
332
238
-196
-317
-101
244
181
-1672
-4238
-3230
705
460
-4687
-6709
-3653
-1832
-2777
-3362
-4217
-5720
-4525
-1271
-757
-2753
-2983
-991
636
1127
1235
1317
1443
1883
2689
3354
3425
3401
3709
3693
3126
3018
3455
3264
2344
1739
1560
1196
682
263
-523
-1790
-2270
-1220
-544
-1913
-3419
-2733
-1170
-842
-1306
-1406
-1061
-324
568
875
593
660
1406
2092
2095
1766
1826
2203
2213
1798
1497
1461
1392
1110
625
220
296
671
640
96
-350
-341
31
366
-554
-3036
-4074
-1417
760
-2055
-5930
-5201
-2404
-2165
-3176
-3552
-4365
-4589
-2390
-464
-1582
-3187
-2397
-550
410
691
844
966
1403
2276
2999
3131
3074
3373
3725
3511
3041
3031
3302
3113
2356
1624
1325
1260
1001
268
-947
-1860
-1417
-322
-633
-2248
-2854
-1933
-1229
-1377
-1534
-1383
-917
-44
585
393
91
434
950
1141
1297
1548
1691
1801
1933
1854
1622
1553
1626
1598
1435
1259
1115
950
691
371
174
276
151
-1190
-3032
-2786
-513
-342
-3516
-5410
-3599
-1793
-2439
-3585
-4290
-5075
-4512
-2236
-1303
-2807
-3631
-2175
-489
52
232
518
749
1252
2214
2959
3066
3086
3419
3636
3469
3429
3735
3786
3164
2324
1914
1963
1980
1478
336
-977
-1506
-912
-420
-1278
-2496
-2399
-1533
-1375
-1721
-1765
-1626
-1366
-830
-450
-421
-202
249
482
574
825
1210
1619
1879
1782
1632
1833
2091
1955
1595
1355
1272
1331
1376
1072
494
182
335
634
422
-914
-2506
-2189
-369
-597
-3483
-5004
-3495
-2060
-2474
-3306
-3972
-4583
-3978
-2322
-1954
-3129
-3375
-1979
-660
-228
-49
268
744
1444
2142
2503
2663
2992
3419
3548
3363
3312
3536
3487
2856
2150
1890
1910
1899
1746
1150
48
-720
-504
-199
-898
-1909
-1962
-1397
-1288
-1657
-1937
-1971
-1802
-1430
-1012
-681
-350
10
276
423
552
761
1049
1270
1324
1349
1519
1765
1829
1598
1277
1192
1357
1410
1118
739
607
621
624
497
-264
-1583
-1914
-690
-247
-2081
-3907
-3603
-2554
-2480
-3005
-3647
-4320
-4108
-2791
-1981
-2514
-3046
-2451
-1294
-474
-118
87
399
912
1542
2073
2333
2475
2815
3221
3290
3212
3397
3549
3185
2580
2272
2238
2180
1953
1477
803
101
-498
-687
-428
-572
-1548
-2197
-1693
-1092
-1270
-1619
-1743
-1843
-1559
-728
-284
-596
-724
-235
251
450
567
608
570
728
1124
1462
1588
1537
1351
1206
1337
1650
1753
1475
1005
626
664
1090
909
-586
-1988
-1543
-364
-801
-2506
-3415
-3159
-2665
-2345
-2552
-3542
-4256
-3535
-2198
-1875
-2509
-2798
-2224
-1337
-692
-378
-263
-34
618
1498
2035
2150
2337
2741
3039
3134
3221
3280
3166
2917
2620
2295
2032
1933
1827
1388
690
305
298
-41
-698
-648
-56
-454
-1729
-2034
-1210
-845
-1207
-1521
-1801
-1859
-1018
-85
-486
-1440
-1217
-69
710
869
715
537
861
1613
1865
1442
1192
1357
1512
1537
1430
1126
897
931
933
760
301
-634
-1345
-884
-226
-973
-2344
-2668
-2279
-2239
-2428
-2774
-3535
-3920
-3183
-2269
-2239
-2613
-2557
-2053
-1342
-639
-210
-53
129
500
994
1453
1716
1847
2058
2327
2525
2715
2908
2870
2579
2384
2401
2338
2133
2006
1839
1361
826
650
600
239
-258
-582
-793
-972
-1010
-1067
-1327
-1559
-1514
-1363
-1266
-1125
-994
-995
-939
-594
-131
147
174
102
168
521
989
1237
1201
1098
1116
1276
1372
1178
852
745
833
906
878
436
-555
-1170
-656
-114
-812
-1934
-2185
-1935
-1902
-1915
-2034
-2589
-2912
-2324
-1667
-1859
-2326
-2231
-1737
-1276
-889
-647
-623
-546
-144
423
792
946
1202
1635
1990
2218
2518
2819
2867
2715
2579
2528
2570
2590
2373
1951
1427
808
562
975
942
-369
-1473
-1022
-297
-644
-1348
-1728
-1926
-1565
-740
-792
-1760
-1933
-998
-327
-326
-363
-279
-34
521
952
822
664
984
1385
1448
1366
1324
1293
1339
1270
638
-179
-125
593
440
-815
-1656
-1467
-1171
-1243
-1450
-1994
-2794
-2888
-2124
-1717
-2202
-2695
-2616
-2334
-2072
-1703
-1398
-1337
-1191
-662
-37
371
705
1071
1314
1528
1982
2522
2737
2660
2623
2701
2764
2767
2657
2348
1974
1772
1705
1539
1163
710
366
166
2
-240
-534
-803
-1002
-1115
-1187
-1260
-1357
-1412
-1360
-1219
-1138
-1163
-1080
-745
-413
-325
-283
-63
251
503
634
579
498
641
894
909
699
569
685
890
776
226
-108
274
646
169
-629
-861
-750
-810
-958
-1232
-1854
-2374
-2221
-1816
-1901
-2330
-2506
-2286
-1905
-1560
-1348
-1246
-1077
-697
-174
269
544
787
1140
1514
1753
1944
2188
2365
2378
2366
2439
2507
2483
2355
2121
1844
1649
1528
1304
938
577
311
70
-182
-384
-539
-768
-1077
-1271
-1231
-1107
-1054
-1036
-986
-892
-721
-471
-279
-255
-262
-97
195
389
489
639
521
-92
-374
391
1059
296
-919
-968
-349
-287
-584
-870
-1491
-2057
-1709
-1048
-1272
-2011
-2144
-1731
-1454
-1367
-1290
-1269
-1224
-942
-493
-111
173
444
717
966
1185
1447
1776
2001
1949
1821
1941
2235
2366
2215
1896
1629
1593
1696
1598
1194
809
676
616
445
214
-45
-343
-576
-666
-746
-926
-1081
-1115
-1106
-1107
-1050
-947
-899
-894
-852
-750
-601
-437
-335
-307
-248
-77
133
281
345
341
353
472
661
799
836
694
310
39
305
690
358
-504
-914
-722
-610
-796
-1087
-1490
-1896
-1913
-1610
-1498
-1687
-1843
-1815
-1638
-1343
-1048
-898
-844
-707
-397
41
455
712
853
1028
1260
1517
1812
2048
2092
2033
2091
2260
2376
2338
2126
1823
1630
1606
1526
1239
851
517
296
176
25
-219
-418
-497
-600
-766
-851
-874
-872
-773
-645
-666
-654
-429
-256
-312
-331
-166
70
290
148
-524
-766
172
917
-6
-1369
-1361
-626
-526
-863
-1217
-1861
-2311
-1786
-1050
-1331
-2147
-2302
-1801
-1323
-1099
-1027
-1004
-838
-467
-83
183
389
613
879
1121
1265
1421
1738
2022
1977
1775
1792
2022
2193
2144
1859
1492
1347
1483
1500
1137
694
492
413
258
118
34
-166
-482
-650
-576
-494
-577
-715
-775
-811
-850
-763
-545
-454
-605
-749
-655
-434
-296
-264
-265
-259
-196
-43
113
171
141
154
287
430
452
396
390
411
395
425
445
186
-216
-257
21
-37
-579
-1016
-1067
-1036
-1099
-1203
-1429
-1725
-1795
-1611
-1474
-1494
-1516
-1452
-1261
-969
-736
-640
-491
-166
179
424
619
807
1004
1255
1488
1610
1710
1878
1980
1922
1841
1852
1894
1879
1764
1543
1318
1187
1089
931
740
567
384
204
92
29
-98
-297
-422
-391
-337
-357
-351
-317
-355
-382
-294
-163
-13
105
-268
-1087
-1116
45
597
-650
-2015
-1782
-906
-780
-1131
-1543
-2234
-2637
-1994
-1161
-1404
-2227
-2385
-1855
-1345
-1094
-970
-901
-729
-335
165
571
803
915
1079
1398
1716
1891
2034
2184
2163
1980
1938
2121
2252
2111
1736
1319
1109
1184
1238
940
449
161
119
82
-46
-203
-376
-562
-632
-528
-452
-586
-766
-768
-715
-779
-792
-603
-451
-542
-686
-671
-572
-477
-367
-305
-356
-426
-383
-240
-98
-39
-68
-79
20
178
267
265
253
291
347
382
386
354
308
282
261
207
116
37
-24
-112
-246
-377
-468
-511
-547
-656
-829
-941
-930
-907
-978
-1079
-1109
-1022
-854
-713
-724
-835
-815
-585
-308
-115
20
135
257
427
625
777
904
1097
1300
1397
1435
1509
1574
1555
1493
1445
1430
1469
1498
1387
1152
944
837
777
713
638
510
344
220
165
125
31
-98
-158
-167
-200
-162
-13
-183
-914
-1363
-707
99
-403
-1704
-2146
-1589
-1210
-1381
-1727
-2217
-2701
-2534
-1768
-1447
-1995
-2511
-2221
-1495
-1028
-923
-895
-728
-407
2
435
804
1049
1206
1378
1558
1671
1793
2055
2293
2245
1980
1838
1918
1969
1795
1460
1168
1060
1080
991
674
264
-39
-163
-164
-139
-219
-454
-657
-642
-514
-512
-628
-654
-551
-459
-448
-441
-384
-345
-365
-373
-301
-194
-115
-82
-104
-160
-158
-16
134
107
-30
-61
27
62
3
-69
-121
-163
-170
-150
-170
-231
-300
-333
-316
-253
-195
-185
-211
-234
-228
-182
-104
-69
-133
-211
-232
-225
-267
-351
-382
-340
-291
-330
-446
-537
-534
-466
-408
-393
-397
-382
-328
-265
-231
-187
-81
55
164
270
433
618
752
821
883
1004
1181
1338
1406
1380
1337
1340
1347
1310
1239
1192
1144
1050
929
820
721
633
588
536
397
236
148
53
-94
-110
-37
-328
-1002
-1270
-801
-484
-1050
-1903
-2146
-1891
-1708
-1751
-1948
-2305
-2602
-2450
-1937
-1656
-1820
-2004
-1816
-1370
-991
-763
-557
-301
-20
275
591
897
1151
1363
1574
1756
1871
1969
2113
2207
2136
1960
1847
1843
1828
1679
1430
1194
989
788
609
484
338
92
-169
-315
-367
-448
-587
-701
-758
-773
-752
-710
-681
-686
-669
-589
-463
-347
-270
-217
-167
-109
-57
-9
37
82
102
62
-13
-59
-46
-21
-50
-144
-249
-297
-285
-274
-309
-376
-446
-491
-490
-435
-384
-407
-497
-552
-497
-380
-292
-263
-263
-261
-232
-142
-5
79
79
70
128
228
289
281
233
190
198
247
284
246
151
78
75
107
117
84
41
22
31
42
50
80
130
167
178
206
273
354
419
489
568
626
645
671
736
815
853
825
774
758
783
791
732
646
587
535
454
357
257
151
73
29
-68
-315
-612
-748
-694
-703
-943
-1286
-1529
-1602
-1599
-1617
-1730
-1914
-2048
-2020
-1861
-1715
-1660
-1627
-1509
-1290
-1028
-765
-513
-269
-24
216
464
726
1000
1265
1488
1645
1733
1794
1893
2026
2106
2053
1891
1746
1688
1671
1573
1338
1030
772
625
526
367
122
-125
-298
-405
-504
-625
-734
-795
-815
-826
-830
-814
-754
-670
-607
-574
-535
-441
-298
-166
-88
-45
0
70
134
170
188
204
220
202
148
83
29
-19
-116
-276
-430
-511
-525
-574
-718
-897
-1018
-1037
-1004
-994
-1033
-1086
-1071
-980
-868
-781
-703
-590
-437
-279
-145
-9
168
370
540
649
736
853
992
1117
1195
1228
1245
1267
1283
1270
1234
1198
1172
1118
1012
885
782
732
689
592
434
269
166
138
123
58
-57
-161
-188
-145
-101
-119
-165
-165
-94
-20
-27
-108
-160
-102
6
12
-168
-430
-576
-534
-450
-555
-866
-1184
-1331
-1304
-1264
-1350
-1547
-1722
-1759
-1672
-1560
-1492
-1442
-1357
-1223
-1066
-892
-686
-427
-152
67
223
375
595
876
1138
1308
1388
1446
1541
1676
1779
1802
1764
1704
1649
1594
1506
1383
1238
1085
934
778
613
444
274
108
-32
-150
-244
-336
-438
-540
-618
-645
-621
-588
-596
-633
-649
-599
-494
-399
-352
-344
-316
-244
-139
-40
26
58
86
119
152
180
193
188
152
88
13
-51
-118
-205
-316
-427
-521
-602
-693
-798
-885
-931
-950
-962
-986
-1004
-982
-917
-844
-777
-695
-582
-449
-319
-213
-108
31
198
359
475
562
658
785
913
993
1025
1041
1081
1133
1153
1116
1050
993
951
902
830
736
646
563
478
386
300
235
186
128
57
-9
-42
-43
-33
-39
-59
-71
-60
-34
-13
-3
-2
-7
-23
-50
-79
-104
-138
-203
-308
-426
-519
-577
-646
-757
-892
-1013
-1091
-1136
-1170
-1221
-1266
-1280
-1257
-1200
-1130
-1052
-960
-835
-688
-531
-381
-227
-62
118
300
464
612
742
875
1001
1108
1187
1236
1266
1290
1301
1289
1243
1172
1097
1015
925
816
705
593
481
361
240
130
36
-43
-120
-194
-267
-321
-348
-354
-356
-365
-360
-346
-316
-278
-244
-215
-181
-146
-110
-79
-54
-32
-18
-7
-10
-19
-35
-60
-93
-138
-193
-250
-307
-372
-442
-510
-574
-633
-687
-734
-762
-780
-792
-791
-778
-750
-706
-651
-586
-515
-433
-340
-244
-148
-55
42
143
249
346
435
518
599
680
753
815
863
903
937
962
977
975
957
932
899
858
807
747
682
611
536
461
385
312
238
170
106
43
-12
-53
-87
-118
-150
-173
-189
-203
-216
-236
-257
-284
-316
-350
-392
-442
-501
-559
-616
-673
-743
-811
-870
-921
-960
-992
-1019
-1031
-1026
-1002
-960
-908
-842
-763
-666
-556
-440
-315
-187
-49
89
217
342
464
582
694
790
868
929
982
1021
1046
1050
1040
1020
989
950
893
828
759
687
614
537
460
379
300
230
163
100
42
-11
-62
-103
-143
-179
-206
-231
-250
-265
-276
-285
-290
-291
-290
-286
-286
-286
-283
-282
-281
-278
-277
-273
-269
-268
-268
-270
-266
-268
-269
-265
-265
-261
-261
-258
-258
-255
-249
-246
-239
-231
-222
-213
-203
-195
-178
-159
-138
-114
-88
-63
-39
-10
23
53
81
107
132
158
180
199
221
240
257
279
300
319
334
349
359
374
381
386
384
381
375
365
351
337
320
299
274
249
224
195
171
147
121
91
65
39
14
-6
-28
-54
-78
-100
-117
-136
-152
-167
-187
-203
-218
-234
-251
-271
-292
-308
-325
-346
-362
-377
-390
-399
-402
-403
-399
-394
-381
-359
-334
-310
-281
-246
-210
-176
-138
-99
-63
-25
9
40
76
108
137
174
207
238
267
296
323
353
377
396
411
420
425
426
423
413
401
385
369
351
329
308
285
258
232
206
177
149
122
91
54
15
-20
-50
-82
-119
-154
-180
-205
-231
-254
-272
-279
-290
-297
-304
-306
-310
-313
-313
-310
-312
-317
-319
-316
-309
-307
-303
-293
-283
-266
-251
-229
-203
-182
-154
-121
-87
-57
-26
3
32
61
92
120
147
169
193
212
228
240
253
274
284
296
310
316
324
330
336
341
341
332
324
316
298
278
265
250
232
203
182
155
126
102
77
52
27
2
-24
-45
-70
-91
-108
-125
-146
-170
-189
-211
-231
-246
-268
-289
-304
-312
-319
-327
-335
-340
-333
-322
-302
-283
-265
-249
-238
-220
-190
-160
-124
-88
-56
-38
-24
-8
14
42
65
92
111
118
117
122
131
142
153
157
156
148
141
142
144
154
166
170
159
148
147
160
176
190
192
182
161
145
141
152
169
178
168
127
79
48
49
65
75
62
29
-19
-59
-69
-56
-42
-40
-54
-85
-128
-160
-166
-148
-131
-122
-132
-171
-203
-216
-205
-178
-150
-140
-145
-149
-141
-133
-119
-100
-76
-42
-16
-2
1
-7
-18
-17
4
42
78
98
84
41
10
16
59
115
160
157
110
50
32
56
104
150
157
120
63
12
3
31
73
101
87
35
-16
-36
-25
8
33
32
0
-40
-56
-47
-25
-3
8
5
-11
-32
-34
-11
16
31
17
-13
-35
-41
-18
-1
0
-24
-59
-76
-61
-41
-42
-49
-69
-93
-105
-90
-57
-34
-30
-52
-75
-82
-67
-35
0
26
9
-13
-11
3
20
40
59
59
48
31
35
45
56
58
61
56
43
31
38
41
39
37
37
34
27
18
8
8
3
7
16
21
17
3
-8
-11
-1
10
23
20
2
-5
6
9
11
6
6
-8
-8
4
11
7
-9
-20
-28
-22
-6
1
-9
-34
-55
-61
-48
-25
-17
-20
-26
-40
-45
-34
-21
-10
-6
-5
-6
-17
-17
-7
3
6
12
16
14
9
6
17
25
22
18
25
18
1
1
17
20
4
-1
0
-9
-20
-3
11
5
-2
-7
1
-6
-12
-8
-8
-4
-1
5
12
1
-13
-13
-5
-2
5
17
24
3
-15
-7
-1
3
8
12
12
-1
-7
9
14
5
1
14
18
5
4
14
9
-6
-8
3
4
1
5
-5
-12
-14
-13
-4
1
3
-2
-6
-12
-8
2
5
6
-1
-8
-9
-2
11
16
7
0
1
-3
-4
4
13
12
4
-6
-6
-5
-3
0
5
3
-2
5
1
-8
-14
-11
-3
4
2
-6
-5
-2
-1
-6
-2
-2
-2
-1
2
-1
-13
-15
-6
-9
-11
-5
3
5
-9
-11
-6
6
10
12
15
2
-4
-8
0
8
6
0
-3
-6
-12
-10
-13
-4
5
1
2
2
-2
2
12
12
14
15
16
12
13
10
8
8
7
8
9
3
-2
-3
-6
5
1
-7
-13
-9
-1
-3
-10
-4
6
-7
-8
-2
-1
-8
-6
-2
2
0
-3
2
9
7
0
0
-1
-4
1
-1
-4
-5
-6
-4
-6
-2
-5
-4
-2
-2
-3
3
8
8
7
-7
-11
-7
12
20
7
1
3
-3
-6
-6
-2
5
8
6
-2
-1
-6
-11
-5
-2
-4
-9
-12
-4
4
-4
-9
-6
-6
-2
1
0
5
-4
-6
-1
7
9
4
8
9
9
2
5
6
10
9
7
8
4
2
4
4
2
0
4
4
-1
-7
-5
-2
-4
-6
-6
-2
-6
-2
-1
-1
-5
-1
0
4
2
-7
-5
3
8
-1
-2
-1
6
4
3
0
-3
-9
-1
1
1
0
-2
2
-6
-3
-5
0
2
-1
-1
3
5
-3
-8
-3
-3
-4
-10
-7
-2
-1
-3
-1
6
6
-3
1
2
-1
0
6
9
9
0
3
