-1
0
-1
4
4
3
4
0
2
2
4
1
3
4
7
5
3
2
-2
1
1
0
-2
-5
-7
-4
-8
-6
-3
3
0
-4
-4
-4
1
-2
0
0
2
3
3
3
3
0
-3
-1
1
0
0
-1
2
3
-1
-2
-2
-3
-2
1
-1
-3
1
-3
-4
-1
-1
1
-2
2
2
2
1
1
4
3
2
2
5
3
0
2
2
1
2
1
1
0
0
1
-1
-2
0
-2
-2
-1
-4
-2
-1
-4
-3
-2
0
0
0
2
0
-3
-3
2
1
1
-1
-2
-3
-1
2
3
1
-1
1
4
2
0
2
-1
-2
-3
1
3
-1
0
-2
0
1
2
-2
-4
-3
-1
5
0
-1
2
2
3
2
-1
-1
0
4
1
-1
0
-2
-2
0
2
2
-1
-1
1
-2
-5
-2
0
1
-1
0
-1
1
3
1
-1
0
5
7
5
4
2
-2
1
2
0
-1
0
0
0
3
-1
0
-1
-4
-2
-1
0
-2
-3
-2
0
-2
-1
-4
-4
-6
-5
-2
-3
2
0
-3
0
-2
0
1
2
-1
-1
-2
-3
1
-1
-1
-1
2
-1
1
1
4
7
1
2
3
1
-2
-3
-1
4
4
3
5
4
3
0
0
2
4
6
3
-1
0
2
0
-1
1
1
2
3
-2
-2
-1
-3
-2
-3
-2
0
1
3
-2
-3
-1
-2
-2
-1
0
-2
-5
-6
-3
-3
-1
-1
1
1
-3
-3
-4
-2
3
1
-1
5
6
-2
-1
-3
0
-2
-5
0
0
1
-2
0
2
3
1
2
0
0
1
0
-1
-1
0
0
2
2
5
3
-4
-4
0
-1
1
1
2
2
-3
1
-1
-2
-3
0
1
1
-1
-1
0
0
3
2
5
2
3
-1
0
1
-1
0
4
5
2
3
-1
-1
0
-1
-4
-3
-1
-1
-1
1
3
-1
-2
-2
-1
-2
-1
0
2
0
2
1
-4
-1
3
1
0
-1
-1
4
3
5
2
-6
-1
-3
-7
-5
-3
-5
-3
1
0
-2
-5
-4
-3
-3
3
3
-1
1
2
1
2
-3
-3
3
7
3
1
3
1
1
4
5
3
5
1
-1
2
2
0
-3
-4
2
3
-2
0
-4
-1
2
-1
-3
-1
2
1
0
0
-4
-1
0
-2
-1
-2
-3
-1
-1
-3
-3
1
3
0
-2
0
-2
-1
0
2
3
5
0
0
3
2
2
2
-1
-1
-2
-1
1
4
-1
-2
1
1
5
5
-3
-1
-1
2
-3
-7
0
0
1
-2
-3
-3
1
3
0
-4
-1
-3
-3
0
-4
-2
2
1
-1
1
5
0
-4
0
4
5
1
-2
-1
3
8
4
-4
-5
4
2
-1
0
-2
2
-2
-2
-2
-1
1
0
-2
-3
-5
-3
-4
-2
2
0
-1
-2
2
3
5
1
3
1
-2
3
1
-2
4
5
3
10
-3
-3
4
1
4
0
-6
2
3
2
0
-6
-3
-3
-2
-1
0
-1
-1
1
-2
-5
-3
-2
2
-2
-5
-5
-1
-4
1
3
-4
-3
3
4
7
0
3
6
-1
3
1
1
0
-1
1
5
-2
-6
1
-4
0
3
-3
-4
-6
-2
-1
0
6
1
-5
2
1
-5
4
-3
2
7
0
-3
-4
3
5
-6
3
4
-1
2
-5
0
4
-3
1
2
-2
1
1
-1
3
0
-2
-4
-4
3
2
-1
-3
-1
7
1
-5
5
7
-1
-2
-3
2
10
-1
-8
-2
2
-1
-1
-5
-8
-7
1
6
-4
-2
-2
0
-1
2
5
-2
-2
-3
-1
-2
10
-1
-4
0
-4
3
-1
5
4
24
4
-13
13
3
-14
-3
0
4
20
6
5
-7
-11
-17
1
-1
2
22
8
-9
-13
17
-26
1
-10
6
3
17
6
-27
-24
-6
36
-1
4
28
2
-72
-24
25
35
56
-25
-10
-14
-26
-1
4
24
-22
-7
-3
0
50
7
-48
-34
7
12
-23
18
60
22
-34
-38
-37
75
-6
-30
-40
42
68
13
-9
-14
-40
-35
63
-43
-6
21
-1
33
38
12
-46
2
-67
-72
44
94
66
-89
-20
-19
-7
-2
-67
61
157
19
-77
-27
-95
-41
47
60
36
-17
-13
42
-62
-6
6
47
75
-39
-91
-64
-6
-39
26
95
78
38
-62
-66
-16
64
-123
59
71
113
14
-147
-60
-150
68
169
120
-49
-74
-44
14
-87
54
-41
-89
137
162
1
-8
-115
44
-138
-205
119
210
138
-75
-3
-26
-226
-16
-50
85
242
182
46
-275
-269
-63
130
-42
50
189
175
-150
-74
-45
57
-133
9
175
78
-36
-213
-220
-49
109
296
278
-178
-162
197
32
-229
132
-69
-227
-328
-138
223
513
346
-20
-105
-214
-142
59
-71
-45
149
89
-187
-122
-49
89
174
-81
-101
69
275
132
-29
-188
-189
18
-208
151
227
-57
-106
-47
88
231
136
-441
-197
68
138
101
-135
157
205
-167
-305
110
200
101
-294
-156
247
78
138
-135
-233
27
274
-48
-124
48
156
-103
-381
148
-72
-31
355
388
-118
-363
-281
147
9
162
79
5
-216
411
277
-425
-93
326
-522
-778
-110
-62
666
627
300
151
-144
-487
-157
-322
-242
295
98
114
172
-1
-81
-190
60
415
20
56
200
-394
-59
102
2
-285
114
702
305
-266
227
-155
-1251
-930
-227
741
784
253
16
-55
-86
232
-111
-175
54
169
115
151
170
-367
-244
-122
141
-27
12
46
-53
202
-148
247
-66
-293
-90
-168
63
-45
-381
205
480
465
411
-241
-271
-260
-810
-363
-285
-114
373
114
267
246
-98
-117
61
152
490
363
301
79
41
233
-336
247
40
84
194
-203
-68
-324
-253
-553
-564
297
208
-298
-428
175
24
-135
95
136
32
161
452
-59
169
-53
313
503
-117
-291
-569
13
409
171
-214
-347
-11
143
-60
-189
-107
111
-10
383
244
-56
-47
61
-28
-497
-179
-215
-258
-108
-157
195
397
-52
-43
-135
470
436
444
155
-14
-118
-289
-304
-180
-331
122
367
118
414
-252
-248
-3
-141
370
-109
-260
-128
314
21
-191
-132
-264
-203
-429
31
136
195
243
-498
-40
427
-415
287
317
259
142
32
307
-220
36
-375
-150
52
-284
76
-242
105
318
332
342
450
170
24
144
-127
53
-140
-189
-92
-6
-405
-346
268
203
55
44
-222
-187
-28
74
199
290
53
221
33
-312
115
456
-17
-366
-105
-114
-1
17
39
-180
-24
81
-54
-86
-200
-54
22
13
-79
-116
-92
-289
-365
-234
-164
-180
-189
94
247
335
142
28
31
-18
57
6
73
128
103
-199
-135
99
45
-46
11
3
-67
-109
22
58
68
245
164
41
-57
-79
-186
-185
19
27
-16
88
181
190
182
173
244
209
23
74
90
87
90
33
-7
9
-25
-186
-153
-103
-104
-7
-46
-117
-118
-61
1
-10
25
6
56
57
-55
-4
53
41
60
21
-55
-7
12
-20
55
102
-16
-41
71
0
-102
-63
-67
-97
0
38
49
103
59
6
106
45
-61
-25
-69
-195
-162
-68
-38
3
94
175
164
99
74
88
-25
-113
-64
-53
-69
-96
-252
-295
-326
-410
-499
-437
-397
-465
-356
-334
-294
-203
-140
-195
-124
-58
-95
-64
-16
5
55
136
147
220
270
375
558
671
636
749
844
824
769
779
776
752
814
887
957
944
980
987
974
863
828
803
661
514
430
390
378
462
372
275
365
409
360
126
-1290
-3990
-6197
-6812
-7372
-8150
-7509
-5649
-3796
-2123
-103
1577
2417
2763
3183
3428
3100
2612
2541
2521
2024
1322
876
330
-472
-915
-1028
-1086
-654
402
1449
2153
2810
3381
3542
3305
2939
2458
1919
1644
1659
1599
1395
1142
1288
1249
758
405
722
1134
1408
1999
2653
2914
3387
3029
519
-3545
-6615
-8789
-11367
-13294
-13068
-11045
-8443
-5229
-1872
882
2742
4062
4633
4481
3938
3633
3449
3108
2668
2124
1396
369
-701
-1899
-3160
-4283
-5165
-4951
-3121
-1147
110
2079
4567
5372
5023
4870
4095
2638
1854
1388
566
25
-185
-346
-490
-887
-1076
-280
481
1077
2393
3843
4366
4761
5248
4888
3905
3047
2190
1536
913
732
767
1491
1965
-124
-5159
-9771
-11536
-13673
-15830
-15196
-11377
-7205
-2663
2071
5761
7552
7857
7321
6108
4116
2276
1454
756
-212
-666
-1357
-2676
-3703
-4164
-5240
-5666
-4281
-1807
345
2684
5144
6817
7045
6496
5466
3492
812
-621
-1035
-1596
-2079
-1559
-1106
-1011
-714
-226
163
871
2017
3104
3916
4506
5107
5303
4499
3394
2632
1766
702
408
654
616
942
1864
3138
1853
-2839
-8340
-10973
-12753
-15017
-14933
-11982
-7618
-2885
1894
5066
6880
7295
6483
4897
3113
1473
697
340
-201
-563
-1119
-2207
-3066
-3734
-4705
-5285
-4201
-1881
780
3223
5457
7097
7686
6960
5459
3351
760
-1417
-2479
-2856
-3088
-2916
-1907
-944
-387
178
1159
2122
3011
4007
4522
4672
4737
4571
3845
2718
1595
953
653
147
-54
557
1008
1455
2322
3646
3073
-885
-7110
-11266
-12625
-14236
-15311
-13061
-7909
-2930
1374
4681
6852
7295
6281
4570
2870
1240
169
67
-159
-772
-1263
-1952
-3015
-4178
-4815
-4866
-3611
-1519
1364
4354
6563
7546
7897
7158
5140
2653
134
-2193
-3748
-4208
-3904
-3097
-2311
-1402
82
1242
1957
3020
4338
4770
4827
4682
4083
3196
2301
1405
573
5
-53
546
1037
945
1334
1803
2138
2491
3813
3277
-1488
-8220
-11892
-12706
-14558
-15379
-12371
-6672
-1823
2412
5754
7627
7722
6474
4561
2478
692
-281
-498
-904
-1744
-2259
-2741
-3494
-4322
-4512
-3906
-2353
73
3098
5773
7335
7907
7697
6203
3688
992
-1344
-3191
-4334
-4632
-3981
-2873
-1945
-807
674
1736
2607
3805
4695
4724
4359
3642
2785
1972
986
257
227
309
576
1301
2118
2298
2491
2364
2337
2630
3689
3497
-1086
-8392
-12907
-13553
-15267
-16105
-12898
-6735
-1425
3327
7041
9084
8979
7322
4979
2450
-54
-1415
-1553
-1882
-2663
-2976
-3209
-3629
-4072
-4241
-3789
-1863
1026
4106
6540
7993
8215
7574
5671
2914
-137
-2570
-4118
-4269
-4058
-3898
-3065
-1462
-234
347
1531
2834
3809
4464
4981
4425
3291
2358
1550
461
-477
-362
618
1431
1767
2345
3144
3092
2450
1830
1994
2538
3657
2582
-3040
-10655
-14383
-14786
-16273
-16190
-11290
-4047
1566
6313
10019
11058
9436
6743
3801
397
-2451
-3308
-2844
-3088
-3658
-3304
-3036
-3357
-3740
-3497
-2849
-712
2880
6353
8166
8506
8072
6523
3610
232
-2568
-4492
-5143
-4346
-3001
-1977
-1128
-425
364
962
1558
2240
3553
4700
4926
4285
3127
1861
635
-565
-1367
-960
518
1843
2737
3135
3362
2892
2254
998
777
1578
3554
5058
1553
-6674
-14015
-15314
-16634
-17742
-14724
-6733
885
6796
10992
12666
11345
7857
3671
-461
-3996
-5236
-4310
-3459
-3645
-3093
-2384
-2393
-2960
-2810
-2123
-371
2621
6064
8196
8346
7279
5271
2400
-829
-3251
-4511
-4714
-3589
-1650
59
1111
1404
945
71
156
612
1367
2482
3631
3887
3260
2127
886
-51
-765
-828
401
1989
2705
3063
3156
2622
1867
1262
698
1053
3142
5674
7126
2595
-7200
-16265
-18325
-18975
-18884
-14447
-5066
4017
10282
13546
13678
10966
6007
700
-3448
-6050
-6171
-4165
-2552
-2598
-2505
-2172
-2418
-3142
-3336
-1933
1226
5051
7986
9509
8765
6254
3058
-275
-3557
-5399
-5583
-4508
-2681
-394
1372
2521
2558
1605
496
-81
13
1029
2324
3039
2962
2403
1430
706
228
-52
412
1888
3191
3697
3511
2993
1925
783
70
-71
723
3018
6110
8096
4052
-6296
-17178
-20690
-20333
-19524
-14847
-4843
5705
12165
14995
14321
10788
4965
-851
-5111
-7051
-6659
-4090
-1852
-1724
-2167
-2015
-2244
-2957
-3183
-1516
1866
5971
8763
9468
7876
5035
1472
-1945
-4703
-5698
-4984
-3313
-986
1381
2711
2954
2427
1236
-359
-648
206
1250
1937
2614
2785
1768
556
140
511
801
1710
3054
4132
4061
3058
1958
961
226
42
338
1248
3255
6174
8148
3153
-8446
-19615
-22145
-20618
-18704
-12795
-1912
8423
13809
15616
14104
9439
2795
-2849
-6357
-7601
-6523
-3444
-1419
-1815
-2700
-2500
-2449
-2816
-2318
289
4195
8018
9751
9191
6534
2795
-1063
-3950
-5682
-5652
-4025
-1916
442
2440
3374
3074
2493
1605
90
-439
-353
160
754
1821
2010
1433
932
911
1290
1700
2041
2585
3076
2700
1670
723
0
-492
-220
857
2108
3591
5574
7374
7802
1694
-10422
-21870
-23841
-20928
-17237
-10008
1111
10588
14677
15127
12403
7182
561
-4294
-6385
-6515
-5010
-2371
-918
-1900
-3149
-2997
-2723
-2583
-1402
1958
6050
8969
9423
7758
4342
507
-2800
-4981
-5693
-4536
-2255
-116
1673
3200
3665
3213
2091
1085
-25
-641
-686
-247
269
460
814
810
686
1175
2279
3033
3291
3374
3194
2297
910
-302
-580
-769
-432
732
2496
3641
5049
6694
8180
3761
-8174
-21292
-24955
-21277
-17087
-10377
96
9958
14525
15280
12751
7502
845
-4078
-6326
-6479
-5338
-2746
-1114
-2089
-3905
-3611
-2752
-2127
-773
2719
6704
9362
9332
7323
3768
-339
-3672
-5152
-5157
-3975
-1795
835
2587
3566
3660
2928
1499
324
-396
-843
-1066
-1250
-822
-236
763
1157
1649
2421
3404
4029
4106
3177
1920
594
-510
-1408
-1437
-945
-149
1150
2909
4196
5137
6059
7106
7422
1052
-12035
-23828
-24700
-19912
-14862
-7401
3203
11549
14550
14054
10824
5264
-977
-4924
-6327
-6054
-4455
-1990
-1333
-3077
-4274
-3423
-2096
-946
1066
4667
8039
9534
8227
5114
1186
-2209
-4356
-4865
-4076
-2150
200
2114
2889
2580
2077
1655
992
185
-179
-262
-762
-1113
-820
-85
804
1411
2004
3093
4280
4345
3484
2239
760
-625
-1207
-1365
-1189
-343
864
2100
3313
4716
5542
5996
6810
6572
-1227
-15306
-25429
-24282
-18745
-13374
-4871
5906
12912
14250
13052
9549
3523
-2668
-5618
-5993
-5360
-3805
-1830
-1889
-3854
-4477
-2846
-1212
239
2902
6846
9471
9385
6785
3120
-688
-3688
-5293
-5054
-3364
-1090
1029
2576
3096
2492
1478
1047
928
670
348
382
-64
-626
-624
-212
133
492
1548
3036
4346
4404
3557
2194
389
-1414
-2324
-1969
-1130
99
1514
3092
4381
5193
5121
5092
5126
5895
2461
-8487
-21560
-26174
-21172
-15471
-8772
652
10131
13585
13192
10680
6208
93
-4169
-5422
-4920
-3855
-2097
-1228
-2647
-4531
-3930
-2013
-396
1658
5196
8241
8627
6538
3332
81
-2676
-4141
-3836
-2206
-406
1069
2151
2673
1783
465
335
1055
1085
752
592
-60
-1321
-1534
-853
57
801
2030
3552
5054
5334
4442
2912
1017
-958
-2112
-2087
-1419
-254
1296
2754
4092
4989
5140
4899
5717
6170
-810
-14950
-26236
-25584
-18787
-11979
-3466
6576
12935
13576
11736
8129
2730
-2393
-4507
-4335
-3313
-2070
-1112
-2352
-5233
-6237
-4353
-1828
597
3972
7784
9417
8106
4716
1126
-1751
-3137
-3304
-2617
-1253
303
1223
1193
867
437
299
1114
2340
2660
1889
1025
-494
-2592
-3482
-1980
-104
1098
2641
4866
6054
5075
3204
1340
-711
-2294
-2211
-949
-27
1067
2420
3345
3377
3923
4020
3856
3907
5471
4093
-6234
-20206
-27216
-22474
-15206
-7305
1643
10414
13604
12592
9543
5134
-80
-3508
-3968
-3014
-1813
-1077
-1728
-4625
-7261
-6778
-3881
-664
2905
6949
9882
9768
6991
2984
-541
-2755
-3064
-2055
-1167
-912
-528
22
-75
-214
406
1433
2378
2961
2627
1230
-474
-2037
-2757
-2686
-1473
81
2139
3828
5243
5467
4265
2291
778
-488
-1462
-1420
-594
35
268
866
1747
2635
3415
3892
4012
4165
5217
5958
-719
-14876
-26369
-24977
-16536
-8764
-1065
7268
12189
11425
8431
4617
668
-2404
-2372
-881
306
2
-1296
-4404
-7866
-8351
-5125
-1003
2607
6211
8981
8929
6359
2912
104
-1474
-1496
-729
-469
-1163
-1801
-1771
-1587
-1087
370
2389
3834
4046
3084
997
-1054
-2671
-3219
-2000
639
2732
3118
3168
3221
3037
2292
1711
1208
816
401
189
-311
-721
-822
-316
743
2289
4184
5099
4795
3898
4096
5047
737
-11920
-24518
-25539
-17157
-8972
-2052
5290
10060
9454
6642
3977
1635
-64
286
1626
2084
689
-1922
-5512
-8913
-9260
-5867
-1432
2198
5602
8110
8030
5479
2503
233
-699
-175
860
972
-143
-1515
-2500
-2770
-1940
-186
2040
3770
4169
3087
1317
-594
-2088
-2175
-770
670
1412
1600
1570
1472
2102
2923
3417
3148
2554
1303
-326
-1499
-1956
-1857
-1276
56
1820
3493
4398
4679
3720
2732
2252
3881
2345
-7642
-20762
-24743
-17275
-8841
-2826
2926
7888
7942
5205
2772
1876
1363
1950
3034
3285
1489
-1870
-5649
-8924
-9531
-6418
-1754
1879
4459
6095
6088
4390
2775
1789
1589
1998
2696
2372
614
-1683
-3285
-3973
-3332
-1387
814
2624
3339
2547
820
-210
19
430
1130
1947
2382
1546
154
-289
653
1896
2630
2888
2215
584
-1001
-1653
-1503
-794
423
1496
2238
2769
2865
2232
1569
1539
2687
4347
6259
2455
-10007
-22812
-23817
-14455
-6262
-1142
3656
6959
5292
1930
298
953
1859
3577
5066
4942
1686
-2790
-6717
-8861
-7982
-4304
-256
2085
3357
3738
3050
1801
1561
2405
4016
5373
5471
3424
128
-2784
-4454
-4361
-2735
-639
491
1116
1100
517
109
952
2053
2699
3621
4051
2480
-591
-2340
-1794
214
1763
2510
2327
1566
373
-417
-511
0
684
1504
1732
1515
1275
1192
1143
1537
2318
3447
4882
6412
1455
-11967
-23692
-22125
-11648
-4483
-766
2776
4348
1323
-1472
-807
2272
5022
7648
8370
6180
894
-4324
-7805
-8927
-7103
-3274
9
1135
1086
511
86
723
2719
5003
7219
8194
6846
2980
-1122
-3926
-4605
-3523
-1825
-781
-425
-257
-595
-843
-48
1700
3358
4480
4774
3497
1162
-862
-1410
-343
1156
1868
1625
825
-103
-898
-902
99
1594
2446
2333
1538
759
433
764
1673
2535
3459
4490
5709
4790
-4658
-18590
-24859
-17330
-6992
-1974
527
2538
1483
-1809
-2228
1292
5399
7862
8824
7317
2942
-3065
-6712
-7627
-6117
-3522
-751
273
-498
-1769
-1892
-235
2855
5858
7715
8133
6711
3525
-466
-2914
-2741
-1215
-381
-409
-686
-1502
-2411
-2247
-664
1058
2859
4106
4248
3156
1820
137
-1005
-418
1480
2537
1929
841
9
-376
-713
-472
501
1458
1418
983
750
760
1138
2013
2853
2942
2644
3084
4455
4866
-2968
-16279
-23294
-16300
-5984
-2086
-1749
-900
-1472
-3796
-3074
1594
6146
8133
8577
7285
3443
-1897
-4449
-4165
-2712
-1797
-874
-1152
-2773
-4138
-3566
-1219
1999
4685
6432
6925
5904
3259
753
742
1851
1947
681
-376
-1561
-3119
-3638
-2794
-1566
-277
1001
1268
1269
1820
2469
2436
2560
3029
3660
3852
2686
634
-564
-1161
-1724
-1701
-887
-253
145
696
1021
1322
1795
2375
2387
2427
2305
3586
5182
6255
159
-12332
-21272
-17291
-7752
-4271
-4833
-4323
-3808
-5089
-3809
1165
6291
8237
8749
7878
5342
827
-1487
-1111
110
17
-785
-2479
-4870
-6530
-5873
-3295
-98
2358
4255
5536
5485
4055
2968
4007
5340
4702
2243
59
-1567
-3108
-3830
-3395
-2605
-2434
-2128
-932
592
1814
2862
3755
3761
3756
4438
4613
3061
1275
383
-389
-1621
-2315
-2088
-1064
-228
44
154
623
1281
1909
2051
2608
2992
4423
5139
5789
2058
-8645
-18583
-17829
-8113
-3378
-4733
-6452
-6160
-6598
-5886
-1727
3988
7041
7842
7377
6451
3671
1618
1873
2964
2345
-6
-2598
-5019
-6518
-6000
-4043
-1855
-400
870
2149
3003
3428
4170
5474
6120
5296
3596
1894
523
-444
-796
-1239
-2192
-3051
-3243
-2588
-1951
-667
950
2331
2713
2869
3355
4013
3959
3295
2360
1345
-38
-959
-1027
-503
-373
-532
-593
-314
-14
37
389
1196
1964
2681
3556
4896
4726
-2298
-12325
-15345
-7846
-2079
-3782
-7051
-7777
-7999
-7759
-4202
863
3749
4345
4802
5193
4162
2564
3022
4473
4608
2824
609
-1722
-3379
-3509
-2645
-2588
-2953
-2668
-1082
217
1019
1578
2881
4211
4749
4391
3774
3285
3030
2742
1891
128
-1515
-2524
-3015
-3003
-1998
-661
-299
-843
-633
642
2490
3631
4113
4029
3369
2219
1203
889
824
855
621
-100
-805
-935
-1041
-630
135
1001
1237
2093
3089
4001
469
-7943
-13418
-8806
-1143
-1278
-5923
-8348
-8337
-8125
-5723
-1510
1219
1422
1717
2981
3912
3389
3482
4834
5654
4530
2690
751
-788
-1478
-944
-1172
-2569
-3416
-2647
-2059
-1462
167
1926
2107
2429
3538
3946
3572
3663
3575
2526
1185
306
-244
-1017
-1722
-1566
-927
-845
-1487
-1323
-477
1141
2831
3237
2286
1275
995
970
1502
2140
2347
2159
1692
1013
412
136
101
253
403
460
795
1254
2087
1994
-3691
-11356
-11958
-3783
153
-4072
-8806
-9152
-7910
-6138
-2636
273
524
50
1224
3131
3678
3449
4233
5245
5139
3809
2413
995
132
100
-16
-1278
-2821
-2973
-2396
-2131
-1199
60
655
445
1324
2079
2272
2558
3472
3523
3139
2707
2325
1296
110
-471
-455
-131
-631
-1263
-1302
-616
282
600
251
-245
298
1433
2397
3043
3370
3041
2024
1116
791
707
672
604
625
687
800
1030
940
1873
148
-6741
-12459
-8569
-652
-1053
-7119
-10174
-8858
-7079
-4391
-1259
-304
-1333
-1018
1143
3119
3627
4127
5121
5598
4924
4043
3267
2376
1562
1151
87
-1530
-2758
-2624
-1873
-1451
-1937
-2330
-1692
-338
801
1573
2157
2581
3159
3519
3372
2671
2150
1367
740
815
1299
1151
-3
-1058
-1450
-734
98
134
-265
-177
346
830
1359
1716
1511
1215
871
919
1587
2222
2068
1582
1332
1305
1414
1669
1553
1987
-210
-6868
-11300
-6767
-48
-2391
-8918
-10842
-8220
-6271
-4724
-3014
-2905
-3749
-2825
134
2872
3611
4139
5155
6019
5628
5282
5309
4916
3886
2676
1157
-300
-1080
-1190
-2120
-2816
-2673
-2214
-2504
-2261
-1168
-654
-422
497
1616
2262
2808
3162
2864
2373
2363
2517
2890
2461
1407
407
325
573
699
222
-677
-963
-431
-193
-236
-184
-80
-117
221
803
1199
1386
1262
1204
1343
1717
2046
2484
2875
3528
1439
-4540
-8439
-4573
490
-2741
-9220
-11050
-8652
-7084
-5922
-5118
-5571
-5983
-4296
-1124
1381
2244
2894
3994
5246
5655
6016
6516
6376
5621
4580
3488
2357
1954
1458
13
-1140
-1825
-2874
-3792
-2852
-2073
-2527
-2508
-1587
-913
-187
985
1052
707
1210
1964
2842
3867
4202
2953
1973
1898
2432
2808
2174
897
458
691
398
-202
-387
-925
-1346
-1372
-1210
-1150
-731
-431
-64
494
1090
1502
2324
3063
3271
2246
-1923
-5646
-3921
1286
155
-5989
-8907
-7038
-5727
-5524
-5121
-5772
-7191
-6186
-3323
-1219
-724
-248
645
1677
2871
4337
5620
6134
5940
5514
4805
4396
4552
4379
2940
1671
1179
405
-704
-709
-779
-2136
-3081
-2513
-2006
-2109
-1775
-1568
-1809
-1571
-525
505
1348
1816
1635
1355
2062
3556
4621
4160
2884
2252
2372
2296
1790
1241
686
-28
-449
-679
-960
-1198
-1124
-918
-911
-1009
-478
225
684
652
1101
-115
-3722
-5264
-1272
2455
-626
-5922
-6694
-4420
-3308
-3185
-3738
-5382
-6323
-4509
-2266
-1676
-2156
-1822
-759
673
1988
2931
3343
3442
3421
3572
3995
4783
5407
5082
3502
2250
2210
2263
1698
1094
490
-585
-1112
-781
-1004
-1940
-2380
-2165
-1896
-1708
-1358
-663
24
150
-446
-241
1063
2622
3109
2393
1698
2058
3007
3255
2741
2145
1622
1418
1406
1216
728
366
131
-512
-1069
-1394
-1237
-1148
-897
-640
152
88
-2582
-5122
-3366
621
-126
-4707
-6748
-4687
-2784
-2668
-3590
-4792
-5504
-4172
-2146
-1162
-1488
-1517
-788
396
1212
1715
2136
2721
3144
3586
3986
4090
3876
3532
3173
2961
2892
2722
2377
2294
1652
181
-851
-524
-171
-663
-1081
-1222
-1460
-1893
-1781
-1178
-905
-1106
-1084
-370
325
948
1470
1428
1333
1955
2897
3042
2562
2092
1795
1834
1933
1875
1522
904
408
113
116
-107
-350
-476
-613
-605
-384
69
-1478
-4569
-5238
-1562
588
-2800
-6552
-5822
-3677
-3318
-3286
-3447
-4917
-5495
-3257
-1233
-1565
-2419
-1865
-712
440
1624
2491
2740
2960
3299
3568
3559
3810
4215
4448
4309
3817
2994
2300
2136
1900
954
118
124
403
76
-632
-1372
-2210
-2721
-1896
-727
-942
-2085
-2023
-984
-206
529
1196
924
445
1086
2190
2360
2219
2406
2666
2787
2881
2784
2102
1462
1160
1029
653
422
114
-353
-940
-1042
-959
-465
-1323
-4038
-5543
-2487
477
-2174
-6674
-6613
-3942
-3195
-3446
-3584
-4900
-5883
-3744
-1101
-1335
-2858
-2369
-696
627
1423
2039
2228
2502
3177
4019
4380
4321
4170
4344
4268
3529
2632
2629
3128
2882
1626
515
268
386
149
-475
-1299
-1794
-1621
-1079
-1186
-1905
-2311
-1952
-1494
-1131
-565
140
431
527
913
1600
2191
2531
2672
2618
2477
2462
2631
2592
2088
1469
1109
854
411
-142
-674
-778
-491
-98
-115
-717
-2801
-4627
-3502
-436
-984
-4915
-6667
-4588
-3124
-3440
-3941
-4773
-6048
-5239
-2634
-1682
-2654
-2655
-1150
61
838
1651
2172
2313
2882
3669
3972
3880
3994
4136
3972
3631
3332
3251
3422
3406
2630
1619
1274
1501
1470
787
-450
-1634
-1998
-1796
-1891
-2226
-2244
-2103
-1893
-1424
-985
-828
-517
-66
343
930
1789
2242
2239
2150
2251
2414
2669
2653
2229
1637
1360
1202
923
671
489
189
-151
-130
16
-162
-1776
-3988
-4051
-1278
-580
-3743
-6330
-5264
-3983
-4059
-4110
-4372
-5836
-5936
-3575
-1775
-2322
-2815
-1839
-632
179
1178
1939
2039
2170
2913
3569
3766
3851
4204
4516
4457
4021
3701
3777
3894
3445
2496
1777
1589
1491
786
-388
-1368
-1554
-1328
-1238
-1607
-2097
-2406
-2275
-2033
-1831
-1446
-769
-379
-167
329
992
1228
1451
1910
2323
2350
2436
2523
2287
1803
1652
1714
1529
1141
818
580
330
208
213
141
-936
-2975
-3795
-1964
-628
-2719
-5680
-5738
-4333
-3964
-4115
-4221
-5232
-5845
-4252
-2198
-2245
-3215
-2887
-1540
-410
411
1102
1511
1818
2469
3258
3632
3679
3959
4392
4452
4198
4064
4118
4087
3847
3154
2270
1812
1888
1631
775
-234
-767
-757
-688
-1279
-2229
-2651
-2447
-2199
-1991
-1704
-1480
-1318
-1004
-465
223
888
1314
1539
1690
1832
1953
2114
2195
2109
1960
1882
1770
1574
1286
915
641
622
593
352
-184
-1544
-3217
-3059
-998
-806
-3833
-6150
-5168
-3706
-3823
-4223
-4424
-5435
-5709
-3895
-2193
-2731
-3439
-2472
-1008
-318
380
1186
1442
1512
2292
3214
3489
3515
3847
4182
4171
3989
3962
4230
4386
3861
2885
2400
2511
2539
2037
1125
-92
-846
-614
-229
-1067
-2338
-2623
-2119
-1910
-1781
-1591
-1690
-1770
-1049
-144
66
-42
253
700
956
1177
1413
1535
1655
1825
1826
1746
1856
1943
1625
1195
1081
975
713
719
620
-850
-2772
-2571
-760
-1015
-3651
-5175
-4452
-3790
-3849
-3862
-4392
-5593
-5436
-3612
-2513
-3008
-3252
-2451
-1472
-654
188
623
597
894
1762
2459
2758
3183
3849
4300
4366
4267
4153
4087
4029
3811
3360
3012
2837
2552
1961
1269
485
-229
-460
-277
-554
-1442
-2028
-1895
-1641
-1542
-1432
-1507
-1813
-1706
-986
-452
-519
-554
-121
457
864
1142
1323
1441
1580
1721
1783
1834
1822
1705
1640
1660
1449
1041
843
292
-1213
-2336
-1368
-203
-1593
-4202
-4702
-3774
-3740
-4213
-4050
-4308
-5104
-4683
-3125
-2581
-3249
-3359
-2564
-1813
-1267
-534
114
537
1080
1884
2511
2819
3073
3442
3718
3819
3916
4121
4333
4320
3967
3420
3067
2863
2553
2119
1688
1057
424
223
216
-359
-1245
-1715
-1706
-1605
-1386
-1215
-1476
-1948
-1911
-1374
-973
-890
-784
-462
-91
328
749
1018
997
1029
1291
1614
1722
1769
1793
1791
1635
1375
1110
1062
637
-758
-2009
-1414
-239
-1237
-3690
-4463
-3450
-3000
-3312
-3413
-3923
-5060
-4934
-3296
-2466
-3232
-3632
-2862
-1962
-1327
-572
-111
-81
370
1449
2222
2431
2728
3205
3447
3554
3802
4021
4045
3962
3786
3503
3284
3198
3000
2533
1913
1280
794
691
758
438
-321
-888
-1066
-1223
-1455
-1552
-1732
-2104
-2185
-1696
-1185
-1068
-1089
-965
-775
-496
-1
532
806
905
1116
1367
1443
1457
1580
1610
1412
1198
1200
1315
1039
-153
-1518
-1395
-81
-161
-2158
-3460
-3024
-2757
-3266
-3358
-3408
-4390
-4916
-3759
-2613
-2954
-3459
-2978
-2303
-1887
-1148
-320
-95
-59
550
1354
1743
1996
2547
3062
3190
3234
3540
3902
4050
3984
3770
3503
3386
3426
3324
2791
1942
1271
1163
1246
784
-196
-943
-1183
-1234
-1253
-1234
-1432
-1870
-2074
-1804
-1494
-1485
-1505
-1247
-860
-560
-245
153
427
496
571
772
1012
1300
1643
1743
1455
1134
1235
1537
1176
-136
-1150
-641
270
-476
-2319
-3075
-2635
-2475
-2687
-2766
-3328
-4380
-4418
-3204
-2496
-2950
-3304
-2888
-2258
-1676
-1076
-804
-855
-595
204
969
1432
1845
2337
2697
2865
3021
3368
3824
4093
3988
3699
3474
3387
3322
3128
2626
1928
1444
1396
1403
962
129
-603
-908
-924
-941
-1115
-1449
-1783
-1834
-1565
-1348
-1448
-1566
-1378
-1065
-904
-753
-442
-57
271
573
797
921
1034
1202
1275
1187
1097
1241
1499
1320
283
-788
-649
262
-3
-1623
-2682
-2346
-1963
-2186
-2449
-2778
-3617
-4044
-3295
-2445
-2653
-3164
-2987
-2488
-2165
-1714
-1087
-836
-816
-342
528
1056
1303
1813
2446
2635
2641
3039
3613
3813
3649
3451
3303
3304
3464
3469
2940
2122
1584
1511
1522
1226
623
9
-380
-542
-604
-754
-1110
-1563
-1752
-1557
-1297
-1294
-1410
-1369
-1232
-1120
-914
-488
-67
148
215
282
381
605
964
1251
1238
1062
1058
1277
1143
214
-735
-507
407
191
-1290
-2313
-2200
-1977
-2055
-2109
-2464
-3362
-3718
-2905
-2127
-2447
-3144
-3205
-2738
-2195
-1635
-1167
-986
-895
-500
146
702
1106
1573
2050
2327
2466
2788
3276
3578
3511
3265
3133
3222
3302
3120
2699
2292
1981
1722
1500
1267
872
345
-104
-315
-377
-453
-685
-1055
-1389
-1486
-1381
-1247
-1207
-1256
-1308
-1208
-934
-654
-491
-329
-57
219
419
612
817
920
895
872
882
855
871
828
277
-642
-802
22
279
-912
-2141
-2125
-1664
-1748
-1988
-2082
-2545
-3238
-3215
-2512
-2187
-2530
-2790
-2568
-2192
-1830
-1375
-956
-752
-554
-77
576
1123
1506
1834
2151
2422
2667
2951
3269
3446
3348
3089
2917
2899
2882
2717
2372
1890
1436
1214
1208
1127
733
192
-186
-359
-474
-635
-863
-1120
-1313
-1357
-1283
-1219
-1170
-1097
-1014
-939
-798
-543
-242
36
256
352
358
459
711
906
836
607
512
574
391
-215
-608
-215
275
-213
-1277
-1709
-1499
-1530
-1829
-1936
-2150
-2747
-3057
-2647
-2223
-2361
-2629
-2573
-2299
-1937
-1509
-1196
-997
-627
-127
207
474
979
1594
2002
2243
2456
2605
2714
2901
3079
3054
2860
2684
2618
2614
2551
2316
1953
1629
1409
1195
905
533
125
-177
-268
-295
-507
-901
-1186
-1204
-1135
-1192
-1277
-1193
-991
-825
-681
-524
-433
-400
-272
-50
46
-6
30
267
519
601
541
472
526
678
571
-23
-592
-419
135
-13
-918
-1584
-1645
-1649
-1750
-1703
-1792
-2363
-2899
-2786
-2345
-2163
-2206
-2185
-2063
-1828
-1421
-975
-632
-315
53
373
648
1004
1405
1726
1984
2230
2373
2403
2485
2676
2808
2769
2623
2442
2265
2145
2056
1887
1602
1258
925
635
405
215
24
-182
-348
-474
-598
-718
-802
-865
-910
-884
-808
-795
-870
-893
-756
-517
-300
-181
-147
-112
10
192
299
295
298
354
384
410
484
372
-135
-597
-450
-43
-206
-907
-1393
-1516
-1687
-1913
-1905
-1859
-2085
-2370
-2379
-2204
-2060
-1943
-1778
-1536
-1238
-977
-806
-564
-132
279
482
641
936
1264
1511
1740
1969
2119
2185
2240
2300
2363
2428
2422
2292
2091
1883
1675
1474
1341
1249
1066
770
474
230
19
-136
-198
-289
-512
-731
-771
-693
-695
-792
-832
-777
-717
-695
-680
-638
-558
-435
-316
-218
-137
-52
35
111
170
227
304
379
431
449
339
-31
-509
-694
-530
-462
-751
-1138
-1360
-1522
-1693
-1766
-1738
-1737
-1784
-1780
-1691
-1547
-1399
-1271
-1133
-924
-671
-475
-329
-126
153
425
642
844
1059
1251
1399
1552
1742
1886
1915
1892
1928
1989
1978
1895
1792
1653
1444
1240
1131
1049
885
671
517
393
189
-41
-166
-211
-291
-417
-538
-653
-747
-753
-689
-643
-628
-586
-528
-509
-502
-460
-392
-284
-119
34
103
123
163
197
168
115
78
59
51
5
-221
-640
-932
-856
-658
-705
-952
-1125
-1199
-1278
-1303
-1225
-1178
-1231
-1255
-1168
-1071
-1042
-1026
-935
-740
-480
-246
-108
-32
76
253
466
694
915
1088
1195
1256
1328
1438
1531
1539
1517
1559
1594
1511
1374
1269
1154
1005
911
886
772
559
394
323
236
100
-8
-76
-141
-198
-255
-364
-499
-581
-591
-561
-485
-373
-283
-236
-201
-171
-178
-208
-192
-130
-89
-76
-58
-49
-110
-232
-318
-316
-273
-246
-242
-293
-447
-632
-693
-604
-526
-598
-756
-848
-848
-851
-908
-961
-941
-884
-821
-748
-685
-669
-664
-571
-383
-195
-77
12
128
260
375
474
591
746
886
932
886
854
931
1064
1147
1144
1119
1114
1096
1054
1005
955
893
832
770
668
484
292
172
105
23
-48
-53
-26
-55
-143
-230
-304
-335
-276
-163
-103
-122
-144
-141
-173
-248
-277
-228
-168
-164
-203
-226
-217
-216
-245
-273
-279
-263
-234
-199
-221
-371
-562
-626
-539
-485
-564
-679
-728
-745
-782
-807
-796
-778
-761
-709
-610
-514
-444
-372
-294
-252
-245
-212
-131
-20
78
154
240
348
486
609
668
679
732
860
989
1040
1035
1024
990
923
850
788
718
636
590
594
590
511
378
266
226
228
206
149
104
93
73
15
-59
-106
-135
-173
-195
-193
-199
-226
-248
-236
-231
-250
-256
-223
-174
-166
-208
-261
-278
-266
-269
-288
-280
-250
-266
-347
-429
-447
-417
-382
-367
-365
-370
-369
-371
-417
-508
-580
-560
-493
-469
-507
-535
-501
-451
-435
-434
-410
-343
-245
-123
2
91
142
205
297
384
435
472
535
623
689
709
720
743
771
750
694
646
630
630
632
617
571
495
432
404
381
323
261
236
233
204
149
112
83
33
-9
-9
-2
-62
-137
-108
-65
-124
-203
-204
-176
-196
-232
-207
-168
-187
-240
-263
-239
-222
-250
-280
-262
-246
-276
-313
-321
-340
-405
-455
-446
-446
-499
-539
-515
-488
-520
-583
-603
-571
-541
-519
-466
-382
-330
-319
-286
-202
-122
-69
-5
103
206
265
311
373
420
435
466
530
575
576
585
620
642
624
601
588
581
579
582
588
553
484
426
409
405
378
322
258
201
149
122
106
75
21
-20
-49
-86
-126
-142
-128
-123
-150
-193
-224
-238
-221
-190
-169
-166
-190
-205
-219
-221
-209
-189
-182
-212
-260
-279
-274
-275
-293
-323
-345
-350
-353
-364
-384
-400
-395
-376
-373
-390
-392
-363
-323
-298
-301
-312
-299
-255
-193
-134
-95
-71
-44
3
68
136
198
252
281
305
352
435
509
529
504
478
482
512
547
575
574
527
476
435
411
382
375
372
335
276
247
246
208
143
84
72
56
55
71
70
22
-44
-75
-79
-75
-77
-65
-70
-105
-161
-192
-202
-214
-222
-232
-253
-303
-352
-377
-369
-371
-387
-409
-426
-435
-427
-403
-397
-421
-438
-413
-375
-342
-315
-294
-299
-297
-253
-179
-116
-94
-70
-31
13
50
104
150
166
180
228
312
366
353
301
295
345
410
466
466
396
343
339
360
390
385
348
315
290
246
228
251
267
243
196
120
80
127
192
193
119
19
-55
-39
37
64
34
-27
-119
-181
-167
-122
-92
-105
-172
-244
-256
-239
-229
-231
-258
-292
-288
-275
-289
-316
-356
-373
-333
-305
-327
-327
-325
-333
-303
-264
-258
-257
-217
-166
-107
-61
-60
-82
-64
5
85
158
194
192
191
174
160
204
277
334
353
337
302
274
255
258
269
259
252
291
351
311
175
99
119
129
156
223
233
129
17
-7
28
30
38
94
59
-88
-146
-88
-55
-59
-80
-101
-113
-161
-164
-79
-65
-117
-63
-15
-63
-109
-128
-96
-53
-105
-161
-113
-93
-153
-177
-212
-258
-235
-210
-170
-130
-188
-259
-269
-274
-220
-102
-65
-59
-25
-55
-75
-19
55
156
196
144
144
197
202
180
152
133
178
232
232
222
175
85
63
112
136
110
100
74
29
15
7
55
68
34
73
73
14
5
4
15
70
87
76
60
5
-33
-55
-73
-27
28
99
121
-17
-143
-150
-123
-4
127
57
-87
-119
-61
-34
-84
-69
-60
-157
-118
-17
-90
-176
-107
-59
-162
-222
-87
0
-124
-182
-118
-70
-36
-59
-53
5
42
48
33
-3
-57
-20
161
250
64
-41
87
109
40
39
111
116
37
70
158
74
-11
53
79
139
144
-9
38
112
46
35
19
12
29
26
47
3
-153
-93
102
19
-90
-70
-87
-18
59
20
-84
-158
-39
32
-6
15
1
-26
8
-31
-79
-19
14
12
40
13
-58
-66
-81
-117
-57
-26
44
13
-120
-143
-153
-8
-70
-101
36
5
33
-43
-107
-81
29
145
105
112
-9
-24
77
101
113
43
79
117
115
86
-6
-24
71
105
54
105
18
-50
43
43
68
25
-26
-7
38
61
-17
-35
-48
-30
6
-46
-26
-46
-74
-59
8
-35
-155
-29
4
-66
-33
1
-17
-24
-5
-53
-60
0
43
-39
-57
15
-31
-38
-43
-14
-11
-5
45
-23
-32
25
-2
-43
58
32
-30
32
51
18
-46
-21
20
35
27
15
27
-6
20
37
50
46
22
34
45
8
-36
-23
34
69
5
7
39
7
11
-43
-18
28
2
19
30
22
-30
-48
-47
-30
38
1
-18
23
6
-17
-4
-17
5
3
-8
25
20
-25
-28
1
4
11
-4
-15
-11
3
-14
-31
4
-12
-17
-13
-8
-36
-38
-1
-12
2
-14
-29
-7
4
4
-16
-13
-4
14
-15
20
18
-6
8
-4
5
7
46
17
17
-5
-24
8
28
19
14
8
5
-2
1
1
2
-2
1
27
14
9
-19
-8
17
21
-11
-1
21
3
-7
-3
-3
-1
-4
-8
1
11
-4
-1
9
-4
7
-1
6
17
10
-11
-6
6
-7
-5
-4
-4
3
3
-8
-12
2
1
-7
-7
-12
-19
-11
-3
-7
-7
-8
-9
-3
-12
-22
-4
0
-1
-2
1
-5
0
0
-4
-10
-22
2
20
12
25
0
-8
-2
2
15
9
8
19
5
6
8
1
-1
11
13
18
12
9
5
1
6
9
-1
7
17
3
10
16
9
-3
1
3
-12
-7
-11
1
7
-1
-11
-7
-2
-18
-20
-6
-1
-5
-7
-7
-12
-17
-13
-14
-10
-13
-7
-2
-8
-6
-5
-7
2
-4
-11
-1
-6
-7
11
17
3
-5
-6
2
6
4
7
9
16
14
11
8
9
12
11
19
17
10
2
4
11
4
5
8
9
14
15
2
-8
-11
0
17
19
-3
-16
-7
-8
-9
-14
-15
1
0
-10
-7
-4
-11
-5
-1
-2
4
7
-10
-7
-1
-6
-11
-1
11
-11
-18
-9
-10
-6
11
10
6
-4
-15
-5
-1
-2
6
7
-12
2
-2
-29
-15
-12
0
26
22
11
20
-2
-7
7
17
17
13
6
-4
1
-13
-19
1
-7
-3
-3
2
7
-13
-13
13
20
0
4
11
3
-8
7
10
0
14
0
7
-11
-17
2
17
19
9
9
0
-2
-5
6
4
15
6
5
7
-16
-14
-10
3
1
-9
-15
-7
-3
-7
-4
-4
0
3
12
-5
-17
-1
10
10
-3
-8
-3
-3
-2
8
-3
-15
-2
7
1
-1
1
-2
-2
-4
-6
11
16
11
6
-8
-11
-9
4
8
7
3
5
6
-2
-11
-1
8
0
2
1
-9
-9
-2
-12
-12
-5
0
-1
0
-2
-6
0
1
8
7
12
6
8
6
3
-3
-4
-5
-2
5
1
3
-4
-3
-9
-4
3
5
9
-1
0
-8
-10
1
7
1
-1
4
-1
-4
1
1
-3
-3
-1
7
8
8
3
-1
0
1
0
2
8
-1
2
4
-2
-6
-5
-5
1
1
3
7
-4
-5
1
2
-1
1
5
2
-3
-11
-1
1
0
0
2
1
-1
-2
1
5
0
-2
-4
-3
3
3
-3
-3
-1
-1
2
-6
-5
2
1
-2
-9
-1
4
-1
1
1
-4
-2
-3
-2
4
1
-1
1
-1
3
1
-8
-1
4
0
3
2
3
4
0
-1
1
0
4
7
0
6
7
-6
0
4
0
4
2
1
1
-5
-2
0
0
1
-2
-6
-7
-2
5
8
4
3
2
-8
-9
0
5
5
5
1
0
-4
0
0
4
5
2
-2
1
4
-8
-10
-2
2
0
-3
0
1
-9
-7
2
4
-4
-2
-1
-5
0
4
5
0
-8
0
4
4
2
0
-2
-8
-10
-5
-3
7
7
1
-1
-6
-4
6
4
2
10
7
7
16
3
-4
5
1
-4
-5
2
2
4
3
-3
-10
-12
-3
2
-1
0
0
-3
-3
2
7
3
-5
-3
-2
-6
1
5
-1
2
1
-1
-1
-4
0
5
5
0
-2
-1
5
-3
-9
-1
0
2
2
0
-1
-5
-5
2
4
1
4
3
-2
1
2
0
2
6
1
-3
-4
-1
-2
1
3
1
2
3
5
0
-1
2
2
0
2
3
0
-4
-6
-5
-2
2
2
4
3
-2
-2
3
-3
-4
1
-2
-2
-4
1
0
-5
-2
-1
-5
-3
4
3
-1
0
0
5
3
-1
-6
-6
0
2
-1
-1
3
4
1
-3
-4
-2
-1
1
5
5
-1
-1
-4
-4
-2
0
0
5
1
0
-5
0
2
5
7
-3
-2
1
5
4
4
5
5
1
2
-1
0
3
5
0
-1
0
-5
-2
1
-2
-3
-2
1
-5
-2
-2
-1
-3
2
1
-3
-5
0
-2
2
-1
1
-1
-1
-2
-3
-1
2
4
1
-3
-2
4
-4
0
-2
-2
4
1
2
-7
-5
-5
2
8
8
3
0
-2
-5
-6
1
4
11
8
-3
-2
-4
0
-3
-1
3
5
11
1
-7
-2
-3
4
6
6
1
1
-1
-5
-1
0
0
5
5
1
-2
0
-2
-2
-1
-3
3
3
-2
-1
-3
-3
-2
-2
-2
-1
1
0
