-2
1
-2
2
6
1
0
2
3
2
7
5
3
0
-3
-1
-6
-5
1
0
2
2
1
-2
-6
-6
2
6
3
3
3
2
-2
-2
-2
-4
3
3
1
3
0
0
0
0
2
1
2
4
-2
-1
-4
-1
2
1
2
-5
-4
-4
-2
-1
-4
-5
-3
-3
0
1
0
-3
0
3
5
2
-3
2
0
3
4
-3
-2
-2
-1
1
1
-1
6
6
2
1
-1
-3
3
2
2
-2
-3
0
0
2
-4
-3
-5
-4
-1
-1
-2
-3
-1
-2
-1
2
-1
1
-1
1
5
1
7
6
-1
-2
1
1
-2
2
1
1
3
4
0
0
-3
1
-1
1
0
3
6
0
1
-5
-4
2
2
1
-2
-5
-3
-1
-1
0
-6
-2
3
1
1
-3
-4
0
2
0
0
3
0
1
2
0
0
0
1
-2
-7
-3
4
2
2
1
-2
-1
-6
4
3
-3
-3
2
-1
-3
2
0
4
-1
1
0
-1
4
4
2
1
4
4
-5
-6
-2
4
3
2
-1
-1
-3
-2
2
0
-2
-1
0
0
4
0
-1
-1
-3
-6
0
-5
-6
5
3
0
-6
-6
0
1
-5
-6
3
7
1
5
5
5
-3
-5
1
2
5
6
1
-3
2
6
1
-3
4
5
0
-4
0
-2
-1
2
0
3
2
-1
-10
-6
-3
1
4
-4
-6
-2
-1
0
2
0
-9
1
3
-1
-1
7
3
0
-1
1
0
-6
0
3
2
-1
1
5
-4
-2
2
0
3
-3
1
4
1
5
6
2
-4
-1
-3
-4
10
6
-3
-4
3
-4
-4
1
3
2
5
-2
3
-2
-5
-2
-6
-2
-10
-6
-3
5
1
-7
-10
-1
7
4
-5
-4
1
-2
4
2
10
8
7
-5
-12
-10
3
4
4
2
18
-7
-13
9
-10
14
-5
3
-1
15
8
6
-16
-10
7
-20
-6
5
-8
4
32
12
4
-10
14
6
-64
-46
22
8
-2
23
43
18
7
11
-29
-26
10
-27
-29
29
-13
-33
11
0
49
39
32
-20
-11
-21
-11
-44
-46
-15
31
102
9
-52
-46
67
11
14
-16
-2
-30
-55
-12
27
55
-7
16
5
-47
3
44
-7
-84
9
20
-22
32
40
50
-56
-47
-7
75
-34
-54
37
4
69
-44
-37
-38
11
17
-47
52
22
3
-51
-10
-6
66
86
-105
-9
11
13
-42
-10
3
27
70
-5
76
-86
-30
75
-61
-116
1
124
-39
-1
88
112
-59
-191
0
34
-92
118
122
-11
-50
-92
-22
156
74
-156
19
-37
-39
-88
100
-62
63
230
-34
-88
-62
35
-116
-136
127
-19
97
167
4
-105
-42
92
-264
-57
14
9
132
238
209
-295
-135
39
-29
-41
-172
-38
204
157
-63
-36
191
61
-204
-131
4
-101
3
73
338
-191
-43
313
-133
-278
-139
51
43
29
59
194
34
-14
12
-32
-304
-104
195
83
123
-134
-204
118
98
190
-209
-112
245
25
-5
-81
-172
45
64
-61
36
30
57
-120
200
45
-113
13
-76
110
-156
-115
59
76
61
98
44
-135
-77
-318
144
392
147
148
-442
-335
28
194
23
34
16
29
-15
-290
169
162
-31
-26
202
253
-368
-252
-76
19
208
121
42
-4
88
-151
27
68
-174
105
79
-188
-162
-58
-107
404
159
-143
3
-271
-217
238
159
-30
-162
132
-35
36
277
-69
-87
-391
-354
136
532
-152
68
340
229
-109
-196
9
-136
-9
28
48
-4
-87
33
222
-73
-185
-95
-75
-247
-39
326
241
-147
-104
-61
281
223
-278
-150
154
91
145
77
-303
-17
-3
-84
381
216
-116
-104
-7
-330
-250
161
68
-152
140
206
102
-57
-292
-57
17
-25
-105
71
84
13
212
-202
101
-99
-58
76
-73
-77
61
206
174
-2
-240
-178
314
106
-14
-237
-371
158
102
220
52
39
-106
-20
102
-309
152
-157
-189
59
-20
136
279
-50
-72
384
-43
-69
118
-38
-285
-164
85
-29
-141
-116
649
-15
-111
-16
-49
-114
-163
-224
-57
226
-48
-14
350
224
73
-236
-378
76
118
203
82
68
62
-246
-287
-23
199
108
-115
-66
-112
-194
81
151
182
-210
-120
125
178
106
95
-22
-12
-171
-182
-130
28
84
98
182
-175
-108
207
85
42
111
-147
-345
-259
167
157
84
195
273
92
-85
-55
-229
-498
-239
31
323
401
-74
117
53
-12
-31
-186
-110
74
149
91
92
-276
-77
-119
-152
-55
149
70
33
19
-23
170
136
31
-79
34
-58
-87
-48
124
60
-201
122
117
8
-87
-36
-178
-209
136
167
-51
-11
155
95
-120
-24
31
25
-83
-85
54
-71
-113
79
186
-2
-71
100
-129
2
105
43
55
-66
-116
-191
-100
-146
65
45
61
203
146
-38
-172
16
-20
114
-23
-19
136
19
-78
-82
-28
84
159
32
-18
87
-25
-99
-109
-10
-14
-84
-108
52
136
13
-106
-90
-31
-37
152
90
-6
133
94
-22
-11
46
65
91
-23
-94
-60
-74
4
76
65
-29
-34
-8
-14
-78
-108
-66
-47
-102
-29
41
27
47
74
19
-11
5
1
-56
-66
-14
30
76
51
71
39
5
-23
-100
-113
-54
-21
-2
47
5
-4
26
17
-33
-20
-23
-39
-37
-5
37
34
28
33
40
46
36
30
21
13
8
-2
-6
18
20
-5
-6
-6
-5
17
51
41
40
33
53
19
-22
-21
-11
-22
-23
-15
3
5
4
-3
-43
-42
-42
-38
-38
-52
-35
-31
-37
-35
-42
-50
-88
-89
-42
-25
-12
16
62
88
73
69
109
99
49
53
51
-8
-41
-37
-34
-33
-39
-3
-33
-97
-92
-78
-50
-10
44
76
160
170
124
100
117
131
85
9
74
82
50
61
75
47
26
20
-21
-104
-129
-103
-164
-242
-238
-118
-139
-293
-268
-139
-170
-202
-130
-132
-126
-110
-109
-93
-68
-129
-153
-120
-134
-107
-70
12
47
135
182
255
307
264
211
246
253
202
289
369
370
383
458
491
515
539
576
629
627
582
557
532
452
375
357
329
233
127
78
1
-109
-159
-235
-456
-723
-915
-1110
-1278
-1449
-1695
-2131
-2600
-2970
-3168
-3244
-3048
-2473
-1655
-744
240
1201
1915
2330
2516
2432
2106
1677
1261
839
503
300
222
233
310
397
524
722
978
1311
1675
1986
2312
2560
2567
2450
2272
1880
1302
739
239
-78
-129
-46
93
407
778
1138
1683
2122
1167
-1520
-4505
-6599
-8135
-9350
-9627
-8412
-5966
-3155
-568
1834
3725
4494
4199
3475
2627
1795
1034
423
51
-97
-305
-857
-1480
-1797
-1935
-2197
-2260
-1493
-96
1322
2613
3905
4764
4775
4213
3269
1856
374
-634
-1219
-1595
-1536
-1077
-430
76
513
1118
1919
2492
2738
2958
3245
3336
3074
2522
1941
1344
685
59
-150
-64
258
123
-1674
-4924
-7463
-8735
-10047
-10907
-9834
-7030
-3677
-258
3029
5625
6929
6695
5487
3872
2016
324
-954
-1857
-2542
-2791
-2652
-2228
-1874
-1863
-1792
-1091
-107
749
1775
3141
4290
4880
4874
4223
2946
1344
-177
-1353
-2103
-2301
-1884
-1138
-412
391
1171
1760
2138
2543
2845
2996
3139
3259
3191
2832
2278
1685
949
206
-263
-314
-243
76
157
-1756
-5147
-7588
-8383
-9527
-10385
-9178
-6107
-2695
605
3688
5958
6787
6156
4543
2711
740
-834
-1947
-2556
-2726
-2220
-1798
-2115
-2330
-1914
-1418
-1169
-204
1444
2885
4028
4966
5400
4816
3489
1858
145
-1411
-2471
-2685
-2733
-2526
-1419
112
1066
1615
2560
3083
3125
3072
2881
2529
2385
2399
2049
1728
1450
1059
652
201
-25
163
395
463
882
1386
-588
-4457
-7487
-8288
-9585
-10962
-9974
-6444
-2706
489
3608
6117
6934
6060
4255
2357
375
-1109
-2057
-2678
-2934
-2469
-1853
-2219
-2571
-2128
-1353
-867
459
2331
3805
4968
5904
5708
4390
2660
884
-960
-2367
-3053
-2954
-2424
-1779
-699
655
1628
2011
2347
2795
2853
2780
2591
2295
2053
1864
1670
1373
1278
1118
922
726
494
452
345
156
382
1334
1890
-424
-4810
-8349
-9416
-10378
-11507
-10194
-6183
-1881
1634
4930
7282
7680
6410
4127
1734
-345
-1765
-2646
-3261
-3334
-2752
-1766
-1873
-2641
-2411
-1032
212
1245
3282
5152
5885
5924
5611
4046
1373
-942
-2592
-3566
-3699
-2818
-1438
-346
571
1560
2466
2555
2159
2227
2458
2230
1849
1673
1441
1053
918
996
1087
1146
1173
1241
1135
868
635
320
267
728
1949
1107
-2944
-7704
-9826
-10326
-11665
-11411
-7769
-2614
1421
4759
7725
8883
7709
4918
1928
-552
-2485
-3434
-3896
-3868
-3242
-1810
-834
-1346
-2132
-1584
99
1440
2557
4517
5979
5992
5117
3990
1794
-882
-2780
-3744
-3854
-2980
-1371
295
1432
1954
2046
2072
1555
1002
1089
1535
1575
1459
1581
1539
1219
958
956
1143
1254
1426
1630
1774
1458
911
480
322
655
1704
1843
-1787
-7525
-10955
-11118
-11620
-11779
-8501
-2497
2537
5914
8658
9917
8427
4848
1018
-1935
-4021
-4826
-4623
-3974
-3239
-1665
-178
23
-890
-1433
-351
1606
3212
4142
5537
6283
5135
3118
1118
-1175
-3302
-4118
-3627
-2810
-1429
264
1823
2218
1894
1922
1752
942
405
1028
1564
1396
1390
1710
1685
1282
1246
1523
1494
1396
1584
1728
1215
679
371
114
265
1288
2485
231
-5445
-10592
-11629
-11358
-11821
-9612
-3746
2361
6276
8797
10066
8821
5224
807
-2628
-4750
-5629
-4976
-3747
-2680
-1486
195
753
91
-813
-825
506
2397
4006
4713
5379
5214
3348
723
-1529
-3215
-4268
-3869
-2278
-487
1328
2359
2168
1562
1300
1060
390
439
1049
1524
1598
1680
1618
1449
1242
1046
1142
1387
1586
1586
1501
1104
567
302
16
-263
381
1794
3368
1661
-3857
-10108
-12342
-11709
-11783
-9988
-4336
2589
6926
9156
10176
8981
5096
104
-3790
-5654
-6076
-5011
-3433
-2054
-889
669
1455
572
-545
-865
-75
1584
3339
4444
4562
4495
3236
747
-1493
-2655
-3117
-3139
-2031
-141
1531
2438
2475
1989
1139
202
-220
-96
143
606
1437
1995
1731
1546
1651
1353
990
1133
1542
1641
1550
1477
1122
874
548
572
1062
2497
3682
681
-5999
-11945
-12835
-12202
-11940
-8864
-2150
4362
8022
10024
10421
8048
3326
-1542
-4777
-6246
-6173
-4684
-3085
-1934
-689
953
1294
226
-641
-133
775
2155
3700
4729
4615
3669
2100
-176
-2051
-2877
-2947
-2570
-1223
735
2191
2351
1368
615
255
-190
-525
142
1345
1814
1898
2177
1934
1291
954
936
947
1139
1471
1641
1639
1385
989
781
820
675
1178
2421
4316
3127
-2918
-10309
-14100
-13434
-12915
-11039
-5346
2203
7369
9937
10943
9633
5273
-279
-4475
-6322
-6602
-5327
-3396
-1733
-591
681
1594
859
-343
-376
753
1685
2595
3790
4348
3594
1970
344
-1243
-2392
-2492
-1755
-737
577
2042
2642
1731
257
-556
-806
-875
-575
829
2126
2333
1983
2013
1899
1294
978
1116
1258
1392
1558
1753
1485
933
522
655
653
839
1767
3395
4721
938
-6470
-13400
-15092
-13915
-12762
-8588
-1209
5818
9623
11329
11095
7812
2208
-3093
-6330
-7310
-6626
-4459
-2436
-957
122
1448
1605
448
-279
504
1746
2493
3208
3899
3833
2547
781
-680
-1861
-2368
-1911
-893
138
1263
2220
2105
888
-406
-834
-647
-373
453
1965
2930
2440
1481
1175
1033
824
538
970
1288
1104
798
603
379
21
207
753
1307
1862
2689
3231
3913
4193
-109
-8205
-15453
-16709
-14399
-11962
-6999
649
7602
10871
11723
10741
6960
1031
-4238
-6985
-7404
-6336
-4016
-1783
-651
101
1329
1804
992
440
1379
2767
3143
3002
3002
2505
1083
-564
-1638
-2057
-1789
-849
308
1217
2041
2438
1805
761
-197
-654
-773
-454
366
1442
2229
2060
1418
1161
1283
1195
962
937
997
921
907
1011
1143
1131
934
1183
1574
1964
2350
3253
3573
-1351
-9519
-16182
-16591
-14083
-10807
-4922
2865
9302
11877
12107
10180
5626
-505
-5541
-8035
-8003
-6241
-3440
-1353
-334
242
1354
1497
746
542
1906
3386
3655
2949
2372
1698
247
-1408
-2388
-2146
-1372
-251
1077
2210
2796
2860
2055
731
-764
-1656
-1719
-1271
-124
1302
2419
2234
1196
888
1318
1592
1300
1299
1374
984
514
234
87
-151
70
697
1570
2510
2858
3160
3007
3528
2109
-4264
-12811
-17925
-15957
-12177
-7810
-1443
6064
10902
11811
10697
7789
2516
-3390
-7312
-8070
-6888
-4564
-2008
-409
-51
396
1356
1411
1052
1503
3108
3917
3340
2081
1191
130
-1238
-2217
-1874
-797
418
1649
2760
3141
2725
1702
230
-1530
-2713
-2624
-1690
-412
1034
2560
2827
2299
1876
2005
2014
1810
1616
1131
305
-469
-842
-851
-600
151
1229
2141
2867
3342
3566
3277
3121
2742
-2427
-11299
-18254
-17788
-13204
-8538
-2479
5042
10779
12156
10851
8054
3350
-2487
-6707
-7949
-6954
-4877
-2254
-698
-577
-861
102
1102
1402
2004
3821
5347
4897
3001
799
-812
-2123
-2742
-2472
-1212
573
1939
2628
2769
2375
1517
158
-948
-1602
-1854
-1371
-274
1030
2087
2706
2779
1812
849
993
1523
1520
930
543
-61
-790
-1223
-899
-344
399
1606
2849
3621
3883
3361
2598
1617
1930
81
-7073
-15547
-18733
-14399
-9341
-4315
1932
8687
11438
10284
7745
4337
-601
-5251
-7147
-6465
-4628
-2290
-280
132
-682
-725
607
1427
1982
3321
5280
5368
3368
630
-1484
-2981
-3487
-2719
-1000
827
2436
3315
3255
2332
1345
318
-638
-1187
-1280
-1351
-1204
-356
864
1798
2082
1978
1730
1584
1619
1801
1644
1129
235
-350
-905
-1157
-696
226
1031
1682
2472
3271
3401
2730
2125
1905
2117
-1812
-9985
-17334
-17795
-12623
-7337
-1724
4565
9999
10944
8856
5602
2003
-2255
-5267
-5823
-4448
-2466
-722
-98
-980
-2128
-1753
-259
1259
2820
4617
5712
4888
2810
176
-2120
-3625
-3382
-1731
353
1962
2827
2830
1874
608
-93
-188
-50
116
428
322
-379
-609
-128
626
846
1324
2096
2794
2799
1835
670
-337
-1033
-1734
-1733
-872
276
1459
2270
2668
2808
2873
2817
2190
1241
499
732
1455
-2544
-11195
-18205
-16910
-10636
-5021
251
6447
11081
10673
7258
3354
88
-3087
-4593
-4055
-2430
-1042
-310
-952
-2820
-4155
-3163
-756
1541
3665
5848
6751
5486
2821
290
-1673
-3015
-3033
-1790
80
918
1230
1317
1299
653
353
791
1168
864
250
-320
-1236
-1851
-1124
625
1696
2001
2668
3529
3206
1691
453
-430
-1271
-1647
-1181
-343
208
780
1329
1997
2605
2952
2686
1729
489
-273
-84
1410
1900
-3291
-12230
-17625
-14264
-7619
-2617
1715
6819
9598
7632
3742
942
-547
-1910
-2337
-1491
-322
-292
-1213
-2933
-4744
-5064
-2873
468
3410
5578
6795
6137
3857
1008
-1095
-2143
-2003
-990
-38
277
-582
-1446
-1053
1
577
910
1721
2039
1327
623
362
106
-69
748
1745
1634
851
742
1266
1113
523
688
933
122
-924
-1084
-775
-719
-410
586
1921
3003
3523
3205
2009
771
-107
-31
663
2208
328
-7289
-15729
-17011
-10870
-4830
-924
3214
7635
8180
5002
1592
572
244
196
489
1152
614
-1321
-3651
-5672
-6471
-4892
-1226
2515
4707
5349
4879
3434
1701
399
126
469
1055
1317
892
-418
-1962
-3117
-3260
-1893
464
2028
2389
2275
2180
1466
655
605
760
1143
1242
1025
488
523
876
860
567
456
294
-181
-886
-1348
-1088
-506
70
669
1545
2006
1945
1849
1701
1328
1259
1393
1394
1237
1997
-79
-7770
-16249
-17170
-10064
-3403
45
2932
6085
6103
3007
673
963
1910
2390
2650
2581
742
-2380
-4997
-6503
-6710
-5067
-1452
2189
4117
4477
3961
3223
2739
2667
2704
2285
1565
754
-321
-1847
-3380
-3981
-3181
-1237
1001
2269
2251
1872
1810
1731
1370
1268
1845
2281
1584
-68
-1256
-1094
-185
637
1071
1210
865
12
-1046
-1513
-1281
-592
233
1075
1761
2090
2296
2535
2293
1883
1484
1303
1199
1429
1375
-3119
-11680
-17690
-14720
-6802
-1569
719
3267
5362
3954
767
-50
1762
3575
4142
3857
2492
-726
-4126
-6001
-6124
-5064
-2736
348
2362
2613
1920
1383
1562
2549
3958
4624
3863
2340
970
-239
-1641
-2876
-2931
-1815
-264
473
45
-613
-527
335
1315
2207
2920
3321
3175
1991
301
-453
12
503
263
-257
-800
-1345
-1608
-1367
-765
165
1079
1763
1944
1497
1077
1257
1891
2191
1903
1420
969
242
-202
28
772
-2555
-10243
-15524
-12227
-4620
-995
-523
755
2468
1627
-211
327
2874
4715
5269
4727
2912
-754
-3820
-4704
-4125
-3458
-2368
-602
511
322
-323
-288
783
2942
5324
6396
5191
2965
1265
311
-770
-1947
-2482
-2183
-1811
-1721
-1817
-1628
-902
531
2412
3570
3662
3283
2933
1898
294
-354
376
1083
787
-114
-1008
-1745
-2078
-1580
-648
186
508
674
869
891
984
1573
2382
2673
2414
1898
1633
909
386
248
1118
-700
-7953
-15416
-15253
-7673
-2043
-1008
-478
1405
1887
662
778
3186
5299
6055
5543
3977
546
-3157
-4703
-4111
-3092
-2427
-1593
-807
-629
-962
-1017
-131
1935
4535
6328
5889
3826
1816
975
592
-16
-872
-1544
-1839
-1812
-1901
-2358
-2644
-1530
851
2346
2261
1974
2535
2862
2407
2106
2313
2438
1707
218
-1381
-2613
-3168
-2643
-1344
-317
54
123
439
771
1218
1899
2661
2970
2694
2065
1674
1076
411
83
614
193
-5407
-13209
-15217
-8485
-1662
-826
-2028
-1311
-259
-636
-227
2530
5284
6392
6122
4985
2423
-980
-2695
-2130
-1060
-1141
-1980
-2677
-3055
-3134
-2677
-1562
367
2826
4873
5313
4068
2664
2351
2856
2912
1874
419
-1020
-2049
-2777
-3294
-3524
-2930
-1081
749
1445
1283
1547
2222
2549
2777
3254
3520
2944
1641
236
-1142
-2176
-2601
-2371
-1825
-1735
-1751
-1575
-793
476
1764
2723
3228
3485
3229
2495
1988
1878
1657
1481
1602
951
-4411
-12607
-15756
-9874
-2691
-1598
-3438
-3388
-2215
-1723
-419
2564
5140
6168
6245
5597
3654
830
-643
-360
259
-390
-1920
-3385
-4062
-3859
-2997
-1802
-425
1103
2619
3360
3059
2443
2645
3604
4256
3723
2199
585
-658
-1765
-2675
-3097
-2848
-1944
-712
-63
-152
172
1256
1943
1993
2359
2961
2921
2214
1426
592
-266
-782
-879
-893
-1225
-1762
-1909
-1517
-635
297
1301
2099
2476
2301
1880
1661
1803
1878
1782
1637
1895
42
-6100
-12164
-11196
-4593
-1540
-3867
-6129
-5656
-4393
-2812
-38
2784
4233
4926
5328
5150
3786
2504
2246
2550
2286
948
-1040
-2808
-3476
-3166
-2869
-2885
-2595
-1507
-46
1010
1609
2110
2879
3719
4041
3542
2627
1906
1430
924
-68
-1193
-1916
-2020
-1984
-2048
-1695
-699
343
777
1179
2005
2571
2393
1938
1597
1368
1084
815
510
110
-605
-1253
-1563
-1507
-1020
-227
574
935
857
595
681
1390
2165
2476
2140
1934
1554
-2004
-8066
-10261
-5476
-1037
-2626
-6170
-6755
-5476
-4062
-1918
551
1717
2154
2892
3819
4071
3822
3775
3822
3443
2362
698
-982
-1805
-1475
-1129
-1731
-2700
-2941
-2200
-1157
-476
-55
556
1580
2591
3028
2795
2368
2241
2082
1595
951
462
218
105
-138
-479
-482
-187
-259
-470
-134
491
636
404
373
470
582
781
1039
1063
798
334
-100
-298
-190
-10
189
390
498
377
320
483
949
1465
1519
1305
1499
921
-3309
-8168
-7355
-1837
-344
-4559
-7805
-7008
-5099
-3249
-1013
576
504
527
1615
2998
3688
3963
4363
4543
3941
2483
806
-238
-396
-246
-768
-1917
-2611
-2207
-1157
-518
-528
-626
-397
228
949
1477
1744
2006
2379
2434
2115
1652
1283
1088
937
451
-84
-35
196
-141
-499
-139
250
37
-277
-334
-265
-168
132
346
380
263
72
111
392
793
1152
1362
1401
1069
921
952
1105
1172
761
170
-68
595
-698
-5495
-8642
-5290
-170
-1487
-6386
-7653
-5484
-3598
-2137
-339
42
-894
-593
1155
2845
3337
3535
3963
4275
3896
2946
2108
1838
1724
1193
-194
-1744
-2510
-2064
-1170
-905
-1414
-1829
-1529
-742
4
522
976
1416
1751
1803
1853
2197
2498
2378
1715
1034
896
1151
998
320
2
96
-129
-682
-1014
-967
-776
-421
-7
110
-115
-341
-201
169
522
893
1174
1316
1320
1278
1161
1288
1635
1937
1736
1262
947
432
-2771
-7328
-7627
-2756
-737
-4879
-8718
-7728
-5218
-3501
-1900
-853
-1298
-1336
360
2560
3587
3530
3469
3704
3829
3542
3172
3066
3142
2849
1727
23
-1169
-1331
-851
-836
-1631
-2614
-2776
-1950
-936
-441
-409
-364
-41
401
693
1104
2052
2968
2764
2051
1839
2191
2504
2444
1780
982
657
369
-154
-445
-703
-1271
-1590
-1414
-1314
-1406
-1231
-890
-345
159
532
771
1003
1022
1155
1690
2297
2439
2361
2042
1609
1284
1291
-425
-4509
-6769
-3803
-612
-3204
-7923
-8488
-6092
-4327
-3139
-2355
-3021
-3611
-1931
678
2170
2508
2822
3205
3696
4152
4269
4120
4174
4273
3788
2421
1193
996
1490
1142
-415
-2178
-3150
-3041
-2457
-2280
-2713
-3091
-2622
-1351
-93
324
455
1123
1953
2368
2569
2847
3193
3397
3123
2392
2030
2073
1947
1497
914
-57
-1137
-1577
-1528
-1748
-2111
-2067
-1666
-1395
-1092
-675
-155
274
855
1608
2158
2239
2020
1715
1533
1789
2000
-196
-3660
-3801
-236
374
-4054
-7356
-6365
-4534
-3919
-3796
-4439
-5823
-5378
-2901
-732
-12
307
964
1845
2916
3889
4365
4538
4786
4928
4365
3395
3016
3469
3746
2770
880
-607
-1016
-910
-1205
-2196
-3328
-3746
-3151
-2285
-1997
-2295
-2261
-1286
77
1014
1489
1821
2175
2487
2752
2986
3237
3197
2865
2645
2427
1813
1143
839
449
-408
-1268
-1670
-1640
-1507
-1456
-1555
-1676
-1639
-1207
-507
-38
-68
73
719
1486
2191
2700
1079
-2513
-3487
45
2004
-1473
-5192
-4526
-2658
-2683
-3226
-3659
-4903
-5302
-3422
-1488
-1462
-1943
-1431
-470
369
1273
2219
2936
3499
3942
4024
3753
3778
4405
4882
4171
2580
1428
1335
1540
1132
34
-1270
-2066
-1968
-1626
-2120
-3052
-3133
-2331
-1713
-1533
-1274
-679
32
672
1125
1685
2421
2911
2912
2805
2679
2430
2321
2413
2041
1109
245
-79
-71
-129
-595
-1148
-1389
-1347
-1312
-1222
-1126
-1084
-1069
-815
-279
214
473
832
425
-1888
-3575
-1155
2185
517
-3963
-4765
-2416
-1487
-1866
-1949
-2893
-4374
-3725
-1573
-935
-1756
-1763
-826
-62
464
1126
1641
1955
2371
2806
2860
2942
3683
4524
4179
2828
2033
2334
2778
2496
1439
-15
-946
-801
-379
-887
-2112
-2949
-2769
-1942
-1430
-1708
-1976
-1346
-330
274
645
1158
1511
1702
2002
2185
2002
1969
2240
2126
1502
982
872
856
787
441
-17
-245
-65
-44
-341
-808
-995
-936
-646
-439
-435
-570
-302
-495
-2443
-4350
-2608
798
173
-3682
-4705
-2329
-934
-1152
-1438
-2323
-3763
-3236
-1144
-405
-1584
-2185
-1459
-352
331
856
1226
1619
2123
2758
3010
2964
3238
3890
3821
2857
2167
2403
2706
2348
1330
124
-585
-343
26
-535
-1779
-2360
-1851
-1126
-1173
-1663
-1605
-799
-204
-266
-283
412
1185
1391
1237
1174
1191
1409
1875
2011
1487
987
1199
1672
1626
957
330
54
-7
-146
-245
-304
-242
-249
-428
-827
-1116
-1036
-445
-592
-2591
-4139
-2026
938
-468
-4269
-4679
-2206
-1024
-1276
-1765
-3019
-4119
-2910
-852
-668
-1860
-2117
-1268
-184
518
893
1123
1627
2265
2774
2920
2986
3298
3720
3524
2773
2327
2571
2872
2579
1580
416
-77
215
243
-715
-1869
-2057
-1492
-1117
-1190
-1323
-1305
-1056
-695
-486
-325
168
696
771
619
707
951
1237
1495
1450
1027
808
1180
1694
1701
1242
820
676
687
653
406
-75
-535
-732
-749
-747
-755
-712
-556
-709
-2101
-3681
-2770
138
429
-2614
-4398
-2948
-1646
-1753
-1958
-2466
-3805
-3637
-1645
-616
-1669
-2447
-1951
-915
84
1012
1363
1428
1811
2550
3023
3207
3442
3819
3849
3335
2755
2635
2710
2442
1731
885
296
216
327
-1
-799
-1370
-1388
-1137
-939
-919
-1189
-1442
-1350
-1013
-678
-258
21
-62
-83
397
936
1150
1264
1329
1178
1061
1353
1742
1772
1418
1115
951
886
779
601
210
-139
-334
-417
-569
-686
-737
-607
-925
-2345
-3477
-2101
124
-639
-3584
-4551
-3106
-2062
-1959
-2179
-3184
-4326
-3517
-1553
-1009
-1935
-2242
-1549
-531
463
1207
1281
1289
1843
2713
3134
3187
3287
3591
3659
3366
3096
3129
3155
2859
2178
1235
518
412
550
165
-716
-1359
-1234
-795
-833
-1316
-1465
-1154
-980
-1045
-938
-641
-471
-328
-115
67
215
637
1073
1115
900
1085
1560
1899
1865
1566
1102
926
1092
1129
680
196
-53
-259
-557
-739
-866
-854
-575
-794
-2276
-3247
-1757
26
-1225
-3764
-4049
-2734
-2190
-1999
-1958
-3077
-4232
-3159
-1335
-1255
-2148
-2058
-1402
-839
-10
897
1097
1123
1786
2614
2835
2841
3215
3653
3583
3130
2851
2954
3106
2957
2387
1601
1086
1164
1255
632
-434
-984
-817
-518
-709
-1274
-1598
-1412
-1280
-1421
-1348
-902
-598
-506
-380
-258
-110
398
1021
1127
814
861
1391
1772
1692
1476
1329
1235
1221
1154
766
242
67
67
-151
-503
-616
-557
-629
-1457
-2684
-2707
-1066
-478
-2248
-3853
-3301
-2412
-2352
-2332
-2544
-3637
-3891
-2379
-1219
-1767
-2327
-1797
-1071
-513
306
962
941
974
1617
2294
2439
2621
3191
3611
3426
3170
3232
3349
3223
2890
2258
1520
1255
1447
1282
438
-402
-609
-419
-476
-890
-1208
-1171
-1157
-1288
-1260
-982
-835
-851
-851
-765
-561
-43
554
776
556
380
618
1133
1522
1550
1331
1099
1097
1227
1235
958
634
340
179
103
16
-264
-543
-1175
-2240
-2601
-1425
-725
-2082
-3580
-3216
-2471
-2602
-2667
-2561
-3273
-3712
-2593
-1450
-1765
-2259
-1836
-1370
-1133
-430
408
644
832
1512
2135
2343
2657
3193
3427
3220
3030
3131
3334
3331
2974
2347
1739
1520
1651
1589
942
135
-213
-101
-48
-388
-965
-1279
-1152
-1004
-1150
-1269
-1145
-1037
-998
-790
-537
-416
-142
321
544
426
479
805
1117
1227
1214
1066
998
1118
1247
1058
731
499
394
214
-25
-248
-349
-671
-1538
-2294
-1792
-766
-1158
-2660
-3186
-2662
-2568
-2694
-2463
-2690
-3469
-3243
-2148
-1776
-2144
-1980
-1461
-1168
-711
99
539
553
912
1658
2140
2308
2673
3047
2963
2655
2766
3105
3238
3087
2741
2165
1775
1805
1786
1277
667
294
175
270
311
-182
-964
-1284
-1107
-986
-1003
-1002
-1109
-1235
-989
-494
-323
-397
-183
222
364
441
744
1025
1055
1089
1077
917
797
902
870
619
402
402
361
250
130
-96
-914
-1943
-1989
-950
-752
-2073
-3148
-2804
-2297
-2441
-2664
-2773
-3172
-3348
-2804
-2174
-2131
-2253
-1981
-1409
-830
-308
126
413
691
1135
1683
2085
2305
2499
2696
2692
2561
2665
3058
3249
2961
2517
2274
2200
2150
2005
1582
937
488
454
476
192
-281
-675
-928
-1025
-961
-908
-1043
-1250
-1265
-1031
-686
-420
-337
-361
-298
-74
167
360
561
743
750
660
657
770
787
701
579
516
482
479
341
130
-269
-995
-1644
-1314
-644
-1124
-2442
-2805
-2312
-2228
-2398
-2296
-2606
-3236
-2913
-2018
-1940
-2319
-1964
-1410
-1267
-935
-177
142
140
609
1345
1587
1685
2152
2612
2605
2508
2599
2686
2752
2880
2776
2302
1996
2123
2248
1939
1445
1009
717
553
453
179
-234
-567
-707
-793
-870
-930
-1017
-1131
-1131
-937
-694
-499
-373
-324
-368
-218
140
460
522
561
587
556
506
600
630
567
547
591
491
371
122
-618
-1357
-1069
-410
-974
-2257
-2556
-2127
-2186
-2389
-2312
-2657
-3260
-2907
-2015
-1959
-2456
-2320
-1736
-1304
-786
-117
139
110
476
1126
1402
1474
1821
2241
2327
2330
2493
2639
2678
2767
2728
2412
2142
2194
2233
1962
1533
1188
966
832
693
411
-25
-407
-539
-505
-592
-868
-1055
-1012
-902
-884
-913
-905
-811
-652
-484
-427
-403
-253
57
296
332
234
239
378
545
566
514
485
512
488
394
185
-4
-232
-696
-1225
-1100
-552
-732
-1731
-2284
-2141
-2024
-1952
-1711
-1937
-2613
-2678
-1917
-1431
-1567
-1647
-1366
-1056
-725
-256
117
205
362
809
1228
1357
1482
1777
1988
1992
2028
2217
2440
2576
2547
2287
1942
1781
1826
1791
1519
1143
933
925
864
527
78
-262
-451
-537
-506
-544
-747
-894
-812
-741
-786
-737
-554
-453
-424
-343
-248
-164
65
322
364
237
244
411
566
535
344
190
222
320
327
111
-486
-1131
-1038
-422
-574
-1657
-2312
-2064
-1820
-1884
-1875
-2057
-2599
-2701
-2074
-1600
-1709
-1785
-1520
-1196
-860
-430
-103
58
328
766
1086
1244
1498
1848
2024
2007
2004
2114
2298
2462
2425
2169
1941
1913
1945
1854
1613
1291
1030
891
785
593
305
-53
-354
-487
-488
-518
-629
-781
-897
-902
-768
-639
-599
-606
-613
-630
-564
-357
-117
23
110
197
245
259
362
529
569
444
330
308
276
199
170
33
-498
-1128
-1112
-580
-594
-1377
-1950
-1890
-1789
-1841
-1734
-1749
-2222
-2512
-2057
-1439
-1302
-1370
-1259
-1059
-793
-281
237
375
309
500
903
1173
1328
1618
1918
1974
1903
1966
2104
2128
2067
1989
1815
1603
1588
1691
1574
1194
861
709
627
546
425
188
-130
-342
-376
-366
-449
-602
-736
-782
-768
-759
-756
-729
-640
-478
-301
-191
-141
-65
56
150
182
200
294
427
459
344
202
154
182
242
247
-30
-600
-953
-727
-462
-833
-1535
-1841
-1777
-1763
-1772
-1729
-1917
-2272
-2249
-1778
-1415
-1383
-1361
-1152
-870
-536
-156
146
315
518
814
1035
1134
1331
1664
1864
1812
1737
1838
2028
2121
2039
1817
1604
1547
1603
1538
1291
1051
947
867
684
437
202
-30
-236
-343
-369
-444
-587
-658
-604
-583
-686
-749
-627
-454
-403
-395
-305
-161
-58
20
85
129
176
261
328
331
304
324
355
321
228
160
-9
-424
-817
-750
-501
-712
-1323
-1720
-1814
-1853
-1845
-1762
-1889
-2167
-2161
-1798
-1522
-1462
-1403
-1243
-1037
-703
-310
-34
141
425
758
975
1079
1255
1497
1705
1791
1790
1789
1908
2067
2086
1920
1762
1698
1671
1572
1410
1173
905
686
612
585
435
130
-131
-260
-317
-386
-490
-636
-707
-619
-486
-481
-522
-492
-444
-458
-434
-348
-250
-158
-32
82
131
150
179
230
295
332
309
245
198
201
220
60
-410
-888
-913
-666
-758
-1235
-1590
-1679
-1756
-1819
-1743
-1733
-1947
-2029
-1735
-1420
-1386
-1356
-1050
-699
-538
-410
-137
162
411
707
981
1076
1098
1324
1675
1827
1760
1726
1814
1910
1967
1961
1825
1611
1492
1457
1294
993
774
719
656
446
178
-11
-102
-148
-185
-273
-447
-598
-585
-500
-510
-582
-572
-501
-443
-351
-197
-105
-104
-82
-27
16
84
214
304
312
336
413
408
300
247
256
24
-497
-814
-629
-457
-833
-1447
-1725
-1719
-1741
-1763
-1751
-1872
-2048
-1989
-1745
-1588
-1477
-1268
-1076
-975
-782
-422
-71
213
537
822
958
1091
1370
1658
1786
1794
1768
1756
1815
1937
1964
1829
1648
1514
1406
1304
1175
975
757
613
520
364
153
-14
-118
-203
-282
-342
-403
-465
-488
-452
-421
-450
-525
-557
-501
-405
-343
-314
-260
-149
-24
67
107
132
198
290
332
318
308
289
236
195
111
-192
-623
-758
-578
-587
-991
-1386
-1523
-1590
-1649
-1612
-1634
-1847
-1968
-1771
-1524
-1478
-1455
-1241
-926
-623
-329
-82
106
346
661
896
999
1124
1363
1598
1715
1738
1735
1739
1777
1837
1845
1763
1619
1457
1290
1125
951
759
574
449
373
278
110
-92
-235
-296
-322
-382
-446
-456
-433
-423
-430
-445
-450
-414
-342
-279
-236
-178
-115
-66
-23
5
-6
30
166
268
229
170
180
169
123
97
-54
-429
-720
-664
-566
-807
-1206
-1412
-1464
-1517
-1544
-1528
-1593
-1717
-1709
-1536
-1366
-1280
-1164
-947
-713
-537
-354
-78
260
563
779
936
1082
1244
1406
1547
1679
1781
1800
1763
1746
1745
1679
1544
1405
1254
1076
929
828
679
468
309
225
108
-67
-189
-223
-246
-291
-327
-364
-414
-432
-397
-369
-377
-381
-354
-318
-277
-205
-138
-117
-106
-44
65
156
208
217
189
166
174
172
117
48
-42
-249
-522
-636
-567
-588
-845
-1146
-1307
-1394
-1481
-1509
-1494
-1550
-1662
-1669
-1525
-1345
-1192
-1035
-871
-704
-494
-238
12
256
510
747
942
1115
1281
1416
1547
1698
1790
1762
1681
1651
1644
1589
1502
1383
1204
1017
900
790
613
438
363
297
119
-86
-212
-262
-297
-313
-344
-419
-488
-491
-455
-417
-355
-295
-280
-278
-236
-177
-112
-21
65
88
71
77
89
74
82
137
131
-2
-117
-114
-142
-349
-605
-681
-625
-666
-873
-1103
-1244
-1296
-1307
-1317
-1348
-1394
-1430
-1410
-1291
-1110
-968
-890
-760
-518
-276
-135
-5
223
504
740
917
1056
1174
1302
1459
1588
1614
1586
1568
1554
1514
1442
1353
1235
1108
987
861
705
549
440
349
223
70
-49
-119
-184
-260
-326
-368
-389
-383
-359
-349
-352
-325
-282
-247
-222
-180
-126
-83
-49
-10
36
56
47
38
43
44
25
-19
-67
-116
-197
-345
-523
-638
-672
-710
-825
-985
-1108
-1176
-1214
-1244
-1272
-1282
-1257
-1194
-1124
-1064
-989
-866
-685
-476
-286
-137
6
187
401
592
741
881
1032
1158
1233
1284
1343
1399
1418
1391
1339
1282
1231
1173
1090
986
878
767
642
518
417
332
243
140
39
-46
-115
-172
-220
-264
-299
-315
-320
-329
-328
-303
-255
-217
-203
-190
-160
-110
-43
9
16
-18
-47
-46
-37
-49
-96
-168
-244
-299
-342
-407
-513
-623
-697
-737
-773
-825
-896
-961
-1000
-1010
-999
-984
-962
-914
-853
-782
-703
-608
-488
-353
-211
-73
67
207
354
496
625
738
839
930
999
1061
1102
1118
1113
1083
1037
991
946
892
826
742
654
568
492
430
364
290
212
147
101
61
16
-38
-88
-124
-142
-152
-165
-172
-175
-163
-140
-113
-89
-86
-91
-90
-72
-55
-58
-89
-135
-159
-171
-187
-223
-271
-306
-327
-345
-370
-405
-440
-473
-500
-525
-558
-603
-649
-681
-696
-702
-708
-715
-711
-680
-620
-548
-482
-417
-329
-218
-105
-13
62
150
254
352
421
461
498
553
607
647
667
681
692
700
706
707
701
688
663
630
599
563
523
473
416
367
327
289
253
215
179
146
120
102
87
73
58
36
15
1
-8
-19
-39
-66
-96
-119
-135
-157
-190
-230
-260
-285
-304
-324
-351
-384
-418
-445
-463
-476
-503
-535
-566
-589
-604
-616
-628
-639
-637
-627
-608
-580
-541
-499
-446
-389
-322
-247
-170
-93
-17
58
135
214
287
350
405
451
499
541
574
592
597
598
594
589
578
563
542
521
500
477
460
442
425
406
378
351
331
311
290
257
219
184
161
138
105
64
18
-11
-31
-54
-79
-117
-143
-156
-168
-189
-212
-231
-245
-257
-281
-306
-324
-329
-343
-370
-403
-419
-415
-415
-434
-454
-465
-460
-446
-442
-444
-444
-438
-419
-390
-358
-334
-316
-289
-244
-186
-139
-104
-65
-10
56
112
153
197
251
296
328
357
394
434
448
452
460
486
513
514
494
479
486
495
488
463
442
428
408
370
316
273
240
219
196
170
143
107
50
-20
-62
-64
-61
-65
-82
-102
-129
-178
-238
-272
-266
-255
-250
-269
-295
-309
-314
-333
-358
-362
-348
-325
-318
-328
-337
-342
-342
-334
-312
-294
-291
-306
-323
-321
-291
-245
-205
-159
-113
-76
-61
-66
-67
-36
29
106
169
217
241
232
201
182
203
265
338
383
390
373
344
318
297
294
317
351
381
391
372
324
265
219
205
215
235
238
219
187
145
106
60
18
-22
-46
-55
-59
-62
-75
-98
-134
-179
-223
-259
-274
-263
-235
-202
-184
-190
-222
-268
-303
-305
-281
-241
-199
-179
-170
-178
-197
-215
-229
-221
-198
-165
-132
-106
-91
-92
-98
-98
-84
-57
-24
-1
11
13
13
23
50
96
133
154
152
136
122
117
135
175
225
264
280
265
224
174
144
140
174
228
268
271
231
179
129
108
112
144
177
180
147
95
47
7
-11
-2
14
9
-28
-73
-109
-139
-153
-141
-122
-126
-153
-183
-194
-191
-191
-186
-164
-150
-162
-180
-191
-184
-169
-145
-99
-59
-73
-127
-161
-143
-103
-69
-37
-9
-15
-55
-73
-56
-34
-18
2
39
65
60
49
49
59
69
76
86
103
108
106
106
104
103
89
66
84
114
133
127
120
132
142
130
122
128
130
128
138
150
125
56
24
49
87
91
50
-5
-78
-145
-131
-55
0
-13
-69
-117
-146
-182
-199
-160
-118
-98
-99
-82
-65
-96
-140
-151
-101
-38
-7
1
-7
-25
-32
-13
32
53
21
-16
-23
2
19
21
21
14
2
-19
-37
-58
-72
-53
-11
26
22
-19
-61
-80
-83
-54
27
88
86
41
18
30
29
28
46
109
153
147
134
111
78
32
31
87
117
93
59
61
71
49
-5
-25
15
53
34
15
16
3
-3
-3
14
11
-26
-33
-35
-59
-88
-70
-29
-26
-68
-106
-83
-69
-90
-81
-62
-61
-58
-33
-31
-45
-46
-17
16
3
1
-1
-20
-50
-9
48
55
52
28
-37
-103
-97
-35
18
17
19
26
1
-58
-73
-60
-50
-5
60
88
77
70
55
16
-25
-16
32
52
57
90
87
68
74
58
12
-26
-12
25
77
86
50
20
13
36
20
-28
-14
43
29
-1
11
6
-50
-61
-10
13
-19
-30
12
-12
-78
-92
-43
-15
-13
-2
-8
-39
-61
-16
-5
-42
-39
2
27
-11
-18
-5
-1
-18
-13
16
-2
-14
-13
15
-6
-48
-29
-2
2
-27
-35
-36
-13
-8
4
4
-36
-41
-10
35
38
41
17
11
21
19
38
26
23
57
94
73
46
21
-11
-14
-3
32
57
41
3
0
-7
-37
-38
-36
-6
27
19
3
-8
-21
-31
-14
-11
13
20
2
10
8
-6
-29
-19
-6
14
14
-11
-11
-10
-1
0
-1
-12
-22
-16
-6
9
-4
-26
-22
7
17
4
-21
-40
-18
4
2
3
4
-8
-9
-15
-30
-27
-19
-13
4
17
17
11
-7
-10
2
6
1
22
44
38
16
6
12
17
19
20
14
11
4
3
10
2
-2
7
8
-4
-6
-10
-13
-2
2
6
-1
-20
-19
-3
7
-4
-9
-2
8
5
0
-1
-2
6
11
9
6
5
-9
-13
-9
-6
-4
-7
-9
-2
1
-6
-9
-3
-10
-16
-15
-15
-2
3
-4
-8
-6
-4
-6
-9
-6
-1
2
4
2
4
-1
3
9
4
-5
-5
5
15
18
9
15
19
20
28
16
6
14
28
27
12
6
6
7
-2
-6
-7
-1
-4
-11
-5
-11
-9
-13
-15
-11
-11
-8
-1
2
-6
1
-2
-5
-6
-8
-9
-5
2
4
-1
-3
-10
-6
4
-7
-8
1
2
1
1
-1
4
0
-6
-10
-10
-5
-4
0
1
-2
-5
1
4
2
-5
-6
6
8
4
-1
5
9
4
0
2
6
3
3
5
7
8
6
4
5
9
9
10
6
3
5
7
3
8
4
2
6
-3
-7
-4
-4
-4
-4
-2
-7
-5
-7
-9
-3
-3
-8
-7
-2
-4
-4
-1
-3
-4
3
4
3
8
5
4
3
3
1
5
2
5
3
2
-1
-4
-4
-8
-6
1
-2
-2
-6
-7
-3
-4
-9
-14
-12
-10
-7
0
3
4
0
0
1
-3
-4
-1
5
5
6
8
9
8
5
3
10
11
11
10
9
13
15
12
8
7
4
-1
-2
-1
1
2
-1
-7
-7
-4
-3
-5
-10
-9
-3
-2
-5
-8
-4
-1
-2
-6
-9
-8
-6
-7
-3
2
7
7
1
-1
1
8
7
4
-1
1
0
-3
-4
3
2
-5
-8
-8
0
-2
-6
-5
-4
-2
1
-2
-3
-4
-1
3
5
-2
5
7
7
2
-3
3
4
4
6
6
4
5
4
3
4
6
5
6
6
3
1
-5
-1
4
2
0
-1
-4
-5
-2
1
4
2
-8
-8
-2
-1
-5
-5
-3
-5
-3
-5
-5
-3
2
4
0
-1
-1
3
4
5
1
0
1
0
5
6
3
2
-1
-3
-5
0
0
-1
-1
-1
0
-2
-4
-8
-5
-3
-5
-5
-5
-4
-4
-1
-2
-2
-4
-4
-1
1
3
7
5
3
4
6
7
8
8
7
11
8
5
5
5
6
3
0
-2
-1
0
-4
-3
-4
-2
-9
-7
-4
-3
-1
-1
-2
-2
-2
2
2
-1
2
0
-1
-1
-2
-1
1
2
2
1
1
1
-1
2
4
1
1
3
0
-2
-3
0
0
-1
-1
-4
-5
-5
-6
-1
-2
-4
-5
-4
0
-2
-4
-4
-2
0
0
0
2
1
2
6
6
3
6
1
5
6
7
7
6
3
2
1
2
0
2
-3
-4
1
-3
-2
-3
-1
0
1
1
2
1
-3
-3
-3
0
-3
-4
-2
4
3
4
3
0
-3
-3
-4
1
1
2
4
0
-1
-1
0
-4
1
-1
-1
3
-2
-3
-5
-2
1
-1
1
-2
-2
1
3
3
0
2
-2
-3
-1
-1
-1
1
-2
-4
-5
-3
0
1
1
-2
2
3
1
4
2
5
5
0
3
5
3
4
2
3
1
-2
-1
1
-1
-4
-1
0
-3
-6
-5
-4
-4
-5
-2
-2
-2
1
0
1
2
1
3
-1
2
3
2
3
5
6
2
2
-1
-2
0
1
3
0
-1
-2
-4
-2
-3
-3
-1
-2
-4
-4
-2
-1
-1
1
1
2
-3
-2
0
-3
-1
-1
-2
1
0
2
2
1
2
3
5
3
3
3
3
5
4
6
2
0
3
4
0
0
0
-2
-2
-4
-3
-6
-6
-4
-4
-4
-5
-1
-1
-8
-5
-1
-1
0
-2
0
0
0
-1
1
-1
2
3
1
3
4
3
4
4
1
0
0
0
-1
1
0
-1
-2
3
-1
-4
0
0
0
1
0
0
2
-1
1
0
0
1
0
1
0
-2
-2
0
-2
2
0
-2
4
2
-2
4
1
-1
3
1
3
1
4
2
2
3
2
2
0
0
-4
-1
-1
-4
-4
-2
-3
-6
-7
-6
-3
0
-1
-6
-2
2
-2
0
3
2
4
2
0
5
6
4
2
2
3
2
6
1
-1
1
-2
-2
-3
-2
0
-3
-1
-2
-2
0
-2
-4
-5
-1
-3
0
0
-1
1
0
0
-1
2
1
-1
1
1
2
1
0
2
0
2
2
1
1
1
2
3
5
2
3
2
1
0
1
2
0
-2
-2
-3
-2
-3
-2
1
0
-2
-1
-2
-5
-3
-2
-1
2
0
2
1
2
2
1
4
1
1
2
3
2
4
2
2
3
-1
-2
-1
-1
-2
-2
-2
-5
-6
-4
-4
-3
-5
-5
-2
-4
-5
-1
-1
-1
1
2
1
1
2
0
-2
0
0
2
2
2
2
2
5
5
6
4
2
2
3
3
5
3
0
-1
-2
-1
-1
0
0
0
-2
-1
-5
-5
-3
-3
-4
-5
-2
-2
-2
-1
0
2
3
1
3
3
1
0
1
2
4
4
3
3
2
2
-1
0
1
1
2
2
-1
-1
0
2
-1
-3
-4
-3
-4
-4
-3
-4
-2
-3
-6
-4
-2
-4
-2
-1
-1
-1
-3
-2
-1
2
2
2
1
5
4
5
4
4
3
4
4
