-2
0
-1
-3
3
0
-2
-1
-1
1
3
-3
-4
1
-1
1
-1
4
-1
-2
1
1
3
1
0
5
2
0
2
-1
1
-2
-3
0
-1
5
0
-3
-9
-7
-3
-3
1
4
6
-1
0
0
-2
0
0
1
2
0
1
5
1
-1
-1
1
0
-2
1
-3
1
5
0
2
2
-3
-1
2
-1
-1
5
6
1
0
2
-1
0
3
2
3
3
2
0
2
0
2
1
-5
-3
-5
-7
-2
-3
-1
0
-5
-1
-3
-3
1
2
3
2
2
-5
0
-4
0
0
-3
1
0
-2
-2
1
-2
0
-1
-2
1
0
1
2
-2
-2
-4
-2
-2
5
3
2
-1
-1
4
2
3
3
1
-7
3
-2
0
7
3
3
3
1
1
3
2
0
-2
0
0
0
-1
-5
-2
-1
-1
-3
0
2
1
4
5
2
-4
2
2
0
4
1
-7
-6
-4
-7
-3
-4
3
-2
-5
-5
-3
0
0
-4
0
1
2
-1
2
-3
-2
4
2
4
1
-4
3
2
2
1
-1
1
3
3
3
3
3
6
1
-2
3
7
3
4
4
0
1
2
0
1
0
-7
-2
0
-2
-1
-1
-3
0
-5
2
-2
-8
-2
2
3
-3
-3
-2
0
2
0
0
-2
-1
-3
2
2
-5
2
4
5
-1
-1
-2
-6
-1
-2
-1
-3
-1
-4
-2
2
-1
-5
0
1
5
1
-2
-2
1
1
-2
2
2
4
5
1
-3
-1
2
0
-3
-2
-3
6
6
1
1
1
2
0
5
4
0
0
-3
5
-2
2
7
0
2
0
-1
-1
6
4
-1
-3
-5
-5
-6
1
4
1
-3
-3
-4
0
9
-4
-4
-4
0
-1
-2
1
2
3
3
0
1
4
2
0
1
2
-5
-2
-2
-1
2
-2
-1
-4
0
9
-1
-1
-1
-2
7
4
-3
0
-2
-2
4
1
-5
-2
-1
-4
2
-2
-3
-4
-3
2
4
-3
-6
-4
0
-5
-2
-2
-2
5
-6
-4
-2
1
-3
-1
0
-3
3
5
7
6
2
-7
-5
7
1
-3
-2
2
2
1
7
5
-2
-5
8
6
10
6
3
5
-1
8
1
0
3
0
-6
-4
0
-3
-1
5
2
-2
-1
-8
-8
1
4
4
2
-1
-2
-5
-4
1
5
-3
5
6
5
-4
-2
0
-1
-3
-2
2
-3
-4
-5
-5
-1
5
-4
-1
-1
-3
0
-1
0
-8
0
4
-2
-5
-6
3
0
-6
-8
7
1
-2
-2
-1
4
-1
4
-1
2
1
1
5
3
1
-3
-3
-1
1
9
3
2
-3
4
1
2
6
2
7
7
3
-4
7
2
0
4
-1
-2
-5
-7
-11
-9
1
0
-2
-1
0
-3
-2
-3
4
2
2
2
1
3
2
1
-1
5
1
0
1
-2
-4
2
0
-3
0
-4
-5
1
2
0
-1
1
3
1
2
1
0
0
-5
0
2
3
4
-7
-4
1
2
3
-1
-1
0
1
-5
-4
0
1
5
2
-9
-8
-3
-3
1
1
-3
1
3
3
1
3
-1
-2
-3
-3
7
3
0
-1
4
0
-2
-4
6
11
-2
-1
3
3
-3
-2
-1
9
2
-1
-5
6
4
-7
1
1
7
5
-6
-5
3
1
0
-1
1
5
1
-2
-6
-9
-1
-2
1
6
5
-4
-3
-1
-1
1
-10
-1
1
2
4
-2
-7
-6
-3
5
0
-8
0
0
-3
-1
3
3
1
0
-3
-3
0
6
0
2
5
10
-5
-4
7
-8
-1
11
-4
7
1
4
2
4
-6
-10
7
9
5
-10
0
8
-15
-3
11
8
5
-7
-3
2
-5
-18
-9
31
9
-6
-13
-2
-11
-16
-13
10
28
-3
16
-14
-7
-8
2
-18
4
41
-16
-6
8
-10
4
23
0
-18
-11
3
5
-10
8
42
-3
-3
8
-15
-35
-36
2
34
38
0
-9
8
0
-34
-48
-39
12
63
38
-23
7
-17
-33
20
21
-12
-33
39
58
-23
-45
2
18
-22
-14
15
31
55
-3
-43
-60
-16
30
2
8
52
-10
-24
57
-8
-66
5
8
6
4
-30
45
38
14
-55
-10
-38
20
62
-37
27
13
-20
-50
32
22
-18
23
-28
-43
-22
38
21
16
77
-29
3
-58
-93
-84
28
88
78
62
-66
28
-78
-1
-22
1
75
-47
36
-20
4
13
-20
-37
16
-43
-49
130
113
-36
-142
-93
44
115
111
-35
-90
8
-2
-98
-101
115
35
28
82
-7
3
6
-10
-103
-50
34
12
-39
15
41
19
39
56
-68
-36
13
20
-16
-49
55
65
52
21
-36
-152
-128
90
147
61
-52
-121
-102
109
147
-15
-26
27
62
-112
-48
-43
18
-46
-57
193
106
10
-88
-144
-88
122
123
-84
-72
-32
-8
165
21
-19
4
-77
36
-50
-130
-43
139
149
70
22
-140
-30
-55
-36
4
68
65
17
48
-157
-97
-27
-9
-16
40
56
84
25
-66
30
28
-34
-41
25
7
33
100
-26
16
130
40
-115
-147
-90
-101
-2
-16
133
155
75
-15
-135
-202
-81
37
-183
108
420
122
-1
-102
-95
29
-40
-254
269
146
6
116
-111
-59
-167
0
-79
53
-52
158
-71
67
169
35
-234
-212
197
-189
-4
41
138
223
169
119
-11
-254
-116
-375
-194
42
373
305
102
115
-124
-276
-297
88
34
-35
95
255
-4
-325
-6
-43
-25
67
115
198
-45
-103
68
-13
-104
-208
-165
-38
109
232
140
170
-69
-206
-5
-221
-155
-79
2
339
254
114
14
-50
-172
-209
-171
25
304
-46
69
-141
151
250
-174
-142
-123
10
5
16
50
246
189
-110
7
-88
-100
2
-181
-33
61
-16
152
253
26
-26
-42
-33
-252
-129
116
203
22
17
-34
-132
6
-107
15
76
4
-42
127
78
-16
209
1
-66
74
48
-49
-107
-12
-8
-27
-137
3
-14
-97
13
-113
-42
149
66
-123
-47
13
-30
157
101
67
71
28
51
-23
-135
-184
-147
-52
-10
68
52
-16
-82
-22
8
-56
47
154
167
89
-5
2
9
-115
-124
-35
-30
35
87
-50
-59
73
96
7
-129
-65
-12
-50
0
29
95
11
-2
-3
-45
0
5
23
84
133
106
97
-7
-60
-112
-118
-108
-63
-44
-10
-32
-42
38
1
-63
-56
13
50
46
133
120
64
33
47
-14
-23
-29
22
26
-22
-46
-90
-117
-75
-58
-5
88
130
91
104
74
-4
-44
-56
-23
29
34
112
112
58
18
35
39
-2
-2
-28
30
82
83
15
40
8
0
19
36
68
164
183
228
246
202
157
78
-8
-128
-199
-222
-232
-282
-318
-367
-382
-365
-381
-404
-456
-421
-513
-588
-730
-735
-808
-843
-766
-637
-540
-473
-349
-252
-73
34
239
462
582
707
864
930
882
878
824
831
807
733
702
726
719
806
973
1127
1264
1383
1479
1516
1512
1419
1318
1175
1005
891
872
1022
1172
1503
1802
2224
1645
-712
-4220
-6659
-8242
-9898
-10747
-9687
-7297
-4642
-1733
938
3015
4034
4223
4107
3860
3392
2906
2582
1959
1259
645
133
-793
-1856
-2769
-3038
-2733
-1981
-989
225
1665
2991
3772
3994
3820
3220
2312
1510
864
327
-103
-427
-577
-546
-570
-425
72
883
1757
2604
3174
3551
3597
3223
2642
2199
1703
1437
1460
1701
1709
323
-3086
-6766
-8829
-10229
-11726
-11892
-9997
-6878
-3576
-272
2635
4603
5121
4903
4564
3881
2806
1983
1480
1045
654
160
-821
-2430
-3921
-4544
-4573
-4294
-2943
-674
1342
3277
5191
5842
5183
4404
3281
1609
272
-462
-972
-1205
-1175
-1048
-781
-629
-543
27
901
1656
2586
3617
4302
4805
4992
4484
3477
2586
1564
635
153
46
213
738
1272
-327
-4145
-7899
-9489
-10652
-11671
-10837
-7840
-4329
-816
2570
5086
6068
5632
4448
3302
2080
955
116
-282
-614
-736
-1148
-1930
-2991
-4188
-4805
-4100
-2581
-938
1350
3871
5564
6396
6427
5452
3441
1347
-492
-1631
-2356
-2665
-2460
-1907
-1332
-674
92
590
1204
2154
2968
3417
3813
4112
3990
3539
2965
2365
1756
1121
646
358
311
209
542
963
1765
756
-2858
-7510
-9697
-10115
-10876
-10529
-7917
-3764
-398
2677
4857
5838
5035
3594
2345
1358
486
-161
-450
-692
-846
-1118
-1873
-2911
-4206
-4658
-3838
-1795
157
2417
4726
6336
6745
6259
4805
2647
546
-1193
-2641
-3130
-2817
-2268
-2028
-1377
-525
392
1101
1996
2972
3864
4125
3933
3690
3291
2450
1700
1252
970
754
857
867
872
851
1071
1307
1894
2070
-96
-5062
-9193
-10158
-10418
-11102
-9844
-6091
-2268
1007
3761
5460
5517
4497
3125
2044
1122
265
-322
-785
-1244
-1510
-1934
-2841
-3789
-4497
-4450
-2675
100
2348
4306
6394
7272
6583
5092
2993
476
-1452
-2583
-3180
-3222
-2759
-1926
-1128
-478
294
1360
2038
2728
3824
4472
3994
3330
2789
1947
897
379
390
576
738
1195
1759
1661
1381
1310
1507
1654
2381
288
-5003
-9784
-10593
-10983
-11734
-10154
-6040
-1953
1310
4415
6388
6475
5049
3431
2102
744
-251
-827
-1419
-2047
-2141
-2358
-3062
-3580
-3836
-3451
-1673
1166
3456
5189
6586
6856
5842
4040
1764
-602
-2324
-3092
-3262
-2779
-1963
-1169
-719
-234
655
1519
2266
2990
3748
3998
3408
2409
1602
948
204
31
671
1290
1741
2184
2484
2165
1615
1027
1006
1481
2532
1894
-2431
-8460
-11738
-12042
-12633
-12056
-8445
-3174
1198
4921
7664
8325
6814
4352
1973
50
-1424
-2226
-2533
-2629
-2496
-2112
-2372
-3006
-3439
-3209
-1860
801
3677
5628
6925
7281
6258
4177
1758
-766
-2824
-3730
-3540
-2730
-1917
-1091
-382
14
203
1096
2055
2538
3146
4041
3778
2516
1514
772
48
-208
214
1199
2020
2667
2699
2724
2143
1379
424
516
1714
3418
2113
-3705
-10392
-13503
-13806
-14381
-12362
-7075
-571
4321
8240
10322
9772
6793
2962
-204
-2183
-3195
-3433
-3120
-2691
-2280
-1848
-2117
-2879
-3359
-2725
-831
2313
5343
7223
7839
7331
5174
2137
-827
-3167
-4564
-4539
-3362
-1728
-70
653
755
408
460
646
1257
2352
3200
3894
3608
2516
1143
329
-331
-486
260
1543
2506
3008
3040
2485
1731
918
-81
-77
1159
3541
4513
-140
-8340
-14369
-14931
-14917
-13869
-8798
-1292
4896
8932
11402
10829
7346
2570
-1306
-3623
-4466
-3985
-2932
-2138
-1885
-1426
-1572
-2523
-3161
-2697
-924
1912
5287
7292
7629
6623
4618
1446
-1515
-3606
-4465
-4166
-2642
-531
873
1602
1310
708
8
186
760
1483
2408
3311
3566
2550
1095
-120
-530
-574
98
1515
2691
3230
3174
2519
1467
581
215
-116
1035
3158
6091
5169
-1847
-11888
-17278
-16923
-15798
-12654
-5904
2494
8305
11527
11971
9535
4576
-617
-3996
-4980
-4374
-2955
-1809
-1438
-1656
-1710
-2325
-3145
-3069
-1504
1054
4225
7027
7953
6874
4874
2235
-917
-3173
-3941
-3643
-2478
-741
847
1450
1509
746
-347
-1084
-507
454
1534
2661
3377
3227
1983
660
62
239
443
1031
2192
2977
2701
2139
1322
425
-64
321
750
1827
3837
6779
7238
616
-10594
-18618
-18900
-17212
-14099
-7334
1904
8570
11672
12317
9922
4817
-964
-4687
-5454
-4408
-2608
-1123
-776
-1447
-1867
-2370
-3222
-3255
-1537
1350
4414
7125
7968
6652
4163
1471
-1406
-3551
-3905
-2969
-1621
-2
1471
2004
1754
1108
-100
-1213
-1201
-2
1051
1996
2911
3006
1938
625
151
348
707
1365
2394
2981
2908
2258
1530
598
157
150
1036
1881
3622
5644
7837
4884
-5176
-16710
-21755
-19565
-16585
-10960
-2388
6529
11243
12830
11664
7586
1588
-3367
-5340
-4699
-3072
-1403
-1015
-1756
-2943
-3055
-3360
-3456
-2210
1032
4415
6743
7865
7317
4991
1772
-832
-2714
-3435
-2962
-1576
-141
991
1579
1465
868
45
-619
-957
-629
149
1087
1900
2572
2383
1535
832
1160
1770
2168
2467
2590
2337
1486
521
-119
-504
-547
186
1662
2642
4101
5833
7694
6451
-1749
-13834
-22313
-21230
-17483
-12342
-4761
4349
10154
12142
11721
8505
3209
-2171
-4661
-4327
-2867
-1542
-1078
-2030
-3700
-4053
-3486
-3123
-2004
1236
5178
7460
8060
7164
4893
1451
-1248
-2685
-3199
-2844
-1522
-132
658
1069
1093
848
323
220
352
155
330
755
1517
1610
1509
1255
823
839
1901
2629
2516
2093
1797
994
137
-425
-271
-187
484
1513
3265
4129
5005
6020
7407
5089
-5258
-17794
-24911
-21873
-17327
-10702
-1933
7338
12155
13272
12073
8138
2179
-3003
-4871
-4294
-2957
-1759
-1744
-3044
-4670
-4479
-3408
-2411
-458
3264
6967
8353
7566
5534
2886
-113
-2325
-3249
-2929
-1929
-602
520
999
1228
1217
1212
987
598
642
503
265
15
511
973
762
601
811
1618
2640
3075
2808
2134
1474
544
-12
-266
102
347
960
1639
2768
3352
3878
5241
6894
5263
-4839
-17619
-24779
-21692
-16120
-9358
-911
7426
12184
13053
11512
7209
1542
-3395
-5200
-4392
-2738
-1706
-2174
-3763
-5160
-4777
-3353
-1794
646
4365
8140
9400
7560
4049
1038
-1436
-3238
-3742
-2621
-1011
247
1326
1881
1825
1508
1317
1149
823
510
-179
-743
-1216
-733
125
879
1236
1859
3029
3960
3906
3117
2114
1056
115
-465
-775
-595
-288
482
1426
2666
3800
4646
5854
6914
6579
-2083
-15735
-25697
-23922
-17427
-10825
-2539
6382
12222
12830
11409
7623
2311
-2838
-4609
-3722
-2118
-1300
-1811
-3841
-5967
-6034
-4358
-2278
401
4314
8249
9673
8115
4457
949
-1587
-3111
-3260
-1898
-153
934
1618
1812
1240
456
242
260
223
345
299
-153
-701
-722
156
1239
1760
2038
2892
4111
4267
3441
2003
676
-411
-1060
-1193
-945
-421
50
1236
2459
3648
3976
5230
5883
6687
4615
-5082
-18633
-26734
-22603
-15439
-7747
170
8345
12019
11580
9142
5325
640
-3152
-3812
-2428
-962
-1013
-2529
-5169
-6981
-6203
-3627
-598
2808
6824
9640
9626
7112
2957
-1046
-3285
-3175
-2314
-1027
532
1402
888
204
-70
-206
423
1416
2145
2120
1566
127
-1409
-1825
-928
349
1268
2312
3367
4128
3548
2315
1127
152
-481
-543
-202
-57
142
726
1359
2132
2982
3854
4093
4701
5271
6089
-588
-14075
-26083
-25359
-16975
-9150
-1614
5968
11218
10911
8662
5041
1465
-2149
-2832
-1325
566
630
-1178
-4304
-7219
-7677
-5183
-1580
2326
6206
9322
9238
6567
2854
149
-2272
-3715
-2755
-193
1477
1228
838
-115
-1083
-1062
583
2016
2480
2671
1996
438
-1490
-2154
-1527
-146
1171
2190
2949
3501
3510
2779
1945
1285
784
110
-536
-774
-666
-232
338
1808
2866
3712
3940
4759
5090
5669
4113
-6083
-20439
-27943
-21575
-12475
-4858
1877
8359
9758
7580
5131
3011
669
-743
491
2212
2505
220
-3279
-7217
-9261
-7825
-3846
491
4279
7097
7614
5741
3149
1362
742
886
1474
763
-288
-783
-703
-1999
-3080
-1940
450
2730
3898
3915
2397
887
-788
-1914
-1967
-663
627
1332
1930
2380
2969
2754
2260
2002
1931
1132
294
-240
-344
-288
186
672
1546
2749
3617
3887
3820
4006
4447
4064
-4413
-18370
-27292
-22039
-11830
-4067
1636
6924
8705
6261
3424
1669
1122
973
2587
4114
3992
678
-3821
-8249
-10170
-8679
-4469
2
3619
5902
6302
4816
3081
2281
2652
3370
4038
3213
90
-2878
-3819
-3678
-3723
-2013
1051
3139
3234
2357
881
-826
-1525
-689
973
2459
2929
2297
1149
449
1024
1946
2431
2543
2466
1574
140
-839
-964
-642
57
1062
2132
2866
2861
2504
1955
2368
3395
5846
4257
-7096
-21686
-26594
-17923
-8057
-1784
2683
6624
6386
3362
718
651
1608
3304
5300
5957
3672
-1571
-6489
-9489
-9067
-6170
-1922
1664
4084
4603
3525
2106
1749
2679
4058
5004
4701
3018
312
-2386
-3972
-4024
-2828
-841
1006
1804
977
-259
-962
-351
598
1801
3388
4615
3925
1369
-475
-745
322
1560
2636
2749
2030
633
-574
-1047
-623
57
885
1793
2637
3073
2502
2131
1882
2867
3788
5661
2052
-11002
-24564
-25342
-13932
-4638
-340
2402
4752
3106
364
-415
1924
4257
6605
7734
6801
2203
-3815
-8002
-9207
-7308
-4046
-782
1163
2188
1988
898
449
1909
4251
6359
6890
5639
2480
-1458
-3713
-2986
-1409
-896
-528
89
-478
-1874
-2168
-1075
1158
3504
4519
4516
3873
2060
-391
-857
856
2770
3450
2620
901
-531
-1597
-1996
-874
934
2004
2355
2350
1973
1524
1463
1543
1901
3266
4314
5718
1680
-11172
-24482
-24695
-12852
-3189
427
1722
2197
286
-1677
-927
2530
5918
8452
8863
6956
1647
-4303
-7725
-7289
-4660
-2072
-773
-886
-1536
-2051
-1997
-592
2444
5818
8038
7980
6098
3274
1158
-157
-725
-985
-1054
-1580
-2522
-3357
-3919
-3362
-1465
1414
3571
4651
5123
4715
3244
1596
1201
2188
3007
2516
874
-973
-2451
-3054
-2363
-499
1485
2453
2315
1645
1182
957
926
1491
2613
2890
3471
4222
5959
440
-13054
-24055
-21014
-8833
-1720
-431
-1195
-1951
-3714
-3582
-655
3881
7347
9780
9628
6907
1268
-3475
-5268
-4048
-2059
-1102
-1704
-3523
-4636
-4530
-3227
-859
2671
6114
7777
7183
5513
3885
2999
2527
1911
691
-985
-2741
-3886
-4184
-3917
-3086
-1366
743
2363
3257
3882
3965
3234
2444
2649
3533
3617
2400
735
-740
-1562
-1731
-1346
-563
93
320
166
471
1071
1643
1949
2687
3064
3980
4985
6644
5136
-5399
-18365
-22430
-13501
-5078
-3101
-4635
-5935
-6815
-5984
-2086
3132
7426
10227
10928
8825
4288
-348
-2026
-1381
233
56
-1701
-5008
-7420
-7636
-5638
-2712
523
3724
6277
7065
5706
3473
3307
4862
5300
3514
1345
-519
-2394
-3401
-3565
-3590
-3084
-1841
-597
130
1128
2458
3332
3568
3422
3904
4634
4325
2964
1587
451
-715
-1256
-1236
-1110
-1087
-1113
-1064
-548
74
753
1389
2566
3347
4309
5182
5883
4424
-4221
-15081
-19114
-11804
-4418
-3287
-5825
-7875
-8503
-7100
-2874
2105
5759
7863
8364
6823
3896
1380
1435
2606
3491
2208
-463
-4009
-6462
-6382
-4429
-2509
-1332
-352
1179
2166
2637
3147
4535
5973
6410
5572
3824
2063
568
-497
-1338
-2030
-2604
-3018
-2700
-2396
-1793
-350
894
1276
1672
3488
5259
5795
5192
3900
2414
1003
-63
-694
-896
-1002
-1213
-1333
-1257
-1182
-825
317
1206
1980
2467
3509
4432
5322
-146
-9875
-15346
-10055
-3181
-3141
-6791
-9462
-9853
-8781
-5045
-654
2693
4213
4911
4694
4286
3735
4607
5779
6473
5044
2294
-1523
-4295
-4828
-3675
-3243
-3486
-3264
-1995
-1053
-104
1277
3228
4879
5727
5662
4646
3717
2903
2462
1742
681
-1087
-2637
-3049
-3052
-2498
-1591
-421
-17
439
1892
3628
4476
4090
3362
2613
1925
1405
1070
866
748
375
-296
-1119
-1386
-1156
-28
370
836
832
1922
2696
4168
2790
-5438
-13328
-12660
-4298
-1873
-5186
-8686
-8947
-8123
-5742
-2229
530
1655
2435
3140
3806
3995
4430
5360
6008
5541
3432
586
-1785
-2314
-1489
-1248
-2280
-3247
-3230
-2050
-1049
32
870
2249
3249
3464
3110
2947
3119
3179
3226
2492
747
-567
-572
-255
-912
-1090
-525
-419
-860
-379
1036
1918
2019
2135
2140
1883
1633
1774
1914
1866
1525
913
523
577
593
675
209
317
144
744
967
1715
1394
-4820
-12259
-12663
-4174
95
-3522
-8137
-8912
-7826
-6286
-3288
-303
908
1263
1735
2959
3663
3956
4509
5239
5503
4127
2172
426
9
293
59
-1465
-3075
-3659
-2745
-1598
-927
-637
-137
614
1302
1930
2708
3486
4112
4368
3802
2474
1282
876
987
669
98
-177
-539
-1292
-1703
-852
325
759
657
704
936
1222
1632
2069
2290
2114
1659
1302
1265
1160
951
643
181
265
506
997
908
1677
1265
-4741
-11509
-11084
-3066
-198
-4977
-9734
-9620
-7461
-5421
-2640
-590
-726
-1200
42
2471
3716
3981
4818
5975
6186
4883
3624
2442
1853
1694
1222
-495
-2465
-3161
-3215
-3403
-2805
-1712
-1191
-1173
-138
1350
2324
3054
3487
3347
2826
2636
2971
3457
3370
1984
567
-2
-389
-1109
-1177
-114
851
547
-495
-1160
-1048
-438
649
1478
1645
1420
1512
1699
1770
1806
1697
1688
1592
1754
1500
1318
1108
1962
1199
-4955
-10666
-8792
-1343
-1276
-7426
-11479
-10078
-8093
-6135
-3516
-2021
-2891
-2873
-410
2640
3781
4014
5270
6510
6576
5505
5037
4560
4000
3307
2095
-254
-2169
-2368
-1486
-1624
-2578
-3554
-3055
-1918
-940
-1015
-980
-253
1114
2546
3243
3188
2901
3058
3238
2727
2413
2835
3095
2202
1032
674
180
-906
-1724
-1727
-1251
-845
-153
462
569
138
-25
525
1301
1641
1590
1714
1820
2025
2081
2185
2413
3138
2917
-2624
-8780
-8407
-1511
-270
-6384
-11114
-10371
-8184
-6854
-4903
-4144
-5568
-5989
-2988
687
2237
2364
3678
5110
6022
6325
7095
7107
6504
5844
5142
3218
1309
515
487
-627
-2464
-4273
-4845
-3989
-2972
-2741
-2786
-2054
-916
186
1008
1232
1331
2057
3124
3968
4098
4104
3485
2387
1506
1760
2463
2118
1366
960
802
195
-442
-664
-1048
-1586
-1866
-1537
-820
-431
-410
-384
150
748
1447
2048
2749
3125
3930
1713
-3728
-6236
-1859
2714
-1262
-7724
-9847
-7813
-6515
-5792
-5620
-7141
-8343
-6353
-2787
-542
-284
438
1989
3816
5126
5874
6431
6590
6536
6116
5369
4450
3919
3455
2389
729
-553
-1354
-1451
-1288
-1604
-3158
-4129
-3601
-2480
-2141
-2248
-1981
-1132
274
1274
1553
1909
2732
3219
3226
3661
4422
4405
3671
2957
2422
1768
1344
1194
723
-197
-1206
-1702
-1823
-1669
-1652
-1840
-2064
-1820
-1091
-183
372
810
1618
2997
3585
93
-4127
-3598
1827
2358
-3555
-8004
-6779
-4696
-4768
-5036
-5524
-6940
-7031
-4414
-1805
-1243
-1846
-1160
405
2102
2950
3732
4480
5076
5195
5393
5395
5251
4910
4590
3563
2170
1330
900
220
-174
-238
-1168
-2920
-3437
-2476
-1929
-2380
-2865
-2600
-1907
-959
50
626
665
754
1714
3306
4337
4317
3760
3503
3524
3465
3228
2780
1895
632
-435
-639
-585
-819
-1290
-1549
-1684
-1418
-939
-741
-855
-956
-627
40
1251
-566
-4409
-4967
168
2630
-2220
-7124
-6115
-2936
-2197
-2676
-3498
-5226
-6054
-4026
-1652
-1222
-2177
-1644
-155
1320
1701
2064
2609
3350
3598
3699
3826
4224
4473
4436
3731
2908
2498
2550
2377
1613
459
-625
-1016
-936
-917
-1660
-2460
-2844
-2337
-1762
-1390
-1247
-749
-229
112
475
1326
2121
2274
1994
2067
2739
3187
3057
2594
2353
2109
1836
1641
1336
631
-87
-478
-842
-1415
-1343
-1040
-790
-932
-758
-238
532
485
-2737
-5565
-3778
1289
948
-4270
-7174
-4982
-3040
-3106
-3319
-3623
-4764
-4630
-2324
-931
-1655
-2513
-1467
114
1357
1946
2572
2965
3272
3257
3414
3761
4379
4711
4434
3422
2557
2295
2428
2037
1104
21
-569
-595
-430
-675
-1503
-2294
-2295
-1769
-1480
-1593
-1577
-1288
-963
-416
532
1550
1921
1715
1536
1966
2613
3088
3141
2973
2531
2002
1610
1461
1158
536
34
-96
-185
-485
-489
-558
-794
-1215
-959
-233
681
-192
-3615
-5643
-2672
1394
-710
-5897
-6882
-3560
-2194
-3161
-4110
-4878
-5919
-4682
-1747
-364
-1490
-2022
-781
582
1121
1604
2523
3249
3504
3591
3756
3830
3985
4053
3929
3074
2611
3003
3717
2840
893
-380
-137
323
21
-968
-2058
-2563
-2162
-1487
-1560
-2230
-2245
-1362
-527
-274
-31
640
1282
1785
2136
2317
2202
2255
2547
2582
2096
1746
1899
2147
1635
742
140
143
138
-27
-326
-614
-810
-597
-410
-350
-236
-87
-1777
-4263
-3965
-460
461
-3586
-6950
-5643
-3043
-2968
-3625
-3999
-4778
-5274
-3407
-1401
-1422
-2414
-1586
121
1260
1584
2064
2438
2588
2843
3502
4133
4345
4390
4324
3880
3206
2966
3001
2904
2422
1622
292
-510
-267
126
-665
-1810
-2314
-2201
-2064
-1969
-2033
-1999
-1639
-1045
-391
514
1311
1361
1112
1483
2377
2803
2608
2220
2040
1885
1810
1799
1786
1399
930
755
754
516
295
259
-7
-299
-402
-261
-417
-582
-1976
-4384
-4913
-1955
-161
-3275
-6998
-6226
-3405
-3024
-3881
-4140
-4479
-4937
-3158
-732
-590
-2226
-2151
-539
658
1007
1661
2379
2620
2762
3295
3952
4300
4559
4634
4334
3738
3433
3228
3035
2726
1959
463
-601
-405
-35
-901
-2112
-2337
-1746
-1475
-1427
-1281
-1319
-1584
-1260
-258
544
820
843
747
579
939
1607
1949
1881
1855
1803
1662
1758
2044
2080
1678
1289
1035
920
830
639
148
-299
-295
-251
-452
-673
-1356
-3546
-5068
-3264
-455
-1799
-5701
-6557
-4025
-2626
-3078
-3554
-4184
-5211
-4615
-2294
-1202
-2116
-2638
-1481
-145
582
1124
1829
2313
2972
3798
4372
4364
4395
4544
4430
3866
3340
3108
3173
3226
2591
1173
28
146
637
225
-913
-1686
-1861
-1537
-1008
-862
-1446
-1984
-1776
-1071
-466
-170
-196
-246
37
729
1274
1376
1323
1596
1942
2015
2044
2234
2308
1976
1598
1371
1284
1131
828
248
-373
-587
-363
-97
-125
-483
-1981
-3958
-3971
-1374
-248
-3055
-6129
-5577
-3558
-3280
-3996
-4374
-5015
-5515
-4119
-1996
-1622
-2563
-2272
-716
477
956
1571
2107
2274
2548
3329
4102
4508
4696
4739
4377
3783
3395
3543
3792
3346
2031
838
685
1053
782
-276
-1185
-1447
-1265
-1074
-1030
-1464
-2085
-2283
-1713
-980
-526
-438
-508
-535
-117
615
1172
1324
1321
1439
1662
2033
2359
2425
2124
1708
1422
1399
1335
1131
736
331
-5
-96
-182
-301
-300
-508
-2204
-4095
-3447
-933
-1144
-4324
-5866
-4340
-3433
-4083
-4166
-4077
-5214
-5562
-3344
-1550
-2195
-3059
-1961
-663
-41
757
2040
2419
2414
2990
3919
4165
4185
4483
4595
4092
3537
3553
3733
3578
2904
2165
1614
1474
1380
1031
191
-717
-1213
-1202
-1218
-1503
-1829
-1966
-2133
-2183
-1657
-772
-448
-779
-806
-130
522
837
1134
1394
1283
1235
1715
2271
2269
1956
1680
1455
1319
1321
1174
705
363
312
285
-51
-292
-241
-258
-1453
-3082
-3227
-1624
-1334
-3494
-5391
-4905
-3902
-3948
-4066
-4018
-4726
-5347
-4010
-2125
-1872
-2609
-2107
-856
2
593
1535
2060
2095
2481
3387
3863
3781
3900
4264
4298
4051
4038
4127
3873
3229
2556
2029
1679
1369
955
334
-410
-1118
-1340
-1098
-955
-1480
-2084
-2130
-1711
-1322
-1015
-840
-911
-834
-209
606
825
688
769
1177
1416
1520
1691
1792
1604
1284
1257
1386
1432
1230
1039
786
579
397
322
256
184
-420
-2112
-3545
-2910
-1157
-1706
-4282
-5619
-4495
-3627
-3754
-3936
-4172
-5166
-5143
-3162
-1583
-2151
-3004
-2170
-866
-100
542
1394
1637
1810
2586
3585
3884
3965
4283
4519
4282
4018
3998
4037
3750
3106
2345
1827
1624
1493
1156
490
-354
-974
-1039
-837
-919
-1378
-1778
-1855
-1572
-1103
-811
-1030
-1311
-1060
-288
323
524
407
351
502
861
1114
1246
1333
1434
1483
1554
1637
1581
1450
1242
915
374
111
122
211
80
-108
-1016
-2519
-3114
-1804
-994
-2780
-5088
-4930
-3448
-3276
-3790
-3913
-4356
-5210
-4326
-2251
-1519
-2443
-2381
-1155
-166
248
1001
1550
1618
1846
2744
3489
3678
3720
3872
3849
3612
3627
3808
3773
3222
2643
2201
1991
1723
1518
1057
383
-336
-488
-380
-465
-892
-1168
-1348
-1519
-1411
-922
-812
-1386
-1701
-1183
-450
-229
-154
34
271
428
763
1072
1204
1172
1214
1264
1335
1473
1626
1568
1263
908
631
485
373
214
-20
-333
-1252
-2528
-2790
-1551
-1223
-3127
-4948
-4361
-3168
-3208
-3501
-3256
-3766
-4596
-3814
-2082
-1739
-2427
-2109
-983
-237
238
951
1238
1123
1399
2348
3064
3276
3317
3495
3535
3472
3461
3586
3525
3172
2741
2516
2378
2126
1730
1183
466
-80
-83
73
-268
-968
-1331
-1373
-1416
-1403
-1152
-1116
-1342
-1311
-826
-557
-631
-523
-57
248
270
392
758
1101
1266
1324
1310
1264
1334
1528
1560
1239
808
578
494
261
-124
-320
-418
-1075
-2382
-2890
-1937
-1204
-2469
-4163
-4172
-3044
-2748
-2974
-2971
-3148
-3773
-3493
-2187
-1527
-2091
-2378
-1565
-643
-143
275
795
1014
1297
1924
2674
2945
3015
3185
3465
3503
3459
3505
3537
3227
2783
2586
2537
2294
1854
1449
933
421
159
143
-60
-450
-794
-1122
-1470
-1607
-1393
-1280
-1474
-1718
-1550
-1050
-573
-384
-338
-205
47
396
840
1254
1375
1274
1232
1299
1249
1052
950
948
842
491
198
72
27
-43
-42
-416
-1526
-2279
-1546
-418
-1279
-3266
-3872
-2848
-2550
-2999
-3067
-3099
-3948
-4115
-2723
-1637
-2143
-2753
-2129
-1233
-677
-48
710
880
891
1384
2164
2568
2792
3014
3138
3121
3295
3602
3753
3556
3147
2764
2614
2513
2198
1756
1382
904
345
92
50
-327
-963
-1235
-1246
-1386
-1493
-1291
-1202
-1381
-1369
-943
-591
-423
-176
110
119
31
261
705
978
966
885
787
763
867
1042
993
715
505
533
584
386
117
38
-55
-880
-1946
-1846
-624
-585
-2378
-3749
-3302
-2678
-2885
-2901
-2685
-3403
-4249
-3393
-1816
-1680
-2510
-2386
-1539
-977
-485
334
738
610
833
1657
2320
2552
2733
2966
3080
3158
3407
3691
3723
3407
3007
2741
2603
2382
2036
1560
1044
579
274
-7
-378
-739
-975
-1142
-1300
-1289
-1136
-1030
-1077
-1106
-1059
-925
-718
-401
-158
-126
-220
-119
255
621
707
589
560
673
848
965
1038
1010
893
706
604
586
485
255
120
-73
-898
-1869
-1705
-652
-863
-2631
-3688
-3004
-2369
-2649
-2755
-2600
-3230
-3903
-3127
-1866
-1854
-2508
-2250
-1478
-1070
-718
24
532
602
874
1580
2203
2561
2934
3298
3402
3271
3274
3510
3675
3406
2820
2353
2197
2081
1787
1345
866
483
341
306
40
-423
-711
-782
-894
-1010
-974
-932
-1066
-1146
-1045
-944
-913
-755
-512
-372
-290
-95
176
388
526
642
761
833
861
939
1099
1080
764
472
502
556
304
-13
-63
-287
-1131
-1849
-1447
-662
-1131
-2527
-3040
-2498
-2355
-2735
-2668
-2531
-3165
-3658
-2956
-2028
-2025
-2265
-1863
-1296
-992
-518
234
711
872
1186
1706
2124
2413
2718
2948
2977
2915
2946
3084
3186
3066
2737
2410
2216
2018
1698
1393
1219
989
531
70
-129
-168
-328
-664
-986
-1149
-1144
-1088
-1093
-1161
-1211
-1169
-973
-675
-446
-342
-228
-10
250
518
723
760
702
718
794
782
716
657
572
485
462
424
290
134
61
-93
-670
-1505
-1705
-947
-491
-1422
-2703
-2845
-2372
-2439
-2658
-2473
-2617
-3307
-3286
-2204
-1475
-1732
-1902
-1406
-925
-694
-215
431
695
738
1106
1681
2082
2391
2733
2901
2825
2751
2815
2956
3072
2990
2645
2290
2104
1894
1598
1422
1223
652
-9
-227
-192
-363
-669
-923
-1186
-1363
-1245
-1009
-965
-1021
-957
-823
-690
-481
-253
-167
-135
39
256
362
437
596
682
596
533
610
682
653
595
490
316
235
275
223
24
-323
-931
-1485
-1324
-734
-923
-1964
-2568
-2335
-2180
-2370
-2321
-2239
-2713
-3154
-2685
-1831
-1596
-1777
-1612
-1151
-807
-498
-19
451
742
991
1342
1729
2061
2359
2665
2883
2884
2777
2831
3021
2990
2636
2263
2050
1869
1646
1419
1096
645
250
17
-178
-363
-465
-568
-760
-917
-937
-915
-892
-799
-710
-717
-703
-582
-465
-415
-308
-135
-35
6
128
285
341
340
384
444
490
570
628
558
432
383
336
199
78
-22
-405
-1075
-1377
-979
-702
-1333
-2248
-2420
-2093
-2085
-2266
-2178
-2193
-2637
-2841
-2306
-1697
-1600
-1595
-1262
-864
-625
-298
200
646
981
1318
1642
1879
2074
2258
2428
2607
2719
2649
2510
2492
2467
2203
1867
1751
1699
1405
1011
776
610
340
94
40
7
-224
-551
-699
-643
-613
-722
-847
-846
-760
-683
-637
-586
-518
-451
-333
-115
134
254
235
257
371
419
361
358
447
449
322
232
234
190
44
-92
-131
-174
-466
-1025
-1391
-1218
-973
-1271
-1809
-1951
-1857
-1998
-2166
-2038
-1945
-2141
-2209
-1885
-1544
-1413
-1198
-782
-424
-215
31
347
645
952
1276
1481
1567
1693
1870
1983
2077
2234
2309
2191
2035
1985
1951
1835
1680
1505
1276
1024
808
604
382
195
70
-33
-185
-408
-607
-655
-592
-582
-633
-609
-534
-543
-563
-446
-286
-231
-203
-91
-7
-33
-40
72
181
156
79
78
129
121
30
-65
-85
-59
-47
-67
-99
-160
-323
-608
-919
-1133
-1214
-1242
-1291
-1363
-1447
-1552
-1639
-1624
-1515
-1406
-1344
-1262
-1120
-974
-847
-705
-509
-262
8
224
342
463
685
944
1138
1302
1466
1555
1583
1669
1804
1835
1755
1686
1631
1516
1371
1263
1159
1008
815
606
407
257
165
71
-71
-218
-294
-319
-324
-297
-239
-229
-292
-346
-353
-357
-362
-311
-215
-139
-128
-147
-140
-60
58
126
144
167
169
102
-6
-109
-211
-309
-338
-278
-241
-333
-504
-614
-646
-708
-864
-1001
-1023
-1005
-1029
-1060
-1047
-1062
-1147
-1182
-1082
-924
-826
-772
-694
-596
-499
-397
-255
-96
88
302
497
583
611
724
924
1074
1124
1152
1203
1264
1303
1286
1194
1105
1072
1027
922
835
822
793
692
595
501
351
207
142
83
-39
-123
-88
-47
-106
-189
-215
-247
-271
-191
-57
-22
-87
-121
-99
-91
-98
-69
-38
-39
-57
-63
-80
-115
-165
-222
-266
-269
-242
-251
-304
-359
-385
-405
-443
-488
-539
-600
-659
-685
-699
-738
-797
-832
-813
-758
-703
-681
-666
-624
-579
-556
-514
-403
-266
-159
-83
-5
91
190
287
368
434
518
644
774
847
876
925
975
944
847
775
741
725
732
731
641
508
462
495
447
305
214
214
230
231
218
143
19
-17
58
89
12
-50
-18
14
-9
-17
32
63
10
-50
-39
2
-13
-78
-125
-138
-157
-201
-264
-349
-432
-466
-450
-416
-404
-430
-468
-483
-455
-423
-419
-427
-424
-432
-465
-492
-491
-473
-452
-444
-458
-462
-423
-367
-329
-308
-266
-197
-124
-64
-18
7
29
72
135
206
286
357
394
411
432
461
484
512
559
596
599
582
552
508
465
427
377
330
314
322
300
244
200
209
248
275
272
240
210
201
210
202
170
136
121
121
125
88
-1
-92
-115
-82
-61
-57
-70
-138
-230
-280
-284
-280
-270
-232
-219
-270
-324
-349
-389
-447
-459
-420
-373
-325
-294
-344
-436
-463
-410
-356
-337
-314
-286
-267
-252
-241
-256
-266
-225
-154
-98
-69
-52
-43
-22
23
86
125
142
163
177
165
182
260
330
333
301
287
280
270
283
325
357
355
335
317
303
275
237
230
273
328
335
292
261
249
230
239
305
325
263
207
217
229
217
232
222
141
49
-19
-72
-84
-63
-99
-154
-160
-201
-338
-431
-404
-390
-417
-377
-314
-365
-460
-467
-431
-430
-426
-354
-266
-240
-256
-242
-213
-237
-261
-217
-161
-146
-129
-84
-68
-77
-83
-94
-94
-51
-10
4
41
90
96
83
121
157
119
70
86
125
162
206
243
226
166
97
68
99
161
224
277
298
264
207
182
216
265
308
345
371
371
352
330
316
303
288
265
236
203
160
112
89
97
68
1
-79
-126
-167
-199
-210
-194
-188
-199
-212
-228
-263
-329
-370
-357
-298
-256
-231
-210
-206
-269
-335
-333
-273
-230
-210
-183
-172
-194
-209
-156
-84
-59
-88
-100
-67
-17
8
50
86
82
23
-3
43
68
32
13
57
84
52
36
63
46
-34
-66
12
85
103
110
155
165
113
81
113
168
182
221
304
356
324
261
237
205
165
170
234
281
226
181
152
114
48
28
60
45
6
-48
-34
-18
-19
-35
-67
-113
-190
-187
-147
-117
-155
-192
-179
-191
-198
-205
-185
-212
-245
-207
-153
-125
-126
-76
-36
-44
-82
-104
-51
-11
18
51
96
96
40
12
-30
-73
-80
6
109
116
47
-51
-128
-194
-165
-53
41
46
-14
-50
-79
-86
-72
-12
37
29
31
53
81
79
99
138
145
94
39
46
78
98
111
156
177
116
45
17
18
24
35
75
121
110
76
98
111
62
-7
-58
-47
14
87
125
64
-73
-148
-121
-52
18
36
3
-67
-153
-169
-81
26
72
61
4
-69
-92
-53
-2
11
-12
-9
33
41
-13
-72
-66
-30
-9
5
17
7
-46
-124
-157
-99
-14
38
68
40
-42
-98
-106
-93
-82
-69
-10
86
124
74
6
-66
-119
-100
-34
37
77
79
48
9
-39
-85
-84
-37
9
46
68
46
17
28
30
8
39
78
80
62
22
-4
19
51
73
79
38
-49
-70
-23
-1
2
8
18
38
40
-25
-77
-47
-29
14
124
142
35
2
42
23
-2
23
39
56
98
82
38
2
-46
-58
-7
29
1
-2
3
-59
-101
-86
-48
0
10
-69
-109
-52
-48
-71
-39
-56
-101
-27
60
33
-36
-89
-120
-52
69
68
10
25
24
-26
-18
10
7
25
47
35
41
25
-14
-18
17
18
5
34
51
19
-41
-30
8
72
63
15
28
-17
-81
-51
36
59
48
27
0
-38
-71
-38
-1
0
-4
23
70
29
-9
-18
-33
-19
-2
0
28
69
19
5
26
-14
-38
-12
16
-12
-2
24
6
-15
16
11
-23
-9
-10
-24
0
22
1
-35
-38
-3
5
-9
-17
-8
-11
-14
10
15
-13
1
20
14
10
-4
-36
-17
11
-28
-20
6
-9
-17
7
-3
-21
-20
23
34
5
10
20
8
-4
15
29
-10
-23
18
12
8
-10
12
28
11
4
11
12
-4
-4
14
21
-4
-11
-2
11
-3
-11
-16
-11
4
-5
-13
-12
-14
9
30
14
5
-16
-15
2
-6
-19
7
21
13
26
6
-14
1
18
-9
-14
-13
-7
8
11
-3
-6
-18
-31
-8
3
-9
-12
10
-7
-8
-8
-3
2
10
16
1
-8
3
23
7
0
-10
-3
-6
2
9
2
1
-5
4
-5
-12
-1
-4
-8
7
1
3
3
1
7
10
2
-4
3
3
9
10
4
5
10
-3
2
11
7
-7
-10
11
9
7
12
11
-4
-3
-13
-20
-4
6
-1
1
9
-7
-17
-3
-11
-19
-5
0
-4
1
2
-8
3
3
-5
-7
-7
0
13
5
3
14
2
-2
4
1
-10
12
10
-11
7
19
4
1
-13
-24
-1
15
10
-3
3
4
-1
-9
-13
6
2
-12
-1
12
3
-7
2
1
-8
-8
3
1
6
6
-5
17
4
-22
0
-1
-1
4
-1
11
5
0
0
-1
-7
4
3
-3
9
1
-4
-2
-8
-12
-18
5
12
-6
13
-3
-6
8
-7
-7
-10
3
5
-8
10
14
0
5
-11
-8
5
0
11
0
-2
19
9
3
16
-2
-5
-2
-8
12
22
20
8
-17
-22
-20
-8
-7
2
4
3
0
-15
-10
-8
0
-4
-1
8
4
0
3
0
-1
-5
-12
-7
0
-4
-7
8
35
16
10
2
4
9
-3
-2
-6
-3
6
22
6
-5
-5
-12
-5
-19
-14
-3
-3
4
2
-11
-22
-7
-12
-11
10
-2
-12
-5
-8
-9
7
9
19
26
13
6
3
3
11
16
15
4
-3
-6
6
2
-11
-4
7
5
5
5
-7
-6
-3
10
5
2
-10
-7
-4
-20
-12
0
-9
-12
-6
-20
0
2
4
3
2
0
3
7
1
2
-5
3
4
7
3
2
2
8
7
14
10
3
14
8
5
3
4
-3
-4
4
-2
-7
-4
-5
-9
-12
-16
-12
-2
3
-7
-8
-5
-4
-1
3
4
-1
-3
-2
-7
-5
3
7
10
4
-1
-15
-14
6
3
-2
10
13
4
0
4
-4
-11
-12
1
5
5
10
9
7
2
-6
-18
-5
12
7
11
15
2
-7
-6
-6
-12
-4
-6
8
9
4
-5
-6
6
-1
1
2
14
16
8
8
-1
-2
-2
10
1
-10
-7
-13
-10
-14
-5
-2
-2
-6
-7
-4
-8
9
13
1
-9
-2
0
-7
2
5
-5
-13
-10
0
7
16
10
9
7
-1
5
10
11
10
15
7
-4
-6
-3
-8
-14
-5
3
15
10
-11
-15
-6
-1
-3
