2
-1
5
8
6
-2
-5
1
6
11
5
-4
-11
-10
1
0
-3
-2
2
3
3
-5
-3
1
6
11
4
-1
-7
1
-2
-5
1
0
4
13
4
-5
-6
-4
-6
-6
3
5
6
6
3
5
5
-8
-7
4
15
15
11
-6
-10
0
7
17
11
6
-4
-1
0
-8
-12
-1
4
5
-4
-2
-1
-5
-7
-9
-8
1
-3
3
4
-14
-12
-10
5
10
4
2
0
6
1
-7
-7
5
-1
-13
-5
8
7
-6
-2
1
0
0
-6
-3
2
3
-8
0
6
-5
-5
6
16
1
3
12
9
9
2
-8
2
5
10
-2
-11
-2
-1
-13
-17
-10
-5
25
21
5
-12
-14
-6
-9
1
9
18
5
11
5
-14
-5
0
-2
4
24
-3
4
-9
-3
-5
-38
-32
-13
22
29
12
-7
-7
-6
-22
-11
0
21
18
9
3
-2
0
-1
-9
1
20
19
11
-10
6
9
3
-15
-10
13
-1
-3
7
12
4
-12
-21
-13
1
3
5
9
15
11
-8
-24
-8
9
-14
-12
7
20
3
11
-10
-11
8
4
-5
-11
-9
-4
1
-7
-1
-3
6
-14
-1
4
5
13
-8
-23
-6
5
12
19
-3
-13
2
-1
-22
9
3
-3
1
18
7
4
19
6
-11
16
13
-18
-18
-6
0
-3
10
-1
-12
13
4
-1
6
-1
-6
-1
2
14
1
-24
15
34
11
-9
-19
-31
-17
12
5
3
26
-7
-52
-26
-4
-18
-41
4
43
74
24
-20
-9
-21
-1
9
-2
10
34
21
-19
-1
23
8
-17
-36
8
16
13
-21
-46
-7
46
47
2
-35
-63
-39
39
50
12
24
21
17
-25
-66
-49
-25
28
65
29
-15
7
39
-41
-103
-46
41
80
56
35
-21
-64
-19
17
-45
-92
10
97
71
24
13
-7
-52
-57
-61
-31
18
61
69
19
-8
-22
-29
-22
4
28
41
58
23
-63
-51
2
-20
-45
27
74
17
-29
2
11
-44
-18
9
-77
-77
44
113
22
-37
8
2
-49
-20
34
36
10
38
50
-24
-43
8
22
-27
-10
54
52
-22
-61
-26
-31
-29
23
27
-24
-15
38
53
-18
-40
-4
20
1
8
37
8
-39
-27
12
5
-13
22
42
3
-26
-8
10
-27
-19
32
27
-23
-29
2
-9
-22
4
26
21
5
-6
-17
-28
-34
-28
-9
-12
5
31
34
9
-17
-18
-11
-23
-16
3
10
13
28
43
26
8
-1
-14
-32
-32
-7
15
22
22
23
9
-11
-18
-12
-3
-6
1
15
4
-2
-3
5
-6
-16
-8
0
-3
0
11
11
13
22
26
16
-2
-12
-9
-10
-17
-6
7
10
18
18
9
-5
-14
-16
-15
-10
-10
-5
4
5
4
1
0
-3
-3
-3
3
5
-4
-4
3
1
-6
-2
0
-10
-14
-10
-5
-14
-20
-16
-16
-18
-14
-9
-3
-3
0
5
7
-4
-10
-9
-17
-25
-20
-9
-5
2
13
18
20
19
16
15
16
28
43
48
46
51
56
39
27
24
16
15
20
27
27
27
35
36
34
27
24
27
29
22
15
9
-10
-32
-51
-74
-97
-109
-119
-120
-105
-83
-63
-45
-33
-31
-36
-41
-51
-61
-57
-60
-63
-54
-47
-43
-28
-2
21
46
71
95
127
159
196
233
248
258
283
311
344
388
431
454
444
431
393
306
200
92
-8
-84
-134
-168
-190
-210
-240
-295
-378
-450
-482
-497
-504
-451
-367
-329
-356
-433
-584
-879
-1287
-1696
-2062
-2287
-2262
-1970
-1434
-743
52
814
1392
1753
1920
1899
1665
1346
1016
696
451
316
253
219
262
422
668
909
1170
1520
1944
2382
2654
2673
2455
2090
1681
1258
930
812
823
981
1355
1747
1978
2407
3277
3257
475
-4582
-9161
-11862
-13671
-14730
-13368
-9333
-4681
-663
3038
6002
7092
6591
5711
4524
2597
949
833
1214
305
-1238
-1677
-1523
-2236
-3312
-3427
-2594
-1352
477
2872
4824
5583
5715
5741
4842
2656
545
-597
-1529
-2605
-2947
-2313
-1591
-1135
-381
682
1350
1831
2914
3913
3738
3202
3328
3388
2765
2060
1508
867
426
592
1172
1550
1576
1810
1389
-2040
-7556
-11051
-11947
-12992
-13429
-10604
-5747
-1576
1773
4714
6334
6098
4915
3882
2790
1039
-124
538
1198
97
-1407
-2275
-3446
-4553
-4406
-3622
-2620
-365
2836
5237
6320
6575
6090
4820
2847
615
-1025
-1841
-2074
-1541
-844
-1250
-1814
-974
-68
-164
498
2320
3622
4397
5041
4705
3722
3022
2268
1481
938
261
170
1317
2072
1829
2240
3335
3009
-492
-6610
-11547
-12908
-13534
-14459
-11811
-5757
-927
2204
5333
7077
6545
5171
3691
2112
626
-304
176
1223
580
-1153
-1970
-2862
-5094
-6998
-6778
-4482
-1263
1870
5223
8280
8798
7279
6175
4317
599
-1920
-2286
-2823
-3117
-2012
-996
-783
-992
-1547
-1193
269
1218
2480
4769
5426
4516
4632
4098
1497
-111
0
-67
361
1525
1932
2117
2605
2285
1736
2195
2470
145
-5411
-10970
-12660
-12296
-12983
-11651
-6218
-1177
1442
4300
6821
6769
5406
4247
2855
1185
-113
-327
162
-560
-2523
-3495
-3790
-4969
-5651
-4871
-3771
-1378
3065
6613
7764
8216
7892
5881
3380
915
-1740
-3325
-3414
-3060
-2290
-1331
-978
-481
192
-210
-182
1898
3788
4253
4877
5033
3720
2663
1974
354
-734
-122
802
1606
2425
2570
2525
2645
2328
2627
2617
-2195
-10186
-13960
-13571
-14170
-13784
-8683
-2169
1925
4561
6818
7795
6930
4999
3263
1697
-258
-1115
-58
129
-1878
-3520
-3984
-4815
-5446
-4661
-2990
-766
1519
2960
4611
6870
7211
5543
4620
3523
456
-1959
-2324
-2854
-3295
-2227
-1327
-1330
-699
102
405
1398
2802
3608
4258
4322
3139
2217
1871
686
-280
303
965
1266
2271
3027
2591
2153
1892
1269
1687
3118
1422
-5353
-12366
-14764
-14423
-14336
-12113
-5675
1316
5324
7508
9032
8727
6516
3936
1589
-695
-2211
-2031
-1053
-1287
-2815
-3967
-4405
-4920
-4941
-3554
-1177
1764
4977
6862
6260
4726
4027
3376
1759
45
-976
-1695
-2119
-1898
-1475
-1356
-1215
-610
260
718
796
1578
3127
3856
3382
2950
2619
1833
1117
645
126
275
1327
2276
2842
3132
2702
2074
1867
1584
1973
3460
1695
-6088
-13973
-16248
-15756
-15376
-12012
-4592
2750
7198
9473
10246
9054
6063
2725
84
-2065
-3367
-2730
-1311
-1546
-3107
-4194
-4786
-5243
-4743
-2825
104
3668
7166
9174
8494
5712
2796
493
-1781
-3483
-3564
-2638
-1539
-171
841
624
-81
-190
192
733
1635
2966
4170
4398
3210
874
-1513
-2560
-2179
-1470
-576
1189
3093
4000
4140
3696
2372
845
-16
-502
-693
-66
1273
3251
5805
5680
-1281
-11916
-17986
-17907
-16522
-13746
-5928
4279
10671
12273
11623
9318
5112
500
-2679
-4245
-4637
-3313
-558
844
-684
-3036
-4337
-5136
-5297
-3521
4
4035
7675
9767
9059
5668
1336
-2051
-3842
-4383
-3850
-2239
-98
1694
2415
1830
486
-581
-624
324
1231
1514
2198
3310
2915
1000
-167
-298
-367
174
1558
2857
3916
4706
4574
3487
1879
337
-182
536
2161
3883
1787
-6749
-15857
-18465
-16919
-15268
-10669
-1593
7086
11538
12517
11506
8831
4608
-17
-3288
-4787
-4955
-3463
-1380
-1363
-3310
-4728
-5159
-5224
-4024
-938
3185
7389
10417
10763
8360
4547
622
-2571
-5078
-7548
-8980
-7059
-2268
1900
3812
4567
4480
3180
1740
1196
1174
1489
2195
2258
829
-1086
-2044
-2094
-1973
-1330
705
3561
5568
6089
5419
3704
1595
215
-477
-938
-519
1199
3526
6086
6793
801
-11522
-21144
-21861
-17867
-13361
-5852
5128
13582
15382
12780
8913
4181
-1012
-4741
-5924
-5254
-3237
-356
1125
-580
-3758
-5667
-6006
-5238
-2673
1838
6838
10597
11794
9648
4835
-464
-4237
-6078
-6778
-6708
-5306
-2294
1281
3789
4467
3800
2703
1692
1106
1158
1526
1817
1945
1231
-1048
-3506
-3901
-2398
-546
1461
3947
6016
6544
5385
3125
676
-1078
-1562
-878
250
1461
2877
4309
5711
6555
3008
-7837
-19861
-23518
-19154
-13645
-7412
2367
11871
14928
12103
7896
4044
132
-2955
-3966
-3437
-2461
-980
263
-843
-4146
-6629
-6720
-5286
-2567
1794
6687
10240
11304
9349
4742
-473
-3906
-5054
-4941
-4410
-3691
-2632
-777
1500
2724
2490
2071
2161
2357
2541
2623
2303
1677
601
-1371
-3248
-3267
-1478
695
2417
3504
4064
4216
3618
2242
971
221
-235
-78
766
1661
2526
3546
4565
5780
5260
-1873
-14759
-23587
-22371
-16394
-10579
-2641
7732
14649
14540
10485
6293
2387
-1398
-3678
-3817
-3099
-2229
-1032
-886
-3128
-6041
-6983
-5769
-3180
769
5498
9397
11140
10081
6290
1149
-3048
-4919
-4943
-4316
-3671
-2985
-2009
-487
1342
2575
2839
2933
3434
3785
3384
2461
1380
142
-1247
-2526
-3114
-2400
-578
994
1564
2009
2949
3706
3701
3171
2307
1191
142
-555
-714
-338
424
1597
2907
3908
5081
5414
3
-12031
-21808
-21739
-15922
-10190
-2860
6929
13646
13536
9418
4970
968
-2274
-3498
-2624
-1390
-785
-258
-441
-2692
-5778
-6921
-5648
-2959
958
5564
9131
10310
8777
4903
106
-3438
-4427
-3433
-1930
-887
-519
-573
-433
-45
-410
-1199
-305
2280
4160
4561
4257
2865
358
-2064
-3957
-4828
-3254
402
3710
5378
5506
4444
2901
1198
-464
-1010
-298
364
843
1586
1847
1833
2820
4471
6078
6299
393
-12604
-23264
-23164
-16486
-9981
-2580
6909
13440
13009
8320
3854
706
-1580
-2223
-1023
84
-98
-594
-1574
-4303
-7536
-8387
-6308
-2591
1998
6632
9747
10332
8472
4766
396
-2739
-3313
-1922
-538
-654
-2031
-3266
-3570
-3309
-2543
-571
2414
5110
6751
6939
5139
2047
-520
-2051
-3154
-3428
-2186
-228
1078
1462
1534
1758
2065
2345
2616
2579
1919
1019
315
-249
-374
363
1619
2869
3795
4195
4893
5371
339
-12471
-23796
-23524
-15320
-7914
-1198
7207
12859
11483
6134
1641
-883
-1806
-687
1803
3033
1683
-550
-2631
-5496
-8404
-8585
-5573
-1317
3002
6829
8912
8450
6059
2810
-315
-2066
-1605
200
1366
718
-1496
-3851
-4586
-3773
-2782
-1031
2387
5291
5777
5086
3734
1202
-716
-902
-1069
-1532
-929
235
769
776
620
869
1725
2276
2451
2902
2766
1503
489
210
103
575
1770
2918
3728
4458
5476
4472
-4016
-18547
-26729
-21636
-11615
-4231
2878
10281
12512
8246
2587
-475
-927
372
3155
5753
5055
865
-3534
-6684
-9461
-10687
-8308
-3460
1427
5456
8039
8319
6553
3973
1705
336
51
852
1998
1749
-634
-3673
-5602
-5585
-3584
-1075
372
1627
3524
4445
3637
2776
2485
2120
1727
1072
-184
-1044
-1043
-1169
-1342
-690
371
1180
1846
2285
2356
2167
1688
1162
959
837
899
1481
1847
1518
1439
2274
4071
5066
-339
-13435
-23531
-20824
-11077
-4133
678
6471
9626
6994
2113
-394
-64
1509
3762
5936
5416
1144
-3801
-6712
-8193
-8581
-6581
-2652
1070
3642
5091
5117
3830
2383
1944
2547
3384
3853
3686
2347
-553
-3999
-5976
-5715
-4383
-2741
-443
1684
2222
2110
2763
3376
3490
4040
4197
2455
92
-1159
-1662
-1791
-1198
-253
465
753
542
493
1146
1730
1946
2433
2666
2054
1550
1447
1115
1143
2116
3697
5630
4292
-5775
-20076
-25039
-17134
-7071
-1508
2846
7150
7445
3475
-81
-439
1283
3857
6953
8442
5296
-1324
-6717
-8787
-8754
-7055
-3609
-154
1661
2268
2489
2235
1716
2052
3786
5741
6363
5329
3084
-74
-3497
-5812
-5875
-3979
-1937
-1167
-985
-342
377
1027
2456
4330
5431
5639
4838
2512
-220
-1385
-1066
-818
-1289
-1901
-1968
-1477
-757
343
1847
2895
3056
2878
2445
1433
578
816
1651
2254
2620
2873
3317
4318
2730
-6436
-19412
-23706
-15265
-4551
346
2389
4359
3546
-115
-2098
-289
3308
6809
9497
9720
5517
-1740
-7445
-8899
-7420
-5008
-2483
-881
-862
-1372
-1095
-87
1245
3216
5807
7743
7714
5827
3080
223
-2150
-3442
-3452
-2514
-1736
-2318
-3580
-3483
-1726
436
2652
4807
5851
5398
3953
1837
66
48
1257
1879
1247
-393
-2491
-3777
-3383
-1864
-84
1524
2488
2702
2422
1701
1020
1353
2446
3101
3248
3316
3287
3822
3888
-1838
-14276
-22763
-18153
-7284
-1732
-1274
-60
1323
162
-1126
536
3881
6600
8568
9463
7146
1198
-4669
-6662
-5180
-3034
-1892
-2091
-3252
-4192
-3851
-2188
295
3008
5367
6854
6946
5516
3335
1483
487
348
454
-55
-1200
-2746
-4714
-5857
-4430
-1460
654
1998
3528
4382
3886
2910
2239
2288
3170
3736
2653
154
-2566
-4231
-3978
-2401
-872
217
991
1378
1648
1863
1760
2088
3462
4539
4274
3433
2662
2605
3383
532
-9911
-20420
-19221
-8891
-2274
-2566
-3149
-1844
-1572
-1878
27
3671
6695
8633
9748
8491
3641
-2074
-4424
-3034
-1026
-604
-1880
-4158
-6058
-6174
-4493
-2009
635
3166
5084
5846
5418
4391
3583
3336
3306
2996
2117
487
-1607
-3362
-4549
-5530
-5508
-3318
-241
1411
1812
2304
2678
2692
3220
4206
4471
3663
2315
769
-856
-2263
-2756
-1950
-890
-814
-1188
-952
-346
204
986
2139
3359
4042
3707
2931
2564
2652
3498
3912
-885
-11339
-17708
-13065
-5103
-3362
-5459
-5682
-4875
-4692
-2941
1137
4951
7148
8665
9263
7122
2636
-630
-509
1094
1535
306
-2172
-5199
-7095
-6633
-4544
-2229
-303
1143
2212
3045
3510
3725
4365
5358
5573
4476
2495
152
-1614
-2151
-2681
-3893
-3692
-1522
-316
-921
-945
-85
397
1299
3141
4391
4325
3705
2971
1958
359
-1329
-1605
-477
160
-134
-456
-849
-1089
-244
1173
1961
2079
1986
2157
2805
3380
3938
3839
-816
-10194
-15109
-9895
-2929
-2747
-5651
-5960
-5097
-4959
-3629
-433
2458
4074
5511
6642
5606
2659
1095
2396
4020
3572
1351
-1511
-4068
-5171
-4493
-3093
-2069
-1623
-1360
-933
-363
328
1499
3261
4843
5292
4544
3261
1992
1061
657
263
-968
-2347
-2286
-1264
-1065
-1489
-1375
-1001
-647
484
2093
2778
2596
2656
2803
2100
834
254
632
891
373
-438
-1102
-1472
-1064
105
990
1189
1301
1607
2046
2488
2578
2954
3993
1855
-6332
-13409
-10530
-2600
-833
-4975
-7384
-6884
-6331
-4832
-1206
2078
3220
3791
4962
5150
3364
1866
2908
4928
4998
2864
27
-2481
-3769
-3305
-2117
-1697
-2150
-2532
-2196
-1314
-402
495
1703
2996
3586
3091
2157
1732
1894
2070
2054
1402
-442
-1942
-1176
208
-194
-1138
-1074
-841
-353
1050
1768
1025
664
1079
785
81
233
937
1271
1031
541
276
385
678
1075
1449
1630
1631
1463
1317
1481
1728
2203
2705
-222
-8209
-13510
-8681
-700
-506
-5575
-7547
-6385
-5286
-3211
140
1894
1591
1888
3436
3969
2617
1796
3335
5266
4918
2753
605
-938
-1661
-1331
-895
-1534
-2703
-3007
-2221
-1272
-857
-717
-152
864
1627
1945
2246
2607
2856
2936
2255
661
-145
849
1693
923
-38
-250
-544
-812
-361
147
76
-104
-202
-361
-246
309
981
1418
1234
574
411
1107
1898
2169
1950
1560
1410
1463
1507
1794
2084
2015
2356
1470
-4699
-12626
-11885
-2963
1081
-4034
-9121
-9007
-6897
-4251
-726
1151
309
-46
1886
3888
4045
3530
4194
5574
5665
3864
1594
275
193
719
624
-810
-2737
-3727
-3353
-2356
-1796
-1912
-1818
-914
179
834
1193
1385
1514
1832
1928
1488
1657
3091
4068
3194
1592
548
-57
-312
2
418
267
-351
-799
-872
-1018
-1272
-944
-62
328
-18
-113
625
1622
2042
1832
1667
1908
2271
2436
2354
2182
1997
1758
1977
2148
-1191
-8398
-11503
-5573
543
-2165
-8512
-10107
-7867
-5279
-2462
-561
-1078
-1698
-42
2320
3327
3477
4004
5054
5765
5162
3474
2187
2261
2937
2694
1010
-1121
-2376
-2448
-2076
-2177
-3023
-3904
-3807
-2645
-1367
-678
-171
738
1502
1418
1437
2638
3956
3938
3072
2437
2307
2581
2705
2089
1161
501
-131
-862
-1455
-1825
-1688
-985
-577
-1061
-1735
-1620
-477
1013
1682
1285
1003
1702
2625
2794
2584
2675
2830
3159
3590
1237
-5140
-9002
-4788
694
-1558
-8049
-10480
-8681
-6289
-4028
-2718
-3643
-4687
-3033
90
1873
2261
3037
4663
5872
5728
4909
4596
5004
5362
4696
2733
486
-628
-449
-183
-958
-2606
-3971
-4284
-3825
-3147
-2562
-2249
-1971
-1357
-822
-596
401
2442
3758
3396
2722
2907
3641
4216
4143
3458
2797
2396
1827
996
159
-712
-1580
-2056
-2138
-2313
-2615
-2399
-1537
-840
-713
-537
206
1272
2054
2239
2375
3047
3660
3823
3895
2146
-2825
-6234
-3235
961
-1126
-6540
-8515
-7393
-6156
-4812
-3927
-4846
-5866
-4669
-2303
-809
-90
1017
2693
3911
4050
4001
4787
5911
6396
6012
4884
3458
2653
2712
2600
1364
-692
-2423
-3080
-3019
-3053
-3419
-3835
-3993
-3586
-2862
-2506
-2084
-619
991
1337
1336
2410
3873
4663
4838
4537
3963
3627
3327
2540
1630
1002
465
61
-251
-942
-1720
-1813
-1516
-1515
-1663
-1529
-959
-190
162
136
495
1221
2120
3095
1873
-2608
-4858
-724
3200
101
-5292
-6477
-5170
-4206
-2964
-2519
-4421
-6121
-4991
-2681
-1625
-1536
-940
466
1568
1654
1722
2836
4345
5146
5042
4282
3474
3502
4243
4351
3041
1103
-174
-440
-383
-742
-1620
-2628
-3216
-3215
-3041
-2925
-2655
-2299
-1922
-1010
354
1253
1620
2053
2490
2879
3482
3808
3432
3076
3096
2809
2101
1503
1049
591
177
-296
-815
-1102
-1195
-1327
-1495
-1601
-1441
-871
-292
4
319
580
767
1618
1936
-987
-4674
-3106
1834
1968
-2901
-5592
-4561
-3470
-2794
-2032
-3055
-5336
-5468
-3280
-1791
-1885
-1986
-1201
-93
661
1264
2338
3695
4517
4561
4076
3413
3264
3984
4543
3748
2077
978
950
1197
781
-382
-1605
-2250
-2242
-2100
-2416
-2970
-2857
-2036
-1542
-1584
-1164
17
1065
1424
1518
1901
2560
3072
3228
3157
2913
2603
2577
2683
2259
1344
703
462
116
-336
-546
-547
-579
-760
-1120
-1218
-591
146
344
693
474
-2591
-5872
-3605
1424
672
-4578
-6002
-3552
-2420
-2319
-1908
-3236
-5303
-4536
-1984
-856
-898
-698
-228
307
672
901
1873
3346
3778
3232
2928
2893
3070
3848
4198
2963
1277
722
1052
1306
927
-147
-1179
-1518
-1581
-1784
-1993
-2331
-2569
-1918
-791
-389
-428
-107
162
246
892
1875
2321
2474
2801
2882
2426
1916
1906
2285
2277
1455
508
205
346
467
424
6
-766
-1229
-937
-484
-488
-584
-299
190
753
618
-1922
-5109
-3667
1473
2007
-3428
-6580
-4559
-2588
-2449
-2358
-3335
-5235
-4641
-1812
-556
-1254
-1587
-920
184
1104
1338
1583
2602
3366
3064
2659
2794
3176
3794
4227
3493
2035
1427
1888
2152
1453
249
-608
-896
-1036
-1315
-1676
-2016
-2114
-1856
-1725
-1947
-1804
-935
-142
63
280
998
1932
2511
2363
1736
1557
2295
3138
3054
2060
1033
726
1126
1438
965
97
-331
-343
-399
-470
-510
-578
-321
138
148
92
-143
-2320
-4782
-2757
1487
200
-5312
-6626
-3627
-2305
-2806
-2853
-3732
-4954
-3663
-1246
-896
-1668
-1475
-590
354
1062
1236
1645
2773
3303
2781
2610
3145
3587
3928
3997
3076
1911
1877
2463
2300
1351
368
-277
-561
-725
-1171
-1898
-2371
-2196
-1739
-1734
-2059
-1735
-721
-149
-209
102
881
1350
1545
1881
2139
2228
2465
2597
2198
1634
1392
1472
1691
1655
1066
446
350
410
253
19
-209
-263
-24
53
-6
12
-1395
-4261
-4358
-607
551
-3815
-7218
-5452
-2670
-2225
-2828
-3758
-4879
-4477
-2516
-1413
-1803
-2010
-1154
249
1304
1528
1592
2331
3146
3157
2901
3209
3863
4261
4111
3354
2363
1897
2225
2623
2106
744
-313
-462
-424
-840
-1398
-1800
-2071
-2052
-1861
-1931
-1928
-1329
-779
-818
-608
359
1269
1597
1639
1659
1896
2460
2807
2488
1942
1681
1687
1712
1510
994
386
99
240
352
23
-380
-516
-628
-606
-236
-99
-196
-48
-1056
-3589
-3888
-789
322
-2941
-5612
-4833
-3202
-2310
-2168
-3462
-4920
-4106
-1984
-985
-1088
-1411
-1515
-673
703
1211
1223
1918
2673
2637
2452
2673
3153
3787
4186
3797
2969
2548
2685
2805
2213
886
-177
-181
243
35
-881
-1789
-2071
-1709
-1350
-1535
-1850
-1570
-922
-600
-523
-203
271
648
1045
1375
1390
1423
1824
2175
2088
1771
1431
1261
1527
1799
1434
825
626
675
717
663
291
-126
-137
-15
-30
-530
-2324
-4055
-2819
-242
-1097
-4673
-6122
-4798
-3322
-2657
-3191
-4860
-5391
-3592
-1707
-1410
-1860
-2035
-1374
125
1219
1301
1553
2412
2949
3045
3234
3543
4039
4593
4413
3465
2844
2930
3078
2789
1889
682
65
245
205
-632
-1615
-2044
-1911
-1643
-1687
-1968
-1917
-1441
-1105
-1042
-727
-12
632
892
850
721
872
1506
2180
2209
1665
1249
1365
1783
1981
1660
1113
851
841
712
531
397
112
-140
-124
-247
-498
-353
-844
-2696
-3431
-1537
-391
-2457
-4900
-5035
-3849
-2700
-2338
-3523
-4998
-4469
-2631
-1715
-1741
-1728
-1529
-874
268
973
1081
1527
2358
2784
2804
2936
3299
3733
3905
3565
3012
2766
2895
3040
2733
1784
743
315
381
278
-260
-980
-1465
-1520
-1484
-1646
-1678
-1350
-1152
-1315
-1255
-740
-232
124
452
546
476
777
1395
1754
1750
1615
1418
1417
1761
1923
1586
1254
1231
1230
1143
966
601
296
216
79
-12
-117
-1337
-3185
-2957
-921
-966
-3603
-5248
-4790
-3827
-2878
-2652
-4135
-5373
-4137
-2245
-1901
-2125
-1934
-1687
-941
405
1096
1055
1526
2362
2662
2756
3169
3622
3897
4013
3774
3245
2972
3125
3165
2583
1630
933
725
689
374
-434
-1353
-1652
-1323
-1161
-1487
-1821
-1855
-1656
-1314
-1020
-831
-516
-80
118
74
165
600
1227
1605
1412
1046
1158
1643
1959
1948
1635
1221
1138
1353
1310
963
637
361
177
112
-132
-356
-397
-1343
-3037
-2895
-909
-833
-3274
-4767
-4283
-3460
-2615
-2242
-3515
-4849
-3952
-2249
-1816
-1904
-1783
-1811
-1279
131
959
859
1213
2080
2422
2467
2912
3482
3771
3778
3489
3094
3048
3337
3359
2730
1764
1109
985
1008
685
-60
-872
-1245
-1036
-819
-1190
-1753
-1754
-1400
-1278
-1204
-930
-845
-947
-654
-95
177
352
682
871
969
1286
1509
1449
1543
1761
1708
1552
1545
1449
1257
1126
905
623
442
224
57
-59
-992
-2447
-2346
-902
-1125
-3232
-4347
-3927
-3447
-2975
-2748
-3831
-4999
-4216
-2659
-2291
-2412
-2111
-1917
-1597
-495
571
875
1163
1794
2164
2379
2990
3645
3763
3572
3438
3303
3250
3411
3383
2760
1945
1553
1444
1225
861
349
-357
-864
-859
-816
-1165
-1501
-1494
-1516
-1682
-1575
-1230
-995
-756
-465
-517
-647
-27
1018
1340
927
662
902
1486
2075
2025
1336
983
1368
1725
1579
1165
715
463
467
397
209
51
-651
-1911
-2214
-1234
-1044
-2463
-3716
-3827
-3541
-3181
-2908
-3426
-4320
-4196
-3197
-2562
-2348
-2024
-1780
-1582
-865
162
756
1017
1431
1862
2129
2513
3071
3418
3432
3334
3231
3175
3238
3286
3010
2429
1928
1717
1566
1199
656
157
-206
-469
-704
-985
-1276
-1440
-1508
-1572
-1534
-1337
-1201
-1183
-1003
-653
-406
-221
126
522
724
779
868
1069
1333
1554
1619
1535
1430
1462
1590
1496
1122
829
738
662
584
281
-759
-1903
-1740
-778
-1059
-2686
-3837
-3829
-3300
-2801
-2942
-3943
-4623
-3981
-2921
-2575
-2671
-2566
-2184
-1528
-699
-81
263
709
1323
1799
2112
2521
3060
3455
3497
3318
3222
3366
3571
3491
2992
2364
2023
1971
1843
1392
735
153
-181
-333
-509
-823
-1181
-1414
-1500
-1512
-1479
-1386
-1282
-1226
-1113
-820
-469
-289
-192
80
485
720
784
900
1064
1199
1371
1502
1394
1204
1261
1406
1279
990
768
569
445
465
101
-961
-1723
-1320
-781
-1429
-2752
-3534
-3461
-2856
-2413
-2956
-4026
-4173
-3263
-2539
-2426
-2407
-2281
-1957
-1267
-548
-186
161
752
1232
1499
1853
2315
2744
3106
3250
3113
3051
3266
3426
3274
2914
2496
2161
2002
1817
1360
766
316
18
-213
-444
-749
-1079
-1283
-1373
-1450
-1450
-1316
-1159
-1075
-1086
-1127
-941
-388
137
188
-20
25
445
969
1279
1220
1013
1034
1348
1670
1668
1297
903
825
970
1022
759
-32
-1057
-1305
-644
-464
-1544
-2821
-3261
-2987
-2481
-2363
-3118
-4048
-3930
-3024
-2556
-2669
-2691
-2433
-1997
-1390
-800
-437
-65
519
1062
1376
1704
2223
2744
3045
3098
3060
3121
3334
3470
3279
2843
2474
2315
2214
1950
1464
933
538
265
17
-246
-542
-870
-1134
-1269
-1339
-1376
-1348
-1314
-1308
-1239
-1113
-1050
-903
-476
-38
35
-103
-21
366
860
1209
1210
965
895
1245
1681
1689
1255
839
761
923
1001
674
-201
-1045
-1041
-525
-735
-1860
-2812
-2958
-2623
-2340
-2588
-3404
-3913
-3407
-2617
-2515
-2770
-2652
-2199
-1667
-1103
-709
-508
-58
685
1179
1338
1635
2171
2635
2889
2959
2900
2955
3233
3379
3116
2697
2441
2331
2197
1907
1421
940
668
479
152
-229
-492
-688
-880
-1052
-1220
-1318
-1247
-1150
-1279
-1427
-1235
-833
-599
-574
-588
-486
-115
426
697
592
567
851
1163
1338
1477
1468
1201
969
1004
1129
1119
840
106
-743
-884
-378
-387
-1388
-2479
-2862
-2619
-2248
-2364
-3162
-3861
-3640
-2918
-2629
-2770
-2779
-2501
-2046
-1490
-1006
-661
-234
352
836
1095
1434
2010
2550
2795
2814
2814
2933
3208
3419
3256
2788
2457
2434
2423
2148
1660
1176
842
663
468
89
-342
-568
-676
-895
-1154
-1251
-1243
-1260
-1294
-1319
-1293
-1109
-870
-831
-830
-523
-62
164
159
186
385
797
1222
1242
952
941
1278
1399
1125
833
770
854
819
286
-607
-992
-558
-275
-963
-2101
-2755
-2630
-2088
-1888
-2527
-3438
-3600
-2967
-2374
-2273
-2429
-2473
-2169
-1534
-935
-614
-348
105
611
990
1322
1719
2140
2500
2708
2721
2703
2870
3112
3110
2836
2512
2319
2261
2181
1883
1397
979
748
584
370
74
-272
-577
-779
-923
-1056
-1103
-1114
-1214
-1358
-1409
-1315
-1081
-770
-612
-706
-755
-474
0
384
531
446
370
634
1132
1321
1041
733
778
1061
1177
778
-28
-530
-251
190
-190
-1284
-2133
-2191
-1764
-1547
-2027
-2909
-3316
-2905
-2338
-2255
-2500
-2577
-2271
-1742
-1282
-1042
-817
-366
214
642
872
1153
1621
2121
2399
2431
2435
2608
2895
3043
2896
2596
2392
2360
2321
2089
1706
1335
1067
857
623
335
26
-252
-493
-706
-879
-986
-1052
-1112
-1180
-1263
-1307
-1225
-1001
-745
-629
-665
-651
-386
60
385
422
362
493
803
984
884
754
884
1108
973
343
-263
-245
226
270
-564
-1681
-2154
-1796
-1313
-1499
-2364
-3124
-3117
-2566
-2187
-2293
-2558
-2519
-2090
-1570
-1233
-1015
-669
-150
343
655
896
1271
1788
2219
2366
2345
2433
2730
2993
2958
2659
2385
2340
2393
2272
1881
1430
1149
1014
843
533
162
-128
-311
-467
-652
-831
-948
-1017
-1077
-1140
-1183
-1173
-1079
-915
-750
-667
-647
-559
-313
17
256
315
315
455
716
849
752
644
758
967
893
388
-182
-265
108
221
-402
-1365
-1881
-1698
-1296
-1351
-2024
-2748
-2872
-2444
-2073
-2111
-2337
-2362
-2044
-1574
-1235
-1044
-771
-304
172
478
695
1038
1542
2010
2219
2200
2225
2473
2798
2887
2671
2374
2238
2269
2247
1993
1557
1168
959
844
664
363
20
-271
-467
-597
-706
-812
-910
-1009
-1119
-1181
-1120
-949
-802
-772
-790
-704
-445
-128
63
71
73
281
640
840
712
467
473
787
1024
764
75
-410
-268
126
19
-753
-1575
-1824
-1540
-1305
-1596
-2263
-2692
-2548
-2158
-2018
-2171
-2268
-2063
-1662
-1316
-1127
-923
-510
38
450
632
794
1160
1686
2111
2244
2184
2208
2437
2695
2744
2549
2292
2150
2117
2039
1813
1483
1174
931
712
480
232
-6
-243
-492
-723
-887
-946
-952
-1002
-1136
-1260
-1248
-1066
-818
-664
-649
-635
-477
-180
99
244
316
449
648
750
666
553
637
876
936
557
-58
-399
-215
102
-77
-828
-1589
-1808
-1532
-1299
-1536
-2126
-2543
-2488
-2182
-2016
-2076
-2126
-1959
-1636
-1360
-1192
-955
-517
13
396
557
696
1040
1577
2031
2191
2139
2143
2347
2594
2670
2521
2308
2181
2127
2009
1767
1476
1238
1051
836
551
244
4
-168
-333
-528
-731
-871
-948
-999
-1052
-1087
-1069
-993
-889
-790
-686
-565
-402
-214
-38
103
219
373
563
696
691
564
495
616
817
786
364
-203
-469
-297
-87
-329
-1014
-1635
-1793
-1599
-1503
-1777
-2222
-2443
-2316
-2110
-2075
-2127
-2024
-1703
-1347
-1156
-1080
-853
-341
248
620
733
818
1110
1601
2042
2224
2201
2190
2302
2455
2513
2435
2300
2177
2047
1848
1590
1351
1169
995
744
425
121
-103
-267
-433
-617
-776
-868
-923
-1004
-1098
-1119
-1015
-836
-712
-688
-667
-526
-265
-4
141
189
266
444
650
728
639
522
543
685
718
456
-8
-359
-396
-269
-373
-851
-1425
-1733
-1703
-1596
-1688
-2002
-2286
-2313
-2127
-1960
-1929
-1927
-1777
-1458
-1121
-903
-754
-497
-69
406
745
923
1070
1346
1731
2064
2206
2208
2220
2306
2404
2406
2285
2117
1982
1854
1664
1408
1145
937
762
546
271
-17
-235
-374
-492
-639
-802
-909
-943
-948
-968
-989
-936
-797
-646
-561
-524
-433
-231
26
195
230
240
358
575
718
661
480
389
479
580
443
54
-343
-479
-399
-418
-758
-1264
-1595
-1623
-1538
-1605
-1873
-2129
-2163
-1999
-1842
-1823
-1836
-1706
-1393
-1046
-821
-691
-482
-98
355
696
880
1022
1251
1581
1880
2030
2059
2083
2165
2245
2244
2144
2013
1907
1808
1649
1411
1152
946
790
612
362
70
-180
-330
-417
-527
-700
-875
-959
-943
-890
-877
-901
-873
-738
-554
-416
-348
-266
-95
123
282
336
358
443
570
630
554
420
355
375
344
136
-201
-470
-552
-560
-715
-1066
-1425
-1597
-1582
-1562
-1689
-1900
-2013
-1931
-1753
-1637
-1610
-1550
-1344
-1020
-716
-523
-368
-126
237
613
878
1037
1187
1414
1682
1882
1964
1969
1986
2038
2076
2020
1879
1717
1591
1478
1318
1099
864
661
496
329
135
-74
-253
-377
-465
-558
-655
-726
-750
-735
-714
-693
-655
-586
-487
-388
-308
-230
-133
-16
96
179
228
261
304
353
379
348
275
195
128
62
-40
-206
-403
-571
-685
-797
-958
-1150
-1310
-1409
-1461
-1511
-1578
-1626
-1619
-1548
-1457
-1366
-1264
-1125
-932
-710
-497
-296
-84
157
411
649
858
1047
1231
1402
1550
1653
1725
1776
1806
1805
1761
1689
1597
1496
1376
1232
1066
893
728
561
394
232
80
-58
-184
-296
-387
-455
-503
-534
-552
-547
-523
-479
-425
-367
-305
-234
-155
-81
-14
45
100
146
173
187
187
174
146
93
23
-60
-146
-241
-355
-490
-625
-739
-838
-951
-1076
-1184
-1264
-1317
-1354
-1381
-1395
-1375
-1323
-1239
-1143
-1033
-902
-739
-551
-360
-170
19
219
420
613
800
963
1104
1231
1337
1420
1475
1504
1505
1481
1438
1370
1289
1191
1081
965
839
712
586
466
349
242
140
49
-34
-102
-161
-210
-247
-279
-299
-312
-314
-309
-299
-283
-262
-236
-204
-169
-134
-96
-63
-32
-8
18
31
34
31
15
-12
-51
-97
-153
-220
-297
-383
-473
-572
-664
-749
-826
-900
-965
-1018
-1060
-1077
-1077
-1063
-1036
-988
-920
-833
-735
-623
-500
-367
-227
-82
63
206
349
487
617
733
836
932
1016
1083
1128
1155
1167
1168
1153
1119
1071
1007
937
860
778
686
592
499
409
320
235
155
85
23
-32
-77
-117
-147
-167
-180
-190
-195
-192
-190
-183
-172
-160
-142
-126
-112
-102
-96
-90
-85
-84
-91
-104
-122
-148
-190
-241
-292
-349
-411
-477
-543
-610
-680
-744
-798
-842
-879
-905
-919
-917
-900
-872
-831
-772
-699
-617
-526
-424
-313
-192
-69
56
180
301
419
530
635
724
799
858
912
949
972
980
973
952
921
879
826
764
704
641
574
507
437
373
315
260
206
156
111
71
43
20
-2
-19
-31
-45
-51
-55
-59
-61
-65
-66
-71
-82
-95
-105
-114
-129
-149
-174
-200
-232
-259
-288
-326
-366
-402
-441
-482
-524
-560
-593
-619
-642
-663
-680
-691
-694
-688
-667
-642
-615
-577
-536
-487
-429
-366
-295
-222
-150
-75
5
81
160
238
312
381
442
498
555
604
643
672
698
722
735
742
740
733
720
698
671
642
610
577
547
513
470
423
377
345
312
276
236
198
161
126
90
53
22
-8
-36
-71
-104
-133
-169
-208
-243
-283
-328
-373
-416
-461
-514
-568
-618
-656
-697
-737
-768
-795
-810
-826
-822
-810
-790
-756
-712
-657
-598
-527
-451
-361
-271
-180
-91
3
96
185
266
343
415
476
526
569
597
614
626
629
631
619
602
584
561
537
511
482
453
423
396
369
341
316
291
263
234
208
183
153
135
112
96
76
56
46
36
31
19
10
6
-3
-12
-22
-33
-53
-73
-95
-127
-161
-196
-230
-258
-290
-329
-371
-407
-437
-466
-490
-505
-521
-532
-536
-529
-514
-497
-471
-439
-404
-364
-323
-277
-226
-178
-126
-76
-30
13
51
91
125
153
178
201
218
231
239
244
249
251
251
254
254
255
262
265
271
270
278
283
295
310
321
333
343
358
367
367
372
370
369
357
341
326
305
274
246
211
163
127
86
47
6
-40
-84
-122
-173
-219
-257
-288
-321
-354
-389
-417
-435
-452
-465
-475
-484
-480
-473
-469
-461
-444
-426
-405
-382
-353
-325
-295
-260
-222
-183
-151
-110
-71
-36
6
50
84
114
149
178
200
219
240
263
280
286
290
291
292
294
301
304
299
290
283
280
276
269
273
276
275
264
251
237
218
208
194
187
182
159
141
116
98
80
64
46
24
1
-23
-46
-69
-84
-108
-131
-158
-187
-206
-223
-248
-264
-285
-307
-321
-336
-349
-357
-366
-367
-363
-359
-354
-340
-322
-307
-275
-240
-211
-173
-134
-94
-59
-31
6
45
73
104
130
145
159
172
183
196
203
199
205
209
204
199
192
182
179
179
172
172
167
161
157
154
149
143
149
151
155
155
147
142
144
147
143
130
119
108
96
91
81
58
39
36
28
10
-2
-29
-47
-50
-66
-86
-110
-138
-164
-190
-210
-228
-251
-270
-286
-303
-306
-311
-312
-304
-298
-276
-247
-216
-189
-162
-128
-88
-51
-24
13
54
81
105
131
149
155
159
171
168
159
153
136
119
101
81
70
56
34
18
16
6
1
11
23
22
26
39
50
61
71
82
89
86
90
100
92
85
83
80
70
52
49
45
37
29
14
2
-9
-19
-16
-21
-34
-43
-51
-58
-61
-63
-69
-73
-69
-71
-69
-78
-84
-80
-72
-74
-74
-66
-58
-57
-49
-41
-52
-24
-5
-11
-12
-9
7
14
12
14
23
26
32
31
28
26
23
25
22
17
10
13
16
12
5
9
10
8
5
10
4
6
9
13
17
19
10
4
19
7
2
14
21
19
16
9
5
9
12
12
11
6
2
-3
-5
5
5
3
-4
-9
-7
-13
-4
5
2
-3
0
-4
-10
5
5
7
3
0
3
-1
6
-1
11
14
7
3
-3
6
5
2
6
8
1
6
7
6
4
-3
-4
4
1
-9
-4
2
0
-4
-11
-20
-19
-19
-11
-11
-18
-17
-17
-18
-21
-18
-14
-20
-9
-8
-11
-9
3
6
5
9
4
4
-4
4
15
12
-2
1
7
5
9
10
14
12
11
8
6
7
5
7
18
11
-2
-8
-4
-4
-5
1
-1
-3
-7
-10
-13
-4
1
-8
-1
6
0
-2
4
6
1
5
12
11
5
5
8
10
12
8
3
7
5
3
9
3
0
-4
-5
-9
-5
0
-3
-10
-9
-8
-5
-5
2
0
-6
-9
-1
6
2
-6
0
9
5
0
-2
3
-1
-5
7
10
-2
-4
3
5
0
-3
-4
4
10
2
7
7
-9
-4
1
6
8
9
11
4
-11
-10
3
1
5
5
-5
-9
-23
-19
-5
0
14
10
-1
-11
-13
-13
-6
-2
3
3
-4
-6
-11
-8
-1
11
10
5
-2
1
-1
-1
4
3
9
6
8
-5
-4
-4
-6
5
7
10
7
1
1
14
-1
-7
-2
8
-2
-6
6
8
-4
5
-4
-9
4
2
2
2
1
-1
-2
1
8
2
2
5
0
-7
0
5
3
3
5
2
2
0
-1
3
8
0
-2
-8
2
0
-10
5
-4
-8
2
4
-8
-10
-3
-4
1
9
-11
-8
4
0
-3
1
-11
-9
-4
-4
1
-1
-1
-5
5
2
-7
-7
-2
2
6
18
8
-7
-4
2
8
12
1
0
6
2
-1
1
2
9
-2
-12
-5
3
4
9
2
0
0
-2
-3
2
7
5
4
8
-4
-9
1
9
8
-8
-7
-5
-8
-2
3
1
-7
0
-4
-5
-2
-5
5
6
12
-3
-13
2
6
7
11
8
-2
-7
-2
-4
5
8
-1
7
5
-13
-7
0
-4
-2
0
-8
-9
-2
8
7
-6
6
-1
-10
-1
-3
3
3
3
-5
2
6
4
0
-1
3
-7
-4
2
8
2
1
2
-4
1
-6
-4
3
1
-3
-6
5
-2
-9
4
8
8
4
1
8
6
-1
-4
-1
4
-1
3
4
-5
-10
-9
-2
-4
5
6
4
-2
-4
0
-2
-6
-2
0
4
2
5
-2
-3
11
5
7
-4
-6
-1
-5
8
2
-1
-1
0
4
6
3
-1
4
2
1
9
-3
-6
3
-4
-5
-5
-2
-4
-7
9
6
0
3
-3
2
-3
1
7
2
-4
-5
8
1
-5
-9
-7
1
3
0
-6
-5
2
4
3
2
-4
-4
-2
0
3
8
-5
-2
-1
-12
-12
-2
4
-1
7
7
-6
-3
-3
-3
3
-1
-6
7
9
2
1
-1
-6
-2
-5
-8
1
5
-6
-7
2
-1
5
6
8
-1
-11
-1
11
10
7
11
10
3
-1
-12
-9
3
7
17
15
6
5
8
2
-7
-4
-1
6
8
-4
3
9
-1
-7
-4
-6
-12
-3
-1
0
-1
-2
0
-1
-4
-5
-2
-3
3
8
-3
-1
-4
-6
-3
-6
-9
-6
-7
-7
-4
-2
-1
-5
-8
-2
1
-6
-8
-4
-2
-1
3
8
6
-3
3
5
0
1
-6
-2
4
6
7
4
8
7
6
3
2
8
6
7
-2
1
-1
-3
-4
-2
-1
-5
1
7
-1
-5
2
