6  4  6  6  6  6  6  6  6  6  12  6  6  6  6  6  6  6  6  6  6  6  4  4  4  4  4  4  4  4  4  4  4  4  4  4  4  4  4  4  4  4  4  4  32  32  4  4  4  4  4  32  32  32  4  4  4  4  4  32  16  2  2  2  3  3  3  3  3  3  3  3  
32  6  6  6  6  6  6  6  6  6  6  6  6  6  6  12  6  6  6  6  6  6  6  6  6  6  6  6  6  6  6  6  6  4  6  6  6  6  6  4  4  4  4  4  4  4  4  4  4  4  4  4  4  4  4  4  4  4  4  4  6  32  8  8  8  3  3  3  
3  3  3  3  3  3  3  3  3  3  32  15  15  15  32  6  6  6  4  6  4  6  12  4  6  6  6  6  6  6  6  6  6  6  6  6  6  6  6  6  4  6  6  6  6  6  6  4  4  6  6  6  6  4  4  4  4  4  4  4  4  4  4  4  4  4  4  4  4  4  4  4  
4  4  32  32  32  4  32  16  16  16  2  2  3  3  3  3  3  3  3  3  3  3  3  3  3  3  3  3  32  15  32  32  32  32  6  6  6  6  6  6  6  6  6  12  4  6  4  6  6  6  6  6  6  6  6  6  6  6  6  
4  4  4  4  4  4  23  32  32  4  4  4  4  4  4  4  23  4  4  4  16  16  2  2  2  2  2  2  3  3  3  3  3  3  3  3  3  3  3  3  32  32  32  32  32  6  4  4  4  4  4  4  4  6  4  12  4  4  4  
4  4  4  4  4  4  4  4  4  4  4  32  8  4  4  4  4  4  4  4  32  32  32  4  32  16  2  2  2  2  2  2  2  3  3  3  3  3  3  3  3  3  3  3  3  3  3  3  16  16  32  32  6  4  6  4  6  6  6  4  6  6  6  6  6  
6  6  4  4  6  4  4  4  4  4  4  4  4  4  4  4  4  4  4  4  4  4  4  4  4  4  4  32  8  3  3  32  32  16  2  2  2  2  3  3  3  3  3  3  3  3  3  3  3  3  3  3  3  3  3  3  3  32  32  32  6  6  6  
4  4  4  4  4  6  4  4  4  4  6  4  4  4  4  4  4  4  4  4  4  4  4  4  4  4  4  4  4  4  4  4  4  4  4  4  4  4  4  4  4  4  4  4  4  4  32  32  4  4  4  4  4  4  4  4  16  2  2  2  2  3  
6  6  6  6  6  4  6  6  12  6  6  6  6  6  6  6  6  6  4  4  6  6  6  6  6  4  4  6  4  4  4  4  4  4  4  4  4  4  4  4  4  4  4  4  4  4  4  4  4  4  4  4  4  4  4  4  8  3  32  32  16  16  3  3  3  3  3  3  3  3  3  
6  4  6  6  6  4  4  4  6  6  4  4  4  6  6  6  6  6  6  6  6  6  6  6  4  4  6  4  4  4  4  4  4  4  4  4  4  4  4  4  4  4  4  4  4  4  4  4  4  4  4  4  4  4  4  32  32  32  32  32  2  2  2  2  2  
16  2  16  16  16  2  16  16  16  16  16  16  16  16  16  16  16  16  16  16  22  22  4  4  4  22  22  4  4  4  4  4  4  4  4  22  16  16  16  16  32  32  32  8  8  8  30  32  32  2  2  2  2  2  2  2  2  2  16  16  16  16  16  16  16  2  2  16  
16  16  4  22  22  16  4  22  22  4  4  4  22  4  4  4  4  4  4  4  4  4  4  4  16  16  16  8  32  32  32  16  2  2  16  2  2  2  2  16  2  16  2  2  16  27  16  27  16  2  16  2  16  2  2  16  2  2  16  16  16  16  16  16  16  16  
4  4  4  4  4  4  22  22  16  16  32  8  8  16  32  16  16  16  16  16  16  16  16  16  16  2  2  2  16  16  16  16  16  16  16  16  22  16  16  16  16  16  4  16  16  4  4  4  4  22  4  4  22  4  4  22  22  4  4  4  22  4  4  4  4  4  4  
2  2  2  2  2  2  16  16  2  16  16  16  16  16  16  16  16  16  16  16  16  16  16  16  4  4  16  16  22  16  4  4  22  16  4  4  22  4  4  4  4  32  16  32  32  32  8  8  8  32  32  32  2  2  2  2  2  2  2  2  2  2  
16  16  22  16  4  4  22  4  4  4  4  4  4  4  4  4  4  4  4  4  4  32  32  32  16  16  16  8  15  15  15  16  2  2  2  2  2  2  2  2  2  2  16  27  2  27  16  27  16  2  2  2  16  16  16  16  2  2  2  16  16  2  16  16  16  16  16  
16  16  16  16  32  32  32  32  2  2  2  2  2  2  2  2  2  2  2  2  2  2  16  2  2  2  2  2  2  2  2  16  2  2  2  2  16  16  2  16  16  16  16  16  16  16  4  4  16  4  4  4  4  4  4  4  4  4  4  4  4  4  22  16  16  16  32  8  
2  27  2  2  27  2  2  2  27  2  27  16  2  16  16  2  16  16  16  2  16  16  16  16  16  16  4  4  16  4  4  4  4  4  4  4  4  4  4  4  4  4  4  4  4  32  22  16  32  8  8  8  8  3  32  15  15  2  2  2  2  2  2  2  
16  16  16  16  16  30  16  16  16  22  16  16  22  22  16  4  22  22  4  4  4  22  4  4  16  2  2  2  2  16  32  32  8  8  8  21  21  16  30  2  2  2  2  2  2  2  27  2  2  2  2  27  2  2  27  16  2  16  2  2  16  27  16  16  16  
4  4  4  4  4  4  16  16  16  16  16  16  16  16  16  8  32  4  32  32  32  16  2  2  2  2  2  2  2  2  2  2  2  27  2  27  2  2  27  2  2  16  16  16  16  27  16  16  16  16  16  16  23  16  16