7  7  7  7  3  3  3  3  8  8  32  4  4  16  16  16  4  4  4  4  4  4  4  4  16  16  16  4  16  16  16  16  16  16  16  16  16  16  4  4  4  4  4  4  4  6  6  8  8  8  8  8  8  8  6  5  6  6  8  8  8  8  8  8  8  8  8  4  4  4  4  4  4  4  4  4  4  4  6  32  16  16  16  32  32  8  8  8  8  8  8  8  8  8  8  8  8  8  8  8  8  8  8  8  8  
5  5  5  13  13  13  5  13  5  5  13  13  13  13  13  5  20  12  7  5  13  5  5  13  5  5  5  14  14  14  14  14  14  3  3  3  3  8  4  4  4  4  4  4  16  16  16  16  4  4  16  16  16  4  16  4  4  16  16  16  16  16  4  4  4  4  4  4  6  6  6  6  6  6  6  8  8  8  3  8  8  8  8  8  8  8  8  8  8  8  8  8  8  8  8  8  8  8  8  8  8  8  8  8  8  8  8  8  8  8  8  8  8  8  8  8  8  8  8  8  
8  8  8  8  3  8  8  8  8  8  8  4  4  4  32  4  16  16  16  4  4  4  4  16  16  16  12  12  5  5  13  13  15  15  13  13  13  13  24  13  13  13  5  14  19  14  14  14  14  20  24  28  11  15  14  28  5  24  24  19  19  3  3  3  3  3  8  8  8  8  8  8  4  4  4  4  4  4  4  4  6  4  4  4  4  8  8  8  8  8  8  8  8  8  8  8  8  8  8  8  8  8  8  8  8  8  8  8  8  8  8  8  8  8  8  8  8  8  8  8  
4  4  6  4  32  8  8  8  6  4  4  4  4  6  6  8  8  32  8  8  32  4  4  4  6  6  4  6  4  6  4  6  6  32  32  6  8  8  8  32  4  4  4  4  4  4  4  4  6  6  8  8  32  4  4  4  4  4  8  4  32  32  32  5  5  5  15  14  14  14  13  13  13  13  13  24  20  20  5  5  14  14  14  14  14  8  8  8  8  8  8  8  8  8  8  8  8  8  8  8  8  8  8  8  8  8  8  8  8  8  8  8  8  8  8  8  8  8  8  8  
14  19  19  20  5  20  20  7  7  5  24  20  20  20  7  3  3  3  3  3  8  8  16  4  16  4  16  16  16  16  16  32  16  4  4  4  16  16  16  4  4  4  4  4  4  4  4  4  32  16  4  4  4  16  4  4  4  4  4  4  4  4  4  4  4  4  4  4  4  4  4  8  8  8  8  8  8  32  4  4  4  4  4  4  4  8  8  8  8  8  8  8  8  8  8  8  8  8  8  8  8  8  8  8  8  8  8  8  8  8  8  8  8  8  8  8  8  8  8  8  
4  4  4  4  4  4  4  4  4  4  4  4  4  4  8  8  32  32  32  32  5  5  5  5  5  5  15  13  13  13  14  15  13  14  13  13  5  24  5  5  5  5  5  15  15  5  5  5  14  14  14  15  15  15  14  5  3  3  3  3  8  8  32  32  16  32  16  32  32  32  4  32  32  16  32  32  32  32  32  4  4  4  4  4  6  8  8  8  8  8  8  8  8  8  8  8  8  8  8  8  8  8  8  8  8  8  8  8  8  8  8  8  8  8  8  8  8  8  8  8  
6  32  4  4  4  4  4  4  4  32  8  4  4  4  32  4  4  4  4  4  4  8  32  8  6  6  4  4  4  4  4  4  4  4  4  4  4  4  4  32  8  8  8  8  32  32  32  16  16  32  5  5  5  5  5  5  15  14  15  13  13  13  14  13  20  5  5  24  5  5  12  24  24  28  5  5  5  5  7  5  5  3  3  3  3  8  8  8  8  8  8  8  8  8  8  8  8  8  8  8  8  8  8  8  8  8  8  8  8  8  8  8  8  8  8  8  8  
8  8  32  16  16  16  16  4  16  16  16  16  16  32  32  32  16  16  16  16  4  4  4  4  4  16  4  4  4  4  4  4  4  4  4  4  4  4  4  4  6  6  4  6  4  6  6  6  6  32  32  32  32  32  32  8  8  8  8  8  8  8  8  32  32  6  4  4  4  4  4  4  4  4  4  4  32  8  8  6  32  32  32  5  5  8  8  8  8  8  8  8  8  8  8  8  8  8  8  8  8  8  8  8  8  8  8  8  8  8  8  8  8  
5  5  15  15  15  13  15  24  11  11  11  14  20  12  12  12  24  5  5  5  5  15  14  11  5  5  7  14  19  11  15  3  3  3  8  32  32  32  32  32  32  32  32  32  8  8  32  32  32  32  8  32  16  16  16  4  16  16  16  32  4  32  32  16  16  16  16  4  16  16  16  16  16  16  16  16  16  16  4  4  4  16  16  4  4  8  8  8  8  8  8  8  8  8  8  8  8  8  8  8  8  8  8  8  8  8  8  8  8  8  8  8  8  
32  4  6  4  4  4  8  8  8  8  8  8  8  8  8  8  32  32  32  32  6  6  6  4  32  32  32  8  32  32  32  32  5  5  5  5  5  15  15  15  15  15  13  13  13  13  13  24  13  5  31  12  24  31  19  24  24  24  15  14  28  5  20  7  7  5  5  3  3  3  3  3  8  32  32  4  16  16  16  16  4  4  4  32  32  8  8  8  8  8  8  8  8  8  8  8  8  8  8  8  8  8  8  8  8  8  8  8  8  8  8  8  8  8  8  8  8  8  8  8  
32  16  16  16  16  16  4  4  16  16  16  4  4  4  4  4  4  4  4  4  4  4  4  4  4  16  16  16  16  16  16  16  16  16  16  4  4  4  16  16  4  8  8  8  8  8  8  8  8  8  8  8  8  8  8  5  16  32  32  5  5  5  5  5  5  5  5  5  5  5  5 