8  8  8  8  8  8  8  8  8  8  8  8  8  8  8  8  8  8  8  8  8  8  8  32  32  8  8  8  8  8  8  8  8  8  8  8  8  8  8  8  8  6  6  5  5  5  5  5  5  5  5  5  31  6  6  6  6  6  6  6  6  6  6  6  6  6  6  6  6  6  6  6  6  6  6  6  6  6  6  6  6  6  6  6  6  8  8  8  8  8  8  8  8  8  8  
6  6  6  6  4  4  4  4  4  4  4  4  4  4  4  4  4  4  4  4  12  4  32  32  8  8  8  8  8  8  8  8  8  8  8  8  8  8  32  8  16  8  8  8  8  8  8  8  8  8  8  8  8  8  8  8  8  8  8  8  8  8  8  8  8  3  8  8  8  32  6  6  5  5  5  5  5  5  5  5  5  5  5  5  6  8  8  8  8  8  8  8  8  8  
5  6  6  6  6  6  6  6  6  6  6  6  6  6  6  6  6  6  6  6  6  6  12  12  12  12  6  6  6  6  6  6  6  6  4  4  4  4  4  4  4  4  4  4  4  4  4  4  4  4  4  4  4  16  4  32  8  8  8  8  8  8  8  8  8  8  8  8  16  8  8  8  8  8  8  8  8  8  8  8  8  8  8  8  8  8  8  8  8  8  8  8  8  8  8  8  8  8  8  8  8  8  8  
8  8  8  8  8  8  8  8  8  8  8  8  8  32  16  16  12  16  5  5  5  5  5  5  5  5  5  5  5  6  12  6  6  6  6  6  6  6  6  6  6  6  6  6  6  6  6  6  6  6  12  6  12  6  6  6  6  6  6  6  4  4  4  4  4  4  4  4  4  4  4  4  4  4  4  4  4  4  4  4  4  4  32  8  8  8  8  8  8  8  8  8  8  8  8  8  8  8  8  8  8  8  8  8  8  8  8  8  
32  32  32  8  8  8  8  8  8  8  8  8  8  8  8  8  8  8  8  8  8  8  8  8  8  32  8  8  8  8  8  8  8  8  8  8  8  8  8  8  8  8  8  32  6  6  6  6  5  5  5  5  5  5  5  5  5  5  6  12  6  6  6  6  12  12  4  6  6  6  6  6  6  6  6  6  6  6  6  6  6  6  6  6  4  8  8  8  8  8  8  8  8  8  8  8  8  8  8  8  8  8  8  
4  12  12  12  4  4  4  4  4  4  4  4  4  4  4  4  4  4  4  4  4  4  4  22  22  10  4  32  8  8  8  8  8  8  3  3  3  8  8  8  8  3  3  8  8  8  8  8  8  8  5  8  8  8  8  8  8  8  8  8  8  8  6  6  6  16  6  5  6  5  5  5  5  5  5  5  5  5  6  31  6  6  6  6  6  8  8  8  8  8  8  8  8  8  8  
4  6  6  6  6  6  6  6  6  6  6  6  6  6  6  6  12  31  11  12  12  6  31  31  12  6  6  6  4  4  4  4  4  4  4  4  4  4  4  4  4  4  4  4  4  4  4  4  4  4  4  32  32  32  32  8  8  8  8  8  8  8  3  8  8  8  8  8  8  8  8  8  8  8  8  8  8  8  8  8  8  8  8  8  8  8  8  8  8  8  8  8  8  8  8  8  8  8  8  8  
8  5  8  8  8  8  8  8  8  8  6  6  6  12  16  5  5  5  6  5  5  5  5  5  5  5  5  6  6  6  6  6  6  11  6  6  6  6  6  6  6  6  12  6  6  6  12  12  12  6  6  6  12  31  31  12  6  6  6  12  4  4  4  4  4  4  4  4  4  4  4  4  4  4  4  4  4  4  4  4  4  6  6  6  32  8  8  8  8  8  8  8  8  8  8  8  8  8  8  8  
8  8  8  8  8  8  8  8  8  8  8  8  8  8  8  8  8  8  8  8  8  8  8  8  8  8  8  8  8  8  8  8  8  8  8  8  8  8  8  8  8  8  8  8  8  8  8  8  8  8  8  8  8  6  6  6  6  5  6  5  5  5  12  5  5  5  5  5  6  5  12  6  6  6  6  6  6  6  6  6  6  6  6  6  6  8  8  8  8  8  8  8  8  8  8  8  8  8  8  8  8  8  8  8  8  8  
6  6  6  6  6  6  6  6  12  12  12  6  6  6  6  6  4  4  4  4  4  4  4  4  4  4  4  4  4  4  4  4  4  4  4  4  4  4  4  4  4  4  4  4  4  32  32  8  8  8  8  8  32  32  32  32  8  8  8  8  8  8  8  8  8  8  8  8  8  8  8  8  8  8  8  8  8  8  8  8  8  8  8  8  8  8  8  8  8  8  8  8  8  8  8  8  8  8  8  8  8  8  8  8  8  8  8  8  8  8  
8  8  8  8  8  8  8  8  8  14  8  32  6  6  12  5  6  5  6  5  5  5  12  12  12  12  32  12  6  6  12  6  6  6  4  4  4  4  4  6  6  6  6  6  6  6  6  6  6  6  6  6  6  6  6  6  4  4  4  4  4  4  4  4  4  4  4  4  4  4  4  4  4  4  4  4  4  4  4  4  4  4  4  32  8  8  8  8  8  8  8  8  8  8  8  8  8  8  8  8  8  8  8  8  8  8  8  8  8  8  8  
8  8  8  8  8  8  8  8  8  8  8  8  8  8  8  8  8  8  8  8  8  8  8  8  32  8  8  32  8  8  8  8  8  8  8  8  8  8  8  8  8  5  32  5  5  5  5  5  6  5  6  5  32  5  32  5  32  5  31  6  6  6  4  4  4  4  6  4  6  4  6  6  6  6  6  6  6  6  6  6  6  6  6  6  6  8  8  8  8  8  8  8  8  8  8  8  8  8  8  8  8  8  8  8  8  8  8  8  8  8  8  8  8  8  
6  6  6  6  6  6  4  4  4  4  4  4  4  4  4  4  4  4  4  4  4  4  4  4  4  4  4  4  4  4  4  4  4  4  32  8  8  8  8  8  8  8  8  8  8  8  8  8  8  8  8  8  32  8  8  8  8  8  8  8  8  8  8  8  8  8  8  8  8  6  12  32  6  6  6  5  5  5  5  5  5  6  12  6  6  8  8  8  8 