2  2  16  2  16  16  2  27  16  2  2  16  2  16  16  2  2  16  16  22  4  16  4  4  4  4  4  4  4  16  16  16  2  16  16  16  16  16  32  32  16  8  32  32  32  32  2  2  2  2  2  2  27  2  2  2  2  2  2  2  2  2  2  2  2  2  2  2  16  16  16  
16  22  22  4  4  4  4  4  4  4  4  4  16  16  16  16  16  16  16  32  32  8  3  8  8  32  32  32  32  2  2  2  2  2  2  2  2  2  2  2  2  2  2  2  16  27  27  2  16  2  16  16  16  16  16  16  2  16  16  16  16  16  16  2  16  16  27  16  16  2  2  16  16  22  4  22  4  4  
16  16  16  16  16  32  8  32  32  16  2  2  27  2  2  2  2  27  2  2  2  2  2  2  2  2  2  2  27  16  27  2  2  2  2  16  2  16  16  2  2  16  2  16  16  16  16  16  2  16  16  16  2  16  16  22  4  22  4  4  4  4  4  4  16  2  2  2  2  16  8  32  16  15  2  2  2  2  
2  2  2  2  2  2  2  2  27  16  2  16  2  2  16  2  2  16  2  2  16  16  16  16  2  16  16  16  2  22  16  4  4  4  16  2  2  2  2  2  2  2  2  16  16  16  16  16  16  16  8  8  32  32  15  16  2  2  2  2  2  2  2  2  2  2  2  2  16  16  2  16  2  16  2  2  16  30  16  16  16  16  16  16  16  8  8  8  8  8  8  8  8  8  8  8  8  8  8  8  8  8  8  8  8  8  8  8  8  8  8  8  8  8  8  8  8  8  8  8  
16  16  16  16  16  16  16  16  22  4  16  4  4  4  4  4  4  16  2  2  2  16  16  16  16  16  16  16  32  3  32  32  8  21  16  15  15  2  2  2  2  2  2  2  2  2  27  2  2  2  2  27  2  16  27  2  2  16  2  16  2  16  2  16  16  16  16  16  16  16  16  16  16  16  2  16  16  16  22  16  16  16  
16  16  2  2  2  2  16  16  8  8  8  8  8  8  6  6  6  6  6  6  8  8  8  8  8  6  6  12  5  5  28  31  24  11  11  11  25  25  9  9  9  9  9  9  9  9  9  25  9  25  25  25  25  22  17  22  22  22  4  4  22  22  4  4  4  4  4  4  4  4  4  4  4  4  4  4  
8  8  8  8  8  8  32  32  6  6  16  4  4  12  5  12  5  5  15  24  31  11  11  11  11  11  9  25  9  9  25  9  9  9  9  25  9  25  9  9  9  25  9  25  25  9  25  9  9  9  23  22  22  22  22  4  4  4  4  4  4  4  4  4  4  4  4  32  32  8  8  8  8  8  
6  4  4  21  21  4  21  32  12  12  12  5  5  11  11  11  11  11  9  25  9  25  25  1  25  17  1  9  9  9  9  9  25  17  10  23  10  10  17  10  10  23  10  10  23  23  17  17  22  22  4  4  4  4  4  4  4  4  4  4  4  4  16  16  8  8  12  8  5  5  5  8  8  8  8  6  6  6  6  6  32  8  15  28  30  8  8  
30  12  12  12  5  5  5  28  31  31  13  11  13  11  9  18  9  9  18  9  25  9  9  9  25  9  9  9  9  9  25  18  18  31  18  18  31  31  31  31  12  12  20  12  12  7  7  7  7  7  7  7  7  7  7  7  7  7  5  5  5  5  5  5  5  5  5  5  5  5  5  5  5  5  5  5  5  5  5  5  5  5  5  5  5  8  
5  5  5  5  5  5  5  5  5  5  5  5  5  5  5  5  5  32  32  8  8  8  8  8  8  6  6  6  6  6  6  6  6  6  6  6  6  6  6  6  12  12  24  11  11  11  11  11  11  25  9  9  9  9  9  9  9  9  25  9  25  9  25  9  25  9  25  10  10  9  10  23  10  9  9  10  23  23  23  22  4  23  4  23  4  8  8  
4  4  4  4  21  21  21  21  32  8  8  8  32  16  8  8  3  8  8  8  8  8  6  6  6  32  6  6  6  6  6  6  12  32  12  32  12  24  11  11  11  11  11  11  9  18  9  9  9  9  9  9  9  9  9  9  23  25  9  25  25  9  10  23  23  18  9  23  23  23  23  10  23  4  22  4  4  4  4  4  21  21  21  32  
32  32  32  32  8  32  8  8  8  8  8  8  6  6  6  6  6  6  6  6  6  6  6  32  12  12  12  31  31  11  11  11  9  9  9  9  9  9  9  9  9  9  9  9  9  9  9  9  9  9  10  23  10  17  9  23  18  18  9  23  23  23  23  23  23  23  23  4  4  4  4  4  22  4  21  32  32  8  8  32  32  32  32  8  5  8  8  8  
5  6  6  6  6  32  6  6  6  6  4  6  8  8  8  8  6  6  6  12  31  31  11  11  9  9  9  9  9  9  9  9  9  9  9  9  9  9  9  9  9  9  23  23  10  10  9  9  10  23  10  9  10  23  10  9  23  23  23  10  23  4  23  23  4  23  4  4  4  4  4  10  21  32  4  4  32  32  32  32  32  8  8  8  3  8  
8  8  8  6  32  6  6  32  16  6  6  6  6  6  6  6  6  32  12  12  31  11  11  11  11  11  9  25  18  9  9  9  9  9  9  9  9  9  9  9  9  9  25  9  25  9  9  9  23  25  9  9  9  23  23  10  9  23  23  23  31  12  23  4  4  23  23  4  4  
32  8  8  8  8  8  8  8  6  6  6  6  6  6  6  6  6  6  6  4  6  6  6  6  12  31  11  11  11  11 