2
0
1
1
1
0
0
0
1
-2
-2
-3
1
0
0
-2
-3
-2
-1
0
-3
-3
0
-1
0
0
-1
0
0
0
-1
3
3
1
1
1
4
2
2
1
2
4
0
1
-1
0
-1
-1
-2
-2
-3
0
1
-1
-1
-1
-2
-1
1
-2
-3
0
0
-1
-1
1
-2
0
-2
0
-1
-2
1
-1
-2
0
1
1
3
-1
0
2
-1
-1
0
0
1
1
1
1
0
1
1
2
0
1
0
1
1
-1
0
0
-1
0
-1
-1
1
-1
-1
1
1
-2
-1
0
-1
2
-1
-2
-2
-2
-1
2
1
0
-1
-1
2
1
-1
0
1
0
-2
-2
0
1
1
0
0
1
0
-1
-2
-1
0
0
1
1
-1
1
-1
-2
1
1
0
2
1
2
1
4
2
1
1
-1
0
0
2
1
3
3
4
8
4
5
8
7
6
5
5
6
5
3
0
0
-4
-5
-4
-8
-6
-9
-11
-13
-12
-14
-14
-14
-15
-13
-9
-13
-10
-7
-6
-5
-6
-2
-5
-6
2
7
4
2
11
16
8
11
22
23
10
2
20
34
31
29
29
33
33
27
21
13
-6
-27
-19
16
34
0
-15
43
112
100
21
46
101
2
-177
-168
-115
-223
-253
-259
-828
-1549
-1167
-303
-843
-2299
-2140
-518
363
151
-127
-382
-752
-164
1419
2580
2736
2697
3001
2720
2036
2371
3488
4047
3390
2487
2370
2131
1293
841
832
216
-1055
-1437
-1077
-1655
-2784
-3144
-2976
-3371
-3612
-3269
-3430
-3973
-3620
-2646
-2335
-2321
-1830
-1332
-1306
-1139
-500
-73
-13
203
628
803
790
889
978
740
397
253
152
11
-31
115
150
-71
-294
-296
-259
-309
-250
59
354
529
838
1209
1379
1438
1679
1980
2080
2202
2544
2864
2925
2917
2956
2858
2491
2193
2119
1961
1665
1554
1467
570
-1000
-2088
-2446
-3015
-3908
-4352
-4449
-4915
-5376
-5221
-5133
-5650
-5890
-5276
-4652
-4403
-3690
-2390
-1424
-833
171
1328
1810
2083
2969
3908
4222
4537
5336
5838
5655
5521
5550
5060
4237
3890
3841
3453
2897
2544
2138
1518
1010
738
495
264
128
20
11
247
691
1183
1599
1349
-140
-2126
-3200
-3442
-4016
-4867
-5184
-5288
-5714
-5819
-5420
-5686
-6905
-7560
-7069
-6514
-6215
-5328
-3909
-2776
-1790
-396
819
1235
1597
2629
3784
4540
5361
6363
6854
6701
6357
5796
4856
3990
3528
3023
2183
1391
855
341
-238
-769
-1309
-1925
-2319
-2210
-1641
-892
-150
600
1467
2377
3028
3296
3518
3966
4522
5138
5872
6123
5075
3227
1816
849
-619
-2425
-3731
-4696
-5782
-6448
-6506
-6970
-8318
-9427
-9615
-9553
-9620
-9168
-7984
-6619
-5199
-3440
-1666
-458
452
1654
3015
4090
5007
6050
7040
7650
7903
7895
7568
6872
5984
5053
4036
2925
1992
1394
827
68
-644
-1134
-1523
-1767
-1767
-1641
-1333
-538
515
1300
1907
2723
3642
4438
5057
4915
3567
1859
969
476
-583
-1963
-2937
-3714
-4452
-4724
-4834
-5845
-7546
-8493
-8489
-8518
-8645
-8077
-7039
-6034
-4659
-2733
-1280
-640
198
1598
2757
3535
4546
5609
6251
6840
7622
7855
7161
6245
5486
4433
3077
1977
1135
212
-547
-849
-1129
-1731
-2212
-2214
-2026
-1927
-1710
-1149
-226
915
2031
3007
3893
4699
5467
6283
6583
5567
3655
2216
1392
177
-1478
-2780
-3748
-4744
-5257
-5234
-5842
-7569
-9052
-9447
-9494
-9686
-9375
-8408
-7347
-6005
-3958
-1959
-833
38
1359
2647
3470
4348
5449
6339
7077
7977
8530
8167
7341
6639
5760
4350
2875
1768
803
-135
-679
-882
-1323
-1896
-1982
-1717
-1825
-2096
-1690
-649
295
1141
2363
3656
4546
5412
6487
6590
5042
3137
2134
1216
-451
-2030
-2850
-3592
-4387
-4467
-4326
-5341
-7218
-8371
-8697
-9158
-9670
-9429
-8611
-7592
-6002
-3785
-1937
-900
56
1309
2370
3085
3827
4596
5296
6205
7274
7898
7819
7393
6802
5881
4630
3237
1822
545
-358
-868
-1233
-1629
-1874
-1761
-1436
-1314
-1383
-1157
-457
365
1147
2145
3292
4273
5242
6369
6726
5535
3738
2627
1636
-180
-2053
-3076
-3837
-4654
-4739
-4419
-5169
-6843
-7830
-8050
-8619
-9424
-9500
-8974
-8222
-6747
-4468
-2501
-1309
-79
1447
2571
3197
3826
4383
4752
5456
6596
7385
7533
7545
7484
6911
5827
4482
2884
1210
-104
-961
-1627
-2168
-2346
-2018
-1387
-944
-860
-697
-160
427
853
1505
2447
3308
4229
5572
6398
5647
4128
3238
2351
385
-1764
-2992
-3944
-4993
-5139
-4619
-5059
-6403
-6996
-6928
-7509
-8546
-8920
-8772
-8475
-7380
-5335
-3470
-2212
-687
1285
2785
3563
4165
4615
4748
5078
5863
6425
6401
6364
6540
6362
5576
4511
3281
1782
371
-554
-1242
-1994
-2360
-1950
-1265
-903
-579
118
852
1313
1864
2684
3323
3780
4668
5722
5699
4548
3572
3020
1710
-365
-2002
-3082
-4359
-5302
-5272
-5300
-6325
-7271
-7224
-7180
-7938
-8647
-8636
-8410
-7990
-6718
-4907
-3518
-2289
-427
1629
2940
3731
4538
5116
5374
5822
6389
6487
6267
6316
6435
6076
5272
4337
3251
1989
802
-192
-1157
-2057
-2447
-2155
-1708
-1515
-1121
-164
851
1489
2154
3002
3556
3889
4670
5431
4982
3696
2978
2633
1358
-519
-1810
-2742
-4005
-4839
-4847
-5219
-6493
-7303
-7137
-7195
-7943
-8397
-8241
-8004
-7476
-6186
-4691
-3627
-2423
-554
1329
2581
3520
4400
5003
5445
6032
6445
6314
6091
6225
6309
5921
5238
4436
3393
2263
1313
349
-858
-1892
-2227
-2065
-1955
-1864
-1359
-463
461
1352
2328
3129
3577
4086
4909
5199
4328
3148
2574
1937
479
-1080
-2052
-2991
-4074
-4519
-4510
-5176
-6360
-6823
-6699
-7104
-7962
-8307
-8133
-7866
-7175
-5795
-4421
-3345
-1873
157
1866
2902
3767
4580
5098
5558
6104
6260
5950
5869
6145
6093
5530
4871
4127
3100
2099
1267
175
-1219
-2138
-2287
-2267
-2438
-2351
-1672
-673
363
1477
2607
3445
4011
4734
5543
5480
4306
3120
2587
1744
86
-1403
-2199
-3069
-4030
-4279
-4241
-5055
-6241
-6542
-6444
-7107
-8099
-8323
-8067
-7872
-7211
-5772
-4407
-3350
-1780
341
1972
2938
3911
4854
5356
5714
6167
6280
5961
5803
5928
5778
5184
4507
3795
2857
1863
1001
35
-1165
-2051
-2261
-2219
-2352
-2262
-1578
-609
281
1332
2575
3493
4006
4735
5595
5512
4380
3390
2885
1759
-62
-1422
-2198
-3291
-4321
-4468
-4433
-5247
-6123
-6137
-6102
-6876
-7727
-7880
-7829
-7826
-7235
-5979
-4816
-3698
-1963
143
1743
2870
4001
4957
5505
5941
6282
6176
5835
5742
5717
5378
4838
4260
3533
2735
2032
1262
213
-861
-1562
-1877
-2079
-2320
-2343
-1842
-912
64
1093
2329
3466
4225
5034
5936
5925
4741
3635
3091
1906
-122
-1635
-2371
-3410
-4476
-4577
-4421
-5173
-6002
-5879
-5760
-6606
-7516
-7664
-7687
-7851
-7410
-6304
-5298
-4234
-2460
-343
1291
2585
3915
4999
5643
6143
6462
6290
5910
5794
5737
5353
4829
4378
3813
3072
2368
1657
647
-526
-1398
-1848
-2191
-2560
-2716
-2388
-1605
-640
358
1490
2702
3684
4497
5430
5974
5354
4140
3449
2794
1123
-830
-1912
-2695
-3868
-4525
-4337
-4559
-5516
-5839
-5427
-5691
-6753
-7322
-7304
-7496
-7576
-6856
-5852
-5094
-3876
-1849
103
1472
2785
4165
5168
5819
6364
6508
6144
5791
5673
5394
4844
4285
3781
3240
2756
2298
1613
680
-187
-814
-1304
-1785
-2275
-2561
-2322
-1550
-661
256
1454
2809
3893
4859
5856
6113
5196
4099
3469
2307
206
-1607
-2555
-3612
-4750
-4988
-4731
-5175
-5763
-5458
-5067
-5635
-6440
-6628
-6788
-7211
-7144
-6421
-5781
-5075
-3556
-1537
134
1586
3227
4667
5597
6334
6885
6814
6304
5940
5632
5010
4258
3686
3177
2641
2228
1871
1310
578
-67
-544
-984
-1534
-2091
-2315
-1990
-1380
-707
263
1606
2874
3941
5170
6152
5986
5009
4329
3571
1742
-485
-1930
-3066
-4547
-5429
-5309
-5360
-5966
-5905
-5173
-5102
-5760
-6053
-6054
-6494
-6908
-6607
-6085
-5768
-4917
-3214
-1442
32
1709
3538
4942
5974
6934
7450
7258
6858
6497
5853
4922
4096
3376
2616
2031
1692
1309
784
308
-111
-542
-939
-1370
-1874
-2117
-1849
-1350
-781
169
1469
2656
3743
5044
5981
5841
5129
4623
3753
1884
-154
-1606
-3034
-4676
-5559
-5660
-5997
-6553
-6306
-5604
-5513
-5834
-5788
-5718
-6077
-6286
-5959
-5626
-5421
-4633
-3143
-1585
-141
1554
3339
4802
6030
7135
7739
7680
7358
6942
6203
5175
4157
3171
2196
1449
996
580
104
-239
-460
-688
-903
-1109
-1453
-1772
-1673
-1213
-762
-167
892
2116
3172
4329
5546
5965
5473
4974
4536
3162
1033
-722
-2112
-3852
-5340
-5856
-6167
-6908
-7146
-6424
-5888
-6051
-6038
-5613
-5566
-5787
-5551
-5100
-5031
-4760
-3626
-2170
-991
342
2107
3762
5104
6431
7513
7851
7705
7530
7092
6109
4910
3792
2667
1616
899
386
-172
-618
-756
-787
-872
-929
-1009
-1232
-1301
-976
-539
-209
390
1413
2457
3391
4493
5420
5507
5079
4828
4256
2638
670
-826
-2322
-4165
-5472
-6019
-6692
-7476
-7357
-6637
-6405
-6473
-6030
-5476
-5430
-5384
-4916
-4582
-4537
-3993
-2823
-1712
-734
683
2396
3842
5129
6466
7405
7679
7715
7641
7047
5950
4807
3689
2435
1283
444
-261
-941
-1325
-1369
-1366
-1389
-1272
-1065
-962
-798
-351
157
512
1068
2017
2918
3560
4362
5167
5292
4874
4585
4050
2588
782
-594
-2016
-3890
-5351
-6062
-6804
-7687
-7795
-7271
-7077
-7085
-6537
-5819
-5601
-5390
-4709
-4128
-3928
-3351
-2193
-1157
-300
996
2578
3819
4904
6178
7157
7449
7509
7550
7086
6063
5010
4000
2728
1438
544
-148
-913
-1431
-1479
-1436
-1481
-1318
-938
-729
-589
-119
483
829
1268
2106
2915
3405
4037
4754
4846
4382
4035
3536
2174
464
-872
-2254
-4067
-5490
-6220
-6985
-7848
-7949
-7454
-7264
-7157
-6493
-5720
-5410
-5025
-4224
-3610
-3350
-2683
-1562
-654
132
1367
2787
3854
4856
6051
6897
7122
7222
7289
6814
5830
4868
3899
2635
1376
490
-261
-1100
-1646
-1688
-1658
-1714
-1504
-1019
-676
-422
139
833
1225
1640
2447
3221
3604
4042
4659
4752
4250
3813
3343
2088
410
-895
-2142
-3873
-5373
-6142
-6835
-7700
-7942
-7524
-7316
-7254
-6652
-5810
-5418
-5051
-4231
-3457
-3068
-2429
-1330
-407
303
1402
2733
3699
4521
5574
6418
6682
6790
6915
6554
5679
4812
3966
2772
1491
564
-208
-1062
-1659
-1767
-1767
-1802
-1549
-975
-522
-194
398
1137
1594
1984
2704
3413
3708
3988
4513
4640
4132
3605
3168
2083
481
-827
-1962
-3572
-5149
-5997
-6612
-7467
-7913
-7595
-7304
-7270
-6793
-5894
-5345
-5007
-4222
-3289
-2784
-2253
-1223
-223
437
1306
2524
3478
4116
4948
5799
6122
6144
6253
6111
5424
4601
3895
2969
1811
850
165
-531
-1163
-1410
-1367
-1346
-1266
-905
-438
-134
143
635
1153
1461
1834
2468
3042
3325
3658
4113
4154
3690
3188
2648
1515
-6
-1288
-2456
-3977
-5373
-6117
-6647
-7304
-7525
-7091
-6699
-6484
-5864
-4928
-4360
-3968
-3206
-2405
-2034
-1614
-774
-35
406
1109
2129
2870
3407
4211
4999
5300
5418
5655
5566
4969
4325
3748
2862
1792
990
353
-363
-917
-1063
-1073
-1094
-927
-549
-204
55
383
759
1066
1330
1665
2062
2445
2775
3076
3380
3502
3314
2891
2382
1590
410
-834
-1955
-3170
-4475
-5408
-5980
-6515
-6904
-6760
-6370
-6092
-5675
-4908
-4209
-3768
-3184
-2440
-1937
-1617
-1043
-380
37
468
1224
1950
2438
3059
3853
4375
4608
4932
5160
4917
4458
4080
3512
2599
1779
1193
521
-178
-528
-600
-713
-741
-462
-86
134
420
886
1296
1532
1845
2311
2660
2811
3008
3251
3162
2730
2273
1762
821
-360
-1399
-2373
-3559
-4638
-5272
-5749
-6257
-6456
-6199
-5914
-5709
-5264
-4580
-4085
-3719
-3156
-2529
-2149
-1808
-1204
-592
-176
340
1119
1817
2347
3021
3794
4299
4598
4953
5169
4994
4631
4280
3744
2942
2186
1575
921
269
-135
-326
-504
-600
-486
-272
-103
58
324
629
867
1101
1438
1821
2113
2340
2627
2846
2757
2443
2104
1595
686
-352
-1264
-2235
-3387
-4327
-4890
-5394
-5886
-5971
-5704
-5506
-5299
-4797
-4195
-3846
-3519
-2998
-2549
-2341
-2036
-1507
-1056
-689
-97
704
1392
2057
2906
3744
4320
4777
5234
5440
5278
4968
4593
3988
3164
2382
1698
975
300
-131
-379
-599
-714
-621
-440
-331
-193
69
342
539
774
1144
1523
1807
2104
2474
2692
2624
2430
2182
1647
796
-98
-960
-1961
-3028
-3847
-4460
-5044
-5482
-5571
-5485
-5412
-5218
-4820
-4420
-4134
-3781
-3339
-2978
-2697
-2288
-1765
-1292
-777
-81
708
1458
2256
3136
3941
4588
5142
5575
5755
5670
5402
4954
4295
3497
2654
1817
992
259
-314
-734
-1024
-1179
-1187
-1085
-925
-725
-475
-180
133
457
827
1246
1650
2021
2393
2709
2830
2755
2567
2211
1570
753
-104
-1033
-2075
-3048
-3841
-4550
-5165
-5548
-5697
-5754
-5706
-5485
-5156
-4840
-4485
-4052
-3614
-3203
-2741
-2191
-1616
-1002
-282
533
1366
2236
3141
3999
4740
5362
5831
6062
6050
5818
5375
4722
3942
3080
2192
1333
560
-92
-613
-985
-1229
-1344
-1359
-1292
-1166
-988
-755
-466
-121
277
740
1249
1776
2271
2732
3080
3232
3178
2946
2490
1766
876
-107
-1170
-2295
-3321
-4218
-4993
-5613
-5985
-6149
-6184
-6063
-5783
-5410
-5025
-4575
-4072
-3576
-3085
-2527
-1909
-1265
-566
230
1087
1949
2843
3727
4531
5203
5746
6103
6221
6111
5789
5257
4536
3691
2775
1832
913
80
-625
-1188
-1609
-1855
-1932
-1886
-1722
-1446
-1098
-698
-243
263
783
1314
1852
2369
2815
3188
3445
3504
3358
3040
2519
1750
818
-198
-1286
-2432
-3487
-4408
-5216
-5865
-6268
-6461
-6514
-6398
-6104
-5704
-5261
-4731
-4134
-3527
-2911
-2232
-1509
-777
-13
807
1646
2461
3271
4044
4714
5258
5675
5920
5952
5780
5423
4890
4190
3385
2517
1621
748
-46
-733
-1294
-1705
-1954
-2043
-2004
-1837
-1550
-1183
-752
-260
281
837
1400
1967
2498
2951
3319
3581
3651
3510
3179
2667
1927
996
-27
-1108
-2253
-3354
-4310
-5146
-5844
-6331
-6571
-6646
-6567
-6289
-5873
-5396
-4835
-4189
-3522
-2862
-2180
-1452
-737
-28
708
1471
2208
2925
3635
4283
4823
5256
5573
5707
5641
5401
4998
4409
3680
2874
2021
1166
360
-346
-931
-1381
-1666
-1781
-1765
-1631
-1386
-1049
-655
-235
226
702
1165
1624
2077
2486
2826
3090
3267
3269
3093
2755
2265
1558
669
-301
-1334
-2428
-3493
-4438
-5269
-5964
-6444
-6679
-6738
-6624
-6314
-5844
-5299
-4677
-3964
-3247
-2550
-1842
-1122
-428
242
914
1597
2253
2886
3514
4088
4574
4963
5248
5374
5325
5118
4749
4217
3549
2803
2013
1204
448
-230
-802
-1232
-1516
-1648
-1644
-1529
-1306
-1002
-645
-252
162
593
1027
1452
1866
2254
2589
2854
3040
3088
2967
2688
2252
1635
837
-74
-1043
-2064
-3093
-4020
-4830
-5508
-5997
-6262
-6333
-6236
-5954
-5506
-4965
-4362
-3695
-3012
-2343
-1694
-1058
-444
134
707
1280
1845
2395
2946
3473
3943
4346
4666
4866
4913
4817
4569
4162
3621
2982
2278
1542
814
153
-427
-891
-1214
-1412
-1481
-1426
-1272
-1042
-758
-441
-102
246
599
953
1299
1643
1965
2258
2495
2668
2723
2637
2399
2011
1459
736
-106
-1015
-1973
-2950
-3825
-4597
-5232
-5702
-5958
-6017
-5921
-5649
-5233
-4735
-4181
-3561
-2938
-2332
-1748
-1170
-607
-74
461
1004
1551
2091
2640
3175
3666
4095
4455
4701
4802
4760
4576
4246
3767
3193
2545
1863
1193
566
13
-438
-772
-995
-1093
-1085
-991
-828
-623
-385
-115
170
461
762
1071
1379
1683
1958
2187
2362
2427
2360
2149
1801
1305
652
-117
-952
-1828
-2717
-3523
-4244
-4854
-5315
-5587
-5684
-5634
-5434
-5094
-4657
-4153
-3579
-2989
-2398
-1814
-1231
-658
-118
413
946
1472
1977
2483
2972
3415
3806
4128
4355
4461
4448
4308
4029
3618
3125
2556
1940
1313
711
164
-303
-678
-944
-1110
-1183
-1148
-1044
-880
-667
-423
-152
140
439
753
1070
1386
1689
1967
2197
2361
2417
2345
2138
1797
1307
660
-86
-897
-1754
-2621
-3425
-4140
-4741
-5193
-5454
-5553
-5510
-5293
-4938
-4488
-3971
-3396
-2798
-2210
-1638
-1077
-551
-62
420
893
1356
1816
2290
2760
3202
3612
3977
4266
4434
4487
4402
4167
3802
3330
2750
2102
1445
815
241
-263
-643
-914
-1064
-1097
-1039
-919
-746
-543
-323
-105
114
333
554
790
1042
1298
1552
1791
1990
2118
2137
2028
1788
1410
853
174
-590
-1417
-2284
-3107
-3848
-4491
-4992
-5307
-5449
-5435
-5263
-4950
-4535
-4058
-3510
-2942
-2389
-1850
-1327
-820
-343
123
596
1070
1539
2024
2511
2976
3406
3795
4099
4292
4375
4331
4147
3826
3399
2885
2301
1697
1109
548
56
-338
-644
-838
-941
-952
-888
-766
-604
-418
-212
7
233
466
712
959
1211
1460
1688
1879
2013
2052
1976
1783
1469
1007
416
-268
-1025
-1833
-2640
-3376
-4045
-4610
-5021
-5256
-5333
-5259
-5027
-4666
-4215
-3690
-3101
-2514
-1937
-1374
-829
-324
142
592
1026
1441
1857
2278
2682
3059
3413
3723
3955
4087
4127
4045
3837
3525
3112
2607
2042
1463
897
364
-107
-489
-776
-959
-1044
-1047
-977
-856
-694
-510
-310
-105
107
331
569
817
1073
1328
1573
1789
1962
2047
2017
1864
1593
1172
608
-55
-791
-1579
-2381
-3123
-3793
-4362
-4787
-5049
-5163
-5131
-4948
-4645
-4254
-3804
-3293
-2763
-2240
-1721
-1213
-721
-243
229
701
1175
1657
2141
2614
3062
3474
3836
4114
4290
4356
4296
4113
3812
3408
2915
2364
1784
1205
653
158
-264
-606
-857
-1013
-1085
-1082
-1016
-900
-745
-563
-360
-143
83
326
579
837
1098
1343
1571
1763
1896
1935
1870
1694
1405
974
429
-207
-916
-1667
-2422
-3130
-3782
-4331
-4744
-4999
-5119
-5085
-4901
-4592
-4190
-3711
-3170
-2619
-2067
-1520
-985
-490
-16
443
888
1328
1762
2206
2633
3033
3409
3736
3982
4131
4174
4097
3900
3589
3187
2701
2161
1603
1062
552
98
-279
-571
-773
-892
-928
-914
-848
-749
-631
-500
-357
-208
-44
136
338
561
804
1055
1303
1533
1722
1829
1835
1727
1499
1136
639
40
-642
-1372
-2119
-2824
-3462
-4011
-4430
-4691
-4812
-4792
-4628
-4351
-3986
-3564
-3086
-2597
-2120
-1650
-1192
-758
-342
78
499
928
1372
1838
2300
2754
3185
3571
3885
4093
4202
4187
4044
3785
3417
2962
2442
1894
1345
817
330
-89
-432
-696
-880
-991
-1043
-1046
-999
-922
-824
-710
-573
-423
-246
-40
190
445
720
1001
1278
1528
1732
1850
1864
1766
1545
1192
702
118
-541
-1253
-1986
-2676
-3312
-3864
-4293
-4583
-4736
-4760
-4640
-4403
-4083
-3687
-3227
-2741
-2244
-1740
-1236
-739
-253
239
733
1225
1721
2223
2708
3162
3587
3954
4224
4389
4445
4373
4167
3838
3406
2878
2293
1689
1083
497
-27
-479
-848
-1131
-1322
-1429
-1479
-1460
-1391
-1281
-1138
-960
-755
-522
-259
36
357
693
1040
1383
1698
1968
2175
2287
2283
2154
1896
1512
989
360
-342
-1094
-1876
-2626
-3320
-3939
-4444
-4804
-5022
-5102
-5029
-4825
-4515
-4106
-3616
-3071
-2508
-1919
-1325
-740
-174
376
913
1421
1906
2369
2797
3179
3518
3797
4001
4109
4128
4054
3870
3588
3217
2773
2269
1729
1183
644
135
-311
-684
-983
-1193
-1312
-1351
-1317
-1215
-1063
-878
-666
-437
-205
27
264
496
730
955
1177
1381
1563
1710
1810
1844
1788
1633
1377
1020
548
-12
-637
-1302
-1989
-2650
-3250
-3773
-4186
-4472
-4617
-4637
-4525
-4292
-3972
-3575
-3127
-2649
-2157
-1663
-1185
-716
-266
174
608
1038
1467
1893
2313
2711
3081
3404
3668
3847
3933
3921
3794
3561
3231
2820
2344
1823
1291
766
274
-169
-543
-840
-1058
-1187
-1244
-1235
-1163
-1044
-893
-715
-524
-318
-106
110
330
552
776
993
1210
1409
1584
1720
1806
1821
1746
1585
1329
974
512
-23
-617
-1260
-1921
-2556
-3151
-3689
-4118
-4431
-4627
-4700
-4630
-4442
-4152
-3768
-3312
-2812
-2285
-1740
-1194
-664
-153
344
821
1280
1725
2154
2561
2935
3277
3572
3802
3954
4017
3980
3833
3585
3238
2807
2313
1776
1222
680
169
-288
-669
-970
-1187
-1317
-1369
-1354
-1280
-1159
-1010
-839
-655
-465
-267
-65
146
365
595
835
1072
1311
1531
1716
1851
1922
1902
1782
1557
1229
797
264
-331
-974
-1636
-2297
-2910
-3463
-3935
-4298
-4539
-4657
-4661
-4538
-4311
-3993
-3596
-3128
-2622
-2092
-1545
-985
-436
98
624
1129
1607
2057
2484
2871
3210
3498
3728
3884
3954
3944
3844
3653
3376
3022
2605
2140
1646
1139
646
176
-247
-611
-906
-1130
-1281
-1354
-1361
-1313
-1212
-1067
-894
-696
-480
-253
-21
217
462
702
939
1164
1373
1554
1695
1782
1804
1742
1589
1340
997
564
39
-544
-1164
-1800
-2427
-3007
-3525
-3960
-4279
-4479
-4553
-4510
-4343
-4071
-3715
-3288
-2809
-2299
-1777
-1244
-722
-214
271
743
1190
1614
2017
2394
2739
3038
3295
3494
3624
3677
3653
3539
3346
3075
2739
2344
1908
1459
1003
562
156
-206
-515
-763
-943
-1062
-1120
-1119
-1072
-982
-856
-704
-529
-337
-138
63
261
456
635
801
949
1068
1162
1220
1246
1224
1156
1034
852
611
316
-35
-442
-883
-1345
-1820
-2287
-2711
-3092
-3409
-3635
-3762
-3794
-3732
-3560
-3308
-2983
-2599
-2172
-1730
-1287
-841
-413
-18
355
708
1030
1336
1621
1895
2150
2386
2605
2794
2943
3045
3100
3087
3007
2869
2663
2399
2088
1745
1376
999
635
289
-36
-318
-549
-741
-888
-983
-1042
-1059
-1041
-984
-901
-796
-660
-502
-331
-141
55
255
452
642
815
966
1090
1177
1222
1220
1154
1029
841
591
271
-105
-524
-978
-1453
-1925
-2373
-2790
-3146
-3424
-3613
-3716
-3721
-3624
-3442
-3180
-2849
-2459
-2036
-1588
-1122
-656
-202
242
670
1080
1466
1832
2175
2484
2767
3014
3213
3362
3451
3478
3430
3308
3117
2854
2522
2138
1714
1258
788
319
-133
-555
-927
-1245
-1499
-1680
-1787
-1817
-1772
-1661
-1493
-1270
-1005
-712
-403
-84
232
528
806
1054
1260
1422
1544
1611
1629
1597
1512
1375
1183
944
652
321
-56
-461
-885
-1321
-1766
-2185
-2574
-2930
-3224
-3442
-3586
-3647
-3611
-3490
-3291
-3013
-2663
-2266
-1830
-1362
-889
-415
47
487
898
1272
1613
1914
2178
2400
2584
2726
2825
2884
2899
2868
2790
2668
2499
2293
2050
1776
1475
1157
837
515
201
-92
-360
-594
-790
-942
-1048
-1110
-1122
-1093
-1021
-909
-765
-592
-396
-183
38
254
473
674
857
1011
1128
1206
1235
1220
1149
1019
829
593
305
-32
-399
-791
-1195
-1603
-1990
-2351
-2677
-2946
-3148
-3283
-3348
-3334
-3243
-3082
-2853
-2563
-2224
-1845
-1429
-996
-553
-108
335
767
1172
1556
1910
2222
2494
2717
2891
3013
3074
3076
3022
2901
2725
2496
2219
1910
1571
1218
857
502
164
-149
-429
-670
-866
-1015
-1119
-1173
-1178
-1145
-1069
-956
-816
-652
-467
-265
-57
148
354
549
730
890
1024
1128
1198
1229
1221
1164
1057
904
697
445
147
-187
-558
-941
-1328
-1714
-2076
-2403
-2681
-2904
-3055
-3134
-3141
-3069
-2928
-2724
-2463
-2156
-1810
-1445
-1064
-677
-297
75
429
767
1077
1364
1632
1864
2068
2241
2382
2483
2539
2556
2534
2460
2343
2186
1992
1762
1509
1239
960
681
408
153
-81
-293
-470
-612
-724
-800
-840
-851
-833
-787
-712
-618
-504
-371
-223
-65
104
279
449
614
764
892
994
1057
1079
1051
976
844
666
436
167
-139
-473
-818
-1162
-1501
-1816
-2092
-2332
-2523
-2653
-2723
-2740
-2695
-2592
-2440
-2246
-2011
-1741
-1452
-1142
-815
-487
-159
167
485
783
1064
1329
1565
1767
1942
2081
2181
2241
2266
2253
2202
2116
1993
1841
1662
1468
1254
1028
798
572
354
144
-44
-210
-351
-466
-550
-607
-638
-636
-610
-561
-494
-404
-295
-176
-46
86
224
358
488
604
700
777
823
836
812
750
637
482
284
51
-218
-512
-819
-1132
-1430
-1712
-1959
-2169
-2328
-2435
-2487
-2486
-2427
-2326
-2182
-1999
-1792
-1560
-1316
-1060
-798
-534
-270
-7
250
506
756
998
1230
1449
1654
1836
1995
2121
2213
2268
2281
2254
2182
2071
1921
1743
1537
1312
1076
836
597
369
156
-39
-208
-353
-472
-564
-626
-664
-676
-661
-626
-573
-501
-411
-315
-208
-90
34
158
276
390
486
564
620
640
626
572
472
329
146
-75
-328
-600
-883
-1168
-1443
-1692
-1910
-2091
-2225
-2300
-2335
-2315
-2245
-2136
-1990
-1812
-1607
-1388
-1155
-909
-657
-399
-141
126
392
657
921
1177
1422
1649
1856
2030
2171
2275
2333
2340
2300
2216
2089
1919
1718
1493
1250
1003
758
524
305
110
-54
-194
-304
-384
-436
-466
-479
-472
-450
-423
-385
-337
-283
-225
-157
-79
4
88
177
265
342
413
457
474
460
399
298
149
-42
-276
-543
-833
-1130
-1422
-1692
-1934
-2134
-2274
-2359
-2379
-2338
-2240
-2090
-1899
-1677
-1432
-1179
-923
-667
-421
-184
39
256
465
667
864
1058
1247
1430
1603
1758
1898
2009
2088
2131
2133
2093
2010
1889
1734
1551
1341
1118
885
653
432
223
37
-127
-267
-375
-462
-524
-564
-584
-586
-573
-548
-513
-469
-413
-350
-278
-196
-102
-4
100
205
304
395
469
520
541
524
461
356
207
12
-221
-479
-753
-1034
-1306
-1554
-1769
-1942
-2062
-2127
-2140
-2104
-2011
-1878
-1717
-1525
-1318
-1101
-887
-671
-458
-252
-55
147
344
540
742
945
1143
1338
1530
1702
1850
1971
2060
2105
2105
2063
1980
1849
1680
1486
1267
1037
804
574
354
155
-20
-170
-294
-390
-462
-515
-544
-557
-553
-535
-505
-466
-417
-358
-285
-207
-121
-23
78
182
282
375
456
516
552
550
516
435
308
136
-79
-327
-599
-885
-1173
-1445
-1690
-1894
-2048
-2146
-2184
-2161
-2086
-1962
-1799
-1607
-1395
-1173
-951
-735
-527
-329
-138
45
228
411
598
788
984
1180
1373
1559
1724
1868
1975
2048
2075
2051
1983
1870
1719
1534
1325
1101
867
641
426
224
46
-109
-233
-333
-406
-455
-483
-492
-489
-470
-440
-403
-355
-301
-238
-173
-98
-22
56
137
214
287
351
402
433
439
419
366
282
161
4
-180
-394
-626
-866
-1106
-1341
-1550
-1728
-1871
-1966
-2012
-2011
-1961
-1868
-1733
-1567
-1381
-1178
-962
-747
-534
-327
-124
71
263
448
628
805
980
1152
1316
1473
1613
1732
1823
1891
1918
1906
1859
1770
1645
1488
1308
1109
896
683
474
279
100
-54
-185
-288
-365
-418
-449
-459
-453
-437
-411
-375
-337
-296
-252
-206
-153
-100
-41
21
84
148
213
275
322
359
371
359
315
240
127
-22
-202
-414
-640
-876
-1110
-1331
-1527
-1688
-1808
-1879
-1902
-1875
-1802
-1684
-1539
-1370
-1180
-983
-783
-585
-392
-207
-30
146
315
482
648
813
975
1136
1288
1424
1543
1636
1703
1734
1733
1692
1612
1504
1364
1198
1015
823
629
436
258
97
-42
-157
-247
-302
-335
-348
-338
-314
-276
-233
-182
-133
-85
-40
7
48
87
128
166
203
239
275
302
323
338
333
310
264
193
95
-31
-184
-359
-549
-747
-947
-1140
-1315
-1465
-1584
-1665
-1704
-1703
-1660
-1585
-1480
-1349
-1199
-1044
-879
-715
-555
-397
-248
-100
40
180
315
445
576
707
833
955
1067
1169
1260
1331
1384
1410
1412
1390
1341
1268
1171
1055
923
787
644
500
365
240
128
33
-43
-104
-141
-161
-170
-163
-147
-123
-98
-66
-31
4
40
75
111
148
185
221
258
287
313
326
330
318
283
227
138
30
-105
-268
-447
-640
-839
-1033
-1220
-1388
-1530
-1639
-1714
-1750
-1753
-1715
-1642
-1541
-1416
-1271
-1110
-939
-763
-586
-403
-223
-43
135
310
483
648
808
960
1100
1225
1331
1417
1477
1510
1515
1495
1445
1369
1270
1156
1023
879
731
583
436
302
180
72
-16
-84
-130
-160
-169
-163
-140
-112
-74
-31
12
59
98
135
166
191
210
224
234
237
231
220
203
172
136
85
18
-63
-162
-278
-408
-549
-703
-859
-1010
-1153
-1283
-1389
-1470
-1524
-1548
-1536
-1495
-1421
-1324
-1207
-1071
-920
-764
-604
-445
-286
-134
14
156
291
421
541
655
769
873
964
1049
1120
1176
1214
1237
1235
1213
1171
1105
1024
926
817
704
585
469
363
267
186
120
74
43
28
25
34
50
68
87
107
123
135
143
150
155
158
161
162
165
165
165
161
152
134
106
63
7
-70
-163
-272
-396
-525
-666
-806
-942
-1072
-1181
-1279
-1349
-1395
-1415
-1406
-1377
-1321
-1242
-1146
-1030
-899
-762
-618
-468
-316
-170
-21
122
258
385
506
618
717
807
883
945
993
1025
1046
1048
1032
1002
956
896
823
744
655
565
473
387
305
234
174
127
96
77
73
82
99
128
161
194
229
261
292
313
331
342
342
336
324
300
269
232
187
138
83
19
-52
-130
-213
-302
-395
-491
-589
-686
-780
-866
-947
-1017
-1074
-1119
-1146
-1155
-1148
-1124
-1083
-1029
-960
-879
-787
-688
-585
-475
-364
-256
-147
-44
53
149
237
315
387
450
510
560
603
639
666
687
704
710
711
707
697
687
673
656
637
619
601
584
570
554
538
527
517
503
495
483
471
455
438
415
383
351
314
272
226
173
120
66
9
-52
-110
-164
-224
-280
-338
-395
-453
-510
-567
-621
-676
-727
-777
-819
-856
-890
-915
-931
-938
-935
-920
-897
-868
-826
-775
-718
-655
-586
-511
-432
-351
-267
-182
-96
-7
80
164
246
327
401
470
535
592
641
685
711
732
747
752
751
742
726
704
680
653
623
592
560
528
498
469
441
416
394
373
352
332
315
298
277
255
230
199
169
134
96
56
12
-35
-86
-139
-191
-249
-307
-366
-424
-481
-537
-590
-639
-688
-727
-759
-787
-807
-816
-818
-808
-792
-767
-732
-687
-633
-578
-515
-447
-377
-304
-231
-158
-90
-20
45
106
163
213
261
303
341
372
400
422
441
457
466
473
475
477
476
475
475
472
468
466
464
458
457
454
451
448
441
436
427
411
396
379
353
327
295
260
221
177
134
87
43
-8
-56
-102
-149
-198
-244
-286
-333
-375
-414
-452
-486
-518
-547
-571
-590
-602
-610
-609
-601
-587
-568
-542
-509
-475
-436
-392
-349
-305
-262
-217
-176
-136
-97
-61
-28
4
34
63
91
115
141
164
184
204
224
241
256
275
288
304
315
326
335
346
358
366
376
388
393
400
406
409
410
409
406
397
387
375
359
339
313
285
259
227
190
151
112
73
30
-12
-56
-98
-142
-184
-226
-267
-302
-342
-379
-413
-441
-465
-488
-506
-516
-518
-518
-507
-493
-470
-443
-412
-374
-335
-291
-250
-207
-164
-123
-84
-49
-18
13
39
59
78
91
103
114
117
123
126
126
127
128
129
131
133
137
141
150
160
167
181
192
210
223
238
254
266
279
291
300
309
313
313
312
310
304
293
281
264
243
219
188
156
121
82
42
4
-38
-81
-124
-163
-202
-235
-266
-294
-319
-340
-352
-360
-364
-364
-359
-352
-333
-318
-298
-274
-249
-217
-188
-161
-134
-107
-81
-61
-41
-25
-11
-2
10
15
18
25
26
30
36
39
46
54
59
66
70
78
85
90
93
98
103
109
112
113
117
119
122
129
130
133
137
142
146
146
143
142
140
133
129
118
108
100
88
79
66
55
47
36
27
19
5
-7
-18
-30
-44
-55
-66
-80
-92
-105
-113
-120
-130
-137
-144
-147
-145
-143
-138
-132
-123
-109
-95
-81
-69
-52
-34
-21
-6
6
15
27
33
38
42
42
45
44
37
33
30
25
21
16
9
3
-1
-9
-11
-18
-21
-23
-25
-24
-25
-20
-18
-11
-2
6
13
24
34
42
51
59
65
71
73
70
71
68
62
56
49
42
34
27
19
10
3
-3
-12
-20
-27
-31
-36
-40
-44
-46
-46
-44
-42
-39
-38
-31
-24
-19
-11
-5
-1
6
12
14
17
18
18
17
14
11
8
5
2
1
-3
-5
-5
-7
-11
-11
-14
-17
-17
-17
-19
-19
-16
-14
-15
-13
-10
-9
-9
-6
-3
-3
-1
2
3
3
5
4
6
7
4
8
7
7
6
8
8
12
14
13
14
16
14
14
14
14
11
11
11
10
7
5
2
-1
-2
-6
-9
-11
-11
-13
-14
-15
-14
-12
-12
-9
-10
-7
-5
-4
-3
0
0
0
4
4
9
8
5
6
6
6
4
3
3
2
2
1
0
-1
-1
-2
-2
-4
-4
-3
-3
-4
-3
-4
-3
-3
-2
-2
-3
-2
-5
-3
0
2
1
4
5
6
7
6
6
5
7
7
6
4
3
2
-2
-3
-1
-3
-1
-1
-2
-3
-4
-3
-3
-4
-4
-3
-2
-3
-5
-5
-2
-4
-3
-4
-3
-3
-3
-2
-2
0
-1
0
3
2
1
1
0
-1
0
1
-1
2
-1
1
1
1
1
5
4
4
6
4
5
6
6
3
2
1
-1
-2
-6
-6
-6
-7
-4
-1
0
-1
-1
0
0
1
3
3
2
1
3
4
1
1
3
0
1
3
3
3
3
4
1
0
-2
0
-3
-1
-2
-3
-4
-4
-4
-4
-4
-5
-4
-5
-6
-7
-5
-6
-4
-4
-3
-3
1
1
0
3
3
3
2
4
7
5
8
7
8
6
5
7
5
7
5
4
2
0
-3
-5
-3
-6
-6
-4
-6
-4
-6
-3
-3
-3
-1
-1
0
1
0
0
2
3
3
3
2
2
3
2
3
3
2
2
0
0
-2
-3
-2
-5
-6
-8
-7
-6
-7
-7
-4
-7
-5
-3
-2
-2
-2
2
2
0
6
3
4
5
6
8
9
8
6
4
3
4
4
4
3
4
1
-1
2
1
0
2
-1
-1
-1
-2
-1
-1
-2
-4
-5
-3
-1
-2
-2
0
2
2
1
0
0
1
-2
0
-1
-1
0
-2
-2
-4
-2
-1
-1
-4
-2
-1
0
1
0
0
0
1
0
-2
-1
-4
-4
-4
-5
-3
-2
-1
-1
