-1
-2
1
-1
0
-2
0
-2
-3
-1
-2
-1
-2
-3
-1
-1
-4
-3
-3
0
-1
-4
-2
-1
-3
-3
-4
-1
-1
-1
0
0
-1
-1
1
-1
0
1
3
3
3
3
2
3
1
2
3
3
1
2
4
2
3
1
3
3
5
3
4
3
2
3
3
4
0
2
3
1
1
1
0
1
-2
-2
-3
-3
-1
-1
-3
-3
-3
-3
-3
-3
-3
-3
-3
-4
-3
-3
-2
-4
-3
-1
-2
-1
-4
-2
-1
-2
-1
-3
-3
-2
-2
-2
1
1
-1
1
1
0
-1
-1
-1
1
0
1
2
2
2
2
2
1
2
3
5
5
4
2
4
1
1
2
2
3
3
1
5
2
4
0
2
3
4
2
2
3
2
1
3
4
2
3
3
3
2
3
1
1
-1
2
0
-2
-2
-3
-3
-4
-5
-4
-10
-10
-9
-11
-11
-12
-14
-14
-15
-20
-16
-21
-23
-21
-16
-11
-9
-12
-10
-10
-13
-10
-5
3
7
13
12
7
-7
-13
-15
4
17
31
17
17
4
22
34
22
-17
10
5
-31
-92
-156
-289
-347
-822
-2318
-3789
-3546
-1131
1701
3342
2639
1139
172
-539
-1427
-793
1825
3921
3722
2126
753
208
258
297
858
2395
3510
3037
1992
1287
574
-348
-612
-145
153
-14
-192
-278
-499
-1097
-1672
-1990
-2172
-2545
-2650
-2381
-2110
-2103
-1908
-1553
-1499
-1786
-2049
-2043
-1909
-1778
-1758
-1479
-824
-255
-185
-163
-37
-125
-420
-342
27
569
1201
1739
1730
1701
1728
1452
1011
1237
1663
1888
2234
2701
2759
2567
2413
2153
2017
1922
1702
1566
1781
1899
1999
2197
2240
1948
1358
-351
-2699
-3804
-3456
-3674
-4344
-4284
-4176
-5127
-5674
-5333
-5430
-6245
-6211
-5233
-4272
-3609
-2707
-1578
-659
-7
926
2038
2386
2459
3581
5142
5630
5748
6294
6240
5423
5171
5073
4151
3318
3396
3268
2465
1679
1112
311
-342
-693
-809
-902
-777
-426
308
989
1276
1374
1752
2045
2192
2851
3757
3041
769
-777
-848
-1569
-3152
-4090
-4328
-5246
-6064
-6003
-6158
-7564
-9018
-9150
-8593
-8265
-7921
-6688
-5466
-4628
-3413
-1514
-614
-405
710
2531
3584
4506
5852
6724
6951
7575
8193
8003
7174
6497
5747
4963
4046
3351
2295
628
-1088
-1803
-2230
-3179
-3690
-3468
-3232
-3180
-2218
-1308
-866
-471
601
1569
2338
3159
3994
4881
5678
6590
7511
8379
8247
6594
4114
2075
1077
-365
-2263
-3829
-4271
-5346
-6492
-7173
-7938
-10124
-11904
-12039
-11622
-11378
-10600
-8986
-7575
-6134
-4382
-2512
-1504
-797
588
2596
4160
5444
7027
8310
8899
9530
10017
9449
8127
7302
6588
5536
4176
3178
2145
1119
76
-563
-1434
-2566
-3340
-3123
-2778
-2539
-1809
-603
266
981
2044
2803
3137
3913
5427
5303
3153
1109
1222
947
-679
-2137
-2158
-3057
-4343
-4362
-4028
-5747
-8020
-8542
-8281
-8504
-8471
-7411
-6510
-5893
-4647
-2605
-1472
-1374
-803
786
1899
2567
3689
4880
5317
6240
7606
7869
6751
6128
5791
4839
3666
3089
2363
1179
539
564
346
-720
-1472
-1614
-1349
-1262
-622
273
1147
1858
2920
3788
3948
3978
4665
5625
4859
2669
875
616
-457
-2284
-3490
-3618
-4686
-5672
-5658
-5728
-7462
-9222
-9543
-9184
-9139
-8834
-7704
-6658
-5841
-4252
-2012
-921
-643
504
2041
2615
3311
4806
5798
6192
7459
8660
8483
7620
7323
6594
5274
3927
2967
1804
778
298
271
-182
-1086
-1590
-1483
-1432
-1387
-768
47
621
1507
2823
3633
4056
5037
6058
4873
2296
758
803
-555
-2578
-3434
-3039
-4001
-4690
-4381
-4569
-6850
-8504
-8541
-8537
-9274
-9163
-7983
-7028
-5973
-3884
-1757
-1164
-866
428
1491
1556
2214
3731
4579
5253
7027
8459
8354
7864
7815
6715
5045
3764
2969
1449
444
262
467
-62
-505
-696
-862
-1207
-1217
-769
-410
216
1178
2495
3172
3945
4974
6252
5545
3335
1264
808
-464
-2581
-3891
-3644
-4121
-4777
-4388
-4219
-5939
-7788
-7956
-8022
-8921
-9470
-8609
-7682
-6616
-4643
-2150
-1058
-587
619
1914
1935
2089
3062
3855
4291
5921
7663
8152
7878
8140
7661
6259
4734
3593
1906
359
-177
-94
-446
-913
-713
-383
-316
-281
130
169
244
717
1774
2423
3173
4273
5857
5837
4120
2165
1716
464
-2061
-4004
-4145
-4801
-5678
-5235
-4497
-5538
-7011
-7023
-6988
-8025
-9107
-8814
-8241
-7522
-5971
-3455
-1961
-1079
555
2608
2957
2804
3360
3936
3786
4818
6416
6941
6779
7651
8106
7066
5699
4800
3298
1168
-35
-493
-1128
-2004
-1725
-1015
-553
-389
449
907
998
1212
1988
2262
2399
3208
4725
5610
4762
3263
2481
2172
123
-2262
-3581
-4078
-5585
-6013
-5518
-5606
-7073
-7306
-6787
-7045
-8236
-8591
-8287
-8003
-7293
-5498
-3738
-2864
-1525
942
2654
2921
3519
4504
4534
4624
5976
6727
6327
6666
7892
7780
6920
6216
5221
3270
1844
809
-339
-1712
-2266
-2106
-1626
-1303
-860
-59
565
1078
1630
2289
2210
2416
3152
4413
4602
3736
2324
2086
1882
239
-2047
-2994
-3655
-5163
-5640
-5198
-5817
-7482
-7369
-6647
-6988
-8017
-7926
-7648
-7484
-6704
-4979
-3721
-3105
-1642
709
2143
2555
3507
4586
4725
5241
6474
6780
6145
6764
7739
7407
6422
5949
4961
3319
2252
1480
121
-1516
-2073
-2026
-1977
-2068
-1552
-790
-116
653
1504
2018
2099
2620
3381
4341
4762
3900
2185
1640
1982
472
-1794
-2768
-2886
-4444
-5018
-4610
-5088
-7069
-7287
-6455
-6787
-7972
-8077
-7518
-7495
-6867
-5312
-3936
-3546
-2176
301
1953
2243
2908
3996
4207
4608
5784
6353
5773
6152
7340
7313
6412
5935
5401
3689
2495
1766
619
-1278
-1947
-1931
-2024
-2136
-1580
-817
-274
704
1736
2415
2496
2893
3506
4143
4723
4452
3144
1799
2066
1546
-518
-2453
-2593
-3457
-4905
-5013
-4880
-6390
-7817
-6921
-6535
-7565
-8327
-7599
-7450
-7375
-6126
-4545
-4030
-3383
-1160
940
1747
2307
3484
4224
4457
5442
6233
6042
5750
6733
7190
6537
5897
5693
4832
3410
2709
1825
323
-1257
-1479
-1569
-1951
-2165
-1520
-842
-339
705
1748
2330
2599
3428
4043
4645
4928
4060
2285
1597
1785
164
-2131
-2979
-2915
-4278
-5007
-4643
-5097
-6902
-7161
-6240
-6761
-8203
-8340
-7641
-7700
-7260
-5625
-4406
-4104
-2560
135
1563
1858
2895
4091
4293
4716
5879
6054
5526
5996
7113
6950
6256
5947
5494
4241
3273
2617
1335
-349
-1191
-1243
-1637
-2012
-1737
-978
-430
508
1686
2514
2847
3431
4200
4838
5041
4119
2535
1650
1565
138
-1995
-3068
-3201
-4307
-5067
-4847
-5173
-6731
-7146
-6382
-6699
-8075
-8420
-7849
-7816
-7551
-6171
-4867
-4346
-2951
-419
1277
1835
2893
4217
4628
4971
6009
6279
5643
5836
6882
6826
6096
5876
5692
4629
3735
3189
1994
262
-726
-967
-1560
-2183
-2183
-1605
-1146
-257
989
1994
2532
3291
4212
4754
5094
4595
3175
1743
1557
562
-1652
-3342
-3452
-4100
-5094
-4980
-4791
-5943
-6876
-6164
-6073
-7349
-8201
-7682
-7539
-7586
-6625
-5247
-4671
-3656
-1233
862
1616
2503
3980
4684
4858
5684
6183
5586
5396
6359
6625
5891
5553
5654
5076
4264
3758
2720
1086
-100
-545
-1267
-2141
-2492
-2160
-1690
-1001
123
1201
2033
2898
3979
4600
5006
5252
4420
2696
1698
1569
-208
-2543
-3519
-3381
-4618
-5359
-4964
-5057
-6429
-6608
-5703
-6221
-7542
-7775
-7185
-7553
-7476
-6307
-5221
-4786
-3259
-745
740
1470
2884
4420
4906
5290
6191
6206
5686
5820
6578
6177
5530
5452
5502
4811
4022
3565
2426
1009
-166
-631
-1667
-2512
-2750
-2296
-1968
-1293
-53
1063
2011
3092
4230
4718
5127
5644
4973
3298
2141
1961
302
-2023
-3151
-3209
-4383
-5392
-5042
-5166
-6429
-6835
-5914
-6358
-7584
-7802
-7282
-7646
-7683
-6637
-5796
-5378
-4018
-1674
-107
950
2508
4223
4978
5476
6315
6589
6089
5955
6420
6113
5336
5075
5124
4472
3778
3492
2835
1664
793
348
-528
-1394
-1719
-1596
-1534
-1046
-41
947
1859
2906
4069
4792
5538
5612
4584
2988
2388
1460
-948
-3219
-3929
-4619
-6160
-6441
-5927
-6361
-7225
-6347
-5459
-6132
-6903
-6454
-6294
-6945
-6723
-5807
-5449
-5074
-3210
-1069
89
1325
3377
4960
5608
6493
7232
6940
6458
6693
6522
5415
4740
4621
4157
3377
3176
2801
1827
951
590
-57
-1125
-1800
-2002
-2135
-2107
-1528
-753
4
1015
2412
3433
4172
5008
6057
5649
4365
3339
3025
1233
-1301
-2814
-3467
-4858
-6195
-5985
-6075
-6842
-7108
-5959
-5893
-6532
-6631
-6125
-6408
-6795
-6292
-5821
-5641
-4914
-3022
-1400
-206
1396
3419
4822
5598
6661
7309
7141
6776
6975
6612
5518
4803
4578
4008
3110
2838
2396
1503
714
516
-114
-1027
-1468
-1492
-1621
-1604
-1088
-467
269
1268
2507
3373
4097
4964
5951
5666
4471
3501
3120
1403
-1063
-2651
-3551
-5168
-6571
-6558
-6727
-7480
-7647
-6596
-6322
-6678
-6685
-6175
-6241
-6451
-6013
-5468
-5231
-4621
-2954
-1370
-258
1199
3196
4656
5552
6693
7525
7467
7206
7297
6819
5651
4796
4288
3395
2366
1921
1534
831
329
313
121
-312
-462
-373
-419
-410
-15
522
1003
1726
2621
3358
4035
5040
5431
4597
3633
3424
2431
-56
-2128
-3174
-4679
-6632
-7225
-7320
-8228
-8808
-7803
-6935
-7159
-6987
-6042
-5587
-5670
-5088
-4390
-4306
-4032
-2692
-1281
-449
709
2494
4009
4992
6229
7334
7633
7564
7817
7661
6633
5550
4799
3798
2532
1738
1113
300
-400
-518
-659
-968
-1098
-921
-767
-616
-256
153
646
1167
1948
2644
3249
3784
4642
5030
4406
3540
3232
2494
393
-1566
-2710
-3954
-5841
-6832
-7194
-7925
-8654
-8135
-7334
-7359
-7311
-6416
-5578
-5450
-4996
-4178
-3734
-3461
-2295
-903
-121
665
2199
3674
4586
5521
6520
6986
7088
7346
7297
6528
5523
4816
3987
2862
1846
1152
405
-306
-623
-759
-1090
-1321
-1080
-769
-568
-296
189
593
1168
1875
2586
3056
3547
4132
4823
5060
4338
3377
2903
2258
292
-1698
-2865
-3988
-5829
-6876
-7098
-7784
-8676
-8289
-7239
-7150
-7188
-6347
-5332
-5157
-4716
-3744
-3197
-3088
-2143
-682
47
633
1959
3371
4102
4947
5984
6413
6334
6514
6577
5899
5015
4407
3692
2645
1780
1218
627
-12
-319
-349
-390
-402
-171
202
459
708
1088
1546
1904
2315
2779
3159
3422
3932
4401
4000
3014
2490
2118
529
-1583
-2849
-3806
-5554
-6948
-7278
-7780
-8696
-8604
-7607
-7313
-7336
-6489
-5281
-4819
-4404
-3400
-2615
-2378
-1703
-424
322
640
1575
2898
3645
4200
5113
5764
5904
6153
6416
6020
5303
4797
4225
3281
2317
1580
948
327
-159
-360
-422
-495
-439
-99
210
382
680
1103
1434
1768
2244
2644
2865
3068
3455
3810
3489
2540
1912
1654
468
-1500
-2791
-3556
-4997
-6419
-6801
-7141
-8015
-8160
-7232
-6723
-6781
-6161
-4956
-4316
-3983
-3082
-2217
-2056
-1667
-502
274
360
1006
2243
2880
3246
4224
5021
5012
5213
5857
5773
5017
4661
4446
3596
2659
2194
1658
813
354
335
138
-185
-123
178
269
364
682
962
1091
1427
1906
2196
2342
2574
2854
3131
3141
2490
1646
1285
772
-776
-2399
-3202
-4071
-5522
-6360
-6453
-7030
-7724
-7236
-6271
-6200
-6133
-5045
-3997
-3793
-3314
-2277
-1891
-1981
-1288
-297
-146
5
1063
2026
2333
3019
4119
4550
4634
5221
5648
5233
4825
4835
4429
3496
2910
2593
1879
1120
881
721
260
49
281
402
315
492
838
981
1111
1473
1826
1962
2084
2336
2628
2731
2385
1731
1259
891
-117
-1615
-2687
-3408
-4543
-5656
-6045
-6339
-7005
-7085
-6305
-5889
-5979
-5424
-4355
-3899
-3722
-2991
-2357
-2352
-2015
-1054
-577
-569
139
1300
1878
2345
3396
4231
4470
5010
5823
5839
5343
5343
5325
4566
3750
3353
2659
1662
1170
981
360
-270
-271
-159
-326
-316
-20
71
120
571
1052
1193
1407
1878
2159
2344
2684
2606
1897
1432
1342
452
-1111
-2083
-2649
-3844
-5015
-5272
-5573
-6415
-6567
-5784
-5558
-5873
-5385
-4454
-4277
-4245
-3488
-2938
-3064
-2705
-1647
-1144
-1048
-162
1113
1761
2344
3553
4511
4783
5282
6110
6223
5715
5571
5513
4774
3836
3357
2757
1728
1020
823
384
-297
-473
-309
-418
-560
-290
-15
-27
184
761
1189
1332
1673
2189
2596
2822
2752
2301
1872
1644
827
-587
-1642
-2265
-3391
-4625
-5071
-5463
-6365
-6703
-6103
-5980
-6380
-5957
-5034
-4854
-4806
-3990
-3381
-3441
-2993
-1877
-1336
-1117
-96
1179
1858
2641
3954
4827
5145
5799
6540
6494
6086
5986
5703
4878
4079
3491
2663
1695
1061
621
17
-543
-749
-787
-907
-953
-766
-551
-412
-105
402
816
1157
1642
2140
2509
2939
3214
2919
2430
2291
1868
574
-726
-1455
-2435
-3883
-4757
-5165
-6062
-6896
-6685
-6323
-6696
-6733
-5893
-5350
-5314
-4686
-3778
-3561
-3305
-2225
-1308
-1048
-332
974
1831
2458
3633
4693
5060
5569
6429
6658
6251
6104
5995
5268
4384
3787
2993
1912
1137
662
13
-656
-974
-1081
-1205
-1210
-1037
-864
-686
-319
198
636
1017
1543
2111
2487
2862
3353
3430
2910
2509
2414
1670
194
-963
-1725
-2957
-4321
-4997
-5603
-6664
-7173
-6736
-6621
-7032
-6737
-5827
-5424
-5195
-4335
-3546
-3323
-2716
-1507
-761
-430
480
1673
2383
3096
4193
4931
5185
5766
6479
6444
6004
5886
5655
4850
4046
3466
2550
1417
731
289
-469
-1184
-1392
-1446
-1613
-1540
-1191
-971
-792
-297
298
663
1022
1635
2192
2478
2822
3403
3681
3315
2860
2717
2284
1066
-265
-1207
-2256
-3635
-4703
-5384
-6291
-7151
-7233
-6939
-7073
-7166
-6544
-5734
-5278
-4684
-3754
-3106
-2646
-1709
-650
-168
266
1263
2222
2746
3434
4354
4855
5119
5727
6215
5994
5594
5497
5164
4326
3509
2827
1910
954
357
-162
-859
-1325
-1363
-1391
-1467
-1244
-850
-634
-386
162
713
1026
1390
1972
2439
2665
2958
3364
3424
2991
2562
2339
1732
474
-733
-1568
-2610
-3976
-4951
-5556
-6408
-7150
-7095
-6796
-6957
-6889
-6053
-5240
-4861
-4198
-3202
-2592
-2127
-1167
-229
130
617
1625
2402
2787
3470
4300
4619
4829
5423
5759
5417
5092
5042
4608
3764
3110
2530
1628
778
350
-94
-763
-1134
-1078
-1087
-1195
-1000
-635
-453
-262
176
568
752
1039
1508
1885
2108
2392
2754
3018
2984
2656
2302
1963
1234
25
-1075
-1945
-3092
-4404
-5224
-5789
-6615
-7164
-6932
-6646
-6726
-6369
-5394
-4673
-4241
-3375
-2401
-1941
-1429
-450
224
401
968
1886
2336
2631
3422
4119
4268
4619
5313
5455
5098
5060
5056
4431
3664
3222
2570
1576
883
468
-191
-833
-1027
-1104
-1330
-1342
-1053
-850
-715
-379
17
261
541
960
1326
1613
1937
2241
2480
2744
2827
2504
2096
1854
1292
148
-929
-1703
-2740
-4004
-4798
-5327
-6145
-6710
-6502
-6267
-6428
-6145
-5244
-4627
-4303
-3512
-2577
-2158
-1706
-772
-95
107
674
1605
2099
2418
3203
3947
4191
4562
5200
5337
5051
5056
5041
4418
3689
3291
2698
1764
1093
684
33
-608
-823
-926
-1189
-1268
-1048
-902
-810
-511
-176
-37
161
571
887
1074
1432
1870
2081
2287
2693
2797
2370
2012
1889
1224
10
-903
-1578
-2736
-3976
-4555
-5073
-6012
-6510
-6211
-6106
-6329
-5909
-5011
-4549
-4177
-3223
-2346
-2033
-1506
-554
-24
160
790
1551
1844
2221
3059
3627
3782
4253
4880
4966
4834
4961
4852
4258
3758
3400
2698
1840
1259
736
59
-459
-734
-1001
-1210
-1194
-1097
-1011
-798
-495
-261
-41
277
620
902
1195
1535
1847
2089
2357
2637
2641
2330
2038
1812
1162
109
-789
-1572
-2677
-3794
-4453
-5105
-5977
-6374
-6169
-6158
-6276
-5777
-4988
-4561
-4054
-3098
-2384
-2064
-1405
-527
-140
98
792
1450
1722
2198
2976
3443
3700
4240
4769
4862
4858
4942
4768
4306
3862
3362
2643
1902
1267
635
18
-455
-825
-1092
-1178
-1129
-1045
-908
-684
-447
-201
25
173
318
555
772
922
1193
1538
1729
1906
2264
2414
2136
1867
1729
1156
175
-586
-1297
-2405
-3481
-4069
-4704
-5572
-5985
-5877
-5920
-6006
-5563
-4912
-4512
-3995
-3129
-2419
-1999
-1387
-602
-107
232
797
1387
1753
2173
2783
3271
3587
3994
4436
4649
4692
4711
4605
4284
3847
3365
2786
2103
1417
825
285
-240
-661
-890
-1021
-1111
-1065
-919
-786
-618
-343
-123
9
237
539
732
921
1263
1548
1689
1949
2250
2190
1913
1808
1564
797
-54
-686
-1547
-2717
-3573
-4143
-4982
-5756
-5894
-5824
-6019
-5916
-5265
-4714
-4363
-3639
-2731
-2232
-1790
-978
-293
-16
405
1079
1500
1759
2306
2900
3181
3494
4043
4414
4485
4593
4700
4519
4164
3835
3364
2672
2002
1436
815
162
-326
-666
-960
-1139
-1130
-1068
-1037
-897
-626
-414
-302
-134
84
265
467
726
975
1218
1520
1805
2048
2232
2204
1976
1756
1443
711
-191
-911
-1720
-2811
-3675
-4216
-4923
-5622
-5746
-5605
-5742
-5669
-5041
-4476
-4175
-3541
-2668
-2182
-1805
-1041
-354
-92
316
1020
1447
1693
2266
2877
3149
3486
4068
4386
4430
4624
4770
4523
4179
3937
3462
2749
2150
1608
896
226
-187
-565
-966
-1162
-1159
-1159
-1130
-951
-726
-553
-379
-166
36
214
393
586
824
1076
1285
1491
1748
1909
1849
1707
1571
1204
516
-174
-821
-1697
-2695
-3431
-4038
-4791
-5351
-5456
-5487
-5598
-5355
-4779
-4343
-3944
-3204
-2445
-2009
-1495
-737
-212
59
579
1192
1498
1802
2406
2905
3142
3540
4064
4286
4339
4533
4584
4296
3975
3700
3200
2527
1954
1416
768
169
-255
-612
-947
-1156
-1215
-1227
-1217
-1129
-983
-848
-716
-551
-376
-203
6
253
508
795
1132
1446
1693
1962
2167
2142
1964
1783
1406
679
-70
-726
-1613
-2676
-3412
-3974
-4750
-5339
-5384
-5404
-5590
-5329
-4687
-4322
-4004
-3217
-2453
-2121
-1615
-798
-323
-103
489
1156
1420
1767
2486
3005
3249
3756
4360
4562
4643
4910
4942
4580
4248
3948
3318
2541
1934
1295
500
-154
-587
-1034
-1427
-1577
-1602
-1643
-1570
-1352
-1154
-1004
-768
-495
-316
-142
142
425
623
912
1327
1645
1848
2160
2443
2384
2181
2066
1687
873
124
-509
-1505
-2649
-3375
-4008
-4911
-5518
-5573
-5702
-5937
-5619
-4997
-4683
-4289
-3415
-2653
-2265
-1618
-738
-252
70
765
1423
1689
2100
2806
3247
3473
3966
4475
4606
4674
4892
4865
4516
4207
3893
3298
2580
1979
1341
577
-102
-620
-1104
-1553
-1830
-1941
-2003
-2001
-1859
-1610
-1385
-1178
-870
-539
-317
-115
197
496
679
921
1307
1620
1804
2068
2389
2463
2327
2216
2004
1426
665
-1
-804
-1872
-2848
-3563
-4325
-5107
-5512
-5603
-5713
-5688
-5238
-4660
-4210
-3604
-2758
-2062
-1561
-912
-220
194
536
1073
1536
1785
2162
2700
3062
3327
3755
4155
4288
4377
4506
4407
4070
3725
3324
2699
1998
1374
732
35
-552
-978
-1342
-1623
-1728
-1685
-1589
-1433
-1180
-881
-625
-401
-144
99
236
360
573
769
872
1068
1391
1592
1692
1929
2109
1955
1722
1586
1147
365
-288
-890
-1827
-2791
-3384
-3976
-4733
-5142
-5166
-5287
-5357
-4973
-4447
-4115
-3614
-2818
-2192
-1749
-1091
-389
11
387
973
1430
1678
2090
2614
2920
3180
3615
3962
4068
4192
4333
4228
3953
3699
3343
2787
2205
1673
1073
447
-68
-506
-909
-1204
-1370
-1459
-1476
-1419
-1303
-1150
-996
-851
-699
-558
-460
-360
-230
-113
31
268
533
793
1156
1561
1848
2105
2394
2467
2264
2049
1741
1040
187
-520
-1371
-2471
-3345
-3933
-4660
-5318
-5478
-5456
-5571
-5400
-4807
-4327
-3962
-3257
-2452
-1967
-1462
-689
-82
266
811
1491
1911
2276
2889
3436
3726
4094
4547
4750
4760
4817
4761
4422
4003
3574
2993
2294
1634
985
325
-277
-797
-1223
-1538
-1776
-1945
-1970
-1912
-1871
-1757
-1524
-1337
-1199
-944
-650
-464
-249
101
410
652
986
1376
1670
1909
2177
2365
2393
2304
2110
1773
1267
605
-130
-904
-1763
-2648
-3398
-4030
-4639
-5081
-5233
-5255
-5234
-4970
-4476
-4014
-3546
-2875
-2182
-1674
-1122
-438
94
481
1014
1578
1945
2333
2874
3299
3569
3942
4306
4419
4454
4531
4405
4056
3727
3356
2765
2141
1634
1061
410
-91
-473
-911
-1289
-1465
-1608
-1796
-1862
-1788
-1765
-1759
-1620
-1425
-1306
-1157
-868
-583
-361
-61
347
704
991
1345
1732
1970
2086
2232
2291
2072
1730
1426
955
211
-486
-1070
-1821
-2642
-3179
-3580
-4107
-4461
-4449
-4428
-4478
-4229
-3762
-3463
-3146
-2548
-1988
-1643
-1163
-522
-84
263
821
1373
1706
2117
2671
3055
3306
3671
3994
4069
4105
4167
4037
3735
3462
3127
2636
2147
1704
1210
716
312
-62
-420
-693
-922
-1142
-1297
-1402
-1537
-1636
-1653
-1694
-1741
-1692
-1590
-1527
-1392
-1121
-857
-607
-229
228
593
950
1401
1772
1962
2133
2289
2213
1942
1680
1330
735
86
-449
-1074
-1804
-2366
-2770
-3237
-3645
-3779
-3823
-3932
-3880
-3620
-3413
-3250
-2905
-2482
-2192
-1881
-1388
-926
-576
-104
497
992
1445
2044
2640
3063
3478
3942
4245
4358
4455
4485
4291
3982
3683
3284
2734
2203
1727
1184
616
162
-232
-662
-1040
-1302
-1554
-1826
-2015
-2126
-2252
-2356
-2349
-2288
-2215
-2043
-1764
-1453
-1087
-617
-111
373
901
1433
1872
2240
2576
2771
2792
2747
2590
2215
1735
1251
635
-116
-780
-1386
-2086
-2713
-3119
-3499
-3891
-4057
-4060
-4114
-4088
-3844
-3592
-3400
-3063
-2607
-2238
-1855
-1307
-757
-293
267
918
1463
1962
2541
3058
3414
3742
4045
4177
4174
4143
4014
3719
3383
3031
2585
2095
1656
1221
761
373
54
-267
-557
-761
-955
-1178
-1352
-1484
-1653
-1816
-1903
-1965
-2023
-1995
-1868
-1715
-1490
-1157
-779
-382
66
531
954
1361
1737
2004
2194
2338
2356
2246
2099
1880
1504
1079
687
207
-367
-863
-1300
-1822
-2319
-2647
-2959
-3334
-3554
-3620
-3744
-3838
-3714
-3530
-3413
-3158
-2722
-2335
-1964
-1408
-805
-316
222
875
1431
1876
2386
2886
3204
3457
3742
3897
3878
3858
3807
3589
3290
3027
2712
2279
1874
1525
1120
687
336
30
-327
-667
-921
-1166
-1463
-1715
-1876
-2039
-2214
-2282
-2232
-2177
-2070
-1792
-1423
-1089
-678
-130
369
766
1219
1680
1964
2125
2322
2426
2311
2147
2028
1760
1326
955
614
119
-424
-836
-1252
-1779
-2231
-2535
-2878
-3251
-3458
-3559
-3704
-3777
-3670
-3522
-3381
-3108
-2707
-2317
-1908
-1372
-803
-294
247
839
1362
1804
2262
2685
2971
3194
3413
3528
3518
3485
3435
3264
3026
2825
2583
2248
1931
1666
1341
975
681
406
56
-284
-541
-838
-1195
-1462
-1668
-1930
-2148
-2214
-2236
-2260
-2130
-1855
-1591
-1271
-797
-314
85
531
1006
1328
1553
1811
1967
1938
1909
1903
1743
1499
1365
1191
857
574
379
35
-407
-720
-1053
-1567
-2024
-2331
-2742
-3205
-3444
-3584
-3820
-3912
-3740
-3580
-3435
-3043
-2524
-2112
-1638
-973
-376
85
652
1261
1679
2027
2465
2814
2975
3162
3373
3426
3379
3388
3346
3157
2947
2767
2501
2151
1831
1510
1118
717
363
5
-378
-733
-1034
-1316
-1579
-1792
-1935
-2024
-2078
-2057
-1943
-1775
-1585
-1307
-953
-617
-279
124
510
802
1089
1383
1563
1658
1769
1828
1762
1687
1630
1479
1268
1092
868
544
226
-80
-495
-943
-1329
-1759
-2249
-2649
-2973
-3336
-3624
-3742
-3821
-3881
-3762
-3505
-3269
-2953
-2467
-1968
-1524
-975
-366
138
612
1166
1656
2011
2392
2785
3029
3195
3403
3533
3514
3493
3470
3312
3082
2884
2627
2265
1920
1592
1200
790
426
65
-325
-673
-975
-1273
-1549
-1758
-1919
-2051
-2109
-2083
-2004
-1872
-1655
-1375
-1059
-706
-321
61
430
773
1075
1331
1521
1640
1714
1737
1676
1576
1468
1307
1083
878
659
360
38
-251
-589
-1013
-1393
-1740
-2160
-2563
-2852
-3116
-3389
-3536
-3543
-3538
-3471
-3238
-2929
-2627
-2234
-1731
-1253
-806
-285
242
672
1083
1524
1892
2165
2447
2716
2885
3009
3146
3224
3217
3193
3152
3030
2838
2641
2403
2082
1736
1393
1009
581
178
-193
-583
-953
-1244
-1488
-1717
-1872
-1930
-1952
-1946
-1850
-1685
-1522
-1328
-1056
-777
-533
-251
58
311
525
758
966
1085
1179
1281
1322
1294
1269
1241
1151
1023
909
773
564
330
100
-186
-528
-878
-1218
-1591
-1970
-2297
-2583
-2847
-3053
-3159
-3191
-3172
-3059
-2846
-2584
-2275
-1892
-1460
-1033
-593
-126
323
718
1105
1479
1786
2046
2292
2499
2639
2754
2848
2890
2876
2835
2760
2622
2438
2229
1975
1674
1359
1036
689
338
10
-302
-607
-879
-1106
-1303
-1468
-1579
-1637
-1662
-1633
-1550
-1426
-1262
-1057
-813
-556
-281
-2
269
521
749
939
1091
1199
1260
1281
1264
1212
1127
1022
896
753
594
420
225
7
-228
-482
-760
-1060
-1359
-1660
-1961
-2237
-2472
-2674
-2822
-2896
-2908
-2857
-2731
-2530
-2272
-1971
-1617
-1231
-834
-428
-22
368
728
1065
1373
1639
1864
2062
2226
2349
2449
2522
2564
2574
2561
2513
2425
2309
2156
1968
1743
1497
1221
921
616
310
0
-300
-581
-842
-1075
-1272
-1427
-1546
-1618
-1638
-1609
-1537
-1423
-1266
-1075
-859
-626
-380
-136
98
318
517
688
828
941
1019
1064
1087
1085
1057
1007
940
849
735
598
439
247
27
-217
-486
-777
-1081
-1380
-1679
-1962
-2207
-2411
-2570
-2668
-2697
-2666
-2574
-2417
-2201
-1947
-1653
-1320
-967
-607
-240
128
482
824
1147
1448
1719
1957
2167
2336
2463
2558
2604
2606
2571
2498
2382
2229
2050
1838
1598
1339
1065
775
479
183
-111
-391
-655
-900
-1114
-1294
-1432
-1528
-1574
-1571
-1524
-1430
-1293
-1124
-926
-706
-477
-243
-16
202
407
586
744
873
979
1059
1107
1133
1130
1107
1054
977
875
745
589
405
194
-47
-304
-583
-874
-1174
-1470
-1747
-2005
-2227
-2405
-2529
-2601
-2609
-2554
-2443
-2275
-2055
-1799
-1508
-1194
-868
-536
-205
121
429
722
997
1252
1478
1682
1864
2020
2147
2252
2326
2366
2375
2352
2289
2188
2046
1875
1669
1430
1168
889
596
303
16
-259
-514
-737
-929
-1086
-1200
-1274
-1309
-1308
-1267
-1196
-1092
-961
-814
-649
-472
-287
-99
86
267
438
594
732
844
931
988
1016
1013
976
907
809
685
535
367
184
-20
-235
-457
-679
-905
-1127
-1346
-1552
-1734
-1897
-2032
-2133
-2192
-2211
-2185
-2112
-1996
-1844
-1651
-1427
-1181
-915
-643
-362
-82
193
460
718
962
1187
1399
1590
1753
1896
2010
2092
2146
2166
2150
2100
2022
1917
1785
1629
1455
1264
1060
847
626
403
176
-46
-261
-468
-652
-819
-962
-1072
-1149
-1191
-1196
-1162
-1093
-992
-860
-710
-545
-373
-197
-22
136
281
411
519
606
670
711
733
732
712
666
604
525
426
308
166
8
-164
-347
-545
-746
-944
-1139
-1323
-1485
-1625
-1741
-1825
-1869
-1879
-1855
-1789
-1688
-1557
-1393
-1203
-989
-763
-517
-263
-9
244
490
728
949
1155
1341
1505
1638
1746
1831
1883
1907
1905
1875
1816
1730
1617
1479
1317
1134
930
716
495
266
39
-175
-379
-556
-705
-824
-906
-954
-962
-941
-886
-803
-699
-578
-446
-305
-167
-31
99
219
324
417
495
553
595
618
621
607
576
527
459
377
279
168
43
-89
-232
-379
-533
-686
-837
-983
-1123
-1251
-1361
-1456
-1528
-1571
-1590
-1582
-1543
-1475
-1381
-1261
-1119
-955
-778
-589
-394
-200
-5
188
375
552
722
876
1023
1156
1276
1383
1471
1537
1581
1606
1597
1567
1509
1430
1325
1197
1054
896
726
553
382
214
53
-94
-226
-340
-435
-511
-564
-599
-611
-606
-586
-549
-497
-431
-355
-269
-179
-86
9
101
190
272
340
401
445
474
485
478
454
408
344
260
162
47
-80
-218
-363
-512
-662
-811
-951
-1079
-1193
-1291
-1371
-1424
-1458
-1464
-1447
-1407
-1341
-1255
-1150
-1028
-892
-744
-583
-418
-247
-73
101
273
442
605
759
905
1041
1158
1258
1342
1405
1446
1467
1465
1439
1393
1332
1253
1158
1050
937
816
686
555
427
302
178
64
-45
-142
-227
-301
-360
-403
-435
-448
-445
-428
-396
-357
-310
-251
-185
-120
-56
8
66
114
158
192
216
227
223
210
181
132
70
-8
-104
-212
-335
-469
-610
-753
-897
-1032
-1156
-1262
-1349
-1411
-1443
-1449
-1422
-1366
-1288
-1181
-1052
-907
-747
-575
-400
-220
-38
138
310
476
632
781
916
1040
1149
1243
1322
1379
1417
1431
1427
1395
1338
1260
1162
1046
916
777
636
490
352
225
106
2
-84
-157
-211
-248
-272
-285
-286
-281
-268
-248
-223
-195
-160
-122
-78
-32
15
62
111
150
183
207
223
221
201
173
122
55
-28
-123
-228
-344
-464
-587
-707
-823
-928
-1017
-1090
-1146
-1178
-1189
-1178
-1144
-1092
-1026
-948
-856
-757
-653
-543
-431
-317
-203
-87
26
139
253
366
474
577
675
767
845
908
956
985
999
994
973
935
887
830
764
703
642
588
536
491
455
425
399
377
359
339
318
300
277
258
238
221
203
186
171
160
150
144
139
130
121
108
90
66
32
-15
-73
-141
-226
-323
-431
-553
-686
-822
-960
-1095
-1222
-1334
-1425
-1497
-1537
-1547
-1530
-1484
-1406
-1308
-1188
-1054
-908
-757
-604
-445
-292
-140
9
159
305
448
596
737
876
1012
1135
1248
1344
1418
1469
1493
1489
1458
1398
1318
1212
1096
964
827
688
551
424
303
190
90
3
-78
-149
-210
-268
-321
-368
-407
-441
-469
-483
-490
-487
-466
-436
-393
-345
-286
-226
-165
-104
-48
3
38
66
84
91
83
69
45
13
-20
-57
-99
-145
-183
-225
-266
-306
-344
-379
-414
-441
-468
-488
-501
-509
-512
-504
-491
-468
-434
-398
-356
-308
-259
-207
-155
-109
-64
-28
6
36
59
77
95
110
128
147
169
196
224
261
304
347
391
436
477
517
553
583
606
622
635
639
638
635
632
623
611
600
583
562
537
502
461
415
360
300
229
157
84
9
-64
-128
-190
-247
-297
-342
-382
-420
-455
-492
-532
-572
-614
-659
-700
-743
-787
-827
-861
-890
-906
-916
-913
-898
-869
-832
-779
-714
-638
-555
-459
-360
-262
-157
-55
47
142
231
315
391
463
529
591
645
696
741
779
808
830
844
846
839
824
799
758
713
660
601
540
482
426
377
332
297
273
252
240
231
224
214
202
187
161
133
101
59
11
-38
-89
-146
-204
-260
-316
-372
-425
-479
-531
-584
-636
-688
-734
-779
-820
-857
-886
-908
-922
-922
-913
-891
-853
-802
-742
-666
-580
-489
-391
-287
-186
-85
11
105
189
267
333
389
439
477
505
529
545
552
557
555
555
548
541
535
527
520
512
507
505
503
503
509
515
525
537
549
562
575
586
592
593
589
575
551
519
473
416
353
275
191
101
5
-92
-187
-284
-376
-465
-548
-622
-692
-751
-804
-847
-885
-915
-932
-942
-944
-938
-924
-901
-869
-830
-784
-733
-676
-616
-551
-487
-421
-356
-291
-224
-163
-102
-45
9
60
111
162
206
253
297
341
379
418
456
486
515
545
571
593
617
638
650
661
671
677
678
678
675
668
660
647
626
604
578
549
516
473
431
382
330
276
220
162
103
46
-12
-64
-119
-167
-217
-265
-308
-354
-399
-439
-483
-525
-568
-609
-647
-683
-714
-741
-761
-775
-783
-787
-781
-766
-744
-716
-682
-639
-590
-535
-474
-412
-347
-277
-204
-133
-65
3
68
127
178
229
272
307
341
370
391
408
427
437
444
454
466
471
478
487
497
503
515
526
538
551
563
574
580
590
592
591
581
569
547
517
480
436
385
321
262
195
122
52
-18
-84
-153
-216
-277
-334
-387
-437
-481
-523
-557
-589
-616
-639
-655
-663
-665
-665
-656
-641
-626
-603
-576
-551
-524
-497
-468
-441
-414
-388
-361
-336
-309
-278
-246
-212
-172
-129
-81
-34
20
71
121
170
218
263
303
341
373
402
425
454
478
499
523
547
570
591
611
630
645
659
669
669
663
652
632
604
569
526
476
421
361
295
227
161
95
27
-34
-90
-140
-190
-233
-270
-308
-343
-379
-409
-439
-469
-502
-533
-559
-585
-602
-611
-615
-610
-596
-575
-550
-522
-487
-457
-426
-399
-375
-351
-331
-310
-288
-265
-238
-205
-169
-123
-77
-30
21
65
109
148
177
200
220
231
238
242
247
254
264
278
294
319
348
380
413
443
473
498
518
529
540
540
535
526
509
490
464
442
411
379
343
303
261
213
165
114
62
8
-44
-92
-141
-185
-224
-259
-288
-318
-341
-357
-373
-384
-391
-401
-405
-406
-406
-405
-403
-397
-394
-389
-380
-372
-366
-356
-348
-340
-332
-327
-317
-309
-299
-287
-272
-254
-235
-210
-180
-150
-115
-73
-31
12
58
100
144
188
231
267
300
333
359
381
403
418
430
440
445
448
447
445
435
425
413
401
384
367
346
324
304
280
255
230
200
174
146
116
84
53
23
-9
-38
-69
-95
-122
-145
-169
-189
-205
-220
-232
-243
-255
-265
-272
-278
-281
-284
-288
-292
-290
-291
-287
-283
-278
-274
-266
-258
-250
-242
-234
-226
-216
-208
-198
-188
-179
-168
-151
-137
-120
-99
-75
-52
-31
-7
20
42
66
88
111
133
153
174
191
204
222
238
253
264
279
294
307
320
327
336
346
348
351
348
341
332
321
302
281
257
229
201
166
131
94
59
21
-16
-50
-82
-110
-137
-159
-177
-192
-207
-217
-223
-227
-231
-231
-233
-233
-233
-229
-229
-230
-230
-234
-235
-237
-237
-238
-237
-229
-217
-201
-183
-160
-138
-116
-96
-79
-64
-49
-39
-36
-30
-23
-15
-2
15
42
72
101
135
169
194
214
227
231
231
226
218
209
199
192
192
192
191
194
197
198
194
188
178
164
141
118
89
61
35
6
-18
-41
-58
-71
-80
-89
-94
-99
-100
-98
-98
-95
-97
-94
-91
-88
-79
-72
-62
-56
-44
-36
-28
-23
-21
-21
-25
-31
-44
-56
-71
-85
-99
-112
-124
-132
-138
-140
-142
-136
-129
-121
-109
-94
-82
-64
-47
-34
-18
-3
15
31
44
59
74
87
98
113
124
135
144
150
155
153
152
150
144
140
130
123
112
102
93
80
65
53
38
21
6
-14
-30
-45
-59
-75
-89
-98
-103
-107
-108
-106
-99
-88
-77
-64
-50
-35
-19
-3
11
24
38
48
56
65
68
70
70
65
60
50
42
34
20
6
-8
-23
-38
-52
-63
-77
-85
-92
-94
-96
-95
-94
-87
-78
-68
-56
-43
-29
-16
-2
11
25
40
52
60
65
71
73
74
73
70
65
57
49
40
28
19
11
-2
-10
-19
-28
-32
-38
-41
-41
-42
-38
-37
-32
-25
-18
-12
-5
4
8
13
18
20
26
27
29
28
29
29
29
30
24
22
19
15
12
10
8
4
2
-1
-3
-6
-7
-8
-10
-13
-13
-12
-15
-15
-17
-16
-19
-22
-22
-24
-24
-22
-23
-22
-22
-19
-12
-11
-6
-3
1
6
10
12
17
20
22
25
25
25
26
27
26
27
22
19
16
12
10
4
-2
-9
-12
-18
-21
-23
-26
-27
-27
-26
-26
-21
-20
-14
-10
-7
-2
1
4
7
9
13
17
19
18
20
20
19
19
18
16
14
7
4
1
-2
-6
-9
-12
-16
-19
-24
-26
-25
-27
-25
-26
-26
-21
-20
-15
-10
-3
1
7
12
15
20
22
26
28
28
27
27
27
23
19
17
16
12
6
3
-1
-8
-11
-13
-18
-17
-16
-17
-17
-17
-15
-15
-12
-8
-7
-4
-1
1
1
2
4
4
5
5
5
5
3
3
4
0
0
-1
0
-1
-2
-1
-2
0
1
1
4
4
6
6
6
4
5
5
4
4
2
2
3
1
1
-3
-2
-1
-4
-4
-4
-3
-6
-4
-4
-5
-5
-5
-4
-2
-4
-1
0
0
-1
0
-1
-1
2
1
4
3
2
1
0
1
1
0
-1
0
-1
1
0
0
2
0
-2
-1
-1
-1
-1
-4
-3
-2
-4
0
-1
0
1
2
2
4
3
2
0
2
5
2
2
2
3
3
4
3
3
2
1
2
1
