1
0
0
2
1
2
2
-1
0
0
0
0
0
-1
0
1
0
0
1
1
0
0
1
0
0
0
0
1
0
0
0
1
-1
0
1
-1
0
-1
-1
0
0
1
1
0
2
-1
1
0
1
1
1
-2
-1
-2
-1
1
-1
-2
-2
1
2
-1
-1
0
-1
1
-1
1
-1
0
0
-1
-1
-1
0
-2
0
-1
2
0
-2
-3
-1
-1
-1
0
2
-1
2
3
2
2
0
3
2
2
2
1
-1
0
0
0
0
1
-2
0
-2
-2
0
-3
-1
-1
0
0
-2
0
2
1
-1
0
2
1
2
3
0
-1
1
0
0
0
0
-1
0
1
2
0
1
2
1
0
1
-1
-3
0
-2
-1
1
-1
-2
-1
-3
-3
-4
-2
-1
-1
0
2
0
0
0
-1
-1
0
1
0
1
-2
1
0
1
2
2
1
1
2
3
0
-1
0
0
3
2
2
2
-1
0
0
-1
-1
-1
1
2
1
-1
-2
0
0
1
-1
1
0
-1
-1
-1
-2
-4
-1
-2
0
0
-2
-6
-4
1
-5
-3
1
6
5
0
1
0
2
-4
-3
1
0
3
-1
-4
-8
-3
12
9
8
11
5
6
-7
2
25
19
3
12
16
9
-1
-1
1
-15
-11
-7
-20
-16
17
26
11
2
-9
-11
-14
-14
2
-8
-16
0
-6
2
24
5
0
7
-1
14
9
-21
0
9
-34
-38
-27
-50
-20
6
-5
21
41
40
37
26
9
-15
-27
-34
-38
-15
2
-12
11
-15
-48
-8
-23
-55
-93
-118
-96
-137
-206
-353
-486
-723
-1096
-1956
-3915
-4659
-2636
-1251
-1356
272
3155
3937
1020
-1696
687
4766
5227
3334
3195
4856
4044
792
-351
1851
3638
2446
1430
2164
1520
-739
-2336
-1897
-978
-1659
-2171
-1090
-875
-2199
-3032
-2886
-2700
-3175
-2869
-1659
-1388
-1610
-1663
-1541
-1444
-1831
-1698
-575
-62
-352
-652
-646
-241
-698
-891
1
673
403
-273
-30
578
571
589
1240
1954
1998
1838
2225
2630
2605
2942
3152
3346
3740
3635
3435
3360
3237
2878
2639
2815
3058
3033
2641
425
-3132
-4662
-3992
-4168
-5615
-6108
-5650
-6579
-7559
-7425
-7397
-8323
-8219
-6466
-4427
-3723
-3404
-2032
-127
986
1750
3100
4208
4542
5440
7026
7465
6962
6801
7050
6532
5773
5156
4444
3304
2490
1978
1217
41
-1172
-1805
-2034
-2145
-2067
-1641
-1173
-663
118
913
1300
1664
2410
3524
4761
6085
5304
2027
-1130
-843
53
-1258
-3575
-3930
-4066
-5421
-6514
-6965
-8450
-10936
-11148
-9075
-7547
-7949
-7483
-5535
-3871
-3368
-2230
-766
-141
889
3822
6312
6675
6455
7564
8340
8340
7493
6531
5479
5096
4731
4315
3297
1384
-370
-974
-1251
-2564
-3440
-3443
-3112
-2565
-1166
-302
158
919
2268
3065
3962
4649
5578
6611
8512
8926
6437
2531
559
935
181
-2152
-4010
-4014
-5222
-6695
-7449
-8191
-11137
-13306
-12156
-9959
-9431
-9234
-7429
-5376
-4211
-2982
-1218
-204
185
2152
5570
7716
7879
8256
9446
9647
9028
8283
7534
6187
5479
5220
4391
2453
530
-786
-1692
-2649
-3679
-4435
-4640
-4092
-2794
-1200
-196
272
971
2143
2848
3674
4766
6695
7049
5090
2007
1398
1975
410
-2493
-3494
-2968
-4299
-5627
-6052
-6681
-9563
-11242
-10303
-8825
-9113
-9060
-6974
-4635
-3714
-2782
-800
118
-16
1577
4540
5975
6053
7323
9035
9208
8784
8674
7784
6105
5042
4546
3565
1996
803
119
-469
-1545
-2733
-3625
-4052
-4181
-3004
-1386
-416
402
1866
3247
3417
3928
4782
5955
6150
4667
1851
744
1710
605
-2170
-3835
-3291
-4656
-6054
-6457
-6885
-9501
-11095
-10023
-8347
-8321
-8593
-6967
-4697
-3605
-2842
-823
597
515
1638
4608
5985
5761
6624
8444
8640
8413
8474
7964
6253
4994
4337
3404
1933
399
-364
-904
-1684
-2795
-3270
-3772
-4084
-3219
-1625
-797
-157
1463
3080
3595
4115
5067
6177
6594
5091
2267
1020
1805
621
-2044
-3376
-2677
-3891
-5347
-5863
-6392
-8995
-10766
-9944
-8456
-8509
-8854
-7073
-4810
-3694
-2898
-934
83
-94
1038
3712
4946
5022
6179
7897
8390
8531
8685
8049
6555
5456
4593
3375
1947
715
-155
-716
-1291
-2038
-2819
-3402
-3682
-3202
-2137
-1271
-322
1206
2843
3470
4006
4863
6016
6523
5086
2223
648
1590
786
-1952
-3465
-2506
-3388
-4991
-5347
-5682
-8285
-10392
-9681
-8343
-8542
-8980
-7276
-4842
-3601
-2905
-1097
28
-251
618
3190
4310
4004
5228
7433
8110
8007
8450
8281
6735
5564
4908
3807
2024
1012
559
-55
-1044
-1648
-2189
-2998
-3701
-3276
-2459
-1939
-1241
625
2208
2784
3279
4530
5377
5923
5874
3947
1139
660
1499
-320
-3043
-3265
-2316
-3713
-4839
-4960
-5987
-8871
-9719
-8418
-7780
-8780
-8538
-6202
-4115
-3342
-2061
-303
-68
-335
1480
3581
3589
3545
5430
7210
7422
7819
8295
7602
6195
5607
5024
3319
1229
321
161
-291
-1357
-1783
-2077
-2669
-3014
-2219
-1767
-1819
-783
1194
2358
2627
3647
4836
5706
6391
5523
2894
740
1198
549
-1936
-3766
-2922
-3056
-4169
-4333
-4356
-6426
-8904
-8505
-7582
-8314
-9486
-7968
-5618
-4295
-3225
-1084
3
-300
571
2586
3001
2284
3263
5244
6126
6581
7648
7887
7002
6227
5898
4594
2473
1039
660
98
-720
-1008
-966
-1475
-1921
-1468
-1184
-1542
-1404
-17
1173
1819
2683
4011
4883
5592
6712
5831
2781
364
1024
224
-2959
-4824
-3448
-3380
-4780
-4586
-4139
-6184
-8541
-7835
-7203
-8601
-9808
-8150
-5922
-4645
-3366
-1087
276
327
1413
3325
3426
2246
3177
5108
5260
5284
6784
7428
6329
6169
6522
5072
2614
1661
1117
-108
-1080
-1058
-1212
-1658
-1602
-774
-306
-557
-486
796
1856
2002
2398
3943
4595
5253
6227
5376
2061
427
1365
-534
-4066
-5150
-3790
-4974
-5818
-5010
-4647
-6785
-7772
-6684
-6586
-8214
-9067
-7433
-5703
-4836
-3516
-1000
232
685
2431
4233
3529
2543
3718
4849
4689
5061
6212
6296
6312
6976
6859
5112
3392
2408
1311
-188
-1436
-1965
-2149
-2155
-1743
-844
-634
-805
-330
844
1264
1145
1838
2603
3296
3880
5826
5991
4037
1580
1990
1880
-1183
-4257
-4456
-3912
-5452
-5672
-4971
-5199
-7089
-6691
-5524
-6152
-8180
-8366
-6895
-6028
-5487
-3979
-1802
-748
477
2859
4358
3732
3570
5050
5626
4994
5081
5306
4976
5373
6408
5661
4304
3681
3283
1991
816
-483
-1769
-2230
-2034
-2058
-1884
-1469
-999
101
1824
2341
2385
3105
3972
4045
4789
5613
3836
1552
1206
2201
-7
-2692
-3848
-3136
-4149
-5242
-5388
-5473
-6836
-7726
-6554
-6340
-7912
-8862
-7119
-5798
-5628
-4528
-2355
-1292
-545
1651
3379
3179
3015
4354
5194
4902
5050
5753
5851
5816
6465
6561
5443
4238
3750
2911
1316
-184
-925
-1626
-2415
-2663
-2132
-1886
-1841
-1024
294
1053
1265
2140
3026
3275
3427
4593
5622
4408
2474
1953
2580
659
-2137
-3262
-2792
-3963
-5419
-5220
-5076
-6381
-7322
-6232
-6139
-7565
-8418
-7172
-6202
-6131
-5345
-3530
-2152
-1366
599
2639
3230
3245
4594
5629
5085
4830
5642
5871
5201
5581
6107
5405
4247
4111
3574
1993
638
82
-908
-2173
-2491
-2034
-1914
-1751
-659
1035
2040
2596
3476
4420
4539
4816
5598
4624
2025
864
1674
52
-2977
-3882
-2949
-4104
-5462
-4969
-4788
-6479
-7412
-6505
-6719
-8377
-9012
-7657
-6643
-6422
-5334
-3167
-1803
-969
1060
3109
3301
3189
4521
5409
4878
4801
5592
5657
5501
6187
6535
5677
4797
4497
3690
2219
778
-271
-1419
-2450
-2889
-2621
-2425
-2250
-1200
381
1388
1748
2722
3706
3925
3980
4793
5546
4326
2607
1887
2333
705
-1693
-2883
-2766
-3910
-5299
-5262
-5495
-6773
-7732
-7002
-7104
-8158
-8665
-7631
-6763
-6533
-5634
-3956
-2588
-1761
96
2180
3028
3307
4657
5966
5770
5543
6099
6402
5799
5807
6048
5496
4532
4245
3892
2557
1240
455
-329
-1567
-2317
-2302
-2238
-2265
-1714
-385
774
1394
2545
3769
4496
4514
5654
5849
4091
1942
1873
1538
-1243
-3347
-3560
-3577
-5262
-5520
-5002
-5457
-6803
-6674
-5959
-6812
-8074
-8062
-7135
-7039
-6737
-5268
-3505
-2422
-882
1555
3113
3501
4294
5651
5821
5317
5487
5784
5229
4967
5525
5495
4696
4336
4339
3525
2219
1384
566
-746
-1908
-2357
-2424
-2765
-2651
-1777
-506
492
1470
3032
4083
4597
4939
5920
5997
4410
2605
1812
1504
-544
-2705
-3711
-3611
-4545
-5347
-5187
-5219
-6269
-6859
-6194
-6431
-7752
-8420
-7599
-7103
-7069
-6086
-4277
-2932
-1727
541
2583
3190
3614
5044
6035
5605
5356
5801
5750
5138
5244
5612
4996
4202
4226
4070
2949
1795
1357
455
-819
-1593
-1628
-1983
-2246
-1555
-155
744
1522
2881
4359
4874
5390
6265
5439
3162
1804
1847
-380
-3447
-4592
-4268
-5481
-6620
-5863
-5366
-6141
-6424
-5258
-5319
-6722
-7425
-6785
-6694
-7231
-6581
-4919
-3718
-2624
-263
2051
3038
3891
5628
6628
6262
6035
6331
5928
5134
5045
5125
4464
3891
4059
3988
3159
2386
2019
1199
-101
-1033
-1526
-2191
-3031
-2957
-2235
-1484
-734
685
2318
3268
4080
5068
6110
5719
4226
2680
2043
929
-1547
-3597
-4271
-4580
-5726
-5889
-5234
-5205
-5845
-5458
-4662
-5315
-6598
-6810
-6356
-6657
-6896
-5965
-4679
-3768
-2194
317
2131
2982
4394
6164
6764
6502
6668
6528
5653
5133
5122
4369
3296
3262
3429
2955
2343
2241
1750
914
249
-350
-1167
-2091
-2385
-2187
-1619
-1141
-205
1354
2754
3803
4885
6407
6359
5002
3676
3259
1659
-1388
-3597
-4431
-5300
-6877
-6992
-6274
-6186
-6518
-5489
-4349
-4947
-5891
-5615
-5254
-6097
-6530
-5771
-5003
-4532
-2960
-577
1067
2153
4021
6077
6921
7053
7340
7291
6423
5701
5111
4071
2925
2579
2493
2033
1597
1571
1561
1149
620
281
-169
-912
-1512
-1468
-1447
-1504
-979
325
1400
2248
3592
5173
6266
5985
5071
4045
3353
1390
-1377
-3478
-4490
-5813
-7157
-7256
-6964
-7108
-6893
-5672
-4900
-5294
-5544
-5089
-4857
-5434
-5685
-5151
-4679
-4148
-2748
-815
384
1666
3840
5870
6654
7105
7764
7771
7076
6380
5713
4507
3378
2813
2438
1652
1034
1058
1079
634
248
245
-56
-700
-914
-881
-1043
-1046
-301
716
1286
2201
3620
5272
5618
4990
4320
4074
3113
580
-1676
-3233
-4490
-6270
-7142
-7338
-7764
-7967
-7167
-5936
-5764
-5888
-5399
-4709
-4726
-4975
-4616
-4239
-4117
-3384
-1829
-561
332
2026
4156
5524
6385
7369
7999
7781
7501
7033
5969
4579
3615
2830
1796
939
478
375
115
5
66
177
-115
-318
-153
-172
-350
-118
741
1193
1650
2603
4020
4780
4421
3833
3606
3374
1551
-746
-2298
-3358
-5124
-6681
-7132
-7646
-8265
-8083
-6975
-6483
-6518
-5968
-4957
-4344
-4378
-4066
-3530
-3240
-2948
-1876
-640
12
972
2853
4498
5440
6371
7440
7723
7686
7601
6966
5699
4502
3733
2577
1437
497
77
-390
-694
-704
-605
-601
-712
-424
-189
-135
-22
579
1248
1539
2019
2881
3961
4475
4125
3548
3327
3106
1410
-703
-2034
-2920
-4551
-6086
-6499
-6998
-7778
-7857
-6946
-6610
-6928
-6436
-5329
-4784
-4938
-4449
-3592
-3261
-2996
-1876
-634
-69
880
2733
4253
5027
6075
7205
7543
7491
7548
7046
5915
4965
4169
3018
1884
1102
507
-195
-656
-828
-761
-765
-836
-637
-271
-34
232
900
1569
1787
2329
3278
4225
4216
3664
3179
3065
2480
570
-1259
-2306
-3196
-4829
-5952
-6325
-7087
-7743
-7466
-6733
-6870
-7060
-6335
-5484
-5127
-5023
-4355
-3722
-3418
-2685
-1357
-266
279
1554
3464
4723
5491
6486
7411
7518
7519
7521
6910
5811
4850
4067
2961
1853
895
169
-560
-1021
-1174
-1176
-1269
-1256
-855
-469
-249
204
871
1552
1955
2701
3483
4269
4450
3923
3522
3271
2690
719
-974
-1971
-3024
-4641
-6001
-6449
-7214
-7804
-7723
-7171
-7146
-7377
-6591
-5731
-5383
-5420
-4709
-3897
-3509
-2700
-1425
-293
432
1864
3586
4715
5554
6605
7500
7724
7886
7928
7468
6480
5559
4686
3540
2203
1132
336
-587
-1325
-1568
-1615
-1871
-1923
-1443
-1045
-770
-290
521
1195
1713
2398
3107
3778
4317
4203
3593
3086
2968
1724
-306
-1660
-2340
-3736
-5590
-6232
-6522
-7422
-8025
-7474
-6949
-7328
-7095
-6067
-5443
-5494
-4961
-3816
-3271
-2792
-1629
-250
544
1510
3102
4341
5108
6041
7091
7537
7595
7727
7492
6712
5695
4799
3766
2525
1319
406
-391
-1252
-1757
-1823
-1867
-2004
-1725
-1056
-629
-249
485
1358
1997
2449
3271
4003
4664
4575
4028
3475
3165
2221
152
-1464
-2399
-3585
-5359
-6419
-6694
-7495
-8123
-7867
-7195
-7396
-7473
-6541
-5726
-5553
-5231
-4068
-3309
-2918
-1848
-343
664
1382
2840
4360
5316
6134
7109
7726
7690
7687
7563
6929
5773
4749
3809
2563
1264
186
-622
-1539
-2098
-2193
-2156
-2193
-2009
-1293
-705
-359
253
1156
2023
2458
3172
3921
4557
5024
4794
4222
3507
3195
1830
-309
-1755
-2758
-4223
-6105
-6775
-7207
-8231
-8647
-8137
-7561
-7946
-7496
-6337
-5598
-5354
-4665
-3396
-2839
-2278
-1061
290
1104
1951
3531
4776
5589
6467
7473
7836
7653
7645
7462
6577
5186
4100
3125
1815
424
-439
-1133
-1895
-2277
-2075
-1981
-2080
-1692
-890
-392
-147
635
1577
2171
2596
3385
4129
4406
4876
4760
4048
3216
2997
1821
-548
-1946
-2759
-4226
-6262
-6950
-7243
-8400
-8791
-8247
-7679
-8004
-7408
-6083
-5349
-5001
-4188
-2835
-2238
-1717
-540
694
1370
2093
3598
4649
5268
6027
7042
7305
7146
7209
6919
6047
4851
4003
2878
1570
422
-450
-1231
-1974
-2143
-2081
-2023
-1958
-1442
-682
-207
191
811
1657
2159
2752
3347
3871
4069
4566
4853
4045
3134
2771
2273
168
-1694
-2475
-3657
-5547
-6885
-6971
-7856
-8705
-8458
-7679
-7499
-7538
-6313
-5261
-4723
-4201
-3009
-2048
-1783
-889
339
1256
1735
2731
3940
4664
5380
6115
6568
6458
6489
6477
5935
4903
4000
3303
2281
1124
226
-362
-1090
-1659
-1646
-1480
-1533
-1407
-718
-71
179
562
1330
1952
2356
2842
3398
3705
3974
4506
4192
3276
2587
2413
1115
-1119
-2288
-3045
-4598
-6448
-6885
-7056
-8117
-8423
-7713
-7067
-7201
-6555
-5273
-4631
-4209
-3345
-2127
-1689
-1291
-220
829
1359
1825
2985
3854
4334
5008
5763
5989
5826
5962
5861
5165
4256
3578
2846
1839
909
249
-333
-949
-1210
-1120
-1075
-1102
-764
-148
231
459
945
1586
1974
2415
2903
3312
3392
3748
4170
3594
2625
2105
1905
346
-1638
-2503
-3374
-4938
-6446
-6615
-7038
-7965
-7953
-7274
-6815
-6876
-5998
-4864
-4299
-3759
-2792
-1668
-1384
-874
160
985
1327
1801
2848
3468
3968
4661
5276
5471
5565
5849
5615
4946
4269
3714
2878
1823
992
348
-354
-954
-1122
-1135
-1238
-1174
-649
-144
151
534
1022
1552
1851
2329
2698
2893
3067
3361
3840
3403
2627
2123
1858
790
-1075
-2060
-2955
-4281
-5699
-6212
-6486
-7452
-7670
-7183
-6623
-6558
-6104
-5003
-4313
-3703
-2999
-2019
-1531
-1200
-381
393
863
1137
1966
2720
3208
3823
4463
4914
5022
5347
5413
5175
4732
4241
3702
2968
2317
1498
814
179
-254
-510
-730
-791
-809
-382
-86
134
387
818
1237
1449
1987
2284
2460
2593
3073
3217
2469
1867
1519
1045
-527
-1849
-2481
-3502
-4861
-5757
-5702
-6346
-7003
-6698
-5993
-5750
-5748
-4827
-4051
-3646
-3192
-2433
-1866
-1808
-1228
-454
65
273
923
1916
2489
3095
3883
4606
4902
5253
5709
5665
5239
4809
4479
3831
2929
2123
1496
779
41
-354
-545
-830
-1070
-812
-532
-436
-238
152
505
661
1160
1662
1882
2028
2360
2966
2843
2283
1867
1707
1083
-407
-1320
-1985
-3039
-4342
-5016
-5140
-5937
-6403
-6242
-5800
-5704
-5632
-4895
-4410
-3998
-3585
-2860
-2366
-2242
-1615
-893
-302
-11
762
1720
2376
3184
4047
4800
5203
5757
6125
6020
5732
5395
4874
4041
3174
2336
1529
696
-19
-505
-807
-1091
-1271
-1089
-891
-790
-598
-175
175
401
896
1421
1686
1931
2377
2915
2792
2343
2084
1933
1296
-42
-881
-1534
-2567
-3797
-4484
-4738
-5653
-6189
-6110
-5823
-5948
-5947
-5253
-4810
-4451
-4050
-3324
-2792
-2536
-1822
-1084
-460
-39
869
1918
2596
3418
4377
5235
5678
6157
6519
6363
6005
5603
5031
4112
3142
2269
1381
494
-263
-840
-1276
-1600
-1733
-1558
-1396
-1268
-993
-531
-77
204
704
1232
1632
2017
2435
3028
3093
2850
2592
2468
2048
804
-159
-919
-1893
-3199
-4159
-4562
-5492
-6239
-6377
-6178
-6288
-6461
-5885
-5379
-4994
-4573
-3860
-3215
-2877
-2084
-1183
-449
77
946
2086
2855
3622
4474
5253
5735
6149
6545
6444
6114
5701
5191
4380
3362
2455
1519
619
-236
-813
-1240
-1738
-1947
-1828
-1583
-1578
-1358
-832
-412
-30
442
1139
1622
2039
2558
3105
3528
3336
3045
2830
2545
1594
296
-541
-1470
-2710
-3972
-4641
-5289
-6270
-6680
-6611
-6514
-6736
-6491
-5805
-5350
-4894
-4228
-3416
-2906
-2292
-1287
-460
145
853
1886
2795
3536
4355
5100
5659
6134
6480
6533
6262
5881
5363
4594
3734
2782
1802
792
-93
-775
-1397
-1924
-2335
-2342
-2147
-1953
-1714
-1288
-722
-284
302
880
1403
1886
2413
2986
3331
3714
3655
3282
2952
2636
1780
334
-609
-1458
-2727
-4021
-4749
-5330
-6418
-6895
-6752
-6689
-6950
-6744
-5905
-5392
-4908
-4105
-3208
-2592
-1954
-863
-5
587
1240
2172
3048
3673
4332
4948
5464
5822
6069
6156
5930
5520
4972
4321
3495
2555
1547
564
-252
-953
-1540
-2060
-2326
-2388
-2217
-1878
-1585
-1168
-640
10
569
1115
1681
2121
2603
3033
3354
3603
3683
3330
2826
2558
2018
675
-593
-1325
-2358
-3748
-4759
-5268
-6145
-6916
-6903
-6744
-6813
-6809
-6122
-5379
-4818
-4098
-3283
-2437
-1802
-888
59
703
1252
1978
2903
3459
3973
4557
5011
5311
5528
5735
5528
5120
4700
4235
3555
2613
1785
995
163
-620
-1144
-1505
-1928
-2087
-1849
-1525
-1295
-948
-404
68
428
892
1374
1669
1958
2355
2724
2832
3035
3097
2685
2191
1920
1331
52
-993
-1675
-2759
-4024
-4810
-5313
-6200
-6778
-6667
-6481
-6489
-6254
-5450
-4704
-4101
-3327
-2416
-1661
-1089
-248
545
1039
1485
2150
2790
3167
3637
4145
4493
4739
5009
5179
4986
4716
4380
3935
3216
2429
1711
961
199
-509
-946
-1331
-1665
-1810
-1691
-1462
-1308
-923
-479
-74
250
699
1204
1424
1754
2113
2472
2579
2773
3021
2694
2242
1892
1550
482
-698
-1364
-2277
-3438
-4429
-4849
-5536
-6289
-6347
-6197
-6094
-6066
-5479
-4740
-4165
-3490
-2754
-1908
-1337
-655
151
737
1197
1697
2396
2865
3254
3749
4136
4430
4687
4891
4868
4697
4480
4073
3549
2972
2226
1464
750
96
-587
-1100
-1408
-1710
-1800
-1704
-1506
-1262
-889
-450
-112
314
781
1141
1415
1765
2124
2315
2446
2692
2754
2411
2029
1747
1257
207
-761
-1459
-2403
-3508
-4341
-4765
-5471
-6093
-6101
-5925
-5874
-5758
-5102
-4434
-3905
-3192
-2375
-1665
-1146
-408
330
814
1241
1758
2329
2703
3118
3591
3920
4181
4391
4595
4572
4404
4132
3729
3287
2668
1992
1338
720
96
-478
-785
-1063
-1300
-1327
-1167
-1014
-871
-518
-190
5
247
584
878
1022
1285
1607
1877
2013
2191
2437
2291
1924
1603
1283
469
-572
-1244
-2046
-3094
-4012
-4485
-5024
-5717
-5844
-5683
-5540
-5449
-4939
-4185
-3643
-3039
-2329
-1574
-1058
-559
135
629
1014
1382
1926
2359
2657
3064
3412
3679
3874
4080
4183
4061
3905
3685
3347
2869
2321
1785
1193
604
76
-368
-732
-1066
-1231
-1245
-1217
-1151
-954
-616
-381
-153
192
541
786
994
1329
1614
1774
1920
2105
2263
2073
1780
1566
1215
484
-371
-919
-1672
-2688
-3451
-3917
-4477
-5176
-5332
-5277
-5331
-5259
-4847
-4244
-3855
-3267
-2519
-1859
-1308
-774
-95
351
744
1173
1611
2000
2320
2780
3143
3486
3804
4051
4236
4265
4234
4006
3699
3292
2743
2151
1505
880
244
-277
-709
-1093
-1315
-1390
-1374
-1314
-1134
-854
-625
-400
-93
187
405
607
893
1169
1404
1640
1837
2073
2169
2038
1828
1602
1137
310
-394
-1045
-1965
-2946
-3606
-4100
-4806
-5242
-5288
-5286
-5270
-5024
-4485
-4031
-3516
-2875
-2234
-1616
-1077
-466
63
561
1030
1470
1947
2338
2761
3127
3448
3751
3939
4069
4065
3987
3775
3460
3098
2611
2101
1584
1044
513
45
-315
-682
-956
-1067
-1108
-1132
-1074
-854
-638
-473
-226
80
336
522
778
1061
1267
1477
1668
1816
1942
1959
1780
1514
1269
777
-7
-663
-1264
-2140
-3057
-3626
-4111
-4777
-5154
-5155
-5136
-5104
-4774
-4213
-3719
-3178
-2512
-1818
-1227
-714
-126
375
751
1092
1484
1813
2043
2358
2669
2933
3169
3423
3615
3718
3752
3629
3469
3212
2763
2245
1797
1267
601
132
-234
-668
-1007
-1087
-1125
-1185
-1049
-826
-635
-432
-166
72
239
431
615
798
941
1108
1351
1520
1609
1773
1869
1695
1435
1266
830
71
-544
-1101
-1958
-2834
-3401
-3914
-4585
-4969
-5022
-5076
-5072
-4811
-4309
-3866
-3392
-2757
-2099
-1515
-1029
-410
162
555
951
1424
1871
2142
2498
2912
3213
3482
3723
3975
4082
4082
3990
3806
3556
3053
2511
2015
1430
733
147
-254
-755
-1175
-1333
-1426
-1530
-1507
-1291
-1110
-930
-644
-361
-124
95
358
601
772
972
1204
1434
1561
1697
1882
1864
1687
1508
1308
762
54
-471
-1141
-2029
-2854
-3391
-3993
-4679
-4979
-5071
-5137
-5132
-4802
-4285
-3858
-3282
-2617
-1896
-1278
-720
-64
449
892
1267
1669
2031
2266
2601
2890
3159
3404
3631
3833
3894
3945
3870
3683
3397
2986
2543
1991
1414
827
286
-197
-679
-1005
-1223
-1375
-1465
-1428
-1279
-1162
-1001
-774
-547
-357
-177
27
233
413
574
785
1032
1232
1352
1538
1701
1637
1483
1330
1068
492
-117
-636
-1325
-2150
-2861
-3356
-3928
-4488
-4698
-4728
-4752
-4682
-4281
-3796
-3424
-2908
-2258
-1669
-1205
-659
-51
390
815
1287
1745
2129
2474
2858
3177
3448
3654
3803
3928
3928
3839
3687
3470
3140
2695
2266
1773
1201
648
153
-331
-817
-1130
-1361
-1592
-1691
-1633
-1551
-1498
-1292
-1002
-818
-616
-310
3
221
469
811
1086
1332
1568
1774
1937
1989
1913
1723
1515
1124
485
-100
-705
-1499
-2354
-3005
-3577
-4281
-4748
-4929
-5050
-5092
-4893
-4440
-4010
-3489
-2819
-2129
-1468
-866
-193
405
896
1375
1826
2258
2568
2914
3240
3479
3696
3852
3976
3972
3890
3731
3461
3106
2620
2116
1560
923
303
-248
-745
-1251
-1598
-1764
-1894
-1940
-1808
-1539
-1311
-1038
-633
-264
14
291
617
839
983
1174
1338
1447
1564
1707
1760
1792
1865
1770
1523
1278
982
377
-340
-919
-1638
-2549
-3339
-3876
-4457
-5032
-5241
-5223
-5158
-4966
-4496
-3870
-3290
-2638
-1902
-1163
-538
15
606
1102
1472
1792
2131
2403
2576
2807
3018
3168
3316
3465
3550
3547
3539
3431
3164
2847
2465
1937
1318
743
162
-467
-985
-1355
-1671
-1874
-1895
-1792
-1644
-1381
-1015
-685
-351
-8
283
514
684
822
892
977
1030
1045
1153
1270
1349
1395
1549
1656
1532
1394
1259
985
388
-208
-709
-1458
-2342
-3091
-3613
-4288
-4921
-5140
-5203
-5249
-5157
-4666
-4103
-3609
-2924
-2133
-1385
-780
-116
539
1008
1426
1813
2173
2424
2656
2935
3145
3345
3525
3710
3831
3846
3835
3732
3506
3146
2733
2253
1632
987
390
-214
-815
-1313
-1647
-1917
-2112
-2100
-1990
-1819
-1595
-1268
-906
-611
-283
32
308
528
720
946
1109
1248
1405
1574
1716
1773
1858
1927
1830
1626
1376
1069
517
-149
-739
-1460
-2289
-3071
-3675
-4279
-4890
-5174
-5299
-5343
-5235
-4854
-4317
-3817
-3129
-2345
-1586
-880
-188
540
1093
1584
2031
2418
2740
2945
3190
3386
3534
3635
3702
3803
3771
3673
3551
3372
3074
2638
2249
1775
1175
575
36
-494
-1097
-1549
-1860
-2151
-2357
-2401
-2272
-2145
-1910
-1543
-1149
-748
-381
52
419
720
989
1217
1459
1582
1704
1843
1948
1980
1943
1982
1872
1602
1322
993
515
-163
-763
-1387
-2167
-2916
-3534
-4053
-4616
-4981
-5100
-5145
-5063
-4804
-4323
-3815
-3238
-2530
-1812
-1089
-439
237
859
1366
1830
2225
2607
2867
3091
3322
3483
3597
3665
3758
3740
3641
3548
3378
3082
2693
2339
1868
1264
718
223
-339
-924
-1301
-1582
-1896
-2071
-2030
-1929
-1857
-1631
-1271
-980
-723
-394
-49
181
362
588
751
846
937
1042
1119
1174
1250
1296
1316
1328
1268
1118
921
664
274
-218
-714
-1269
-1899
-2496
-3019
-3490
-3920
-4192
-4303
-4326
-4225
-3975
-3594
-3165
-2678
-2102
-1517
-961
-433
102
602
996
1369
1737
2049
2290
2536
2807
3005
3175
3353
3505
3579
3580
3557
3439
3218
2915
2551
2122
1609
1090
561
44
-444
-889
-1235
-1523
-1721
-1855
-1900
-1859
-1804
-1683
-1529
-1343
-1167
-976
-735
-525
-301
-56
204
472
719
995
1256
1484
1677
1807
1902
1884
1742
1522
1207
778
214
-362
-968
-1644
-2278
-2840
-3322
-3764
-4063
-4198
-4265
-4207
-4020
-3713
-3354
-2940
-2418
-1895
-1361
-814
-247
303
790
1296
1771
2211
2603
2971
3331
3597
3823
3997
4103
4106
3992
3831
3561
3179
2716
2205
1663
1052
454
-92
-597
-1072
-1463
-1721
-1923
-2066
-2097
-2032
-1945
-1825
-1617
-1396
-1201
-969
-711
-483
-269
-18
226
431
659
909
1112
1281
1460
1610
1656
1636
1607
1464
1169
825
466
-23
-625
-1149
-1640
-2207
-2729
-3070
-3327
-3608
-3715
-3624
-3510
-3364
-3074
-2651
-2283
-1918
-1449
-974
-568
-203
230
640
953
1278
1641
1973
2220
2492
2784
2987
3138
3269
3358
3341
3241
3102
2879
2577
2198
1786
1362
897
430
9
-351
-683
-976
-1147
-1243
-1324
-1340
-1259
-1158
-1090
-977
-813
-701
-617
-475
-310
-197
-55
173
373
547
774
1009
1135
1232
1320
1247
1043
811
493
-27
-572
-1056
-1646
-2259
-2730
-3087
-3461
-3708
-3709
-3665
-3568
-3321
-2936
-2558
-2190
-1710
-1243
-825
-430
-9
398
721
1071
1425
1774
2091
2391
2718
2989
3225
3402
3532
3596
3540
3415
3212
2933
2543
2089
1644
1135
607
114
-312
-711
-1075
-1300
-1457
-1575
-1611
-1556
-1470
-1397
-1255
-1095
-970
-840
-685
-528
-418
-266
-82
74
239
436
663
827
996
1192
1320
1355
1349
1322
1119
802
478
76
-478
-1068
-1540
-2067
-2626
-3016
-3248
-3460
-3606
-3484
-3267
-3070
-2768
-2320
-1871
-1530
-1113
-665
-314
-24
289
625
868
1115
1407
1711
1986
2241
2545
2810
3008
3153
3256
3280
3168
2988
2744
2406
1993
1547
1103
643
206
-172
-486
-742
-939
-1051
-1088
-1107
-1085
-1005
-918
-853
-762
-644
-570
-491
-369
-250
-149
-17
178
335
496
698
884
1021
1085
1159
1144
960
712
435
62
-518
-1030
-1463
-2043
-2584
-2919
-3146
-3446
-3544
-3381
-3257
-3088
-2751
-2313
-1964
-1615
-1162
-771
-442
-139
206
525
762
1043
1349
1637
1904
2198
2492
2739
2960
3121
3220
3261
3190
3010
2796
2500
2087
1647
1233
769
277
-103
-448
-776
-1020
-1154
-1236
-1311
-1275
-1199
-1128
-1035
-923
-791
-703
-595
-472
-359
-227
-87
91
259
456
678
856
1039
1207
1331
1357
1337
1281
1064
758
416
11
-497
-1050
-1514
-1994
-2469
-2829
-3066
-3212
-3320
-3247
-3066
-2868
-2605
-2282
-1904
-1597
-1278
-934
-641
-360
-116
184
461
715
1017
1331
1669
1951
2258
2567
2792
2956
3057
3118
3033
2852
2643
2349
1967
1544
1160
760
342
12
-245
-474
-664
-742
-766
-798
-784
-712
-642
-599
-525
-426
-353
-289
-183
-60
39
153
311
475
603
742
900
1005
1037
1037
1004
852
587
286
-65
-521
-1042
-1508
-1962
-2436
-2836
-3094
-3268
-3404
-3385
-3232
-3044
-2807
-2482
-2113
-1780
-1439
-1078
-756
-464
-183
107
376
643
937
1234
1551
1870
2193
2499
2777
3009
3160
3251
3252
3138
2942
2673
2327
1905
1473
1052
606
198
-125
-398
-638
-789
-845
-884
-897
-843
-764
-715
-660
-559
-494
-457
-378
-281
-205
-119
17
155
281
438
605
743
852
954
1011
988
914
788
565
256
-94
-480
-939
-1409
-1822
-2221
-2594
-2873
-3038
-3143
-3179
-3078
-2906
-2707
-2450
-2136
-1811
-1512
-1189
-863
-570
-280
24
338
638
951
1293
1628
1948
2255
2541
2776
2935
3037
3054
2978
2814
2582
2288
1930
1551
1168
802
459
163
-70
-245
-367
-442
-464
-451
-436
-406
-359
-325
-306
-280
-240
-214
-177
-110
-31
57
161
283
410
525
625
712
769
779
735
645
498
270
-19
-350
-720
-1140
-1571
-1961
-2332
-2669
-2910
-3059
-3134
-3124
-3000
-2808
-2580
-2289
-1967
-1635
-1324
-1003
-689
-415
-138
137
406
667
939
1234
1512
1787
2060
2311
2519
2674
2789
2818
2770
2651
2462
2203
1890
1552
1194
841
516
225
-13
-197
-321
-394
-420
-409
-384
-346
-305
-271
-242
-224
-206
-190
-166
-124
-69
5
95
201
310
424
527
609
671
699
682
623
524
377
171
-77
-365
-687
-1030
-1382
-1725
-2041
-2318
-2539
-2688
-2774
-2785
-2723
-2595
-2421
-2203
-1943
-1682
-1405
-1125
-846
-580
-323
-45
212
480
756
1032
1317
1582
1857
2099
2296
2462
2558
2604
2562
2468
2313
2080
1826
1527
1230
928
642
409
183
28
-102
-186
-233
-274
-265
-287
-278
-275
-284
-266
-276
-241
-213
-157
-69
15
148
262
400
523
622
714
745
763
719
641
521
336
142
-113
-380
-681
-992
-1287
-1611
-1882
-2135
-2340
-2500
-2613
-2627
-2629
-2550
-2407
-2240
-2028
-1813
-1539
-1287
-1029
-738
-470
-182
89
381
671
939
1226
1485
1735
1948
2134
2280
2360
2405
2378
2295
2166
1980
1756
1501
1246
973
703
480
277
95
-40
-126
-185
-230
-224
-201
-185
-156
-109
-71
-51
-11
39
71
119
198
277
345
432
521
574
605
624
607
538
437
328
170
-23
-223
-439
-689
-962
-1215
-1472
-1745
-1987
-2184
-2338
-2464
-2516
-2484
-2426
-2304
-2126
-1899
-1662
-1429
-1143
-876
-619
-371
-117
149
363
609
851
1072
1280
1456
1656
1774
1864
1937
1956
1941
1847
1766
1635
1445
1270
1074
898
678
504
379
232
142
73
61
46
36
102
133
175
203
245
282
256
277
279
272
262
256
296
283
294
313
300
289
226
183
105
-4
-98
-227
-336
-474
-609
-731
-886
-1029
-1187
-1342
-1488
-1643
-1758
-1860
-1921
-1936
-1924
-1848
-1745
-1602
-1421
-1231
-1009
-798
-572
-351
-144
72
258
451
619
768
915
1025
1144
1224
1292
1344
1356
1365
1324
1265
1179
1062
941
788
653
514
386
300
228
200
194
228
278
340
420
495
561
618
662
694
697
692
677
644
606
562
520
469
415
359
284
202
114
16
-91
-195
-292
-395
-492
-586
-685
-792
-906
-1030
-1165
-1299
-1420
-1527
-1614
-1660
-1664
-1637
-1569
-1463
-1325
-1179
-1017
-848
-690
-544
-409
-286
-187
-101
-17
58
131
206
285
365
447
529
605
670
728
767
791
796
779
744
698
641
581
524
482
458
455
481
530
601
685
776
858
927
971
992
984
943
878
795
708
612
524
448
384
330
294
264
235
206
170
126
68
-3
-85
-170
-259
-348
-426
-502
-573
-629
-685
-742
-807
-873
-950
-1046
-1143
-1243
-1341
-1434
-1503
-1542
-1560
-1544
-1488
-1403
-1289
-1155
-999
-839
-680
-519
-369
-227
-103
16
131
231
331
439
541
635
734
830
912
976
1027
1058
1060
1040
1007
961
894
835
790
751
724
723
746
773
811
858
898
918
928
923
890
831
758
680
585
487
397
321
244
181
131
84
40
-5
-49
-106
-171
-245
-326
-414
-511
-609
-706
-808
-903
-995
-1078
-1161
-1235
-1295
-1348
-1387
-1410
-1409
-1394
-1361
-1307
-1231
-1149
-1056
-949
-839
-729
-622
-508
-393
-285
-174
-57
57
168
276
390
491
584
666
738
791
827
849
860
861
854
847
842
841
844
855
871
888
901
919
928
929
923
910
890
857
823
782
738
690
637
580
515
448
376
300
222
144
70
-3
-70
-129
-191
-249
-307
-366
-430
-504
-583
-664
-752
-843
-936
-1018
-1096
-1170
-1234
-1280
-1310
-1335
-1338
-1320
-1295
-1261
-1205
-1132
-1053
-966
-862
-746
-631
-510
-375
-242
-116
12
142
267
378
482
581
666
727
781
824
844
850
849
843
829
812
799
791
785
783
788
796
799
801
804
800
790
774
757
733
703
669
630
585
537
486
434
382
333
285
239
198
158
114
66
10
-58
-137
-231
-335
-448
-566
-680
-789
-889
-976
-1051
-1111
-1159
-1192
-1218
-1238
-1253
-1259
-1256
-1250
-1232
-1194
-1142
-1074
-984
-873
-751
-614
-468
-318
-172
-31
100
214
317
407
481
544
599
647
685
712
741
762
772
778
779
774
762
753
739
727
720
717
720
730
746
762
781
795
807
809
802
783
747
697
635
563
484
400
317
231
155
85
12
-55
-122
-194
-276
-364
-464
-569
-677
-787
-888
-974
-1043
-1091
-1119
-1123
-1108
-1085
-1052
-1011
-973
-936
-897
-864
-826
-787
-743
-689
-626
-550
-464
-368
-265
-157
-52
46
135
214
280
330
367
393
409
423
435
450
471
500
535
578
624
674
725
771
809
843
862
865
860
846
822
789
753
714
672
625
574
523
466
409
349
288
229
167
110
50
-8
-67
-125
-188
-249
-312
-377
-442
-506
-563
-621
-663
-701
-726
-741
-750
-752
-751
-745
-744
-743
-745
-744
-742
-738
-726
-709
-681
-636
-579
-512
-435
-349
-264
-175
-89
-11
66
134
192
243
290
333
372
407
439
473
504
532
553
574
587
594
594
587
573
555
535
514
488
465
444
429
417
407
398
390
383
368
353
334
309
281
248
211
178
139
101
62
20
-27
-75
-126
-180
-237
-295
-350
-404
-453
-493
-524
-550
-565
-573
-576
-570
-564
-557
-547
-532
-518
-502
-479
-458
-433
-407
-376
-342
-303
-256
-206
-153
-94
-35
22
72
115
152
176
193
201
203
202
201
203
205
212
224
240
258
273
288
299
306
309
305
297
289
281
277
278
284
297
314
335
357
372
380
380
372
349
316
277
230
180
126
77
32
-5
-40
-72
-102
-133
-163
-197
-230
-265
-298
-328
-348
-365
-373
-377
-371
-365
-359
-349
-342
-338
-337
-331
-327
-320
-309
-292
-272
-249
-220
-190
-159
-127
-96
-66
-38
-11
14
36
58
80
96
108
123
133
141
153
163
174
182
192
201
203
206
206
201
191
180
168
154
142
137
137
138
150
166
185
207
228
243
255
263
260
248
229
204
173
144
113
81
51
24
-2
-27
-50
-73
-99
-124
-147
-174
-199
-226
-247
-264
-281
-293
-301
-300
-299
-295
-286
-280
-269
-257
-240
-224
-200
-176
-150
-123
-97
-64
-36
-10
12
33
50
62
71
79
84
86
84
81
77
68
60
47
35
25
16
9
9
15
21
37
57
83
112
142
169
196
218
232
243
251
251
246
237
225
210
192
169
147
121
93
65
35
1
-32
-64
-94
-122
-147
-167
-183
-195
-201
-200
-196
-186
-173
-157
-141
-127
-111
-98
-85
-71
-61
-48
-36
-24
-13
-5
1
5
6
2
-6
-18
-30
-43
-54
-60
-65
-62
-54
-44
-29
-13
4
20
38
49
57
63
65
67
65
64
61
59
56
54
50
47
46
44
40
37
37
38
40
45
48
52
53
50
44
34
22
8
-3
-13
-18
-19
-18
-11
2
14
30
44
52
58
56
44
25
2
-24
-51
-75
-100
-111
-117
-117
-110
-95
-76
-59
-42
-29
-18
-12
-10
-15
-19
-23
-27
-27
-24
-16
-4
11
27
39
51
57
59
57
50
40
30
23
16
13
13
15
14
15
10
7
3
-9
-14
-22
-26
-26
-26
-18
-6
4
14
23
29
29
28
22
13
9
2
-2
0
5
10
15
20
22
23
16
7
-3
-17
-31
-42
-54
-62
-64
-60
-54
-45
-31
-14
2
18
29
39
51
52
50
48
40
31
18
5
-6
-18
-31
-38
-44
-47
-48
-44
-38
-30
-20
-7
2
10
21
24
24
25
23
18
16
12
8
9
10
14
23
28
35
38
39
36
30
21
11
-1
-17
-27
-38
-45
-48
-43
-33
-26
-11
4
16
26
36
40
42
40
33
29
22
13
9
1
-5
-11
-12
-16
-18
-21
-22
-25
-26
-25
-22
-18
-17
-13
-12
-15
-12
-17
-18
-20
-23
-20
-20
-11
-6
1
10
14
22
24
23
24
19
12
7
-2
-5
-7
-12
-14
-12
-10
-6
-3
-2
-2
3
3
7
5
8
12
14
18
17
20
20
17
16
11
6
6
5
8
10
11
18
20
20
20
19
13
6
-3
-8
-14
-21
-21
-21
-20
-17
-13
-11
-9
-6
-3
-3
-2
0
3
3
5
9
11
10
9
6
1
-4
-12
-15
-16
-17
-17
-17
-15
-9
-8
-6
-7
-7
-7
-10
-12
-13
-13
-10
-6
-1
2
9
12
16
18
17
18
19
20
17
16
14
14
10
6
4
4
-1
-2
-5
-6
-7
-9
-5
-5
-4
-3
-3
-5
-1
-1
-4
-4
-1
-2
-1
0
1
2
5
7
9
9
11
13
14
13
11
9
5
4
-2
-6
-9
-10
-11
-11
-11
-8
-7
-7
-6
-6
-5
-6
-7
