1
2
1
-1
0
1
-1
0
1
-2
0
-2
-1
0
1
0
-2
0
1
0
-2
-3
-3
-3
-2
0
0
0
0
0
-1
-1
2
0
1
0
1
-2
1
2
0
2
-1
3
3
4
2
2
1
1
2
-2
-1
0
-1
1
-1
0
1
0
2
0
-1
-1
1
-1
-2
-2
-1
-1
-2
-2
-1
0
-1
-2
-2
-1
-1
-1
-2
-1
-1
-2
-1
0
1
-2
1
1
-1
0
-1
1
-1
-1
3
2
2
0
1
0
2
2
2
2
4
4
1
2
2
0
1
3
1
1
1
-2
0
1
-1
-1
0
0
0
-1
-1
-1
0
1
0
-1
0
-1
-1
0
0
2
0
0
-1
-2
0
1
-2
2
1
0
1
-1
-1
-1
-2
-3
-1
-1
-3
-1
0
1
-3
-4
-2
-1
0
0
-1
1
-1
-1
1
0
0
0
0
-1
0
1
2
1
1
-2
-1
1
1
1
2
1
2
2
0
2
-1
1
1
0
1
3
1
0
-1
1
-1
0
-1
-1
0
0
0
0
1
1
1
1
0
0
0
0
0
-1
0
0
-1
0
0
-2
-1
-1
0
0
0
0
0
0
-1
-1
-4
-1
-1
0
1
-2
0
-2
1
4
3
2
3
3
-1
1
4
0
-6
1
2
-8
-13
-6
1
3
4
-1
1
4
-2
-5
6
12
4
0
-5
-12
-3
8
0
-10
-4
0
-7
-8
-8
4
13
6
4
6
1
-6
-3
-4
5
14
2
0
9
-7
-14
-6
-24
-35
-21
-21
-29
5
12
-26
-30
-18
-3
11
-27
-43
0
-31
-44
-1
-26
-14
-4
-88
58
-237
-1843
-2797
-1284
1007
1737
356
-1852
-1966
626
2507
1738
453
657
1550
1115
-647
-1222
453
2111
1773
210
-559
252
815
-564
-1855
-876
327
-291
-988
-158
747
405
-415
-492
521
1539
1069
115
661
1334
276
-647
204
1044
680
197
185
136
-489
-1289
-1078
-33
351
-138
-544
-684
-909
-1218
-1428
-1309
-921
-660
-557
-448
-501
-691
-703
-674
-909
-918
-381
-9
-128
-57
297
239
-175
-248
2
114
179
411
593
618
732
870
804
727
832
887
894
1097
1331
1370
1425
1543
1447
1186
1029
955
867
895
1024
1062
1023
937
687
376
183
-199
-976
-1575
-1621
-1605
-1926
-2299
-2555
-2848
-3168
-3343
-3416
-3463
-3403
-3134
-2680
-2215
-1895
-1597
-1149
-672
-204
432
1077
1488
1927
2578
3047
3164
3204
3287
3372
3380
3208
2945
2740
2458
2093
1810
1487
997
640
466
197
0
77
149
121
287
590
678
598
659
934
1263
1580
2128
2680
2050
96
-1319
-1392
-1714
-2734
-3060
-2992
-3827
-4683
-4609
-4871
-5983
-6592
-6364
-6125
-5790
-4976
-4011
-3266
-2627
-1809
-842
-202
231
1223
2541
3435
4246
5208
5539
5337
5487
5646
5244
4860
4715
4277
3656
3193
2590
1734
918
212
-418
-917
-1398
-1943
-2466
-2999
-3445
-3502
-3154
-2674
-2082
-1290
-542
4
577
1227
1654
1946
2408
2918
3301
3722
4171
4391
4418
4372
4265
3935
2833
991
-447
-1059
-1831
-2883
-3485
-4114
-5286
-6079
-6233
-6825
-7807
-8174
-7941
-7585
-6936
-5908
-4875
-4022
-3152
-2023
-823
41
860
2146
3462
4362
5281
6144
6319
6220
6479
6539
6060
5626
5213
4313
3256
2459
1622
644
-139
-731
-1303
-1748
-1925
-1884
-1730
-1471
-1116
-756
-377
189
864
1458
2109
3013
4025
4743
4352
2689
1180
778
250
-957
-1621
-1735
-2482
-3289
-3326
-3746
-5230
-6614
-7174
-7376
-7319
-6765
-5854
-5027
-4341
-3391
-2206
-1558
-1308
-493
741
1634
2692
4119
4956
5218
5874
6401
5997
5354
4942
4308
3640
3410
3141
2479
1740
1033
159
-773
-1662
-2475
-3108
-3367
-3177
-2635
-2071
-1498
-757
22
504
824
1203
1617
2029
2557
3268
3969
4634
5406
5942
5050
2992
1400
617
-764
-2323
-2869
-3143
-4108
-4622
-4476
-5202
-6803
-7837
-8216
-8585
-8506
-7660
-6532
-5577
-4418
-2843
-1368
-642
-36
986
1937
2615
3836
5203
5868
6381
7327
7683
7169
6649
6054
4841
3793
3321
2655
1572
850
377
-361
-1208
-1747
-2234
-2689
-2737
-2270
-1643
-1094
-433
352
1117
1554
2022
2537
3181
3898
4775
4363
2764
1540
1409
387
-1169
-1869
-2245
-3517
-4189
-3920
-4484
-6002
-6866
-7088
-7552
-7635
-7080
-6473
-6142
-5225
-3689
-2179
-1399
-626
351
1188
1784
2911
3980
4468
4990
6040
6625
6588
6489
6094
5098
4244
3762
2911
1794
1083
770
298
-150
-521
-941
-1515
-1752
-1683
-1425
-1164
-648
-30
670
1330
2072
2632
2926
3225
3900
4232
3233
1724
937
482
-725
-1727
-2190
-2857
-3916
-4113
-4165
-4990
-6190
-6762
-7173
-7476
-7324
-6718
-6229
-5676
-4594
-3050
-1802
-1022
-239
551
1111
1924
3142
3940
4383
5330
6472
6927
7002
6862
6067
4962
4290
3604
2554
1714
1313
865
413
95
-317
-940
-1393
-1658
-1698
-1576
-1226
-809
-91
714
1471
2047
2571
3022
3580
3856
2987
1536
623
185
-927
-1859
-2226
-2592
-3506
-3731
-3767
-4444
-5629
-6271
-6681
-7057
-7075
-6638
-6087
-5461
-4361
-2944
-1783
-1242
-581
373
1100
1612
2626
3614
4123
4931
6181
6695
6514
6446
6061
5043
4252
3753
2774
1827
1519
1355
873
534
182
-331
-797
-1003
-1092
-1056
-867
-642
48
731
1306
1664
2461
2889
3303
2953
1841
323
-172
-874
-2165
-2896
-2909
-3513
-4142
-3630
-3660
-4688
-5569
-5622
-6198
-6515
-6347
-5921
-5690
-4659
-3234
-1876
-1030
-249
522
1273
1783
2377
3070
3497
3964
4915
5845
6063
6151
6053
5391
4433
3876
3042
1863
1083
841
473
148
135
-94
-453
-565
-473
-660
-648
-475
-143
292
1027
1594
2075
2679
3365
3560
2771
1526
520
-244
-1640
-2743
-3202
-3546
-4311
-4120
-3767
-4177
-5022
-5160
-5528
-6076
-6208
-5950
-5908
-5440
-4262
-2886
-1774
-859
154
1168
1922
2422
3069
3387
3495
4020
4960
5231
5378
5659
5477
4692
4374
3886
2674
1591
1238
697
7
-189
-283
-533
-537
-218
-96
99
281
461
722
1231
1553
1883
2450
3103
3533
3190
2208
1147
535
-791
-2250
-3162
-3646
-4713
-4986
-4660
-4861
-5590
-5603
-5599
-6116
-6231
-5986
-5988
-5924
-4927
-3786
-2634
-1560
-297
744
1933
2809
3544
3925
4211
4430
4955
5321
5373
5441
5419
5048
4529
4214
3312
2219
1462
1037
145
-395
-609
-884
-1157
-794
-430
-328
91
601
905
1204
1870
2114
2339
2832
3512
3357
2605
1712
1041
40
-1366
-2397
-3107
-4044
-5029
-5035
-5109
-5652
-6070
-5842
-6093
-6346
-6104
-5865
-5939
-5380
-4181
-3244
-2315
-1071
188
1162
2254
3288
3932
4291
4658
5081
5297
5365
5370
5333
4957
4497
4143
3604
2685
1889
1343
627
-162
-570
-874
-1230
-1291
-926
-681
-341
264
811
1143
1655
2264
2440
2681
3176
3682
3217
2429
1677
1167
-56
-1387
-2331
-3071
-4166
-4848
-4823
-5187
-5836
-6022
-5796
-6130
-6259
-6032
-5905
-5967
-5282
-4177
-3263
-2345
-1057
198
1167
2179
3219
3834
4113
4573
5095
5226
5218
5383
5287
4818
4466
4222
3451
2528
1958
1453
624
0
-280
-698
-1119
-1114
-859
-779
-445
129
633
1013
1689
2295
2553
2805
3398
3708
3113
2206
1625
1007
-339
-1584
-2356
-3209
-4361
-4755
-4816
-5366
-5950
-5841
-5811
-6127
-6098
-5855
-5898
-5779
-4989
-4103
-3338
-2425
-1166
46
1184
2336
3454
4043
4302
4788
5301
5247
5079
5230
5110
4649
4409
4141
3252
2436
1975
1316
406
-134
-538
-1045
-1257
-1113
-973
-821
-343
226
746
1236
1838
2374
2790
3191
3742
4079
3604
2724
2031
1335
-70
-1437
-2337
-3228
-4359
-4830
-4906
-5449
-6064
-6146
-6093
-6401
-6411
-6275
-6228
-6144
-5457
-4549
-3641
-2656
-1432
-150
975
2130
3218
4004
4385
4988
5530
5622
5417
5500
5319
4806
4432
4135
3389
2558
2126
1567
790
128
-233
-775
-1106
-1126
-967
-956
-598
76
678
1111
1675
2359
2721
3117
3605
4013
3564
2781
2036
1404
165
-1234
-2270
-3194
-4276
-4985
-5059
-5519
-6074
-6207
-5990
-6227
-6256
-6089
-6076
-6054
-5460
-4602
-3903
-2995
-1860
-557
622
1810
2888
3848
4403
4887
5450
5683
5519
5489
5450
4935
4507
4258
3589
2661
2254
1824
1020
411
79
-509
-943
-894
-919
-1064
-815
-234
222
747
1331
1906
2362
2847
3345
3874
3867
3128
2357
1799
791
-753
-1882
-2837
-4019
-4961
-5128
-5438
-6027
-6202
-5991
-6015
-6100
-5893
-5815
-5795
-5490
-4813
-4184
-3480
-2537
-1248
115
1324
2433
3492
4328
4864
5455
5871
5788
5513
5477
5206
4610
4183
3780
2959
2184
1838
1319
531
3
-334
-869
-1191
-1105
-1078
-1133
-814
-225
259
808
1447
2035
2542
3102
3585
3991
4048
3442
2546
1877
979
-586
-1897
-2770
-3849
-4914
-5156
-5416
-6131
-6381
-6060
-6079
-6243
-5957
-5806
-5842
-5472
-4745
-4171
-3481
-2515
-1376
-118
1116
2172
3164
4076
4694
5248
5675
5637
5391
5339
5057
4409
3962
3586
2855
2201
1958
1495
752
329
90
-375
-660
-536
-524
-629
-377
152
531
947
1535
2092
2549
3039
3502
3817
3816
3226
2387
1691
789
-728
-2090
-3052
-4183
-5265
-5593
-5788
-6424
-6672
-6335
-6169
-6191
-5830
-5553
-5491
-5118
-4429
-3911
-3339
-2390
-1303
-197
999
2176
3136
4009
4820
5431
5716
5751
5647
5445
5090
4583
3975
3300
2641
2116
1693
1239
772
422
173
-101
-313
-391
-446
-544
-455
-121
261
652
1162
1735
2261
2801
3272
3632
3758
3385
2585
1874
1105
-298
-1795
-2840
-3926
-5203
-5766
-5909
-6452
-6808
-6400
-6013
-5977
-5625
-5188
-5078
-4861
-4249
-3729
-3295
-2553
-1580
-571
547
1726
2768
3682
4519
5217
5645
5785
5731
5542
5113
4510
3908
3264
2499
1879
1485
1056
593
371
264
16
-195
-188
-185
-263
-174
67
265
518
986
1471
1920
2459
3000
3351
3639
3699
3188
2421
1771
751
-820
-2084
-3051
-4348
-5508
-5851
-6189
-6816
-6812
-6262
-6054
-5905
-5292
-4844
-4703
-4278
-3635
-3265
-2878
-2150
-1304
-477
487
1559
2493
3303
4152
4949
5359
5437
5479
5347
4856
4309
3832
3107
2281
1821
1536
1059
656
546
400
139
93
205
150
71
230
413
498
727
1082
1306
1601
2123
2571
2874
3263
3389
2888
2267
1783
806
-743
-1968
-2962
-4303
-5430
-5765
-6143
-6806
-6780
-6196
-5981
-5813
-5119
-4608
-4461
-3985
-3308
-3032
-2759
-2053
-1318
-701
141
1178
2057
2870
3796
4633
5095
5316
5522
5499
5084
4603
4188
3468
2619
2155
1822
1206
733
663
495
197
202
339
214
141
318
420
390
534
795
922
1148
1580
1968
2197
2623
2884
2535
1961
1613
891
-525
-1665
-2524
-3738
-5028
-5432
-5728
-6426
-6593
-6042
-5704
-5614
-4889
-4235
-4008
-3675
-2966
-2610
-2476
-1950
-1362
-835
-234
716
1490
2189
2964
3821
4452
4738
5061
5211
5078
4641
4383
3888
3062
2412
2034
1521
838
670
553
302
174
362
362
232
406
516
480
464
708
764
884
1242
1608
1828
2140
2577
2483
2092
1742
1318
251
-893
-1726
-2757
-4012
-4793
-5104
-5777
-6248
-6027
-5657
-5601
-5212
-4521
-4219
-3953
-3368
-2846
-2708
-2378
-1793
-1312
-813
-117
674
1328
2085
2950
3759
4320
4725
5125
5271
5128
4862
4562
3901
3148
2632
2112
1431
942
765
462
215
241
300
164
172
300
238
195
376
539
581
871
1272
1514
1762
2238
2426
2138
1828
1629
999
-64
-922
-1725
-2850
-3933
-4423
-4960
-5710
-6002
-5774
-5696
-5640
-5116
-4629
-4391
-3997
-3345
-3013
-2798
-2321
-1784
-1361
-799
14
743
1494
2355
3263
4001
4599
5099
5422
5504
5353
5135
4712
4070
3401
2834
2149
1445
1020
657
207
-49
-35
-168
-303
-162
-75
-198
-123
183
279
374
758
1163
1379
1711
2214
2390
2210
2001
1848
1276
320
-516
-1286
-2396
-3515
-4079
-4678
-5520
-5888
-5697
-5753
-5821
-5307
-4817
-4659
-4250
-3556
-3265
-3064
-2504
-1932
-1532
-938
-84
685
1464
2383
3335
4075
4655
5191
5591
5652
5474
5304
4898
4181
3520
3006
2232
1404
931
530
-28
-339
-340
-507
-656
-469
-291
-340
-216
104
235
364
771
1177
1400
1742
2249
2481
2382
2266
2126
1576
685
-80
-890
-2053
-3184
-3816
-4521
-5427
-5827
-5767
-5917
-6021
-5547
-5126
-4986
-4561
-3877
-3521
-3235
-2606
-1989
-1503
-831
43
800
1579
2522
3419
4142
4759
5331
5678
5758
5661
5454
4998
4309
3650
2994
2169
1343
796
274
-303
-617
-700
-882
-998
-776
-603
-595
-397
10
228
422
895
1361
1648
1977
2494
2777
2699
2531
2385
1918
1008
164
-632
-1738
-2971
-3724
-4375
-5312
-5904
-5951
-6075
-6303
-5973
-5511
-5333
-4965
-4233
-3701
-3375
-2712
-1987
-1428
-796
97
933
1659
2523
3439
4220
4763
5278
5700
5814
5648
5460
5131
4416
3702
3114
2343
1414
810
341
-318
-738
-828
-1000
-1207
-1029
-774
-748
-563
-162
132
344
768
1220
1555
1910
2305
2690
2818
2707
2484
2233
1601
652
-159
-1046
-2237
-3326
-3945
-4742
-5631
-5982
-6009
-6234
-6277
-5806
-5460
-5220
-4640
-3882
-3428
-2947
-2181
-1490
-903
-177
685
1383
2081
2922
3727
4310
4768
5233
5488
5479
5334
5100
4592
3893
3289
2644
1828
1052
515
-24
-558
-831
-965
-1145
-1206
-972
-741
-591
-306
90
427
738
1160
1550
1854
2148
2469
2767
2836
2684
2414
2116
1485
570
-283
-1210
-2370
-3444
-4104
-4889
-5726
-6088
-6120
-6278
-6277
-5806
-5433
-5125
-4505
-3714
-3195
-2666
-1887
-1200
-610
90
879
1490
2121
2889
3609
4136
4567
4992
5205
5216
5098
4876
4370
3713
3146
2540
1778
1042
510
-21
-504
-752
-884
-1075
-1122
-890
-646
-468
-201
122
377
698
1079
1373
1601
1917
2221
2481
2684
2659
2379
2033
1642
854
-115
-1021
-2019
-3166
-4017
-4607
-5390
-6007
-6123
-6071
-6131
-5861
-5332
-4950
-4496
-3728
-2995
-2531
-1936
-1216
-600
-48
621
1295
1842
2468
3182
3834
4269
4665
5002
5147
5070
4879
4571
3976
3337
2755
2131
1348
708
244
-235
-622
-800
-883
-1038
-977
-745
-552
-436
-208
82
332
626
929
1237
1510
1822
2112
2416
2512
2319
2067
1832
1287
379
-397
-1237
-2351
-3352
-3925
-4667
-5546
-5857
-5819
-5923
-5875
-5326
-4896
-4573
-3896
-3055
-2561
-2138
-1432
-808
-334
219
893
1381
1847
2524
3216
3686
4047
4482
4756
4780
4709
4566
4105
3478
2991
2475
1743
1049
591
117
-343
-549
-657
-874
-946
-738
-557
-460
-252
10
186
450
823
1049
1201
1516
1860
2050
2284
2436
2237
1922
1709
1198
259
-590
-1397
-2463
-3437
-4024
-4703
-5485
-5752
-5680
-5734
-5629
-5128
-4686
-4320
-3654
-2913
-2439
-1985
-1351
-787
-319
241
844
1358
1884
2531
3190
3695
4071
4438
4690
4702
4609
4453
4026
3416
2917
2408
1706
1051
575
68
-400
-597
-698
-877
-916
-759
-615
-470
-241
-64
60
297
596
802
1026
1346
1609
1820
2133
2343
2196
1929
1746
1305
464
-325
-1056
-2075
-3106
-3700
-4265
-5065
-5466
-5388
-5429
-5471
-5036
-4532
-4259
-3743
-2952
-2417
-2050
-1427
-798
-400
68
682
1159
1560
2160
2809
3276
3669
4106
4413
4471
4439
4341
3990
3430
2947
2482
1827
1180
732
298
-167
-409
-510
-711
-834
-713
-592
-541
-372
-172
-81
104
443
670
803
1109
1469
1670
1905
2222
2244
1975
1796
1586
919
54
-629
-1435
-2493
-3282
-3766
-4480
-5158
-5259
-5185
-5302
-5132
-4591
-4234
-3911
-3206
-2510
-2155
-1705
-1040
-559
-199
333
877
1249
1704
2337
2884
3254
3620
4006
4218
4221
4165
4014
3606
3092
2689
2219
1536
951
574
129
-311
-481
-578
-790
-812
-580
-449
-398
-166
87
215
450
776
953
1104
1411
1686
1842
2025
2094
1901
1658
1428
896
118
-580
-1318
-2243
-3041
-3586
-4235
-4859
-5067
-5058
-5140
-5026
-4591
-4224
-3885
-3287
-2646
-2235
-1798
-1187
-685
-293
213
746
1157
1619
2201
2712
3114
3506
3853
4071
4160
4131
3952
3628
3202
2730
2223
1655
1064
567
145
-242
-521
-680
-808
-858
-747
-600
-497
-316
-91
61
255
562
776
910
1217
1562
1720
1905
2169
2146
1886
1740
1482
772
13
-563
-1372
-2361
-3022
-3544
-4304
-4837
-4899
-4973
-5115
-4871
-4417
-4134
-3733
-3071
-2542
-2182
-1657
-1069
-658
-238
293
779
1207
1719
2266
2726
3120
3488
3797
3979
4013
3938
3773
3444
3001
2559
2074
1482
936
509
84
-310
-528
-649
-786
-791
-640
-530
-434
-200
24
141
358
659
817
971
1310
1576
1679
1902
2132
2017
1787
1668
1308
576
-72
-656
-1538
-2438
-3007
-3582
-4328
-4740
-4814
-4982
-5082
-4786
-4416
-4184
-3731
-3064
-2559
-2151
-1543
-932
-515
-55
517
982
1356
1850
2370
2760
3103
3477
3755
3864
3901
3861
3645
3285
2897
2463
1933
1388
905
453
23
-303
-516
-689
-801
-775
-670
-563
-406
-168
52
215
457
735
910
1060
1328
1575
1679
1828
2031
1986
1737
1579
1314
668
-33
-587
-1353
-2295
-2953
-3475
-4198
-4735
-4843
-4950
-5091
-4859
-4424
-4126
-3706
-3023
-2441
-2004
-1440
-845
-419
-24
439
858
1211
1602
2046
2468
2820
3127
3441
3661
3699
3663
3588
3318
2908
2551
2140
1568
1054
682
247
-179
-378
-505
-678
-682
-522
-427
-329
-96
122
229
375
587
734
829
996
1224
1388
1487
1647
1786
1690
1474
1317
976
304
-320
-855
-1677
-2567
-3110
-3641
-4348
-4699
-4696
-4829
-4867
-4455
-4022
-3759
-3245
-2561
-2114
-1706
-1105
-601
-285
113
583
940
1249
1666
2111
2464
2782
3151
3462
3570
3599
3626
3465
3078
2737
2398
1848
1303
949
556
84
-154
-251
-445
-544
-418
-328
-312
-160
40
121
196
352
474
557
678
856
1051
1221
1363
1543
1669
1583
1412
1247
867
225
-346
-914
-1734
-2530
-3047
-3605
-4244
-4519
-4559
-4697
-4668
-4276
-3904
-3620
-3095
-2485
-2072
-1660
-1111
-676
-367
24
458
799
1124
1548
1979
2333
2666
3036
3323
3445
3511
3549
3412
3104
2818
2500
2020
1537
1188
812
378
111
-28
-230
-377
-343
-310
-345
-282
-145
-90
-47
83
207
300
442
620
807
996
1166
1313
1462
1485
1357
1210
980
497
-66
-547
-1186
-1966
-2555
-3030
-3638
-4094
-4221
-4342
-4465
-4269
-3911
-3673
-3322
-2765
-2298
-1943
-1462
-958
-614
-273
162
556
863
1228
1652
2013
2315
2644
2975
3172
3274
3378
3400
3235
3019
2820
2482
2037
1664
1311
864
476
229
-31
-291
-396
-425
-498
-501
-410
-347
-299
-181
-50
38
175
352
495
659
871
1032
1145
1291
1356
1254
1116
952
573
64
-381
-924
-1625
-2233
-2704
-3256
-3754
-3976
-4115
-4262
-4191
-3911
-3670
-3374
-2893
-2412
-2023
-1573
-1072
-683
-336
61
445
759
1093
1485
1854
2187
2531
2895
3174
3358
3507
3583
3496
3295
3068
2739
2281
1823
1410
937
470
137
-140
-418
-583
-621
-669
-693
-617
-523
-480
-399
-274
-192
-109
41
200
342
553
800
997
1185
1401
1499
1456
1374
1208
811
316
-166
-787
-1526
-2149
-2684
-3300
-3778
-3993
-4169
-4303
-4176
-3901
-3689
-3365
-2875
-2447
-2091
-1635
-1161
-810
-450
-17
375
723
1128
1575
1982
2362
2755
3121
3383
3559
3672
3688
3544
3303
3029
2646
2163
1697
1269
788
337
21
-259
-547
-699
-732
-808
-842
-745
-658
-637
-527
-362
-287
-192
26
221
362
624
937
1138
1329
1596
1709
1638
1567
1424
1005
488
33
-587
-1352
-1976
-2509
-3161
-3696
-3948
-4167
-4380
-4312
-4060
-3884
-3597
-3094
-2639
-2280
-1786
-1249
-872
-493
-8
412
742
1160
1623
1987
2328
2729
3074
3287
3460
3595
3595
3450
3257
3012
2629
2171
1739
1303
798
344
8
-310
-621
-785
-832
-911
-928
-802
-677
-614
-462
-242
-117
-6
225
447
566
768
1061
1247
1367
1584
1738
1670
1562
1461
1139
611
129
-405
-1144
-1871
-2436
-3036
-3665
-4037
-4234
-4441
-4500
-4286
-4027
-3778
-3349
-2824
-2391
-1959
-1419
-935
-547
-114
355
741
1103
1533
1946
2291
2625
2968
3228
3382
3480
3514
3421
3202
2943
2631
2208
1749
1344
930
481
129
-124
-388
-599
-672
-707
-765
-731
-619
-550
-487
-336
-182
-84
62
268
445
598
818
1059
1238
1387
1558
1661
1612
1490
1326
1010
524
14
-518
-1178
-1872
-2438
-2973
-3533
-3926
-4117
-4281
-4366
-4207
-3947
-3713
-3349
-2842
-2400
-1989
-1465
-959
-564
-139
332
716
1056
1456
1833
2134
2429
2728
2958
3116
3233
3290
3264
3147
2974
2753
2450
2075
1715
1351
928
535
236
-66
-359
-516
-601
-714
-747
-656
-588
-540
-396
-228
-132
-5
183
330
444
620
806
948
1072
1200
1293
1288
1193
1054
841
455
-8
-459
-998
-1649
-2207
-2674
-3211
-3652
-3856
-4005
-4148
-4060
-3808
-3609
-3324
-2867
-2439
-2084
-1628
-1142
-764
-388
53
458
807
1202
1621
1992
2338
2693
3013
3247
3412
3523
3540
3429
3248
3015
2676
2266
1871
1471
1019
618
304
-7
-289
-454
-562
-679
-733
-705
-687
-675
-599
-510
-443
-347
-205
-63
85
280
485
689
909
1109
1265
1393
1447
1376
1237
1022
645
175
-308
-876
-1532
-2122
-2646
-3191
-3650
-3924
-4114
-4253
-4208
-4017
-3809
-3514
-3087
-2654
-2248
-1774
-1267
-823
-391
92
549
961
1394
1843
2247
2603
2957
3267
3484
3620
3700
3681
3535
3315
3041
2664
2221
1782
1334
860
430
77
-247
-522
-691
-792
-866
-879
-822
-759
-687
-573
-460
-363
-247
-109
12
144
320
500
666
864
1072
1223
1336
1432
1427
1296
1102
829
406
-105
-622
-1215
-1856
-2439
-2946
-3440
-3835
-4057
-4184
-4229
-4114
-3859
-3573
-3210
-2743
-2264
-1808
-1315
-803
-350
73
515
937
1304
1671
2042
2367
2651
2911
3138
3280
3347
3360
3287
3112
2866
2582
2220
1806
1399
1011
604
235
-45
-292
-500
-617
-660
-697
-690
-613
-543
-486
-393
-292
-228
-154
-45
47
131
260
413
545
694
871
1021
1122
1208
1246
1172
1015
796
477
35
-444
-957
-1534
-2109
-2611
-3076
-3488
-3758
-3906
-3969
-3905
-3700
-3425
-3092
-2672
-2220
-1779
-1331
-877
-463
-77
303
656
978
1300
1622
1916
2204
2479
2717
2910
3061
3143
3140
3070
2919
2688
2391
2051
1669
1275
891
526
187
-98
-317
-495
-616
-670
-685
-673
-613
-526
-445
-354
-251
-158
-80
12
102
182
273
393
510
629
775
917
1028
1111
1172
1141
1018
831
556
156
-312
-807
-1367
-1946
-2468
-2932
-3357
-3662
-3817
-3881
-3844
-3660
-3377
-3058
-2660
-2212
-1773
-1348
-911
-505
-147
208
543
853
1149
1449
1734
2003
2262
2496
2691
2843
2933
2948
2906
2784
2587
2342
2052
1720
1374
1049
729
433
194
2
-161
-273
-333
-378
-407
-398
-379
-373
-350
-312
-283
-253
-197
-137
-76
6
108
213
327
457
579
697
799
873
910
895
812
660
440
149
-220
-633
-1073
-1546
-2015
-2435
-2810
-3137
-3353
-3467
-3502
-3431
-3244
-2995
-2693
-2320
-1922
-1530
-1140
-745
-395
-72
238
526
784
1038
1302
1551
1802
2057
2304
2524
2713
2858
2942
2955
2890
2757
2548
2270
1951
1607
1245
892
570
286
43
-143
-272
-369
-426
-452
-461
-467
-465
-457
-466
-475
-469
-459
-448
-412
-346
-265
-156
-8
156
328
515
698
843
946
1009
990
879
699
449
99
-320
-748
-1208
-1693
-2135
-2500
-2841
-3106
-3242
-3294
-3289
-3174
-2953
-2715
-2433
-2080
-1716
-1379
-1018
-641
-306
8
343
667
947
1240
1551
1831
2089
2351
2587
2764
2901
2988
2999
2931
2807
2615
2352
2044
1706
1350
985
636
314
27
-229
-439
-592
-712
-803
-845
-849
-845
-820
-766
-704
-646
-566
-466
-383
-290
-168
-37
81
227
387
534
674
822
942
1015
1050
1037
946
773
544
253
-113
-523
-936
-1368
-1801
-2180
-2497
-2775
-2974
-3061
-3080
-3041
-2898
-2683
-2447
-2159
-1818
-1481
-1150
-798
-446
-132
179
500
793
1065
1345
1616
1852
2080
2296
2472
2607
2704
2748
2726
2651
2512
2317
2069
1773
1448
1114
771
432
125
-144
-386
-575
-708
-805
-869
-875
-848
-819
-760
-674
-595
-526
-430
-334
-259
-170
-59
45
148
281
422
555
688
831
948
1023
1080
1089
1027
889
698
432
89
-302
-715
-1156
-1602
-2011
-2367
-2679
-2916
-3041
-3091
-3063
-2937
-2727
-2479
-2182
-1834
-1482
-1145
-798
-459
-164
113
389
641
868
1101
1335
1548
1758
1972
2161
2307
2429
2509
2525
2480
2384
2226
1999
1734
1445
1129
800
496
214
-41
-258
-421
-541
-627
-663
-664
-642
-604
-541
-468
-402
-328
-248
-173
-104
-22
60
138
234
335
440
543
655
756
836
899
931
916
856
748
574
349
75
-245
-605
-976
-1351
-1721
-2056
-2342
-2573
-2743
-2828
-2839
-2784
-2658
-2470
-2242
-1979
-1684
-1387
-1087
-791
-500
-227
32
285
520
748
965
1180
1384
1578
1759
1920
2062
2166
2239
2272
2257
2198
2090
1938
1749
1528
1288
1036
781
535
311
111
-60
-203
-313
-395
-456
-490
-506
-507
-492
-469
-435
-397
-347
-294
-234
-160
-80
5
98
198
298
401
506
603
683
750
791
790
753
672
532
342
103
-177
-496
-833
-1181
-1519
-1835
-2110
-2334
-2506
-2608
-2642
-2615
-2527
-2384
-2200
-1988
-1745
-1490
-1227
-962
-695
-431
-166
105
367
629
895
1157
1410
1653
1879
2083
2255
2392
2481
2515
2495
2420
2284
2097
1863
1589
1288
977
664
363
95
-144
-345
-498
-609
-680
-716
-720
-701
-665
-606
-539
-472
-394
-306
-225
-142
-49
48
147
249
355
458
555
653
736
800
849
869
852
800
708
561
363
121
-160
-486
-829
-1176
-1529
-1857
-2147
-2386
-2574
-2689
-2726
-2700
-2607
-2451
-2244
-2010
-1733
-1443
-1160
-870
-583
-308
-47
207
454
685
914
1143
1354
1554
1744
1905
2036
2138
2204
2218
2193
2126
2011
1859
1672
1464
1233
997
765
537
325
138
-25
-167
-282
-369
-435
-479
-499
-511
-502
-478
-444
-401
-343
-274
-200
-114
-19
80
176
278
377
468
549
622
680
713
727
715
669
592
487
337
147
-73
-330
-613
-915
-1216
-1520
-1808
-2058
-2268
-2436
-2537
-2573
-2558
-2479
-2342
-2160
-1948
-1703
-1433
-1164
-885
-604
-332
-72
189
437
673
910
1145
1363
1576
1776
1951
2105
2224
2303
2331
2311
2239
2117
1945
1740
1499
1241
982
720
472
247
51
-116
-252
-361
-436
-488
-518
-524
-516
-486
-447
-395
-330
-256
-176
-93
-6
77
155
227
293
342
379
407
421
422
411
390
351
298
228
138
22
-121
-292
-490
-712
-949
-1196
-1436
-1667
-1867
-2027
-2145
-2209
-2217
-2168
-2069
-1922
-1738
-1524
-1291
-1044
-795
-558
-320
-96
113
311
503
678
846
1009
1166
1313
1456
1593
1707
1804
1876
1918
1921
1890
1818
1704
1557
1377
1177
961
742
529
332
157
10
-106
-191
-249
-281
-296
-299
-292
-283
-275
-271
-267
-265
-267
-257
-240
-214
-171
-119
-55
17
93
173
246
311
364
399
410
399
358
292
192
63
-93
-278
-480
-693
-912
-1129
-1335
-1521
-1681
-1803
-1887
-1932
-1928
-1879
-1793
-1667
-1511
-1328
-1127
-911
-693
-475
-258
-49
150
340
520
690
851
1003
1142
1271
1389
1492
1571
1626
1660
1661
1634
1578
1489
1375
1240
1085
918
748
579
416
263
123
4
-99
-181
-241
-281
-303
-306
-296
-275
-241
-200
-156
-110
-60
-12
32
72
109
140
168
190
204
217
225
227
226
218
205
181
147
96
31
-52
-159
-288
-435
-601
-775
-956
-1132
-1298
-1446
-1563
-1652
-1705
-1718
-1690
-1627
-1532
-1402
-1254
-1092
-916
-738
-563
-392
-224
-67
80
223
370
513
660
810
960
1108
1252
1382
1496
1586
1647
1676
1666
1620
1537
1423
1284
1122
949
770
588
417
258
118
0
-97
-173
-225
-260
-278
-285
-278
-265
-246
-224
-196
-162
-125
-86
-38
12
62
118
172
220
270
313
345
368
377
367
336
287
213
110
-16
-168
-344
-533
-739
-951
-1158
-1356
-1537
-1686
-1802
-1880
-1913
-1899
-1846
-1750
-1613
-1448
-1265
-1060
-849
-636
-422
-215
-18
173
352
521
685
840
987
1125
1256
1375
1476
1559
1616
1644
1643
1606
1538
1441
1318
1173
1015
848
681
519
370
235
119
22
-57
-119
-165
-196
-216
-225
-232
-230
-224
-213
-196
-172
-142
-112
-72
-32
9
51
91
133
166
191
214
227
228
219
199
163
113
49
-32
-126
-237
-360
-500
-644
-801
-957
-1108
-1251
-1377
-1482
-1559
-1609
-1619
-1595
-1536
-1445
-1324
-1175
-1008
-830
-640
-446
-261
-82
88
251
399
540
672
795
917
1029
1135
1233
1319
1388
1440
1466
1468
1445
1390
1313
1207
1087
949
807
662
518
385
263
153
58
-19
-84
-131
-168
-191
-205
-213
-211
-202
-189
-174
-151
-128
-100
-68
-35
-2
33
69
100
129
157
177
187
193
187
171
139
91
25
-62
-170
-295
-440
-599
-764
-932
-1094
-1245
-1377
-1481
-1556
-1599
-1605
-1575
-1508
-1412
-1290
-1141
-978
-801
-616
-434
-251
-71
98
260
411
554
688
818
932
1039
1132
1212
1277
1324
1350
1356
1339
1299
1241
1160
1064
953
839
718
601
487
378
278
191
114
48
-5
-49
-82
-107
-123
-133
-136
-134
-127
-116
-100
-83
-63
-40
-21
1
19
44
61
81
98
113
127
132
131
116
91
49
-7
-84
-182
-295
-427
-571
-722
-881
-1031
-1170
-1300
-1401
-1474
-1517
-1525
-1497
-1440
-1350
-1233
-1093
-937
-772
-595
-421
-248
-79
86
239
387
528
661
789
906
1015
1111
1195
1261
1311
1338
1343
1327
1287
1223
1143
1043
932
812
685
558
431
314
205
107
20
-52
-115
-165
-201
-229
-244
-249
-242
-228
-206
-177
-143
-98
-47
4
59
110
158
198
234
259
271
272
260
236
200
150
90
17
-65
-159
-257
-362
-477
-592
-713
-831
-949
-1058
-1152
-1236
-1296
-1332
-1342
-1327
-1280
-1206
-1109
-987
-846
-691
-530
-362
-195
-37
116
262
388
501
602
684
755
813
860
892
918
933
941
938
932
911
879
845
800
742
679
611
534
457
379
302
230
163
102
51
13
-11
-26
-33
-25
-11
9
34
67
96
122
147
166
175
180
182
170
158
144
124
105
83
62
41
15
-13
-44
-87
-136
-196
-267
-347
-440
-538
-645
-755
-861
-967
-1059
-1139
-1204
-1245
-1261
-1251
-1216
-1154
-1071
-966
-845
-711
-568
-425
-280
-142
-9
117
233
338
440
533
620
701
777
845
908
960
998
1026
1038
1035
1013
975
922
854
774
686
590
494
400
313
234
161
102
55
21
-3
-19
-24
-24
-19
-8
0
16
30
45
63
77
92
105
116
125
132
134
135
127
116
100
72
40
2
-44
-99
-160
-228
-306
-388
-477
-567
-659
-748
-834
-914
-984
-1039
-1078
-1101
-1108
-1092
-1058
-1003
-930
-845
-746
-638
-524
-404
-282
-162
-44
70
178
277
372
461
542
618
684
741
792
833
864
881
891
886
870
840
801
750
689
624
550
473
396
320
248
184
128
81
47
21
7
6
13
28
51
78
111
143
172
201
224
244
252
256
252
241
219
193
158
118
73
24
-28
-86
-145
-210
-277
-347
-423
-500
-580
-663
-748
-828
-906
-978
-1037
-1079
-1109
-1120
-1108
-1075
-1023
-948
-851
-744
-622
-493
-360
-228
-99
23
135
239
331
410
478
534
578
616
645
670
683
690
696
696
687
675
657
638
612
578
541
503
462
415
371
327
283
245
211
181
159
145
141
144
153
165
183
199
214
230
239
240
236
221
200
173
140
101
61
22
-20
-57
-93
-124
-154
-184
-214
-249
-290
-334
-385
-444
-504
-572
-639
-707
-769
-827
-875
-911
-934
-941
-933
-907
-870
-818
-754
-678
-592
-504
-410
-317
-221
-124
-31
60
148
231
307
380
446
507
560
605
647
679
705
721
730
731
723
708
681
649
614
564
514
461
403
349
298
250
208
180
158
149
148
157
172
194
219
245
266
278
289
289
277
255
222
181
133
81
25
-30
-88
-139
-188
-232
-274
-311
-346
-382
-417
-453
-490
-532
-571
-617
-661
-705
-747
-783
-812
-831
-841
-836
-817
-787
-740
-680
-611
-530
-443
-355
-267
-180
-94
-13
63
134
198
256
312
361
410
455
496
532
565
593
612
622
624
617
600
578
547
510
474
438
406
377
353
337
330
328
328
334
345
351
356
362
360
351
338
317
289
258
224
187
146
107
66
23
-12
-55
-94
-134
-180
-225
-275
-329
-385
-443
-501
-559
-614
-666
-712
-748
-778
-799
-809
-811
-806
-788
-765
-733
-694
-647
-597
-537
-472
-403
-332
-254
-174
-96
-13
67
144
219
289
352
408
456
499
529
552
569
574
572
570
555
538
517
492
465
436
405
375
350
326
305
290
281
276
278
278
289
300
311
321
327
332
331
326
313
294
272
242
207
168
123
79
34
-17
-69
-124
-177
-233
-288
-343
-397
-448
-499
-545
-591
-630
-664
-691
-712
-726
-731
-732
-722
-705
-684
-656
-624
-583
-542
-493
-444
-391
-337
-282
-221
-160
-99
-40
23
77
132
189
240
288
333
376
413
447
474
495
513
521
527
528
527
519
511
502
490
479
464
450
438
427
417
409
400
392
385
375
365
350
336
317
294
266
232
194
160
120
76
29
-18
-62
-105
-151
-192
-232
-270
-306
-344
-380
-418
-454
-490
-524
-556
-585
-614
-635
-648
-662
-664
-661
-652
-634
-609
-578
-545
-502
-453
-405
-353
-298
-243
-187
-132
-76
-25
29
79
128
178
221
266
308
345
374
400
421
435
446
448
449
441
435
424
413
402
390
381
374
368
362
364
368
371
376
380
378
378
372
365
351
329
303
272
239
201
160
115
70
24
-22
-66
-108
-149
-187
-227
-266
-301
-338
-373
-407
-440
-469
-496
-520
-540
-551
-560
-564
-561
-550
-538
-520
-496
-473
-442
-410
-375
-338
-301
-262
-225
-184
-142
-100
-56
-18
23
60
101
137
171
205
232
258
279
302
317
332
345
352
359
362
363
360
356
354
350
346
340
336
330
326
323
318
311
306
301
295
288
277
264
251
234
213
192
165
139
111
80
47
14
-18
-51
-86
-118
-150
-183
-217
-250
-281
-311
-341
-370
-398
-422
-440
-461
-479
-487
-493
-493
-491
-479
-463
-443
-416
-387
-354
-317
-282
-243
-205
-167
-129
-93
-57
-23
9
40
72
104
135
161
184
210
230
249
266
282
292
298
306
311
313
311
312
304
303
297
293
288
279
278
272
265
261
257
254
251
244
241
230
224
214
202
185
171
155
128
104
76
47
17
-15
-47
-80
-115
-147
-177
-209
-238
-263
-289
-312
-333
-353
-369
-381
-394
-401
-404
-407
-402
-397
-388
-374
-355
-336
-315
-290
-264
-237
-208
-180
-149
-117
-88
-60
-28
0
28
53
82
110
134
160
180
201
220
238
251
255
262
268
266
262
258
252
244
234
224
216
206
198
192
190
190
187
189
194
198
205
210
216
222
223
222
219
212
202
189
168
145
115
83
46
10
-29
-71
-113
-157
-196
-236
-273
-311
-342
-371
-396
-414
-427
-436
-440
-438
-431
-416
-401
-377
-350
-318
-285
-250
-211
-177
-136
-99
-62
-24
7
37
63
88
110
126
139
150
159
167
169
173
174
173
171
169
165
161
157
153
149
143
144
137
136
138
139
143
146
147
153
160
164
171
175
181
185
186
187
185
181
176
166
155
142
125
105
84
61
35
9
-20
-48
-77
-103
-131
-162
-185
-207
-229
-247
-261
-273
-280
-285
-286
-289
-286
-282
-279
-267
-257
-247
-239
-224
-210
-194
-176
-157
-137
-117
-94
-74
-51
-28
-1
20
40
62
84
101
121
136
150
162
172
183
187
191
190
187
183
178
170
160
152
142
136
128
120
117
112
109
111
113
115
124
131
136
138
141
140
140
132
122
109
93
76
55
37
14
-7
-27
-47
-66
-85
-98
-116
-130
-141
-153
-160
-173
-182
-188
-193
-199
-205
-208
-208
-209
-203
-201
-193
-188
-179
-168
-157
-146
-131
-113
-100
-82
-66
-50
-34
-14
3
18
37
51
63
80
94
105
114
122
124
130
132
129
128
125
122
114
110
105
101
98
94
93
89
89
90
88
90
92
95
97
100
103
107
110
112
113
114
115
111
106
97
87
73
57
39
17
-3
-25
-47
-68
-90
-110
-130
-145
-162
-175
-189
-197
-199
-205
-208
-209
-208
-202
-198
-191
-183
-174
-163
-152
-140
-127
-114
-98
-82
-70
-53
-35
-15
2
20
39
57
77
92
111
124
141
154
162
170
173
175
171
168
158
147
135
120
107
93
77
61
52
41
33
27
21
20
18
17
19
18
18
18
21
23
25
25
30
29
29
33
34
37
37
36
32
25
14
2
-13
-31
-52
-74
-95
-117
-137
-151
-164
-173
-178
-178
-172
-167
-155
-142
-127
-110
-93
-76
-62
-48
-34
-21
-9
-1
13
22
29
37
42
49
55
58
60
61
61
61
58
56
52
47
45
43
39
41
38
37
38
40
45
45
50
53
57
61
63
64
66
66
66
62
60
57
52
49
46
46
40
37
33
32
29
25
21
16
11
4
-4
-12
-16
-27
-33
-42
-48
-54
-61
-65
-69
-73
-79
-81
-88
-91
-97
-101
-106
-108
-109
-109
-111
-111
-105
-101
-95
-85
-77
-65
-53
-40
-22
-6
7
25
37
51
64
74
86
94
100
108
110
111
111
108
102
95
86
73
65
51
41
26
14
4
-2
-8
-10
-12
-12
-7
-4
5
10
20
28
34
42
45
49
49
47
45
42
35
28
20
12
2
-7
-18
-29
-38
-47
-59
-65
-75
-85
-92
-96
-99
-98
-101
-97
-92
-84
-73
-65
-56
-43
-29
-19
-8
4
14
18
27
29
33
34
33
36
33
32
31
29
26
25
25
24
21
21
19
19
21
21
23
26
26
26
30
33
35
37
39
37
38
38
36
28
24
19
11
6
0
-7
-11
-18
-23
-27
-29
-31
-32
-33
-32
-30
-29
-26
-24
-23
-19
-17
-14
-13
-13
-10
-12
-12
-15
-14
-11
-13
-15
-17
-18
-20
-17
-19
-18
-19
-19
-18
-17
-14
-16
-11
-10
-5
-2
0
6
8
11
13
19
24
28
32
33
36
38
38
41
41
41
37
38
36
33
28
26
20
17
12
7
2
-5
-8
-9
-13
-16
-19
-18
-20
-18
-18
-15
-13
-14
-10
-12
-8
-7
-7
-8
-8
-8
-5
-5
-3
-4
-6
-4
-3
-4
-6
-6
-5
-5
-6
-7
-11
-9
-9
-11
-11
-11
-10
-12
-12
-11
-8
-8
-9
-6
-7
-5
-5
-4
-3
0
1
2
4
6
6
8
12
15
17
17
18
19
19
19
19
17
15
14
13
10
7
6
4
2
1
-1
-3
-5
-3
-3
-4
-4
-5
-4
-6
-5
-5
-6
-5
-3
-4
-2
-2
-1
2
0
2
0
-3
1
1
1
-2
-1
-1
-1
-2
-1
0
-2
-1
-3
-3
-3
-3
-4
-6
-5
-5
-7
-6
-6
-8
-7
-7
-6
-4
-5
-4
-4
-3
0
0
3
2
6
5
5
6
9
6
7
10
8
8
9
9
10
6
5
6
4
4
5
5
3
2
0
2
-1
-4
-4
-6
-5
-6
-7
-6
-6
-6
-5
-5
-5
-5
-4
-2
-5
-2
-5
-4
-1
-2
-2
-1
0
1
2
4
2
1
5
0
5
2
0
3
1
2
0
0
-1
-1
0
1
0
-2
2
2
0
0
-2
-3
-1
-1
0
0
0
0
-1
-1
0
-1
-3
-1
0
1
2
1
0
2
1
3
3
4
-1
-1
1
-2
1
3
1
-1
1
0
1
1
0
3
0
1
1
0
1
0
0
0
1
2
2
1
1
0
1
1
-1
-2
0
-1
1
0
1
0
0
-4
-6
-5
-4
-5
-5
-5
-5
-4
-5
-5
-6
-2
-3
-3
1
-1
1
0
0
2
2
2
5
4
5
4
3
2
5
4
2
4
1
1
1
2
0
2
2
2
4
2
2
2
3
1
-2
0
1
-2
-1
-2
-3
-3
-2
-3
-1
0
0
0
1
1
-2
2
0
0
0
1
1
-1
-2
-3
-2
-3
-4
-3
-3
-3
0
-1
-1
1
-2
-2
-1
1
0
-2
-2
-2
0
-1
0
0
1
3
1
2
2
3
4
3
2
0
1
2
0
1
0
1
2
0
2
3
1
2
3
0
1
3
2
3
0
0
1
2
-1
0
1
-1
-2
1
-1
-3
-3
