1
-1
-3
-2
1
0
0
-1
-1
1
1
0
-1
-1
1
1
-1
2
0
0
1
0
-1
1
1
0
-1
-1
0
2
0
0
1
-1
2
0
-1
0
1
2
-1
2
1
1
3
-1
1
3
0
-2
-2
-1
-1
-2
0
-2
1
1
0
2
-1
0
2
1
1
1
3
1
1
1
0
-1
-1
-1
-3
-2
-3
-1
0
-3
1
0
-2
-2
-1
0
1
0
0
-2
-2
-1
0
0
1
1
2
1
1
0
0
3
0
-1
-1
1
0
1
-2
-1
-1
0
0
-1
1
0
1
1
0
-2
0
1
-2
2
3
2
1
2
2
1
2
2
1
0
3
0
0
0
-2
-2
-1
-2
-2
-1
0
-1
-1
0
-1
-1
-2
-1
1
-1
-1
2
0
0
0
-1
-2
-2
0
-1
-1
0
1
0
3
0
0
3
-1
2
1
-1
-2
0
1
1
2
2
1
0
0
1
2
2
-1
1
0
2
-1
1
1
1
-1
0
0
-1
-2
-3
0
-2
0
0
-1
1
-1
-1
-1
-2
-1
-2
-1
-1
2
1
0
-1
0
0
-1
-1
1
2
1
2
2
3
2
1
1
0
0
0
-1
-2
-3
-2
-1
-1
0
-1
-2
-3
1
-1
-2
0
0
0
0
-2
0
0
-1
-1
0
-1
-5
-2
4
-2
1
-3
1
9
4
13
4
3
4
-2
6
3
4
7
10
-4
1
7
-2
15
0
-7
-21
-4
19
2
19
-7
0
-8
-27
-16
-7
5
-16
-2
1
-25
-67
-163
-94
-590
-1478
-833
733
1126
-29
-2376
-3252
-1262
782
304
-627
1352
3252
2119
-1093
-2974
-566
3258
4781
1696
-1513
96
1687
247
-977
825
2816
2688
1438
172
-17
309
276
18
784
1362
263
-430
-163
-108
-624
-866
-184
449
207
-343
-786
-1537
-1734
-1391
-1355
-1630
-1851
-1213
-981
-2002
-2767
-2916
-2893
-3070
-2769
-1969
-1561
-1408
-1386
-1565
-1520
-776
-197
226
965
1879
2450
2443
2628
3083
3587
4147
4338
4549
4944
4845
4411
4167
4077
3636
3786
3920
3743
3329
2936
2192
-153
-3273
-4935
-4003
-4198
-5733
-7037
-6962
-7744
-8443
-7960
-8076
-9122
-9176
-7550
-5719
-5257
-4957
-3444
-1528
-207
825
2534
3279
3629
5035
7331
7655
7294
7645
7960
8025
8261
8087
6324
4737
4337
4339
3395
2194
841
-186
-380
-737
-973
-1154
-1473
-1081
1
722
233
482
1328
2197
3196
5298
4833
819
-2686
-2141
-187
-1297
-3956
-4916
-4110
-4896
-5917
-6066
-7278
-10612
-11394
-8680
-7059
-8782
-8721
-6335
-4726
-4481
-3119
-1827
-2285
-1825
1340
4487
4631
4580
6227
7875
7627
7423
7693
7085
6128
6763
6791
4476
2208
2108
2133
750
-367
-730
-1269
-2074
-1706
-1033
-1252
-2028
-1189
734
1519
1599
2506
3804
4218
4831
6285
7108
7670
6393
3584
567
786
1058
-1216
-3338
-3744
-3912
-5747
-6495
-7256
-9346
-11986
-12266
-10612
-9853
-10373
-9372
-7098
-5753
-5694
-3846
-2418
-2497
-1610
1820
4187
4371
5715
7389
7942
7877
8849
8977
7867
7270
7506
7362
5993
4623
3970
3095
1837
967
809
-20
-591
408
1812
1599
1414
1922
2571
2301
3769
3989
745
-3411
-3072
-755
-2276
-4967
-5275
-4274
-5696
-6547
-5956
-6929
-10334
-11195
-8455
-6604
-7753
-7367
-4861
-3351
-3446
-1581
403
-382
-718
2068
4649
4333
4910
7043
7678
7114
7591
8157
6658
5161
5170
5152
3841
2227
1915
1223
-197
-1236
-1113
-1896
-3187
-2564
-589
87
268
1528
2590
2865
3135
4439
5009
6156
5454
3076
628
1038
1292
-1300
-3396
-3605
-3472
-5181
-5923
-5974
-7654
-10522
-10796
-8978
-8799
-10141
-8803
-6355
-5534
-5180
-2584
-1173
-2304
-1712
1382
3065
2856
4592
7131
7855
8043
9328
9488
7800
6601
6798
6200
4643
3727
3594
2701
1356
1019
772
-782
-1944
-1091
111
99
344
1983
2765
2912
3563
5565
4753
598
-2445
-1529
-393
-3058
-4772
-3964
-3338
-4894
-4870
-4401
-6905
-10543
-10562
-8267
-7926
-8834
-7223
-4534
-3632
-3249
-904
46
-1521
-1498
1470
2944
2610
4356
6901
7519
7555
8854
8730
6621
5236
5406
4781
3170
2360
2613
1913
856
619
541
-1374
-2830
-1965
-695
-443
136
2199
3198
3502
4287
5891
6408
3965
700
-907
117
-508
-2768
-3848
-3209
-3428
-4658
-4695
-5483
-8428
-11002
-10303
-8815
-9443
-9844
-7654
-5187
-4455
-3356
-1098
-988
-2113
-968
1771
2386
2612
4942
7164
7732
8541
9866
9168
7302
6634
6580
5100
3308
2917
2957
2104
1397
1524
761
-1096
-1895
-1099
-834
-851
-38
1704
2399
3155
4294
5895
5385
2057
-993
-1312
-606
-3005
-5092
-4667
-3403
-4219
-4534
-4032
-5683
-9110
-10124
-8671
-8515
-10076
-9095
-6174
-4315
-3476
-972
676
-525
-750
1508
2620
1488
2501
5331
6685
7369
9051
9924
8428
7157
6935
5604
3282
1851
2045
1408
690
802
1196
-29
-1277
-938
-591
-1375
-1314
-36
1249
1773
3280
4833
6034
6077
3786
846
-740
-327
-2589
-5022
-5356
-3805
-4190
-4658
-3965
-4763
-7747
-9291
-8308
-8449
-10445
-10013
-7210
-5176
-4259
-1611
751
321
156
1969
2885
1403
1805
4139
5466
6175
8209
9627
8669
7787
7872
6392
3690
1768
1636
497
-308
-214
545
-72
-667
-29
257
-501
-745
232
1108
1352
2692
4316
5878
6433
4907
2388
763
882
-1787
-4702
-5697
-4627
-5337
-5647
-4453
-4704
-7072
-8315
-7366
-7901
-10196
-10390
-8268
-6666
-5804
-2957
-15
252
799
3068
4223
2433
2492
4176
4816
5030
6852
8438
7903
8071
8582
7744
5111
3231
2179
583
-957
-1513
-1054
-1425
-1612
-775
136
-153
-162
862
1197
1119
1775
3179
4014
5512
5635
3773
1677
2079
1247
-2176
-4597
-4462
-4642
-6123
-5713
-5027
-6270
-8174
-7350
-6478
-8157
-10021
-8806
-7172
-6815
-5578
-2424
-993
-641
1537
4064
3786
2895
4256
5105
4759
5391
7105
7304
6930
7968
8307
6767
4815
3993
2695
504
-793
-1151
-1544
-2470
-1866
-753
-244
-290
919
1836
2019
2135
3056
3568
4332
4992
3572
1497
1100
1757
-904
-3573
-4091
-3656
-5392
-6017
-5248
-6002
-8221
-8207
-6629
-7383
-9306
-8731
-6692
-6246
-5769
-3280
-1255
-1246
236
3122
3849
2619
3651
5316
5149
5144
6776
7309
6335
6929
7862
6849
4756
3980
3318
1489
-163
-765
-1203
-2361
-2545
-1415
-694
-866
-2
1610
2132
2204
3210
4158
4404
5220
4518
2341
819
1679
123
-2911
-3953
-3270
-4297
-5699
-4929
-5053
-7061
-8167
-6802
-6838
-8915
-9464
-7450
-6435
-6411
-4647
-1858
-1515
-848
1934
3810
2644
2773
4830
5237
4692
5771
7026
6421
6485
7726
7502
5704
4594
4142
2611
522
-388
-973
-1908
-2717
-1766
-950
-901
-415
1274
2193
2349
2927
3912
3984
4780
4581
2827
730
1141
637
-2284
-3869
-3443
-3677
-5578
-5206
-4791
-6264
-7890
-6915
-6239
-8031
-9092
-7559
-6333
-6510
-5426
-2518
-1630
-1288
1079
3652
3113
2450
4354
5116
4508
4805
6452
6009
5681
6942
7518
6114
4815
4732
3493
1474
184
-322
-1447
-2611
-2294
-1480
-1345
-1034
637
1953
2305
2866
4009
4221
4456
5065
3832
1362
553
1226
-1019
-3673
-3953
-3305
-4883
-5607
-4511
-4903
-6952
-7130
-5812
-6720
-8699
-8231
-6525
-6469
-6296
-4005
-1977
-1909
-334
2575
3492
2364
3361
4988
4502
4001
5165
5825
4860
5592
6926
6549
5062
4903
4742
2862
1167
413
-361
-2021
-2544
-1962
-1662
-1568
-389
1510
2287
2963
3904
4711
4561
5198
5141
3095
856
903
608
-2332
-4234
-3755
-3771
-5511
-5305
-4470
-5642
-7274
-6350
-5725
-7427
-8670
-7421
-6498
-6806
-5892
-3485
-2270
-1733
641
2928
3018
2633
4323
4939
4174
4221
5399
5039
4390
5647
6378
5559
4674
5126
4364
2660
1521
784
-481
-1899
-1867
-1688
-1677
-1423
153
1655
2398
3442
4614
5199
5180
6005
5032
2424
629
900
-950
-4152
-4993
-4254
-5238
-6439
-5259
-4764
-6200
-6769
-5449
-5755
-7698
-8014
-6662
-6640
-6939
-5345
-2993
-2392
-1149
1675
3307
2951
3558
5415
5045
4197
4611
5297
4174
4088
5285
5318
4394
4438
4986
3809
2452
1951
1404
-168
-1255
-1136
-1147
-1437
-808
869
1879
2713
4060
5460
5670
6213
6149
4297
1736
939
-111
-3394
-5653
-5720
-5815
-7347
-6890
-5652
-5929
-6819
-5774
-4940
-6399
-7585
-6828
-6253
-7013
-6453
-4400
-3156
-2413
323
2915
3477
3796
5836
6504
5436
5357
5912
5130
3912
4614
4769
3884
3458
4199
3874
2663
2265
2010
827
-637
-933
-1158
-1861
-2039
-804
207
969
2320
4209
5062
5798
6949
6132
3756
2131
1880
-1000
-4411
-5594
-5480
-6975
-7826
-6283
-5688
-6490
-6096
-4185
-4484
-6118
-6085
-5261
-6033
-6815
-5482
-4117
-3916
-2435
730
2348
2646
4330
6499
6312
5765
6421
6291
4632
4116
4669
3765
2589
2891
3520
2598
1928
2179
1910
613
-118
-101
-787
-1639
-1501
-554
-264
470
2153
3699
4354
5564
7093
6103
4023
3030
2736
-503
-3699
-4800
-5306
-7293
-7980
-6662
-6570
-7212
-6193
-4208
-4631
-5692
-5195
-4580
-5599
-6191
-5121
-4442
-4495
-3021
-426
820
1367
3481
5601
5763
5808
6831
6819
5340
4997
5198
4026
2629
2757
2877
1821
1447
1919
1762
890
865
1111
573
-123
23
586
596
1136
2204
3332
3792
5196
5879
4873
3376
3299
2200
-1238
-3506
-4141
-5451
-7916
-7921
-7271
-7897
-8259
-6447
-5152
-5839
-5804
-4485
-4187
-5145
-4914
-3855
-3910
-3948
-2138
-279
56
989
3564
5012
4975
5921
7227
6744
5795
6212
5866
4094
3156
3343
2569
1185
1174
1458
864
232
771
1031
473
274
992
1379
1142
1805
2781
3253
3420
4798
5000
3626
2477
2739
1368
-1701
-3284
-3772
-5408
-7556
-7380
-7164
-8091
-8302
-6595
-5834
-6417
-5869
-4439
-4329
-4962
-4228
-3246
-3403
-3182
-1436
-155
-18
1085
3325
4306
4416
5623
6873
6455
5983
6635
6282
4655
3880
3964
2884
1448
1312
1202
317
-203
472
464
-43
126
1059
1430
1350
2158
2922
3245
3399
4719
4747
3239
2143
2484
1284
-1656
-3087
-3501
-5130
-7030
-6753
-6670
-7844
-8048
-6490
-5939
-6488
-5983
-4743
-4647
-4948
-4136
-3182
-3290
-3165
-1610
-320
-18
818
2775
3792
4084
5204
6417
6230
5824
6429
6230
4929
4081
4083
3133
1771
1397
1258
437
-201
210
254
-179
-56
800
1274
1417
2167
2972
3327
3693
4763
4933
3613
2598
2681
1697
-1016
-2743
-3287
-4664
-6532
-6714
-6573
-7584
-7993
-6712
-5942
-6360
-6026
-4885
-4592
-4833
-4202
-3442
-3515
-3457
-2170
-919
-462
355
2053
3252
3731
4817
6043
6176
5884
6349
6421
5315
4443
4194
3375
2011
1523
1344
572
-49
212
421
9
104
742
1285
1393
2099
2885
3277
3506
4392
4894
3856
2764
2606
2117
-310
-2211
-2934
-3978
-5965
-6606
-6427
-7208
-7907
-7087
-6074
-6354
-6296
-5306
-4653
-4839
-4484
-3637
-3487
-3595
-2686
-1322
-839
-409
1025
2549
3234
4141
5460
6005
5909
6363
6718
5875
4887
4578
4006
2730
1971
1721
1014
220
227
464
134
-11
541
1149
1408
1923
2765
3222
3438
4061
4740
4179
2968
2437
2141
498
-1630
-2722
-3591
-5265
-6493
-6518
-6871
-7699
-7511
-6480
-6154
-6209
-5550
-4768
-4620
-4497
-3858
-3441
-3466
-3068
-2002
-1111
-625
353
1777
2872
3663
4758
5624
5832
6000
6384
6179
5333
4709
4307
3505
2518
1927
1384
647
246
317
237
-37
150
691
1173
1585
2221
2788
3210
3663
4252
4495
3801
2842
2307
1781
-11
-1932
-3021
-3983
-5606
-6519
-6494
-6982
-7674
-7228
-6134
-5954
-5966
-5225
-4453
-4394
-4251
-3538
-3196
-3372
-2967
-1777
-984
-652
360
1839
2795
3517
4701
5562
5641
5826
6285
6043
5140
4582
4233
3358
2337
1770
1277
525
117
203
188
35
294
932
1440
1852
2475
3100
3406
3670
4233
4434
3565
2581
2274
1678
-265
-2082
-2981
-4049
-5663
-6418
-6452
-7088
-7630
-6935
-5970
-5960
-5978
-5176
-4492
-4425
-4176
-3546
-3382
-3417
-2651
-1526
-1002
-597
550
1806
2619
3570
4643
5160
5301
5917
6372
5938
5142
4807
4396
3451
2608
2077
1331
473
306
424
103
-214
124
639
946
1434
2123
2621
2958
3525
4123
4361
3763
2909
2333
1808
309
-1545
-2751
-3704
-5032
-6046
-6260
-6667
-7231
-7006
-6187
-5864
-5838
-5264
-4554
-4299
-4160
-3619
-3214
-3229
-2927
-1980
-1227
-872
-84
1204
2142
2893
3920
4759
5094
5485
6023
5927
5367
4926
4595
3858
2970
2307
1695
981
445
340
211
-67
-89
284
651
1000
1536
2125
2610
3096
3592
3992
4138
3617
2784
2241
1715
138
-1670
-2687
-3498
-4885
-5868
-6020
-6429
-7039
-6762
-5896
-5754
-5915
-5336
-4486
-4283
-4204
-3593
-3161
-3221
-2820
-1742
-1169
-1039
-200
1150
1951
2610
3692
4492
4725
5232
5903
5794
5201
4935
4753
4051
3277
2715
2065
1185
702
594
270
-226
-250
168
410
690
1274
1884
2347
2842
3396
3706
3969
3662
2946
2324
1952
727
-1083
-2256
-3017
-4250
-5496
-5870
-6143
-6770
-6820
-6128
-5736
-5934
-5559
-4720
-4359
-4390
-3936
-3341
-3327
-3105
-2225
-1530
-1374
-689
552
1363
1998
3028
3988
4423
5015
5792
5938
5645
5487
5418
4754
3955
3340
2701
1808
1049
729
282
-172
-363
-108
51
251
805
1387
1990
2540
3117
3411
3824
4072
3522
2760
2328
1749
67
-1402
-2199
-3199
-4731
-5579
-5683
-6291
-6929
-6620
-5970
-6041
-6103
-5281
-4670
-4693
-4472
-3703
-3499
-3638
-2958
-2081
-1857
-1606
-459
609
1193
2094
3294
4062
4571
5455
6117
6061
5887
5917
5659
4811
4056
3442
2560
1564
980
585
-89
-479
-329
-150
-160
177
836
1254
1674
2400
2926
3056
3361
3922
3610
2770
2367
2144
794
-887
-1683
-2440
-4069
-5299
-5420
-5906
-6952
-6963
-6231
-6271
-6569
-5844
-5094
-5121
-4866
-3979
-3646
-3774
-3152
-2152
-1818
-1576
-617
443
1100
2003
3222
4026
4593
5487
6283
6364
6238
6262
5940
5121
4376
3796
2840
1725
1052
671
73
-461
-502
-421
-431
-161
416
850
1204
1949
2676
3034
3289
3891
4079
3466
2839
2579
1821
141
-1206
-1988
-3233
-4837
-5643
-5923
-6779
-7409
-7080
-6683
-6828
-6605
-5789
-5382
-5206
-4594
-3895
-3701
-3461
-2634
-1882
-1464
-861
166
1107
1895
2920
3922
4600
5185
5930
6368
6273
6110
5950
5473
4663
3960
3259
2315
1388
760
255
-307
-680
-736
-679
-514
-125
408
899
1475
2240
2876
3229
3555
4059
4176
3564
2876
2494
1741
148
-1264
-2155
-3347
-4864
-5724
-6072
-6843
-7479
-7244
-6824
-6857
-6682
-5947
-5410
-5151
-4553
-3755
-3376
-3094
-2278
-1378
-911
-406
545
1426
2031
2858
3795
4367
4775
5415
5895
5847
5684
5573
5202
4491
3802
3163
2352
1503
881
414
-80
-420
-448
-360
-265
27
535
1036
1510
2122
2773
3194
3414
3710
3996
3707
2902
2260
1765
634
-953
-2068
-2967
-4324
-5580
-6087
-6552
-7354
-7638
-7236
-6968
-6924
-6428
-5640
-5132
-4656
-3855
-3128
-2808
-2355
-1516
-857
-521
70
935
1544
2127
3049
3855
4240
4763
5474
5743
5659
5648
5528
5003
4389
3857
3176
2334
1600
1104
602
115
-137
-137
-109
-27
336
741
1055
1482
2075
2508
2680
2898
3139
3248
2923
2307
1730
1189
236
-1096
-2128
-3016
-4238
-5361
-5863
-6296
-7055
-7320
-6948
-6653
-6588
-6149
-5425
-4918
-4468
-3770
-3086
-2751
-2379
-1604
-880
-510
15
911
1576
2119
3025
3852
4164
4602
5372
5652
5500
5553
5534
5017
4467
4121
3479
2585
1928
1523
1043
496
169
79
48
21
146
362
479
674
1060
1410
1610
1839
2085
2219
2421
2379
1834
1242
936
231
-1058
-2060
-2810
-3913
-5015
-5503
-5899
-6633
-6969
-6674
-6374
-6340
-6019
-5307
-4749
-4301
-3585
-2783
-2402
-1998
-1124
-421
-138
367
1224
1730
2159
3029
3754
4000
4425
5185
5454
5299
5364
5385
4914
4361
4070
3520
2628
1969
1602
1087
444
67
-89
-260
-359
-260
-88
-9
199
611
971
1200
1498
1827
1972
2146
2342
2090
1511
1160
813
-189
-1371
-2159
-3031
-4275
-5165
-5551
-6177
-6878
-6867
-6430
-6299
-6164
-5484
-4737
-4265
-3610
-2720
-2175
-1856
-1143
-328
53
354
1019
1603
1917
2492
3245
3597
3816
4444
5035
5104
5091
5231
5085
4616
4247
3840
3068
2240
1715
1263
656
143
-125
-309
-431
-358
-215
-216
-155
205
593
728
905
1315
1571
1602
1805
2060
1737
1105
843
600
-326
-1478
-2157
-2806
-3874
-4720
-5041
-5513
-6198
-6251
-5809
-5690
-5672
-5099
-4350
-3924
-3400
-2611
-2087
-1802
-1205
-468
-119
138
720
1311
1669
2156
2824
3245
3514
4051
4605
4750
4747
4916
4934
4592
4230
3925
3359
2606
2041
1590
990
390
45
-151
-357
-419
-315
-248
-207
50
402
557
684
1027
1296
1325
1452
1769
1666
1137
841
740
110
-947
-1652
-2183
-3103
-4025
-4415
-4758
-5470
-5816
-5530
-5320
-5429
-5198
-4573
-4142
-3785
-3151
-2553
-2281
-1883
-1132
-579
-321
98
777
1292
1742
2435
3061
3404
3824
4504
4916
4900
4953
5054
4839
4400
4092
3644
2895
2245
1833
1328
671
227
-48
-355
-574
-600
-585
-677
-621
-382
-159
-17
198
556
820
1017
1295
1636
1756
1553
1402
1305
926
129
-605
-1196
-2071
-3071
-3739
-4218
-4975
-5599
-5630
-5559
-5703
-5660
-5181
-4759
-4451
-3851
-3150
-2662
-2198
-1391
-622
-134
415
1133
1738
2174
2776
3349
3637
3948
4439
4790
4772
4802
4868
4658
4256
3888
3421
2672
2006
1500
885
206
-264
-512
-834
-1053
-1041
-952
-922
-774
-402
-81
192
550
1033
1480
1786
2090
2374
2605
2544
2283
1982
1579
853
-113
-934
-1817
-2930
-3976
-4694
-5361
-6135
-6515
-6513
-6473
-6394
-5956
-5273
-4731
-4112
-3303
-2521
-1935
-1312
-509
126
610
1168
1838
2363
2735
3214
3679
3959
4138
4388
4564
4473
4332
4224
3991
3535
3070
2651
2070
1435
932
493
-12
-397
-536
-657
-761
-683
-452
-280
-123
203
559
826
1089
1466
1837
2042
2195
2366
2470
2273
1870
1468
997
245
-699
-1509
-2288
-3252
-4163
-4772
-5296
-5938
-6292
-6232
-6119
-6041
-5645
-4958
-4355
-3758
-2950
-2158
-1588
-998
-270
289
653
1112
1626
1961
2246
2672
3006
3138
3355
3683
3807
3741
3776
3808
3590
3292
3077
2730
2204
1773
1472
1066
624
379
281
152
80
161
252
297
426
614
684
705
850
986
1000
1092
1276
1289
1213
1343
1369
967
538
334
-146
-1035
-1718
-2206
-3015
-3894
-4307
-4609
-5206
-5558
-5398
-5261
-5286
-4978
-4355
-3918
-3501
-2783
-2068
-1642
-1169
-468
48
331
729
1221
1514
1739
2142
2499
2673
2910
3294
3542
3611
3756
3913
3887
3741
3633
3436
3052
2651
2313
1903
1392
960
641
333
40
-141
-229
-312
-329
-258
-197
-168
-79
79
167
264
463
636
705
836
1045
1010
787
642
472
-39
-692
-1186
-1777
-2580
-3271
-3701
-4217
-4789
-5007
-4987
-5032
-5010
-4645
-4184
-3843
-3353
-2666
-2095
-1683
-1110
-474
-78
239
708
1158
1406
1720
2204
2573
2823
3201
3657
3889
4007
4208
4313
4172
3953
3777
3446
2941
2477
2059
1547
978
545
192
-184
-495
-649
-718
-814
-806
-663
-539
-478
-336
-96
48
131
333
571
660
718
925
1020
848
675
590
284
-299
-786
-1211
-1883
-2627
-3117
-3547
-4159
-4600
-4690
-4756
-4879
-4724
-4295
-3944
-3572
-2932
-2239
-1741
-1210
-491
97
468
918
1451
1782
2006
2387
2742
2872
3020
3326
3501
3458
3494
3583
3445
3173
3008
2804
2367
1942
1671
1325
856
518
328
59
-222
-319
-349
-461
-512
-394
-286
-268
-149
109
301
419
671
984
1140
1237
1439
1537
1350
1102
897
468
-231
-876
-1447
-2216
-3030
-3590
-4037
-4575
-4948
-4970
-4942
-4944
-4708
-4231
-3823
-3427
-2813
-2164
-1674
-1180
-557
-47
293
683
1105
1396
1609
1923
2252
2467
2696
3024
3305
3457
3612
3778
3792
3654
3503
3305
2928
2455
2044
1617
1079
592
265
-41
-365
-538
-555
-586
-615
-513
-364
-299
-236
-111
-36
-23
48
132
168
249
410
520
594
755
851
763
646
550
232
-281
-713
-1174
-1842
-2492
-2936
-3412
-3956
-4255
-4343
-4472
-4522
-4273
-3920
-3638
-3207
-2587
-2036
-1574
-1000
-396
25
389
833
1212
1441
1702
2042
2291
2472
2738
3024
3194
3326
3496
3593
3556
3476
3376
3162
2843
2503
2138
1704
1231
801
404
10
-331
-568
-731
-853
-898
-845
-756
-662
-518
-327
-139
29
224
455
664
818
964
1112
1145
1030
877
677
290
-234
-728
-1246
-1899
-2538
-3020
-3472
-3969
-4284
-4377
-4455
-4498
-4302
-3954
-3658
-3300
-2761
-2222
-1798
-1313
-738
-283
77
518
975
1302
1613
2020
2378
2642
2931
3250
3465
3580
3702
3764
3693
3541
3370
3117
2758
2385
2009
1589
1144
754
402
54
-230
-425
-574
-695
-729
-705
-692
-663
-579
-497
-465
-416
-317
-233
-188
-79
103
237
335
507
691
718
667
655
541
208
-183
-522
-1011
-1656
-2207
-2664
-3225
-3763
-4050
-4219
-4410
-4426
-4168
-3861
-3558
-3060
-2431
-1891
-1377
-752
-155
283
708
1187
1568
1833
2137
2460
2680
2857
3084
3282
3381
3460
3541
3542
3446
3320
3144
2864
2517
2141
1729
1266
800
367
-35
-408
-713
-934
-1094
-1198
-1216
-1168
-1090
-978
-808
-623
-458
-269
-50
132
276
468
656
753
817
926
944
806
664
512
191
-264
-662
-1087
-1673
-2243
-2665
-3096
-3574
-3871
-3980
-4085
-4126
-3930
-3612
-3325
-2941
-2397
-1862
-1396
-868
-293
175
573
1012
1424
1719
1996
2310
2566
2746
2941
3138
3254
3301
3342
3325
3204
3016
2807
2530
2174
1808
1454
1078
695
370
104
-149
-358
-481
-563
-636
-663
-632
-610
-609
-576
-521
-498
-486
-430
-350
-283
-196
-54
119
265
406
572
708
736
688
623
465
141
-242
-614
-1081
-1652
-2151
-2563
-3027
-3458
-3682
-3801
-3922
-3902
-3670
-3388
-3108
-2674
-2130
-1648
-1190
-640
-98
314
704
1148
1510
1767
2055
2365
2578
2742
2957
3150
3229
3279
3340
3313
3175
3014
2822
2526
2166
1814
1450
1036
634
297
-17
-321
-558
-714
-845
-950
-987
-977
-965
-940
-871
-781
-707
-621
-492
-349
-217
-70
122
310
462
601
750
836
808
733
629
400
38
-330
-715
-1220
-1750
-2183
-2595
-3043
-3379
-3539
-3662
-3739
-3637
-3387
-3130
-2815
-2357
-1858
-1419
-958
-426
40
415
810
1214
1522
1768
2059
2332
2509
2675
2882
3023
3073
3133
3177
3115
2984
2854
2670
2387
2087
1797
1462
1088
757
449
125
-172
-407
-616
-814
-960
-1052
-1138
-1192
-1195
-1176
-1148
-1074
-963
-854
-710
-512
-315
-121
107
351
538
698
858
939
899
806
672
402
18
-372
-792
-1310
-1821
-2239
-2640
-3035
-3291
-3404
-3471
-3458
-3284
-3011
-2725
-2370
-1918
-1468
-1058
-612
-150
246
599
968
1315
1597
1866
2144
2381
2573
2756
2919
3022
3070
3089
3048
2932
2764
2555
2285
1971
1644
1302
949
611
306
27
-221
-420
-581
-706
-796
-842
-871
-890
-873
-844
-812
-781
-725
-657
-602
-529
-421
-305
-206
-74
88
217
308
420
507
487
413
333
165
-130
-444
-745
-1131
-1565
-1911
-2199
-2516
-2759
-2834
-2853
-2854
-2725
-2463
-2207
-1940
-1573
-1184
-875
-568
-209
92
307
546
819
1022
1188
1422
1671
1852
2039
2288
2502
2626
2754
2890
2922
2860
2797
2699
2473
2194
1944
1646
1261
904
607
277
-73
-335
-529
-756
-949
-1032
-1094
-1190
-1228
-1180
-1166
-1180
-1111
-1004
-952
-884
-718
-556
-439
-259
-16
169
311
502
661
689
659
626
487
204
-99
-403
-812
-1269
-1643
-1981
-2347
-2636
-2764
-2845
-2890
-2798
-2577
-2348
-2085
-1720
-1326
-978
-627
-231
116
400
690
987
1224
1428
1663
1890
2066
2239
2440
2606
2710
2809
2893
2898
2827
2734
2594
2364
2079
1788
1462
1082
703
358
11
-333
-626
-857
-1066
-1251
-1363
-1420
-1461
-1475
-1426
-1350
-1281
-1186
-1042
-897
-768
-609
-408
-227
-63
136
345
503
627
762
854
841
782
703
531
259
-39
-343
-725
-1141
-1497
-1822
-2161
-2435
-2587
-2684
-2743
-2689
-2521
-2329
-2095
-1766
-1401
-1060
-702
-305
68
388
715
1043
1315
1544
1787
2008
2167
2309
2450
2546
2583
2603
2601
2537
2420
2281
2106
1873
1614
1346
1055
741
441
160
-114
-366
-572
-744
-888
-991
-1046
-1076
-1080
-1047
-993
-931
-856
-749
-642
-536
-409
-268
-132
0
146
286
397
488
567
601
564
488
377
193
-61
-341
-633
-971
-1319
-1625
-1898
-2155
-2348
-2440
-2481
-2476
-2382
-2210
-2010
-1781
-1496
-1190
-905
-614
-305
-23
226
476
729
954
1155
1369
1583
1770
1943
2123
2278
2382
2467
2524
2523
2467
2371
2237
2050
1818
1567
1299
1007
710
427
156
-109
-343
-546
-722
-875
-990
-1071
-1129
-1156
-1158
-1134
-1090
-1026
-941
-838
-716
-576
-417
-247
-64
124
311
489
646
779
866
912
903
827
692
495
240
-72
-416
-781
-1162
-1529
-1861
-2146
-2377
-2531
-2599
-2595
-2513
-2362
-2148
-1895
-1615
-1312
-1011
-718
-439
-173
73
302
522
732
935
1134
1339
1539
1731
1912
2079
2224
2332
2400
2435
2421
2357
2248
2101
1911
1690
1453
1198
929
663
409
164
-66
-271
-443
-602
-726
-813
-881
-927
-943
-926
-893
-843
-763
-660
-553
-436
-297
-152
-21
111
245
354
430
481
506
469
378
252
86
-145
-412
-684
-978
-1287
-1573
-1815
-2036
-2217
-2318
-2359
-2358
-2295
-2156
-1976
-1775
-1533
-1256
-982
-714
-431
-146
109
355
612
853
1070
1291
1512
1710
1890
2063
2213
2324
2402
2451
2455
2405
2315
2191
2019
1800
1563
1310
1032
745
471
206
-50
-283
-484
-661
-815
-934
-1016
-1075
-1115
-1116
-1093
-1052
-992
-905
-802
-694
-566
-424
-276
-131
25
178
323
455
577
673
733
760
750
686
570
421
222
-29
-302
-583
-880
-1181
-1448
-1684
-1897
-2057
-2149
-2195
-2196
-2136
-2024
-1882
-1715
-1511
-1293
-1074
-850
-609
-371
-141
97
345
589
829
1079
1326
1559
1781
1991
2168
2307
2411
2477
2485
2442
2354
2220
2035
1814
1571
1302
1020
742
474
217
-16
-219
-386
-531
-645
-718
-765
-795
-799
-776
-740
-697
-632
-553
-469
-374
-265
-145
-34
83
205
312
395
459
498
487
422
317
165
-51
-318
-602
-915
-1249
-1571
-1862
-2122
-2341
-2492
-2565
-2584
-2538
-2414
-2232
-2016
-1762
-1472
-1170
-867
-566
-261
24
293
558
811
1051
1276
1499
1711
1902
2080
2239
2365
2454
2511
2523
2491
2413
2291
2137
1939
1715
1473
1218
956
697
449
209
-14
-213
-393
-553
-690
-803
-898
-972
-1026
-1061
-1077
-1074
-1049
-1002
-934
-841
-726
-590
-438
-273
-101
73
239
393
523
622
690
714
687
612
485
309
92
-161
-443
-740
-1034
-1314
-1569
-1788
-1958
-2076
-2134
-2138
-2090
-1993
-1858
-1689
-1500
-1295
-1086
-869
-651
-435
-218
5
231
461
700
945
1193
1439
1675
1896
2098
2264
2389
2467
2494
2467
2386
2254
2077
1861
1612
1346
1066
789
519
264
32
-176
-357
-506
-628
-722
-789
-829
-845
-839
-814
-769
-706
-630
-542
-444
-337
-224
-107
5
115
217
306
379
426
449
445
402
319
198
36
-166
-401
-665
-939
-1220
-1494
-1743
-1954
-2125
-2245
-2299
-2294
-2234
-2114
-1947
-1743
-1509
-1257
-995
-733
-476
-227
11
239
458
671
879
1085
1287
1488
1680
1864
2034
2180
2296
2376
2417
2410
2356
2250
2104
1915
1691
1443
1180
907
631
365
115
-118
-325
-504
-656
-776
-870
-935
-973
-986
-973
-942
-891
-823
-739
-642
-535
-423
-305
-187
-69
50
155
254
341
406
452
475
465
424
343
223
65
-125
-346
-588
-842
-1098
-1344
-1570
-1759
-1906
-2003
-2046
-2029
-1957
-1836
-1674
-1474
-1250
-1009
-761
-514
-271
-40
181
393
590
775
954
1121
1280
1426
1560
1676
1768
1837
1870
1877
1853
1793
1703
1581
1433
1266
1088
900
708
519
342
171
23
-110
-223
-313
-381
-430
-459
-471
-471
-459
-437
-411
-377
-342
-299
-251
-203
-145
-83
-20
43
108
170
224
271
307
322
316
281
219
126
0
-158
-339
-539
-754
-970
-1182
-1375
-1544
-1677
-1770
-1827
-1837
-1803
-1727
-1618
-1478
-1316
-1135
-940
-741
-544
-352
-159
26
207
382
554
722
886
1048
1207
1357
1492
1612
1712
1785
1829
1835
1808
1741
1637
1503
1343
1163
966
768
569
379
203
46
-92
-206
-299
-370
-418
-451
-466
-468
-457
-432
-399
-357
-308
-250
-191
-123
-56
12
80
143
198
246
281
299
302
284
244
177
88
-25
-160
-317
-490
-673
-862
-1047
-1225
-1387
-1520
-1624
-1693
-1720
-1709
-1658
-1569
-1446
-1296
-1126
-939
-745
-549
-354
-169
4
170
322
464
597
721
842
954
1065
1167
1260
1343
1411
1460
1487
1492
1471
1427
1359
1269
1162
1034
901
765
622
484
350
226
116
15
-66
-134
-187
-226
-248
-261
-263
-256
-240
-222
-196
-171
-143
-115
-86
-60
-36
-14
5
23
38
49
54
51
35
7
-39
-101
-185
-296
-420
-565
-719
-881
-1042
-1194
-1333
-1444
-1529
-1580
-1593
-1569
-1506
-1408
-1280
-1129
-954
-768
-574
-380
-191
-7
166
330
480
620
749
864
972
1065
1149
1218
1276
1316
1341
1347
1334
1304
1247
1174
1084
979
861
733
605
476
348
229
122
31
-48
-103
-140
-157
-158
-148
-125
-95
-58
-17
23
61
90
117
143
159
171
175
177
175
167
156
137
111
74
23
-42
-118
-211
-316
-437
-569
-704
-845
-983
-1112
-1232
-1332
-1412
-1467
-1497
-1498
-1470
-1413
-1331
-1228
-1106
-967
-818
-662
-500
-342
-186
-32
115
256
391
521
634
743
847
942
1027
1100
1160
1209
1239
1256
1254
1232
1192
1135
1065
978
887
786
684
582
484
394
317
251
197
158
130
119
118
129
140
158
175
187
189
185
174
150
117
77
29
-21
-78
-131
-186
-239
-293
-345
-400
-459
-518
-585
-653
-730
-812
-896
-981
-1058
-1129
-1190
-1234
-1254
-1253
-1231
-1180
-1109
-1015
-903
-778
-641
-502
-359
-220
-90
27
137
230
310
382
443
496
545
592
634
674
713
746
776
795
807
806
793
768
730
685
629
571
517
468
423
390
374
366
374
398
432
473
516
560
599
631
648
653
640
609
566
504
428
344
255
164
69
-23
-111
-194
-277
-354
-432
-509
-584
-661
-742
-821
-899
-975
-1045
-1112
-1170
-1213
-1245
-1265
-1266
-1252
-1218
-1166
-1100
-1020
-925
-819
-708
-588
-467
-351
-236
-124
-21
74
161
246
318
389
454
514
571
624
672
716
755
788
810
823
826
817
804
775
745
712
674
635
602
575
553
540
535
539
548
563
579
593
596
597
587
566
531
486
431
367
296
226
154
83
17
-48
-111
-171
-229
-286
-344
-405
-474
-549
-628
-714
-802
-890
-974
-1047
-1110
-1160
-1188
-1198
-1190
-1161
-1119
-1066
-1004
-942
-880
-824
-775
-728
-683
-634
-576
-504
-418
-309
-183
-43
114
276
433
584
720
830
917
978
1007
1014
1000
970
933
892
849
810
778
751
730
713
699
683
669
647
627
600
575
548
519
495
469
447
426
407
384
358
328
294
254
207
154
93
21
-59
-147
-241
-341
-448
-556
-664
-772
-869
-956
-1028
-1083
-1119
-1132
-1122
-1092
-1049
-989
-923
-851
-776
-706
-642
-584
-530
-484
-440
-397
-348
-298
-242
-180
-110
-38
36
111
177
240
295
337
368
392
409
419
425
435
449
467
494
527
562
600
634
668
694
712
721
725
713
698
676
650
620
591
561
529
497
463
428
392
351
312
267
220
167
110
49
-14
-80
-148
-223
-298
-371
-446
-515
-583
-641
-693
-733
-760
-777
-782
-772
-749
-716
-677
-632
-585
-533
-488
-443
-401
-367
-331
-304
-275
-248
-221
-195
-168
-142
-110
-81
-51
-19
7
32
54
77
98
117
133
152
169
187
210
232
253
281
308
333
359
389
416
442
468
493
513
531
545
558
564
560
553
540
522
494
462
423
378
328
273
217
158
101
43
-9
-58
-104
-144
-181
-212
-242
-268
-291
-316
-339
-365
-386
-407
-423
-438
-449
-456
-458
-451
-444
-433
-417
-403
-389
-370
-353
-336
-319
-301
-281
-263
-239
-210
-178
-144
-108
-70
-35
1
36
62
85
105
120
127
131
132
130
129
130
135
140
151
167
186
209
232
257
284
309
331
347
365
375
387
392
395
395
393
386
374
358
340
313
283
248
210
167
121
78
32
-12
-56
-98
-139
-175
-208
-240
-270
-297
-322
-342
-358
-369
-374
-374
-367
-356
-337
-313
-288
-264
-235
-207
-185
-161
-138
-120
-106
-93
-82
-73
-68
-68
-65
-64
-63
-58
-59
-52
-47
-42
-31
-24
-12
-1
10
20
34
48
60
77
88
104
119
135
151
166
179
193
205
216
222
226
231
235
241
240
240
241
240
237
232
226
218
203
187
167
144
115
89
64
34
7
-20
-47
-71
-95
-112
-132
-149
-159
-172
-183
-191
-199
-204
-206
-206
-205
-202
-201
-195
-190
-183
-177
-174
-166
-157
-153
-145
-138
-130
-119
-112
-102
-90
-78
-66
-55
-43
-32
-23
-15
-7
4
11
20
27
35
45
55
66
77
91
101
114
125
135
144
152
162
173
182
192
200
209
220
223
227
230
226
218
204
188
163
138
109
74
40
7
-28
-65
-99
-127
-152
-177
-193
-206
-215
-218
-215
-208
-198
-184
-165
-145
-121
-95
-72
-48
-26
-3
14
27
40
45
50
50
48
42
31
23
12
1
-12
-23
-31
-38
-44
-47
-49
-49
-46
-46
-42
-35
-29
-25
-20
-14
-9
-2
1
3
11
13
17
20
27
33
39
47
56
62
71
79
84
91
93
96
96
88
83
75
69
59
45
32
17
5
-14
-27
-41
-57
-68
-75
-84
-88
-86
-84
-79
-67
-54
-40
-28
-11
6
19
30
37
45
49
50
48
45
39
35
26
21
15
7
2
-3
-6
-10
-14
-19
-21
-18
-18
-17
-15
-14
-16
-15
-15
-21
-28
-33
-41
-47
-53
-57
-57
-56
-50
-43
-34
-28
-18
-9
-5
0
5
9
11
17
27
37
47
57
70
81
92
97
98
93
83
71
54
35
17
2
-11
-21
-26
-28
-31
-30
-30
-34
-40
-44
-56
-65
-73
-79
-81
-75
-64
-51
-35
-14
7
22
36
43
47
47
47
43
45
44
43
48
49
51
50
45
37
25
9
-14
-34
-52
-74
-84
-89
-85
-75
-61
-42
-18
3
21
37
46
49
49
45
37
28
20
16
13
16
21
29
40
47
47
50
47
35
22
5
-15
-34
-56
-69
-77
-80
-77
-73
-63
-51
-40
-29
-24
-23
-29
-34
-37
-46
-48
-45
-39
-27
-12
6
23
40
49
58
64
64
58
51
45
40
34
31
29
32
35
41
43
44
41
35
26
15
6
-8
-15
-20
-22
-22
-19
-16
-11
-3
-1
3
2
1
-4
-8
-11
-14
-12
-12
-8
-3
0
3
4
4
-1
-7
-10
-18
-26
-30
-32
-32
-30
-27
-26
-19
-14
-14
-14
-16
-21
-25
-30
-34
-39
-38
-34
-28
-18
-7
3
16
25
31
38
38
38
36
29
26
26
25
25
32
36
40
43
45
43
37
32
21
15
4
-6
-16
-24
-26
-28
-28
-26
-21
-15
-12
-5
1
4
4
7
5
1
-2
-3
-6
-10
-5
-6
-4
-1
1
1
2
1
-5
-9
-14
-16
-16
-17
-16
-13
-8
-3
4
7
10
10
6
4
1
-5
-8
-11
-10
-9
-6
-1
4
7
13
12
11
8
7
5
1
-3
-3
-2
-4
-2
0
0
2
3
2
-1
1
-1
-2
-1
-2
-2
-2
-1
0
0
0
2
1
3
3
4
5
2
8
6
7
8
8
7
7
6
4
2
1
1
0
-1
0
-1
-1
0
-1
-1
-2
-2
0
1
-4
-1
-3
-3
-3
-5
-3
-6
-5
-6
-7
-6
-8
-8
-10
-9
-8
-10
-9
-7
-8
-9
-9
-5
-4
-2
0
2
4
4
5
8
8
8
8
10
10
11
12
10
10
11
13
12
12
14
13
10
7
2
0
-1
-4
-5
-5
-3
-3
-2
1
-2
-3
-2
-2
-4
-4
-7
-5
-7
-6
-6
-6
-5
-6
-2
-1
-1
0
-1
1
-2
-2
-1
-2
-2
-2
-4
-4
-6
-5
-3
-2
-2
-4
-3
-4
-3
-2
-3
-1
-1
1
0
2
4
5
7
8
6
5
6
5
7
6
4
5
5
3
4
2
2
2
4
4
3
2
2
2
-1
0
-2
0
0
-1
-1
-1
-2
-2
-4
-3
-4
-3
-4
-3
-3
0
-1
-2
0
0
0
-2
1
0
-2
-1
0
-1
-3
-3
-2
-1
-1
-1
-3
-2
-3
-2
-3
-4
-2
-2
-2
-1
-1
0
1
0
1
2
0
1
2
2
3
5
6
5
5
5
7
6
3
2
5
6
5
6
4
3
2
0
-2
-3
-3
-2
-3
-4
-3
-4
-5
-3
-3
-3
-2
-5
-4
-3
-3
-4
-1
-4
-2
-1
-1
0
0
4
3
3
5
3
4
1
3
4
3
3
1
1
1
-1
-1
0
0
-1
-2
-3
-4
-3
-2
-5
-4
-4
-5
-2
-1
-4
-3
-2
0
2
0
4
3
1
0
2
3
2
4
3
4
3
3
5
2
3
4
2
2
1
3
-1
0
1
2
2
0
0
1
2
0
0
0
-2
-1
-2
-1
-1
0
-2
-2
-2
-4
-1
-3
0
2
1
0
2
3
1
0
1
0
0
0
-5
-3
-2
-4
-1
-2
-2
-2
