-2
-1
-1
-2
-1
-3
-3
-3
-1
-4
-1
-2
-3
-3
-1
-2
-4
-2
-1
-3
-4
-4
-4
-1
-2
0
1
2
1
0
1
0
1
1
1
0
0
-1
0
0
0
0
-1
1
3
5
2
4
5
1
2
1
1
-1
1
-2
-2
-1
-2
-1
0
3
-1
2
0
1
1
1
2
3
1
0
1
0
2
1
2
0
2
3
1
0
-1
-1
-2
0
-1
-2
-2
-1
-2
-3
-4
-3
-1
0
2
2
0
0
3
0
2
0
-1
-1
0
0
-1
-1
-2
-1
-2
0
0
-2
-1
1
1
0
0
0
0
0
0
0
0
0
1
0
2
1
3
1
1
1
3
0
1
1
1
0
-3
-1
0
-2
0
1
-2
0
0
-3
0
-2
-1
0
-1
1
-1
-1
0
1
1
-1
1
-1
0
1
-1
1
1
1
0
0
-1
-2
1
-1
-2
-2
-1
1
2
1
-1
1
0
-1
1
1
0
2
1
3
2
1
-1
-2
0
-2
-3
0
1
1
-1
-1
0
2
0
1
0
1
1
0
0
-1
1
-1
0
0
1
2
1
0
1
1
0
-3
0
-1
-1
1
-3
-2
-1
0
0
0
-2
0
3
0
0
0
-1
-2
1
-2
-4
-3
-2
1
3
0
2
0
1
0
2
1
3
1
-1
0
0
3
0
-1
-1
-1
2
2
2
1
3
1
2
2
0
1
0
-2
0
-2
-2
-1
-3
-4
-1
-3
-2
-2
-3
1
-1
1
0
1
0
0
-1
0
-2
1
2
2
1
0
2
1
1
0
0
0
1
0
2
0
1
0
-1
-1
-1
0
-2
1
-1
-2
3
1
1
2
0
1
1
0
1
-3
-2
-1
0
2
-1
-1
-1
-1
1
2
0
-2
-1
-1
-2
1
-1
-1
0
0
-1
-5
-4
-3
-3
-6
-5
-1
3
1
2
0
-2
7
12
7
-1
-4
-2
-3
-7
-7
0
-2
-9
-7
-1
-7
-8
-1
-4
-8
-7
-2
7
19
22
26
23
12
10
8
4
-1
10
29
28
6
-5
-15
-19
-1
17
3
-24
-24
-6
0
-1
12
20
23
24
4
-16
-12
-4
-6
11
14
4
22
31
8
-4
-8
-17
-10
-28
-66
-47
-18
-54
-84
-114
-177
-213
-227
-331
-542
-909
-1559
-2267
-2248
-1013
831
2177
2321
1429
504
361
590
512
111
-499
-755
185
1326
1002
-411
-1139
-403
823
1395
1126
562
473
572
65
-640
-285
1126
2074
1948
1499
1401
1307
655
-245
-351
236
554
423
111
0
-110
-743
-1524
-1799
-1695
-1643
-1868
-1795
-1493
-1628
-2180
-2545
-2354
-2001
-1764
-1362
-856
-632
-636
-835
-820
-459
-79
232
639
930
1075
984
961
1044
1016
1168
1550
1838
1902
1878
2041
2115
1877
1806
1946
2089
2104
2049
1974
1815
1508
1291
1133
1242
1364
1262
700
-451
-1850
-2468
-2487
-2870
-3697
-4001
-3658
-3878
-4454
-4484
-4307
-4595
-4707
-4008
-2955
-2504
-2203
-1410
-327
363
881
1704
2507
2830
3225
3924
4341
4263
4216
4351
4318
3966
3502
3005
2454
1785
1188
746
255
-304
-684
-778
-893
-1153
-1327
-1180
-854
-293
248
823
1291
1674
1930
2346
2798
3192
3265
2585
1158
-69
-185
-491
-1617
-2703
-3035
-3702
-4612
-5194
-5289
-5967
-6857
-7094
-6432
-5845
-5731
-5407
-4275
-3150
-2440
-1420
-135
607
1066
2163
3419
4026
4289
4915
5516
5857
5893
5687
5185
4556
3838
3320
2818
2022
762
-133
-359
-586
-1467
-2217
-2383
-2242
-2185
-1747
-1087
-595
-143
717
1633
2200
2519
2888
3347
3917
4592
5185
4845
3281
1573
1110
935
-398
-2108
-2820
-3277
-4330
-4987
-5083
-5727
-7212
-7888
-7512
-6986
-7035
-6831
-5893
-4523
-3443
-2261
-839
145
425
1166
2559
3562
3982
4712
5719
6324
6608
6728
6399
5560
4700
3949
3270
2390
1314
413
-57
-500
-1214
-1870
-2354
-2722
-2747
-2260
-1672
-1037
-271
519
1122
1767
2302
2751
3266
4026
3902
2721
1434
1225
1039
24
-1204
-1711
-2200
-3294
-4004
-4129
-4566
-5899
-6608
-6347
-5880
-6068
-5862
-4989
-4011
-3392
-2270
-909
-174
40
943
2118
2750
3092
3932
4669
4953
5212
5559
5463
4862
4264
3715
3153
2284
1367
693
424
-68
-653
-1131
-1484
-1885
-1679
-1181
-750
-391
565
1395
2008
2445
2957
3171
3538
3880
3171
1569
404
427
-77
-1201
-2282
-2429
-3132
-4084
-4683
-4617
-5416
-6620
-6945
-6264
-6016
-6159
-5456
-4206
-3319
-2576
-1192
-123
90
302
1402
2519
3082
3588
4504
5205
5465
5676
5934
5579
4661
3844
3352
2610
1616
838
404
-91
-603
-1050
-1381
-1840
-2017
-1878
-1392
-908
-191
722
1537
2206
2712
3329
3599
4125
3898
2755
961
603
480
-463
-1862
-2117
-2319
-3312
-4008
-4015
-4495
-6023
-6791
-6544
-6136
-6453
-6152
-5080
-3861
-3200
-2048
-686
-92
-135
702
1995
2549
2759
3695
4749
5231
5644
6213
6159
5333
4550
4084
3391
2246
1273
756
372
-232
-692
-976
-1370
-1816
-1798
-1527
-1372
-1026
-91
854
1524
2166
2957
3404
3843
4100
3387
1612
463
329
-322
-1666
-2457
-2399
-2939
-3618
-3781
-3823
-5004
-6297
-6560
-6183
-6342
-6547
-5788
-4546
-3623
-2588
-1083
-68
38
486
1518
2247
2356
2903
3788
4501
5020
5705
6150
5883
5219
4561
3991
2990
1778
788
252
-260
-648
-815
-976
-1294
-1252
-923
-761
-800
-325
402
1073
1719
2589
3239
3701
4369
4302
2968
1238
840
227
-1263
-2787
-2779
-3022
-3850
-4219
-3740
-4167
-5581
-6218
-5982
-6129
-6865
-6629
-5531
-4595
-3814
-2226
-581
99
503
1612
2473
2560
2632
3389
3922
4299
4871
5640
5794
5454
5167
4877
4088
2661
1470
613
-136
-925
-1229
-1297
-1469
-1426
-926
-498
-477
-262
409
931
1254
1797
2606
3085
3706
4488
4224
2702
1481
1323
265
-1567
-2826
-2949
-3742
-4546
-4506
-4196
-5016
-5992
-5984
-5781
-6321
-6936
-6541
-5727
-5096
-4154
-2452
-1023
-275
700
2125
2881
3000
3394
4077
4398
4724
5266
5727
5772
5725
5526
5068
4144
2981
1827
852
-99
-891
-1347
-1590
-1731
-1508
-981
-532
-213
348
971
1394
1730
2225
2719
3287
3787
3432
2231
1409
1357
488
-1265
-2435
-2620
-3313
-4228
-4491
-4467
-5284
-6076
-5975
-5652
-6093
-6596
-6213
-5428
-4924
-4180
-2696
-1396
-645
426
1953
2732
2908
3478
4272
4461
4607
5112
5497
5400
5411
5432
5034
4170
3334
2484
1477
423
-459
-1190
-1852
-2210
-2157
-1795
-1547
-1179
-516
404
953
1440
1941
2427
2620
3261
3952
3630
2288
1556
1681
881
-803
-2000
-2205
-3034
-3865
-4113
-4104
-5046
-5836
-5800
-5568
-6003
-6480
-6183
-5522
-4995
-4307
-3016
-1870
-1166
-154
1343
2257
2563
3178
4013
4400
4687
5167
5455
5410
5417
5342
4912
4151
3321
2402
1486
558
-221
-904
-1408
-1694
-1524
-1208
-905
-525
249
950
1489
1956
2498
2869
3423
3838
3198
1803
1121
1129
40
-1619
-2449
-2492
-3316
-4035
-4080
-4126
-5087
-5687
-5454
-5355
-6017
-6359
-5799
-5171
-4876
-4125
-2732
-1630
-838
430
1827
2432
2716
3428
4078
4166
4325
4764
4961
4850
4947
5066
4720
4054
3466
2862
1898
805
-69
-786
-1618
-2151
-2166
-1971
-1885
-1378
-512
303
857
1554
2266
2650
2862
3272
3911
3537
2434
1520
1650
872
-620
-1771
-1871
-2607
-3542
-3817
-3894
-4663
-5508
-5475
-5478
-5873
-6418
-6180
-5723
-5271
-4758
-3667
-2571
-1753
-722
700
1680
2150
2853
3726
4081
4325
4818
5175
5140
5190
5277
5038
4566
4028
3423
2594
1662
782
142
-559
-1296
-1743
-1683
-1663
-1457
-921
-105
380
1066
1841
2522
2843
3385
3884
3330
2087
1249
1279
138
-1478
-2470
-2282
-3074
-3880
-3927
-3694
-4463
-5102
-4802
-4824
-5558
-6147
-5747
-5448
-5280
-4791
-3597
-2588
-1701
-386
1141
1960
2384
3260
4057
4169
4144
4569
4744
4632
4663
4858
4600
4169
3831
3331
2504
1550
791
-34
-763
-1477
-1700
-1761
-1582
-1220
-368
524
1126
1856
2626
3291
3443
3949
3749
2796
1438
1157
439
-1124
-2572
-2765
-3014
-3891
-4160
-3890
-4076
-4916
-4874
-4642
-5016
-5912
-5901
-5525
-5386
-5214
-4261
-3107
-2243
-1098
511
1777
2346
3078
4008
4470
4395
4574
4836
4769
4479
4502
4481
4120
3665
3438
3072
2277
1519
885
148
-809
-1388
-1735
-1941
-2044
-1617
-975
-183
523
1477
2337
3073
3451
4076
4129
3178
1827
1346
767
-919
-2427
-2862
-3053
-3983
-4200
-3924
-3915
-4537
-4436
-4136
-4417
-5220
-5483
-5220
-5227
-5269
-4703
-3615
-2849
-1881
-342
1101
1885
2744
3884
4483
4606
4824
5062
4850
4558
4462
4308
3947
3569
3303
2879
2310
1717
1244
537
-277
-842
-1095
-1450
-1754
-1551
-1055
-516
105
1059
1888
2548
3167
3982
4287
3549
2449
1874
1286
-432
-2087
-2789
-3189
-4245
-4680
-4411
-4388
-4819
-4644
-4122
-4228
-4765
-4998
-4824
-4951
-5080
-4774
-3995
-3397
-2543
-1123
378
1336
2205
3453
4465
4951
5039
5310
5337
5100
4650
4427
4009
3360
2940
2813
2463
1767
1397
992
310
-374
-665
-1107
-1618
-1709
-1398
-1072
-590
134
1033
1795
2535
3211
4099
4223
3472
2535
2164
1254
-486
-1947
-2764
-3543
-4510
-4819
-4844
-4920
-5115
-4818
-4370
-4297
-4576
-4646
-4421
-4475
-4578
-4279
-3721
-3252
-2475
-1117
55
1037
2207
3633
4468
4988
5512
5874
5675
5213
4884
4401
3670
2885
2410
1948
1430
1056
866
517
109
-27
-66
-354
-592
-497
-213
-3
305
876
1472
2056
2681
3607
3796
3270
2553
2429
1491
-235
-1741
-2485
-3580
-4906
-5413
-5500
-5852
-6196
-5641
-5068
-4952
-4967
-4444
-3966
-3893
-3769
-3302
-2867
-2679
-2000
-911
9
764
1939
3189
3960
4693
5526
6007
5871
5730
5531
4966
4067
3271
2562
1790
1040
414
-26
-383
-631
-736
-702
-679
-663
-351
93
464
721
1259
1751
2135
2611
3328
3638
3172
2598
2309
1878
580
-761
-1710
-2503
-3742
-4612
-5010
-5446
-6037
-6024
-5591
-5485
-5517
-5197
-4659
-4359
-4114
-3653
-3091
-2647
-2125
-1273
-355
377
1237
2323
3269
3971
4754
5378
5611
5709
5780
5487
4886
4324
3653
2804
2017
1384
685
-64
-599
-889
-1024
-1227
-1276
-1096
-750
-435
47
668
1114
1569
2134
2780
3139
3583
3595
3102
2382
2085
1329
-105
-1403
-2120
-2997
-4186
-4910
-5212
-5655
-6082
-5961
-5592
-5587
-5627
-5210
-4605
-4385
-4198
-3562
-2881
-2479
-1855
-765
116
797
1840
3103
3937
4588
5361
5922
6024
5963
5815
5406
4754
4030
3243
2424
1546
752
62
-496
-993
-1232
-1283
-1275
-1176
-795
-258
190
716
1306
1879
2274
2773
3241
3638
3510
3014
2451
2116
1321
-46
-1283
-2053
-2986
-4152
-4897
-5344
-5901
-6341
-6233
-6020
-6011
-5957
-5509
-4955
-4603
-4278
-3657
-2994
-2499
-1791
-761
169
923
1978
3121
3997
4715
5539
6094
6174
6206
6195
5826
4991
4225
3453
2570
1578
806
-5
-764
-1255
-1391
-1535
-1687
-1589
-1256
-867
-457
68
738
1320
1827
2310
2917
3363
3743
3838
3502
2916
2543
1977
632
-750
-1648
-2561
-3900
-4898
-5390
-5988
-6603
-6734
-6461
-6376
-6340
-5910
-5228
-4758
-4469
-3821
-3031
-2431
-1826
-835
109
837
1777
2971
3867
4447
5147
5843
6147
6175
6136
5882
5247
4482
3723
2848
1827
890
142
-563
-1147
-1455
-1483
-1486
-1344
-942
-342
217
794
1461
2107
2597
3037
3514
3888
3836
3325
2722
2226
1503
174
-1205
-2192
-3043
-4200
-5164
-5683
-6142
-6664
-6769
-6473
-6327
-6288
-5914
-5297
-4806
-4380
-3709
-2958
-2326
-1622
-624
394
1175
2034
3086
4025
4719
5474
6106
6305
6263
6251
5992
5274
4368
3523
2599
1604
688
-71
-824
-1407
-1673
-1694
-1739
-1665
-1296
-754
-282
196
880
1534
2008
2448
2985
3359
3559
3787
3687
3103
2457
2095
1251
-216
-1478
-2254
-3273
-4638
-5545
-6020
-6613
-7162
-7163
-6860
-6818
-6629
-5964
-5141
-4628
-4082
-3159
-2271
-1582
-830
207
1055
1724
2592
3546
4288
4830
5475
5921
6040
6034
5949
5652
4939
4197
3414
2634
1713
828
77
-713
-1305
-1659
-1800
-2045
-2034
-1617
-1143
-685
-145
586
1260
1883
2581
3062
3438
3615
3981
3951
3351
2574
2075
1481
84
-1252
-2145
-3027
-4282
-5282
-5701
-6308
-6859
-6995
-6693
-6545
-6439
-5841
-5180
-4565
-4062
-3169
-2345
-1770
-1073
-150
776
1390
2156
3031
3735
4333
4924
5453
5546
5534
5485
5292
4799
4055
3376
2632
1889
1056
389
-251
-861
-1199
-1296
-1335
-1377
-1074
-584
-162
273
835
1476
1925
2409
2809
3127
3266
3405
3505
3073
2380
1731
1265
168
-1262
-2253
-3021
-4121
-5357
-5905
-6282
-6805
-7067
-6872
-6487
-6302
-5710
-4986
-4247
-3691
-2924
-1979
-1292
-689
-11
842
1437
1952
2650
3264
3736
4112
4625
4890
4934
4939
4880
4677
4178
3673
3077
2439
1661
932
335
-259
-767
-1093
-1182
-1221
-1141
-781
-378
33
469
1080
1620
2005
2397
2742
2963
2967
3106
3084
2534
1786
1289
831
-376
-1680
-2484
-3141
-4232
-5264
-5557
-5901
-6393
-6585
-6175
-5865
-5772
-5224
-4507
-3861
-3438
-2661
-1869
-1347
-815
-103
665
1053
1542
2193
2776
3194
3645
4234
4502
4680
4852
4945
4739
4327
3953
3458
2887
2167
1512
896
304
-227
-610
-865
-1097
-1138
-913
-618
-430
-100
392
837
1144
1543
2000
2165
2258
2449
2761
2534
1923
1456
1173
578
-672
-1577
-2227
-3025
-4124
-4823
-5051
-5639
-6041
-6076
-5670
-5568
-5376
-4764
-4183
-3642
-3227
-2461
-1910
-1543
-1040
-378
266
533
1136
1837
2459
2938
3552
4199
4510
4887
5192
5317
5131
4868
4557
3988
3387
2662
1958
1180
461
-116
-625
-1044
-1411
-1474
-1345
-1203
-990
-625
-138
235
662
1196
1619
1858
2110
2482
2709
2508
2088
1717
1406
705
-382
-1237
-1897
-2717
-3715
-4304
-4672
-5254
-5654
-5679
-5440
-5449
-5369
-4964
-4472
-4079
-3762
-3129
-2611
-2199
-1614
-836
-170
292
1080
1937
2690
3366
4108
4788
5240
5641
5855
5895
5669
5247
4762
4139
3397
2499
1692
911
162
-462
-983
-1395
-1725
-1806
-1733
-1589
-1415
-1114
-677
-253
185
678
1211
1593
1943
2338
2734
2891
2693
2394
2132
1763
896
-118
-910
-1702
-2762
-3806
-4406
-5032
-5794
-6256
-6242
-6175
-6308
-6055
-5510
-4974
-4522
-3853
-3013
-2401
-1703
-811
93
755
1412
2339
3129
3769
4374
5024
5486
5692
5916
5967
5768
5297
4739
4199
3439
2569
1661
904
143
-614
-1120
-1550
-1934
-2162
-2083
-1912
-1779
-1454
-990
-497
-35
515
1155
1697
2138
2539
2979
3374
3407
3133
2695
2356
1814
728
-418
-1362
-2241
-3495
-4598
-5206
-5912
-6639
-7016
-6818
-6738
-6709
-6215
-5480
-4763
-4140
-3223
-2294
-1538
-709
209
1086
1688
2356
3109
3761
4261
4696
5135
5387
5499
5535
5454
5159
4657
4117
3537
2827
1975
1137
358
-382
-1071
-1586
-1998
-2299
-2369
-2208
-1921
-1610
-1092
-460
184
824
1498
2214
2732
3147
3461
3753
3884
3563
3020
2428
1881
904
-409
-1503
-2466
-3529
-4747
-5555
-6078
-6691
-7115
-7173
-6864
-6684
-6327
-5637
-4888
-4153
-3403
-2409
-1599
-902
-70
805
1590
2111
2779
3445
4005
4432
4768
5115
5239
5291
5225
5040
4699
4162
3631
2993
2307
1545
811
149
-498
-949
-1280
-1527
-1703
-1665
-1401
-1167
-864
-485
-42
335
742
1229
1565
1844
2121
2369
2446
2491
2593
2281
1711
1237
895
63
-1164
-2035
-2741
-3670
-4758
-5360
-5724
-6297
-6583
-6429
-6056
-5906
-5500
-4666
-3883
-3156
-2378
-1411
-653
-8
770
1447
1954
2269
2761
3207
3471
3720
3945
4173
4248
4357
4400
4264
4032
3715
3430
2969
2393
1792
1221
685
95
-318
-660
-990
-1214
-1221
-1070
-1035
-875
-538
-177
127
483
965
1299
1566
1836
2093
2213
2225
2130
1699
1179
754
166
-895
-1934
-2555
-3313
-4317
-5043
-5291
-5665
-6071
-5967
-5572
-5292
-5035
-4377
-3623
-3023
-2380
-1628
-893
-409
200
862
1385
1722
2115
2659
3014
3325
3629
3957
4198
4324
4464
4379
4257
3984
3654
3195
2595
2064
1432
865
239
-286
-653
-1029
-1273
-1463
-1383
-1301
-1221
-950
-624
-219
102
517
915
1308
1754
2004
2201
2317
2465
2438
2068
1610
1128
702
-147
-1161
-1913
-2593
-3450
-4384
-4830
-5206
-5705
-5950
-5854
-5618
-5506
-5113
-4546
-3981
-3371
-2679
-1888
-1289
-655
114
854
1437
1893
2525
3105
3536
3912
4289
4611
4732
4849
4908
4777
4486
4122
3724
3155
2497
1853
1192
493
-172
-716
-1190
-1613
-1890
-2008
-2080
-2054
-1842
-1517
-1233
-897
-392
94
488
931
1440
1838
2128
2428
2671
2775
2850
2743
2345
1873
1476
879
-151
-1072
-1788
-2639
-3662
-4457
-4913
-5552
-6052
-6205
-6116
-6044
-5923
-5354
-4779
-4131
-3418
-2602
-1757
-1085
-205
557
1255
1856
2421
3048
3474
3939
4255
4532
4742
4832
4897
4742
4550
4197
3792
3333
2712
2088
1432
875
242
-350
-765
-1139
-1426
-1632
-1644
-1614
-1543
-1296
-998
-692
-358
67
504
854
1264
1701
2017
2226
2400
2619
2585
2245
1819
1435
937
-8
-982
-1753
-2516
-3474
-4368
-4872
-5379
-5865
-6081
-5973
-5791
-5639
-5165
-4536
-3841
-3150
-2403
-1631
-952
-223
475
1094
1588
2033
2545
3005
3397
3674
3946
4198
4353
4426
4410
4320
4084
3758
3429
3003
2476
1880
1360
821
257
-206
-604
-943
-1225
-1322
-1322
-1336
-1245
-1061
-787
-557
-301
12
275
587
876
1185
1427
1588
1742
1841
1966
1802
1429
1080
768
242
-679
-1384
-1976
-2747
-3618
-4221
-4540
-5102
-5490
-5515
-5340
-5223
-5046
-4475
-3913
-3308
-2641
-1869
-1148
-558
204
889
1493
1923
2390
2911
3249
3533
3735
3990
4119
4115
4130
4085
3965
3624
3296
3020
2567
1996
1447
990
439
-110
-473
-857
-1235
-1442
-1453
-1477
-1546
-1376
-1088
-815
-538
-161
250
596
978
1385
1737
1975
2148
2310
2403
2375
2102
1682
1239
814
99
-832
-1601
-2287
-3108
-3986
-4530
-4974
-5529
-5808
-5770
-5590
-5527
-5221
-4630
-4036
-3403
-2784
-2026
-1348
-677
78
718
1325
1787
2373
2915
3344
3748
4045
4388
4565
4703
4752
4659
4446
4062
3773
3324
2717
2086
1495
920
234
-254
-698
-1154
-1489
-1652
-1651
-1719
-1689
-1540
-1315
-1029
-778
-436
-114
216
577
951
1324
1585
1848
2062
2210
2332
2336
2117
1715
1356
970
275
-583
-1321
-2018
-2866
-3727
-4320
-4866
-5487
-5880
-5938
-5850
-5833
-5578
-5018
-4403
-3766
-3060
-2206
-1443
-699
134
882
1542
2079
2682
3218
3645
4032
4305
4588
4747
4855
4858
4724
4540
4206
3851
3364
2828
2236
1546
951
335
-213
-772
-1197
-1484
-1746
-1833
-1888
-1820
-1718
-1540
-1252
-999
-680
-380
12
419
766
1158
1531
1880
2118
2323
2511
2510
2295
1925
1542
1082
291
-642
-1439
-2185
-3121
-4039
-4613
-5134
-5698
-5998
-5972
-5852
-5758
-5402
-4837
-4227
-3566
-2853
-2062
-1296
-511
288
1014
1684
2302
2883
3387
3828
4209
4441
4631
4793
4864
4782
4645
4453
4098
3698
3301
2784
2147
1527
972
370
-208
-684
-1130
-1527
-1781
-1876
-1922
-1940
-1846
-1637
-1368
-1063
-722
-379
-48
345
742
1052
1350
1631
1829
1936
2059
2129
1953
1627
1284
951
407
-398
-1169
-1852
-2585
-3459
-4161
-4661
-5191
-5614
-5765
-5642
-5515
-5306
-4823
-4176
-3478
-2803
-2014
-1207
-487
274
1034
1699
2214
2723
3271
3691
4001
4216
4418
4592
4589
4522
4416
4238
3869
3430
3098
2593
1963
1366
854
303
-306
-704
-1092
-1481
-1749
-1841
-1856
-1920
-1815
-1618
-1375
-1097
-760
-349
10
382
793
1218
1583
1861
2104
2294
2398
2422
2345
2063
1632
1164
688
-52
-950
-1720
-2466
-3294
-4137
-4671
-5133
-5646
-5865
-5812
-5616
-5503
-5122
-4475
-3862
-3203
-2484
-1643
-933
-203
634
1317
1896
2422
3040
3534
3880
4204
4453
4664
4788
4806
4717
4526
4274
3849
3371
2879
2230
1499
822
250
-387
-988
-1388
-1733
-1997
-2115
-2051
-1968
-1840
-1549
-1242
-911
-562
-197
136
441
772
1035
1306
1550
1726
1879
2031
2136
2101
2081
2000
1675
1251
872
411
-376
-1193
-1839
-2593
-3469
-4207
-4703
-5243
-5769
-5916
-5844
-5760
-5594
-5090
-4430
-3822
-3083
-2224
-1377
-632
156
987
1668
2246
2768
3265
3695
4024
4274
4428
4568
4619
4554
4459
4294
3973
3544
3162
2734
2117
1491
955
411
-186
-674
-1034
-1405
-1715
-1838
-1858
-1891
-1867
-1685
-1450
-1260
-1003
-662
-331
-54
269
669
979
1252
1534
1831
2046
2163
2268
2290
2258
2074
1715
1319
864
274
-566
-1327
-2021
-2889
-3753
-4428
-4933
-5527
-5947
-6019
-6000
-5875
-5613
-5072
-4444
-3768
-2963
-2135
-1235
-409
433
1251
1965
2628
3180
3725
4126
4457
4718
4850
4947
4914
4831
4589
4285
3931
3450
2944
2341
1769
1159
537
-10
-534
-962
-1399
-1669
-1843
-1993
-2047
-2014
-1863
-1741
-1524
-1219
-944
-616
-256
152
487
831
1213
1527
1817
2048
2249
2371
2397
2357
2215
1983
1544
998
440
-209
-1053
-1930
-2653
-3414
-4237
-4872
-5275
-5665
-5984
-5971
-5739
-5498
-5147
-4522
-3790
-3088
-2306
-1429
-609
143
915
1656
2257
2781
3256
3653
3980
4229
4392
4462
4523
4487
4333
4161
3920
3573
3135
2743
2288
1712
1179
706
245
-276
-659
-947
-1249
-1475
-1577
-1591
-1650
-1611
-1465
-1313
-1158
-981
-723
-513
-271
-12
225
465
676
937
1121
1301
1452
1529
1560
1525
1468
1201
837
461
20
-573
-1272
-1842
-2447
-3103
-3677
-4070
-4381
-4716
-4821
-4730
-4545
-4326
-3969
-3425
-2877
-2290
-1676
-1011
-365
216
812
1366
1892
2321
2702
3101
3429
3668
3834
4013
4129
4106
4058
3979
3807
3501
3185
2865
2419
1901
1415
963
458
-42
-440
-798
-1127
-1396
-1564
-1682
-1772
-1774
-1716
-1614
-1482
-1299
-1065
-818
-550
-276
35
354
615
872
1155
1396
1499
1565
1663
1570
1267
961
656
120
-604
-1189
-1740
-2467
-3188
-3667
-4030
-4483
-4757
-4729
-4618
-4485
-4196
-3663
-3131
-2602
-1979
-1312
-667
-108
487
1059
1559
2013
2419
2831
3177
3453
3683
3893
4069
4112
4104
4096
3987
3731
3434
3153
2750
2215
1721
1259
720
152
-308
-698
-1109
-1452
-1658
-1801
-1922
-1961
-1902
-1798
-1675
-1505
-1301
-1072
-821
-573
-313
-41
252
516
758
1025
1258
1425
1510
1603
1618
1444
1187
886
534
-44
-675
-1231
-1851
-2513
-3159
-3579
-3980
-4357
-4503
-4492
-4356
-4208
-3843
-3345
-2873
-2313
-1719
-1072
-508
66
685
1181
1670
2119
2566
2936
3241
3574
3789
3975
4093
4151
4135
4006
3842
3554
3217
2823
2340
1837
1300
796
255
-263
-690
-1085
-1425
-1716
-1879
-1969
-2045
-2024
-1919
-1751
-1588
-1375
-1073
-787
-502
-204
132
447
713
987
1236
1454
1603
1674
1697
1660
1502
1199
838
452
-80
-741
-1331
-1903
-2540
-3165
-3612
-3937
-4286
-4458
-4434
-4307
-4121
-3814
-3327
-2852
-2319
-1717
-1120
-516
44
631
1146
1613
2082
2451
2809
3100
3361
3566
3691
3822
3834
3806
3727
3561
3337
3021
2699
2275
1815
1363
872
397
-79
-470
-828
-1152
-1378
-1544
-1631
-1683
-1665
-1580
-1481
-1344
-1180
-990
-793
-588
-357
-133
92
333
579
791
992
1200
1354
1423
1450
1448
1311
1042
736
381
-114
-707
-1242
-1781
-2384
-2945
-3358
-3692
-4010
-4175
-4166
-4067
-3915
-3633
-3209
-2765
-2280
-1748
-1170
-596
-58
487
1013
1519
1963
2354
2741
3083
3349
3536
3717
3852
3859
3804
3721
3571
3298
2969
2643
2233
1753
1279
815
331
-152
-577
-956
-1298
-1566
-1768
-1893
-1943
-1930
-1846
-1707
-1508
-1283
-1030
-744
-462
-170
104
367
609
840
1050
1189
1334
1462
1515
1483
1438
1368
1126
794
463
71
-494
-1093
-1596
-2158
-2762
-3267
-3608
-3926
-4178
-4225
-4146
-3985
-3742
-3342
-2873
-2377
-1805
-1234
-619
-39
519
1056
1539
2014
2374
2702
3002
3229
3383
3458
3550
3546
3445
3331
3177
2963
2649
2341
2023
1623
1209
808
429
33
-340
-646
-922
-1142
-1320
-1435
-1486
-1483
-1434
-1358
-1217
-1038
-874
-696
-477
-256
-81
93
300
467
595
739
870
962
1029
1083
1077
1026
952
763
490
200
-143
-613
-1128
-1558
-2022
-2538
-2952
-3214
-3443
-3647
-3664
-3532
-3377
-3155
-2797
-2370
-1955
-1500
-1003
-515
-41
419
846
1248
1641
1976
2252
2526
2768
2930
3034
3141
3191
3135
3063
2968
2777
2527
2277
1981
1605
1238
894
495
99
-222
-526
-844
-1078
-1208
-1351
-1452
-1430
-1359
-1306
-1189
-982
-803
-633
-411
-183
7
199
396
563
719
886
1003
1088
1199
1264
1224
1160
1098
904
580
254
-91
-588
-1147
-1624
-2092
-2613
-3063
-3355
-3574
-3752
-3780
-3655
-3447
-3177
-2818
-2362
-1881
-1383
-894
-395
101
537
919
1275
1626
1891
2077
2289
2486
2583
2632
2728
2796
2738
2676
2639
2522
2304
2095
1900
1593
1255
968
667
327
24
-215
-463
-686
-828
-946
-1040
-1075
-1070
-1046
-977
-864
-755
-622
-444
-276
-135
40
223
357
474
610
731
793
848
910
929
898
838
756
613
397
133
-167
-504
-901
-1315
-1700
-2072
-2435
-2745
-2949
-3093
-3183
-3163
-3044
-2863
-2632
-2326
-1973
-1605
-1214
-824
-441
-67
293
621
920
1228
1495
1728
1962
2190
2371
2501
2636
2735
2761
2732
2683
2580
2387
2161
1917
1622
1282
943
615
283
-32
-303
-537
-721
-859
-955
-995
-982
-939
-878
-771
-631
-497
-358
-192
-22
123
259
404
526
616
692
756
790
794
784
743
660
550
401
189
-79
-363
-694
-1091
-1493
-1861
-2234
-2593
-2862
-3048
-3181
-3231
-3154
-3003
-2796
-2506
-2152
-1781
-1383
-957
-555
-171
221
579
885
1181
1464
1687
1877
2073
2239
2341
2433
2529
2560
2539
2510
2446
2306
2129
1942
1710
1433
1148
871
578
292
40
-195
-405
-566
-696
-799
-856
-870
-868
-843
-777
-697
-619
-518
-397
-281
-169
-45
75
177
270
354
414
452
478
483
470
448
411
349
269
171
39
-143
-342
-570
-841
-1131
-1416
-1700
-1977
-2213
-2392
-2522
-2587
-2575
-2494
-2351
-2145
-1895
-1606
-1286
-955
-622
-293
31
331
610
873
1117
1342
1544
1733
1900
2052
2176
2275
2345
2381
2380
2338
2253
2123
1956
1756
1522
1255
978
696
408
129
-126
-353
-551
-711
-816
-880
-901
-878
-815
-720
-603
-466
-325
-183
-47
74
180
274
350
404
447
480
495
494
487
463
412
336
236
94
-95
-317
-576
-876
-1198
-1523
-1847
-2159
-2426
-2637
-2790
-2868
-2857
-2767
-2603
-2366
-2063
-1716
-1340
-945
-547
-169
186
517
816
1078
1313
1522
1699
1858
2001
2128
2231
2317
2373
2397
2381
2330
2233
2093
1909
1690
1441
1164
882
593
316
55
-179
-381
-548
-677
-769
-827
-853
-848
-818
-765
-691
-604
-503
-394
-282
-168
-57
47
146
235
312
374
426
463
486
494
488
462
414
337
234
100
-71
-276
-508
-769
-1048
-1334
-1609
-1861
-2084
-2261
-2377
-2432
-2430
-2357
-2218
-2026
-1790
-1520
-1220
-907
-595
-286
16
296
557
794
1012
1211
1391
1550
1695
1829
1938
2025
2091
2129
2132
2092
2024
1916
1759
1573
1359
1121
863
600
343
100
-124
-321
-484
-603
-688
-736
-741
-712
-660
-589
-491
-380
-272
-166
-50
63
155
232
313
386
427
454
485
501
481
446
413
363
274
153
33
-115
-317
-541
-771
-1016
-1295
-1566
-1804
-2014
-2203
-2341
-2398
-2396
-2346
-2229
-2036
-1799
-1536
-1235
-910
-582
-264
40
334
596
829
1035
1218
1375
1505
1615
1717
1794
1852
1896
1919
1918
1877
1812
1717
1580
1405
1205
988
746
496
258
37
-171
-346
-475
-569
-624
-642
-622
-573
-509
-426
-334
-245
-152
-63
14
87
154
213
266
309
347
373
389
398
386
366
337
291
232
160
76
-19
-142
-279
-428
-602
-790
-987
-1181
-1369
-1547
-1697
-1806
-1876
-1897
-1870
-1793
-1664
-1500
-1302
-1075
-840
-605
-377
-160
37
205
361
499
614
727
833
934
1035
1135
1236
1321
1389
1449
1474
1465
1433
1363
1262
1140
991
828
655
488
333
184
58
-38
-114
-166
-183
-182
-169
-137
-90
-40
5
56
107
140
171
198
218
233
243
256
263
264
270
274
267
257
242
210
163
99
17
-90
-218
-359
-524
-703
-882
-1062
-1237
-1399
-1528
-1627
-1699
-1725
-1714
-1668
-1592
-1477
-1342
-1193
-1026
-846
-673
-494
-310
-133
35
199
363
512
656
794
924
1031
1134
1220
1282
1321
1343
1340
1304
1251
1177
1077
960
841
718
583
459
351
252
164
103
52
21
4
2
10
22
48
77
104
137
176
203
231
258
282
291
300
305
296
282
269
249
211
163
113
39
-52
-148
-259
-389
-524
-656
-794
-933
-1045
-1145
-1236
-1299
-1321
-1341
-1328
-1291
-1230
-1171
-1087
-988
-890
-790
-672
-553
-448
-325
-203
-81
32
163
279
387
490
595
670
738
791
831
840
843
830
794
744
692
632
564
503
454
406
370
354
349
355
371
403
432
461
494
527
546
561
574
573
571
562
546
523
498
460
418
362
302
239
166
90
10
-69
-152
-230
-311
-392
-472
-555
-633
-717
-794
-871
-941
-1001
-1051
-1087
-1110
-1115
-1105
-1081
-1040
-990
-932
-867
-795
-728
-653
-574
-496
-410
-326
-232
-137
-38
60
156
249
334
405
466
519
557
583
599
607
607
601
590
576
561
547
536
524
518
514
515
521
533
553
575
601
625
651
670
689
700
697
684
664
631
583
530
462
393
316
237
153
68
-18
-105
-194
-285
-375
-466
-554
-640
-721
-798
-865
-918
-962
-990
-1005
-1003
-985
-959
-914
-861
-803
-738
-671
-603
-539
-474
-412
-356
-304
-256
-210
-165
-125
-86
-46
-9
25
54
79
104
121
135
151
167
183
200
221
250
283
322
369
420
474
533
591
653
714
763
811
846
871
889
892
881
858
825
783
730
670
607
537
463
384
301
220
136
51
-32
-113
-186
-258
-322
-379
-432
-481
-521
-557
-590
-618
-644
-668
-688
-706
-716
-722
-721
-712
-692
-668
-634
-597
-555
-509
-464
-422
-384
-350
-320
-297
-279
-260
-242
-225
-200
-174
-141
-99
-55
-7
46
96
146
192
233
268
294
319
340
358
374
395
420
447
477
509
545
572
595
613
623
620
611
593
566
535
500
464
431
395
359
326
292
258
217
176
129
77
25
-34
-90
-146
-198
-248
-298
-338
-376
-402
-429
-450
-463
-468
-468
-467
-456
-446
-427
-414
-404
-391
-386
-382
-383
-382
-383
-380
-369
-347
-313
-268
-212
-148
-81
-14
47
98
135
156
162
153
133
113
88
71
68
74
95
129
166
205
243
271
291
297
294
280
263
246
227
222
216
220
232
247
264
278
284
283
277
261
230
194
150
97
49
-2
-50
-90
-121
-148
-163
-169
-177
-177
-171
-172
-167
-159
-160
-163
-161
-170
-181
-180
-185
-195
-190
-181
-177
-157
-134
-118
-93
-62
-47
-31
-10
-8
0
14
9
7
19
11
8
22
20
9
20
19
3
9
7
-11
-8
-4
-19
-12
3
-1
13
40
44
62
90
94
103
119
112
104
105
92
75
76
66
52
57
57
51
61
65
61
66
69
61
54
49
31
20
11
-4
-14
-14
-20
-17
-11
-9
-9
-11
-20
-37
-52
-75
-103
-125
-144
-157
-161
-157
-142
-119
-87
-54
-17
18
46
69
85
96
97
95
86
72
55
38
21
9
-4
-16
-27
-37
-49
-58
-67
-77
-87
-93
-98
-97
-95
-89
-73
-58
-33
-7
18
44
68
87
103
108
108
107
98
88
75
63
55
49
47
44
44
43
38
30
20
4
-16
-33
-49
-63
-73
-74
-72
-67
-53
-42
-31
-21
-15
-14
-17
-21
-30
-34
-39
-39
-34
-21
-3
18
42
62
81
93
98
96
91
76
60
40
20
4
-6
-13
-12
-5
4
15
24
31
31
27
18
0
-17
-37
-55
-66
-70
-68
-59
-46
-30
-10
-1
3
1
-6
-19
-39
-61
-75
-89
-93
-89
-76
-57
-34
-8
15
35
46
53
49
41
29
16
3
-7
-8
-2
8
20
33
43
47
45
35
19
-2
-25
-45
-61
-72
-71
-62
-47
-23
3
31
57
76
91
98
98
90
81
71
62
55
51
55
63
68
76
80
74
68
51
30
9
-20
-47
-70
-89
-102
-110
-114
-117
-116
-116
-113
-112
-113
-117
-114
-113
-106
-95
-81
-60
-33
-6
24
54
83
106
120
126
126
123
114
99
79
61
47
29
15
3
-5
-14
-23
-30
-39
-46
-53
-61
-67
-70
-68
-66
-62
-50
-40
-29
-14
-2
9
19
32
39
50
59
66
75
77
78
80
73
72
65
57
49
39
32
24
16
7
1
-8
-18
-26
-35
-49
-59
-69
-78
-84
-90
-92
-92
-86
-71
-56
-37
-18
0
20
34
48
56
63
62
55
47
37
30
21
13
8
5
5
7
6
10
10
5
4
-1
-6
-10
-14
-16
-14
-13
-12
-10
-9
-11
-11
-12
-13
-17
-23
-25
-25
-22
-16
-8
2
12
18
25
28
27
26
24
18
12
5
3
4
5
6
10
12
13
12
6
-3
-12
-22
-31
-41
-46
-49
-47
-48
-44
-36
-30
-18
-9
3
14
22
32
43
49
50
57
59
57
54
53
49
47
42
37
31
23
13
6
-3
-15
-22
-29
-36
-42
-47
-48
-50
-49
-47
-44
-42
-38
-36
-30
-24
-19
-10
-1
3
9
16
22
23
24
27
25
24
23
20
21
17
14
10
5
0
-2
-8
-12
-15
-20
-21
-23
-23
-21
-15
-12
-7
-3
-1
3
6
12
13
15
16
19
17
19
18
16
14
16
13
10
6
1
-1
-7
-11
-14
-18
-20
-18
-16
-13
-8
-2
1
10
12
19
20
21
23
22
21
16
16
9
7
4
-4
-9
-12
-18
-22
-27
-29
-30
-34
-33
-30
-25
-19
-15
-10
-4
-1
5
10
12
16
17
15
14
16
17
18
16
17
19
17
21
19
16
13
11
7
3
-2
-7
-9
-16
-20
-24
-27
-30
-32
-32
-34
-28
-22
-17
-10
-4
5
12
19
25
28
32
31
32
31
28
22
18
10
7
3
-6
-8
-10
-11
-14
-17
-15
-14
-17
-15
-15
-17
-17
-19
-19
-17
-15
-13
-10
-5
-2
1
5
10
11
14
17
18
18
18
15
11
8
6
8
7
6
8
8
11
13
14
13
10
8
5
-1
-3
-7
-10
-10
-12
-11
-11
-10
-8
-5
-2
1
3
4
8
6
9
9
10
10
10
8
6
6
4
3
2
-2
-4
-8
-5
-5
-6
-5
-9
-10
-10
-13
-14
-16
-19
-21
-25
-27
-31
-32
-33
-32
-30
-25
-22
-16
-7
2
10
17
23
29
30
33
32
31
30
24
21
19
17
15
14
9
7
10
5
6
5
0
0
-3
-5
-8
-10
-13
-15
-12
-14
-10
-9
-9
-6
-2
-1
5
7
11
13
15
20
19
17
20
18
17
15
10
6
2
0
-4
-7
-11
-12
-16
-15
-15
-18
-16
-15
-15
-13
-11
-11
-8
-8
-7
-7
-5
-6
-8
-4
-2
-4
1
1
0
4
-2
4
5
4
8
4
3
5
0
2
3
0
3
3
4
4
2
6
5
6
4
5
3
4
2
-1
0
-1
2
-1
-2
1
-1
0
3
4
4
6
6
6
7
4
7
2
0
0
-2
-4
-4
-6
-8
-7
-5
-5
-5
-2
-1
-3
-2
-6
-5
-3
-4
-6
-2
-4
-4
0
1
1
2
1
0
1
3
0
3
2
1
3
4
1
2
3
2
5
3
0
3
4
3
4
5
2
2
3
2
2
5
0
1
2
-2
-2
-3
-2
-5
-4
-5
-6
-6
-5
-5
-4
-3
-3
0
1
3
6
6
5
4
3
2
1
6
1
1
3
2
-1
-3
-4
-2
-5
-7
-6
-6
-7
-4
-4
-3
-3
-3
-1
-1
1
1
1
0
1
0
1
1
-1
-1
0
3
1
3
4
4
6
6
4
5
6
7
5
0
2
-1
0
1
-3
-2
-4
-4
-1
-2
-2
-2
-2
0
-1
-1
-1
2
1
4
3
4
4
3
6
3
5
5
5
6
4
2
2
-2
-2
-1
-5
-6
-9
-7
-8
-8
-10
-7
-8
-6
-4
-3
-2
-2
3
2
-1
0
1
0
0
-1
2
0
-1
1
2
-2
-1
-1
-2
-1
-1
-1
-2
-2
-4
-1
-1
0
1
0
0
2
2
4
6
8
6
8
12
10
9
9
9
8
8
7
3
3
0
0
1
1
-1
-1
-1
-2
-4
-5
-4
-4
-2
-3
-5
-6
-7
-4
-5
-4
-3
-1
-1
1
1
0
3
2
5
2
1
3
1
-2
-1
-1
-2
-5
-5
-6
-6
-7
-8
-8
-9
-7
-8
-6
-6
-3
-1
1
4
3
4
5
7
10
9
10
9
9
7
7
8
7
6
4
2
1
2
-1
0
