-2
-1
1
0
1
1
0
0
-2
0
1
1
-1
-2
-1
0
2
-1
0
0
1
0
0
-1
1
0
0
1
-3
-2
-2
1
-1
0
-1
-1
0
-1
-1
0
0
2
1
1
1
3
1
1
2
0
0
2
0
-1
0
-4
1
1
0
1
-1
0
-1
0
1
-1
0
1
0
0
-1
-2
-1
0
0
0
1
-1
-1
1
0
0
1
-1
-1
1
1
-1
-1
0
0
-1
-1
1
-1
-2
-1
1
0
1
-1
-1
-1
0
1
0
3
2
2
3
1
1
0
1
2
0
-2
1
-1
-1
0
-2
1
0
-1
-1
0
0
1
0
-2
0
-1
-1
0
0
2
-1
-1
0
-1
3
0
1
1
-1
1
0
0
0
0
0
0
0
-1
1
-1
0
-1
-2
0
0
-1
0
0
0
1
1
1
-1
1
-1
0
1
0
0
1
1
0
1
0
1
0
0
0
0
1
0
0
1
-2
-2
-3
-1
3
2
0
0
-1
-3
0
0
-3
-1
-1
1
0
0
2
1
2
3
0
0
0
3
1
2
1
0
1
-2
-1
0
1
-1
1
-2
-1
0
-1
0
2
-2
0
1
0
1
-2
0
-1
-1
-1
-2
0
0
-1
-1
1
1
0
0
-1
-2
-1
-1
-1
-1
1
3
-1
-1
-1
-2
0
1
2
1
2
4
1
0
1
-1
0
-1
1
-1
-1
1
2
-1
1
3
0
0
0
1
1
0
-1
0
0
0
0
-1
0
1
2
2
1
-1
0
1
1
-1
-1
-1
-1
-2
-1
-2
-2
-3
-2
0
0
0
1
1
-1
1
0
0
0
-1
-1
0
-1
-1
2
0
-1
0
0
0
1
-2
0
0
-3
0
1
1
0
0
0
3
3
-2
1
0
0
2
5
4
10
11
8
17
12
0
7
14
8
4
6
12
0
-6
-1
-6
-5
5
8
-4
1
-5
15
9
5
5
-4
2
-11
-10
-9
-9
-8
-10
-30
-43
-47
-7
-2
-27
-36
-24
-5
-18
-22
-8
8
-10
6
-3
-16
-13
-12
-6
6
29
5
-9
2
-9
-3
7
-8
-18
-26
15
21
22
32
45
29
-15
-3
-21
-18
-103
-84
-117
-165
-240
-416
-872
-2468
-3386
-1747
1791
3837
2752
526
-59
953
1104
56
-821
-60
1063
796
-2114
-3950
-1603
189
-1218
-2917
-742
3418
3518
313
-1225
634
1867
287
523
3082
4323
2416
156
1017
2015
1539
663
1037
2082
1280
-315
-429
577
91
-1195
-1346
-1252
-1928
-2592
-2424
-2096
-2466
-2380
-2028
-2223
-2653
-3007
-2701
-2159
-2025
-1829
-1177
-233
-109
-661
-526
195
321
-137
388
1577
1914
1748
2057
2389
2215
1901
2077
2521
2703
2879
2996
2981
2870
2531
2158
1976
1838
1648
1680
1873
1943
1836
1466
-104
-2471
-4033
-3646
-3662
-4753
-4980
-4334
-4775
-5658
-5470
-5050
-6026
-6663
-5645
-4006
-3297
-2652
-1471
-311
270
811
1814
2485
2405
2965
4572
5690
5839
6099
6638
6287
5364
4668
4253
3576
3058
2998
3034
2384
1492
1025
925
463
129
160
357
291
721
1222
1516
1783
2698
3606
2491
-775
-3463
-3237
-2373
-3164
-4472
-4266
-4504
-5583
-6206
-6103
-7365
-9328
-9608
-8049
-6665
-6127
-5443
-3980
-2661
-2073
-1217
-122
284
492
2227
4674
5761
6015
6707
7048
6333
5670
5607
5243
4380
3992
4112
3789
2658
1452
532
-511
-1725
-2455
-2473
-2322
-1994
-866
570
1221
1496
2252
2651
2439
2599
3746
4700
5863
7095
6304
3303
1367
1212
-127
-2680
-3855
-3764
-4826
-5891
-5778
-5887
-7823
-9949
-10369
-9744
-9781
-9790
-8316
-6047
-4849
-3743
-1658
-315
-690
23
2281
3895
3972
4830
6642
8077
8579
8691
8585
7722
6389
5429
5180
3921
2209
1554
1859
1084
55
-382
-866
-1704
-1406
-436
141
363
1093
1878
2619
3206
4349
4693
2555
-818
-1529
-278
-1423
-3754
-3801
-3074
-4604
-5344
-4672
-5521
-8510
-9612
-8778
-8016
-7805
-7127
-5857
-4272
-3171
-2106
-625
43
-542
317
2775
3920
4094
5831
7437
7269
7531
8472
7672
5690
5020
4697
3610
2683
2238
1378
471
-127
-651
-1390
-2044
-2409
-1706
-671
-51
531
1949
2796
2716
3352
4752
5481
4354
2433
505
146
-56
-1297
-3183
-3564
-3847
-4872
-5513
-5686
-6950
-9101
-9767
-9100
-8408
-8370
-7749
-6233
-4700
-3764
-2291
-643
-333
-270
1581
3664
4137
4643
6404
7495
7799
8460
8855
7805
6554
5793
4977
3629
2519
1688
1163
699
248
-102
-513
-1035
-1028
-221
293
469
1078
2212
2833
3840
5173
4341
1139
-1016
-676
-1205
-3375
-4666
-4194
-4490
-5046
-4664
-4381
-6151
-8460
-8967
-8364
-8226
-8461
-7426
-5573
-3979
-2556
-383
755
334
482
2238
3212
3107
4130
5949
6825
7491
8716
8839
7518
6350
5653
4316
2577
1396
707
149
-149
-111
-114
-581
-1127
-1056
-559
-347
-248
639
1714
2508
3526
5484
5732
3309
665
312
-49
-2253
-4127
-4261
-4150
-4872
-4577
-4086
-4841
-7020
-8080
-8006
-8011
-8740
-8701
-7238
-5500
-4037
-1948
60
424
453
1840
2953
2779
3139
4633
5571
6414
7924
8720
8116
7461
6965
5832
4154
2584
1206
273
-72
-111
-29
-101
-224
2
583
656
497
849
1460
1816
2760
4490
4280
1853
5
367
-373
-2905
-4759
-4791
-5210
-5931
-5489
-4968
-5864
-7457
-7472
-6982
-7200
-8046
-7645
-6348
-5186
-3786
-1380
455
639
1353
3342
4347
3849
4265
5376
5655
6145
7515
8032
7350
7021
6898
5764
4048
2586
1234
34
-765
-1001
-1076
-1222
-1268
-503
497
851
895
1499
1982
2014
2829
4068
3190
774
-222
497
-551
-2848
-4034
-3882
-4801
-5597
-5211
-4975
-6386
-7673
-7311
-6814
-7257
-7847
-7060
-5795
-4693
-3308
-1162
105
300
1415
3452
4135
3810
4689
5781
5808
6286
7631
7754
6906
6892
6735
5296
3550
2392
1032
-222
-953
-1258
-1585
-1917
-1769
-901
90
327
795
1776
2244
2217
3207
4554
3537
1344
455
1125
-152
-2355
-3556
-3348
-4271
-5164
-4969
-4859
-6221
-7549
-7203
-6820
-7256
-8003
-7395
-6346
-5236
-3939
-1922
-585
-86
1152
3235
4159
3944
4546
5552
5807
6260
7345
7510
6861
6887
6928
5815
4251
3061
1603
189
-700
-1187
-1828
-2248
-2216
-1499
-483
96
511
1457
2344
2581
3246
4565
3981
1718
386
980
110
-2128
-3533
-3380
-3853
-4720
-4585
-4550
-5645
-7146
-7027
-6705
-7100
-8124
-7894
-6795
-5716
-4644
-2755
-1036
-453
648
2861
4147
3909
4385
5601
5888
6120
7215
7718
6991
6885
7208
6537
5050
3786
2377
828
-353
-1166
-1985
-2628
-2909
-2366
-1419
-658
-221
989
2096
2464
2806
4033
4468
2816
1068
543
720
-882
-2578
-3436
-3066
-3876
-4460
-4468
-4586
-6034
-7010
-6563
-6530
-7491
-8180
-7323
-6388
-5607
-4341
-2336
-1079
-300
1431
3469
4001
3884
4899
5856
5765
6100
7183
7191
6546
6803
7058
5927
4501
3626
2418
775
-391
-1104
-1979
-2728
-2657
-1872
-1097
-522
370
1724
2520
2933
3718
4905
4004
1868
503
708
-553
-2744
-3873
-3658
-4178
-4910
-4473
-4227
-5124
-6226
-6035
-6009
-6706
-7647
-7567
-6851
-6128
-5215
-3471
-1609
-662
695
2995
4388
4190
4672
5804
5761
5439
6281
6741
6024
6067
6775
6374
5258
4591
3537
1827
514
-383
-1658
-2802
-3232
-2901
-2278
-1486
-700
639
2054
2751
3362
4594
5305
3670
1751
829
460
-1550
-3453
-4324
-4234
-4654
-4849
-4345
-4096
-4797
-5660
-5339
-5341
-6455
-7747
-7450
-6709
-6341
-5356
-3313
-1605
-602
1355
3671
4625
4551
5252
6008
5673
5409
5894
5992
5340
5479
5979
5630
4674
4216
3510
2197
974
116
-1125
-2345
-2773
-2510
-2171
-1564
-440
1058
2352
3367
4477
5732
5484
3482
1611
1052
-364
-3136
-4929
-5112
-5470
-6178
-5563
-4770
-4845
-5351
-4923
-4705
-5299
-6494
-7024
-6739
-6367
-6064
-4958
-3074
-1648
-53
2384
4495
5111
5798
6837
7002
6325
6216
6036
5167
4544
4677
4609
4085
3803
3472
2746
1785
1018
-13
-1240
-2247
-2559
-2569
-2300
-1595
-309
1100
2357
3719
5241
6225
5184
3407
2274
1652
-963
-3721
-5004
-5413
-6749
-7065
-5996
-5572
-5970
-5470
-4230
-4276
-5143
-5809
-5900
-6048
-6141
-5663
-4464
-3177
-1915
256
2848
4390
5338
6781
7821
7560
7329
7282
6330
5028
4653
4380
3400
2713
2572
2157
1534
1229
720
-315
-1189
-1701
-2071
-2380
-2106
-1529
-456
627
2008
3363
5123
5963
5229
3860
3287
2571
-240
-2941
-4282
-4922
-6718
-7220
-6573
-6323
-6784
-6067
-4660
-4578
-5274
-5526
-5073
-5230
-5670
-5318
-4231
-3442
-2517
-217
2096
3254
4536
6641
7697
7517
7906
8192
7041
5711
5342
4573
3053
2242
1944
1204
519
482
284
-453
-879
-958
-1024
-1279
-1051
-561
170
823
1860
3238
4757
5289
4595
3777
3523
2693
141
-2315
-3613
-4625
-6395
-7203
-7019
-7142
-7688
-7054
-5752
-5505
-5969
-5823
-5101
-5032
-5108
-4522
-3556
-2997
-2027
-5
1799
2794
4156
6219
7264
7482
8144
8570
7581
6519
6235
5298
3577
2520
1982
872
-71
-188
-406
-1175
-1482
-1254
-1129
-1198
-803
-194
444
1034
1977
3108
4316
4755
4140
3287
3047
2454
300
-1939
-3113
-3952
-5648
-6613
-6636
-6851
-7535
-7131
-6039
-5897
-6306
-5964
-4999
-4765
-4783
-4133
-3100
-2638
-1810
71
1805
2529
3820
5735
6587
6733
7544
8043
6980
6319
6162
5312
3646
2943
2263
1101
307
93
-349
-1196
-1401
-1330
-1178
-1312
-973
-246
674
1280
2271
3517
4587
4973
4631
3764
3100
2587
647
-1793
-3199
-3822
-5615
-6862
-6798
-6875
-7713
-7422
-6128
-5957
-6312
-5928
-4939
-4769
-4710
-4135
-3292
-2865
-2179
-436
1199
1965
2965
5080
6381
6597
7227
8076
7517
6636
6588
5919
4152
2967
2528
1387
156
-294
-534
-1300
-1662
-1444
-1178
-1211
-986
-267
424
1087
1790
2931
3701
4553
4709
4175
3152
2885
2027
-254
-2241
-3021
-3990
-5940
-6597
-6488
-6915
-7549
-6728
-5783
-5964
-6090
-5257
-4405
-4464
-4266
-3387
-2609
-2356
-1391
278
1232
1754
3256
5063
5585
5906
6871
7223
6523
6237
6093
4902
3512
2937
2200
799
-132
-350
-828
-1538
-1550
-1201
-1097
-1115
-388
547
1233
1851
2739
3696
4311
5123
4907
3984
2966
2783
1248
-1205
-2681
-3299
-4747
-6492
-6506
-6558
-7317
-7583
-6377
-5824
-6242
-5918
-4863
-4350
-4532
-3925
-2958
-2560
-2245
-963
557
1158
1995
3803
5239
5520
5914
6860
6846
6208
5792
5434
4230
3056
2505
1714
535
-261
-261
-658
-1199
-1113
-657
-626
-574
317
1041
1567
2230
3305
3924
4605
5179
4766
3731
3095
2646
687
-1534
-2927
-3792
-5491
-6794
-7019
-7195
-7772
-7661
-6557
-6061
-6134
-5614
-4497
-4141
-4182
-3393
-2462
-2301
-2013
-566
587
951
1923
3671
4607
4930
5965
6800
6491
6102
6250
5647
4242
3376
2817
1655
429
-28
-370
-1061
-1395
-1079
-753
-682
-274
587
1303
1814
2511
3302
3828
4371
4959
4521
3337
2507
2145
407
-1806
-3018
-3664
-5266
-6591
-6541
-6668
-7360
-7297
-6125
-5754
-5861
-5293
-4309
-3969
-3852
-3113
-2475
-2271
-1887
-701
303
796
1692
3096
4010
4410
5287
6087
5971
5707
5814
5400
4240
3503
3000
1931
812
339
-16
-770
-1146
-927
-681
-612
-239
580
1232
1751
2455
3208
3692
4118
4890
4719
3650
2558
2278
1066
-1170
-2770
-3493
-4709
-6388
-6658
-6525
-7007
-7271
-6285
-5532
-5681
-5331
-4391
-3860
-3886
-3385
-2602
-2281
-2101
-1311
-191
325
845
2020
3179
3684
4354
5398
5747
5507
5580
5598
4857
3876
3293
2498
1454
731
382
-192
-766
-710
-398
-307
-170
424
1129
1637
2312
3025
3559
3866
4475
4784
4013
2809
2189
1679
-186
-2110
-3062
-3822
-5423
-6352
-6187
-6481
-7135
-6829
-5806
-5612
-5556
-4808
-4023
-3868
-3646
-2911
-2427
-2347
-2019
-1099
-339
81
836
2080
2974
3566
4374
5186
5326
5397
5616
5386
4556
3910
3485
2564
1597
1023
619
-142
-522
-338
-221
-268
23
813
1442
2030
2738
3299
3664
3960
4564
4395
3442
2323
1934
1033
-1012
-2601
-3312
-4269
-5882
-6280
-6163
-6743
-7209
-6470
-5626
-5692
-5389
-4554
-3971
-3930
-3515
-2851
-2613
-2550
-1958
-963
-415
-26
930
2124
2903
3633
4712
5397
5480
5703
5997
5611
4759
4222
3581
2552
1666
1203
505
-305
-530
-357
-353
-316
191
827
1373
1910
2629
3111
3448
3741
4280
4146
3198
2288
1974
1109
-812
-2160
-2861
-4020
-5546
-5953
-6004
-6813
-7176
-6508
-5806
-5836
-5447
-4650
-4211
-4043
-3633
-3014
-2913
-2813
-2227
-1256
-713
-321
664
1847
2702
3492
4631
5304
5512
5976
6432
6008
5194
4791
4126
2916
1973
1479
621
-304
-485
-297
-398
-479
6
570
1003
1481
2226
2728
2973
3411
4088
4283
3423
2615
2295
1669
-165
-1743
-2540
-3650
-5172
-5914
-5968
-6634
-7133
-6694
-6017
-5881
-5695
-4952
-4405
-4129
-3862
-3319
-2999
-2939
-2549
-1803
-1071
-615
308
1526
2546
3491
4575
5496
5842
6260
6604
6404
5638
4959
4330
3318
2248
1463
749
-75
-543
-559
-649
-801
-583
-87
427
946
1597
2169
2660
3252
3821
4372
4179
3502
2823
2541
1555
-298
-1682
-2620
-3784
-5214
-5731
-6053
-6804
-7105
-6599
-5991
-6023
-5750
-5130
-4637
-4404
-4059
-3539
-3356
-3192
-2590
-1642
-997
-484
578
1854
2860
3784
4885
5632
5926
6332
6653
6303
5464
4882
4252
3251
2226
1549
784
-93
-468
-515
-720
-967
-647
-141
231
785
1605
2390
2784
3360
4011
4585
4375
3667
3052
2553
1553
-228
-1615
-2659
-3821
-5154
-5878
-6220
-6869
-7160
-6880
-6345
-6172
-5896
-5311
-4812
-4469
-4200
-3672
-3313
-3043
-2478
-1546
-754
-182
826
2000
2966
3789
4724
5422
5788
6188
6413
6197
5548
4993
4372
3499
2511
1648
850
-42
-514
-686
-850
-1084
-865
-276
168
693
1371
2167
2694
3191
3737
4245
4471
3884
3117
2590
2026
492
-1213
-2175
-3105
-4477
-5601
-5915
-6403
-7058
-7049
-6576
-6356
-6364
-5835
-5163
-4747
-4425
-3818
-3147
-2825
-2379
-1524
-663
-205
409
1472
2398
3110
3958
4798
5207
5592
6137
6206
5695
5157
4769
4025
3092
2302
1536
624
-118
-372
-607
-903
-965
-587
-193
133
749
1455
2084
2565
3166
3678
4069
4194
3628
2874
2345
1831
364
-1270
-2219
-3085
-4437
-5614
-5987
-6528
-7202
-7151
-6521
-6243
-6232
-5576
-4751
-4285
-3970
-3308
-2700
-2525
-2131
-1342
-646
-363
260
1283
2059
2705
3607
4496
4873
5331
5953
6112
5715
5349
5018
4212
3278
2511
1713
690
-78
-394
-708
-1052
-1113
-730
-371
-27
574
1308
1947
2457
3074
3590
4020
4257
3932
3220
2558
1997
692
-964
-2135
-3031
-4281
-5507
-5945
-6333
-6939
-7057
-6485
-6098
-6103
-5564
-4780
-4334
-4132
-3537
-2977
-2867
-2561
-1808
-1113
-821
-183
898
1796
2494
3448
4510
5082
5576
6210
6517
6183
5775
5448
4714
3660
2745
1944
934
29
-486
-846
-1265
-1426
-1171
-799
-491
1
779
1515
2135
2740
3382
3780
4078
4075
3551
2822
2268
1462
-114
-1476
-2277
-3264
-4637
-5441
-5667
-6317
-6843
-6618
-6127
-6188
-6076
-5329
-4759
-4555
-4178
-3444
-3113
-2933
-2280
-1447
-957
-535
484
1522
2299
3159
4256
5017
5420
6066
6526
6355
5880
5616
5064
3997
3054
2279
1275
145
-463
-837
-1331
-1654
-1479
-1157
-905
-408
303
930
1493
2227
2905
3317
3657
4117
4203
3632
3027
2675
1897
339
-975
-1781
-2924
-4399
-5262
-5636
-6428
-7081
-6909
-6545
-6621
-6487
-5764
-5239
-4987
-4446
-3649
-3219
-2900
-2099
-1197
-626
-105
875
1867
2567
3331
4257
4949
5309
5809
6195
6082
5699
5386
4847
3886
3000
2228
1346
364
-291
-716
-1144
-1483
-1472
-1180
-909
-462
181
844
1371
2087
2858
3317
3657
4072
4412
4049
3346
2735
2169
934
-680
-1721
-2609
-3954
-5275
-5761
-6268
-7097
-7298
-6929
-6750
-6759
-6176
-5451
-4991
-4473
-3691
-2955
-2529
-1933
-1085
-400
22
608
1519
2200
2766
3535
4292
4686
5049
5573
5714
5433
5184
4928
4282
3385
2687
1936
974
150
-262
-622
-1093
-1251
-976
-652
-394
128
787
1313
1803
2514
3063
3231
3423
3761
3948
3357
2660
2107
1504
271
-1168
-2047
-3062
-4299
-5429
-5836
-6334
-7074
-7128
-6784
-6423
-6369
-5746
-4981
-4471
-3905
-3207
-2496
-2236
-1710
-958
-351
30
570
1489
2112
2684
3400
4171
4550
4810
5294
5453
5227
4919
4732
4161
3328
2688
2066
1250
458
86
-231
-625
-762
-585
-384
-266
112
578
959
1312
1788
2271
2475
2668
2912
3183
3027
2483
1941
1419
703
-530
-1644
-2530
-3439
-4482
-5244
-5615
-6193
-6608
-6577
-6257
-6122
-5919
-5334
-4771
-4268
-3732
-2966
-2369
-1918
-1300
-514
126
513
1150
1898
2497
2979
3631
4192
4451
4778
5108
5207
4994
4824
4566
4043
3430
2821
2230
1470
812
336
-46
-438
-738
-735
-660
-589
-379
10
374
705
1185
1709
1964
2180
2513
2828
2722
2292
1942
1550
900
-185
-1214
-2074
-3094
-4166
-5014
-5504
-6173
-6683
-6630
-6366
-6181
-5930
-5221
-4581
-4023
-3287
-2547
-1982
-1595
-892
-240
223
599
1112
1751
2212
2768
3355
3891
4243
4667
5128
5229
5138
5006
4792
4242
3631
3001
2219
1382
701
144
-402
-835
-1071
-1125
-1045
-880
-628
-246
137
545
1042
1560
1939
2203
2537
2766
2900
2622
2097
1532
994
105
-1146
-2059
-2879
-3872
-4829
-5286
-5597
-6193
-6359
-6085
-5740
-5583
-5094
-4333
-3823
-3293
-2608
-1912
-1569
-1205
-556
-2
386
760
1406
1962
2416
2992
3596
4042
4319
4740
5006
4985
4823
4613
4233
3627
3081
2455
1724
993
447
-18
-494
-800
-949
-942
-918
-729
-432
-125
115
426
890
1219
1471
1651
1904
2025
2137
2066
1601
1177
861
348
-716
-1529
-2052
-2885
-3808
-4333
-4548
-5154
-5466
-5296
-5083
-5057
-4833
-4251
-3893
-3531
-3010
-2416
-2075
-1737
-1086
-513
-134
243
878
1455
1920
2488
3069
3548
3959
4470
4820
4909
4907
4862
4643
4150
3678
3146
2448
1679
1044
538
-77
-580
-952
-1135
-1243
-1256
-1139
-1023
-744
-476
-107
209
524
915
1223
1563
1777
2155
2213
1959
1749
1618
1208
221
-441
-1020
-1891
-2852
-3475
-3968
-4853
-5283
-5300
-5347
-5578
-5485
-4989
-4731
-4386
-3880
-3303
-2907
-2408
-1578
-928
-387
191
1037
1772
2385
3094
3735
4249
4661
5173
5414
5404
5318
5186
4837
4241
3676
2968
2166
1306
624
6
-676
-1200
-1572
-1737
-1899
-1896
-1735
-1522
-1178
-804
-262
257
775
1337
1854
2378
2722
3136
3329
3124
2817
2524
2110
1055
51
-729
-1720
-2902
-3921
-4529
-5459
-6222
-6470
-6521
-6654
-6703
-6147
-5636
-5111
-4425
-3534
-2730
-2119
-1155
-231
508
1049
1800
2593
3080
3604
4055
4490
4701
4965
5146
5081
4943
4666
4371
3797
3181
2494
1760
951
180
-369
-954
-1451
-1772
-1788
-1785
-1699
-1402
-998
-595
-187
387
881
1338
1734
2254
2663
2886
3048
3229
3301
2825
2351
1901
1286
143
-959
-1730
-2806
-3939
-4886
-5382
-6092
-6661
-6691
-6578
-6399
-6195
-5428
-4769
-4144
-3352
-2438
-1640
-1141
-275
492
1033
1420
2021
2597
2824
3197
3557
3824
3845
4030
4193
4072
3909
3751
3614
3165
2719
2287
1826
1260
673
289
-146
-532
-799
-844
-866
-897
-702
-430
-129
132
485
783
1045
1374
1653
1838
1928
2038
2084
2092
1965
1560
1111
696
185
-689
-1494
-2166
-2961
-3825
-4404
-4758
-5315
-5717
-5659
-5413
-5317
-5083
-4466
-3898
-3419
-2791
-2016
-1480
-1088
-467
159
560
897
1395
1852
2150
2563
3003
3305
3513
3809
4038
4049
4047
3993
3797
3439
3096
2726
2219
1690
1196
750
302
-85
-354
-547
-699
-824
-778
-644
-522
-423
-196
71
286
548
830
1105
1259
1488
1651
1752
1803
1619
1354
990
727
54
-746
-1357
-2026
-2833
-3685
-4056
-4616
-5226
-5455
-5375
-5293
-5355
-4850
-4316
-3851
-3311
-2563
-1841
-1447
-776
-107
397
754
1246
1784
2044
2429
2881
3220
3416
3744
4079
4129
4151
4228
4146
3816
3519
3194
2654
2039
1521
1008
413
-114
-518
-808
-1032
-1192
-1257
-1196
-1076
-943
-717
-431
-191
59
417
748
1029
1284
1534
1655
1789
1933
1730
1413
1131
888
196
-574
-1087
-1782
-2633
-3393
-3721
-4283
-4921
-5081
-5016
-4987
-5071
-4641
-4155
-3821
-3316
-2660
-2003
-1622
-988
-296
205
653
1152
1729
2063
2484
2945
3296
3527
3760
4098
4171
4143
4081
4008
3729
3287
2931
2449
1849
1228
781
327
-248
-638
-872
-1006
-1191
-1219
-1141
-1070
-932
-735
-478
-311
-91
224
522
792
1089
1410
1611
1783
2036
2105
1861
1603
1399
963
158
-504
-1097
-1944
-2834
-3474
-3930
-4640
-5111
-5214
-5241
-5286
-5158
-4651
-4261
-3787
-3150
-2452
-1858
-1338
-589
13
507
960
1505
1969
2249
2655
3037
3318
3434
3678
3944
3960
3919
3882
3832
3494
3159
2852
2369
1783
1225
804
232
-285
-643
-926
-1150
-1306
-1239
-1200
-1121
-927
-639
-386
-250
35
345
581
744
1020
1334
1444
1559
1754
1912
1723
1470
1313
1016
428
-284
-811
-1486
-2290
-3019
-3540
-4058
-4662
-4925
-4989
-5008
-5036
-4755
-4295
-3941
-3451
-2815
-2193
-1728
-1099
-359
138
542
1070
1623
1976
2297
2736
3064
3251
3520
3833
3968
3864
3901
3916
3690
3326
3015
2702
2095
1569
1163
704
105
-382
-593
-921
-1160
-1274
-1252
-1271
-1211
-913
-735
-561
-363
-11
247
420
715
979
1233
1393
1651
1850
1952
1961
1789
1605
1313
895
175
-517
-1153
-1936
-2767
-3472
-3994
-4653
-5088
-5229
-5258
-5302
-5148
-4673
-4264
-3772
-3170
-2487
-1928
-1370
-661
-99
398
849
1415
1858
2247
2719
3120
3461
3725
4081
4266
4304
4327
4260
4076
3700
3376
2905
2343
1760
1190
627
26
-421
-850
-1174
-1409
-1513
-1522
-1506
-1364
-1190
-948
-730
-479
-207
27
250
473
742
931
1143
1365
1561
1696
1829
1918
1774
1573
1347
996
361
-294
-884
-1663
-2496
-3214
-3785
-4467
-5007
-5211
-5340
-5398
-5283
-4856
-4442
-3966
-3283
-2574
-1914
-1294
-526
128
664
1203
1713
2154
2486
2882
3218
3477
3709
3932
4107
4168
4183
4101
3946
3680
3325
2895
2402
1848
1234
654
93
-457
-947
-1316
-1586
-1812
-1895
-1861
-1764
-1622
-1388
-1086
-829
-511
-171
132
398
693
1007
1182
1398
1644
1814
1877
1950
2073
1924
1679
1440
1116
520
-171
-740
-1477
-2331
-3087
-3676
-4307
-4914
-5195
-5338
-5418
-5347
-4997
-4537
-4067
-3431
-2694
-1971
-1302
-583
143
738
1263
1764
2254
2622
2941
3262
3545
3744
3880
4048
4117
4058
3924
3764
3494
3081
2648
2166
1612
1025
501
-3
-519
-938
-1248
-1480
-1654
-1708
-1667
-1561
-1381
-1155
-908
-658
-387
-116
125
338
527
726
923
1095
1255
1423
1553
1639
1724
1777
1655
1414
1194
887
349
-275
-831
-1497
-2286
-2949
-3474
-4069
-4640
-4879
-4948
-5033
-4968
-4607
-4159
-3740
-3139
-2411
-1771
-1199
-538
145
653
1105
1572
2001
2330
2630
2942
3178
3347
3501
3639
3713
3677
3594
3460
3255
2966
2610
2223
1773
1297
842
405
-38
-457
-763
-1016
-1240
-1374
-1409
-1400
-1362
-1209
-1008
-845
-638
-368
-97
89
307
547
723
883
1044
1218
1320
1410
1514
1560
1580
1459
1271
1006
671
164
-466
-1050
-1722
-2452
-3129
-3657
-4162
-4634
-4846
-4911
-4888
-4774
-4423
-3974
-3504
-2888
-2226
-1565
-946
-266
360
863
1357
1786
2149
2442
2754
3011
3173
3345
3517
3638
3644
3636
3581
3405
3167
2921
2612
2179
1749
1357
911
424
-8
-398
-793
-1107
-1315
-1479
-1602
-1611
-1528
-1401
-1234
-1032
-806
-566
-320
-69
183
392
565
791
1039
1204
1307
1456
1577
1585
1570
1546
1344
1002
695
355
-207
-858
-1412
-2005
-2679
-3240
-3648
-4102
-4501
-4606
-4551
-4530
-4411
-4045
-3624
-3220
-2670
-2029
-1483
-967
-307
349
841
1305
1817
2238
2561
2917
3241
3422
3561
3744
3861
3844
3785
3688
3497
3224
2923
2577
2140
1666
1210
782
334
-115
-492
-797
-1075
-1297
-1419
-1485
-1542
-1529
-1405
-1273
-1172
-1003
-774
-587
-420
-187
29
168
334
561
713
795
940
1064
1066
1050
1067
936
661
429
182
-257
-751
-1136
-1583
-2127
-2546
-2833
-3186
-3504
-3582
-3559
-3569
-3456
-3154
-2850
-2554
-2133
-1661
-1278
-900
-438
-1
355
711
1106
1467
1789
2134
2475
2762
3014
3263
3470
3579
3615
3604
3527
3347
3096
2806
2453
2027
1592
1174
728
257
-151
-490
-817
-1107
-1296
-1426
-1552
-1605
-1557
-1504
-1460
-1324
-1129
-966
-790
-532
-277
-70
177
458
683
865
1069
1234
1303
1275
1189
1029
760
362
-102
-574
-1123
-1724
-2248
-2691
-3146
-3540
-3705
-3763
-3817
-3732
-3455
-3136
-2839
-2399
-1891
-1458
-1043
-536
-37
333
729
1165
1551
1871
2226
2592
2859
3096
3335
3526
3605
3623
3597
3479
3291
3026
2718
2355
1940
1504
1059
626
168
-260
-634
-955
-1247
-1480
-1619
-1714
-1752
-1709
-1602
-1481
-1323
-1107
-902
-694
-460
-227
-38
162
394
572
724
902
1060
1141
1201
1269
1211
1042
851
601
206
-272
-709
-1208
-1772
-2266
-2656
-3039
-3386
-3539
-3588
-3617
-3528
-3270
-2970
-2677
-2257
-1761
-1308
-860
-331
188
597
1009
1458
1827
2098
2382
2663
2844
2972
3111
3210
3204
3151
3095
2968
2744
2473
2186
1837
1427
1030
647
242
-166
-491
-751
-998
-1189
-1274
-1306
-1314
-1237
-1092
-953
-806
-604
-389
-218
-44
138
282
407
550
674
754
830
907
924
898
856
735
514
276
7
-373
-815
-1204
-1610
-2080
-2479
-2755
-3035
-3290
-3363
-3315
-3271
-3137
-2831
-2491
-2170
-1762
-1281
-856
-482
-62
345
658
937
1231
1485
1673
1861
2058
2221
2352
2489
2618
2695
2727
2729
2698
2594
2419
2216
1971
1664
1328
1012
681
332
27
-220
-461
-680
-817
-903
-986
-1025
-984
-934
-897
-799
-657
-549
-439
-274
-113
6
155
337
474
581
726
847
879
890
904
813
616
413
164
-208
-633
-1017
-1437
-1914
-2324
-2640
-2949
-3210
-3316
-3321
-3289
-3156
-2889
-2573
-2250
-1858
-1415
-996
-606
-193
211
553
871
1193
1484
1724
1952
2171
2356
2499
2622
2720
2760
2752
2709
2612
2456
2257
2022
1745
1439
1123
804
487
191
-73
-298
-485
-624
-711
-755
-762
-731
-667
-588
-502
-400
-291
-194
-96
5
105
194
276
369
450
504
556
607
608
562
506
398
200
-37
-291
-616
-996
-1355
-1694
-2062
-2386
-2608
-2792
-2947
-2984
-2913
-2830
-2690
-2438
-2152
-1892
-1570
-1190
-858
-555
-203
148
420
689
997
1258
1455
1677
1907
2067
2194
2342
2457
2495
2515
2528
2470
2352
2213
2040
1808
1541
1274
992
693
407
152
-82
-291
-458
-570
-640
-681
-683
-638
-574
-506
-423
-308
-212
-140
-40
65
132
193
280
352
378
412
458
451
399
357
284
139
-46
-230
-455
-745
-1033
-1298
-1588
-1881
-2115
-2294
-2455
-2565
-2580
-2535
-2464
-2321
-2102
-1862
-1615
-1319
-1004
-716
-428
-127
146
382
614
835
1028
1199
1362
1523
1663
1786
1906
2009
2085
2132
2151
2136
2080
1974
1837
1665
1460
1232
997
763
525
304
110
-59
-209
-322
-396
-450
-476
-463
-429
-389
-321
-231
-143
-59
38
131
205
277
343
384
408
431
434
408
374
325
238
133
10
-158
-357
-571
-814
-1088
-1361
-1625
-1889
-2135
-2324
-2471
-2579
-2616
-2581
-2498
-2365
-2164
-1915
-1649
-1350
-1025
-699
-385
-63
247
524
783
1028
1246
1423
1588
1732
1838
1919
1989
2030
2031
2014
1970
1891
1785
1660
1509
1339
1161
977
790
612
441
283
149
36
-55
-114
-141
-146
-130
-91
-34
24
85
149
199
234
256
264
252
226
194
149
93
38
-22
-87
-160
-237
-315
-411
-516
-629
-764
-901
-1055
-1227
-1400
-1582
-1758
-1928
-2081
-2201
-2292
-2337
-2316
-2247
-2104
-1909
-1661
-1355
-1023
-658
-287
69
425
738
1015
1250
1429
1572
1668
1726
1762
1768
1767
1756
1733
1717
1685
1647
1599
1526
1441
1327
1187
1024
836
637
429
217
21
-164
-317
-435
-523
-565
-573
-541
-475
-390
-278
-155
-30
91
200
293
362
399
412
396
351
285
201
111
11
-87
-177
-257
-334
-403
-465
-533
-604
-683
-772
-870
-978
-1086
-1198
-1305
-1395
-1466
-1511
-1523
-1502
-1441
-1347
-1217
-1061
-880
-682
-474
-265
-66
123
290
442
567
666
744
798
833
854
857
853
846
832
817
799
781
764
747
731
718
705
690
674
659
640
623
601
578
555
533
513
491
474
458
445
433
423
412
399
387
363
334
297
251
196
130
59
-21
-103
-189
-271
-348
-424
-487
-544
-590
-629
-663
-692
-722
-750
-783
-820
-859
-903
-955
-1007
-1059
-1104
-1139
-1165
-1173
-1163
-1133
-1079
-1007
-911
-795
-668
-522
-372
-216
-62
88
234
369
493
599
693
772
832
878
915
937
945
945
936
922
898
871
836
794
751
701
652
601
546
493
443
397
354
322
299
285
283
294
311
339
370
404
433
453
458
447
412
360
284
188
83
-36
-154
-273
-379
-477
-558
-625
-680
-717
-744
-767
-783
-798
-812
-828
-845
-863
-876
-884
-886
-878
-858
-824
-783
-728
-662
-594
-522
-446
-374
-308
-244
-188
-136
-92
-54
-19
14
44
75
106
141
179
221
273
331
394
467
542
616
688
754
812
858
891
911
915
904
880
847
805
758
711
664
620
580
541
507
471
438
398
358
313
264
209
153
97
41
-10
-55
-97
-136
-175
-213
-257
-302
-352
-411
-470
-534
-597
-658
-713
-762
-806
-841
-867
-884
-900
-908
-912
-913
-911
-902
-887
-859
-816
-764
-694
-613
-519
-415
-305
-194
-84
17
111
191
261
318
363
401
435
463
488
510
528
546
558
570
580
587
595
608
625
648
669
688
706
718
727
721
708
688
659
626
587
549
513
470
430
391
345
292
231
162
90
11
-67
-142
-213
-274
-331
-381
-423
-463
-500
-537
-571
-605
-637
-666
-689
-709
-720
-723
-724
-709
-691
-667
-641
-612
-580
-547
-516
-482
-447
-414
-379
-344
-305
-266
-222
-174
-127
-72
-17
38
95
151
204
251
297
337
369
396
421
435
449
458
459
462
459
458
448
442
438
432
428
425
427
430
435
444
454
466
472
476
473
462
449
423
387
349
304
254
204
153
102
50
4
-43
-87
-130
-176
-216
-261
-304
-349
-394
-438
-481
-520
-555
-586
-611
-628
-637
-640
-635
-623
-606
-585
-561
-535
-509
-480
-451
-424
-393
-358
-325
-289
-248
-210
-168
-125
-80
-33
13
61
109
152
193
229
262
288
310
324
335
343
346
350
349
354
362
376
389
408
432
461
495
526
558
586
606
620
621
613
591
559
516
465
410
349
293
233
185
136
91
52
10
-29
-72
-121
-173
-232
-296
-366
-437
-505
-571
-631
-680
-716
-742
-753
-750
-734
-703
-661
-614
-561
-503
-448
-397
-349
-310
-276
-243
-220
-197
-177
-158
-139
-117
-93
-66
-36
-4
28
61
95
124
153
178
198
215
235
252
266
282
301
322
347
375
407
444
484
524
561
595
627
650
666
669
659
640
608
563
508
448
379
304
228
148
73
-4
-72
-138
-198
-254
-307
-349
-388
-420
-448
-469
-487
-502
-510
-512
-512
-507
-498
-481
-464
-442
-415
-386
-350
-313
-273
-234
-198
-162
-132
-107
-88
-72
-68
-67
-73
-81
-90
-96
-101
-101
-94
-80
-59
-35
-4
29
63
97
128
156
179
201
216
223
235
243
250
260
268
278
291
304
319
334
347
358
368
376
382
381
375
367
353
335
311
282
251
215
176
135
94
53
13
-28
-63
-99
-130
-158
-183
-209
-228
-244
-258
-271
-282
-292
-304
-307
-312
-313
-314
-313
-313
-305
-300
-289
-278
-266
-250
-236
-222
-211
-199
-192
-185
-181
-179
-180
-183
-183
-186
-180
-173
-162
-145
-121
-91
-57
-16
29
81
133
186
235
282
325
363
394
416
430
441
445
441
431
420
407
391
374
355
337
315
292
268
243
212
178
143
108
69
30
-6
-38
-67
-95
-110
-122
-129
-132
-132
-127
-124
-122
-122
-127
-136
-150
-170
-193
-219
-246
-268
-292
-312
-326
-337
-341
-340
-337
-328
-311
-294
-279
-260
-239
-222
-205
-185
-164
-140
-114
-83
-51
-17
21
60
101
139
176
211
239
261
278
289
292
293
287
275
263
247
235
220
206
195
185
176
171
167
162
159
155
151
147
144
137
133
124
117
110
98
87
77
64
51
35
17
-2
-24
-48
-73
-98
-129
-160
-191
-222
-250
-278
-303
-320
-331
-336
-334
-323
-309
-287
-258
-225
-191
-159
-124
-94
-65
-39
-19
-3
8
19
25
28
31
33
37
41
43
47
52
56
61
64
70
78
82
90
96
102
107
114
120
122
128
134
141
141
145
147
148
150
149
151
152
150
150
149
147
143
139
133
126
114
98
80
53
24
-8
-45
-82
-115
-150
-177
-200
-215
-225
-224
-215
-202
-181
-159
-134
-112
-91
-72
-58
-48
-42
-39
-41
-48
-54
-62
-71
-77
-81
-84
-91
-93
-92
-91
-87
-81
-71
-60
-44
-26
-3
16
39
61
82
103
121
135
147
157
162
163
160
152
143
132
119
104
85
67
50
33
19
9
0
-5
-9
-7
-6
-3
4
13
20
25
33
38
42
45
43
42
39
31
23
15
4
-9
-23
-36
-48
-63
-77
-86
-98
-106
-112
-121
-123
-118
-117
-112
-104
-93
-76
-63
-46
-31
-18
-1
12
26
38
47
53
56
56
54
49
43
34
25
15
5
-3
-11
-18
-21
-25
-25
-25
-22
-17
-10
-5
-1
6
12
17
21
26
30
33
38
41
39
42
41
42
39
37
37
28
26
24
22
18
14
11
10
10
8
6
8
5
8
5
1
-1
-4
-5
-8
-12
-16
-17
-17
-20
-23
-24
-24
-27
-28
-26
-28
-27
-24
-25
-21
-20
-17
-13
-6
-5
-1
2
4
6
6
7
6
4
3
2
-3
-6
-9
-9
-10
-10
-13
-14
-14
-13
-14
-13
-9
-10
-4
-3
0
4
7
12
15
21
23
26
27
27
27
25
23
19
17
15
12
12
10
11
11
9
12
7
6
7
6
5
4
3
0
-2
-5
-7
-12
-14
-15
-19
-23
-22
-22
-22
-22
-18
-15
-12
-13
-8
-4
-3
1
0
2
6
8
10
10
12
16
14
15
16
17
12
11
8
7
3
-2
-6
-6
-6
-8
-6
-6
-6
-5
1
0
3
3
4
3
2
4
1
-1
-3
0
-1
0
1
-1
-2
-1
-1
-2
-3
-4
-6
-5
-8
-11
-10
-11
-12
-12
-12
-10
-11
-11
-8
-7
-6
-2
-1
3
7
8
10
11
12
13
12
12
12
10
10
9
7
7
8
8
8
7
6
5
7
4
3
3
0
-2
-5
-5
-9
-9
-7
-8
-8
-7
-7
-5
-4
-3
-1
-1
1
1
0
-1
-1
-3
-2
-1
0
0
-1
-1
-2
-1
0
-1
-2
-3
-1
0
-2
-1
-2
-3
-4
-2
1
2
3
4
6
5
5
6
4
3
3
2
3
3
4
2
3
4
0
-3
-2
-3
-4
-2
-5
-7
-9
-11
-12
-12
-11
-12
-11
-8
-5
-3
-2
-1
3
5
8
8
9
10
13
11
11
12
9
9
7
6
5
2
-1
-2
-3
-4
-2
-1
-1
-2
-3
1
0
5
5
3
7
8
6
6
5
5
3
2
2
2
2
-1
-1
-1
-1
-4
-5
-6
-4
-6
-6
-8
-11
-12
-11
-10
-12
-11
-11
-9
-7
-7
-5
-3
-1
-1
-2
1
5
3
4
2
2
0
2
1
0
2
1
3
1
2
2
4
7
7
7
8
7
7
4
5
5
8
6
5
7
6
6
5
6
8
7
6
5
3
0
-1
-1
-5
-5
-5
-6
-8
-8
-7
-9
-9
-8
-8
-7
-5
-6
-5
-6
-5
-5
-6
-4
-5
-4
-1
-2
-3
-3
0
1
2
3
4
4
1
3
2
-1
0
2
1
2
3
3
2
3
4
4
5
7
7
7
7
7
7
5
5
3
-1
-4
-2
-4
-7
-7
-9
-7
-7
-3
-4
-3
0
1
3
3
2
4
6
4
4
4
2
0
1
0
-1
-1
-1
-2
-3
-4
-2
-3
-3
-4
-4
-4
-6
-5
-7
-7
-5
-5
-1
-1
-1
0
3
6
7
7
7
6
8
8
7
6
6
5
2
0
-2
-4
-5
-4
-5
-6
-7
-6
-5
-3
-3
0
-2
-1
0
-1
0
-2
1
-1
-4
-1
1
2
3
4
5
6
7
7
7
7
7
7
6
3
1
2
-1
0
-1
-3
-4
-5
-4
-4
-5
-3
-5
-6
-7
-6
-6
-5
-4
-4
-4
-3
-1
0
1
3
2
5
6
5
5
5
5
4
4
2
2
-1
-2
-2
-3
-2
-6
-5
-5
-5
-5
-3
-2
-2
1
0
1
1
0
0
-1
-1
0
2
2
4
4
4
6
8
7
8
6
4
5
5
3
2
1
1
-1
-3
-3
-3
-1
-2
0
-4
-4
-3
-4
-3
-5
-3
-5
-4
-4
-1
-3
-3
-3
-1
-2
-3
0
0
2
1
-1
-1
-1
-1
-4
-5
-6
-5
-6
-4
-4
-3
-4
-2
-1
0
1
1
5
4
5
7
7
7
9
5
7
6
5
4
2
3
1
2
2
1
3
1
2
1
0
-1
-1
2
3
4
1
-1
-1
1
-1
-1
-1
-2
-1
-3
-2
-2
-3
-3
-4
-4
-5
-6
-7
-5
-1
-3
-4
-3
-5
-3
0
-2
0
0
0
0
-1
0
0
-1
2
1
2
3
-1
0
2
3
2
2
0
1
2
0
0
-1
1
1
2
2
3
3
2
2
3
2
1
2
2
1
1
1
1
1
0
3
4
2
-1
-3
-3
-2
-1
-1
-1
0
-2
0
0
-1
-3
-4
-2
-1
-1
-1
-1
-2
1
-1
-1
-1
-2
1
2
0
-1
1
1
-3
-3
0
-2
-1
0
-1
-1
0
-1
-4
-1
-2
-3
-1
-2
0
-1
1
3
0
1
2
3
1
1
-2
1
1
-1
-1
1
1
0
-1
0
0
-1
1
2
1
0
2
0
0
1
0
-2
-1
1
3
