-25
0
-2
-15
-14
8
-10
-30
9
5
8
-3
-2
5
-18
12
20
18
13
11
0
-18
27
-23
-16
39
29
12
4
15
18
7
2
-2
27
5
-11
31
16
-4
-14
-12
25
14
-10
5
-4
-6
-4
6
-6
11
1
7
-9
-24
26
-7
-45
18
10
-18
-17
4
4
-4
-22
-38
28
20
-19
-11
7
14
-19
-9
14
-18
13
9
-24
-26
10
9
-19
34
-10
-26
2
10
14
-37
-27
-2
13
19
-21
2
22
-3
11
16
35
-1
20
33
-20
0
8
-13
11
-39
-13
72
-7
-52
-16
42
-18
-45
3
6
14
-18
-35
24
-24
9
-9
7
55
-10
-13
-23
18
-3
-25
11
-6
11
18
14
5
-55
-1
11
0
10
7
6
4
11
-17
-1
7
-17
-6
54
10
-39
-5
20
0
-7
-20
7
12
28
-16
-26
-5
-20
20
-45
25
31
-20
-1
2
-3
-17
16
2
5
26
2
-37
34
12
-19
-15
18
57
0
-20
-15
3
-25
25
9
8
10
-1
-12
-7
9
-42
-18
33
19
-14
-13
-13
23
-40
-25
42
-3
-10
-5
-9
9
12
-38
1
9
-2
23
-39
11
16
21
-30
-2
29
-30
31
-13
4
20
-5
-20
28
-7
-18
15
19
-5
-10
15
-4
10
-18
-13
55
-17
-15
30
-26
-25
4
17
15
-3
-13
3
5
-14
-5
-12
1
29
-15
25
-30
-19
12
-6
3
2
-15
26
-2
-2
-6
-37
11
34
-16
-3
30
-36
-17
43
4
-30
7
2
26
21
-44
-3
22
4
-21
32
-3
-64
18
38
-7
-3
19
-25
-9
-15
32
-20
1
50
-81
93
-12
-58
11
-20
-19
45
39
-25
-25
-16
87
-65
-38
0
68
-63
74
-2
-122
124
3
-104
-1
74
-11
-30
41
1
-65
57
27
-90
12
16
32
26
-11
-11
-31
-4
72
-66
-19
71
13
-5
-5
-36
-47
67
-29
-29
45
92
-26
-92
-22
68
-39
-20
38
3
86
-65
-14
-6
-17
-75
98
10
-43
75
-5
-43
13
-40
-8
-11
44
11
52
-66
-17
46
-55
-9
-48
46
45
37
-50
-24
0
28
-64
-23
78
1
-5
19
-4
23
-66
4
18
-19
37
-21
17
28
-18
-64
72
-46
-19
64
-7
3
7
-45
72
-30
-44
37
75
-52
-25
94
-60
-14
-1
56
-13
-98
118
20
-128
94
-1
-71
67
-34
-27
4
133
-157
-37
103
-77
89
-119
-11
67
-39
-63
89
-37
-29
4
-34
10
-59
40
-36
-4
31
-35
-1
20
-41
-53
75
-14
11
89
-87
34
24
-75
46
-12
113
-27
5
48
-67
29
-21
106
14
106
-51
-96
151
-38
1
83
50
-95
69
154
-178
95
-22
-75
117
20
-27
-63
116
-112
10
-79
-73
179
-144
173
-132
-169
50
-121
98
-184
149
-80
-102
-2
-159
128
-70
-141
10
163
-170
-71
87
-56
18
-38
87
45
-176
198
89
-21
47
3
55
110
61
-121
152
155
-21
7
7
198
-3
32
-45
17
199
-201
136
73
-109
-17
65
-177
81
50
-183
125
-121
-116
-50
-98
49
41
-127
-182
-74
-113
-19
63
-210
11
78
-170
-222
83
-75
-88
276
-122
-35
138
-289
55
306
-219
94
158
74
60
-79
110
63
45
149
85
50
114
40
121
13
-1
93
268
42
-200
267
1
102
-9
71
10
80
27
-33
94
-85
62
-102
64
24
-173
-72
21
-137
-63
-138
-68
-119
-61
-198
-175
16
-174
-199
-70
-37
-193
-111
-38
-133
-39
-56
-56
-215
143
-98
-124
229
-121
-24
64
23
-53
125
182
50
163
-14
120
89
-59
409
128
163
118
35
131
103
148
107
325
366
-249
253
218
-220
243
176
-85
313
19
-102
50
56
-78
-120
45
-104
-75
-246
-45
-177
-336
-216
-135
-268
-252
-222
-380
-303
-189
-263
-296
-225
-192
-186
-275
-95
-175
-70
-76
102
-24
6
-21
85
211
-17
322
266
186
119
389
81
263
471
194
316
407
242
259
378
260
336
404
173
284
576
-5
254
372
186
330
-51
212
291
-113
-1
128
-292
-168
-119
-243
-299
-494
-366
-412
-557
-579
-539
-639
-603
-573
-659
-761
-607
-525
-600
-572
-390
-363
-610
-242
-196
-238
-73
-87
26
248
42
221
137
303
405
243
514
664
404
309
687
591
375
656
668
587
884
606
559
775
358
561
847
408
790
573
329
530
413
94
423
281
-31
375
-120
-134
-119
-253
-503
-550
-308
-819
-666
-708
-923
-844
-968
-922
-1138
-926
-1013
-1026
-918
-965
-847
-808
-723
-736
-606
-491
-455
-318
-117
-95
5
92
177
248
354
378
441
763
509
648
827
539
683
971
556
709
1044
820
816
737
896
772
630
699
915
751
873
705
432
785
488
532
487
340
499
147
133
133
-204
-108
-419
-564
-450
-644
-758
-906
-870
-1168
-1107
-1091
-1389
-1190
-1223
-1258
-1246
-1179
-1050
-1044
-1015
-971
-785
-674
-600
-359
-225
-173
-84
8
90
148
505
390
465
641
480
482
576
679
542
724
669
646
619
574
819
524
678
866
734
711
855
864
717
840
776
898
557
956
692
532
784
508
496
411
367
409
46
350
70
-238
-39
-676
-452
-587
-666
-914
-956
-1031
-1173
-1301
-1418
-1351
-1424
-1300
-1335
-1447
-1229
-1279
-1260
-1098
-976
-891
-659
-418
-493
-381
-160
-60
119
347
347
432
535
728
684
657
613
742
636
848
760
675
815
674
792
670
721
566
789
881
731
916
628
635
978
551
660
900
725
808
698
736
535
545
346
658
307
367
429
-401
-68
-398
-731
-667
-781
-802
-1121
-1046
-1299
-1579
-1559
-1643
-1441
-1505
-1326
-1403
-1257
-1232
-1273
-1265
-1090
-736
-679
-383
-168
-273
-83
60
176
224
342
762
674
781
759
428
700
599
637
631
714
971
430
637
581
635
554
726
683
699
811
642
672
701
739
969
611
538
1153
719
521
783
737
477
669
712
499
464
228
403
122
-440
-356
-658
-816
-630
-875
-875
-1059
-1442
-1380
-1675
-1526
-1580
-1600
-1536
-1504
-1590
-1452
-1342
-1541
-1174
-1076
-865
-641
-406
-314
-353
-79
16
112
512
571
533
939
814
631
902
960
730
949
896
1109
581
754
837
636
847
876
1001
735
966
871
589
905
1169
640
1235
809
574
1060
945
413
906
794
386
652
553
740
184
342
-82
-416
-257
-801
-587
-881
-1202
-1062
-1197
-1430
-1561
-1562
-1854
-1743
-1884
-1659
-1789
-1758
-1610
-1664
-1552
-1350
-1186
-991
-813
-616
-345
-327
-155
179
400
419
609
811
789
823
1184
843
947
1194
1138
949
723
1005
964
871
585
831
700
860
779
638
1060
748
684
741
877
813
534
818
889
631
619
946
791
732
607
744
639
439
627
353
97
-153
-601
-557
-774
-993
-901
-1070
-1341
-1463
-1707
-1809
-2004
-1968
-1865
-1957
-1815
-1847
-1885
-1662
-1518
-1468
-1178
-991
-803
-516
-406
-191
16
134
310
622
865
734
943
1016
993
1162
1047
1126
1286
863
1097
1077
607
1285
654
797
952
669
842
709
848
868
894
926
467
1161
710
711
1285
1020
850
814
905
544
990
390
928
808
426
623
-93
-495
-670
-796
-1005
-865
-1097
-1164
-1388
-1775
-1889
-2319
-2269
-2229
-2124
-1994
-2265
-2029
-2090
-2161
-1815
-1628
-1326
-1028
-861
-559
-484
-245
-104
89
367
806
854
1103
1200
1165
1282
1178
1169
1397
1490
1317
1091
1227
1277
956
964
991
736
842
1031
822
875
704
789
861
950
863
999
1138
962
1046
1004
744
611
969
771
611
658
835
508
239
167
-542
-612
-859
-889
-893
-1115
-1349
-1768
-1914
-2195
-2278
-2325
-2244
-2315
-2170
-2199
-2326
-2181
-2032
-1926
-1562
-1252
-1028
-738
-577
-359
-190
108
354
675
843
1024
1288
1055
1142
1360
1271
1277
1277
1268
1144
1313
1098
791
966
1006
919
839
1025
831
712
726
1000
945
811
678
1034
1408
924
1138
1252
999
1108
467
833
950
779
700
1086
451
14
-245
-1126
-602
-967
-1024
-1345
-1385
-1771
-2196
-2167
-2380
-2442
-2458
-2377
-2359
-2439
-2440
-2401
-2345
-2159
-1732
-1502
-1301
-847
-487
-305
15
175
511
813
1210
1338
1430
1531
1322
1590
1479
1512
1542
1511
1344
1378
1150
837
941
1076
834
798
742
428
521
715
568
560
723
542
1034
913
648
1021
911
1013
1123
793
889
1160
916
820
1217
754
356
-19
-537
-721
-971
-772
-1060
-1434
-1705
-1748
-2200
-2566
-2530
-2698
-2492
-2390
-2338
-2433
-2410
-2383
-2226
-1948
-1554
-1259
-1007
-763
-486
-265
-53
185
512
998
1146
1396
1550
1399
1411
1474
1242
1561
1458
1324
1393
1155
1112
955
1121
955
974
824
752
828
846
666
596
907
1035
794
1327
991
967
945
1209
1232
766
801
1213
976
1145
1140
792
982
57
-471
-825
-847
-1147
-1219
-1629
-1639
-1903
-2592
-2648
-2723
-2856
-2912
-2709
-2651
-2740
-2739
-2677
-2500
-2179
-1824
-1500
-1108
-759
-416
-237
122
348
655
1040
1359
1487
1583
1663
1688
1540
1540
1886
1439
1538
1393
1598
788
1130
862
889
1048
435
918
539
933
590
918
770
1200
1276
998
1327
1247
1171
1035
1325
1276
973
1404
1330
972
994
884
731
-367
-286
-703
-1242
-992
-1512
-1674
-1946
-2112
-2553
-2766
-2829
-3140
-2955
-2993
-2854
-2941
-2794
-2670
-2562
-2140
-1909
-1483
-1086
-712
-391
-355
30
413
674
1098
1422
1531
1709
1958
1787
1612
1568
1841
1548
1603
1911
1196
1327
1286
851
930
1127
902
805
888
774
794
628
815
966
922
1149
1238
1516
1501
681
972
1440
1221
1236
1372
1107
1235
907
-36
-279
-774
-1057
-970
-1161
-1290
-1771
-2107
-2436
-2865
-3153
-3122
-3074
-2944
-2890
-3056
-3163
-3171
-2987
-2574
-2040
-1714
-1433
-909
-608
-399
-141
241
644
1042
1377
1721
1803
1970
1860
1893
2007
1804
1863
2075
1865
1306
1498
1294
936
1185
1048
534
835
644
686
978
661
550
1018
1023
1143
1091
1175
1474
1578
1027
982
1073
1568
1183
1149
1384
894
442
-281
-489
-1015
-778
-1015
-1424
-1825
-2175
-2417
-2965
-3098
-3211
-3117
-3023
-3050
-3105
-3322
-3209
-2981
-2642
-2188
-1748
-1421
-1048
-699
-522
-139
272
756
1117
1601
2006
1965
2049
2188
2122
2066
2102
2161
2000
1807
1634
1009
1002
1166
757
929
794
409
624
261
443
506
860
697
829
1331
1136
1161
1096
1350
1587
1329
1295
1820
1437
1822
1605
1074
45
-397
-473
-1062
-753
-1281
-1600
-2119
-2464
-2909
-3520
-3422
-3458
-3339
-3257
-3205
-3496
-3639
-3364
-3148
-2611
-2136
-1696
-1310
-962
-658
-347
77
571
1091
1562
1876
2029
2130
2302
2312
2351
2460
2369
2363
2111
1789
1535
1336
1262
1195
1129
837
742
789
617
375
527
508
814
792
960
1331
1141
1222
1400
1501
947
1452
1872
1277
1688
1926
1004
666
-78
-865
-917
-790
-1368
-1497
-1931
-2627
-2970
-3506
-3713
-3830
-3654
-3601
-3621
-3732
-3817
-3787
-3485
-2942
-2405
-1850
-1389
-937
-647
-292
178
613
1157
1716
2087
2387
2552
2578
2603
2595
2682
2655
2567
2505
2178
1917
1655
1059
1301
1280
875
826
683
363
38
423
356
283
818
822
902
894
1122
1171
1085
1236
1488
1576
1426
1890
1645
1209
504
-515
-702
-763
-889
-1150
-1672
-2253
-2965
-3291
-3728
-3913
-3931
-3838
-3816
-3967
-4021
-4159
-3884
-3500
-2874
-2329
-1917
-1355
-965
-530
-25
490
1047
1656
2227
2607
2743
2857
2986
3170
3298
3322
3145
2986
2715
2249
1879
1681
1716
1300
833
802
463
196
185
235
278
287
183
597
866
532
1143
1117
1107
1302
1542
1517
1545
1811
1980
1308
407
-115
-483
-681
-854
-1162
-1784
-2371
-2790
-3287
-4026
-4235
-4330
-4258
-4052
-4233
-4485
-4512
-4244
-3772
-3290
-2667
-2199
-1749
-1091
-604
-161
498
1137
1774
2359
2702
2871
2964
3280
3443
3434
3511
3370
3125
2921
2622
2172
1851
1671
1411
1269
867
381
251
290
290
320
236
403
493
538
825
1039
1089
1290
1559
1585
1848
1932
2201
2216
1257
160
-415
-474
-872
-718
-1071
-2122
-2794
-3228
-3816
-4366
-4361
-4327
-4349
-4419
-4652
-4954
-4991
-4397
-3831
-3236
-2437
-2161
-1705
-1125
-731
-6
867
1667
2283
2763
2970
3021
3281
3559
3726
3932
3881
3576
3232
2834
2445
2169
1998
1753
1378
1026
739
314
127
2
156
263
234
458
734
836
663
999
1249
1630
2046
1914
1931
2087
2290
1200
54
-424
-353
-554
-983
-1251
-2293
-3168
-3525
-4008
-4490
-4574
-4658
-4749
-4785
-4961
-5252
-5094
-4476
-3759
-3198
-2612
-2194
-1689
-968
-353
341
1132
1944
2586
3072
3356
3441
3685
4073
4137
4083
3945
3564
3194
2993
2633
2123
1925
1683
1327
1009
544
200
-36
0
156
5
26
194
611
701
783
1062
1139
1393
1739
1959
2017
2363
2393
1284
-61
-514
-389
-438
-606
-1298
-2444
-3378
-3810
-4237
-4646
-4661
-4634
-4879
-5067
-5364
-5695
-5422
-4613
-3843
-3156
-2677
-2399
-1829
-1018
-175
684
1572
2230
2733
3161
3430
3679
4078
4423
4487
4303
4031
3670
3346
3191
2885
2497
2162
1727
1306
867
551
309
329
446
330
114
51
303
628
884
919
1092
1286
1489
1766
1946
2218
2196
1096
-227
-623
-358
-438
-808
-1430
-2638
-3701
-3911
-4266
-4736
-4756
-4931
-5187
-5419
-5707
-5919
-5449
-4614
-3889
-3284
-2899
-2653
-2067
-1065
-54
785
1731
2336
2808
3260
3597
4003
4477
4847
4864
4687
4354
3982
3653
3520
3219
2772
2311
1772
1226
787
472
239
139
182
-14
-244
-9
367
663
687
877
995
1245
1759
1994
2111
2505
2448
945
-369
-672
-317
-321
-521
-1281
-2812
-3921
-4266
-4541
-4791
-4877
-5113
-5559
-5922
-6196
-6192
-5702
-4873
-4046
-3523
-3237
-2906
-2088
-1053
3
1013
1754
2239
2890
3538
3992
4389
4892
5047
4984
4887
4529
4230
4095
3954
3475
2900
2253
1740
1312
1019
581
47
-64
78
18
-83
23
161
513
854
1055
998
1195
1596
2183
2647
3004
2182
201
-816
-349
83
-348
-941
-1987
-3327
-4021
-4220
-4726
-5086
-5169
-5373
-5770
-6119
-6440
-6316
-5479
-4571
-4070
-3695
-3348
-2904
-1790
-566
367
1130
1863
2411
3011
3627
4115
4603
5156
5268
4974
4737
4547
4327
4170
3964
3364
2696
2131
1678
1285
952
565
238
96
-143
-347
-325
-189
138
809
959
622
666
1369
1884
2314
2917
2990
1576
-189
-562
32
394
82
-792
-2365
-3683
-4203
-4267
-4360
-4548
-5147
-5792
-6199
-6471
-6480
-5920
-5200
-4700
-4240
-3995
-3786
-2915
-1460
-260
550
1241
1705
2275
3154
3962
4440
4860
5145
4988
4826
4771
4657
4552
4401
3860
3095
2504
2136
1821
1533
1103
514
60
-164
-47
225
435
329
302
412
791
1156
1372
1656
1980
2497
2824
1641
-297
-808
181
475
-138
-992
-2468
-3886
-3968
-3701
-4234
-4820
-5167
-5708
-6191
-6266
-6206
-5932
-5257
-4551
-4292
-4135
-3727
-2816
-1492
-349
420
898
1367
2142
3114
3871
4370
4656
4806
4784
4712
4734
4698
4591
4412
3923
3198
2576
2267
2071
1704
1193
550
70
5
38
13
56
-24
-16
463
833
781
888
1500
1909
2169
2800
2355
204
-859
62
837
345
-591
-1930
-3478
-3782
-3353
-3651
-4354
-4966
-5570
-5982
-6030
-5994
-5776
-5246
-4800
-4584
-4409
-3988
-3122
-1799
-710
-95
404
969
1721
2811
3734
4131
4367
4593
4658
4630
4810
4892
4691
4387
3924
3230
2791
2530
2331
1907
1345
675
192
130
218
110
89
158
205
407
565
752
1075
1477
1675
1978
2659
2454
409
-926
-248
855
486
-537
-1867
-3395
-3885
-3306
-3401
-4330
-5152
-5687
-5981
-5946
-5868
-5845
-5569
-5071
-4643
-4396
-3962
-3148
-1892
-877
-208
295
884
1658
2824
3767
4085
4293
4601
4728
4869
5038
4978
4744
4452
4094
3503
2997
2657
2464
2052
1294
609
270
161
172
164
-8
-234
-283
108
664
689
603
1099
1579
1730
2094
2753
1381
-649
-615
836
920
-215
-1252
-2609
-3573
-3288
-2876
-3778
-4860
-5382
-5730
-5874
-5725
-5543
-5482
-5288
-4924
-4678
-4288
-3520
-2322
-1343
-854
-343
384
1112
2148
3312
3872
3830
4126
4571
4727
4938
5062
4806
4386
4157
3747
3338
3102
2840
2326
1680
942
389
329
487
481
198
-130
-160
66
464
765
904
912
1069
1500
2138
2751
1682
-532
-1046
464
1185
216
-1148
-2561
-3614
-3189
-2554
-3249
-4529
-5430
-5747
-5591
-5321
-5436
-5548
-5338
-5022
-4670
-4196
-3602
-2721
-1564
-908
-615
-17
894
2032
3092
3540
3529
3787
4300
4678
4922
4920
4617
4331
4216
3899
3436
3136
2821
2450
1898
1313
725
551
653
466
134
-114
-107
-236
109
870
803
487
827
1359
1600
2231
2628
595
-1317
-524
1173
941
-440
-1673
-3035
-3493
-2797
-2507
-3611
-4910
-5441
-5457
-5317
-5269
-5238
-5182
-5141
-4876
-4440
-3937
-3170
-2156
-1424
-1116
-559
336
1296
2318
3036
3210
3355
3928
4438
4661
4842
4720
4378
4223
4203
3839
3466
3192
2747
2252
1759
1211
714
814
932
507
14
8
251
405
658
717
552
632
1011
1438
2028
2511
953
-1314
-1179
775
1132
-320
-1681
-2911
-3562
-2891
-2305
-3303
-4735
-5480
-5412
-5121
-4956
-5101
-5193
-5060
-4788
-4308
-3752
-3146
-2218
-1398
-1168
-828
94
1283
2211
2847
2972
3012
3617
4387
4705
4632
4461
4218
4046
4091
3913
3464
3002
2654
2223
1723
1313
1030
984
752
223
-128
-80
28
281
597
688
279
235
813
1502
1771
1964
1962
260
-1382
-506
1438
978
-985
-2180
-2906
-3218
-2395
-2061
-3476
-5080
-5341
-4926
-4783
-4682
-4734
-5075
-5199
-4589
-3843
-3384
-2827
-2000
-1518
-1309
-603
554
1497
2152
2634
2743
2879
3676
4600
4628
4280
4123
3947
3846
4079
3968
3257
2711
2475
2139
1726
1392
1094
865
647
244
-23
70
413
561
402
272
243
717
1226
1482
1522
1931
1524
-593
-1531
216
1565
167
-1680
-2547
-3089
-2890
-2051
-2535
-4354
-5361
-5020
-4576
-4419
-4545
-4835
-5096
-4803
-4008
-3327
-2940
-2454
-1763
-1356
-889
24
981
1661
2265
2640
2673
3104
3974
4377
4235
4053
3886
3709
3787
3892
3455
2766
2423
2299
2032
1641
1187
755
614
534
181
-45
153
298
365
460
577
343
445
1027
1415
1457
1794
1877
72
-1589
-595
1372
770
-1317
-2514
-2938
-2977
-2271
-2112
-3591
-5113
-5056
-4307
-4068
-4218
-4480
-4720
-4615
-3948
-3205
-2742
-2351
-1807
-1413
-974
-205
749
1434
1931
2226
2403
2832
3487
3933
3885
3709
3578
3587
3693
3697
3397
2851
2481
2286
2075
1742
1343
987
735
537
239
76
272
474
475
292
210
341
689
1041
1097
1087
1302
1598
636
-1149
-1239
454
870
-691
-1950
-2420
-2689
-2154
-1571
-2644
-4409
-4638
-3841
-3591
-3806
-4071
-4418
-4516
-3846
-3058
-2888
-2751
-2163
-1569
-1291
-706
179
777
1292
1795
2042
2259
2957
3559
3541
3383
3412
3429
3432
3547
3316
2815
2402
2263
2215
1965
1468
1058
910
796
533
352
275
262
464
651
573
627
869
1011
1185
1493
1647
1683
2093
1226
-1050
-1500
681
1447
-710
-2508
-2956
-3151
-2816
-2106
-3245
-5405
-5692
-4477
-3881
-4307
-4680
-4914
-4900
-4188
-3153
-2677
-2690
-2161
-1251
-839
-503
516
1471
1842
2301
2624
2818
3502
4311
4412
3913
3709
3761
3940
4045
3580
2859
2420
2346
2259
1932
1249
667
473
578
483
134
-125
-152
103
562
582
275
234
758
912
-253
115
1628
1933
167
-1698
-896
1275
1268
-921
-2654
-2489
-1939
-1371
-1494
-3340
-4929
-4381
-3170
-3330
-4224
-4593
-4453
-4147
-3523
-3107
-3150
-2978
-2064
-1419
-1365
-822
286
1025
1197
1464
1876
2435
3466
3956
3419
3019
3332
3889
4009
3775
3164
2573
2615
2812
2502
1921
1398
1030
946
1054
813
348
205
278
464
648
623
533
702
1058
1268
1489
1746
2173
1470
-798
-1467
891
2166
-239
-2586
-2891
-2757
-2370
-1722
-2988
-5499
-5995
-4466
-3932
-4607
-5206
-5420
-5411
-4746
-3670
-3230
-3324
-2896
-1942
-1358
-789
380
1359
1489
1778
2413
3059
3825
4572
4338
3772
4020
4631
4767
4415
3858
3084
2761
3125
3138
2272
1337
900
800
897
769
194
-292
-200
123
184
171
424
470
401
667
1405
1774
2010
1044
-1196
-1540
1108
2439
-199
-2831
-3000
-2246
-1704
-1614
-3131
-5281
-5550
-4111
-3564
-4374
-5218
-5285
-5005
-4389
-3598
-3180
-3256
-2959
-2093
-1467
-825
173
997
1165
1363
2047
2838
3629
4041
3733
3380
3755
4406
4433
3945
3397
3061
3070
3109
2850
2201
1529
1152
1238
1183
704
380
412
482
376
472
483
607
910
1167
1070
1063
1693
2338
940
-1566
-1358
1415
1853
-1031
-3024
-2873
-2351
-1932
-1904
-3517
-5555
-5519
-3948
-3552
-4525
-5317
-5316
-4847
-4108
-3370
-3104
-3149
-2765
-1963
-1225
-521
432
1032
1157
1526
2322
3055
3594
3950
3686
3385
3759
4358
4293
3748
3322
3051
2915
2952
2797
2109
1356
1039
1160
1177
778
271
18
59
251
561
633
310
216
688
1013
1194
1513
1964
1346
-748
-1614
480
2321
350
-2601
-3028
-2228
-1829
-1479
-2460
-4932
-5842
-4134
-3037
-3976
-4965
-5150
-5005
-4361
-3341
-3005
-3335
-3209
-2358
-1647
-947
62
699
665
937
1838
2676
3215
3596
3493
3152
3467
4167
4361
3817
3251
3048
3139
3244
3057
2440
1705
1338
1464
1622
1203
565
212
275
471
875
1002
547
140
672
1369
1489
1383
1680
1237
-788
-1615
534
2232
-23
-2953
-3077
-1990
-1778
-1816
-2754
-4915
-5792
-4142
-2934
-3917
-5132
-5214
-4904
-4317
-3289
-2874
-3364
-3360
-2311
-1448
-954
-84
648
568
739
1759
2684
3111
3413
3344
3018
3364
4221
4450
3824
3142
2946
3140
3379
3194
2441
1614
1278
1489
1684
1289
463
-70
155
762
1018
659
141
147
778
1424
1337
921
1312
1912
368
-1830
-728
2051
1253
-2163
-3233
-2191
-1821
-1693
-2000
-4014
-5756
-4671
-2890
-3351
-4861
-5251
-4878
-4379
-3590
-2964
-3164
-3495
-2703
-1566
-1070
-510
369
634
612
1387
2491
2910
3119
3239
3059
3233
3969
4248
3813
3278
3040
2995
3199
3231
2675
1924
1433
1375
1572
1559
916
234
10
345
669
907
630
198
201
826
1376
1323
1178
1465
947
-1060
-1438
1059
2184
-778
-3201
-2514
-1480
-1598
-1741
-2945
-5017
-5202
-3361
-2827
-4154
-5091
-4922
-4441
-3843
-3177
-3072
-3356
-3028
-2068
-1453
-990
-109
584
500
736
1744
2636
2941
3113
2994
2844
3419
4215
4045
3367
3123
3127
3079
3143
2965
2304
1705
1512
1549
1576
1269
638
207
149
463
966
987
189
-163
536
1371
1401
1061
1026
1402
511
-1322
-906
1686
1462
-1832
-3265
-2034
-1425
-1659
-2068
-3696
-5348
-4604
-2889
-3148
-4574
-5075
-4709
-4240
-3507
-2879
-2991
-3323
-2769
-1677
-1036
-612
142
530
448
1030
2208
2772
2834
2944
2862
2963
3723
4143
3599
3056
3070
3157
3157
3055
2541
1832
1588
1782
1744
1241
687
475
442
341
338
638
703
284
123
541
999
1211
1274
1322
1283
109
-1396
-517
1959
1312
-2022
-3251
-1912
-1113
-1280
-2133
-3975
-5123
-4055
-2653
-3072
-4389
-4984
-4614
-3910
-3155
-2822
-3047
-3248
-2586
-1603
-1051
-657
-20
397
533
1021
1836
2465
2731
2731
2535
2769
3543
3980
3483
2891
2760
2916
2999
2987
2554
1877
1486
1588
1663
1464
998
523
335
455
641
741
632
408
436
615
867
1205
1390
1288
1134
-105
-1581
-430
2215
1176
-2463
-3318
-1580
-1029
-1549
-2276
-3876
-4960
-3867
-2454
-3047
-4419
-4804
-4288
-3719
-3062
-2653
-2795
-3069
-2469
-1414
-817
-532
68
409
386
971
2003
2481
2493
2533
2523
2771
3402
3754
3308
2707
2650
2852
2786
2735
2671
1981
1088
1079
1647
1684
1034
382
126
368
850
1170
840
243
84
789
1591
1662
1259
1107
469
-947
-797
1339
1735
-1130
-3122
-2251
-1079
-1250
-1876
-3140
-4624
-4426
-2820
-2494
-3827
-4728
-4451
-3845
-3293
-2744
-2619
-2889
-2759
-2023
-1278
-607
-18
170
88
575
1503
2247
2454
2386
2257
2537
3154
3573
3310
2775
2658
2865
2984
2887
2467
1739
1550
1900
1767
1095
786
739
554
433
507
474
519
504
452
418
676
1003
1191
1014
1179
1170
-359
-1495
437
2226
-124
-2950
-2374
-969
-1342
-1818
-2385
-3852
-4475
-3063
-2237
-3270
-4320
-4219
-3811
-3398
-2793
-2454
-2741
-2852
-2133
-1267
-830
-332
141
60
220
1218
2032
2120
2215
2281
2276
2671
3294
3276
2798
2554
2645
2815
2876
2541
1885
1576
1779
1833
1431
1001
761
685
701
654
509
483
608
589
495
561
857
1069
1115
1181
1189
52
-1353
-441
1711
872
-2104
-2836
-1569
-1136
-1437
-2040
-3446
-4403
-3521
-2342
-2784
-3996
-4370
-3915
-3372
-2860
-2530
-2626
-2803
-2341
-1497
-884
-524
-112
100
206
769
1654
2143
2228
2125
2073
2486
3167
3358
2937
2566
2521
2726
2918
2763
2254
1747
1450
1583
1847
1609
850
341
401
695
870
756
375
164
437
840
908
739
699
920
1409
1027
-874
-1613
608
2016
-339
-2948
-2534
-1174
-1002
-1571
-2708
-4052
-4084
-2760
-2218
-3293
-4318
-4130
-3448
-3009
-2692
-2552
-2738
-2603
-1852
-1254
-955
-394
96
111
346
1104
1776
2145
2302
2115
2083
2674
3298
3211
2762
2568
2633
2756
2810
2611
2185
1740
1497
1592
1761
1445
717
349
468
667
746
609
218
13
363
781
808
611
532
770
1310
1083
-747
-1788
78
1936
130
-2757
-2808
-1240
-836
-1448
-2469
-3754
-4125
-2829
-1879
-2878
-4292
-4141
-3221
-2908
-2763
-2471
-2535
-2650
-1990
-1196
-905
-578
38
205
277
901
1740
2079
2122
2021
2029
2577
3247
3249
2751
2473
2536
2769
2866
2611
2128
1750
1547
1603
1722
1465
834
394
414
686
863
607
73
-47
555
1009
790
454
563
927
1374
1067
-695
-1733
88
1908
115
-2713
-2732
-1299
-1020
-1509
-2368
-3714
-4142
-2894
-2040
-2973
-4156
-4046
-3395
-3075
-2781
-2475
-2579
-2638
-2068
-1371
-965
-500
29
205
317
918
1749
2191
2217
2105
2141
2610
3260
3333
2809
2424
2524
2812
2947
2656
2110
1765
1664
1606
1597
1464
994
527
452
592
576
493
395
205
66
372
764
782
544
556
892
1103
90
-1411
-879
1266
1062
-1709
-2953
-1745
-896
-1231
-1984
-3157
-4018
-3355
-2163
-2397
-3711
-4266
-3676
-3016
-2694
-2505
-2622
-2841
-2342
-1394
-951
-784
-281
112
212
669
1497
2006
2106
2064
2028
2356
3056
3336
2867
2432
2541
2821
2906
2696
2260
1888
1744
1725
1749
1603
1108
640
557
667
674
528
282
129
239
544
697
601
444
459
788
1352
883
-1102
-1843
430
1965
-334
-2973
-2546
-1156
-1068
-1594
-2469
-3765
-3981
-2682
-2069
-3189
-4167
-3797
-3266
-3153
-2738
-2325
-2569
-2612
-1854
-1183
-879
-339
156
158
352
1138
1849
2126
2190
2102
2135
2654
3251
3245
2763
2408
2493
2853
2966
2593
2019
1661
1622
1752
1730
1298
723
477
613
694
530
283
199
256
372
512
553
554
577
696
979
1196
112
-1531
-890
1499
1173
-1854
-2959
-1584
-920
-1443
-1992
-3065
-4092
-3535
-2286
-2557
-3774
-4083
-3600
-3296
-2985
-2481
-2456
-2674
-2276
-1520
-1159
-761
-80
217
182
618
1453
2020
2229
2193
2091
2332
2990
3379
3075
2583
2482
2701
2886
2826
2361
1793
1612
1810
1852
1552
1018
573
476
669
714
470
123
-80
110
601
818
496
267
375
683
1276
1535
-95
-2036
-911
1789
1206
-1958
-3057
-1798
-1045
-1291
-1893
-3146
-4158
-3504
-2261
-2475
-3649
-4067
-3691
-3270
-2815
-2391
-2402
-2557
-2235
-1595
-1029
-501
-24
140
245
720
1422
1980
2267
2207
2010
2235
2877
3267
3068
2616
2327
2482
2879
2901
2381
1837
1570
1610
1809
1696
1095
602
544
645
757
710
351
50
207
566
735
607
444
465
657
1067
1151
-260
-1859
-757
1535
657
-2316
-2946
-1585
-1186
-1612
-2062
-3232
-4226
-3380
-2081
-2589
-3948
-4103
-3396
-3035
-2795
-2370
-2344
-2543
-2132
-1320
-836
-464
6
230
299
784
1562
2097
2238
2120
2029
2348
2988
3296
2989
2496
2368
2646
2937
2822
2311
1739
1483
1643
1895
1681
952
430
514
760
712
531
294
63
172
654
832
540
387
494
677
1180
1258
-430
-1990
-524
1685
446
-2437
-2845
-1554
-1186
-1564
-2168
-3361
-4102
-3278
-2312
-2808
-3774
-3841
-3485
-3281
-2809
-2304
-2403
-2559
-2045
-1356
-915
-423
17
96
253
886
1594
1981
2123
2079
2044
2409
3016
3188
2845
2554
2582
2729
2830
2749
2378
1908
1703
1842
1966
1649
1018
645
687
767
735
568
275
107
215
408
617
604
331
275
611
914
962
41
-1592
-1405
871
1130
-1634
-3150
-2040
-1251
-1603
-1995
-2807
-3854
-3635
-2494
-2364
-3325
-3872
-3578
-3167
-2811
-2314
-2112
-2381
-2317
-1602
-930
-481
-50
130
179
663
1419
1935
2149
2129
2001
2212
2831
3259
3081
2590
2336
2543
2864
2831
2408
1932
1669
1708
1877
1765
1202
662
572
740
764
587
353
177
154
330
635
687
354
108
359
891
1253
517
-1407
-2010
213
1696
-567
-3202
-2711
-1205
-1200
-1788
-2456
-3598
-4008
-2783
-1968
-2925
-3959
-3661
-3108
-2922
-2485
-2044
-2290
-2467
-1817
-1025
-615
-226
124
151
369
1140
1901
2137
2081
1975
2089
2633
3207
3091
2570
2395
2609
2797
2825
2589
2097
1706
1666
1839
1832
1415
826
560
605
695
681
464
64
-97
200
591
615
297
123
311
595
950
1048
-242
-1982
-1210
1288
984
-2057
-3174
-1730
-983
-1495
-2038
-2918
-3858
-3430
-2226
-2240
-3402
-3962
-3473
-2883
-2591
-2330
-2280
-2458
-2187
-1431
-894
-552
-83
157
156
577
1423
2070
2237
2052
1879
2224
2998
3394
3040
2467
2324
2663
3051
2968
2414
1858
1656
1794
2005
1760
1040
570
641
721
651
559
315
-7
-19
225
508
583
318
15
188
808
1226
307
-1619
-1818
518
1497
-887
-2960
-2280
-1174
-1200
-1619
-2511
-3700
-3622
-2439
-2180
-3148
-3763
-3503
-3162
-2949
-2510
-2234
-2459
-2414
-1715
-1168
-860
-237
227
110
285
1133
1860
2099
2114
2046
2149
2717
3294
3194
2626
2412
2728
2991
2879
2587
2215
1819
1722
1919
1822
1254
769
663
620
513
520
457
103
-137
38
324
487
483
206
-52
328
1224
1212
-664
-2179
-706
1548
564
-2186
-2738
-1612
-1274
-1478
-1776
-2907
-3977
-3393
-2222
-2410
-3430
-3732
-3434
-3163
-2696
-2202
-2299
-2557
-2190
-1522
-978
-366
81
35
148
890
1632
1952
2140
2196
2127
2444
3119
3292
2857
2604
2707
2772
2831
2833
2446
1866
1658
1813
1901
1588
996
549
451
484
520
436
127
-145
-54
180
339
412
374
230
178
550
1219
784
-1198
-1989
106
1657
-227
-2633
-2521
-1472
-1269
-1470
-2222
-3618
-3978
-2749
-2020
-2881
-3832
-3796
-3343
-2941
-2451
-2196
-2439
-2500
-1884
-1169
-736
-251
209
288
412
1072
1849
2264
2371
2254
2192
2656
3324
3399
2944
2594
2570
2799
3009
2798
2225
1736
1546
1643
1752
1393
678
287
325
389
407
295
-72
-335
-159
171
395
489
329
21
112
837
1432
504
-1479
-1694
498
1455
-630
-2641
-2330
-1351
-1133
-1546
-2603
-3697
-3560
-2611
-2427
-3181
-3756
-3658
-3244
-2904
-2637
-2423
-2343
-2224
-1789
-1212
-714
-170
302
458
639
1209
1956
2445
2518
2352
2406
2920
3412
3398
3063
2756
2679
2838
2976
2747
2178
1723
1605
1673
1651
1201
515
162
200
340
333
83
-290
-376
-82
178
277
248
11
5
550
1156
823
-812
-1942
-605
1382
569
-2100
-2865
-1712
-1056
-1243
-1966
-3244
-3872
-3061
-2208
-2597
-3440
-3669
-3438
-3031
-2540
-2266
-2258
-2196
-1845
-1397
-894
-148
370
340
411
985
1746
2320
2554
2392
2208
2646
3337
3438
3052
2737
2646
2736
2911
2855
2343
1764
1489
1493
1568
1346
718
127
12
252
435
275
-196
-536
-275
289
503
279
121
126
273
856
1421
264
-1868
-1593
930
1390
-1107
-2842
-2285
-1391
-1163
-1537
-2721
-3879
-3621
-2569
-2404
-3241
-3796
-3577
-3185
-2844
-2465
-2233
-2258
-2144
-1555
-947
-524
-13
438
631
855
1450
2140
2505
2544
2479
2567
2990
3444
3400
2959
2648
2701
2848
2860
2604
2041
1571
1474
1587
1519
971
355
105
193
340
296
-52
-397
-244
178
333
258
75
46
453
919
1073
550
-963
-1756
-108
1558
12
-2563
-2663
-1528
-1287
-1512
-2178
-3460
-3976
-3130
-2473
-2897
-3602
-3842
-3595
-3100
-2708
-2437
-2223
-2148
-1948
-1364
-622
16
429
580
726
1195
1927
2566
2819
2666
2546
2879
3390
3534
3303
2929
2672
2700
2892
2852
2382
1742
1294
1250
1424
1276
670
60
-148
-3
236
229
-187
-490
-204
281
477
305
125
257
690
1209
1067
-450
-1801
-658
1495
811
-1911
-2814
-1876
-1374
-1406
-1844
-3257
-4350
-3518
-2383
-2840
-3819
-3981
-3753
-3469
-2867
-2321
-2358
-2459
-2007
-1342
-820
-194
483
728
786
1293
2042
2533
2832
2925
2776
2838
3324
3648
3432
3063
2858
2731
2718
2773
2503
1851
1338
1222
1255
1083
625
117
-180
-205
7
153
-99
-422
-233
222
366
259
351
607
697
870
1222
390
-1453
-1288
1040
1305
-1267
-2751
-2078
-1567
-1596
-1752
-2827
-4198
-4103
-3025
-2783
-3509
-4064
-4048
-3733
-3204
-2555
-2280
-2420
-2222
-1477
-819
-320
338
831
986
1287
1925
2541
3017
3234
3089
3005
3311
3665
3698
3482
3060
2689
2630
2750
2651
2161
1446
969
1059
1126
669
93
-193
-345
-359
-136
-109
-329
-365
-67
166
241
366
553
724
956
1291
721
-875
-1268
562
1524
-411
-2453
-2380
-1642
-1502
-1657
-2620
-4094
-4309
-3248
-2907
-3644
-4144
-4124
-3976
-3602
-2991
-2587
-2469
-2224
-1716
-1156
-585
212
975
1230
1291
1757
2542
3192
3509
3361
3094
3329
3862
3934
3582
3248
2979
2809
2765
2602
2185
1660
1191
919
795
547
151
-135
-298
-415
-369
-157
-62
-190
-244
-4
310
589
763
811
1010
1395
701
-1032
-1191
810
1432
-695
-2514
-2388
-1876
-1679
-1743
-2836
-4455
-4593
-3436
-3075
-3851
-4415
-4357
-4122
-3670
-2991
-2597
-2542
-2209
-1566
-1030
-394
520
1179
1427
1686
2069
2668
3499
3937
3640
3367
3603
3936
4030
3874
3418
2897
2689
2701
2509
2017
1413
896
624
530
321
-71
-384
-490
-473
-395
-296
-276
-235
25
325
387
435
849
1416
1710
1368
30
-1282
-487
1572
1315
-1334
-2815
-2340
-1858
-1700
-1871
-3318
-4948
-4692
-3527
-3512
-4241
-4555
-4584
-4465
-3874
-3061
-2630
-2473
-2095
-1607
-1176
-263
1083
1759
1628
1766
2396
3123
3972
4452
3987
3454
3778
4299
4298
3972
3469
2893
2622
2620
2418
1867
1225
764
518
283
-37
-304
-485
-643
-713
-629
-438
-221
-51
100
266
446
680
959
1320
1821
1565
-210
-1506
-108
1727
759
-1574
-2574
-2604
-2326
-1656
-1962
-3832
-5081
-4536
-3795
-3901
-4258
-4503
-4664
-4415
-3697
-3063
-2735
-2274
-1613
-1251
-950
-11
1230
1919
2175
2381
2607
3226
4242
4685
4214
3776
3889
4110
4147
3983
3441
2783
2469
2325
1954
1457
959
524
267
21
-389
-671
-672
-639
-677
-687
-534
-230
73
368
633
686
701
1114
1828
2230
1364
-553
-1190
581
1813
269
-1956
-2735
-2666
-2308
-1941
-2727
-4461
-5182
-4547
-4144
-4510
-4783
-4657
-4532
-4324
-3786
-3242
-2806
-2009
-1112
-825
-625
347
1622
2399
2787
2976
3086
3635
4540
4846
4472
4229
4237
4147
4071
3884
3356
2770
2387
1991
1524
1072
625
234
-51
-390
-785
-1018
-983
-810
-661
-653
-631
-389
81
548
903
1113
1109
1245
2008
2514
1127
-885
-543
1347
1319
-574
-1914
-2513
-2830
-2396
-2117
-3333
-4883
-5161
-4755
-4678
-4778
-4830
-4949
-4872
-4342
-3720
-3248
-2599
-1712
-1095
-746
-89
913
1887
2763
3308
3291
3400
4181
4908
4940
4693
4467
4202
4123
4148
3754
3046
2543
2196
1726
1214
735
271
-103
-404
-731
-1025
-1128
-1068
-965
-834
-650
-410
-73
404
827
1020
1137
1443
2010
2586
2254
542
-771
124
1620
1064
-934
-2350
-2900
-2901
-2471
-2605
-3949
-5284
-5459
-5070
-4970
-5057
-5051
-4984
-4774
-4320
-3760
-3122
-2236
-1268
-695
-364
323
1455
2548
3317
3686
3776
4004
4585
5092
5145
4914
4621
4335
4078
3784
3331
2819
2355
1820
1182
592
120
-246
-503
-785
-1181
-1482
-1507
-1303
-930
-608
-551
-489
-26
677
1193
1533
1730
1787
2182
2949
2611
644
-591
456
1613
767
-1027
-2345
-3149
-3218
-2738
-3091
-4526
-5506
-5521
-5477
-5547
-5367
-5189
-5117
-4755
-4213
-3830
-3186
-2015
-962
-465
-11
791
1806
2854
3735
4123
4174
4429
4955
5301
5330
5146
4772
4343
4048
3691
3120
2562
2073
1480
869
320
-227
-616
-780
-1045
-1426
-1643
-1656
-1421
-866
-399
-362
-327
158
802
1267
1698
2079
2220
2525
2962
2168
229
-311
1088
1663
246
-1497
-2669
-3350
-3222
-2885
-3638
-5033
-5705
-5699
-5690
-5645
-5482
-5341
-5094
-4611
-4129
-3670
-2839
-1656
-638
29
603
1296
2253
3389
4204
4456
4587
4915
5218
5346
5365
5164
4681
4213
3841
3297
2654
2196
1718
1007
344
-162
-695
-1075
-1218
-1420
-1709
-1808
-1712
-1489
-1036
-490
-179
-27
368
1032
1601
1982
2265
2462
2800
3192
2535
695
-282
588
1341
439
-1305
-2809
-3600
-3519
-3361
-4026
-5010
-5527
-5744
-5919
-5947
-5787
-5415
-4838
-4272
-3832
-3398
-2729
-1655
-445
443
1019
1620
2442
3404
4194
4602
4847
5101
5214
5193
5145
4929
4530
4162
3777
3169
2442
1844
1359
866
329
-245
-778
-1122
-1307
-1443
-1518
-1493
-1424
-1297
-973
-411
164
501
642
940
1529
2089
2356
2500
2841
3033
2087
246
-627
218
1025
247
-1522
-3022
-3728
-3770
-3741
-4135
-4805
-5342
-5591
-5652
-5676
-5635
-5280
-4498
-3674
-3231
-3022
-2534
-1520
-274
772
1456
1917
2474
3284
4053
4435
4586
4831
5071
5053
4798
4423
4027
3718
3411
2897
2180
1473
903
465
55
-410
-837
-1112
-1259
-1364
-1451
-1444
-1210
-826
-532
-314
24
527
1051
1425
1614
1731
1824
1893
2065
2389
2360
1414
-49
-903
-668
-260
-692
-1747
-2645
-3169
-3529
-3828
-4100
-4253
-4144
-3997
-4116
-4365
-4454
-4198
-3526
-2636
-1954
-1605
-1321
-899
-280
494
1252
1889
2434
2859
3094
3165
3239
3393
3495
3433
3210
2870
2450
2034
1733
1517
1326
1150
897
530
235
141
121
70
122
246
230
87
9
86
299
536
645
605
520
405
255
211
283
261
106
-41
-182
-326
-458
-765
-1231
-1422
-1173
-908
-942
-1164
-1376
-1498
-1524
-1528
-1550
-1487
-1321
-1220
-1254
-1318
-1363
-1334
-1091
-728
-517
-482
-439
-366
-266
-104
49
129
237
405
514
519
478
479
555
662
739
776
776
774
818
854
824
818
890
947
946
917
884
884
905
855
737
665
654
626
568
475
332
220
231
266
210
110
45
1
-37
-44
-39
-71
-128
-169
-176
-159
-131
-83
-46
-89
-196
-240
-180
-123
-134
-170
-224
-324
-435
-516
-578
-646
-709
-762
-825
-887
-924
-957
-1033
-1086
-1026
-915
-862
-859
-838
-768
-670
-568
-470
-365
-262
-157
-58
30
114
209
315
404
466
519
592
663
690
679
685
721
753
773
757
682
610
599
607
599
589
566
520
501
523
537
537
536
536
541
545
516
491
505
514
463
413
424
439
402
338
269
158
20
-70
-114
-173
-272
-410
-546
-634
-683
-754
-864
-977
-1036
-1035
-1027
-1070
-1136
-1151
-1109
-1041
-986
-949
-888
-784
-664
-575
-505
-423
-330
-248
-176
-102
-28
30
81
138
173
181
212
283
331
327
316
359
418
440
428
420
444
492
556
607
631
638
643
664
727
800
818
807
816
816
781
773
793
757
682
628
568
471
396
355
286
170
54
-30
-82
-159
-282
-404
-482
-531
-577
-614
-655
-717
-765
-763
-752
-786
-822
-801
-742
-690
-680
-680
-646
-600
-585
-569
-516
-460
-420
-403
-417
-421
-376
-280
-192
-172
-206
-218
-151
-53
22
43
14
15
95
215
305
352
368
397
475
558
597
620
677
733
730
696
687
727
786
789
693
579
561
628
643
530
363
246
248
317
287
126
10
-7
-38
-107
-150
-157
-89
56
-190
-851
-865
155
993
665
-277
-780
-451
118
136
-250
-416
-322
-363
-613
-859
-910
-707
-486
-491
-648
-760
-828
-871
-831
-723
-508
-343
-398
-427
-318
-359
-419
-202
29
108
128
217
258
153
228
300
229
361
557
480
389
381
268
426
561
375
282
285
424
468
436
460
514
683
610
501
446
416
570
690
726
727
775
539
186
168
320
482
308
62
154
182
-30
-288
-519
-535
-379
-331
-347
-467
-709
-843
-790
-737
-812
-808
-762
-731
-742
-776
-651
-698
-806
-664
-326
-115
-327
-469
-326
-127
-80
-186
-209
-180
170
305
-49
-209
-66
217
231
49
-108
-81
274
517
515
336
33
-38
357
801
763
598
414
245
563
954
876
656
645
981
1251
806
248
70
571
1191
956
418
67
402
802
357
-215
-171
193
313
179
-414
-884
-590
-409
-598
-824
-877
-775
-724
-930
-1130
-1216
-1164
-806
-755
-972
-1141
-1052
-864
-878
-853
-677
-593
-643
-496
-217
-64
-74
-326
-528
-455
202
994
1119
591
36
138
675
930
783
486
535
1016
964
580
158
183
766
1086
938
456
424
718
753
366
349
866
1044
1067
959
488
180
552
742
445
305
390
720
881
401
-228
-262
-194
-271
-473
-779
-828
-750
-756
-972
-1335
-1556
-1329
-1089
-1115
-1205
-1386
-1464
-1380
-1327
-1311
-1252
-1007
-781
-649
-589
-680
-626
-356
-183
-126
96
500
766
730
542
371
396
651
886
816
720
680
811
951
711
485
617
904
878
784
737
734
799
643
438
710
920
619
768
1187
1113
907
685
489
686
834
693
746
831
490
371
403
182
-47
-286
-648
-1119
-1334
-1341
-1225
-1160
-1424
-1794
-1923
-1957
-2019
-2001
-1849
-1803
-1756
-1633
-1443
-1246
-1144
-1062
-899
-640
-403
-88
127
232
330
389
509
759
869
1014
1160
1115
973
869
960
1032
933
742
751
779
904
971
824
585
350
422
684
630
533
601
586
500
425
432
601
940
944
901
1003
1023
1137
1294
1113
817
814
976
1116
958
588
316
-21
-789
-1648
-2058
-1879
-1384
-1209
-1691
-2423
-2770
-2706
-2562
-2524
-2527
-2348
-1923
-1663
-1755
-1886
-1744
-1241
-659
-295
-61
210
426
583
723
811
973
1289
1622
1704
1461
1181
1125
1150
1109
983
837
853
925
887
676
356
207
308
389
548
724
676
495
385
518
718
635
479
660
1117
1737
1956
1391
871
1060
1378
1387
1342
1185
989
1064
842
-356
-1962
-2931
-2849
-2133
-1635
-1880
-2569
-3155
-3486
-3654
-3697
-3586
-3238
-2577
-1877
-1530
-1552
-1679
-1605
-1109
-311
416
965
1435
1725
1778
1794
1832
1890
2061
2261
2363
2384
2266
1926
1446
1027
827
816
852
785
533
236
52
-13
40
176
292
287
261
425
676
695
581
681
1089
1589
1898
1974
1950
1752
1458
1365
1411
1415
1536
1692
1250
-181
-2185
-3742
-4035
-3419
-2924
-3114
-3775
-4404
-4706
-4850
-5155
-5462
-5204
-4142
-2807
-1920
-1619
-1525
-1189
-531
193
833
1558
2436
3237
3686
3704
3475
3261
3127
2981
2822
2712
2622
2376
1882
1243
612
90
-246
-452
-621
-699
-652
-541
-429
-395
-375
-195
148
528
963
1445
1852
2244
2651
2909
2971
2937
2821
2685
2696
2775
2716
2589
2415
1665
-148
-2528
-4362
-4973
-4555
-4003
-4121
-4849
-5622
-6222
-6691
-6943
-6842
-6227
-5009
-3502
-2269
-1535
-1064
-583
65
906
1830
2803
3842
4723
5142
5064
4716
4293
3930
3611
3244
2824
2399
1874
1121
235
-618
-1331
-1814
-2086
-2238
-2245
-2027
-1691
-1384
-1118
-854
-481
147
1008
1847
2558
3216
3855
4304
4474
4394
4256
4188
4247
4221
3957
3568
3283
2580
725
-2152
-4784
-6195
-6392
-6181
-6300
-6907
-7575
-7969
-8195
-8418
-8454
-7865
-6538
-4795
-3101
-1648
-400
744
1772
2672
3439
4239
5183
6158
6839
7039
6794
6305
5638
4811
3857
2908
2050
1282
498
-389
-1365
-2273
-3004
-3514
-3788
-3788
-3513
-3020
-2391
-1693
-980
-219
654
1610
2610
3574
4456
5240
5866
6150
6057
5760
5402
5030
4639
4206
3738
3373
2667
783
-2440
-5809
-8065
-8884
-8945
-8996
-9360
-9672
-9637
-9395
-9245
-9056
-8499
-7272
-5360
-3064
-822
1150
2762
3969
4847
5543
6109
6605
7102
7480
7586
7368
6874
6062
4925
3521
2038
656
-480
-1441
-2286
-3026
-3640
-4180
-4568
-4663
-4427
-3967
-3266
-2371
-1386
-326
909
2251
3514
4601
5450
6100
6631
7019
7127
6994
6666
6184
5630
5019
4246
3520
3001
1915
-703
-4467
-7775
-9683
-10365
-10592
-10857
-11091
-10848
-10191
-9604
-9257
-8771
-7806
-6230
-4122
-1708
720
2921
4705
5970
6795
7284
7527
7632
7655
7508
7189
6763
6171
5180
3769
2079
369
-1159
-2382
-3417
-4236
-4759
-4990
-5089
-5023
-4744
-4262
-3520
-2512
-1312
-60
1296
2687
4037
5235
6243
6891
7286
7504
7554
7306
6877
6336
5726
5036
4236
3436
2790
1933
-203
-3808
-7570
-10037
-11263
-11861
-12192
-12141
-11641
-10596
-9426
-8593
-7996
-7186
-5922
-4174
-1870
671
3036
5028
6668
7818
8404
8423
8050
7469
6880
6325
5820
5320
4643
3566
2115
538
-1041
-2565
-3973
-5022
-5586
-5595
-5310
-4929
-4456
-3715
-2714
-1629
-579
437
1546
2813
4141
5350
6365
7056
7373
7427
7305
7014
6503
5940
5286
4665
4001
3271
2614
2211
1133
-1718
-5718
-8983
-10813
-11863
-12426
-12544
-12046
-11000
-9460
-8177
-7309
-6610
-5767
-4616
-2878
-651
1607
3710
5604
7115
8091
8492
8279
7611
6730
5784
4943
4358
3874
3166
2256
1120
-216
-1662
-3021
-4281
-5237
-5633
-5548
-5099
-4314
-3321
-2411
-1410
-308
733
1465
2216
3070
4216
5450
6478
7064
7417
7609
7501
6981
6222
5261
4329
3558
2978
2567
2356
2179
664
-2558
-6596
-9411
-11145
-12388
-13278
-13186
-12069
-10438
-8591
-7081
-5951
-5100
-4300
-3334
-1942
-41
1955
3860
5763
7419
8596
8913
8659
7733
6467
5066
3896
3081
2474
1948
1248
519
-333
-1456
-2876
-4313
-5327
-5790
-5662
-5192
-4356
-3035
-1593
-264
815
1853
2481
2905
3425
4150
4947
5666
6286
6729
7124
7324
6863
6077
4996
3944
2939
2384
2007
1826
1779
256
-3008
-6577
-8731
-10543
-12327
-13422
-13379
-12302
-10391
-8296
-6571
-5123
-3908
-3235
-2297
-930
475
1709
3272
5199
6960
8375
8927
8758
7948
6746
5142
3632
2483
1477
606
46
-265
-743
-1574
-2576
-3697
-4526
-5131
-5448
-5374
-4486
-3096
-1660
-54
1509
2848
3579
4048
4316
4594
4883
5128
5534
6069
6614
6808
6623
6265
5449
4448
3265
2328
1444
1145
902
-1006
-4301
-7287
-8797
-10569
-12297
-13258
-13172
-12290
-10674
-8546
-6599
-4769
-3398
-2361
-970
506
1595
2573
3998
5519
6823
7961
8538
8478
7756
6522
4998
3632
2239
757
-311
-924
-1352
-1867
-2350
-2939
-3608
-4128
-4576
-4773
-4672
-4053
-2921
-1463
154
1728
3122
4196
4880
5299
5441
5421
5447
5530
5768
6020
6221
6146
5772
5067
4187
3165
2227
1390
1083
218
-2431
-5939
-8198
-9358
-11242
-13004
-13264
-12614
-11585
-9953
-7721
-5817
-4327
-2995
-1676
73
1441
2275
3230
4790
6154
7055
7994
8423
8009
7024
5892
4575
3129
1551
41
-862
-1320
-1914
-2610
-2932
-3359
-3975
-4317
-4282
-4245
-4131
-3410
-2171
-585
1014
2391
3593
4583
5239
5513
5643
5605
5352
5334
5535
5844
5822
5725
5357
4728
3992
3048
2067
1221
996
-416
-3532
-6780
-8562
-10016
-12087
-13354
-13127
-12223
-11053
-9377
-6984
-4968
-3533
-2375
-748
884
1778
2619
3793
5139
6084
7070
7903
8095
7611
6685
5568
4175
2520
806
-484
-1319
-2164
-2763
-2912
-3006
-3432
-3739
-3747
-3776
-3893
-3600
-2858
-1778
-427
1082
2611
3895
4947
5619
6014
6088
5754
5429
5323
5309
5155
5008
4985
4774
4376
3738
3092
2289
1648
1058
-870
-4301
-7494
-8979
-10623
-12843
-13683
-12992
-11990
-10774
-8419
-5973
-4377
-3030
-1558
77
1343
2046
2835
4131
5403
6227
7218
8056
7937
7247
6540
5427
3660
1853
335
-956
-1983
-2718
-3100
-3312
-3464
-3578
-3587
-3693
-3875
-3756
-3185
-2434
-1437
-75
1619
3261
4485
5473
6183
6507
6251
5824
5312
4793
4560
4625
4632
4592
4486
4303
3805
3132
2292
1797
822
-2051
-5741
-8070
-9274
-11549
-13519
-13548
-12472
-11591
-9872
-7236
-5139
-3890
-2380
-594
832
1607
2307
3443
4619
5542
6352
7431
7841
7360
6757
6073
4630
2656
1106
-194
-1584
-2547
-3027
-3203
-3330
-3300
-3337
-3265
-3221
-3422
-3258
-2554
-1793
-1034
416
2154
3364
4416
5503
6166
6207
6024
5627
5011
4536
4337
4203
4087
4048
3876
3765
3468
3005
2170
1926
988
-1983
-5608
-7654
-8994
-11683
-13504
-13327
-12480
-11778
-9816
-6985
-4902
-3383
-1685
41
1353
2001
2503
3399
4406
5095
5908
7068
7438
7069
6800
6235
4683
2821
1313
-244
-1816
-2820
-3383
-3661
-3689
-3598
-3302
-2901
-2788
-2871
-2596
-2032
-1615
-873
403
1737
3008
4215
5324
5993
6285
6232
5838
5232
4546
4065
3835
3572
3474
3328
3314
3178
2954
2525
2315
1551
-1430
-5114
-7309
-8821
-11724
-13806
-13651
-12840
-11971
-9782
-6914
-4731
-2910
-1068
572
1825
2412
2503
3147
4011
4544
5255
6467
7048
6909
6908
6424
4960
3083
1378
-367
-2050
-3255
-4000
-4222
-4012
-3597
-3156
-2689
-2313
-2107
-1819
-1369
-1023
-588
393
1631
2757
3778
4875
5679
6107
6187
5866
5174
4479
4023
3731
3311
3005
2879
2871
2807
2687
2592
2559
2014
-520
-4101
-6509
-8067
-10869
-13497
-13825
-12978
-12362
-10584
-7554
-4960
-3136
-1107
911
2177
2678
2779
3079
3594
3973
4386
5325
6198
6480
6533
6462
5579
3993
2344
627
-1270
-2865
-3846
-4391
-4496
-4103
-3506
-2810
-2076
-1517
-1138
-694
-311
-214
148
1079
2021
2715
3631
4732
5376
5593
5640
5346
4713
4113
3704
3251
2719
2394
2367
2467
2353
2179
2356
2715
1763
-1208
-4268
-6083
-8127
-11315
-13334
-13351
-12873
-12097
-9828
-6849
-4531
-2505
-219
1796
2803
2939
2995
3395
3626
3561
3969
4927
5545
5757
6072
6084
5197
3769
2276
591
-1265
-2841
-3875
-4397
-4513
-4268
-3675
-2826
-2041
-1382
-697
-37
250
403
913
1735
2319
2752
3527
4486
5114
5319
5454
5354
4908
4389
4008
3429
2779
2388
2184
1966
1879
1954
2281
2213
290
-2921
-5182
-6759
-9732
-12716
-13609
-13365
-13105
-11560
-8661
-5855
-3367
-770
1624
3263
3947
3869
3854
4020
3700
3367
3933
4732
4933
5194
5674
5387
4275
3079
1739
-113
-1985
-3383
-4235
-4670
-4742
-4455
-3592
-2429
-1440
-600
258
781
918
1240
1774
2152
2380
2862
3562
4268
4675
4834
4885
4764
4437
4114
3735
2992
2317
2092
1982
1583
1311
1592
2143
1623
-664
-3236
-4792
-6642
-9732
-12100
-12736
-12852
-12615
-10786
-7967
-5471
-3136
-430
2052
3523
4003
4081
4206
4008
3427
3192
3629
4027
4260
4745
5126
4841
4117
3228
1927
225
-1491
-2890
-3879
-4542
-4868
-4587
-3649
-2662
-1809
-712
444
1033
1318
1915
2410
2416
2492
2995
3450
3687
3949
4248
4345
4234
4150
4115
3788
3141
2635
2378
2050
1577
1271
1403
1750
1085
-1133
-3385
-4694
-6506
-9468
-11643
-12148
-12306
-12212
-10607
-7881
-5480
-3335
-653
1978
3480
3988
4365
4646
4355
3704
3470
3667
3714
3668
3988
4368
4191
3635
3038
2119
617
-993
-2261
-3256
-4193
-4747
-4535
-3802
-3001
-2058
-849
201
920
1586
2252
2594
2668
2757
2972
3224
3429
3600
3811
3970
3914
3866
3938
3755
3118
2638
2370
1936
1410
1223
1326
1605
1265
-613
-2900
-4131
-5550
-8510
-10947
-11602
-11915
-12184
-10817
-8367
-6233
-4024
-1184
1421
3073
3977
4405
4629
4482
3897
3413
3455
3450
3274
3542
4049
4014
3582
3204
2449
1114
-305
-1514
-2667
-3690
-4375
-4577
-4198
-3437
-2577
-1564
-339
763
1580
2309
2915
3126
3111
3192
3319
3286
3267
3350
3438
3449
3538
3691
3678
3315
2875
2625
2367
1921
1424
1247
1477
1398
-137
-2433
-3908
-5093
-7599
-10259
-11291
-11531
-11892
-11153
-8990
-6809
-4884
-2359
440
2425
3449
4095
4644
4725
4185
3631
3572
3541
3266
3251
3629
3737
3467
3206
2778
1765
450
-691
-1756
-2922
-3880
-4306
-4279
-3907
-3171
-2112
-960
107
1088
2088
2894
3219
3200
3244
3321
3227
3039
2983
3015
3022
3056
3282
3496
3316
2941
2827
2673
2150
1661
1419
1354
1479
899
-1188
-3252
-4126
-5606
-8498
-10421
-10692
-11098
-11412
-10083
-7887
-6091
-4099
-1470
903
2455
3447
4161
4617
4550
3971
3579
3620
3432
3040
3191
3580
3422
3099
2994
2472
1280
152
-737
-1820
-3003
-3756
-4032
-3941
-3486
-2720
-1779
-676
417
1401
2321
2969
3100
3113
3300
3245
2877
2734
2818
2749
2693
2880
3150
3216
3086
2945
2864
2555
2050
1706
1582
1519
1366
341
-1662
-3332
-4345
-6240
-8861
-10288
-10582
-11055
-11022
-9548
-7591
-5824
-3668
-1139
986
2514
3589
4316
4687
4517
3975
3730
3763
3495
3128
3251
3510
3339
3036
2855
2309
1181
84
-726
-1756
-3003
-3710
-3808
-3874
-3764
-2961
-1845
-924
59
1304
2348
2922
3274
3536
3647
3561
3331
3118
3025
2885
2674
2712
3002
3007
2718
2691
2798
2465
1977
1830
1780
1692
1355
-113
-2375
-3778
-4813
-7212
-9776
-10545
-10682
-11257
-10772
-8800
-6883
-5201
-2885
-314
1643
2920
3834
4546
4826
4404
3837
3805
3777
3213
2887
3224
3323
2929
2777
2690
1915
781
-46
-857
-2008
-3083
-3642
-3799
-3773
-3497
-2774
-1712
-662
329
1482
2564
3103
3289
3623
3867
3611
3221
3118
3023
2720
2507
2565
2694
2693
2549
2458
2487
2380
2062
1843
1826
1806
1357
-113
-2195
-3713
-4963
-7205
-9530
-10392
-10597
-11067
-10557
-8681
-6806
-5142
-2841
-323
1524
2793
3799
4461
4628
4328
3894
3734
3577
3122
2824
3035
3151
2916
2772
2629
1907
900
185
-563
-1747
-2834
-3345
-3535
-3599
-3320
-2624
-1731
-766
263
1346
2295
2900
3203
3515
3747
3577
3191
3037
2924
2585
2331
2348
2323
2187
2178
2205
2094
1956
1903
1808
1618
1538
1622
945
-995
-2871
-3771
-5229
-7883
-9644
-9823
-10173
-10684
-9648
-7546
-5891
-4292
-1932
425
1967
2963
3856
4490
4448
3884
3585
3625
3223
2519
2481
2890
2794
2451
2507
2437
1716
911
363
-429
-1590
-2531
-2954
-3144
-3308
-3180
-2487
-1506
-640
304
1510
2470
2898
3285
3753
3782
3400
3167
3045
2649
2182
2042
2138
2163
2094
2088
2240
2387
2264
2018
1923
1847
1684
1267
-77
-2173
-3649
-4625
-6621
-8964
-9763
-9762
-10258
-10044
-8275
-6415
-5054
-3116
-704
1130
2317
3308
4022
4279
4076
3695
3527
3414
2897
2398
2564
2826
2542
2281
2436
2186
1302
620
238
-654
-1875
-2511
-2631
-2899
-3119
-2745
-1957
-1133
-252
818
1852
2559
2952
3363
3754
3666
3173
2885
2748
2251
1708
1671
1817
1680
1555
1766
2045
2103
2060
2035
1955
1859
1847
1375
-156
-2092
-3378
-4546
-6528
-8468
-9273
-9559
-9889
-9435
-7979
-6451
-5026
-3097
-902
825
2003
2924
3646
3960
3777
3474
3392
3224
2768
2511
2695
2818
2661
2609
2674
2375
1717
1190
645
-361
-1491
-2155
-2503
-2916
-3171
-2875
-2161
-1460
-725
375
1547
2268
2763
3403
3846
3742
3391
3108
2771
2233
1707
1491
1475
1396
1379
1616
1907
2042
2094
2152
2127
1956
1850
1589
265
-1828
-3147
-3990
-5956
-8188
-8943
-9093
-9693
-9525
-8097
-6650
-5379
-3551
-1468
203
1472
2471
3174
3561
3530
3275
3238
3223
2794
2405
2642
2976
2834
2680
2824
2695
2103
1583
1135
244
-930
-1740
-2170
-2639
-3091
-3058
-2517
-1828
-1067
-87
999
1889
2558
3143
3582
3657
3380
3005
2680
2236
1633
1256
1267
1289
1219
1427
1862
2113
2166
2263
2311
2184
2067
1980
1201
-584
-2276
-3254
-4673
-6900
-8405
-8809
-9248
-9586
-8839
-7438
-6178
-4799
-2992
-1102
470
1607
2450
3152
3501
3387
3258
3339
3189
2769
2677
2958
3030
2891
2978
3067
2706
2120
1630
951
-102
-1169
-1959
-2536
-3034
-3329
-3138
-2492
-1783
-1008
107
1273
2085
2714
3335
3672
3568
3269
2999
2634
2053
1562
1425
1380
1267
1354
1662
1935
2097
2217
2298
2257
2048
1911
1702
494
-1568
-2926
-3698
-5559
-7855
-8676
-8756
-9445
-9601
-8325
-6893
-5862
-4262
-2093
-298
982
2104
3052
3641
3764
3585
3516
3511
3117
2622
2718
3038
2897
2703
2951
3009
2443
1894
1557
759
-486
-1387
-1922
-2617
-3288
-3398
-3070
-2625
-1938
-901
248
1239
2095
2915
3583
3839
3699
3453
3171
2672
2038
1573
1334
1128
995
1138
1428
1620
1791
2036
2218
2175
2016
1976
1757
558
-1330
-2637
-3572
-5396
-7490
-8428
-8804
-9446
-9440
-8314
-7037
-5870
-4217
-2222
-438
990
2066
2863
3462
3630
3421
3367
3386
2993
2588
2756
3040
2935
2847
3041
3055
2639
2108
1586
795
-286
-1228
-1835
-2433
-3075
-3288
-2958
-2494
-1943
-1024
125
1109
1890
2625
3246
3554
3499
3274
3043
2683
2129
1677
1511
1344
1073
1057
1332
1501
1564
1776
1944
1865
1764
1791
1615
761
-704
-2084
-3138
-4579
-6497
-7797
-8269
-8800
-9193
-8537
-7253
-6171
-4899
-3042
-1225
120
1310
2416
3143
3453
3549
3590
3550
3289
2955
2913
3041
2927
2714
2745
2775
2487
2093
1758
1233
421
-377
-970
-1529
-2149
-2561
-2580
-2372
-2054
-1456
-579
261
957
1680
2429
2940
3107
3090
2998
2753
2275
1779
1468
1219
903
759
914
1069
1090
1199
1413
1532
1530
1517
1561
1482
761
-661
-1920
-2735
-4070
-6027
-7283
-7632
-8147
-8664
-8157
-6981
-5995
-4819
-3051
-1284
39
1177
2236
3015
3390
3435
3425
3465
3258
2804
2639
2816
2784
2555
2612
2785
2580
2166
1876
1464
686
-126
-701
-1268
-1942
-2397
-2431
-2267
-2030
-1544
-728
158
904
1596
2326
2895
3079
3006
2922
2764
2361
1902
1639
1414
1110
1002
1187
1326
1300
1351
1535
1624
1531
1500
1537
1000
-410
-1783
-2591
-3801
-5776
-7226
-7747
-8348
-8923
-8460
-7318
-6378
-5231
-3395
-1522
-123
1109
2275
3068
3431
3559
3549
3414
3125
2716
2458
2487
2467
2234
2190
2423
2447
2178
2017
1828
1209
449
-59
-595
-1392
-1989
-2130
-2158
-2128
-1736
-1050
-358
329
1089
1832
2442
2840
2971
2919
2759
2411
1892
1461
1158
768
452
531
778
857
1001
1376
1652
1704
1799
1937
1902
1493
471
-929
-2074
-3126
-4746
-6442
-7320
-7767
-8347
-8400
-7522
-6496
-5616
-4265
-2496
-997
153
1235
2165
2771
3078
3173
3198
3172
2961
2695
2678
2801
2779
2746
2896
3000
2819
2506
2175
1636
833
46
-582
-1214
-1890
-2370
-2481
-2334
-2076
-1614
-879
-86
603
1301
1989
2451
2667
2747
2663
2426
2144
1841
1511
1237
1046
950
1011
1153
1266
1395
1527
1604
1639
1587
1461
1278
633
-683
-1924
-2745
-3988
-5728
-6869
-7344
-7934
-8329
-7876
-6979
-6101
-4969
-3427
-1782
-336
802
1741
2566
3106
3256
3297
3374
3252
2939
2837
2968
2947
2787
2852
3039
2946
2602
2284
1932
1313
524
-216
-885
-1569
-2181
-2498
-2487
-2316
-2005
-1438
-708
1
710
1484
2139
2514
2706
2814
2776
2525
2143
1783
1455
1098
816
737
748
713
757
976
1188
1256
1283
1341
1371
1271
799
-227
-1412
-2342
-3427
-4985
-6308
-6913
-7373
-7847
-7649
-6780
-5919
-5022
-3691
-2174
-861
260
1221
1978
2552
2891
3023
3125
3165
3037
2973
3106
3159
3032
2995
3085
3014
2711
2330
1915
1351
619
-89
-675
-1260
-1842
-2216
-2320
-2249
-1991
-1523
-935
-291
398
1090
1773
2316
2564
2656
2757
2662
2283
1906
1611
1225
837
646
579
533
565
721
917
1040
1108
1200
1238
1168
1024
484
-648
-1767
-2534
-3607
-5091
-6150
-6654
-7172
-7488
-7135
-6413
-5656
-4681
-3355
-1928
-664
389
1317
2144
2720
2997
3141
3248
3210
3020
2902
2962
2999
2895
2835
2875
2800
2532
2225
1842
1238
528
-107
-717
-1355
-1901
-2246
-2361
-2222
-1867
-1379
-762
-38
680
1339
1964
2445
2667
2693
2637
2461
2139
1754
1374
1024
742
557
471
459
485
590
807
1001
1073
1092
1116
1108
937
311
-771
-1774
-2597
-3784
-5193
-6099
-6603
-7153
-7348
-6839
-6066
-5269
-4181
-2851
-1536
-308
728
1490
2118
2606
2817
2888
2981
2948
2794
2763
2858
2889
2870
2914
2933
2794
2525
2217
1796
1157
454
-173
-817
-1484
-1945
-2181
-2304
-2225
-1866
-1365
-748
15
741
1346
1942
2423
2618
2685
2705
2485
2057
1667
1327
958
653
466
367
373
475
645
889
1116
1177
1137
1105
1032
764
48
-1071
-2107
-2915
-3988
-5274
-6094
-6471
-6829
-6891
-6340
-5571
-4800
-3765
-2516
-1335
-243
771
1556
2120
2541
2788
2906
2976
2940
2803
2747
2791
2770
2681
2641
2623
2491
2250
1956
1556
986
339
-255
-819
-1380
-1835
-2064
-2091
-1963
-1640
-1121
-501
140
779
1401
1951
2321
2483
2517
2437
2207
1883
1534
1181
856
608
463
410
430
465
553
706
810
808
794
783
686
518
178
-584
-1588
-2395
-3149
-4212
-5236
-5778
-6108
-6416
-6275
-5601
-4847
-4081
-3022
-1764
-622
335
1149
1824
2351
2689
2808
2832
2827
2720
2550
2507
2553
2464
2306
2295
2305
2100
1801
1529
1130
550
16
-408
-862
-1305
-1584
-1701
-1709
-1548
-1182
-709
-187
396
969
1452
1863
2181
2338
2389
2376
2186
1846
1561
1286
906
582
437
340
249
261
361
462
537
611
653
604
491
345
-54
-882
-1790
-2474
-3272
-4335
-5149
-5537
-5845
-6015
-5708
-5039
-4294
-3461
-2444
-1305
-218
633
1263
1826
2261
2438
2466
2505
2486
2326
2159
2131
2151
2093
2039
2073
2085
1964
1759
1521
1191
744
253
-227
-684
-1081
-1362
-1496
-1477
-1324
-1019
-576
-55
489
1034
1520
1892
2150
2274
2249
2134
1949
1662
1310
986
701
434
239
132
74
69
165
314
405
427
446
442
380
295
32
-631
-1459
-2066
-2663
-3591
-4438
-4814
-5060
-5324
-5152
-4551
-4017
-3457
-2544
-1534
-710
50
736
1204
1573
1883
1978
1969
2022
1990
1849
1866
2008
2019
1992
2089
2134
2014
1892
1756
1416
935
522
142
-325
-765
-1011
-1129
-1218
-1148
-847
-455
-61
395
862
1272
1659
1945
2044
2083
2106
1913
1575
1342
1087
666
328
189
6
-177
-152
-49
13
123
235
282
344
374
311
238
-56
-763
-1469
-1933
-2581
-3497
-4161
-4494
-4789
-4931
-4694
-4237
-3707
-3071
-2315
-1460
-596
105
616
1068
1440
1621
1682
1757
1803
1760
1744
1852
1952
1963
2017
2143
2196
2118
1980
1771
1429
1015
602
183
-248
-626
-886
-1029
-1058
-960
-721
-372
39
454
871
1283
1621
1816
1890
1879
1774
1571
1301
999
671
356
111
-41
-126
-153
-109
-17
89
219
342
404
425
405
320
193
-78
-643
-1306
-1831
-2393
-3138
-3750
-4097
-4391
-4566
-4411
-4028
-3588
-3031
-2364
-1658
-916
-232
261
667
1082
1356
1460
1592
1746
1750
1744
1903
2086
2138
2199
2310
2339
2243
2103
1895
1573
1170
734
314
-78
-451
-777
-958
-995
-931
-780
-518
-179
194
567
922
1214
1415
1537
1572
1509
1357
1162
925
658
378
146
-9
-109
-192
-213
-144
-38
59
186
333
417
454
482
433
287
93
-260
-820
-1383
-1878
-2497
-3196
-3700
-4002
-4236
-4325
-4142
-3765
-3299
-2744
-2100
-1383
-686
-105
391
872
1273
1537
1728
1903
2050
2129
2162
2220
2305
2343
2311
2265
2176
1979
1709
1415
1044
588
138
-260
-621
-922
-1091
-1134
-1083
-916
-629
-269
121
530
911
1236
1508
1705
1794
1771
1672
1508
1279
1008
720
441
193
-14
-171
-266
-304
-298
-249
-164
-71
24
144
204
154
78
-18
-319
-850
-1366
-1844
-2494
-3185
-3603
-3845
-4112
-4172
-3861
-3430
-2988
-2369
-1620
-934
-295
332
848
1236
1530
1691
1758
1809
1799
1725
1706
1740
1717
1681
1729
1768
1689
1566
1443
1237
932
610
289
-66
-413
-690
-866
-938
-911
-775
-519
-170
230
657
1075
1433
1711
1896
1965
1922
1772
1510
1187
857
505
132
-183
-395
-542
-651
-670
-607
-511
-391
-246
-113
-12
70
108
69
-27
-159
-410
-809
-1225
-1596
-2024
-2515
-2891
-3085
-3186
-3218
-3053
-2702
-2301
-1882
-1384
-816
-299
92
404
705
961
1091
1130
1191
1267
1288
1301
1380
1491
1559
1571
1583
1603
1554
1377
1142
920
653
328
47
-166
-360
-499
-504
-403
-249
-32
256
558
853
1127
1335
1462
1519
1476
1339
1165
952
669
357
94
-135
-358
-538
-639
-691
-708
-678
-615
-526
-406
-291
-202
-97
31
125
149
153
167
108
-94
-372
-639
-953
-1388
-1836
-2171
-2440
-2697
-2842
-2797
-2615
-2385
-2083
-1670
-1180
-716
-340
24
406
692
855
1007
1175
1278
1321
1386
1480
1560
1596
1609
1633
1633
1553
1408
1253
1061
801
528
279
50
-148
-293
-378
-380
-295
-151
25
251
505
722
906
1073
1184
1187
1115
1009
843
620
388
167
-56
-262
-403
-487
-532
-521
-466
-398
-293
-122
35
126
251
389
379
293
251
79
-334
-724
-1030
-1520
-2072
-2405
-2671
-3003
-3111
-2967
-2827
-2617
-2174
-1699
-1281
-769
-254
110
433
777
986
1090
1229
1335
1338
1364
1463
1509
1505
1553
1611
1572
1478
1396
1262
1012
741
500
225
-60
-275
-402
-473
-482
-397
-232
-14
227
473
709
918
1062
1135
1155
1117
997
810
621
425
197
-20
-173
-283
-377
-410
-380
-336
-287
-203
-97
-12
57
116
166
199
188
122
28
-97
-319
-617
-905
-1196
-1562
-1910
-2135
-2316
-2478
-2500
-2391
-2251
-2035
-1708
-1370
-1027
-621
-254
29
331
625
789
911
1069
1152
1161
1215
1279
1268
1264
1298
1290
1238
1193
1118
981
831
669
468
263
102
-52
-189
-246
-233
-199
-122
44
243
417
598
803
962
1041
1090
1111
1047
916
776
615
427
239
71
-76
-183
-251
-295
-306
-293
-269
-227
-169
-121
-88
-60
-45
-62
-116
-215
-384
-610
-865
-1153
-1480
-1796
-2062
-2273
-2394
-2415
-2356
-2187
-1913
-1601
-1258
-867
-493
-192
91
376
574
692
815
937
999
1045
1113
1163
1184
1206
1215
1192
1146
1073
957
833
707
552
381
246
146
52
-10
-12
31
97
194
333
481
611
735
846
917
942
926
871
773
638
470
298
127
-47
-199
-311
-395
-446
-457
-426
-375
-310
-224
-130
-38
53
131
184
206
197
135
21
-142
-364
-637
-934
-1233
-1530
-1802
-2004
-2122
-2171
-2127
-1979
-1749
-1469
-1144
-787
-437
-121
156
389
563
668
722
733
711
667
609
558
521
502
495
503
525
548
561
564
561
536
502
471
442
425
427
460
514
587
686
787
883
968
1038
1067
1057
1018
933
801
637
467
272
69
-99
-244
-370
-445
-460
-447
-402
-311
-191
-74
51
182
285
355
411
421
359
251
103
-126
-423
-733
-1060
-1417
-1741
-1984
-2175
-2300
-2305
-2212
-2070
-1850
-1553
-1251
-952
-632
-331
-96
114
301
421
491
554
588
574
562
569
559
544
559
587
592
610
641
649
642
648
655
636
633
647
656
669
709
758
793
834
880
903
899
885
848
772
671
563
437
293
156
35
-73
-161
-214
-234
-232
-202
-143
-72
6
87
175
252
309
353
380
366
317
245
125
-44
-247
-480
-754
-1043
-1323
-1599
-1855
-2052
-2179
-2250
-2242
-2140
-1970
-1746
-1465
-1148
-835
-524
-224
30
237
411
533
608
652
668
652
630
610
579
552
544
544
541
548
563
576
583
590
596
594
588
584
583
583
596
624
649
685
734
778
805
827
838
810
762
708
627
529
445
361
271
212
173
123
101
109
104
94
117
131
128
134
119
77
20
-80
-240
-398
-599
-886
-1144
-1338
-1585
-1814
-1897
-1929
-1963
-1881
-1700
-1529
-1319
-1049
-809
-588
-348
-169
-49
95
200
210
235
289
279
240
252
261
237
244
273
289
303
327
353
373
391
404
423
444
467
498
530
564
618
675
717
770
823
858
882
907
908
883
844
784
702
617
521
407
311
233
154
88
57
46
47
64
100
138
172
194
203
193
154
87
-2
-115
-239
-379
-534
-679
-817
-960
-1089
-1191
-1281
-1361
-1406
-1423
-1422
-1386
-1318
-1227
-1105
-958
-811
-650
-478
-325
-196
-69
34
95
138
174
183
173
172
166
154
157
175
192
222
262
309
352
411
465
513
578
638
683
734
795
836
865
901
923
921
913
900
866
824
781
727
671
620
565
512
466
421
371
323
273
220
164
108
54
3
-41
-81
-115
-144
-174
-205
-248
-313
-384
-480
-600
-734
-872
-1014
-1152
-1265
-1353
-1413
-1437
-1420
-1374
-1299
-1192
-1075
-950
-818
-684
-564
-448
-340
-246
-164
-85
-18
37
92
144
189
234
285
334
379
435
488
538
589
636
673
704
727
744
749
747
741
725
715
703
693
686
681
675
672
676
674
667
658
640
614
578
538
485
429
372
309
242
180
123
62
7
-45
-97
-144
-184
-229
-276
-317
-362
-418
-481
-550
-633
-727
-821
-924
-1027
-1111
-1182
-1237
-1263
-1257
-1230
-1172
-1087
-989
-876
-750
-625
-506
-387
-281
-183
-96
-20
44
102
151
192
229
266
299
334
372
409
449
482
520
556
588
617
642
664
684
696
711
730
748
776
800
828
850
871
880
873
853
808
746
666
575
472
364
259
158
64
-17
-83
-140
-186
-216
-240
-261
-282
-304
-338
-378
-428
-490
-559
-628
-701
-774
-840
-901
-947
-980
-1000
-1003
-994
-970
-936
-888
-836
-773
-702
-627
-544
-466
-383
-302
-225
-151
-83
-18
45
106
161
220
277
335
389
442
492
534
571
600
626
649
671
691
713
738
765
793
819
845
861
872
865
844
809
757
690
610
523
429
337
247
158
79
2
-61
-119
-166
-208
-244
-276
-304
-330
-354
-379
-407
-435
-465
-500
-535
-570
-606
-641
-671
-692
-710
-717
-718
-711
-701
-688
-669
-648
-623
-601
-575
-548
-515
-481
-441
-390
-337
-274
-200
-121
-40
45
130
211
284
350
409
455
495
527
553
573
590
612
629
646
662
680
693
705
708
709
703
689
669
636
601
557
504
451
392
335
279
221
170
118
68
16
-32
-78
-123
-167
-210
-244
-280
-313
-339
-362
-384
-401
-414
-427
-439
-452
-465
-480
-494
-508
-523
-536
-550
-562
-574
-580
-585
-584
-577
-558
-535
-504
-460
-410
-354
-292
-223
-153
-83
-10
59
124
184
236
290
333
370
407
438
466
485
505
515
517
513
502
486
465
445
419
398
377
357
340
328
320
308
296
284
267
251
231
208
184
156
129
100
73
46
22
-3
-28
-50
-73
-95
-116
-137
-156
-175
-199
-221
-240
-262
-285
-308
-329
-349
-370
-388
-403
-412
-423
-425
-422
-416
-404
-392
-375
-355
-334
-313
-288
-261
-232
-199
-164
-124
-81
-36
11
60
105
149
189
221
247
267
281
290
292
290
284
280
272
264
257
252
249
246
247
244
247
247
245
244
241
238
236
228
218
207
194
177
161
143
124
104
82
58
34
7
-18
-47
-73
-101
-128
-151
-178
-199
-220
-233
-247
-255
-262
-263
-264
-264
-261
-261
-253
-247
-240
-233
-223
-215
-206
-195
-186
-175
-167
-158
-146
-133
-120
-103
-82
-59
-35
-6
26
54
89
122
152
181
208
234
249
261
270
270
261
249
229
206
181
154
132
108
92
80
70
68
66
69
76
75
85
85
83
89
83
77
70
55
43
21
4
-17
-42
-62
-83
-106
-125
-143
-155
-164
-175
-174
-174
-166
-157
-145
-128
-108
-89
-69
-50
-33
-23
-15
-8
-9
-10
-19
-31
-42
-59
-71
-83
-99
-103
-106
-106
-99
-87
-67
-43
-16
13
44
75
101
127
145
161
166
172
169
160
152
139
124
104
85
69
50
38
24
13
7
3
0
1
3
7
11
16
25
31
38
41
44
48
46
41
33
24
10
-4
-21
-38
-57
-72
-84
-96
-104
-110
-115
-115
-110
-107
-97
-88
-79
-68
-58
-49
-45
-35
-33
-30
-30
-30
-30
-34
-35
-38
-38
-38
-35
-30
-25
-14
-4
9
25
39
52
66
81
92
100
112
119
125
127
129
126
122
113
103
88
71
51
29
7
-14
-31
-48
-60
-66
-69
-65
-60
-50
-33
-17
-1
17
31
39
47
49
47
39
28
16
-4
-21
-36
-55
-72
-86
-93
-99
-98
-99
-92
-84
-72
-58
-43
-27
-16
-2
10
17
22
21
22
22
20
11
2
-5
-12
-17
-23
-25
-28
-26
-20
-16
-6
7
20
31
45
60
73
84
91
97
100
99
93
86
76
62
47
30
10
-5
-21
-35
-48
-53
-57
-55
-50
-44
-33
-22
-8
0
12
17
24
25
24
19
15
6
-5
-18
-32
-45
-57
-63
-73
-73
-76
-72
-66
-54
-44
-32
-19
-6
9
19
31
41
49
50
51
52
50
46
39
34
24
16
6
-2
-13
-16
-23
-26
-26
-23
-23
-20
-15
-9
0
7
16
20
30
33
37
41
43
48
47
44
40
36
27
20
8
1
-9
-19
-26
-32
-40
-46
-46
-49
-47
-44
-38
-36
-32
-26
-22
-19
-17
-16
-13
-13
-12
-11
-11
-11
-9
-6
-3
-3
3
11
17
23
28
36
40
42
43
43
45
44
41
35
32
29
23
19
12
4
-1
-7
-11
-16
-20
-26
-29
-30
-28
-29
-25
-19
-13
-5
2
9
14
23
29
29
32
33
31
27
19
13
7
-4
-14
-22
-30
-36
-41
-46
-46
-47
-47
-43
-43
-37
-32
-25
-21
-16
-13
-9
-6
-3
0
0
2
3
3
3
2
5
10
11
11
12
17
20
23
25
26
28
30
33
32
35
34
35
34
32
30
27
25
20
15
10
6
0
-5
-9
-12
-13
-13
-15
-13
-12
-12
-9
-8
-3
-3
-1
3
4
1
0
3
2
-2
-2
-5
-7
-12
-15
-16
-20
-22
-24
-26
-27
-28
-27
-22
-21
-18
-13
-8
-3
0
5
8
12
11
12
13
12
8
4
2
0
0
-2
-4
-3
-2
-3
-2
0
0
3
3
5
10
8
11
10
12
12
9
12
10
6
6
5
3
3
-2
-2
-2
-3
-4
-4
-3
-3
-5
0
1
3
6
5
5
9
10
12
14
9
11
7
6
3
-1
-2
