1
-2
-2
-3
-3
-1
0
2
2
1
1
1
-1
-2
2
2
3
2
1
2
0
-1
1
6
5
0
-9
-14
-7
4
11
7
-2
-4
1
4
3
3
1
-1
2
2
0
-1
2
0
-4
-1
-1
-2
2
-1
-2
-3
-1
0
-1
-2
0
-1
1
0
-2
-1
-3
0
-1
1
1
-2
-4
-1
-2
-4
3
0
0
2
2
2
2
2
2
0
4
7
0
-4
1
-1
-8
-4
3
-4
-4
2
2
5
11
9
-2
-14
-3
7
5
4
-2
-6
-6
-12
-10
33
-10
-259
-242
176
423
208
-119
-157
-23
13
-132
-279
-134
122
147
22
56
214
181
-21
-164
-113
72
169
52
-77
-27
52
0
-63
-28
27
43
4
-46
-34
19
12
-63
-43
50
46
-48
-90
-28
14
-10
-32
-19
38
49
-10
-52
-20
53
69
29
-32
-45
2
0
-39
-19
28
42
28
26
17
-12
-30
-35
-29
0
17
7
-30
-41
-17
10
25
14
10
13
2
-11
-19
-29
-28
-2
36
30
16
11
3
1
2
13
11
0
8
13
1
-27
-29
-5
22
35
21
10
16
12
-10
-13
-2
0
-6
-6
7
12
-1
-18
-13
7
19
7
-15
-20
-13
-3
4
1
-14
-11
9
7
0
9
16
-1
-17
-3
11
5
-11
-11
14
9
-7
2
0
-18
-21
6
22
7
-5
-8
-8
-1
15
21
13
4
-8
-16
-9
-2
1
0
-1
5
8
7
-8
-8
4
8
5
2
-3
-9
-4
1
-10
-7
8
7
-7
-10
2
11
6
-5
-10
5
17
2
-11
-3
12
6
-8
-10
-6
2
-2
-8
2
16
9
-5
-11
-6
-2
2
6
0
0
0
-1
-3
-3
-3
1
7
8
4
3
-6
-7
4
7
0
1
7
2
-4
-3
4
8
8
-7
-17
-6
4
2
4
16
11
-1
-1
-1
-8
-11
-12
-9
6
17
7
-5
-1
0
-4
-5
1
0
-7
-4
2
7
7
2
-4
-2
5
-4
-13
-2
8
7
0
-1
-1
-5
-9
-5
5
10
5
-6
-5
2
1
1
1
5
4
-1
-5
2
6
6
-4
-6
2
6
0
-6
0
4
3
-1
0
0
-2
-10
-10
2
6
2
-5
-1
4
-1
-10
-6
2
6
6
2
2
3
0
-4
0
3
-1
-9
-1
10
7
3
0
-3
-3
-2
-2
-2
5
2
1
7
6
3
-3
-4
-5
-8
0
3
-2
1
0
3
6
2
-4
-5
-2
-2
-1
4
9
10
5
-4
-11
-3
6
5
-4
-6
-1
8
6
-1
-1
1
-4
-5
-3
1
10
8
-3
-4
2
-6
-9
9
6
-10
0
10
2
-2
1
-13
-8
7
1
-11
6
11
-12
-18
11
11
-6
-8
-11
11
24
5
-26
1
16
-5
-32
-1
23
22
-10
-21
0
20
17
-10
-3
-1
-9
-20
26
34
-8
-47
4
28
7
-37
-7
37
42
-29
-53
31
48
-21
-63
1
17
42
15
-11
-36
16
-22
-31
25
49
-8
-2
9
-45
-1
65
25
-68
-35
-25
15
28
36
7
76
12
-107
-103
44
40
13
11
-1
-18
3
13
-41
35
39
0
-53
5
-29
-7
61
49
-41
-36
6
-35
16
28
-3
-30
71
41
-56
-54
22
11
-61
-60
-20
126
108
-22
-123
9
96
-33
-75
-24
93
27
-61
-21
42
28
-21
-44
17
39
-25
-21
-18
60
-40
-9
59
106
-1
-142
-83
-68
43
147
82
14
-48
-103
-95
8
125
14
34
-8
-27
-90
-64
60
45
115
8
-119
-52
12
8
-12
78
9
-50
-80
46
59
-55
18
8
133
38
-55
-75
-111
41
-45
137
137
45
-130
-81
58
-170
-68
181
90
9
-100
37
58
-105
-5
-38
178
32
-211
-45
69
202
6
-50
-61
-22
111
-176
-126
80
9
-41
-171
57
82
-120
-96
-17
253
50
-90
54
133
72
23
49
70
103
18
-233
-67
56
-89
-104
35
-51
-33
-153
-140
-2
217
102
-162
126
188
-43
-37
116
90
-46
4
41
-34
-35
-265
35
147
26
-126
-96
67
-44
-48
77
309
27
-108
23
93
-261
-151
262
152
-82
-199
-14
-108
34
-149
-69
301
12
-37
36
191
-209
-143
316
320
16
-311
-54
-88
10
138
-9
-39
-36
-101
-272
-137
99
147
-17
93
77
-64
-127
-51
203
151
-9
-106
96
19
-114
-188
36
247
106
-42
-80
-27
-128
-107
208
96
0
-33
51
71
-101
-56
-38
-45
-103
182
91
-66
-217
38
122
-103
187
125
151
-69
-232
19
60
51
-207
-9
29
-97
-60
54
90
-58
119
105
-65
48
32
47
-128
-230
-47
-10
-64
70
131
157
-51
-131
17
235
99
-156
-45
151
-75
-137
-142
26
103
57
8
-58
-129
-4
-13
251
212
-308
-16
77
48
-217
-92
267
80
-1
-154
-9
-78
-143
105
29
145
11
-24
46
90
-38
-160
29
101
-95
-152
-45
-9
183
90
74
8
135
54
-129
106
-224
-204
-9
249
48
-331
91
67
26
-126
189
330
-5
-58
-349
24
86
-185
47
57
58
-101
61
60
-72
33
146
-120
-187
155
55
-129
-6
220
-49
-190
-186
204
81
54
115
-30
-37
-138
-39
-77
47
60
-123
-88
94
164
47
-45
-146
-217
19
41
95
-1
-2
-30
-32
10
-13
64
40
-83
-131
-66
200
261
-51
-82
-124
-97
-39
2
-23
-176
181
127
-91
24
157
-19
-167
-89
78
-43
-183
73
129
27
-132
171
219
106
-59
106
228
-131
-223
38
41
30
164
98
-333
-202
259
132
-38
19
238
214
-109
-132
-76
272
185
-347
-1348
-1640
-1052
-56
-495
-918
-432
-55
184
286
580
857
1117
1117
746
579
887
1135
957
1063
984
712
377
363
489
211
8
266
126
-576
-645
-611
-428
-330
-642
-484
-711
-868
-882
-710
-509
-377
-513
-818
-640
-291
-77
-333
-12
391
135
248
171
372
11
-90
228
119
321
215
78
-260
-480
-288
-35
87
38
-16
84
-344
-556
-109
407
189
195
-168
-85
-228
56
204
307
217
-104
367
-107
-37
303
367
418
337
306
275
22
323
249
112
592
234
-126
-61
266
-300
-282
292
180
123
107
-82
-389
-384
116
-67
-197
158
290
-229
218
321
-281
186
194
-363
124
55
5
-298
-186
6
-381
20
11
-65
-137
-94
31
-148
41
264
-48
-449
-459
127
76
-398
64
392
-360
-494
206
227
-471
-301
170
-178
-214
167
-239
-169
395
72
37
-33
457
-63
-82
239
259
-80
-133
250
-174
-198
-253
-226
-468
-80
-8
-276
-426
-62
-190
-329
92
151
30
6
211
-216
-685
519
521
-271
-163
603
61
-437
500
475
359
35
121
-213
307
567
82
91
366
333
-108
352
456
181
240
466
766
166
-15
251
222
131
116
131
253
333
-9
-288
84
160
-206
-7
513
255
-656
-302
292
-91
-658
-478
163
-186
-701
-195
45
-624
-627
-55
61
-661
-733
-172
-343
-533
-342
-132
34
-59
55
-20
-772
-454
337
45
-245
-5
218
-182
-247
128
501
161
197
568
383
-185
-497
405
685
-66
-215
28
97
-253
-8
217
158
-300
-260
128
24
-447
-461
114
-139
-492
-107
25
-629
-545
65
83
-308
-10
80
-42
275
244
636
940
990
1242
1827
2103
1902
1794
1624
1370
1049
112
-118
-760
-1370
-1150
-1804
-1774
-1731
-1486
-1290
-1601
-1598
-820
-466
-372
18
474
541
584
994
1350
1211
1061
1690
1568
1150
614
187
-89
-473
-951
-1306
-1418
-1519
-1779
-1123
-488
-641
-336
264
216
-114
291
633
426
240
574
825
469
338
680
35
-266
-121
262
-89
-325
-184
-389
-368
30
115
-39
23
20
-103
-331
-268
-187
29
-378
-878
-654
-247
-223
-97
-434
-385
-6
-76
-516
-266
362
45
83
-126
153
480
291
287
618
744
202
-62
160
591
211
227
701
349
150
178
440
399
79
420
409
-202
-232
272
82
-292
-28
47
-223
-320
-150
-388
-221
15
-127
-467
-192
-138
-553
-244
47
88
-59
-101
-302
-319
-150
9
30
171
177
330
164
186
196
75
571
376
259
277
470
300
329
213
37
64
-135
-79
-226
-425
-369
-220
-111
-267
-378
-400
-276
-132
-277
-300
169
248
-141
41
412
305
273
397
183
-200
-96
-83
-208
-108
-289
-21
-88
190
92
-484
-219
-222
-1
-5
-331
-684
-531
-654
-705
-477
-1013
-828
-733
-1114
-864
-573
-733
-562
-484
-766
-545
-252
139
341
486
465
639
1138
792
655
859
1168
1146
1326
1564
1230
1181
1461
1620
1450
1213
964
935
895
803
877
727
325
321
482
-35
-96
28
240
-195
-588
-498
-656
-923
-679
-295
-658
-997
-988
-886
-675
-732
-701
-712
-1069
-1114
-1177
-1268
-1038
-826
-777
-682
-852
-1143
-1000
-483
-327
-396
-541
-369
-145
-246
-301
-7
141
-1
15
-110
-8
-16
102
234
78
172
384
413
357
752
655
333
388
771
993
570
479
770
486
65
813
1034
847
711
812
857
720
683
806
695
642
423
110
212
276
546
387
-106
-191
291
44
-318
62
288
-424
-696
-396
-242
-223
-465
-500
-308
-472
-616
-496
-393
-337
-456
-179
-492
-730
-686
-388
-73
-258
-460
-705
-379
-157
-239
-267
-364
-172
-227
-327
-254
40
-286
-8
12
-305
-327
-346
32
67
-315
-23
396
-76
52
186
331
77
90
452
326
313
204
441
360
419
333
369
594
381
470
642
298
232
551
617
125
43
-150
-23
51
295
274
161
225
149
174
-66
55
96
295
232
-245
-404
-255
-388
-320
-159
-110
-76
-657
-706
-123
-192
-163
95
361
-156
-546
-345
-234
-240
-168
-241
-418
-555
-569
-228
-198
-281
-54
-141
-262
-372
-233
-124
-59
154
73
60
27
54
159
546
656
486
384
375
532
571
409
526
545
449
497
261
413
267
224
485
-155
-193
161
103
-102
21
73
-121
-7
91
-154
-379
-372
-208
-251
-379
-277
-261
-440
-465
-337
-90
-271
-290
-47
-351
-435
-99
-101
-390
-339
-135
-260
-459
-164
74
-269
-453
-105
49
-164
-58
223
191
156
414
445
408
432
371
631
824
703
554
637
845
616
463
763
730
486
526
486
336
50
282
543
290
77
-7
-90
-250
-89
-44
-332
-426
-400
-642
-666
-434
-308
-440
-622
-658
-552
-723
-610
-149
-131
-379
-518
-314
-252
-421
-433
-182
-86
-167
-259
-400
-290
-320
-300
-445
-417
-625
-701
-701
-480
-386
-670
-505
-403
-314
-254
-161
-174
-78
110
248
334
350
541
528
433
548
728
646
580
1002
765
356
336
609
812
864
1019
871
743
574
559
478
749
817
929
829
569
686
631
745
1097
1192
881
608
624
608
458
776
804
293
252
237
109
-204
-414
-578
-779
-1061
-1269
-1564
-1909
-1908
-1828
-1916
-2265
-2485
-2295
-2121
-2112
-2169
-2107
-2034
-1739
-1522
-1390
-1502
-1332
-967
-753
-530
-366
-107
207
509
782
960
1186
1467
1810
1859
1817
1947
2118
2040
1986
2041
1961
1904
1746
1860
1747
1529
1409
1663
1797
1387
1120
1221
1188
1035
881
1157
1056
509
219
-86
118
180
20
277
92
-481
-809
-952
-1357
-1760
-1830
-1820
-2234
-2909
-3102
-3351
-3578
-3343
-3050
-3301
-3467
-3300
-3134
-2753
-2208
-1800
-1383
-740
-282
-43
463
1003
1407
1887
2076
1855
1492
1634
1795
1796
1819
1656
1256
1013
1121
1121
936
973
1210
1221
1192
1226
1131
1078
1416
1582
1380
1093
940
842
822
812
709
403
226
235
220
178
420
557
687
720
489
463
641
1000
1208
1109
794
596
665
836
765
311
92
-129
-933
-1440
-1470
-1735
-2435
-2858
-2998
-3374
-3623
-3508
-3396
-3655
-3763
-3573
-3441
-3391
-3074
-2632
-2396
-2061
-1534
-1187
-998
-527
87
409
796
1162
1441
1652
1962
2230
2367
2544
2659
2617
2591
2554
2487
2331
2099
1976
1783
1527
1348
1300
1032
664
697
715
547
516
547
448
392
649
941
973
984
1133
1293
1381
1413
1476
1580
1571
1510
1392
1159
1083
1298
1294
910
462
-265
-1168
-1796
-1693
-1748
-2456
-3195
-3571
-4147
-4339
-4184
-4081
-4331
-4535
-4581
-4593
-4397
-3989
-3591
-3307
-2968
-2522
-2129
-1666
-1067
-398
180
739
1163
1442
1871
2340
2864
3368
3816
3926
3962
4041
4157
4289
4390
4279
3929
3483
3092
2552
2116
1681
1161
647
115
-332
-649
-873
-1047
-1319
-1469
-1537
-1601
-1434
-1052
-794
-606
-288
48
273
447
849
1134
1190
1334
1506
1476
1176
1247
1378
1231
796
-16
-857
-1079
-875
-1155
-1734
-2264
-2947
-3444
-3428
-3398
-3595
-3749
-3841
-4111
-4248
-4169
-3976
-3589
-3100
-2794
-2604
-2365
-1819
-1002
-206
418
873
1264
1784
2468
2957
3184
3353
3428
3253
3097
2947
2656
2567
2741
2774
2682
2847
3097
3212
3406
3467
3221
2968
2859
2622
2285
1950
1452
928
571
386
44
-341
-440
-458
-581
-625
-447
-338
-146
57
8
-213
-247
-93
67
80
-67
-460
-1356
-2561
-3218
-3476
-4042
-4985
-5892
-6981
-7832
-7790
-7084
-6312
-5361
-4100
-2955
-2021
-998
8
619
981
1284
1261
1001
1106
1474
1646
1706
1807
1539
1269
1532
2025
2205
2430
2625
2516
2385
2588
2672
2576
2607
2577
2233
1998
1985
1907
1868
1961
1783
1354
1146
1132
1085
1108
1101
780
393
314
358
313
276
352
416
502
561
596
674
1025
1313
1277
1116
1168
1156
1172
1392
1444
746
-324
-1114
-1275
-1121
-1252
-1979
-2875
-3635
-4125
-4225
-4129
-4345
-4767
-5036
-5163
-5239
-5110
-4782
-4314
-3828
-3495
-3330
-2999
-2368
-1478
-600
21
363
755
1339
2099
2799
3214
3410
3618
3780
3812
3846
3919
3946
3915
3745
3388
2996
2712
2493
2309
2040
1630
1207
895
568
291
248
282
84
-179
-345
-487
-473
-126
137
111
117
294
390
534
861
1171
1151
986
959
1096
1193
1319
1050
-144
-1409
-1386
-849
-1158
-1916
-2589
-3527
-4096
-3708
-3500
-4074
-4447
-4440
-4654
-4753
-4460
-4215
-3866
-3130
-2632
-2631
-2403
-1691
-843
28
774
1092
1273
1828
2645
3194
3519
3812
4000
3996
4071
4131
3998
3890
3957
3722
3203
2778
2433
2099
1984
1764
1231
766
520
182
-27
20
-22
-287
-422
-482
-582
-487
-106
121
125
217
412
540
752
1102
1444
1550
1363
1167
1273
1392
1464
1458
561
-1178
-1822
-1074
-992
-1934
-2694
-3599
-4755
-4766
-4131
-4548
-5354
-5330
-5402
-5865
-5750
-5219
-5042
-4612
-3844
-3588
-3683
-3044
-1909
-981
-246
396
690
1095
2029
2936
3364
3732
4079
4170
4327
4670
4695
4527
4603
4587
4185
3794
3482
3135
2922
2758
2266
1733
1449
1268
1037
940
757
427
156
80
-59
-79
154
341
299
321
440
477
690
1055
1258
1201
1236
1073
904
1150
1726
1358
22
-1175
-1212
-874
-892
-1406
-2208
-3330
-3947
-3712
-3509
-3966
-4396
-4556
-4886
-5138
-4990
-4787
-4650
-4195
-3788
-3739
-3627
-3039
-2201
-1326
-659
-356
-162
390
1244
2029
2522
2806
3008
3192
3391
3596
3710
3737
3750
3608
3178
2740
2521
2403
2305
2130
1696
1175
925
904
921
922
782
510
327
297
263
331
540
725
731
735
800
955
1123
1335
1513
1590
1457
1365
1508
1745
1620
934
-140
-942
-1100
-893
-1032
-1809
-2935
-3767
-4053
-4082
-4188
-4448
-4913
-5426
-5557
-5427
-5320
-5090
-4566
-4193
-4019
-3725
-3201
-2539
-1650
-815
-294
77
582
1288
2063
2731
3158
3487
3753
4013
4252
4447
4567
4696
4648
4379
4066
3843
3686
3589
3393
2877
2297
1888
1665
1418
1182
913
656
298
58
-109
-204
-233
-27
44
-100
-242
-152
71
412
636
518
226
-8
52
410
701
-3
-1446
-2442
-2232
-1701
-1636
-2263
-3186
-4046
-4143
-3620
-3357
-3714
-3929
-3852
-3931
-4021
-3696
-3285
-2876
-2325
-1990
-2107
-1912
-1124
-181
553
1021
1073
1159
1748
2605
3101
3258
3302
3363
3417
3498
3475
3330
3184
3068
2703
2161
1713
1463
1237
1032
639
61
-428
-578
-687
-832
-1015
-1174
-1345
-1362
-1340
-1335
-1321
-1113
-724
-374
-274
-244
50
447
840
1166
1272
1019
1027
1419
1842
1787
971
-396
-915
-198
347
-123
-879
-1671
-2352
-2222
-1617
-1752
-2370
-2576
-2702
-3005
-2883
-2435
-2248
-2004
-1501
-1387
-1546
-1063
-63
643
1087
1463
1539
1684
2464
3329
3601
3598
3613
3525
3532
3703
3653
3396
3204
2862
2318
1900
1624
1275
963
614
32
-563
-833
-894
-959
-1146
-1567
-2003
-2102
-1930
-1870
-1907
-1907
-1778
-1541
-1251
-1091
-859
-512
-170
21
207
293
496
779
995
995
734
-276
-1229
-1077
-475
-779
-1457
-2133
-3073
-3553
-3026
-2796
-3395
-3800
-3895
-4128
-4117
-3618
-3258
-2999
-2573
-2115
-1891
-1519
-787
184
972
1448
1717
2040
2602
3352
3966
4227
4307
4379
4539
4744
4856
4729
4546
4321
3981
3635
3393
3124
2866
2577
2029
1355
959
816
666
391
-84
-630
-937
-950
-952
-1063
-1196
-1205
-1198
-1198
-1134
-836
-606
-481
-299
-32
-71
-36
280
530
529
654
103
-1249
-1939
-1298
-938
-1349
-2005
-2981
-4115
-4033
-3248
-3259
-3977
-4414
-4832
-5000
-4470
-3875
-3887
-3736
-3242
-2955
-2706
-2004
-1222
-565
158
753
1018
1429
2282
3119
3629
3914
4011
4026
4308
4722
4821
4628
4478
4223
3845
3601
3483
3221
2885
2485
1912
1339
1057
879
682
492
99
-488
-758
-694
-744
-848
-801
-855
-984
-834
-572
-387
-105
117
99
171
406
498
658
1023
1092
473
-537
-1301
-1272
-805
-840
-1550
-2504
-3437
-3822
-3385
-3054
-3517
-4197
-4562
-4744
-4571
-4130
-3879
-3904
-3746
-3442
-3099
-2668
-1963
-1205
-530
-37
397
843
1573
2485
3257
3598
3753
3896
4190
4567
4862
4850
4687
4425
4099
3823
3649
3389
3076
2753
2294
1693
1250
1078
940
664
255
-220
-591
-643
-550
-587
-731
-851
-905
-718
-412
-229
-106
47
144
373
711
743
655
798
979
1070
884
-204
-1415
-1378
-834
-1219
-1852
-2463
-3561
-4326
-3790
-3511
-4150
-4637
-4718
-5198
-5268
-4734
-4439
-4513
-4064
-3616
-3500
-3109
-2157
-1439
-831
-94
448
664
1362
2398
3092
3434
3825
3984
4111
4584
5019
4946
4847
4779
4417
4129
4191
4039
3586
3241
2815
2250
1960
1846
1487
1125
872
507
146
50
-45
-257
-391
-434
-532
-565
-419
-205
-63
30
53
70
203
479
583
462
416
552
110
-1013
-1828
-1659
-1408
-1648
-2289
-3225
-4285
-4485
-3987
-3832
-4380
-4956
-5391
-5441
-5021
-4525
-4417
-4300
-4012
-3651
-3176
-2431
-1738
-1104
-381
309
703
1212
2050
2897
3427
3803
4028
4160
4443
4890
5068
4943
4745
4543
4305
4171
3995
3671
3254
2870
2395
1991
1657
1349
1024
777
384
-54
-328
-420
-543
-658
-804
-991
-1014
-781
-573
-510
-442
-344
-208
111
361
395
421
590
551
602
468
-433
-1534
-1358
-851
-1244
-2024
-2553
-3478
-4015
-3481
-3193
-3953
-4488
-4428
-4625
-4677
-4161
-3786
-3865
-3619
-3150
-2818
-2314
-1444
-747
-253
298
795
1218
1955
2800
3260
3467
3723
3915
4131
4517
4683
4470
4269
4176
3923
3652
3494
3224
2808
2483
2154
1698
1310
1075
796
486
176
-177
-460
-499
-618
-859
-961
-849
-846
-770
-660
-564
-449
-162
-16
138
293
443
538
766
844
904
574
-418
-1401
-1145
-631
-979
-1850
-2583
-3438
-3690
-3131
-2891
-3603
-4221
-4470
-4603
-4423
-3892
-3725
-3784
-3557
-3146
-2829
-2254
-1477
-800
-291
211
584
1053
1824
2653
3104
3329
3482
3621
3889
4347
4514
4300
4110
3999
3742
3561
3487
3174
2714
2443
2115
1615
1297
1124
747
349
129
-173
-541
-660
-669
-829
-916
-892
-988
-1019
-718
-439
-428
-344
-86
97
238
526
693
596
661
1070
904
-288
-1283
-1097
-661
-848
-1320
-2078
-3197
-3640
-3027
-2719
-3327
-4001
-4305
-4451
-4203
-3679
-3489
-3639
-3525
-3127
-2644
-2108
-1503
-936
-379
109
549
1065
1738
2384
2911
3252
3432
3567
3832
4131
4296
4263
4091
3849
3651
3563
3424
3071
2638
2312
1984
1644
1364
1056
657
359
140
-162
-465
-607
-742
-907
-970
-1041
-1192
-1136
-814
-640
-570
-437
-325
-202
197
503
619
648
657
685
858
288
-843
-1150
-562
-687
-1275
-1672
-2451
-3447
-3189
-2468
-2872
-3768
-3983
-4068
-4223
-3795
-3272
-3417
-3611
-3174
-2645
-2245
-1689
-1073
-686
-202
407
897
1362
2046
2595
2909
3200
3423
3508
3774
4037
3973
3842
3820
3608
3348
3274
3050
2634
2361
2100
1667
1394
1232
847
420
205
-14
-293
-428
-537
-779
-940
-838
-791
-831
-772
-655
-659
-433
-88
37
19
241
449
615
855
1039
892
397
-405
-929
-705
-433
-869
-1564
-2179
-2911
-3217
-2789
-2683
-3354
-3862
-3953
-4065
-3916
-3460
-3316
-3426
-3178
-2760
-2439
-1957
-1263
-743
-317
199
688
1100
1707
2380
2786
3001
3239
3420
3606
3941
4122
3913
3682
3629
3478
3255
3139
2903
2461
2103
1832
1508
1222
963
601
264
-7
-335
-600
-672
-724
-879
-1096
-1240
-1220
-1043
-840
-645
-586
-626
-476
-56
244
338
445
564
643
789
861
301
-678
-1082
-618
-472
-1055
-1737
-2303
-2959
-2992
-2552
-2729
-3493
-3777
-3781
-3857
-3686
-3312
-3288
-3278
-2899
-2480
-2177
-1669
-1017
-505
-41
497
961
1379
1971
2569
2892
3096
3364
3570
3771
3999
4006
3843
3780
3686
3418
3230
3084
2763
2374
2105
1765
1390
1097
865
516
180
-156
-433
-590
-610
-815
-1102
-1225
-1122
-1020
-885
-818
-817
-721
-458
-253
-126
41
210
396
621
768
704
482
-102
-772
-916
-605
-774
-1372
-1968
-2545
-3019
-2837
-2596
-2982
-3587
-3754
-3879
-3926
-3623
-3295
-3349
-3185
-2701
-2359
-2129
-1530
-866
-368
145
686
998
1425
2140
2743
3021
3277
3489
3577
3784
4077
4092
3910
3798
3630
3337
3103
2938
2652
2334
2033
1637
1187
921
757
464
54
-290
-541
-718
-816
-896
-1029
-1115
-1091
-1154
-1143
-894
-617
-560
-432
-290
-192
50
422
494
533
795
933
606
-48
-662
-798
-481
-538
-1155
-1933
-2542
-2932
-2703
-2489
-2889
-3591
-3842
-3889
-3776
-3494
-3250
-3275
-3167
-2804
-2369
-1910
-1386
-879
-392
111
563
1053
1644
2221
2628
2961
3225
3440
3676
3959
4067
3972
3865
3774
3558
3327
3186
2952
2569
2235
1930
1531
1203
974
631
211
-49
-250
-491
-696
-911
-1185
-1258
-1103
-1008
-1010
-954
-918
-802
-551
-280
-173
8
189
383
490
648
741
896
478
-468
-1042
-658
-552
-1032
-1535
-2078
-2960
-3148
-2670
-2706
-3367
-3720
-3862
-4017
-3846
-3473
-3352
-3296
-3027
-2693
-2286
-1730
-1163
-614
-34
471
881
1408
2004
2504
2925
3334
3562
3656
3855
4093
4101
4062
4071
3900
3570
3386
3203
2849
2520
2251
1828
1408
1187
952
573
269
8
-342
-682
-795
-803
-889
-1134
-1274
-1191
-972
-878
-759
-588
-450
-360
-53
205
292
434
697
703
684
663
-9
-1019
-1075
-505
-736
-1516
-2062
-2653
-3279
-3087
-2679
-3064
-3838
-4062
-4043
-4017
-3798
-3455
-3433
-3460
-3138
-2587
-2127
-1682
-1068
-463
59
535
1141
1733
2286
2760
3238
3542
3686
3828
4065
4206
4210
4200
4069
3776
3500
3368
3136
2807
2466
2086
1640
1325
1108
773
386
48
-235
-514
-685
-816
-922
-1045
-1090
-1083
-1019
-936
-799
-566
-346
-276
-285
-31
307
545
663
861
831
772
561
-140
-1022
-964
-581
-941
-1661
-2153
-2910
-3468
-3067
-2782
-3426
-3997
-4020
-4267
-4332
-3803
-3439
-3566
-3334
-2857
-2558
-2090
-1339
-852
-433
291
876
1217
1847
2582
2904
3211
3724
3936
3880
4089
4312
4237
4223
4218
3824
3377
3255
3089
2762
2453
2023
1440
1049
866
592
233
-159
-480
-686
-773
-960
-1119
-1153
-1129
-1160
-1033
-851
-728
-539
-187
-88
-77
147
436
653
1052
1168
831
612
333
-552
-1031
-603
-652
-1489
-1945
-2321
-3274
-3624
-3046
-3116
-3945
-4248
-4200
-4531
-4491
-3812
-3506
-3658
-3323
-2746
-2500
-2031
-1083
-401
-21
568
1133
1542
2210
2933
3259
3535
3910
4060
4168
4425
4427
4233
4255
4131
3682
3390
3261
2868
2493
2282
1886
1307
978
718
332
7
-181
-521
-837
-890
-893
-1055
-1152
-1106
-1082
-975
-755
-518
-384
-215
-36
281
506
665
773
968
994
1081
702
-356
-1278
-900
-477
-971
-1749
-2293
-3275
-3862
-3347
-2948
-3685
-4406
-4487
-4580
-4593
-4128
-3732
-3785
-3603
-3058
-2597
-2219
-1540
-763
-143
418
967
1444
1995
2686
3248
3644
3938
4110
4219
4442
4555
4463
4393
4301
3940
3541
3354
3124
2726
2338
1958
1449
1019
780
545
192
-182
-537
-765
-820
-940
-1162
-1229
-1114
-1034
-867
-694
-677
-664
-318
69
316
394
526
740
980
969
1062
961
18
-1133
-980
-468
-954
-1717
-2028
-2885
-3796
-3593
-3171
-3782
-4367
-4319
-4470
-4797
-4449
-3947
-3867
-3673
-3093
-2724
-2452
-1801
-968
-363
248
911
1416
1877
2542
3112
3534
3979
4293
4313
4418
4573
4476
4381
4445
4236
3749
3443
3194
2818
2455
2134
1629
1134
824
582
204
-184
-505
-759
-939
-972
-1050
-1213
-1245
-1138
-1064
-890
-642
-518
-355
-6
272
400
526
729
967
1086
1024
1090
873
-189
-1185
-946
-583
-1080
-1783
-2325
-3306
-3911
-3616
-3383
-3918
-4379
-4569
-4757
-4784
-4388
-4029
-3834
-3542
-3082
-2696
-2261
-1578
-797
-99
587
1182
1607
2089
2728
3246
3739
4215
4423
4394
4534
4613
4542
4539
4470
4023
3626
3419
3076
2638
2337
1954
1460
1084
725
320
-20
-260
-530
-723
-901
-1097
-1249
-1243
-1161
-1032
-908
-811
-606
-282
9
114
322
571
851
1013
1088
956
1149
1267
370
-1116
-1365
-727
-835
-1535
-2068
-3044
-4224
-4167
-3468
-3711
-4478
-4684
-4848
-5125
-4881
-4247
-3962
-3757
-3295
-2837
-2492
-1928
-1158
-354
456
1116
1565
2083
2761
3250
3660
4209
4611
4690
4783
4857
4675
4566
4639
4447
3924
3515
3167
2773
2451
2162
1671
1185
754
317
-82
-304
-543
-778
-922
-1089
-1307
-1320
-1164
-1122
-1026
-799
-564
-427
-123
150
356
508
826
1029
1165
1217
1360
1257
500
-677
-1173
-890
-808
-1294
-2051
-3028
-3963
-4104
-3771
-3902
-4474
-4824
-5029
-5187
-5039
-4651
-4379
-4067
-3548
-3087
-2694
-2124
-1394
-635
221
970
1486
2007
2686
3258
3747
4254
4611
4735
4858
4960
4863
4738
4692
4526
4157
3758
3345
2879
2500
2185
1784
1317
882
436
99
-141
-430
-746
-867
-997
-1224
-1274
-1079
-983
-941
-767
-578
-467
-207
190
428
575
841
1108
1075
1029
1214
1496
1211
179
-1054
-1397
-1087
-1136
-1831
-2562
-3499
-4409
-4520
-4089
-4319
-4977
-5209
-5210
-5336
-5206
-4746
-4426
-4097
-3469
-2811
-2433
-1897
-1043
-168
596
1400
2039
2552
3168
3765
4114
4490
4931
5152
5181
5189
5036
4818
4723
4560
4115
3615
3189
2712
2273
1929
1481
928
520
208
-143
-437
-634
-846
-1013
-1060
-1127
-1258
-1224
-1005
-840
-686
-358
-44
155
417
722
841
1014
1316
1432
1361
1539
1544
590
-869
-1436
-1123
-1077
-1656
-2337
-3275
-4413
-4906
-4558
-4488
-4984
-5312
-5314
-5546
-5697
-5369
-4785
-4304
-3695
-3045
-2597
-2248
-1566
-591
461
1359
2059
2594
3148
3686
4187
4662
5105
5350
5459
5431
5208
4875
4752
4708
4430
3899
3369
2824
2285
1878
1543
1113
648
234
-132
-442
-730
-982
-1095
-1086
-1149
-1236
-1231
-1187
-1071
-674
-223
-28
37
235
496
784
1042
1234
1357
1524
1646
1716
1303
60
-1247
-1374
-966
-1275
-2033
-2698
-3801
-4883
-4824
-4360
-4782
-5409
-5440
-5516
-5807
-5628
-5087
-4722
-4254
-3454
-2767
-2385
-1916
-1132
-122
937
1787
2371
2903
3465
3920
4438
5041
5406
5433
5495
5495
5202
4882
4795
4584
4141
3711
3206
2525
1982
1648
1240
777
364
-92
-532
-778
-966
-1169
-1254
-1275
-1317
-1201
-935
-813
-776
-520
-109
192
455
745
951
1114
1363
1543
1625
1848
2127
1779
540
-845
-1414
-1238
-1143
-1663
-2635
-3783
-4771
-5154
-4987
-4991
-5448
-5790
-5782
-5846
-5994
-5767
-5266
-4694
-3897
-3021
-2575
-2291
-1582
-481
615
1630
2413
2928
3466
4158
4701
5044
5411
5760
5886
5831
5630
5267
4917
4726
4473
3967
3344
2762
2225
1755
1337
847
328
-67
-328
-597
-916
-1252
-1409
-1336
-1211
-1221
-1230
-1159
-1012
-777
-368
62
410
636
822
1015
1271
1486
1620
1672
1777
1960
1818
699
-981
-1852
-1581
-1353
-1867
-2764
-3851
-5002
-5568
-5376
-5264
-5638
-5939
-5905
-5911
-6007
-5865
-5362
-4625
-3753
-2891
-2208
-1719
-1165
-250
948
1997
2717
3340
3976
4437
4774
5207
5649
5882
5982
5943
5593
5065
4740
4565
4232
3712
3150
2564
1967
1416
932
514
129
-285
-632
-832
-1030
-1280
-1394
-1291
-1147
-982
-805
-698
-573
-239
164
507
815
1080
1261
1517
1727
1682
1618
1868
2067
1921
1322
115
-1388
-2020
-1711
-1751
-2678
-3722
-4695
-5610
-5954
-5720
-5849
-6337
-6455
-6235
-6256
-6262
-5930
-5328
-4510
-3501
-2685
-2134
-1523
-643
411
1550
2525
3202
3824
4542
5044
5328
5681
6058
6199
6179
6057
5709
5208
4805
4452
4022
3493
2899
2282
1717
1142
538
32
-294
-587
-867
-1087
-1297
-1488
-1468
-1284
-1126
-993
-734
-446
-223
26
396
775
1110
1444
1756
1873
1845
1963
2162
2124
2053
1983
1080
-735
-1957
-1954
-1949
-2531
-3197
-4128
-5483
-6327
-6227
-6084
-6399
-6700
-6691
-6593
-6453
-6230
-5824
-5115
-4149
-3193
-2348
-1617
-962
-240
884
2178
3110
3695
4365
4983
5350
5682
6106
6336
6343
6258
6013
5534
5044
4593
4178
3732
3184
2510
1874
1293
747
308
-65
-538
-957
-1148
-1243
-1395
-1423
-1306
-1200
-1101
-862
-535
-216
125
461
763
1081
1395
1670
1891
2003
2125
2325
2231
1834
1866
1982
855
-1074
-2035
-2169
-2558
-3054
-3497
-4563
-5932
-6568
-6567
-6650
-6862
-6981
-6952
-6724
-6374
-6118
-5779
-5070
-4086
-3052
-2011
-1198
-616
268
1574
2630
3345
4167
4931
5287
5606
6004
6171
6212
6374
6323
5949
5480
4930
4291
3871
3547
2956
2210
1626
1061
458
-2
-365
-756
-972
-1020
-1151
-1331
-1331
-1248
-1091
-728
-279
-2
145
321
606
1022
1461
1800
2056
2148
2024
1992
2119
2054
1881
1961
1628
145
-1695
-2597
-2727
-2885
-3299
-4029
-5249
-6431
-6962
-6988
-7029
-7062
-7044
-6976
-6816
-6567
-6316
-5735
-4690
-3540
-2541
-1588
-818
-174
764
2026
3086
3896
4679
5296
5657
5983
6247
6335
6391
6430
6205
5753
5236
4619
3980
3492
3013
2377
1736
1203
658
141
-231
-581
-981
-1224
-1216
-1137
-1072
-1020
-974
-846
-526
-119
246
528
788
1072
1412
1715
1977
2208
2326
2285
2257
2179
1921
1782
1906
1389
-250
-1973
-2697
-2824
-3111
-3665
-4495
-5626
-6535
-6873
-6952
-7128
-7240
-7163
-6946
-6647
-6326
-6001
-5417
-4470
-3399
-2404
-1503
-697
90
1081
2214
3180
3931
4633
5234
5640
5899
6068
6152
6184
6118
5827
5332
4783
4281
3822
3343
2765
2115
1492
928
448
71
-257
-621
-938
-1095
-1124
-1076
-953
-803
-647
-428
-99
259
567
854
1188
1478
1652
1753
1949
2205
2413
2399
2180
1872
1663
1678
1873
1578
162
-1801
-3012
-3274
-3400
-3819
-4481
-5455
-6437
-6981
-7150
-7290
-7330
-7214
-6996
-6671
-6288
-5964
-5445
-4527
-3506
-2569
-1545
-535
267
1107
2156
3128
3928
4707
5360
5701
5901
6054
6075
6040
6038
5861
5416
4916
4394
3764
3156
2654
2102
1492
977
503
20
-357
-660
-946
-1037
-917
-820
-789
-711
-584
-371
14
441
747
986
1258
1523
1746
1947
2096
2188
2275
2300
2081
1700
1477
1473
1432
1112
184
-1454
-3042
-3663
-3651
-3944
-4687
-5525
-6363
-7026
-7224
-7164
-7243
-7298
-6993
-6458
-5959
-5542
-5118
-4547
-3602
-2407
-1348
-524
302
1179
2048
2933
3788
4470
4984
5383
5667
5847
5939
5862
5698
5514
5216
4736
4254
3790
3241
2631
2095
1608
1175
771
357
-70
-408
-628
-727
-702
-615
-555
-460
-274
-7
281
596
926
1226
1419
1464
1424
1420
1491
1665
1937
2113
1840
1182
625
485
622
795
645
-275
-1913
-3439
-4107
-4085
-4074
-4426
-5109
-5898
-6445
-6541
-6461
-6492
-6451
-6104
-5651
-5285
-4885
-4379
-3823
-3119
-2180
-1159
-213
631
1359
2002
2693
3446
4110
4590
4921
5107
5172
5218
5298
5271
5021
4601
4131
3664
3234
2851
2463
2038
1633
1260
845
456
212
95
-1
-70
-62
-9
26
48
100
211
346
473
575
670
805
928
985
954
918
831
717
717
811
667
266
-54
-117
-166
-242
-284
-506
-1313
-2536
-3475
-3723
-3553
-3513
-3834
-4341
-4746
-4921
-4922
-4844
-4702
-4533
-4338
-4086
-3688
-3202
-2756
-2362
-1863
-1182
-424
221
715
1161
1687
2262
2775
3135
3362
3542
3702
3784
3808
3827
3757
3542
3258
3056
2901
2648
2261
1917
1699
1575
1438
1236
1026
832
657
622
612
554
453
386
389
443
501
567
449
238
221
224
177
115
68
70
-50
-215
-164
-25
70
-2
-274
-455
-490
-455
-472
-551
-705
-932
-1353
-1978
-2643
-3007
-2798
-2432
-2457
-2897
-3341
-3449
-3272
-3096
-3076
-3087
-2904
-2545
-2225
-1975
-1786
-1533
-1203
-772
-199
321
735
1039
1281
1568
1922
2247
2422
2433
2511
2652
2745
2735
2580
2411
2269
2185
2046
1899
1782
1675
1536
1376
1210
978
782
733
781
790
745
686
507
308
278
231
228
166
47
121
-19
-2
-123
-280
-65
-181
-495
-240
87
-169
-363
-241
56
-95
-286
-182
-270
-453
-380
-44
-55
-294
-935
-1811
-2309
-2127
-1755
-1607
-1704
-2005
-2280
-2446
-2634
-2735
-2790
-2541
-2143
-1846
-1581
-1475
-1533
-1534
-1280
-830
-384
159
538
747
1070
1303
1431
1408
1514
1867
2141
2180
2255
2291
2193
2114
1974
1894
1802
1657
1543
1442
1432
1483
1393
1150
767
716
850
776
615
440
487
570
238
68
21
98
185
56
-3
16
-40
-255
-250
-328
-139
25
-12
78
-288
-314
-371
-259
-220
-246
158
-23
-96
-115
-382
-664
-980
-959
-1092
-1742
-1940
-1641
-1576
-1862
-2314
-2451
-2547
-2540
-2201
-1953
-1839
-1956
-2017
-1791
-1545
-1450
-1384
-1106
-485
56
221
359
516
708
916
1189
1477
1696
1729
1794
1893
2010
2000
1864
1942
2111
2068
1867
1676
1499
1577
1581
1400
1338
1213
1231
1168
691
649
645
500
242
340
733
691
398
-66
-126
189
206
-100
-417
-184
211
216
-4
129
-26
-468
-333
-479
-155
-140
-185
-149
-165
166
-50
-495
-888
-932
-1051
-1336
-2025
-2024
-1765
-1739
-2167
-2673
-2909
-2859
-2500
-2302
-2107
-2050
-2051
-2182
-2025
-1842
-1589
-1220
-816
-283
210
334
361
486
760
1143
1484
1872
1990
2162
2270
2256
2119
1942
1967
2138
2394
2194
1879
1575
1590
1724
1538
1285
1088
1213
1268
1213
693
505
756
883
746
320
159
124
-26
-58
-25
204
243
-88
-344
-79
-306
-453
-285
-209
-11
32
-53
-378
-48
-57
-558
-529
-143
131
-116
-228
-470
-527
-751
-1124
-1976
-2321
-1947
-1836
-2147
-2575
-2659
-2823
-2784
-2859
-2637
-2444
-2507
-2491
-2187
-1755
-1475
-1299
-1143
-717
-183
270
444
671
929
1237
1634
1906
2048
2058
2121
2353
2471
2299
2200
2321
2435
2047
1717
1786
1832
1778
1618
1444
1416
1333
1256
1141
805
536
722
1038
943
654
470
454
333
125
-73
151
340
25
-70
222
396
122
-341
-191
146
-121
-54
84
381
-48
-665
-420
100
-53
-812
-998
-655
-586
-1406
-2280
-3037
-3257
-3030
-2462
-2553
-3048
-3243
-3022
-2916
-3112
-3349
-3142
-2661
-2166
-1709
-1447
-1316
-1167
-782
-340
-3
387
935
1370
1805
2134
2317
2495
2714
2706
2636
2574
2653
2714
2734
2566
2306
2248
2058
1869
1419
1047
914
884
948
766
712
666
473
271
112
233
96
227
399
442
551
318
236
229
196
292
234
109
427
632
514
305
174
158
652
878
652
582
281
197
76
-448
-435
-472
-1125
-2147
-2971
-3389
-3403
-3193
-3380
-3783
-4082
-4073
-3817
-3810
-3885
-3863
-3518
-2778
-2154
-1855
-1682
-1357
-796
-95
490
872
1290
1875
2405
2775
2768
2731
2834
2959
3048
3036
3019
2951
2754
2415
1963
1530
1262
1266
1308
1211
1110
833
477
134
62
196
306
491
639
653
595
468
386
253
271
585
920
1134
1174
936
736
629
754
609
288
308
902
1351
1283
807
260
-83
-282
-215
-10
-49
-474
-1496
-2769
-3692
-4260
-4606
-4707
-4791
-4875
-4644
-4230
-4132
-4527
-4897
-4809
-4282
-3369
-2427
-1670
-1080
-399
312
754
1059
1380
1887
2641
3542
4271
4583
4595
4460
4090
3669
3383
3273
3073
2845
2624
2315
1845
1234
598
10
-272
-301
-217
-129
-133
-182
-181
-188
-147
-194
-178
49
457
794
1027
1185
1292
1234
1106
1045
1073
1225
1346
1356
1305
1316
1347
1427
1325
979
391
-144
-262
228
760
469
-1007
-3128
-4815
-5526
-5500
-5499
-5837
-6072
-5775
-5163
-4952
-5498
-6361
-6755
-6195
-4890
-3504
-2424
-1463
-473
330
845
1095
1354
1922
2883
4087
5158
5845
6119
5878
5173
4425
3935
3694
3550
3393
3120
2827
2497
1963
1081
123
-505
-645
-471
-124
216
412
540
664
711
640
620
811
1205
1725
2232
2552
2689
2588
2224
1789
1547
1531
1544
1532
1583
1693
1691
1416
821
152
-331
-532
-500
-291
-359
-1303
-3144
-5220
-6764
-7481
-7691
-7773
-7851
-7739
-7362
-7021
-7029
-7311
-7522
-7275
-6443
-5192
-3805
-2429
-1110
37
940
1594
2137
2744
3499
4348
5190
5960
6584
6812
6569
6055
5465
4901
4399
3921
3449
3028
2747
2447
1899
1150
402
-142
-376
-325
-146
1
213
543
817
936
976
1049
1215
1513
1902
2199
2330
2438
2521
2473
2244
1939
1641
1399
1222
1030
859
844
921
824
503
69
-298
-469
-356
-470
-1594
-3628
-5619
-6728
-7114
-7350
-7776
-8216
-8219
-7681
-7173
-7175
-7486
-7567
-7045
-6036
-4789
-3593
-2375
-1018
336
1452
2267
2930
3545
4176
4862
5608
6243
6688
6777
6522
6040
5494
4955
4300
3572
2832
2291
1909
1531
981
358
-153
-466
-616
-632
-501
-279
83
480
848
1068
1271
1492
1721
1938
2183
2466
2697
2844
2833
2764
2608
2332
1944
1524
1169
944
962
1123
963
432
-184
-516
-579
-474
-515
-1500
-3443
-5663
-7130
-7836
-8210
-8586
-8963
-8926
-8401
-7688
-7391
-7519
-7619
-7196
-6198
-4898
-3571
-2230
-820
608
1929
2999
3766
4289
4757
5262
5883
6511
6980
7092
6878
6470
5935
5242
4341
3377
2534
1971
1621
1333
906
333
-178
-502
-688
-826
-815
-641
-273
225
768
1228
1572
1828
1995
2205
2431
2563
2542
2543
2590
2612
2564
2362
2010
1618
1264
873
663
791
836
446
-76
-224
-95
118
110
-761
-2745
-5128
-6930
-8062
-8656
-8986
-9198
-9263
-8849
-8098
-7685
-7761
-7987
-7827
-7116
-5846
-4372
-2888
-1351
287
1838
3116
4052
4636
5027
5492
6102
6665
7071
7223
7130
6817
6428
5782
4827
3728
2761
1983
1393
980
553
103
-271
-496
-691
-811
-789
-635
-362
105
699
1295
1796
2167
2405
2560
2722
2797
2803
2777
2739
2668
2526
2407
2108
1740
1301
829
460
311
435
184
-165
-347
-130
70
128
-124
-1438
-3609
-5914
-7395
-8354
-8966
-9470
-9750
-9513
-8726
-7941
-7721
-7797
-7780
-7330
-6588
-5442
-4143
-2575
-805
928
2416
3665
4722
5256
5430
5632
6157
6646
6982
7066
6935
6686
6282
5535
4423
3271
2262
1415
784
348
43
-128
-218
-234
-279
-291
-255
-167
75
511
1115
1718
2262
2751
3104
3186
3133
3033
2866
2713
2442
2254
2161
2144
1920
1603
1236
803
540
423
338
-77
-457
-498
-100
370
785
-35
-2126
-4667
-6513
-7880
-9143
-10486
-10858
-10901
-9169
-7985
-8011
-8197
-7958
-7575
-7403
-6587
-5300
-3257
-1825
100
2010
3879
5121
5468
5531
6031
6696
6743
6853
7173
6647
6531
6330
5805
4831
3575
2706
1971
1073
211
-234
-896
-1063
-1101
-561
275
102
111
223
600
838
1234
1903
2726
3321
3658
3974
3773
3502
2788
2243
1948
1745
1677
1418
1153
958
881
700
726
669
165
-290
-521
-216
-102
166
445
-412
-2390
-4745
-6501
-8056
-9559
-10613
-11116
-10862
-9993
-8939
-8055
-7339
-6977
-6673
-6203
-5373
-4376
-3361
-2009
-36
2172
4207
5687
6556
7078
7267
7213
6843
6521
6268
6034
5857
5769
5466
4739
3781
2629
1537
484
-427
-1180
-1640
-1586
-1192
-633
-25
498
868
1110
1381
1576
1744
1965
2253
2674
3100
3384
3412
3289
3044
2655
2145
1602
1109
704
480
410
384
395
530
674
494
147
64
226
277
404
324
-972
-3122
-5089
-6427
-7928
-9425
-10448
-10916
-10819
-10064
-8984
-8071
-7356
-6840
-6337
-5670
-4666
-3747
-2779
-1340
619
2625
4421
5865
6864
7443
7670
7636
7258
6768
6161
5566
5181
4969
4566
3816
3027
2262
1274
224
-644
-1351
-1827
-1869
-1496
-940
-287
351
964
1476
1979
2248
2394
2598
2743
2901
3055
3255
3214
3052
2816
2365
1852
1373
935
495
197
134
-14
12
365
697
478
149
87
300
426
742
625
-881
-3006
-4894
-6120
-7762
-9380
-10499
-10995
-10842
-10112
-8941
-8023
-7377
-6884
-6159
-5343
-4337
-3662
-2762
-1363
519
2519
4252
5839
6940
7598
7898
7965
7624
6938
6045
5400
4967
4643
4184
3641
3047
2221
1341
453
-440
-1293
-1848
-2017
-1686
-1103
-383
318
1091
1860
2408
2694
2790
2761
2654
2646
2697
2786
2749
2674
2548
2328
1892
1286
709
183
-206
-519
-638
-456
24
445
474
772
956
954
839
1250
1106
-656
-2929
-4673
-6010
-7730
-9295
-10259
-10767
-10778
-10182
-9197
-8177
-7437
-7021
-6405
-5368
-4335
-3602
-2690
-1097
681
2424
4151
5756
6843
7398
7797
7966
7710
6996
6182
5485
4942
4428
3882
3368
2747
1919
1062
365
-327
-1153
-1698
-1727
-1461
-1110
-539
255
1097
1820
2440
2860
3089
3144
3100
3060
3007
2876
2645
2434
2233
1947
1509
1092
679
241
-169
-386
-502
-588
-425
-50
204
339
533
737
925
1245
1367
206
-1912
-4019
-5477
-7109
-8871
-10270
-11002
-11170
-10688
-9504
-8314
-7414
-6893
-6089
-5121
-4067
-3418
-2732
-1603
-9
1735
3426
5171
6461
7304
7893
8402
8239
7423
6446
5677
4939
4184
3586
3059
2459
1776
1203
734
115
-687
-1333
-1545
-1436
-1215
-756
-101
656
1479
2321
2965
3256
3305
3216
3115
2938
2675
2351
2107
1895
1692
1504
1238
898
491
125
-179
-421
-658
-578
-159
29
33
543
1299
1478
1560
1883
1064
-1187
-3437
-5011
-6954
-9060
-10556
-11289
-11535
-11060
-9996
-8731
-7574
-6810
-6060
-5076
-4082
-3598
-2995
-1827
-281
1314
3102
4969
6460
7520
8234
8717
8508
7697
6587
5625
4704
3836
3115
2581
2124
1641
1226
771
246
-488
-1159
-1540
-1610
-1498
-1112
-395
463
1402
2415
3260
3653
3824
3750
3505
3119
2647
2084
1649
1400
1205
1026
862
646
354
105
-119
-347
-599
-675
-325
103
126
473
949
1372
1608
2276
2366
974
-1147
-3344
-5224
-7291
-9334
-11090
-11903
-11945
-11298
-10062
-8563
-7506
-6674
-5532
-4450
-3620
-3073
-2421
-1454
4
1773
3532
5281
6850
7895
8642
9159
8897
7829
6565
5415
4302
3285
2482
1793
1247
959
702
413
-13
-518
-1008
-1313
-1331
-1271
-1002
-308
610
1559
2557
3383
3796
4013
4105
3871
3404
2845
2202
1562
1178
919
609
304
111
-18
-177
-258
-374
-538
-491
-74
99
204
543
954
1212
1587
2216
1886
251
-1775
-3580
-5533
-7854
-9731
-10997
-12014
-12193
-11191
-9769
-8605
-7519
-6185
-5029
-4086
-3174
-2429
-1775
-952
381
2117
3834
5386
6858
8106
8922
9160
8913
8061
6717
5401
4253
3175
2171
1439
962
663
497
417
125
-306
-749
-1031
-1109
-1076
-750
-151
686
1637
2545
3325
3889
4119
4117
3802
3316
2613
1749
1023
422
43
-205
-302
-344
-318
-234
-102
-207
-340
-349
-175
66
58
304
843
1367
1752
2546
2996
1656
-736
-2378
-4057
-6975
-9551
-10935
-12212
-13299
-12402
-10567
-9493
-8392
-6533
-4924
-3967
-2950
-2146
-1735
-1180
-43
1402
3093
4675
6098
7684
9039
9554
9362
8878
7718
6063
4689
3543
2146
908
366
174
-25
-77
-43
-183
-444
-596
-718
-773
-723
-439
246
1186
2052
2887
3859
4511
4681
4643
4375
3490
2373
1558
777
-87
-627
-814
-982
-1021
-752
-463
-354
-310
-198
54
259
185
250
803
1237
1412
2028
2840
2269
364
-1421
-3017
-5351
-7988
-9970
-11612
-12943
-13031
-11808
-10476
-9329
-7863
-6099
-4530
-3357
-2476
-1767
-1115
-383
793
2425
3964
5227
6699
8301
9283
9475
9264
8567
7216
5690
4371
3021
1574
501
13
-206
-354
-337
-272
-373
-512
-491
-419
-456
-425
-48
666
1481
2279
3185
4025
4485
4616
4560
4094
3156
2179
1340
465
-350
-852
-1108
-1237
-1205
-934
-590
-418
-327
-47
329
489
464
533
822
1154
1428
1902
2436
1864
-12
-1794
-3201
-5532
-8406
-10278
-11571
-12934
-13148
-11805
-10518
-9588
-7964
-5859
-4263
-3125
-2080
-1168
-403
335
1404
2929
4372
5460
6820
8386
9219
9260
9165
8579
7151
5543
4277
2886
1292
181
-259
-541
-752
-605
-391
-388
-368
-177
-69
-40
46
368
988
1706
2312
3047
3850
4294
4393
4431
4103
3227
2344
1565
630
-382
-1041
-1405
-1602
-1601
-1285
-899
-662
-405
42
412
389
456
695
904
1075
1585
2197
2329
1435
-189
-1807
-3523
-5945
-8551
-10348
-11778
-12853
-12707
-11544
-10535
-9370
-7486
-5525
-4079
-2839
-1729
-976
-267
592
1706
2944
4163
5352
6761
8103
8829
9015
8924
8290
7044
5717
4374
2831
1323
366
-266
-786
-975
-801
-661
-583
-310
-60
16
91
329
626
1073
1660
2279
2938
3631
4106
4289
4251
3894
3192
2397
1599
568
-398
-999
-1357
-1748
-1812
-1560
-1336
-1158
-766
-325
43
456
706
793
1077
1515
1535
1587
2084
2291
1163
-590
-2130
-3840
-6192
-8487
-10130
-11546
-12607
-12587
-11501
-10340
-9209
-7547
-5455
-3736
-2462
-1123
99
724
1322
2539
3766
4515
5408
6697
7632
8094
8458
8492
7847
6804
5640
4281
2780
1327
139
-650
-1143
-1486
-1505
-1137
-803
-578
-90
517
739
909
1447
1911
2048
2445
3114
3446
3526
3769
3859
3442
2849
2283
1513
508
-339
-950
-1457
-1874
-2032
-1932
-1608
-1226
-842
-239
453
772
934
1437
1764
1572
1577
2041
2120
1422
126
-1527
-3254
-5110
-7313
-9350
-10791
-11992
-12634
-12020
-10827
-9898
-8577
-6495
-4601
-3243
-1791
-418
363
1063
2230
3328
4083
5019
6216
7188
7921
8458
8512
8076
7346
6274
4906
3492
2020
606
-349
-878
-1366
-1590
-1298
-931
-720
-249
351
597
775
1267
1714
1958
2382
2909
3222
3446
3680
3697
3494
3150
2575
1808
1021
145
-769
-1435
-1886
-2302
-2451
-2236
-1966
-1681
-1161
-543
18
573
1025
1302
1585
1870
1975
2005
2151
2172
1456
-141
-1888
-3379
-5249
-7629
-9544
-10812
-11913
-12304
-11495
-10411
-9485
-7933
-5779
-3953
-2532
-1129
63
882
1675
2617
3497
4219
5006
5988
6974
7704
8064
8063
7763
7098
6004
4680
3287
1763
357
-575
-1207
-1710
-1835
-1526
-1076
-555
37
555
982
1380
1732
2021
2261
2430
2647
2973
3243
3373
3425
3308
2951
2446
1816
1013
129
-716
-1474
-2075
-2451
-2574
-2473
-2184
-1691
-1067
-426
279
976
1381
1535
1695
1764
1721
1723
1649
1338
606
-841
-2634
-4061
-5599
-7771
-9607
-10549
-11329
-11788
-11113
-9923
-8978
-7645
-5555
-3590
-2158
-808
544
1569
2365
3240
4158
4898
5447
6103
6928
7522
7605
7462
7231
6565
5419
4217
3041
1624
219
-654
-1155
-1690
-1964
-1656
-1145
-722
-121
659
1230
1591
2041
2525
2768
2830
2961
3152
3194
3092
2989
2825
2430
1854
1290
723
-20
-840
-1441
-1852
-2234
-2428
-2268
-1992
-1744
-1285
-583
45
563
1153
1654
1896
2066
2155
2073
2071
1920
777
-1036
-2486
-3964
-6187
-8237
-9498
-10752
-11819
-11613
-10640
-9901
-8835
-6919
-5025
-3540
-1978
-486
514
1308
2219
3102
3844
4528
5254
6085
6850
7289
7463
7504
7182
6346
5300
4212
2868
1375
208
-609
-1351
-1822
-1755
-1448
-1118
-566
158
722
1171
1687
2125
2349
2497
2668
2833
2972
3047
3037
2985
2839
2508
2074
1580
871
2
-768
-1411
-2062
-2578
-2727
-2620
-2409
-1977
-1303
-630
-35
644
1345
1785
1912
1953
2078
2135
1932
1632
1155
-47
-1809
-3273
-4607
-6612
-8683
-9864
-10631
-11366
-11261
-10247
-9243
-8138
-6308
-4256
-2675
-1297
109
1251
2120
2933
3693
4346
4947
5530
6181
6827
7114
7038
6941
6686
5849
4712
3681
2533
1158
27
-710
-1363
-1820
-1770
-1382
-984
-484
188
873
1424
1917
2314
2587
2768
2869
2931
2959
2888
2710
2591
2413
2070
1591
1073
411
-337
-984
-1515
-1991
-2419
-2599
-2562
-2341
-2039
-1456
-764
-90
611
1256
1748
2052
2216
2063
1970
1922
1678
703
-749
-2269
-3703
-5299
-7137
-8701
-9865
-10647
-10916
-10390
-9623
-8729
-7337
-5522
-3780
-2335
-939
239
1289
2218
3100
3793
4426
4997
5625
6320
6763
6896
6896
6825
6345
5495
4513
3420
2150
977
79
-690
-1321
-1606
-1486
-1182
-765
-192
444
1018
1528
2000
2337
2554
2676
2797
2867
2836
2708
2572
2436
2130
1734
1297
774
78
-552
-1085
-1664
-2201
-2509
-2577
-2556
-2295
-1848
-1270
-686
-11
733
1460
1993
2233
2381
2421
2333
2105
1796
942
-562
-2137
-3539
-5118
-7027
-8606
-9751
-10526
-10896
-10512
-9688
-8730
-7510
-5799
-3942
-2468
-1202
119
1339
2196
2923
3714
4370
4898
5489
6169
6581
6707
6724
6673
6254
5415
4447
3436
2278
1065
57
-734
-1360
-1683
-1690
-1441
-1069
-547
125
923
1615
2112
2552
2929
3113
3127
3181
3155
2926
2625
2394
2099
1663
1200
694
100
-564
-1140
-1648
-2132
-2580
-2792
-2668
-2412
-2128
-1684
-981
-282
393
1084
1648
1970
2239
2413
2224
1941
1812
1530
478
-1096
-2542
-3808
-5441
-7264
-8593
-9559
-10387
-10564
-9855
-9087
-8312
-6857
-4929
-3294
-1863
-384
852
1866
2809
3572
4086
4558
4971
5369
5868
6211
6195
6109
6112
5758
4951
4101
3262
2153
962
81
-655
-1359
-1716
-1591
-1329
-1002
-380
399
1069
1647
2244
2658
2868
2975
3006
2956
2837
2626
2295
2035
1750
1347
872
422
-88
-677
-1163
-1595
-2001
-2368
-2513
-2496
-2349
-2035
-1561
-976
-339
394
1035
1557
1951
2228
2314
2257
2092
1816
1255
6
-1684
-3119
-4376
-6135
-7948
-9034
-9740
-10340
-10183
-9274
-8426
-7485
-5884
-4004
-2512
-1251
7
1137
2062
2849
3517
4065
4557
5024
5562
6095
6351
6330
6308
6193
5581
4626
3749
2836
1634
494
-262
-905
-1486
-1657
-1411
-1122
-792
-182
586
1237
1726
2163
2571
2871
2975
2977
2963
2830
2534
2251
2023
1653
1134
680
275
-247
-830
-1285
-1691
-2137
-2433
-2480
-2436
-2357
-2080
-1605
-1069
-511
123
732
1221
1588
1853
1993
1972
1830
1635
1349
522
-928
-2357
-3533
-5085
-6929
-8196
-9006
-9816
-9987
-9200
-8397
-7645
-6116
-4194
-2777
-1505
1
1171
1921
2734
3479
3829
4108
4553
4982
5324
5606
5749
5753
5679
5375
4731
3975
3195
2212
1134
270
-487
-1229
-1573
-1435
-1269
-1088
-500
293
909
1483
2099
2518
2734
2937
3034
2921
2733
2564
2331
2033
1683
1279
855
424
-76
-625
-1119
-1578
-2025
-2317
-2422
-2465
-2410
-2107
-1640
-1178
-709
-121
495
939
1275
1615
1787
1747
1705
1608
1335
964
201
-1149
-2488
-3595
-5048
-6777
-8048
-8857
-9455
-9562
-9059
-8237
-7159
-5740
-4063
-2360
-904
297
1451
2499
3141
3495
3905
4326
4545
4731
5082
5339
5334
5350
5447
5175
4470
3761
3088
2158
1078
161
-602
-1253
-1620
-1651
-1473
-1124
-592
97
894
1632
2154
2567
2965
3134
3029
2876
2708
2337
1911
1655
1400
940
489
209
-126
-617
-1038
-1318
-1672
-2070
-2236
-2191
-2161
-2039
-1645
-1091
-582
-84
447
993
1449
1723
1874
2010
1978
1701
1436
977
-199
-1723
-2866
-4045
-5780
-7392
-8283
-8932
-9461
-9239
-8420
-7577
-6550
-4953
-3257
-1894
-732
462
1535
2331
2867
3298
3749
4126
4393
4694
5090
5275
5270
5331
5345
4894
4153
3522
2841
1855
814
63
-558
-1104
-1371
-1276
-1060
-719
-144
587
1243
1767
2253
2678
2938
2949
2875
2764
2524
2141
1819
1515
1082
639
335
38
-409
-818
-1136
-1483
-1865
-2116
-2236
-2343
-2355
-2172
-1798
-1385
-929
-401
207
755
1208
1554
1781
1906
1871
1693
1424
992
2
-1351
-2543
-3605
-5064
-6576
-7472
-8035
-8573
-8635
-7916
-7103
-6308
-5051
-3400
-2092
-1077
98
1242
1980
2481
3074
3575
3892
4176
4561
4921
5149
5241
5248
5167
4833
4244
3571
2887
2000
1007
244
-331
-926
-1331
-1272
-1029
-811
-373
321
913
1373
1896
2341
2540
2597
2634
2552
2347
2114
1865
1571
1232
892
582
295
-77
-522
-902
-1203
-1554
-1919
-2138
-2217
-2238
-2156
-1844
-1420
-1040
-635
-57
518
899
1203
1469
1567
1524
1468
1299
951
377
-600
-1775
-2766
-3822
-5267
-6498
-7156
-7748
-8231
-7990
-7303
-6718
-5817
-4361
-2930
-1814
-634
576
1488
2143
2730
3213
3532
3805
4089
4350
4527
4657
4761
4813
4702
4372
3901
3374
2735
1935
1135
441
-191
-717
-968
-981
-901
-659
-179
385
885
1390
1910
2316
2549
2661
2665
2555
2354
2112
1822
1458
1075
743
429
56
-338
-678
-993
-1329
-1613
-1814
-1973
-2068
-2053
-1948
-1754
-1421
-1020
-605
-146
312
670
975
1255
1369
1321
1232
1110
837
192
-855
-1912
-2785
-3906
-5292
-6325
-6959
-7549
-7759
-7329
-6775
-6213
-5144
-3709
-2482
-1433
-321
724
1534
2161
2668
3089
3403
3624
3861
4105
4251
4334
4439
4482
4355
4063
3656
3155
2528
1793
1083
455
-125
-590
-845
-925
-841
-565
-144
369
934
1453
1896
2300
2590
2653
2586
2485
2260
1921
1604
1261
823
453
212
-66
-421
-739
-1021
-1293
-1501
-1683
-1905
-2055
-2023
-1891
-1738
-1484
-1122
-701
-240
218
583
894
1208
1386
1389
1341
1225
964
598
-46
-1108
-2183
-3070
-4176
-5445
-6284
-6820
-7339
-7374
-6811
-6273
-5683
-4496
-3098
-1990
-931
217
1092
1728
2358
2829
3055
3279
3534
3706
3872
4064
4157
4196
4251
4147
3788
3361
2909
2280
1525
861
248
-348
-738
-863
-893
-794
-426
85
581
1106
1642
2050
2359
2593
2645
2500
2302
2058
1724
1356
1004
641
287
15
-226
-520
-825
-1072
-1274
-1468
-1662
-1826
-1899
-1852
-1759
-1626
-1363
-983
-625
-271
150
517
762
984
1171
1215
1124
971
749
351
-383
-1335
-2212
-3075
-4195
-5286
-5955
-6428
-6841
-6789
-6238
-5707
-5070
-3933
-2667
-1710
-773
294
1105
1662
2230
2724
2963
3158
3389
3557
3692
3825
3905
3923
3912
3744
3442
3102
2685
2093
1474
957
414
-105
-416
-528
-626
-583
-260
173
537
950
1472
1864
2116
2326
2446
2363
2174
1957
1633
1249
872
528
211
-71
-368
-629
-800
-983
-1207
-1385
-1483
-1593
-1641
-1609
-1564
-1480
-1253
-921
-609
-289
22
350
642
855
930
988
1000
859
652
391
-137
-1026
-1844
-2614
-3609
-4734
-5478
-5912
-6325
-6487
-6154
-5552
-4971
-4119
-3012
-1920
-1036
-113
792
1494
1979
2338
2696
2972
3143
3178
3332
3519
3570
3520
3571
3553
3269
2981
2745
2346
1726
1250
852
373
-76
-293
-368
-402
-245
67
455
842
1281
1674
1992
2188
2253
2233
2126
1911
1577
1265
956
622
268
8
-239
-513
-769
-922
-1056
-1235
-1374
-1433
-1412
-1435
-1399
-1299
-1076
-854
-603
-324
-59
174
380
596
669
687
631
536
323
51
-464
-1239
-1992
-2663
-3520
-4549
-5205
-5571
-5915
-6091
-5718
-5171
-4670
-3870
-2721
-1720
-965
-42
880
1509
1898
2360
2699
2853
2971
3169
3321
3346
3419
3520
3563
3425
3256
3049
2721
2238
1721
1248
779
307
-86
-270
-343
-367
-258
71
417
685
1042
1488
1776
1862
1988
2089
1955
1700
1521
1316
948
591
356
111
-223
-505
-680
-848
-1061
-1225
-1264
-1309
-1390
-1392
-1265
-1171
-1104
-908
-629
-405
-241
-4
248
428
501
560
641
585
370
152
-87
-669
-1467
-2122
-2723
-3608
-4516
-5009
-5287
-5573
-5623
-5192
-4625
-4075
-3282
-2206
-1261
-546
255
1102
1669
1967
2311
2607
2714
2744
2849
2963
3028
3086
3135
3187
3160
2987
2745
2503
2126
1573
1097
731
301
-122
-304
-310
-289
-167
132
520
859
1179
1521
1796
1892
1899
1911
1811
1550
1276
1066
795
476
213
-4
-238
-442
-598
-752
-896
-1022
-1132
-1215
-1234
-1257
-1235
-1136
-983
-830
-636
-401
-198
-30
130
299
400
440
463
457
303
73
-193
-689
-1380
-2006
-2621
-3457
-4178
-4586
-4927
-5219
-5092
-4694
-4313
-3742
-2890
-2042
-1292
-489
243
869
1386
1766
2030
2296
2464
2521
2673
2853
2895
2923
3063
3066
2908
2764
2576
2236
1837
1450
1035
644
304
28
-139
-188
-165
-38
210
487
762
1051
1343
1586
1708
1742
1771
1713
1492
1272
1097
808
459
236
35
-261
-476
-577
-712
-845
-890
-924
-964
-973
-968
-937
-864
-781
-673
-493
-306
-163
-18
141
237
240
240
250
147
-60
-218
-434
-920
-1469
-1897
-2472
-3239
-3790
-4102
-4492
-4760
-4583
-4261
-3988
-3458
-2667
-1974
-1354
-603
89
585
1048
1475
1746
1949
2147
2264
2353
2478
2552
2572
2664
2726
2632
2521
2439
2205
1852
1575
1291
896
580
420
239
70
80
184
270
433
688
922
1122
1342
1512
1594
1618
1591
1498
1355
1171
938
704
486
247
-6
-208
-369
-546
-694
-772
-833
-908
-937
-912
-889
-869
-808
-703
-594
-499
-403
-302
-214
-152
-105
-59
-28
-36
-105
-224
-419
-748
-1197
-1677
-2189
-2778
-3338
-3730
-4009
-4207
-4202
-3971
-3641
-3211
-2625
-1980
-1363
-739
-130
380
807
1177
1443
1620
1784
1907
1959
2034
2158
2218
2239
2312
2340
2247
2141
2036
1814
1543
1324
1087
799
573
431
301
229
261
355
495
691
910
1133
1335
1481
1578
1646
1632
1534
1429
1304
1103
877
681
469
212
-17
-202
-386
-553
-657
-712
-748
-761
-750
-724
-688
-647
-607
-548
-473
-414
-384
-345
-317
-331
-354
-336
-326
-373
-426
-486
-659
-984
-1349
-1737
-2234
-2776
-3183
-3496
-3797
-3949
-3844
-3642
-3412
-2979
-2386
-1861
-1357
-744
-183
201
572
972
1222
1369
1564
1744
1832
1930
2060
2151
2209
2265
2262
2219
2159
2025
1826
1662
1476
1218
994
879
743
615
608
689
727
806
976
1125
1204
1316
1427
1450
1424
1412
1338
1191
1047
898
690
485
299
85
-134
-292
-444
-591
-663
-700
-762
-789
-762
-764
-781
-744
-691
-672
-630
-558
-519
-510
-485
-471
-491
-510
-531
-575
-648
-766
-929
-1135
-1424
-1783
-2124
-2461
-2846
-3147
-3274
-3354
-3376
-3173
-2829
-2503
-2081
-1519
-1015
-580
-86
353
645
928
1195
1329
1436
1589
1674
1703
1818
1920
1934
1976
2048
2025
1958
1927
1833
1665
1532
1392
1191
1035
942
825
732
753
785
789
880
1017
1078
1133
1235
1270
1215
1184
1136
990
838
724
558
375
247
108
-59
-177
-275
-408
-507
-550
-622
-692
-696
-699
-740
-746
-715
-712
-708
-666
-621
-593
-566
-528
-499
-490
-521
-576
-637
-766
-979
-1183
-1393
-1710
-2047
-2281
-2518
-2813
-2966
-2954
-2954
-2910
-2637
-2282
-1988
-1600
-1087
-652
-303
99
460
692
896
1098
1230
1331
1444
1528
1583
1664
1712
1713
1728
1739
1688
1631
1610
1551
1462
1406
1350
1259
1185
1148
1105
1084
1113
1139
1177
1240
1285
1293
1309
1302
1226
1144
1066
938
786
666
530
359
212
84
-76
-226
-336
-450
-565
-626
-653
-690
-684
-647
-622
-603
-566
-543
-560
-576
-599
-652
-695
-734
-773
-818
-848
-892
-957
-1027
-1132
-1274
-1440
-1622
-1839
-2050
-2226
-2383
-2498
-2513
-2463
-2360
-2171
-1900
-1613
-1308
-952
-613
-314
-16
267
480
658
834
955
1031
1115
1188
1225
1268
1329
1369
1398
1448
1484
1488
1499
1511
1491
1462
1454
1425
1386
1364
1338
1304
1287
1279
1255
1254
1262
1250
1230
1227
1185
1101
1014
919
766
598
457
303
127
-13
-117
-223
-315
-360
-387
-433
-447
-445
-459
-477
-475
-486
-522
-532
-545
-592
-637
-662
-727
-820
-882
-944
-1053
-1151
-1210
-1305
-1434
-1535
-1641
-1793
-1930
-2047
-2168
-2260
-2292
-2281
-2223
-2090
-1899
-1670
-1397
-1097
-783
-479
-198
66
310
505
660
810
932
1008
1076
1152
1208
1243
1276
1319
1351
1373
1394
1418
1448
1462
1459
1459
1470
1441
1381
1358
1346
1284
1230
1233
1226
1185
1167
1164
1132
1067
1008
945
864
768
666
581
500
392
288
216
136
27
-62
-125
-205
-290
-344
-383
-429
-464
-484
-504
-525
-551
-585
-631
-688
-763
-852
-945
-1046
-1165
-1287
-1405
-1515
-1626
-1741
-1834
-1909
-1991
-2061
-2084
-2082
-2085
-2053
-1954
-1833
-1715
-1549
-1329
-1110
-898
-660
-400
-169
40
251
459
627
756
886
1008
1085
1126
1185
1246
1258
1257
1295
1334
1327
1329
1372
1411
1415
1429
1478
1517
1511
1515
1552
1567
1537
1505
1495
1454
1360
1274
1212
1115
980
871
788
668
533
431
341
223
103
8
-69
-158
-241
-300
-334
-375
-423
-438
-445
-489
-537
-563
-608
-699
-777
-833
-920
-1031
-1118
-1198
-1306
-1426
-1550
-1679
-1824
-1989
-2128
-2215
-2304
-2366
-2340
-2246
-2144
-1983
-1739
-1498
-1269
-994
-704
-471
-262
-37
170
338
476
603
733
841
913
980
1061
1096
1108
1157
1193
1176
1188
1248
1283
1297
1339
1386
1413
1441
1448
1439
1432
1406
1357
1337
1303
1237
1191
1175
1125
1043
994
939
843
744
659
548
429
324
223
118
29
-50
-120
-173
-220
-267
-299
-327
-370
-408
-435
-482
-536
-568
-619
-684
-729
-783
-859
-927
-984
-1068
-1154
-1213
-1291
-1379
-1441
-1503
-1579
-1635
-1668
-1699
-1711
-1689
-1652
-1584
-1491
-1390
-1258
-1094
-945
-784
-585
-402
-251
-80
92
216
323
439
530
588
654
718
778
842
896
967
1063
1135
1179
1261
1334
1344
1362
1397
1392
1358
1347
1346
1326
1303
1292
1292
1281
1243
1207
1179
1112
1016
940
860
747
646
578
497
409
338
277
206
121
33
-49
-140
-245
-337
-410
-484
-550
-589
-615
-642
-668
-681
-700
-737
-784
-834
-889
-972
-1063
-1149
-1239
-1346
-1458
-1548
-1640
-1740
-1821
-1861
-1876
-1883
-1845
-1754
-1636
-1505
-1336
-1128
-926
-731
-521
-309
-127
30
192
342
460
551
652
748
804
859
930
992
1024
1062
1122
1167
1191
1227
1274
1303
1313
1330
1346
1345
1328
1318
1310
1288
1256
1228
1203
1158
1105
1049
995
926
849
777
705
626
541
463
385
300
203
111
21
-76
-173
-255
-325
-397
-459
-505
-544
-587
-633
-675
-724
-787
-861
-931
-1008
-1098
-1185
-1267
-1349
-1437
-1518
-1585
-1642
-1699
-1727
-1721
-1694
-1643
-1554
-1416
-1256
-1083
-882
-668
-475
-312
-161
-27
60
111
164
218
251
273
328
400
449
501
590
680
732
787
861
918
938
968
1014
1049
1062
1097
1145
1167
1177
1194
1208
1195
1162
1138
1107
1047
983
929
867
790
721
663
597
526
468
414
346
274
207
143
71
-1
-56
-107
-161
-203
-234
-270
-316
-358
-398
-456
-522
-588
-653
-731
-810
-878
-941
-1000
-1047
-1087
-1120
-1142
-1159
-1168
-1175
-1173
-1158
-1141
-1121
-1087
-1043
-993
-934
-868
-792
-715
-632
-537
-443
-350
-253
-154
-62
21
103
179
250
312
368
422
478
533
587
643
700
758
816
866
905
932
951
961
960
950
938
934
931
928
925
927
923
908
887
855
811
763
709
650
591
535
488
442
396
352
306
255
197
131
60
-11
-89
-161
-232
-293
-351
-402
-447
-487
-527
-567
-598
-630
-662
-693
-718
-738
-760
-786
-812
-842
-879
-914
-943
-968
-992
-1003
-994
-980
-958
-927
-889
-848
-809
-762
-704
-647
-580
-500
-404
-308
-205
-99
1
85
154
213
258
296
333
376
430
492
560
639
716
781
834
876
896
896
887
874
854
835
827
828
832
836
843
850
843
824
797
760
714
659
612
565
518
477
439
396
349
296
241
178
108
35
-38
-109
-176
-233
-286
-327
-371
-407
-442
-473
-505
-539
-571
-598
-631
-660
-685
-713
-740
-772
-799
-830
-858
-883
-902
-917
-919
-914
-899
-869
-832
-786
-728
-665
-600
-533
-461
-388
-319
-250
-181
-118
-54
8
63
114
166
213
258
299
338
378
419
459
502
544
587
626
654
678
698
711
717
717
710
703
692
680
671
664
659
653
649
641
629
610
581
544
501
451
397
342
287
234
187
142
105
67
36
2
-31
-66
-101
-133
-166
-197
-228
-259
-294
-326
-363
-395
-430
-461
-490
-511
-534
-545
-559
-564
-572
-578
-591
-606
-625
-645
-664
-685
-694
-697
-687
-673
-637
-596
-540
-482
-418
-356
-288
-226
-167
-117
-70
-29
7
43
72
107
142
173
207
244
276
313
346
381
409
436
456
475
494
510
522
532
544
549
557
560
558
551
537
517
497
469
442
412
388
363
342
328
311
296
284
266
246
223
192
157
121
84
45
8
-26
-59
-91
-122
-152
-184
-214
-243
-271
-296
-315
-331
-342
-349
-351
-356
-358
-360
-366
-377
-392
-409
-428
-447
-472
-490
-510
-524
-530
-528
-521
-502
-475
-443
-407
-367
-324
-281
-236
-193
-146
-104
-61
-17
23
63
99
135
167
195
218
246
272
298
324
348
368
381
394
401
403
405
400
391
385
376
365
355
347
335
323
310
297
281
262
246
227
210
195
179
165
151
143
134
127
118
106
97
86
74
56
41
22
3
-17
-36
-55
-77
-99
-118
-139
-155
-173
-192
-209
-230
-251
-275
-298
-321
-343
-361
-381
-395
-404
-411
-413
-408
-399
-384
-367
-348
-322
-299
-273
-246
-221
-189
-157
-121
-86
-49
-12
25
55
82
106
121
133
140
144
145
148
149
159
170
184
199
215
236
250
263
271
275
272
266
256
244
230
220
206
198
193
188
183
180
176
171
164
155
145
133
120
105
91
74
62
48
36
24
10
0
-14
-28
-42
-54
-66
-80
-93
-100
-110
-116
-119
-118
-115
-117
-117
-117
-117
-122
-127
-137
-151
-164
-176
-189
-198
-202
-204
-195
-185
-174
-160
-147
-131
-119
-110
-102
-96
-94
-91
-89
-82
-75
-68
-56
-44
-32
-18
-2
12
27
41
56
69
78
88
95
102
109
120
124
126
129
128
127
124
122
118
113
110
111
110
112
115
120
126
128
127
125
119
114
108
100
89
83
77
71
64
57
53
44
38
33
24
17
5
-2
-15
-27
-37
-50
-62
-78
-89
-99
-108
-116
-128
-130
-132
-134
-133
-131
-127
-123
-117
-111
-104
-97
-89
-79
-68
-61
-51
-43
-32
-22
-14
-4
1
5
8
9
9
10
9
7
7
5
9
10
10
10
13
18
19
21
25
25
30
30
31
29
31
30
30
27
28
26
24
25
20
17
16
15
14
16
17
20
21
22
26
32
34
40
44
50
52
55
56
57
53
52
47
45
36
29
19
11
1
-5
-9
-19
-26
-30
-39
-43
-47
-47
-46
-45
-45
-46
-42
-38
-33
-32
-28
-26
-22
-21
-17
-14
-13
-12
-11
-10
-10
-11
-10
-10
-10
-11
-13
-15
-17
-17
-18
-18
-22
-21
-21
-22
-22
-22
-21
-20
-17
-12
-6
-5
1
4
5
9
11
12
14
16
15
18
15
13
12
11
9
6
2
-1
-1
-2
-1
-3
-4
-2
-2
0
2
6
8
10
12
15
14
17
19
20
22
21
22
23
23
25
26
28
27
29
31
