2
20
21
11
21
13
26
23
5
20
22
2
3
25
13
-5
6
0
-4
23
3
-5
12
-2
-3
4
3
-18
-3
-5
-18
-2
-12
-19
-14
1
-13
-27
-16
-14
-18
10
-5
-16
-13
0
8
-28
-15
14
-7
-13
3
3
-13
2
-2
10
8
-11
-8
8
6
17
8
-20
19
16
-8
3
14
14
1
0
7
6
-12
21
17
8
-5
2
5
-10
1
12
-10
6
7
-21
-1
3
-13
-20
5
-3
-15
-13
-2
-12
-3
8
2
-8
-11
10
-8
1
5
-12
8
5
-5
-6
7
1
-7
-2
13
-9
-5
15
0
-4
2
7
3
-4
7
7
17
8
-4
3
19
5
-2
16
5
7
21
-3
-11
27
8
-1
12
5
-5
-10
1
9
-13
-5
3
-11
-2
2
-17
-3
-2
3
-6
-22
1
6
0
-6
-3
-11
-15
-7
7
-7
-9
-13
-13
7
-11
-12
-6
4
-1
-19
-18
1
1
-6
2
11
-5
-10
5
3
1
-5
14
13
-13
4
14
2
18
26
6
0
5
10
3
8
13
12
-9
12
17
3
2
11
21
0
2
15
1
-1
12
7
-6
13
14
-2
-6
-9
-4
-15
-6
0
2
-15
-23
-4
-18
-6
-3
-2
-23
-13
-10
-23
-13
-1
-18
-9
6
-20
-10
-1
-7
-10
-4
-14
-2
-3
-3
4
5
-2
4
8
15
12
0
5
12
19
11
7
11
18
24
7
30
23
-12
23
22
4
9
14
1
8
29
-24
-21
34
4
-24
26
2
-16
7
6
-1
-6
-16
-10
3
-22
-5
15
-26
-18
1
-13
-28
5
-12
-26
-4
-24
-35
-14
-8
-41
-11
-3
-34
-56
-18
-13
-30
3
-3
-32
5
14
-13
3
19
13
42
24
0
57
22
19
46
46
41
47
39
47
41
39
59
39
54
39
32
60
53
26
17
46
43
10
22
34
1
6
-1
-11
-16
-5
-22
-35
-33
-73
-41
-50
-94
-63
-53
-104
-88
-84
-113
-92
-90
-103
-114
-91
-106
-109
-81
-89
-106
-74
-53
-79
-59
-24
-26
-26
15
30
12
58
83
63
102
120
107
158
155
166
166
217
197
184
228
214
241
226
240
217
216
226
195
202
168
149
161
131
99
88
80
45
32
14
-19
-42
-61
-122
-126
-145
-195
-213
-273
-302
-324
-360
-397
-417
-439
-481
-481
-487
-508
-522
-523
-503
-492
-457
-438
-425
-374
-317
-273
-214
-156
-96
-28
43
120
166
232
323
361
398
479
521
560
588
613
620
677
664
692
680
681
697
639
636
618
598
542
543
475
449
379
345
298
254
237
154
115
78
21
-26
-94
-139
-199
-264
-310
-409
-473
-565
-673
-745
-802
-879
-963
-1039
-1108
-1193
-1202
-1229
-1302
-1288
-1240
-1215
-1165
-1090
-1025
-926
-777
-618
-462
-320
-157
25
199
359
533
698
835
969
1060
1172
1257
1290
1317
1336
1330
1337
1296
1232
1154
1087
1035
978
868
783
715
648
573
500
476
408
366
326
318
287
293
268
283
262
262
239
199
179
133
83
-22
-122
-218
-364
-511
-671
-839
-993
-1169
-1295
-1460
-1595
-1745
-1856
-1933
-1994
-2025
-2015
-1989
-1927
-1854
-1739
-1582
-1430
-1218
-989
-745
-509
-261
-3
238
471
727
943
1147
1302
1471
1587
1673
1747
1779
1803
1803
1772
1706
1649
1551
1450
1363
1257
1145
1082
960
868
787
701
621
575
544
502
482
468
405
379
386
363
319
273
237
180
71
-52
-173
-343
-544
-748
-921
-1125
-1355
-1550
-1789
-1985
-2162
-2316
-2409
-2509
-2546
-2543
-2519
-2440
-2337
-2188
-1979
-1738
-1463
-1181
-875
-572
-263
64
374
673
947
1196
1411
1583
1722
1822
1880
1937
1956
1950
1930
1841
1761
1655
1549
1456
1354
1215
1139
1058
958
909
829
807
774
757
801
797
811
812
815
817
811
789
730
696
593
440
304
113
-164
-424
-684
-946
-1217
-1531
-1832
-2133
-2390
-2619
-2825
-2973
-3097
-3143
-3141
-3108
-3022
-2884
-2670
-2401
-2095
-1749
-1394
-1012
-621
-220
167
534
887
1210
1495
1732
1907
2051
2147
2201
2227
2199
2154
2075
1973
1849
1713
1567
1449
1322
1226
1129
1040
955
903
882
864
838
856
918
903
929
958
983
975
950
921
860
741
612
481
258
-20
-283
-579
-883
-1181
-1481
-1836
-2181
-2479
-2763
-3035
-3218
-3361
-3465
-3504
-3474
-3398
-3280
-3083
-2808
-2472
-2097
-1705
-1290
-848
-405
50
487
906
1286
1634
1925
2153
2330
2446
2521
2553
2535
2456
2365
2228
2075
1924
1727
1566
1398
1261
1136
993
875
831
771
745
746
806
873
880
933
1044
1135
1155
1171
1155
1166
1108
965
797
554
280
-38
-364
-719
-1109
-1508
-1947
-2335
-2722
-3084
-3391
-3645
-3846
-3981
-4056
-4043
-3967
-3818
-3592
-3284
-2913
-2497
-2033
-1535
-1019
-483
51
572
1060
1511
1923
2265
2548
2764
2909
2997
3025
2992
2886
2746
2572
2354
2136
1910
1665
1437
1228
1031
857
733
655
602
600
613
656
740
827
906
1053
1200
1276
1299
1351
1356
1297
1175
1029
805
479
94
-288
-696
-1117
-1547
-2029
-2503
-2935
-3338
-3713
-4017
-4239
-4386
-4475
-4475
-4431
-4299
-4064
-3736
-3329
-2876
-2370
-1827
-1259
-660
-61
532
1108
1646
2140
2556
2892
3155
3351
3487
3553
3537
3427
3240
3022
2770
2490
2195
1896
1615
1316
1051
820
647
505
438
465
471
500
595
708
852
1037
1177
1318
1412
1476
1490
1475
1386
1213
932
601
230
-172
-626
-1097
-1579
-2139
-2679
-3186
-3664
-4069
-4384
-4599
-4760
-4877
-4936
-4895
-4713
-4404
-3985
-3483
-2957
-2416
-1840
-1224
-546
175
901
1573
2153
2627
3000
3320
3623
3867
4030
4059
3946
3678
3339
3041
2772
2491
2152
1738
1284
850
483
247
125
84
46
-24
-103
-91
64
363
737
1092
1273
1263
1316
1458
1657
1858
1957
1814
1386
791
270
-30
-314
-662
-1150
-1848
-2676
-3437
-3956
-4267
-4445
-4592
-4804
-5106
-5385
-5459
-5248
-4763
-4159
-3573
-3097
-2683
-2203
-1554
-723
211
1106
1853
2398
2799
3144
3533
3973
4396
4654
4664
4424
4023
3629
3338
3153
2958
2618
2064
1368
728
299
139
174
195
61
-210
-493
-578
-337
207
780
1161
1263
1118
995
1134
1587
2079
2369
2216
1600
775
112
-154
-171
-255
-720
-1590
-2720
-3749
-4370
-4554
-4515
-4521
-4785
-5321
-5881
-6125
-5868
-5196
-4366
-3705
-3325
-3113
-2789
-2143
-1128
34
1092
1852
2313
2610
2959
3481
4124
4704
5013
4969
4649
4259
3970
3812
3704
3477
3009
2336
1624
1055
712
563
484
341
86
-239
-496
-461
-139
367
834
1044
1013
901
928
1231
1721
2125
2213
1834
1122
371
-97
-201
-246
-541
-1238
-2288
-3408
-4230
-4598
-4639
-4631
-4802
-5248
-5811
-6192
-6127
-5586
-4782
-4016
-3507
-3232
-2967
-2432
-1520
-343
823
1732
2291
2623
2940
3416
4074
4760
5229
5314
5032
4566
4158
3951
3904
3796
3424
2726
1847
1049
548
380
380
310
40
-410
-837
-982
-689
-94
523
914
956
813
737
1001
1597
2237
2553
2360
1719
905
308
117
163
30
-555
-1602
-2853
-3895
-4456
-4611
-4610
-4757
-5205
-5874
-6425
-6570
-6207
-5472
-4681
-4112
-3814
-3593
-3165
-2329
-1154
103
1151
1857
2285
2663
3194
3925
4718
5334
5579
5435
5059
4687
4485
4439
4350
4015
3353
2470
1577
922
623
546
461
195
-267
-807
-1131
-1042
-556
124
699
938
837
650
696
1180
1971
2703
2958
2572
1675
711
214
295
529
354
-471
-1864
-3392
-4439
-4775
-4682
-4587
-4851
-5585
-6510
-7130
-7106
-6421
-5414
-4563
-4179
-4147
-4046
-3454
-2274
-795
535
1396
1792
2057
2530
3317
4280
5117
5528
5455
5092
4726
4562
4622
4699
4486
3854
2939
2028
1396
1146
1089
955
604
63
-489
-804
-717
-299
255
709
907
859
754
844
1280
1947
2602
2869
2564
1811
947
438
475
679
466
-390
-1745
-3137
-4101
-4456
-4492
-4613
-5043
-5778
-6576
-7092
-7066
-6493
-5667
-4970
-4607
-4502
-4293
-3586
-2355
-919
285
1043
1470
1902
2601
3528
4455
5136
5442
5399
5195
5005
4925
4943
4897
4578
3906
3028
2195
1627
1349
1173
877
382
-206
-704
-936
-821
-469
-65
216
348
396
509
772
1175
1701
2220
2530
2457
1953
1180
622
600
832
651
-230
-1634
-3005
-3818
-4064
-4207
-4615
-5290
-6014
-6599
-6937
-6976
-6674
-6044
-5325
-4843
-4658
-4455
-3791
-2513
-1006
203
890
1297
1860
2768
3810
4646
5138
5401
5559
5604
5501
5301
5118
4989
4758
4231
3407
2532
1888
1535
1287
917
373
-196
-601
-747
-646
-442
-258
-96
109
421
808
1120
1286
1444
1816
2358
2731
2509
1592
648
389
724
817
63
-1411
-2917
-3792
-3976
-4142
-4736
-5526
-6153
-6547
-6856
-7111
-7090
-6543
-5641
-4933
-4781
-4803
-4280
-2917
-1210
80
668
966
1563
2632
3800
4630
5092
5394
5604
5652
5524
5348
5280
5254
4971
4251
3321
2563
2096
1761
1333
770
272
-103
-459
-796
-902
-616
-137
173
201
227
593
1184
1577
1661
1806
2368
2994
2871
1677
387
207
1065
1509
456
-1725
-3601
-4092
-3621
-3566
-4579
-5969
-6767
-6867
-6890
-7143
-7275
-6746
-5756
-5094
-5185
-5406
-4689
-2828
-825
237
298
326
1239
2926
4446
5089
5113
5216
5651
6082
6114
5819
5583
5567
5362
4580
3449
2609
2341
2229
1713
705
-232
-583
-500
-530
-817
-1035
-860
-403
-6
228
545
1039
1406
1472
1595
2238
3157
3419
2312
648
51
968
1938
1297
-941
-3256
-4142
-3643
-3268
-4099
-5627
-6690
-6939
-6969
-7240
-7444
-6979
-5978
-5323
-5508
-5896
-5295
-3367
-1197
-120
-238
-368
579
2491
4243
4922
4798
4799
5328
6002
6312
6188
5960
5804
5487
4782
3928
3377
3150
2806
2002
931
164
-47
-63
-308
-686
-879
-781
-598
-425
-108
508
1107
1158
790
838
1831
3094
3295
1815
-17
-320
990
1962
1004
-1485
-3655
-4090
-3275
-3014
-4194
-5884
-6765
-6716
-6586
-6870
-7141
-6721
-5763
-5139
-5302
-5562
-4776
-2800
-815
-12
-229
-226
938
2943
4534
4933
4623
4628
5281
6066
6364
6107
5696
5439
5146
4561
3846
3355
3073
2600
1689
644
72
130
263
-97
-778
-1165
-921
-317
161
362
542
715
765
800
1312
2371
3205
2760
982
-460
-86
1495
2062
457
-2313
-4163
-4058
-3012
-2960
-4408
-6157
-6969
-6880
-6691
-6772
-6745
-6252
-5613
-5418
-5603
-5335
-3948
-1909
-496
-293
-522
56
1776
3735
4743
4598
4276
4697
5702
6397
6252
5563
5064
5046
5009
4483
3629
2881
2320
1756
1118
571
319
162
-303
-961
-1216
-790
-137
154
124
285
844
1290
1249
1264
2136
3505
3939
2479
273
-289
1417
3133
2278
-883
-3796
-4296
-2859
-1964
-3328
-5914
-7497
-7341
-6662
-6650
-7202
-7388
-6838
-6213
-6128
-6155
-5322
-3486
-1732
-1109
-1286
-918
705
2882
4324
4481
4125
4435
5599
6729
7027
6518
5825
5486
5472
5360
4858
4058
3138
2193
1384
867
600
306
-303
-1131
-1667
-1525
-1003
-698
-824
-889
-270
821
1419
1076
680
1438
3266
4537
3734
1319
-134
1047
3334
3591
933
-2437
-3855
-2878
-1558
-2205
-4723
-6930
-7341
-6651
-6401
-6975
-7536
-7346
-6716
-6415
-6480
-6057
-4573
-2719
-1803
-1980
-1921
-460
1957
3722
3878
3161
3315
5003
6860
7247
6165
5101
5211
6148
6512
5557
4031
3165
3086
2969
2235
1226
629
477
224
-356
-785
-646
-187
71
56
181
635
973
897
988
1901
3046
3104
1498
-263
-132
1725
2682
951
-2151
-4012
-3522
-2141
-2228
-4328
-6584
-7223
-6550
-6102
-6509
-7087
-7019
-6432
-6058
-6000
-5530
-4178
-2582
-1791
-1837
-1561
-92
2010
3423
3587
3241
3599
4974
6370
6697
6041
5366
5331
5731
5841
5254
4292
3515
2982
2413
1721
1124
775
420
-259
-1060
-1348
-921
-385
-435
-965
-1056
-51
1319
1612
736
233
1376
3332
4103
2542
72
-437
1581
3289
2047
-1196
-3522
-3427
-2024
-1678
-3550
-6041
-6978
-6330
-5863
-6367
-7028
-6984
-6414
-6020
-6075
-5917
-4764
-2964
-1856
-1945
-2006
-827
1264
2951
3432
3112
3229
4423
5857
6305
5851
5476
5564
5747
5584
5032
4416
4048
3667
2811
1763
1229
1257
1141
399
-570
-959
-526
28
-80
-575
-437
622
1457
1095
279
613
2342
3783
3145
642
-924
395
2826
2844
-99
-3200
-3930
-2499
-1329
-2481
-5227
-6994
-6700
-5759
-5778
-6572
-7061
-6777
-6240
-6027
-5873
-5073
-3635
-2489
-2299
-2347
-1422
528
2317
2925
2611
2591
3726
5432
6306
5912
5162
5028
5540
5998
5744
4850
3986
3558
3233
2667
1974
1426
1048
553
-158
-716
-675
-246
-141
-616
-1045
-583
725
1572
1032
-10
252
2130
3789
3236
697
-962
315
2811
2929
20
-3049
-3658
-2174
-1125
-2375
-5046
-6657
-6233
-5318
-5532
-6507
-6866
-6334
-5819
-5865
-5914
-5122
-3528
-2233
-2130
-2506
-1799
273
2314
3043
2598
2317
3316
5159
6274
5979
5161
4892
5293
5785
5700
4981
4175
3623
3075
2403
1955
1805
1485
655
-351
-825
-457
183
155
-603
-986
-188
994
1194
433
116
1199
2774
3087
1321
-687
-316
2021
2924
699
-2435
-3631
-2561
-1213
-1722
-4200
-6368
-6464
-5352
-5064
-5937
-6716
-6570
-5989
-5665
-5541
-5028
-3963
-2855
-2323
-2199
-1564
-58
1529
2305
2408
2680
3558
4718
5467
5509
5250
5255
5565
5740
5450
4836
4279
3929
3551
2916
2142
1494
1105
790
227
-457
-734
-505
-369
-752
-1140
-758
359
1103
624
-340
-134
1672
3405
3074
674
-1115
-30
2567
3067
439
-2644
-3482
-2179
-970
-1761
-4188
-6071
-6079
-5179
-5015
-5686
-6193
-6108
-5894
-5784
-5390
-4453
-3369
-2710
-2626
-2456
-1390
408
1807
2117
1917
2257
3492
4899
5481
5146
4691
4812
5383
5728
5381
4563
3892
3644
3490
3024
2196
1389
977
834
501
-111
-500
-425
-301
-478
-594
-134
689
961
403
-124
584
2331
3383
2169
-380
-1114
1039
3097
1917
-1382
-3457
-3012
-1549
-1215
-2958
-5421
-6396
-5584
-4884
-5389
-6138
-6177
-5921
-5880
-5670
-4877
-3798
-2967
-2638
-2571
-1991
-432
1311
2087
1979
2054
2921
4179
5119
5355
5066
4781
4886
5291
5487
5149
4421
3692
3188
2905
2671
2184
1374
621
231
22
-160
-212
-244
-561
-915
-621
327
1059
855
104
-69
1041
2778
3300
1449
-893
-594
1979
3009
775
-2196
-3221
-2331
-1253
-1639
-3728
-5729
-5908
-4963
-4863
-5686
-6071
-5736
-5584
-5753
-5475
-4487
-3355
-2676
-2584
-2559
-1709
35
1563
1963
1728
1974
3062
4362
5024
4930
4630
4604
4902
5217
5147
4602
3969
3563
3242
2830
2303
1682
1159
877
590
79
-272
-171
-76
-342
-383
238
916
825
261
175
1085
2536
3155
1709
-647
-775
1746
3269
1220
-2066
-3316
-2381
-1180
-1326
-3248
-5597
-6282
-5225
-4565
-5296
-6110
-6081
-5838
-5816
-5454
-4528
-3582
-2998
-2767
-2598
-1857
-255
1362
1931
1657
1726
2797
4303
5166
4969
4394
4353
4956
5535
5436
4675
3866
3527
3473
3201
2645
1976
1241
588
253
183
42
-227
-506
-796
-1035
-749
196
982
732
-118
-336
631
2261
3267
2354
-135
-1284
700
3211
2466
-881
-3150
-2843
-1472
-905
-2096
-4474
-6024
-5556
-4499
-4643
-5478
-5705
-5584
-5760
-5645
-4644
-3458
-2913
-2881
-2835
-2240
-785
948
1777
1536
1407
2304
3759
4746
4845
4472
4284
4582
5120
5303
4820
4042
3547
3391
3178
2708
2039
1343
859
658
424
20
-204
-158
-303
-612
-383
469
1074
790
95
33
1180
2788
3130
1254
-930
-496
2075
3012
658
-2312
-3186
-2157
-1086
-1503
-3595
-5681
-5968
-4908
-4508
-5242
-5911
-5880
-5704
-5614
-5119
-4125
-3239
-2874
-2846
-2577
-1495
254
1594
1703
1244
1572
3073
4670
5110
4426
3834
4197
5154
5682
5217
4182
3485
3487
3633
3315
2569
1733
1040
625
477
348
31
-323
-561
-774
-932
-625
222
880
605
-173
-306
719
2304
3125
2061
-302
-1131
958
3206
2179
-1132
-3127
-2602
-1240
-868
-2217
-4535
-5924
-5382
-4285
-4395
-5301
-5704
-5652
-5678
-5343
-4280
-3279
-3029
-3088
-2855
-2028
-539
1016
1577
1189
1185
2334
3888
4725
4616
4118
3935
4432
5286
5539
4714
3606
3206
3435
3532
3083
2068
877
400
810
1029
254
-689
-763
-388
-371
-414
58
632
635
210
49
659
2095
3219
2249
-367
-1208
1195
3438
2077
-1324
-3149
-2534
-1100
-651
-2191
-4811
-6115
-5228
-4079
-4361
-5322
-5780
-5838
-5750
-5121
-4064
-3349
-3214
-3196
-2884
-1953
-381
1015
1315
928
1122
2359
3882
4665
4387
3740
3752
4592
5399
5336
4439
3544
3326
3599
3608
2987
1986
1157
832
819
668
215
-264
-514
-545
-573
-577
-233
457
814
403
-138
160
1466
2748
2712
1007
-737
-251
2025
2947
819
-2141
-3102
-1984
-786
-1163
-3220
-5352
-5811
-4741
-3995
-4532
-5469
-5879
-5792
-5361
-4537
-3661
-3268
-3270
-3128
-2464
-1193
266
1081
1021
907
1638
3054
4214
4446
3980
3676
4091
4891
5293
4895
4064
3458
3337
3443
3331
2757
1825
956
578
677
747
345
-398
-829
-643
-288
-212
-124
279
621
464
181
480
1518
2562
2450
784
-723
76
2284
2601
74
-2515
-2850
-1610
-764
-1527
-3702
-5564
-5546
-4290
-3845
-4708
-5621
-5787
-5510
-4987
-4225
-3574
-3331
-3193
-2825
-2142
-1060
220
1035
1081
1043
1706
2963
4044
4378
4037
3675
3916
4673
5194
4905
4071
3375
3178
3296
3319
2863
1889
897
497
670
833
508
-246
-853
-807
-300
36
84
190
361
305
235
615
1480
2234
2078
637
-700
20
2065
2306
-178
-2627
-2857
-1621
-821
-1600
-3777
-5571
-5403
-4040
-3671
-4635
-5515
-5590
-5259
-4702
-3925
-3355
-3212
-3053
-2625
-1941
-832
445
1061
918
990
1883
3142
4023
4128
3674
3478
4024
4807
4983
4435
3700
3267
3222
3307
3118
2486
1615
925
626
665
743
434
-215
-650
-551
-241
55
419
674
465
91
247
1095
2117
2495
1553
-214
-635
1124
2628
1375
-1407
-2875
-2347
-1194
-950
-2419
-4696
-5703
-4876
-3876
-4088
-4977
-5583
-5665
-5288
-4467
-3616
-3240
-3245
-3128
-2616
-1572
-176
799
855
658
1171
2412
3620
4133
3868
3451
3637
4392
5012
4922
4241
3529
3249
3380
3484
3113
2241
1307
853
895
928
569
-76
-552
-536
-242
-216
-428
-217
447
734
266
-113
463
1718
2456
1714
-87
-857
620
2407
1685
-1060
-2812
-2347
-1078
-815
-2186
-4283
-5294
-4609
-3640
-3832
-4739
-5270
-5225
-4934
-4382
-3632
-3116
-3010
-2957
-2586
-1689
-354
710
850
564
939
2158
3400
3904
3635
3233
3419
4167
4759
4651
4012
3410
3194
3248
3230
2909
2263
1491
936
735
715
639
315
-217
-571
-485
-231
-49
246
551
466
114
163
884
1838
2279
1569
-6
-596
790
2308
1511
-995
-2615
-2355
-1268
-841
-2006
-4176
-5414
-4802
-3696
-3674
-4522
-5277
-5507
-5120
-4205
-3349
-3090
-3211
-3111
-2559
-1549
-288
591
662
502
988
2143
3268
3760
3561
3221
3403
4106
4684
4611
4034
3471
3266
3325
3305
2973
2337
1627
1121
901
812
641
275
-185
-460
-398
-233
-200
-93
233
474
347
134
367
1167
1927
1791
554
-537
-15
1486
1713
-88
-2098
-2571
-1708
-972
-1580
-3407
-4894
-4832
-3868
-3529
-4164
-4939
-5184
-4861
-4217
-3569
-3167
-3023
-2879
-2491
-1755
-711
254
655
624
860
1732
2816
3460
3454
3180
3259
3823
4375
4419
3983
3501
3288
3288
3222
2920
2414
1830
1323
1026
885
717
422
16
-277
-275
-110
-69
-78
152
519
602
366
319
885
1729
1953
1057
-198
-265
967
1691
516
-1516
-2552
-2105
-1267
-1393
-2864
-4541
-5020
-4318
-3682
-3921
-4693
-5230
-5133
-4491
-3686
-3154
-3045
-3038
-2712
-1933
-861
91
525
525
732
1528
2591
3311
3413
3172
3157
3624
4225
4432
4107
3574
3262
3256
3289
3068
2582
1998
1486
1142
942
773
540
203
-175
-387
-323
-127
-11
49
186
350
394
389
620
1207
1685
1454
506
-194
275
1272
1202
-329
-1905
-2284
-1671
-1213
-1853
-3422
-4626
-4600
-3883
-3603
-4066
-4742
-5049
-4767
-4062
-3363
-3000
-2959
-2873
-2416
-1542
-491
263
468
472
913
1876
2812
3224
3138
3004
3260
3826
4216
4134
3760
3439
3315
3276
3130
2811
2398
1935
1465
1094
879
735
520
181
-170
-314
-211
-79
-3
135
324
403
298
279
684
1383
1678
1066
-14
-352
476
1317
729
-1016
-2325
-2319
-1575
-1333
-2302
-3875
-4764
-4466
-3749
-3589
-4100
-4743
-4947
-4527
-3730
-3019
-2726
-2755
-2648
-2091
-1106
-71
541
627
675
1208
2167
3008
3327
3180
3049
3319
3849
4168
4034
3613
3248
3115
3095
2981
2656
2141
1589
1189
1003
891
661
278
-98
-221
-94
-5
-110
-130
161
543
598
344
286
829
1568
1662
805
-207
-171
801
1234
165
-1508
-2354
-2056
-1443
-1589
-2833
-4226
-4668
-4145
-3602
-3696
-4278
-4809
-4817
-4228
-3395
-2805
-2690
-2772
-2566
-1828
-716
244
589
476
606
1392
2474
3199
3252
2930
2878
3374
4011
4221
3891
3364
3052
3062
3153
2993
2526
1928
1424
1162
1054
888
558
185
-61
-115
-72
-90
-127
20
341
557
446
211
352
1045
1656
1441
408
-397
-60
930
1074
-217
-1845
-2488
-1988
-1341
-1668
-3072
-4414
-4656
-3962
-3370
-3553
-4303
-4880
-4719
-3892
-2999
-2578
-2682
-2795
-2409
-1460
-335
414
541
446
776
1685
2694
3241
3165
2875
2948
3486
4029
4132
3773
3267
2963
2939
2982
2836
2431
1827
1229
859
775
789
634
215
-262
-470
-316
-23
172
219
203
187
198
358
807
1358
1488
897
-17
-238
545
1288
698
-936
-2184
-2170
-1399
-1099
-2053
-3664
-4574
-4232
-3423
-3200
-3791
-4594
-4867
-4359
-3439
-2741
-2607
-2827
-2808
-2168
-1030
27
459
307
277
954
2125
3017
3148
2775
2641
3137
3873
4190
3907
3386
3094
3118
3195
3039
2645
2163
1680
1250
964
854
761
463
-33
-403
-380
-111
24
-56
-102
70
288
341
318
591
1113
1336
824
-37
-215
492
1050
392
-1066
-2064
-1999
-1423
-1338
-2274
-3613
-4284
-3990
-3430
-3341
-3802
-4392
-4589
-4165
-3372
-2730
-2544
-2671
-2595
-1961
-890
71
446
364
474
1186
2226
2953
3042
2782
2782
3268
3854
4032
3743
3319
3107
3117
3105
2869
2463
2032
1617
1228
922
728
597
374
7
-320
-404
-236
-30
63
87
114
152
225
447
888
1258
1149
501
-112
45
760
937
-17
-1371
-2051
-1821
-1352
-1529
-2610
-3825
-4266
-3877
-3383
-3412
-3953
-4504
-4555
-3984
-3179
-2655
-2608
-2704
-2441
-1662
-628
167
419
408
710
1508
2434
2994
3028
2862
2986
3478
3940
4022
3723
3337
3159
3174
3122
2824
2355
1889
1527
1253
970
643
353
148
-25
-203
-354
-396
-278
-37
173
197
74
45
351
917
1270
1045
344
-177
51
709
776
-176
-1426
-2079
-1927
-1498
-1631
-2660
-3878
-4366
-3991
-3428
-3360
-3914
-4557
-4627
-3957
-3041
-2504
-2528
-2662
-2359
-1503
-438
316
537
561
902
1669
2529
3082
3176
3056
3141
3523
3925
4043
3819
3446
3178
3091
3023
2782
2357
1860
1432
1113
838
549
266
38
-147
-323
-458
-495
-360
-88
134
148
19
21
373
941
1259
1014
359
-100
129
715
738
-169
-1330
-1955
-1855
-1516
-1676
-2631
-3769
-4251
-3940
-3452
-3408
-3916
-4500
-4545
-3907
-3069
-2596
-2585
-2620
-2265
-1445
-478
213
495
639
1040
1758
2506
3004
3173
3185
3293
3574
3860
3955
3830
3552
3259
3036
2868
2660
2352
1918
1416
959
628
428
295
124
-164
-472
-628
-530
-237
70
171
32
-109
49
568
1142
1285
850
165
-89
326
842
602
-444
-1529
-2001
-1809
-1514
-1843
-2915
-3990
-4320
-3941
-3488
-3529
-4088
-4622
-4547
-3829
-2996
-2559
-2545
-2524
-2101
-1224
-234
454
725
890
1312
2038
2794
3296
3430
3377
3441
3718
4016
4102
3902
3509
3146
2938
2807
2585
2181
1648
1124
729
457
232
30
-184
-419
-648
-768
-698
-425
-89
83
10
-115
21
530
1142
1356
997
326
-20
326
904
806
-195
-1352
-1941
-1828
-1469
-1651
-2664
-3848
-4350
-4026
-3488
-3407
-3936
-4562
-4635
-3996
-3095
-2530
-2479
-2546
-2236
-1420
-381
425
778
905
1219
1878
2674
3286
3523
3480
3451
3633
3931
4115
4021
3660
3221
2910
2732
2559
2261
1791
1226
724
359
132
11
-102
-330
-650
-891
-869
-535
-68
192
76
-187
-162
378
1149
1523
1174
370
-138
159
891
1017
91
-1241
-2060
-2013
-1519
-1495
-2430
-3746
-4482
-4265
-3633
-3358
-3792
-4509
-4762
-4225
-3266
-2539
-2364
-2440
-2251
-1533
-467
464
943
1098
1346
1909
2680
3359
3692
3682
3605
3690
3924
4116
4072
3742
3269
2863
2614
2436
2175
1714
1115
554
176
-9
-98
-226
-488
-807
-976
-852
-485
-89
93
15
-116
36
579
1219
1473
1165
501
96
357
924
906
10
-1177
-1927
-1968
-1626
-1693
-2579
-3776
-4450
-4319
-3812
-3564
-3902
-4506
-4737
-4255
-3371
-2636
-2363
-2347
-2150
-1487
-464
497
1045
1258
1508
2033
2773
3466
3832
3845
3771
3836
4031
4197
4150
3821
3354
2938
2629
2373
2084
1660
1105
526
49
-236
-315
-339
-508
-851
-1158
-1167
-745
-136
200
79
-225
-205
398
1279
1730
1385
533
-26
245
988
1182
317
-1060
-2019
-2105
-1642
-1532
-2358
-3680
-4557
-4540
-3981
-3589
-3828
-4471
-4829
-4479
-3616
-2780
-2357
-2264
-2117
-1571
-626
391
1122
1487
1739
2139
2755
3461
3979
4152
4087
4012
4054
4170
4208
4002
3547
3007
2540
2196
1924
1599
1106
485
-105
-485
-587
-511
-527
-795
-1156
-1256
-855
-162
316
269
-76
-127
464
1360
1839
1466
558
7
319
1000
1039
100
-1244
-2135
-2177
-1783
-1848
-2746
-3963
-4691
-4602
-4087
-3793
-4058
-4582
-4788
-4354
-3496
-2701
-2279
-2109
-1865
-1259
-306
676
1378
1780
2069
2451
3035
3697
4178
4349
4276
4127
4079
4157
4197
4001
3514
2860
2277
1933
1754
1490
944
173
-526
-844
-739
-552
-656
-1089
-1497
-1451
-835
-61
332
185
-122
-33
654
1538
1961
1626
811
277
486
1067
1132
326
-913
-1882
-2167
-1945
-1948
-2644
-3739
-4589
-4797
-4469
-4107
-4139
-4506
-4783
-4595
-3919
-3054
-2384
-2019
-1779
-1345
-554
470
1380
1970
2282
2547
3003
3664
4266
4551
4498
4286
4147
4180
4231
4063
3592
2941
2337
1930
1674
1357
835
162
-458
-836
-896
-824
-874
-1123
-1373
-1369
-976
-363
113
238
124
165
607
1323
1834
1784
1206
599
511
896
1066
522
-547
-1582
-2126
-2120
-2079
-2561
-3511
-4397
-4788
-4654
-4323
-4208
-4422
-4673
-4585
-4061
-3279
-2537
-2013
-1661
-1251
-581
336
1260
1983
2439
2744
3107
3630
4183
4546
4625
4481
4274
4151
4100
3967
3603
3023
2361
1794
1420
1130
730
142
-519
-1030
-1191
-1061
-947
-1072
-1353
-1455
-1106
-401
228
435
303
268
698
1463
2038
1995
1369
730
626
978
1097
512
-575
-1630
-2205
-2264
-2297
-2822
-3751
-4597
-4994
-4911
-4616
-4495
-4627
-4772
-4635
-4121
-3348
-2556
-1923
-1451
-967
-291
594
1527
2308
2852
3201
3531
3975
4454
4801
4907
4778
4510
4273
4104
3883
3508
2959
2304
1665
1160
739
307
-191
-732
-1223
-1517
-1572
-1520
-1484
-1490
-1473
-1293
-852
-272
230
499
615
799
1226
1772
2121
2046
1563
1068
936
1048
896
263
-680
-1617
-2221
-2430
-2641
-3188
-3974
-4680
-5052
-5035
-4822
-4693
-4723
-4730
-4518
-3997
-3249
-2477
-1807
-1239
-649
76
943
1806
2536
3094
3524
3919
4335
4688
4883
4902
4786
4585
4364
4083
3668
3121
2537
1976
1479
1015
472
-156
-736
-1128
-1272
-1250
-1269
-1434
-1608
-1515
-1052
-366
184
379
352
467
967
1716
2265
2270
1720
1065
830
1047
1174
713
-293
-1469
-2340
-2670
-2728
-3036
-3765
-4663
-5349
-5566
-5343
-4982
-4785
-4784
-4754
-4454
-3792
-2884
-1931
-1146
-546
36
750
1609
2528
3346
3926
4272
4519
4747
4971
5147
5186
5009
4643
4175
3675
3180
2688
2157
1544
882
212
-408
-930
-1324
-1629
-1841
-1962
-2039
-2045
-1931
-1671
-1253
-688
-98
343
619
862
1229
1808
2427
2762
2619
2055
1473
1279
1393
1314
704
-378
-1601
-2513
-2877
-2987
-3334
-4059
-4961
-5669
-5899
-5653
-5231
-4940
-4839
-4770
-4475
-3819
-2849
-1775
-856
-163
422
1071
1892
2844
3754
4430
4796
4929
4969
5060
5230
5358
5248
4802
4093
3310
2683
2284
1947
1437
647
-315
-1161
-1575
-1555
-1419
-1479
-1805
-2187
-2240
-1742
-848
5
465
500
429
685
1428
2377
3007
2971
2280
1428
1017
1168
1376
1081
99
-1322
-2630
-3330
-3463
-3530
-3943
-4758
-5705
-6348
-6378
-5886
-5248
-4795
-4599
-4478
-4118
-3313
-2118
-840
200
918
1434
1988
2772
3744
4661
5270
5492
5408
5238
5181
5231
5225
4979
4406
3576
2696
1965
1423
965
448
-234
-1049
-1805
-2318
-2523
-2480
-2350
-2282
-2294
-2258
-2017
-1451
-605
281
950
1318
1498
1758
2284
2995
3561
3690
3259
2457
1748
1427
1334
1024
258
-964
-2342
-3434
-3994
-4238
-4530
-5075
-5797
-6465
-6764
-6550
-5983
-5332
-4804
-4414
-4007
-3354
-2350
-1106
129
1148
1901
2507
3139
3913
4753
5471
5885
5949
5754
5494
5312
5181
4951
4475
3699
2748
1848
1147
610
101
-526
-1284
-2020
-2528
-2690
-2585
-2414
-2319
-2259
-2087
-1644
-908
-33
724
1226
1526
1829
2294
2910
3440
3621
3286
2569
1873
1460
1225
822
50
-1110
-2428
-3532
-4197
-4569
-4912
-5410
-6025
-6584
-6842
-6662
-6126
-5443
-4800
-4259
-3718
-3007
-2020
-802
450
1541
2393
3063
3670
4337
5057
5692
6086
6158
5945
5583
5223
4922
4592
4105
3374
2438
1465
634
-6
-522
-1040
-1653
-2293
-2811
-3068
-3034
-2780
-2468
-2208
-1951
-1567
-952
-127
771
1548
2080
2421
2729
3122
3583
3932
3960
3534
2752
1941
1341
881
301
-571
-1734
-3021
-4141
-4893
-5338
-5693
-6102
-6552
-6933
-7080
-6854
-6276
-5505
-4706
-3968
-3242
-2410
-1385
-183
1064
2196
3106
3821
4430
5009
5585
6063
6327
6321
6049
5613
5134
4655
4137
3503
2710
1788
858
32
-659
-1238
-1774
-2278
-2725
-3035
-3126
-2995
-2712
-2354
-1931
-1430
-822
-100
691
1461
2135
2653
3049
3390
3705
3920
3944
3656
3035
2246
1492
826
119
-740
-1796
-2957
-4059
-4936
-5551
-5991
-6374
-6718
-6957
-7012
-6817
-6343
-5651
-4835
-3984
-3110
-2180
-1162
-50
1100
2208
3187
3995
4656
5209
5669
6022
6224
6229
6016
5617
5101
4526
3907
3236
2482
1646
774
-49
-780
-1398
-1914
-2354
-2710
-2955
-3055
-2973
-2717
-2347
-1905
-1385
-783
-119
592
1301
1959
2531
2963
3271
3496
3634
3642
3480
3077
2420
1636
871
144
-614
-1470
-2410
-3375
-4265
-4981
-5508
-5880
-6154
-6321
-6357
-6232
-5927
-5448
-4805
-4032
-3188
-2300
-1381
-437
529
1485
2394
3218
3920
4487
4926
5237
5417
5453
5347
5101
4726
4241
3672
3048
2394
1728
1052
395
-222
-780
-1253
-1621
-1889
-2054
-2112
-2068
-1934
-1709
-1402
-1026
-586
-105
388
858
1289
1664
1976
2211
2360
2416
2383
2247
2010
1668
1196
634
50
-506
-1046
-1602
-2180
-2757
-3272
-3698
-4021
-4234
-4361
-4393
-4333
-4178
-3931
-3605
-3190
-2696
-2127
-1515
-891
-280
315
882
1421
1906
2326
2664
2910
3064
3120
3096
3002
2850
2646
2393
2103
1796
1480
1177
898
649
426
230
77
-35
-111
-144
-146
-125
-82
-16
61
151
252
355
455
532
603
649
674
693
698
670
611
527
415
282
135
-27
-201
-409
-641
-835
-1003
-1163
-1333
-1501
-1650
-1777
-1880
-1944
-1968
-1966
-1947
-1905
-1829
-1722
-1586
-1426
-1234
-1020
-797
-572
-350
-135
76
275
458
619
763
877
960
1021
1065
1096
1113
1116
1111
1104
1095
1081
1060
1039
1015
990
969
944
911
864
811
757
699
635
571
500
422
346
275
209
157
111
69
30
3
-14
-29
-47
-59
-63
-65
-69
-81
-98
-128
-169
-228
-285
-337
-389
-450
-524
-613
-706
-799
-888
-969
-1041
-1105
-1155
-1195
-1215
-1220
-1214
-1191
-1140
-1064
-972
-866
-750
-629
-496
-357
-215
-66
79
222
359
493
616
727
824
910
985
1048
1096
1125
1138
1131
1103
1063
1011
945
867
777
683
588
492
396
302
212
124
53
0
-39
-64
-79
-79
-63
-34
3
46
92
136
184
227
264
289
300
299
280
247
192
117
28
-69
-166
-275
-394
-523
-652
-783
-909
-1017
-1110
-1182
-1237
-1273
-1289
-1280
-1250
-1193
-1120
-1019
-896
-755
-604
-452
-292
-134
24
174
314
444
558
653
727
780
816
834
835
824
795
757
714
658
593
527
459
399
346
298
258
220
192
171
157
159
166
174
196
222
257
293
329
363
396
429
448
462
465
456
442
416
376
328
258
176
90
-11
-115
-229
-345
-454
-551
-650
-745
-831
-914
-975
-1021
-1048
-1060
-1050
-1025
-984
-932
-854
-758
-677
-585
-486
-381
-270
-178
-89
-7
67
130
185
232
265
297
319
332
342
344
349
351
344
348
355
351
350
340
334
341
342
349
347
340
346
338
338
340
323
313
309
312
307
291
283
280
269
259
237
220
207
188
171
142
105
78
47
8
-33
-78
-125
-175
-216
-258
-288
-309
-343
-375
-408
-433
-434
-442
-452
-452
-452
-429
-405
-396
-379
-365
-326
-282
-254
-220
-187
-152
-118
-82
-47
-7
30
67
105
136
171
204
231
253
276
298
312
321
320
317
319
312
291
268
255
230
205
181
161
141
120
100
78
65
58
58
63
70
73
82
101
112
119
127
135
146
154
155
144
133
114
86
44
-1
-43
-93
-148
-198
-236
-279
-329
-383
-433
-470
-497
-515
-520
-520
-515
-497
-472
-440
-400
-359
-306
-245
-181
-115
-56
5
64
117
164
210
249
285
311
335
348
343
338
335
334
322
297
280
266
255
238
211
182
150
128
126
133
130
117
103
101
108
113
123
145
169
187
219
249
260
255
263
280
289
281
267
240
191
131
70
2
-90
-194
-295
-383
-461
-533
-620
-698
-765
-824
-859
-877
-885
-870
-844
-802
-743
-686
-612
-529
-435
-340
-237
-133
-28
67
151
229
306
371
436
490
532
568
579
584
590
587
570
539
524
507
469
434
397
349
301
246
206
189
162
123
88
74
79
109
145
168
202
257
320
381
435
478
523
576
621
637
623
594
547
470
375
263
121
-57
-262
-463
-649
-827
-995
-1178
-1339
-1482
-1607
-1686
-1778
-1824
-1802
-1751
-1647
-1537
-1419
-1253
-1074
-868
-640
-410
-166
72
291
490
681
844
967
1072
1154
1227
1282
1290
1274
1227
1174
1128
1055
980
914
839
765
683
579
463
347
250
166
87
20
-35
-74
-96
-84
-24
87
217
354
505
674
851
1020
1161
1264
1332
1372
1385
1345
1250
1071
815
472
37
-460
-935
-1351
-1714
-2045
-2373
-2713
-3054
-3353
-3566
-3679
-3698
-3543
-3253
-2876
-2470
-2071
-1685
-1278
-824
-310
241
803
1332
1787
2136
2367
2496
2533
2529
2508
2464
2381
2237
2023
1753
1451
1142
843
577
345
142
-40
-199
-324
-410
-447
-443
-407
-376
-356
-323
-228
-50
239
644
1093
1513
1831
2019
2052
1982
1896
1867
1932
2065
2149
2040
1628
867
-171
-1282
-2221
-2856
-3200
-3377
-3531
-3819
-4297
-4884
-5436
-5764
-5717
-5235
-4398
-3380
-2402
-1631
-1090
-677
-243
325
1097
2024
2974
3773
4292
4450
4283
3920
3506
3155
2910
2732
2524
2194
1710
1089
394
-264
-792
-1139
-1316
-1336
-1252
-1120
-969
-822
-691
-594
-501
-378
-191
107
577
1216
1944
2622
3122
3337
3263
3000
2686
2450
2396
2533
2706
2705
2322
1425
-8
-1709
-3292
-4446
-5096
-5275
-5211
-5187
-5383
-5843
-6436
-6923
-7036
-6597
-5580
-4144
-2576
-1167
-81
680
1236
1737
2325
3059
3905
4725
5356
5668
5599
5180
4514
3750
3015
2379
1843
1363
866
300
-349
-1045
-1709
-2234
-2530
-2555
-2315
-1880
-1373
-914
-587
-407
-305
-158
180
789
1662
2683
3651
4362
4666
4537
4071
3482
3016
2834
2948
3186
3253
2847
1768
10
-2159
-4254
-5851
-6742
-6974
-6777
-6497
-6419
-6668
-7160
-7645
-7796
-7325
-6139
-4351
-2301
-371
1149
2179
2806
3206
3593
4117
4808
5566
6205
6542
6443
5887
4956
3825
2685
1666
834
170
-386
-905
-1435
-1992
-2530
-2981
-3265
-3295
-3031
-2477
-1703
-833
-14
638
1059
1256
1313
1374
1610
2133
2909
3772
4485
4822
4670
4059
3185
2318
1727
1542
1703
1960
1979
1419
108
-1837
-4007
-5905
-7179
-7678
-7486
-6885
-6241
-5839
-5800
-6038
-6308
-6265
-5647
-4354
-2536
-509
1374
2848
3785
4197
4247
4156
4147
4332
4700
5120
5394
5330
4837
3933
2744
1463
279
-659
-1288
-1623
-1764
-1822
-1889
-2011
-2161
-2257
-2203
-1929
-1429
-759
-39
638
1221
1698
2090
2450
2863
3347
3862
4294
4532
4492
4185
3709
3211
2822
2581
2411
2143
1561
456
-1224
-3285
-5321
-7016
-8155
-8662
-8596
-8165
-7620
-7155
-6853
-6638
-6361
-5787
-4744
-3192
-1285
735
2611
4139
5177
5704
5817
5682
5464
5285
5209
5194
5118
4816
4191
3208
1941
531
-850
-2011
-2813
-3206
-3251
-3066
-2792
-2553
-2380
-2208
-1944
-1493
-817
54
1009
1897
2567
2946
3065
3049
3044
3171
3447
3807
4112
4195
3962
3448
2767
2098
1585
1284
1113
888
364
-674
-2228
-4081
-5886
-7373
-8311
-8594
-8290
-7593
-6755
-5979
-5377
-4943
-4532
-3930
-2986
-1680
-119
1540
3114
4410
5264
5633
5581
5235
4761
4316
3997
3807
3645
3388
2937
2207
1194
-21
-1260
-2340
-3080
-3392
-3286
-2864
-2292
-1723
-1242
-856
-527
-172
277
861
1535
2205
2752
3102
3243
3245
3185
3138
3124
3134
3131
3046
2869
2611
2318
2032
1776
1505
1110
460
-608
-2096
-3823
-5507
-6941
-7940
-8387
-8289
-7784
-7054
-6257
-5528
-4908
-4333
-3657
-2745
-1562
-167
1337
2815
4101
5042
5558
5652
5394
4908
4353
3854
3461
3148
2839
2445
1880
1084
74
-1030
-2078
-2911
-3387
-3445
-3119
-2524
-1793
-1062
-402
147
595
991
1378
1772
2161
2523
2819
3019
3147
3228
3258
3234
3148
2984
2735
2432
2125
1871
1703
1625
1552
1347
856
-111
-1579
-3361
-5171
-6774
-7965
-8556
-8523
-7997
-7169
-6224
-5331
-4614
-4034
-3447
-2691
-1692
-453
984
2484
3875
4972
5654
5875
5653
5105
4407
3725
3150
2707
2373
2068
1672
1095
293
-685
-1735
-2696
-3388
-3680
-3532
-2988
-2148
-1168
-217
577
1149
1483
1630
1697
1778
1944
2240
2659
3154
3616
3926
4004
3814
3380
2789
2184
1723
1488
1505
1700
1876
1811
1257
56
-1759
-3911
-6043
-7887
-9140
-9612
-9308
-8432
-7208
-5897
-4763
-3937
-3350
-2831
-2216
-1348
-165
1328
2971
4547
5832
6655
6895
6550
5757
4720
3620
2597
1767
1152
676
243
-206
-743
-1421
-2197
-2921
-3479
-3766
-3671
-3167
-2304
-1199
14
1183
2161
2838
3177
3230
3084
2850
2634
2526
2571
2733
2934
3081
3074
2844
2421
1873
1332
920
731
794
1026
1248
1258
816
-243
-1860
-3760
-5690
-7422
-8618
-9075
-8811
-7963
-6686
-5275
-4021
-3057
-2367
-1865
-1420
-882
-113
958
2256
3628
4893
5855
6313
6212
5618
4649
3453
2246
1210
447
-51
-335
-482
-648
-946
-1407
-1952
-2503
-2935
-3090
-2850
-2214
-1248
-64
1173
2259
3036
3452
3496
3242
2807
2364
2045
1911
1974
2190
2453
2627
2628
2443
2097
1675
1299
1079
1044
1136
1255
1224
792
-196
-1663
-3424
-5314
-7106
-8448
-9139
-9141
-8489
-7295
-5824
-4372
-3105
-2089
-1331
-781
-298
287
1076
2072
3219
4388
5379
5994
6125
5772
4959
3814
2557
1395
459
-190
-538
-676
-741
-868
-1110
-1488
-1965
-2415
-2690
-2660
-2260
-1502
-449
745
1895
2827
3421
3624
3454
3013
2460
1938
1558
1384
1410
1570
1768
1928
1980
1914
1768
1617
1525
1510
1558
1578
1461
1018
113
-1215
-2820
-4575
-6299
-7705
-8583
-8870
-8539
-7650
-6393
-5009
-3690
-2528
-1582
-859
-293
269
929
1728
2665
3693
4656
5390
5784
5764
5305
4471
3386
2228
1156
271
-370
-757
-968
-1106
-1237
-1415
-1665
-1941
-2148
-2193
-2002
-1548
-845
40
982
1836
2516
2962
3129
3053
2833
2556
2303
2140
2087
2127
2225
2333
2422
2484
2506
2481
2402
2256
1958
1445
597
-654
-2207
-3895
-5631
-7260
-8502
-9230
-9414
-9012
-8074
-6798
-5366
-3917
-2560
-1363
-347
497
1264
2034
2815
3623
4451
5185
5706
5959
5872
5380
4530
3423
2159
886
-261
-1172
-1802
-2160
-2297
-2265
-2142
-2021
-1915
-1797
-1638
-1388
-983
-385
389
1276
2185
2996
3588
3868
3809
3447
2851
2145
1458
899
537
397
469
689
977
1285
1578
1815
1980
2053
2003
1771
1325
559
-538
-1865
-3309
-4801
-6170
-7213
-7848
-8030
-7718
-6983
-5984
-4841
-3681
-2597
-1637
-816
-125
538
1242
1970
2745
3560
4296
4844
5170
5203
4890
4284
3465
2510
1539
646
-115
-713
-1143
-1436
-1629
-1741
-1795
-1796
-1701
-1501
-1187
-756
-231
345
913
1414
1828
2149
2371
2514
2611
2679
2715
2732
2720
2652
2543
2412
2280
2205
2213
2282
2370
2381
2201
1667
633
-876
-2714
-4724
-6746
-8497
-9706
-10259
-10108
-9264
-7879
-6199
-4441
-2784
-1353
-213
624
1229
1756
2286
2867
3555
4316
5015
5548
5833
5763
5266
4392
3231
1879
515
-696
-1652
-2295
-2597
-2595
-2388
-2059
-1697
-1385
-1120
-891
-668
-375
38
575
1217
1926
2595
3109
3415
3459
3224
2758
2160
1511
916
470
223
194
370
708
1161
1679
2175
2574
2813
2805
2474
1764
627
-869
-2546
-4264
-5912
-7260
-8140
-8529
-8402
-7771
-6784
-5611
-4383
-3207
-2167
-1286
-557
76
726
1420
2174
3014
3876
4641
5229
5577
5595
5242
4572
3647
2542
1381
271
-695
-1451
-1970
-2259
-2340
-2255
-2063
-1786
-1444
-1078
-704
-305
107
526
945
1358
1766
2154
2518
2829
3079
3238
3289
3219
3037
2770
2466
2180
1973
1897
1947
2094
2248
2282
2044
1343
103
-1569
-3542
-5692
-7770
-9438
-10500
-10852
-10414
-9242
-7557
-5599
-3590
-1727
-168
988
1757
2254
2602
2894
3248
3733
4299
4870
5371
5697
5707
5354
4645
3603
2300
860
-593
-1929
-3053
-3874
-4372
-4526
-4295
-3753
-2996
-2083
-1061
-52
895
1759
2485
3037
3429
3661
3743
3697
3525
3252
2911
2528
2109
1700
1331
1005
779
684
731
918
1224
1583
1903
2068
1971
1476
502
-882
-2531
-4335
-6145
-7679
-8738
-9245
-9133
-8396
-7182
-5677
-4061
-2488
-1112
-37
712
1204
1550
1808
2086
2485
2998
3582
4185
4722
5068
5130
4862
4257
3348
2210
955
-279
-1391
-2273
-2842
-3100
-3068
-2770
-2269
-1661
-1015
-381
195
705
1137
1494
1790
2025
2205
2336
2415
2433
2400
2314
2185
2026
1853
1686
1541
1459
1450
1535
1708
1937
2163
2313
2292
2007
1327
201
-1270
-2972
-4837
-6669
-8184
-9250
-9768
-9634
-8843
-7562
-5962
-4188
-2426
-865
380
1288
1906
2296
2542
2781
3095
3496
3962
4468
4910
5152
5118
4759
4057
3030
1769
431
-848
-1966
-2810
-3281
-3387
-3181
-2693
-2011
-1266
-545
109
657
1089
1414
1672
1900
2107
2299
2477
2611
2659
2586
2391
2079
1660
1183
732
367
145
123
322
723
1256
1829
2337
2655
2651
2236
1329
-27
-1687
-3509
-5360
-7002
-8224
-8925
-9050
-8563
-7551
-6192
-4648
-3065
-1609
-407
489
1105
1507
1760
1973
2246
2628
3119
3689
4272
4767
5053
5046
4707
4017
3001
1760
437
-835
-1946
-2761
-3190
-3236
-2938
-2349
-1587
-791
-64
520
919
1126
1179
1140
1124
1200
1388
1708
2146
2625
3065
3408
3593
3581
3389
3071
2701
2345
2047
1838
1691
1540
1275
721
-177
-1392
-2911
-4708
-6592
-8299
-9670
-10551
-10751
-10211
-9036
-7340
-5262
-3009
-845
1039
2549
3624
4249
4490
4482
4352
4181
4065
4070
4171
4288
4345
4266
3951
3314
2366
1159
-237
-1728
-3100
-4175
-4883
-5153
-4878
-4108
-2992
-1632
-153
1250
2413
3271
3781
3925
3738
3330
2815
2280
1802
1461
1293
1277
1366
1521
1699
1845
1911
1922
1889
1791
1654
1509
1332
1068
666
44
-815
-1871
-3105
-4488
-5874
-7085
-8039
-8621
-8692
-8241
-7353
-6093
-4540
-2871
-1264
175
1376
2289
2905
3275
3478
3587
3656
3737
3863
4007
4104
4114
3995
3671
3100
2297
1317
242
-855
-1881
-2708
-3249
-3473
-3355
-2905
-2191
-1323
-381
555
1382
2016
2430
2638
2635
2475
2221
1936
1664
1442
1305
1264
1296
1370
1467
1577
1671
1741
1810
1873
1917
1929
1885
1736
1405
806
-87
-1226
-2568
-4086
-5632
-6999
-8082
-8787
-8972
-8580
-7709
-6450
-4881
-3162
-1496
-9
1246
2199
2831
3189
3370
3453
3484
3530
3633
3782
3915
3992
3967
3761
3318
2628
1752
741
-351
-1415
-2322
-2982
-3353
-3383
-3067
-2472
-1677
-753
201
1067
1767
2257
2526
2571
2432
2172
1862
1558
1314
1168
1134
1204
1343
1535
1750
1944
2101
2224
2306
2310
2233
2058
1752
1239
464
-557
-1773
-3151
-4647
-6086
-7316
-8258
-8810
-8846
-8365
-7455
-6177
-4621
-2943
-1320
156
1411
2382
3053
3463
3688
3786
3801
3798
3821
3854
3865
3831
3719
3460
3005
2369
1582
668
-321
-1284
-2120
-2765
-3163
-3253
-3029
-2530
-1819
-948
-6
889
1660
2252
2631
2766
2687
2449
2107
1719
1347
1059
881
816
858
994
1187
1404
1623
1835
2007
2117
2157
2097
1888
1496
858
-56
-1192
-2481
-3888
-5314
-6584
-7577
-8232
-8448
-8166
-7446
-6370
-5014
-3487
-1948
-523
714
1716
2455
2942
3234
3396
3484
3534
3596
3684
3780
3836
3816
3680
3369
2854
2159
1316
359
-637
-1566
-2339
-2899
-3175
-3132
-2785
-2188
-1393
-482
441
1277
1947
2407
2640
2641
2458
2158
1801
1447
1162
990
932
982
1125
1335
1572
1806
2015
2186
2292
2302
2207
1975
1570
919
5
-1110
-2372
-3770
-5189
-6466
-7495
-8217
-8526
-8338
-7710
-6722
-5427
-3915
-2358
-890
424
1524
2353
2914
3265
3465
3554
3578
3607
3658
3713
3744
3736
3640
3390
2965
2371
1618
725
-233
-1158
-1985
-2636
-3032
-3123
-2919
-2444
-1738
-878
42
913
1665
2230
2565
2665
2558
2303
1955
1571
1225
977
838
813
911
1098
1340
1600
1862
2094
2262
2348
2330
2178
1862
1353
596
-393
-1547
-2821
-4182
-5503
-6644
-7538
-8112
-8269
-7982
-7305
-6292
-5002
-3547
-2074
-681
571
1611
2395
2935
3284
3482
3569
3603
3636
3677
3718
3739
3716
3598
3331
2895
2297
1533
639
-304
-1217
-2036
-2669
-3044
-3130
-2922
-2440
-1733
-881
27
897
1647
2211
2554
2675
2589
2347
2005
1628
1277
999
819
756
806
949
1159
1397
1642
1863
2030
2114
2102
1963
1670
1214
545
-344
-1385
-2519
-3739
-4953
-6017
-6868
-7458
-7694
-7521
-6987
-6147
-5030
-3727
-2372
-1056
156
1193
2006
2594
2982
3223
3344
3387
3410
3446
3492
3524
3530
3479
3313
2992
2523
1903
1132
279
-587
-1405
-2094
-2575
-2798
-2762
-2464
-1928
-1222
-419
392
1130
1739
2161
2379
2404
2264
1991
1651
1302
993
754
618
603
698
878
1118
1400
1685
1929
2107
2191
2148
1944
1565
988
183
-811
-1914
-3097
-4317
-5437
-6353
-7035
-7423
-7427
-7059
-6387
-5445
-4286
-3020
-1759
-561
510
1400
2087
2589
2935
3157
3292
3375
3446
3516
3569
3590
3568
3455
3210
2831
2311
1650
875
63
-732
-1460
-2043
-2412
-2553
-2460
-2132
-1605
-951
-240
466
1097
1595
1934
2101
2103
1970
1741
1464
1194
961
792
716
740
853
1038
1279
1553
1818
2042
2198
2251
2147
1871
1381
637
-332
-1452
-2675
-3972
-5211
-6265
-7076
-7594
-7721
-7441
-6819
-5904
-4741
-3432
-2111
-848
292
1244
1983
2524
2890
3126
3272
3361
3445
3541
3632
3700
3729
3685
3505
3185
2715
2103
1359
535
-292
-1068
-1738
-2238
-2520
-2574
-2408
-2035
-1497
-856
-185
458
1023
1467
1755
1887
1873
1741
1523
1262
1011
799
649
590
636
778
996
1270
1588
1897
2161
2349
2413
2310
2013
1483
708
-280
-1413
-2651
-3934
-5141
-6169
-6957
-7439
-7547
-7283
-6692
-5808
-4695
-3450
-2184
-966
142
1088
1841
2404
2805
3082
3270
3401
3521
3643
3758
3848
3894
3854
3685
3361
2881
2232
1441
571
-320
-1170
-1907
-2460
-2787
-2869
-2707
-2325
-1772
-1111
-407
272
861
1322
1643
1815
1854
1785
1651
1489
1331
1207
1141
1138
1202
1334
1521
1740
1967
2178
2338
2406
2342
2115
1688
1021
113
-970
-2184
-3493
-4803
-5975
-6935
-7629
-7970
-7902
-7455
-6686
-5631
-4356
-2988
-1629
-341
807
1759
2487
3021
3383
3599
3705
3753
3786
3807
3816
3818
3789
3686
3484
3171
2725
2128
1405
609
-227
-1057
-1799
-2390
-2791
-2969
-2906
-2599
-2087
-1431
-689
78
794
1389
1824
2077
2139
2022
1768
1434
1062
706
419
243
186
262
470
784
1162
1563
1950
2267
2459
2492
2342
1975
1379
554
-448
-1562
-2736
-3915
-4998
-5882
-6538
-6927
-6988
-6727
-6204
-5455
-4513
-3451
-2367
-1310
-316
574
1330
1957
2482
2915
3256
3534
3776
3971
4105
4168
4149
4012
3735
3321
2783
2117
1345
527
-280
-1042
-1704
-2201
-2509
-2617
-2525
-2232
-1781
-1225
-614
7
587
1074
1445
1691
1809
1811
1724
1580
1416
1257
1133
1067
1068
1128
1257
1435
1637
1828
1985
2076
2053
1893
1576
1081
367
-531
-1545
-2644
-3792
-4893
-5844
-6595
-7105
-7293
-7138
-6673
-5925
-4933
-3767
-2523
-1279
-100
957
1842
2537
3048
3397
3599
3688
3707
3694
3658
3594
3511
3400
3221
2958
2604
2149
1580
923
225
-486
-1164
-1748
-2188
-2452
-2522
-2388
-2057
-1569
-974
-326
327
923
1408
1755
1955
2000
1900
1697
1433
1146
869
648
511
463
515
653
871
1132
1399
1648
1839
1927
1887
1692
1334
788
50
-834
-1804
-2828
-3866
-4816
-5597
-6185
-6538
-6591
-6342
-5846
-5126
-4205
-3160
-2073
-994
27
942
1712
2338
2823
3179
3417
3560
3637
3663
3640
3564
3444
3262
3001
2653
2230
1724
1141
518
-109
-712
-1254
-1685
-1972
-2108
-2077
-1879
-1535
-1078
-549
18
573
1068
1469
1761
1923
1956
1873
1695
1460
1195
927
694
523
419
398
461
592
774
980
1184
1341
1422
1399
1239
923
432
-234
-1036
-1920
-2860
-3803
-4653
-5351
-5860
-6127
-6110
-5821
-5294
-4552
-3639
-2622
-1582
-577
354
1159
1811
2309
2675
2915
3048
3111
3134
3129
3102
3057
2990
2877
2697
2448
2117
1696
1187
626
44
-529
-1052
-1476
-1765
-1906
-1879
-1681
-1332
-870
-329
247
805
1295
1688
1956
2080
2068
1926
1680
1369
1022
674
365
122
-42
-113
-86
28
201
419
661
878
1043
1133
1117
968
689
257
-331
-1023
-1775
-2565
-3350
-4044
-4597
-4997
-5194
-5152
-4900
-4464
-3860
-3123
-2319
-1499
-698
37
676
1210
1637
1964
2209
2381
2510
2612
2705
2780
2833
2859
2835
2744
2569
2317
1971
1536
1039
516
-9
-502
-912
-1219
-1402
-1443
-1338
-1108
-778
-379
50
470
841
1137
1332
1417
1398
1284
1100
874
633
408
227
111
66
94
200
365
569
792
1007
1185
1296
1320
1235
1022
674
178
-451
-1171
-1941
-2742
-3519
-4191
-4732
-5107
-5271
-5198
-4922
-4464
-3832
-3077
-2263
-1433
-620
126
777
1324
1768
2113
2374
2567
2709
2822
2911
2973
3003
2995
2934
2797
2585
2292
1910
1450
946
417
-102
-576
-968
-1258
-1429
-1461
-1362
-1148
-842
-469
-68
331
688
980
1187
1297
1311
1238
1099
909
697
491
315
185
117
112
178
303
465
661
865
1045
1172
1229
1181
1010
704
248
-350
-1046
-1809
-2614
-3398
-4090
-4642
-5038
-5222
-5167
-4899
-4446
-3813
-3053
-2233
-1400
-587
157
798
1334
1764
2097
2337
2513
2653
2764
2860
2934
2988
3004
2967
2855
2658
2370
1983
1509
978
419
-140
-656
-1088
-1406
-1596
-1638
-1529
-1297
-963
-556
-118
311
698
1013
1236
1357
1375
1302
1163
975
766
561
392
265
196
192
250
365
510
681
854
996
1089
1113
1046
868
573
146
-400
-1041
-1734
-2464
-3186
-3825
-4353
-4743
-4950
-4941
-4739
-4361
-3818
-3139
-2385
-1595
-811
-67
598
1172
1655
2048
2352
2581
2753
2885
2984
3043
3068
3048
2969
2817
2586
2273
1870
1389
859
310
-238
-746
-1169
-1483
-1671
-1721
-1624
-1396
-1065
-657
-206
249
676
1034
1310
1487
1554
1519
1397
1206
966
709
458
231
49
-77
-133
-120
-47
79
243
426
605
764
867
900
837
669
375
-50
-588
-1198
-1859
-2548
-3194
-3748
-4181
-4464
-4548
-4432
-4145
-3691
-3095
-2399
-1662
-923
-208
438
995
1457
1826
2108
2310
2452
2554
2626
2668
2679
2663
2610
2502
2325
2083
1768
1378
930
456
-24
-484
-888
-1196
-1397
-1478
-1420
-1234
-941
-570
-147
291
705
1064
1335
1507
1569
1519
1370
1148
881
587
299
49
-142
-271
-321
-292
-194
-42
148
359
559
729
848
897
854
711
468
109
-361
-903
-1484
-2091
-2683
-3206
-3629
-3928
-4084
-4068
-3887
-3561
-3106
-2552
-1924
-1272
-626
-15
540
1021
1416
1737
1990
2170
2298
2387
2441
2463
2447
2394
2305
2160
1955
1695
1380
1013
613
209
-177
-531
-819
-1014
-1109
-1095
-973
-755
-459
-119
236
586
891
1131
1286
1348
1318
1206
1023
798
547
296
68
-118
-256
-333
-352
-314
-227
-102
45
203
354
484
581
632
618
536
383
142
-184
-580
-1018
-1493
-1980
-2439
-2832
-3145
-3359
-3441
-3385
-3212
-2920
-2520
-2044
-1528
-991
-462
34
480
870
1199
1469
1682
1844
1969
2064
2130
2161
2166
2136
2055
1924
1746
1513
1231
912
575
240
-77
-352
-559
-692
-737
-693
-561
-360
-114
163
440
690
894
1033
1097
1088
996
844
645
414
173
-56
-254
-413
-521
-575
-566
-504
-398
-252
-77
112
303
484
638
749
803
790
702
528
259
-91
-507
-974
-1477
-1974
-2432
-2828
-3137
-3333
-3396
-3331
-3141
-2832
-2419
-1939
-1417
-871
-332
176
629
1033
1374
1648
1856
2012
2119
2180
2202
2185
2135
2044
1910
1740
1533
1284
1008
719
431
152
-97
-297
-441
-517
-524
-460
-332
-163
38
257
462
636
766
838
843
784
666
498
296
74
-142
-333
-486
-595
-644
-626
-546
-410
-225
-5
231
470
694
882
1013
1079
1068
969
781
498
123
-324
-816
-1338
-1863
-2357
-2779
-3117
-3350
-3454
-3419
-3263
-2995
-2616
-2159
-1654
-1123
-586
-72
396
819
1183
1486
1732
1923
2068
2164
2226
2242
2221
2161
2050
1892
1691
1449
1164
853
535
223
-69
-321
-511
-637
-687
-658
-560
-400
-198
27
254
464
634
752
814
815
761
650
502
334
159
-6
-146
-252
-316
-329
-295
-221
-114
22
173
321
462
575
658
692
675
602
465
271
17
-298
-658
-1042
-1435
-1824
-2181
-2486
-2724
-2877
-2935
-2891
-2750
-2523
-2211
-1828
-1405
-957
-504
-56
360
743
1076
1359
1592
1766
1892
1970
2002
1991
1935
1845
1716
1550
1353
1132
891
633
379
143
-72
-251
-380
-453
-464
-419
-316
-165
19
219
424
615
775
891
953
959
905
793
641
453
245
34
-166
-342
-482
-574
-617
-610
-550
-446
-312
-154
14
180
327
448
531
559
530
439
292
82
-190
-501
-826
-1160
-1496
-1798
-2058
-2236
-2330
-2368
-2313
-2182
-1973
-1681
-1363
-1022
-663
-306
35
346
624
858
1057
1205
1308
1388
1437
1452
1433
1376
1308
1217
1104
975
820
659
500
347
210
89
-4
-60
-80
-63
-9
73
179
296
415
522
601
650
666
644
577
466
328
170
3
-164
-317
-437
-531
-587
-600
-568
-493
-386
-255
-106
50
201
340
455
537
580
576
524
427
282
92
-132
-383
-648
-916
-1176
-1413
-1603
-1746
-1842
-1872
-1843
-1750
-1596
-1402
-1169
-909
-636
-352
-84
174
409
617
792
936
1053
1136
1192
1221
1219
1197
1153
1091
1011
907
793
675
552
431
317
215
134
71
29
12
18
44
82
129
180
224
263
284
287
270
234
181
114
35
-46
-122
-193
-251
-287
-303
-295
-261
-206
-133
-45
46
141
234
314
375
415
429
405
360
281
170
30
-139
-328
-536
-741
-952
-1144
-1306
-1449
-1550
-1609
-1614
-1554
-1461
-1320
-1140
-930
-690
-439
-191
52
281
487
665
815
934
1023
1081
1099
1102
1077
1036
974
887
794
693
584
473
364
253
156
71
-1
-54
-82
-88
-74
-45
2
61
121
180
238
282
309
318
311
283
237
180
109
42
-22
-79
-126
-156
-166
-162
-138
-102
-52
6
63
121
170
201
210
202
173
116
35
-66
-187
-327
-473
-621
-758
-879
-993
-1079
-1133
-1157
-1130
-1082
-1004
-897
-768
-606
-443
-279
-109
54
204
338
459
557
637
693
724
740
741
721
687
635
575
510
439
369
294
220
161
105
62
31
12
11
18
40
70
105
142
180
216
245
260
261
255
235
205
165
115
68
24
-24
-64
-90
-108
-117
-112
-97
-75
-48
-17
15
42
67
80
89
87
73
50
15
-34
-95
-161
-239
-323
-408
-493
-576
-650
-709
-745
-763
-764
-741
-693
-618
-532
-434
-322
-206
-90
20
126
224
305
376
431
470
496
509
513
499
477
448
413
371
325
274
229
184
140
105
75
53
39
40
46
57
79
103
127
156
181
198
212
216
216
203
178
150
114
77
38
-3
-36
-64
-87
-99
-104
-102
-90
-74
-53
-27
-1
19
34
48
50
38
23
-6
-48
-102
-166
-228
-300
-371
-441
-505
-554
-597
-624
-631
-621
-593
-548
-487
-410
-327
-235
-134
-38
54
143
225
293
348
391
421
438
441
436
417
391
355
318
273
228
185
142
106
74
51
37
30
38
48
67
92
123
151
178
202
219
231
230
222
200
170
136
95
51
7
-36
-70
-96
-117
-124
-121
-112
-91
-65
-37
-6
27
52
67
78
79
66
43
6
-38
-92
-153
-218
-284
-347
-403
-453
-493
-521
-534
-531
-511
-476
-435
-382
-321
-255
-182
-112
-48
13
72
122
165
196
223
241
252
254
256
254
249
239
226
218
210
200
193
185
179
177
176
178
179
181
186
191
198
203
204
208
210
207
204
195
184
168
156
134
109
85
58
32
0
-29
-64
-97
-136
-178
-219
-260
-312
-361
-395
-425
-444
-445
-427
-399
-362
-307
-241
-177
-113
-52
1
40
68
81
82
74
53
29
9
-14
-37
-50
-52
-51
-46
-32
-14
8
31
53
75
92
107
122
136
143
154
162
166
171
173
173
176
170
162
154
143
128
104
84
62
41
19
-4
-23
-42
-57
-65
-68
-70
-65
-56
-43
-31
-15
-4
8
15
24
31
27
26
18
15
8
2
-6
-11
-16
-25
-30
-34
-43
-50
-54
-61
-67
-73
-81
-85
-91
-89
-90
-90
-87
-84
-76
-67
-58
-53
-43
-34
-23
-16
-8
1
8
11
15
19
21
23
26
25
23
25
24
20
19
17
20
21
19
21
21
18
22
25
29
32
34
38
46
50
51
56
58
57
60
60
59
56
54
53
50
48
48
46
46
44
42
41
36
30
26
22
12
4
-7
-18
-30
-44
-54
-65
-73
-80
-85
-92
-92
-98
-98
-95
-93
-89
-83
-77
-67
-61
-50
-42
-34
-24
-20
-11
-6
-1
4
7
9
11
11
14
13
12
10
10
11
12
13
14
17
16
19
24
29
31
34
40
45
49
51
54
58
57
56
58
58
57
52
50
48
45
43
38
34
30
24
19
13
7
2
-4
-7
-11
-16
-24
-29
-34
-40
-43
-45
-50
-51
-56
-59
-59
-59
-60
-61
-58
-58
-54
-53
-50
-47
-42
-35
-32
-25
-16
-8
-3
0
5
9
11
16
16
17
18
17
17
15
19
19
19
18
19
19
22
26
25
25
25
27
28
30
31
31
32
34
37
35
35
34
31
30
26
24
21
18
13
10
8
5
1
0
-4
-6
-8
-12
-13
-17
-19
-21
-23
-25
-24
-28
-30
-32
-31
-31
-31
-31
-33
-32
-28
-28
-28
-26
-26
-24
-20
-15
-13
-11
-5
-3
0
4
6
8
10
12
14
13
16
15
13
14
11
13
11
10
11
9
8
7
6
7
7
8
6
10
10
10
12
12
12
11
14
13
13
12
10
12
11
9
5
5
3
3
3
0
-2
-3
-4
-7
-8
-10
-9
-10
-12
-10
-12
-13
-14
-13
-13
-12
-14
-13
-10
-11
-10
-11
-9
-8
-9
-8
-7
-6
-5
-5
-3
-3
-1
2
4
5
6
7
9
8
