-8
13
-8
-12
5
10
-12
-12
9
-5
-12
17
12
-16
-16
20
-5
-28
16
-6
5
8
-2
1
0
-6
-5
15
-5
-14
10
7
13
7
-16
6
10
-2
4
0
-14
-3
13
-25
-3
19
-1
-7
11
-2
0
7
-5
10
11
-2
-26
37
-25
4
18
-19
22
-11
33
-21
-8
33
-15
10
-19
18
-9
-36
21
-4
-2
-18
1
22
-40
45
-25
13
-24
4
14
-25
15
-35
46
-47
23
-15
-6
12
-2
20
-46
59
-43
17
-6
-12
13
-4
14
-10
22
-26
26
-5
-9
10
3
14
-27
30
-34
13
7
3
19
-55
56
-44
-1
6
14
7
-40
45
-24
5
-4
-6
30
1
-7
15
-18
5
6
2
14
-14
14
-13
11
-14
13
-15
-3
30
-20
10
-49
43
-18
-6
17
-25
37
-45
69
-14
-50
28
-10
27
-46
61
-20
-26
35
-28
45
-68
48
7
-45
12
-29
31
-61
63
-24
-41
41
-21
18
-79
67
-10
-16
36
-41
50
-67
62
-4
-10
-10
15
19
-34
41
-13
9
-4
-4
17
-25
30
-18
17
-13
-7
41
-50
40
-23
7
18
-38
37
-14
-10
-20
35
-2
-23
19
-27
37
-34
14
10
-39
25
0
2
1
-6
2
-2
1
5
7
10
-15
24
-47
26
6
3
6
-10
-6
19
-5
-13
9
10
3
-3
1
-11
-7
46
-30
-3
4
-15
8
-15
23
-37
7
18
-31
3
-8
-9
-9
7
-9
-11
17
-20
20
-18
-10
11
21
-26
8
15
-16
12
3
-8
12
2
-8
10
12
-10
17
-24
25
-8
8
8
-9
14
1
13
-37
38
-2
8
4
-22
30
-31
-12
29
-32
24
-16
9
10
-23
9
2
6
-15
20
-10
10
-3
-11
12
-20
18
24
-10
-9
14
-30
-7
24
-17
13
-3
12
-33
14
-12
-7
25
-5
23
-34
-7
10
-21
5
-14
-3
3
-24
-4
-12
10
-31
35
-36
18
-13
-10
30
-17
21
-17
24
-22
33
-16
6
30
-23
34
-34
23
6
-12
30
-24
0
5
20
-25
13
41
-69
71
-42
4
46
-63
56
-19
-4
8
41
-44
40
48
-36
48
8
-4
50
21
-38
58
1
-79
52
-81
-80
14
-231
-99
-78
-132
-34
-37
-31
40
85
77
132
147
133
162
139
76
125
79
9
82
-6
4
8
-70
-52
-61
-76
-73
-64
-58
-69
-58
-93
-73
-33
-83
-24
-44
-37
-13
-46
-31
-24
13
-6
6
2
7
32
3
6
38
39
22
38
10
4
25
-5
14
24
-2
11
5
23
-7
-6
20
-6
28
-2
15
17
7
17
11
55
8
26
24
25
20
2
37
23
13
-6
25
4
-43
16
-2
7
-11
-8
23
-26
-20
-7
8
-14
-36
17
-15
-47
-23
5
-31
-35
1
-12
-26
-30
0
-11
-20
-5
3
2
-11
4
-10
-8
3
-5
14
-11
13
6
-12
16
15
-1
12
12
3
-3
12
7
5
8
22
14
-16
4
15
4
-11
23
15
-1
-6
2
-5
18
6
7
15
-12
-23
1
-5
-11
11
10
-28
-16
-14
-10
-2
7
6
-10
-3
-11
-28
5
-2
-10
1
0
-5
-7
10
-13
6
4
-11
-7
4
-5
-11
3
2
3
3
4
13
9
6
10
3
17
27
15
9
10
11
10
10
10
10
17
20
9
4
-4
9
0
-5
18
20
-3
0
-5
-11
10
-2
9
-7
-16
-22
-18
-26
-26
5
-6
-25
-23
-30
-31
-19
-14
-21
-17
-30
-23
-21
-19
-1
-22
-10
-19
-21
-21
-11
6
8
9
4
-3
16
20
23
33
49
49
53
44
48
61
74
73
69
75
58
52
48
67
57
43
46
42
30
9
3
3
-8
-5
-22
-29
-40
-56
-42
-54
-62
-62
-72
-78
-67
-83
-95
-84
-87
-98
-87
-98
-96
-101
-103
-98
-99
-97
-88
-84
-90
-88
-73
-68
-49
-32
-34
-8
-2
18
44
65
85
120
135
153
172
182
211
227
269
280
293
303
302
316
332
324
332
317
292
281
257
246
209
182
142
102
60
21
-40
-88
-134
-208
-270
-326
-384
-455
-505
-560
-615
-647
-690
-742
-758
-765
-762
-765
-774
-742
-697
-647
-583
-525
-453
-363
-268
-171
-66
37
148
254
353
450
556
640
730
801
845
912
955
964
991
994
1008
1010
980
955
906
894
861
831
786
723
674
632
572
518
439
343
273
183
70
-49
-172
-309
-446
-607
-767
-891
-1020
-1158
-1278
-1396
-1494
-1565
-1622
-1661
-1671
-1664
-1625
-1569
-1490
-1380
-1245
-1101
-932
-751
-570
-368
-165
33
231
419
594
759
902
1026
1131
1215
1279
1323
1338
1336
1317
1270
1232
1175
1095
1030
956
870
812
745
684
639
590
544
524
491
478
469
437
421
384
356
299
247
180
89
-3
-130
-277
-440
-606
-747
-917
-1079
-1231
-1393
-1544
-1654
-1747
-1823
-1869
-1892
-1897
-1861
-1791
-1696
-1566
-1398
-1231
-1041
-834
-618
-377
-128
114
340
567
772
960
1138
1295
1417
1509
1584
1624
1644
1642
1612
1564
1499
1420
1327
1232
1140
1043
945
863
786
703
650
586
546
508
466
436
409
370
311
275
219
148
69
-32
-139
-281
-421
-555
-705
-861
-1025
-1190
-1361
-1494
-1625
-1750
-1845
-1931
-1998
-2028
-2020
-2000
-1937
-1835
-1722
-1577
-1410
-1223
-1006
-763
-522
-282
-32
214
447
686
904
1090
1262
1412
1524
1610
1677
1722
1741
1736
1700
1632
1561
1491
1408
1318
1219
1117
1022
943
861
783
720
671
627
588
554
498
468
440
399
356
292
213
115
12
-130
-286
-428
-587
-772
-966
-1170
-1379
-1552
-1709
-1883
-2031
-2150
-2259
-2318
-2333
-2327
-2278
-2176
-2058
-1906
-1700
-1477
-1221
-930
-644
-358
-52
254
543
826
1079
1289
1491
1665
1787
1877
1945
1969
1957
1931
1863
1775
1686
1578
1449
1330
1214
1097
997
907
816
748
698
654
625
607
595
572
548
526
471
415
345
252
112
-67
-243
-417
-588
-792
-1024
-1267
-1510
-1698
-1872
-2041
-2195
-2337
-2442
-2505
-2518
-2494
-2416
-2311
-2188
-2021
-1826
-1580
-1291
-991
-701
-407
-109
200
529
832
1091
1315
1516
1691
1845
1974
2052
2091
2092
2062
2015
1954
1876
1769
1642
1506
1375
1267
1169
1070
962
856
762
709
677
641
595
538
466
407
369
335
261
141
-34
-223
-370
-503
-659
-878
-1144
-1400
-1610
-1774
-1930
-2101
-2281
-2439
-2547
-2593
-2577
-2522
-2456
-2372
-2273
-2122
-1884
-1582
-1273
-999
-744
-468
-124
268
628
919
1151
1358
1584
1816
2012
2149
2216
2220
2185
2158
2143
2123
2050
1883
1671
1503
1411
1358
1283
1122
931
781
716
713
716
673
580
470
385
350
376
386
302
108
-149
-333
-394
-431
-592
-908
-1268
-1541
-1676
-1743
-1899
-2158
-2422
-2616
-2684
-2661
-2621
-2604
-2585
-2553
-2452
-2223
-1898
-1566
-1288
-1080
-859
-497
-26
414
738
944
1124
1393
1728
1999
2149
2211
2219
2230
2259
2263
2239
2180
2032
1812
1625
1519
1480
1422
1255
1002
834
805
832
823
740
613
554
554
512
469
453
416
307
80
-175
-313
-318
-413
-731
-1139
-1470
-1601
-1642
-1829
-2180
-2489
-2625
-2652
-2676
-2759
-2830
-2776
-2627
-2513
-2410
-2201
-1876
-1512
-1220
-1021
-753
-302
196
557
769
967
1290
1693
1986
2087
2135
2260
2422
2503
2437
2324
2289
2287
2180
1946
1734
1643
1608
1474
1209
972
906
931
867
676
507
487
557
541
369
213
217
284
179
-120
-371
-426
-413
-590
-988
-1372
-1531
-1544
-1695
-2064
-2444
-2587
-2535
-2555
-2757
-2951
-2918
-2685
-2495
-2465
-2444
-2196
-1748
-1362
-1167
-999
-643
-116
357
596
738
1035
1484
1850
1978
1983
2093
2351
2527
2461
2273
2194
2258
2282
2092
1772
1579
1577
1557
1357
1065
886
903
949
822
597
513
606
695
611
387
289
401
504
332
-39
-267
-235
-172
-408
-903
-1297
-1382
-1357
-1547
-1996
-2412
-2536
-2459
-2487
-2725
-2956
-2939
-2726
-2560
-2524
-2472
-2236
-1854
-1516
-1315
-1089
-685
-195
200
430
626
979
1447
1799
1907
1923
2062
2325
2533
2514
2325
2197
2229
2268
2152
1890
1620
1493
1457
1342
1118
918
816
766
690
567
489
511
525
434
295
242
326
400
265
-81
-321
-278
-186
-365
-813
-1243
-1404
-1343
-1400
-1777
-2234
-2450
-2407
-2343
-2450
-2667
-2771
-2646
-2452
-2331
-2242
-2075
-1803
-1506
-1264
-1026
-675
-249
96
326
530
845
1259
1602
1741
1762
1881
2118
2337
2384
2246
2109
2103
2163
2126
1934
1677
1490
1418
1368
1219
999
820
741
704
628
510
447
462
472
389
258
228
320
390
228
-116
-312
-229
-127
-345
-825
-1220
-1296
-1183
-1291
-1739
-2202
-2338
-2215
-2172
-2386
-2684
-2739
-2519
-2311
-2292
-2309
-2157
-1815
-1472
-1283
-1136
-815
-349
30
235
401
708
1155
1516
1624
1628
1774
2068
2304
2302
2126
2036
2121
2213
2113
1849
1613
1526
1526
1428
1192
952
840
840
800
657
493
444
510
539
439
292
248
339
412
286
-24
-238
-183
-93
-287
-740
-1111
-1202
-1135
-1249
-1680
-2124
-2254
-2145
-2125
-2352
-2639
-2699
-2489
-2284
-2275
-2315
-2188
-1862
-1518
-1311
-1179
-910
-480
-88
160
341
611
1001
1363
1536
1593
1724
1968
2183
2228
2127
2045
2086
2153
2090
1879
1656
1545
1524
1451
1244
998
849
841
857
744
535
405
450
572
571
386
192
202
380
442
192
-197
-349
-188
-88
-392
-936
-1260
-1209
-1066
-1263
-1819
-2242
-2216
-1986
-2009
-2359
-2682
-2634
-2290
-2076
-2171
-2290
-2116
-1693
-1321
-1177
-1122
-866
-400
8
228
366
609
986
1326
1481
1539
1672
1882
2053
2086
2017
1977
2014
2033
1946
1792
1645
1547
1478
1371
1204
1040
919
833
787
724
602
464
409
456
507
438
244
103
170
329
286
-72
-425
-428
-197
-213
-672
-1196
-1350
-1128
-1016
-1387
-1981
-2238
-2009
-1752
-1898
-2331
-2576
-2346
-1933
-1812
-1993
-2088
-1830
-1353
-1031
-976
-925
-637
-193
153
317
441
692
1028
1267
1364
1453
1620
1792
1863
1825
1794
1844
1888
1821
1667
1546
1507
1483
1387
1216
1064
999
985
945
835
707
632
631
664
643
533
403
343
381
409
298
24
-213
-240
-180
-327
-710
-1063
-1188
-1157
-1238
-1576
-1958
-2096
-2018
-1981
-2152
-2382
-2442
-2273
-2081
-2039
-2056
-1954
-1696
-1399
-1190
-1041
-823
-507
-192
44
246
485
756
992
1147
1277
1441
1616
1719
1737
1745
1795
1853
1829
1733
1641
1595
1558
1465
1325
1198
1129
1069
971
856
783
747
695
604
532
529
538
473
334
236
257
294
165
-126
-326
-310
-271
-463
-836
-1116
-1168
-1116
-1234
-1582
-1890
-1925
-1810
-1821
-2012
-2198
-2188
-1997
-1849
-1856
-1876
-1750
-1501
-1255
-1101
-986
-779
-487
-228
-34
149
384
638
848
982
1110
1296
1486
1579
1590
1612
1694
1777
1770
1674
1576
1555
1559
1483
1334
1192
1111
1074
996
865
755
711
678
590
501
477
497
469
348
216
214
301
257
-5
-277
-305
-197
-269
-623
-999
-1116
-1014
-1028
-1344
-1748
-1892
-1754
-1659
-1821
-2100
-2194
-2006
-1778
-1744
-1842
-1824
-1586
-1276
-1085
-1015
-905
-652
-335
-93
63
205
411
668
876
1009
1119
1246
1383
1492
1551
1579
1608
1632
1625
1591
1549
1497
1433
1355
1266
1188
1116
1026
925
852
815
765
674
576
535
562
551
433
273
226
304
304
94
-207
-320
-219
-203
-484
-890
-1071
-993
-941
-1164
-1567
-1798
-1710
-1564
-1668
-1957
-2127
-2010
-1775
-1698
-1814
-1873
-1688
-1388
-1185
-1118
-1049
-840
-519
-251
-98
35
249
509
732
883
1004
1156
1320
1432
1492
1552
1620
1662
1650
1605
1580
1576
1529
1419
1301
1240
1209
1129
979
839
805
820
755
591
460
469
547
522
324
131
152
295
270
-23
-327
-355
-192
-201
-557
-966
-1056
-892
-869
-1187
-1594
-1731
-1570
-1447
-1637
-1964
-2068
-1877
-1658
-1669
-1831
-1845
-1607
-1318
-1179
-1159
-1077
-826
-509
-292
-170
-24
208
459
660
809
947
1106
1259
1368
1448
1538
1607
1628
1619
1616
1623
1612
1549
1444
1356
1312
1267
1164
1018
889
831
814
752
610
471
418
446
448
338
173
88
132
180
80
-168
-354
-322
-244
-382
-700
-937
-961
-907
-998
-1299
-1584
-1618
-1502
-1520
-1740
-1944
-1935
-1753
-1627
-1697
-1786
-1682
-1421
-1198
-1121
-1084
-921
-619
-345
-205
-103
80
342
583
727
813
945
1140
1289
1360
1397
1457
1534
1577
1564
1522
1501
1488
1436
1347
1266
1208
1143
1051
937
852
815
771
673
556
502
504
485
407
283
208
228
230
122
-62
-196
-218
-225
-357
-607
-796
-847
-877
-1011
-1222
-1418
-1495
-1474
-1526
-1678
-1796
-1792
-1721
-1667
-1674
-1688
-1606
-1438
-1286
-1189
-1083
-932
-724
-509
-346
-202
-13
188
373
538
684
825
976
1113
1204
1286
1372
1439
1483
1505
1507
1509
1508
1478
1415
1352
1294
1237
1168
1070
965
889
841
774
671
564
501
480
439
349
230
157
147
125
18
-158
-279
-294
-313
-456
-672
-824
-873
-912
-1037
-1243
-1416
-1461
-1456
-1528
-1673
-1779
-1774
-1698
-1656
-1684
-1690
-1595
-1437
-1294
-1191
-1086
-929
-709
-502
-334
-171
20
221
416
592
743
892
1035
1158
1267
1371
1454
1502
1526
1544
1572
1584
1548
1467
1401
1367
1331
1243
1114
995
923
882
810
682
552
479
456
429
351
231
144
125
124
72
-40
-171
-267
-292
-310
-419
-615
-773
-830
-851
-942
-1124
-1302
-1378
-1372
-1404
-1517
-1634
-1678
-1624
-1553
-1545
-1563
-1525
-1408
-1256
-1127
-1036
-930
-765
-565
-383
-231
-82
81
266
452
609
739
862
990
1115
1225
1304
1362
1407
1450
1483
1495
1475
1433
1395
1358
1308
1228
1139
1044
957
889
808
708
602
515
445
393
338
249
163
108
83
49
-19
-104
-196
-260
-287
-334
-453
-599
-693
-744
-817
-932
-1076
-1209
-1276
-1305
-1377
-1485
-1564
-1587
-1561
-1528
-1523
-1520
-1453
-1338
-1215
-1099
-987
-859
-689
-499
-326
-170
-6
166
346
517
665
794
924
1048
1153
1244
1312
1363
1405
1430
1438
1437
1419
1377
1327
1285
1228
1155
1075
990
911
840
768
687
602
528
469
418
358
288
214
161
114
55
-25
-123
-216
-283
-344
-446
-586
-706
-791
-873
-978
-1106
-1226
-1309
-1364
-1422
-1497
-1562
-1592
-1578
-1547
-1535
-1510
-1448
-1360
-1252
-1134
-1020
-893
-734
-567
-398
-230
-63
111
285
459
615
764
906
1037
1153
1254
1340
1403
1452
1480
1496
1492
1468
1427
1376
1312
1238
1154
1066
977
881
791
703
616
541
465
393
339
285
226
173
129
85
38
-17
-79
-155
-230
-293
-359
-460
-578
-677
-763
-856
-972
-1084
-1184
-1269
-1338
-1406
-1472
-1523
-1542
-1537
-1524
-1502
-1448
-1377
-1288
-1179
-1055
-921
-775
-612
-446
-278
-107
68
239
398
558
707
839
963
1071
1161
1237
1301
1341
1363
1378
1381
1362
1333
1291
1241
1190
1126
1052
978
906
833
761
689
614
544
486
430
367
314
259
200
145
89
24
-43
-117
-214
-299
-359
-442
-563
-673
-759
-845
-940
-1036
-1134
-1223
-1274
-1322
-1383
-1432
-1452
-1457
-1438
-1408
-1382
-1333
-1252
-1157
-1056
-945
-824
-689
-538
-381
-230
-74
89
248
403
557
691
822
946
1056
1147
1226
1290
1337
1366
1378
1376
1359
1333
1294
1239
1171
1103
1033
954
872
792
714
633
560
490
422
359
300
246
190
139
86
31
-23
-82
-156
-240
-306
-369
-458
-576
-669
-744
-839
-932
-1029
-1130
-1211
-1268
-1328
-1397
-1436
-1450
-1453
-1434
-1403
-1369
-1305
-1212
-1114
-1001
-877
-745
-596
-437
-282
-128
34
194
346
493
629
755
879
988
1077
1157
1225
1276
1312
1335
1337
1334
1319
1286
1241
1194
1138
1072
1000
925
848
769
695
612
534
461
394
331
264
203
139
81
26
-32
-94
-155
-228
-304
-368
-424
-505
-611
-689
-750
-827
-913
-998
-1079
-1146
-1191
-1243
-1304
-1347
-1364
-1368
-1358
-1344
-1322
-1269
-1191
-1107
-1015
-902
-783
-650
-498
-347
-199
-41
123
281
440
587
722
856
978
1081
1169
1245
1305
1343
1370
1380
1373
1354
1317
1268
1211
1148
1072
990
910
828
747
668
587
510
440
378
317
260
205
149
100
56
5
-53
-113
-187
-263
-324
-381
-471
-580
-661
-726
-810
-901
-995
-1081
-1147
-1200
-1257
-1321
-1366
-1380
-1372
-1360
-1347
-1316
-1255
-1176
-1083
-983
-876
-755
-613
-459
-317
-169
-10
145
297
445
585
718
848
966
1060
1145
1221
1280
1321
1344
1352
1345
1326
1287
1234
1178
1112
1030
947
861
774
687
605
522
439
371
308
247
193
141
94
57
18
-28
-71
-108
-166
-235
-288
-329
-404
-506
-587
-652
-732
-826
-918
-1008
-1085
-1142
-1202
-1271
-1324
-1349
-1354
-1350
-1337
-1312
-1259
-1183
-1095
-995
-885
-760
-620
-468
-314
-161
2
162
318
468
609
742
867
974
1067
1149
1217
1268
1300
1313
1313
1304
1279
1232
1179
1123
1057
983
901
822
741
662
590
517
450
390
335
280
234
195
153
108
66
27
-17
-70
-140
-215
-265
-317
-409
-521
-610
-680
-762
-858
-958
-1056
-1130
-1179
-1241
-1309
-1356
-1373
-1369
-1357
-1341
-1309
-1248
-1164
-1069
-965
-858
-727
-576
-423
-273
-117
43
201
355
501
641
766
884
991
1077
1153
1212
1254
1283
1294
1287
1269
1245
1199
1141
1082
1017
941
862
781
702
626
552
477
408
352
300
246
198
158
117
77
39
-4
-50
-92
-145
-221
-281
-327
-398
-500
-593
-667
-747
-828
-915
-1010
-1087
-1136
-1187
-1248
-1288
-1307
-1309
-1289
-1263
-1232
-1177
-1098
-1007
-908
-800
-678
-545
-401
-259
-112
34
179
321
461
595
713
827
930
1016
1091
1154
1202
1232
1252
1255
1243
1220
1184
1134
1081
1015
944
873
792
713
636
562
487
421
359
299
245
197
154
116
76
33
-4
-43
-81
-135
-208
-276
-320
-376
-474
-575
-649
-718
-801
-892
-983
-1070
-1127
-1172
-1232
-1282
-1310
-1314
-1300
-1281
-1255
-1210
-1134
-1043
-951
-842
-720
-594
-451
-298
-149
-1
154
307
450
590
720
839
945
1040
1120
1185
1238
1271
1286
1287
1274
1249
1212
1161
1099
1034
966
885
800
721
642
562
489
421
354
298
247
199
155
116
77
39
4
-40
-86
-141
-214
-276
-321
-392
-504
-598
-662
-747
-843
-932
-1026
-1115
-1168
-1212
-1278
-1332
-1347
-1341
-1331
-1307
-1271
-1212
-1125
-1030
-924
-807
-681
-544
-388
-236
-98
59
213
354
495
632
748
857
966
1054
1125
1187
1234
1264
1278
1282
1269
1240
1207
1160
1106
1046
975
895
822
744
665
591
519
447
378
316
259
209
156
102
57
12
-39
-91
-145
-218
-292
-341
-392
-494
-603
-669
-736
-828
-918
-1004
-1096
-1164
-1206
-1263
-1326
-1362
-1363
-1355
-1338
-1307
-1260
-1192
-1097
-991
-878
-757
-619
-459
-304
-150
10
172
328
482
632
766
887
1002
1101
1186
1251
1298
1331
1348
1345
1327
1294
1250
1195
1128
1051
968
884
799
708
617
533
455
384
311
243
183
129
86
52
10
-32
-67
-101
-136
-181
-251
-310
-341
-389
-481
-582
-647
-708
-793
-884
-978
-1063
-1121
-1172
-1238
-1298
-1324
-1331
-1324
-1305
-1277
-1226
-1146
-1049
-948
-835
-709
-566
-413
-256
-104
54
209
363
512
648
780
899
1003
1091
1164
1227
1271
1299
1306
1299
1282
1253
1209
1150
1085
1015
945
866
784
702
622
549
482
416
353
293
246
205
163
117
74
38
-1
-46
-91
-152
-231
-296
-344
-415
-530
-633
-701
-782
-883
-979
-1068
-1158
-1217
-1262
-1321
-1371
-1387
-1379
-1361
-1334
-1295
-1232
-1141
-1036
-924
-801
-666
-518
-358
-201
-45
115
275
428
574
708
832
948
1051
1131
1196
1249
1286
1310
1314
1295
1268
1236
1188
1126
1058
981
906
830
751
665
587
518
459
399
328
272
231
193
149
107
64
24
-14
-56
-108
-188
-265
-312
-358
-462
-580
-662
-730
-818
-917
-1018
-1121
-1189
-1224
-1282
-1358
-1396
-1393
-1378
-1356
-1330
-1289
-1212
-1106
-995
-887
-764
-621
-458
-292
-136
23
189
357
516
661
792
916
1033
1138
1212
1275
1327
1361
1377
1368
1347
1315
1269
1212
1142
1062
978
896
815
722
632
556
485
423
357
290
240
199
156
116
72
28
-16
-54
-106
-187
-268
-321
-368
-473
-598
-688
-761
-855
-959
-1065
-1168
-1245
-1292
-1355
-1435
-1479
-1482
-1465
-1448
-1426
-1370
-1291
-1182
-1064
-943
-808
-652
-477
-305
-139
32
211
383
542
694
831
959
1080
1172
1244
1308
1356
1384
1391
1378
1356
1328
1286
1225
1155
1081
1008
934
856
774
692
624
564
500
436
376
328
284
245
198
142
87
43
-7
-75
-172
-268
-329
-393
-507
-643
-742
-824
-923
-1026
-1132
-1243
-1316
-1355
-1406
-1471
-1511
-1506
-1481
-1451
-1413
-1361
-1276
-1165
-1045
-919
-780
-631
-467
-291
-128
39
206
376
532
677
816
944
1061
1159
1235
1301
1356
1387
1398
1389
1371
1344
1302
1234
1160
1085
999
915
828
731
637
560
488
414
341
278
231
188
150
107
66
28
-7
-42
-86
-160
-242
-291
-329
-426
-561
-663
-735
-831
-939
-1052
-1174
-1263
-1312
-1368
-1450
-1512
-1516
-1495
-1466
-1436
-1389
-1303
-1185
-1055
-926
-791
-635
-459
-275
-104
58
232
407
571
719
854
975
1090
1190
1264
1319
1367
1401
1409
1399
1370
1338
1298
1240
1167
1088
1010
931
851
763
671
597
539
478
405
338
293
258
228
181
118
66
33
2
-65
-172
-277
-331
-374
-486
-648
-769
-843
-927
-1040
-1167
-1300
-1393
-1426
-1470
-1558
-1633
-1637
-1596
-1555
-1521
-1482
-1401
-1273
-1129
-987
-849
-695
-507
-299
-113
60
247
431
612
783
937
1066
1187
1307
1395
1458
1512
1550
1561
1548
1521
1478
1423
1352
1263
1167
1072
979
879
764
655
577
507
433
346
275
233
207
177
124
63
23
9
-13
-74
-197
-301
-329
-353
-482
-671
-796
-855
-934
-1048
-1203
-1366
-1439
-1447
-1497
-1613
-1705
-1700
-1635
-1580
-1562
-1545
-1451
-1285
-1118
-987
-860
-692
-469
-239
-58
107
293
506
710
866
996
1127
1269
1390
1455
1491
1531
1573
1581
1543
1485
1438
1393
1318
1211
1105
1022
950
849
726
629
586
551
470
358
295
308
326
266
136
50
87
139
64
-150
-330
-325
-248
-339
-644
-913
-950
-884
-952
-1223
-1526
-1618
-1508
-1463
-1642
-1886
-1926
-1752
-1583
-1592
-1695
-1662
-1421
-1139
-993
-955
-846
-570
-248
-36
75
223
472
740
928
1026
1128
1298
1473
1557
1565
1586
1649
1707
1677
1580
1505
1483
1450
1339
1174
1047
987
930
802
630
512
488
467
367
230
158
189
223
146
1
-60
-6
34
-78
-295
-415
-362
-328
-518
-807
-951
-940
-947
-1101
-1374
-1566
-1556
-1483
-1566
-1771
-1878
-1802
-1645
-1588
-1633
-1624
-1457
-1211
-1033
-936
-824
-602
-310
-78
66
220
447
696
893
1016
1118
1270
1437
1530
1556
1573
1620
1666
1653
1582
1499
1451
1413
1319
1178
1053
967
895
787
649
541
494
459
374
267
210
225
237
169
53
4
44
70
-33
-233
-356
-324
-291
-454
-744
-916
-924
-924
-1059
-1320
-1538
-1580
-1510
-1549
-1739
-1889
-1863
-1731
-1643
-1659
-1685
-1580
-1353
-1140
-1013
-911
-732
-455
-184
14
170
375
626
862
1035
1161
1304
1474
1610
1670
1697
1738
1781
1784
1726
1630
1557
1507
1421
1273
1112
995
910
804
654
511
433
402
336
220
138
138
174
143
33
-47
-7
67
14
-199
-372
-343
-255
-370
-695
-937
-964
-916
-1009
-1298
-1600
-1680
-1574
-1557
-1761
-1983
-2005
-1840
-1686
-1688
-1754
-1687
-1443
-1170
-1002
-910
-766
-488
-162
79
235
411
658
917
1121
1253
1368
1512
1656
1738
1761
1776
1802
1803
1750
1660
1574
1502
1408
1271
1126
1003
897
785
653
535
468
420
336
232
182
205
232
172
44
-15
59
133
31
-227
-403
-348
-242
-389
-772
-1060
-1064
-960
-1052
-1404
-1758
-1828
-1655
-1590
-1815
-2097
-2134
-1906
-1678
-1674
-1791
-1752
-1469
-1124
-937
-876
-749
-454
-98
156
306
474
726
994
1191
1316
1444
1610
1741
1792
1800
1834
1886
1876
1782
1665
1584
1528
1431
1271
1099
969
864
742
616
526
457
367
245
175
219
301
256
62
-80
23
252
258
-76
-457
-481
-183
-63
-454
-1053
-1287
-1057
-838
-1064
-1643
-2065
-1975
-1633
-1580
-1945
-2314
-2298
-1950
-1656
-1675
-1838
-1793
-1457
-1071
-848
-762
-630
-346
7
282
477
683
917
1136
1310
1454
1618
1789
1883
1876
1861
1906
1970
1960
1836
1660
1540
1497
1432
1280
1068
872
739
660
591
495
369
223
108
108
209
256
131
-89
-161
31
252
166
-242
-565
-466
-144
-133
-629
-1191
-1300
-1023
-878
-1209
-1804
-2129
-1943
-1632
-1691
-2092
-2373
-2255
-1898
-1674
-1725
-1830
-1697
-1325
-978
-787
-668
-456
-137
175
418
641
892
1136
1316
1448
1593
1788
1952
1985
1924
1898
1956
2008
1939
1751
1560
1458
1413
1316
1135
912
722
604
549
509
429
281
104
34
150
326
310
35
-209
-91
291
444
76
-508
-655
-225
139
-214
-1037
-1505
-1264
-801
-865
-1590
-2305
-2310
-1777
-1518
-1909
-2498
-2632
-2193
-1693
-1624
-1893
-1988
-1634
-1084
-746
-689
-628
-332
103
451
642
807
1052
1334
1522
1612
1734
1921
2056
2044
1953
1920
1981
2014
1902
1674
1481
1407
1370
1255
1046
819
652
570
538
501
397
223
70
83
259
388
251
-73
-203
69
426
355
-215
-703
-562
-54
26
-646
-1429
-1571
-1125
-828
-1236
-2070
-2503
-2175
-1665
-1715
-2274
-2682
-2506
-1977
-1667
-1794
-1995
-1833
-1351
-921
-744
-669
-429
-24
345
564
760
1048
1368
1590
1665
1739
1953
2190
2253
2124
1988
2006
2111
2097
1866
1560
1380
1353
1324
1148
849
580
468
487
489
380
176
-4
-2
188
350
266
-26
-202
-16
345
411
-13
-538
-616
-229
16
-380
-1140
-1562
-1367
-1011
-1119
-1773
-2407
-2454
-2039
-1803
-2085
-2555
-2687
-2340
-1874
-1715
-1843
-1864
-1547
-1052
-677
-501
-346
-35
371
701
925
1151
1431
1693
1842
1897
1990
2164
2302
2265
2109
1988
1978
1996
1896
1637
1348
1178
1116
1047
869
590
345
264
325
364
237
-6
-126
33
319
383
108
-193
-112
303
533
182
-454
-679
-305
73
-221
-1040
-1605
-1484
-1048
-1044
-1709
-2452
-2580
-2132
-1824
-2094
-2616
-2794
-2439
-1936
-1766
-1911
-1930
-1573
-1045
-682
-529
-343
38
503
822
980
1192
1553
1919
2075
2038
2044
2244
2489
2506
2262
2006
1949
2030
2000
1709
1297
1034
991
974
793
467
174
73
136
181
78
-114
-217
-111
126
258
139
-83
-98
177
453
371
-94
-477
-387
-35
-25
-578
-1257
-1518
-1296
-1061
-1340
-2044
-2557
-2488
-2120
-1992
-2293
-2706
-2763
-2383
-1937
-1770
-1810
-1758
-1440
-952
-530
-272
-35
283
635
949
1226
1515
1810
2030
2108
2112
2205
2396
2516
2428
2182
1962
1904
1949
1866
1553
1152
883
823
842
716
382
55
-44
103
252
159
-116
-244
-9
364
451
146
-149
17
517
710
216
-472
-590
-100
232
-238
-1207
-1780
-1526
-1009
-1122
-1980
-2799
-2833
-2267
-1935
-2278
-2888
-3048
-2575
-1975
-1780
-1934
-1943
-1527
-915
-496
-331
-127
306
809
1131
1269
1464
1854
2250
2378
2257
2186
2361
2617
2636
2326
1950
1797
1868
1864
1583
1125
757
637
649
557
292
-13
-173
-125
-9
-1
-124
-196
-81
169
317
214
37
125
479
676
386
-183
-419
-125
198
-64
-871
-1553
-1600
-1232
-1141
-1695
-2493
-2852
-2608
-2247
-2257
-2618
-2899
-2786
-2392
-2038
-1867
-1728
-1466
-1104
-758
-432
-14
493
922
1136
1241
1479
1942
2413
2586
2433
2254
2328
2595
2745
2565
2155
1801
1680
1697
1613
1318
899
530
333
288
271
154
-63
-277
-348
-251
-94
4
32
63
104
134
171
314
555
671
429
-68
-348
-144
218
97
-667
-1503
-1765
-1444
-1153
-1482
-2322
-2979
-2948
-2493
-2242
-2462
-2850
-2948
-2638
-2183
-1858
-1668
-1448
-1133
-796
-475
-67
485
1016
1303
1355
1450
1832
2404
2772
2693
2377
2253
2468
2753
2727
2317
1814
1557
1569
1567
1311
854
433
226
187
121
-51
-253
-348
-329
-288
-275
-241
-84
166
319
255
109
193
599
967
839
223
-283
-171
311
417
-246
-1220
-1726
-1528
-1179
-1383
-2153
-2864
-3005
-2710
-2503
-2652
-2928
-2961
-2707
-2419
-2228
-1990
-1564
-1060
-722
-576
-335
249
1024
1554
1628
1538
1733
2305
2875
3011
2711
2397
2407
2653
2763
2508
2013
1607
1439
1367
1191
862
482
190
17
-107
-212
-286
-311
-324
-359
-388
-305
-43
285
445
343
153
229
663
1092
1042
439
-173
-223
209
434
-70
-1005
-1688
-1765
-1506
-1501
-2011
-2713
-3083
-3033
-2866
-2818
-2870
-2877
-2774
-2611
-2432
-2125
-1594
-1006
-620
-481
-320
166
951
1648
1922
1864
1878
2239
2796
3152
3068
2736
2523
2567
2680
2581
2204
1735
1415
1253
1078
765
371
67
-78
-169
-342
-560
-639
-509
-319
-275
-374
-357
-19
467
677
467
214
402
976
1313
933
142
-275
7
435
222
-698
-1618
-1895
-1630
-1515
-2001
-2783
-3209
-3104
-2883
-2919
-3141
-3175
-2861
-2481
-2338
-2292
-1941
-1210
-494
-168
-147
66
780
1685
2210
2195
2059
2269
2820
3277
3266
2914
2642
2639
2719
2587
2189
1731
1425
1253
1007
618
209
-62
-179
-272
-463
-705
-812
-692
-466
-328
-344
-350
-127
304
647
656
478
510
892
1273
1165
557
20
20
339
300
-387
-1299
-1816
-1782
-1645
-1937
-2628
-3192
-3281
-3100
-3034
-3167
-3251
-3056
-2695
-2423
-2276
-1990
-1399
-682
-177
15
200
722
1516
2172
2399
2344
2390
2726
3162
3335
3134
2798
2601
2564
2486
2206
1760
1336
1062
843
540
138
-226
-414
-457
-518
-696
-889
-894
-671
-368
-199
-180
-101
207
621
861
840
791
975
1296
1387
1005
435
167
301
376
-74
-919
-1654
-1918
-1868
-1976
-2478
-3125
-3468
-3426
-3294
-3305
-3378
-3289
-2970
-2617
-2375
-2136
-1666
-952
-263
146
344
678
1325
2081
2580
2700
2665
2790
3120
3401
3393
3130
2831
2651
2509
2254
1854
1426
1103
843
510
62
-365
-602
-635
-633
-760
-988
-1108
-961
-623
-305
-141
-56
134
480
816
956
971
1095
1374
1537
1304
742
292
268
423
221
-525
-1427
-1998
-2107
-2092
-2375
-2962
-3493
-3676
-3610
-3544
-3549
-3472
-3180
-2793
-2505
-2303
-1935
-1253
-414
232
540
737
1173
1900
2618
3005
3044
3005
3124
3362
3490
3380
3101
2804
2538
2237
1852
1430
1077
805
497
54
-450
-810
-890
-788
-742
-901
-1146
-1191
-908
-430
-24
162
237
408
735
1047
1209
1296
1454
1626
1574
1145
558
239
294
330
-106
-996
-1887
-2360
-2399
-2403
-2733
-3305
-3760
-3889
-3798
-3676
-3569
-3351
-2963
-2569
-2306
-2045
-1553
-765
92
702
973
1183
1629
2308
2940
3261
3284
3230
3263
3350
3346
3180
2916
2625
2303
1898
1415
970
671
459
177
-267
-765
-1085
-1110
-953
-867
-955
-1085
-1037
-743
-321
48
320
557
809
1034
1160
1238
1404
1668
1809
1575
988
401
150
189
91
-452
-1291
-2036
-2443
-2597
-2753
-3050
-3383
-3612
-3726
-3769
-3731
-3518
-3092
-2589
-2227
-2031
-1768
-1216
-412
383
926
1228
1504
1915
2429
2887
3161
3263
3276
3241
3148
2993
2813
2618
2378
2032
1571
1076
665
384
170
-75
-408
-771
-1039
-1124
-1036
-889
-802
-780
-732
-539
-194
191
504
738
953
1174
1327
1362
1359
1432
1561
1517
1140
530
0
-224
-285
-535
-1118
-1853
-2426
-2693
-2797
-2952
-3203
-3422
-3496
-3448
-3372
-3264
-3013
-2558
-2021
-1604
-1333
-1041
-542
162
850
1327
1604
1831
2142
2510
2805
2950
2977
2950
2878
2717
2472
2196
1966
1765
1501
1111
657
266
25
-107
-242
-442
-659
-811
-843
-767
-648
-518
-377
-215
-30
164
362
575
804
1029
1189
1234
1160
1052
1009
1011
928
663
223
-240
-565
-775
-1019
-1370
-1788
-2155
-2400
-2571
-2733
-2859
-2890
-2822
-2707
-2605
-2508
-2323
-1970
-1524
-1107
-782
-494
-150
287
736
1101
1368
1593
1804
1986
2096
2125
2118
2108
2070
1952
1761
1544
1358
1208
1052
865
657
473
341
242
145
48
-24
-45
-35
-26
-40
-39
4
84
157
193
218
258
318
358
364
345
321
300
262
183
72
-43
-144
-243
-370
-541
-725
-864
-946
-1024
-1129
-1243
-1326
-1356
-1368
-1381
-1387
-1355
-1282
-1194
-1108
-1028
-924
-785
-626
-471
-331
-196
-54
94
231
346
442
530
612
684
733
766
782
800
816
819
812
794
780
775
768
749
724
698
672
649
615
577
531
484
440
391
333
272
217
166
122
78
28
-10
-42
-65
-85
-102
-112
-116
-115
-110
-110
-114
-113
-110
-104
-112
-122
-141
-164
-189
-221
-253
-293
-330
-368
-403
-442
-485
-527
-564
-588
-608
-626
-641
-645
-634
-618
-597
-569
-529
-474
-416
-354
-289
-216
-140
-62
14
85
155
220
289
341
383
418
444
461
476
478
476
465
452
434
414
390
366
345
325
307
288
276
270
270
269
269
269
272
277
286
296
304
309
307
306
300
292
278
255
231
199
162
114
62
5
-50
-113
-179
-244
-310
-374
-434
-491
-544
-595
-636
-666
-692
-707
-717
-713
-701
-676
-641
-598
-551
-490
-422
-355
-283
-212
-137
-67
-1
61
116
164
208
244
269
289
301
308
308
307
300
298
291
286
282
275
269
265
269
272
277
285
289
292
296
302
308
310
308
308
315
314
299
282
271
260
253
236
211
183
163
138
104
56
6
-35
-71
-112
-166
-219
-264
-303
-348
-400
-442
-468
-486
-500
-519
-531
-533
-526
-514
-503
-488
-458
-424
-388
-352
-318
-284
-244
-199
-156
-116
-78
-37
4
39
68
94
122
156
187
210
230
247
272
302
319
328
342
364
387
410
418
418
423
429
440
442
438
423
416
416
397
364
330
311
300
271
219
173
141
111
59
-10
-70
-111
-147
-203
-267
-325
-371
-416
-464
-505
-540
-559
-570
-589
-602
-602
-588
-570
-554
-532
-493
-437
-389
-350
-307
-256
-198
-137
-83
-38
16
67
109
149
181
211
239
265
290
307
315
315
321
327
325
322
323
328
325
317
305
296
291
285
277
262
258
271
275
257
234
228
228
235
234
226
223
222
212
188
168
149
134
115
90
56
8
-45
-90
-151
-210
-262
-312
-352
-405
-469
-532
-557
-574
-599
-621
-637
-632
-615
-603
-587
-561
-517
-462
-408
-353
-305
-253
-196
-130
-62
0
50
99
148
186
230
255
266
296
327
353
350
325
326
341
360
367
349
356
367
383
391
381
383
404
421
432
430
418
417
428
433
415
391
380
369
346
309
259
200
145
108
48
-40
-131
-208
-272
-340
-421
-520
-598
-642
-673
-716
-763
-802
-815
-787
-759
-755
-751
-713
-645
-568
-503
-462
-411
-321
-223
-145
-83
-26
51
144
221
257
286
326
380
430
454
458
453
459
470
476
466
440
422
414
426
430
398
366
375
409
432
422
402
401
431
474
469
436
418
426
424
387
323
258
199
126
38
-61
-169
-292
-410
-524
-645
-761
-847
-911
-976
-1048
-1093
-1107
-1098
-1068
-1042
-999
-912
-800
-692
-597
-500
-381
-240
-96
19
111
212
331
452
537
571
595
639
687
701
680
642
621
617
589
516
421
355
327
299
247
190
154
153
171
160
132
140
202
270
302
314
340
413
496
536
549
559
596
642
661
615
534
461
412
350
220
43
-132
-275
-429
-633
-861
-1064
-1209
-1318
-1423
-1534
-1620
-1647
-1619
-1571
-1523
-1448
-1331
-1172
-984
-797
-615
-429
-224
-17
168
324
462
600
733
837
903
937
956
963
945
899
839
781
718
649
567
487
414
350
294
244
197
175
179
196
226
263
317
393
477
562
647
746
848
950
1039
1108
1158
1177
1164
1110
1022
891
724
516
264
-16
-314
-633
-982
-1330
-1651
-1924
-2149
-2356
-2532
-2649
-2688
-2675
-2624
-2518
-2349
-2109
-1817
-1501
-1169
-817
-448
-76
271
585
870
1129
1347
1530
1670
1765
1813
1806
1744
1627
1476
1299
1110
929
759
600
448
293
147
9
-98
-151
-154
-113
-30
69
167
245
306
363
456
619
855
1132
1395
1581
1655
1611
1476
1268
1068
923
832
760
650
430
9
-601
-1328
-2037
-2642
-3021
-3180
-3184
-3126
-3044
-3032
-3130
-3272
-3368
-3303
-3017
-2464
-1763
-1012
-316
254
668
940
1131
1318
1577
1919
2295
2637
2865
2924
2796
2506
2114
1696
1330
1047
843
682
522
323
65
-236
-532
-748
-837
-781
-607
-366
-110
113
273
379
478
642
914
1286
1700
2087
2364
2478
2415
2209
1925
1635
1381
1175
960
659
178
-505
-1344
-2233
-3039
-3677
-4094
-4302
-4337
-4265
-4163
-4098
-4068
-4017
-3851
-3505
-2970
-2274
-1478
-649
126
785
1306
1705
2028
2311
2586
2854
3094
3268
3325
3226
2964
2570
2089
1575
1071
618
241
-61
-318
-552
-777
-973
-1114
-1179
-1149
-1009
-772
-458
-104
241
564
857
1141
1435
1746
2068
2373
2628
2791
2834
2763
2600
2379
2109
1790
1410
944
341
-425
-1326
-2274
-3153
-3884
-4423
-4771
-4929
-4921
-4795
-4625
-4449
-4246
-3966
-3552
-2998
-2311
-1519
-660
211
1005
1678
2202
2597
2887
3089
3232
3330
3386
3375
3268
3037
2677
2209
1645
1028
410
-149
-599
-935
-1160
-1292
-1332
-1304
-1228
-1114
-959
-749
-489
-182
158
530
919
1312
1684
2025
2321
2551
2705
2771
2744
2646
2488
2287
2044
1744
1367
879
243
-578
-1548
-2574
-3536
-4343
-4926
-5263
-5346
-5211
-4933
-4606
-4292
-3993
-3675
-3293
-2812
-2200
-1443
-563
371
1282
2094
2748
3193
3417
3456
3378
3261
3169
3117
3097
3036
2888
2539
1884
992
-1
-889
-1536
-1823
-1764
-1409
-951
-609
-490
-598
-826
-1009
-996
-689
-76
733
1564
2241
2692
2920
2967
2871
2707
2551
2420
2314
2214
2115
2014
1877
1613
1132
370
-669
-1911
-3208
-4371
-5235
-5730
-5854
-5673
-5291
-4828
-4398
-4039
-3753
-3472
-3127
-2666
-2049
-1263
-332
678
1678
2576
3283
3735
3908
3834
3593
3277
2962
2689
2477
2295
2087
1789
1357
798
146
-533
-1167
-1672
-1987
-2083
-1969
-1683
-1272
-795
-324
86
414
671
894
1115
1365
1677
2055
2469
2857
3154
3309
3291
3106
2785
2385
1964
1556
1167
768
299
-308
-1093
-2044
-3082
-4107
-5023
-5725
-6135
-6197
-5927
-5403
-4729
-4002
-3295
-2665
-2120
-1631
-1145
-618
-3
715
1502
2307
3050
3644
4025
4158
4052
3729
3251
2698
2140
1635
1207
847
537
235
-92
-461
-861
-1259
-1610
-1848
-1919
-1797
-1480
-1005
-436
168
743
1239
1619
1892
2079
2211
2327
2448
2583
2725
2843
2913
2915
2822
2609
2275
1818
1232
511
-349
-1335
-2379
-3402
-4333
-5109
-5681
-6001
-6055
-5859
-5473
-4962
-4378
-3759
-3130
-2500
-1861
-1193
-485
267
1048
1833
2573
3214
3696
3990
4097
4005
3744
3356
2890
2393
1890
1406
946
506
75
-355
-778
-1173
-1518
-1783
-1933
-1934
-1782
-1478
-1046
-523
48
620
1146
1609
1990
2288
2503
2653
2758
2819
2848
2843
2804
2728
2603
2414
2139
1766
1266
622
-179
-1137
-2199
-3281
-4289
-5153
-5808
-6191
-6267
-6050
-5600
-4998
-4310
-3600
-2914
-2272
-1660
-1059
-440
219
929
1683
2433
3112
3659
4029
4189
4124
3852
3419
2882
2295
1714
1178
698
273
-110
-468
-799
-1109
-1392
-1623
-1771
-1794
-1676
-1415
-1018
-518
50
632
1188
1677
2072
2362
2548
2646
2670
2639
2571
2489
2397
2303
2207
2092
1932
1694
1352
874
226
-612
-1612
-2696
-3758
-4719
-5497
-6002
-6188
-6042
-5622
-4987
-4232
-3453
-2713
-2053
-1476
-964
-485
3
546
1158
1815
2470
3075
3562
3871
3965
3841
3516
3023
2428
1798
1190
646
184
-192
-488
-726
-929
-1108
-1261
-1382
-1450
-1439
-1321
-1081
-718
-254
286
863
1418
1908
2298
2564
2692
2704
2622
2490
2334
2189
2080
2018
1984
1947
1864
1684
1356
835
104
-837
-1939
-3087
-4173
-5118
-5823
-6210
-6248
-5966
-5421
-4691
-3879
-3075
-2335
-1695
-1147
-670
-236
221
732
1305
1924
2548
3124
3575
3849
3919
3764
3410
2885
2258
1600
958
387
-87
-454
-720
-908
-1041
-1132
-1191
-1234
-1233
-1173
-1035
-803
-474
-47
452
986
1522
2013
2421
2712
2872
2896
2809
2636
2414
2181
1971
1811
1693
1595
1470
1275
941
410
-356
-1341
-2475
-3645
-4765
-5707
-6350
-6631
-6518
-6038
-5266
-4322
-3311
-2343
-1495
-798
-260
139
472
808
1187
1642
2176
2731
3253
3684
3942
3983
3781
3343
2715
1973
1192
438
-214
-726
-1085
-1290
-1368
-1353
-1293
-1208
-1106
-994
-859
-688
-451
-140
251
708
1202
1695
2151
2525
2790
2924
2925
2810
2615
2375
2124
1897
1711
1555
1403
1210
918
476
-169
-1028
-2052
-3155
-4260
-5266
-6035
-6490
-6585
-6305
-5686
-4828
-3812
-2750
-1750
-872
-153
385
773
1081
1356
1645
1979
2370
2786
3179
3503
3685
3678
3459
3025
2407
1676
890
123
-549
-1076
-1434
-1618
-1642
-1546
-1371
-1149
-911
-678
-451
-216
27
311
642
1011
1415
1823
2203
2518
2749
2858
2851
2752
2564
2324
2078
1842
1623
1412
1196
922
542
5
-725
-1623
-2637
-3697
-4732
-5618
-6248
-6568
-6527
-6119
-5411
-4482
-3416
-2314
-1282
-383
339
877
1267
1553
1776
1992
2236
2512
2809
3102
3332
3443
3406
3189
2780
2204
1508
744
-18
-711
-1275
-1677
-1896
-1934
-1816
-1577
-1256
-889
-514
-150
193
521
829
1131
1432
1727
2013
2266
2470
2607
2671
2655
2567
2417
2226
2013
1785
1545
1282
978
591
94
-551
-1348
-2260
-3226
-4192
-5083
-5783
-6224
-6356
-6159
-5637
-4863
-3911
-2858
-1803
-832
0
669
1175
1547
1821
2037
2246
2464
2687
2916
3117
3236
3240
3106
2807
2349
1757
1078
361
-333
-939
-1413
-1727
-1873
-1849
-1684
-1409
-1060
-675
-282
94
445
769
1070
1344
1597
1831
2045
2221
2348
2418
2432
2395
2302
2168
2009
1834
1636
1414
1159
831
401
-152
-854
-1689
-2603
-3540
-4455
-5247
-5813
-6111
-6110
-5785
-5177
-4357
-3391
-2359
-1354
-448
318
914
1358
1674
1893
2063
2222
2384
2553
2731
2882
2961
2945
2813
2538
2120
1578
955
293
-357
-934
-1393
-1704
-1848
-1819
-1638
-1331
-944
-510
-70
350
726
1050
1325
1548
1729
1876
1998
2091
2153
2180
2177
2142
2068
1966
1847
1711
1544
1344
1100
779
357
-198
-898
-1722
-2612
-3528
-4417
-5169
-5708
-5982
-5960
-5621
-5006
-4186
-3218
-2187
-1185
-285
467
1048
1465
1743
1912
2019
2110
2205
2320
2454
2584
2669
2681
2598
2386
2043
1582
1027
417
-200
-764
-1239
-1587
-1775
-1801
-1667
-1396
-1021
-581
-109
357
784
1158
1465
1698
1866
1976
2031
2047
2021
1972
1907
1829
1755
1677
1603
1535
1459
1350
1196
954
594
97
-568
-1374
-2273
-3207
-4130
-4939
-5535
-5875
-5925
-5654
-5086
-4306
-3362
-2330
-1315
-398
377
978
1405
1670
1814
1886
1934
1994
2076
2197
2345
2473
2558
2567
2466
2222
1846
1361
781
162
-441
-973
-1400
-1674
-1775
-1708
-1486
-1143
-712
-238
236
680
1069
1384
1616
1774
1870
1914
1918
1899
1862
1821
1785
1756
1733
1709
1679
1627
1530
1365
1102
710
169
-533
-1378
-2308
-3267
-4209
-5037
-5655
-6015
-6084
-5832
-5287
-4509
-3555
-2499
-1438
-461
387
1063
1559
1882
2064
2147
2176
2194
2225
2286
2364
2444
2500
2500
2408
2200
1866
1416
874
273
-331
-887
-1353
-1687
-1850
-1836
-1659
-1331
-894
-385
150
672
1139
1532
1828
2023
2121
2126
2063
1952
1814
1673
1555
1470
1419
1409
1437
1457
1444
1368
1182
846
331
-371
-1241
-2217
-3223
-4209
-5074
-5713
-6070
-6120
-5834
-5241
-4416
-3428
-2349
-1283
-316
505
1138
1582
1849
1983
2026
2023
2021
2045
2108
2207
2316
2400
2437
2385
2214
1917
1501
982
396
-202
-765
-1248
-1602
-1793
-1810
-1658
-1351
-924
-421
119
651
1128
1529
1829
2018
2102
2090
1999
1857
1689
1520
1379
1283
1240
1249
1304
1370
1416
1405
1295
1042
617
-5
-816
-1749
-2741
-3753
-4687
-5414
-5881
-6070
-5919
-5430
-4694
-3771
-2709
-1619
-615
255
960
1461
1762
1908
1940
1905
1853
1821
1843
1919
2026
2146
2251
2298
2244
2067
1770
1347
822
242
-340
-875
-1319
-1614
-1738
-1685
-1466
-1090
-601
-53
516
1049
1512
1869
2106
2223
2219
2112
1938
1722
1491
1274
1099
986
936
951
1019
1104
1169
1173
1071
817
380
-262
-1078
-2008
-2992
-3965
-4827
-5466
-5842
-5908
-5642
-5072
-4264
-3293
-2230
-1185
-236
557
1158
1564
1788
1865
1840
1769
1703
1669
1693
1779
1903
2039
2159
2220
2179
2017
1728
1315
799
230
-344
-875
-1301
-1582
-1686
-1608
-1358
-957
-447
123
694
1219
1656
1980
2167
2222
2155
1988
1752
1487
1229
1005
848
764
767
838
959
1099
1203
1233
1137
882
433
-223
-1051
-1986
-2977
-3955
-4811
-5441
-5807
-5865
-5583
-4994
-4174
-3187
-2108
-1045
-92
694
1288
1673
1859
1891
1828
1718
1613
1554
1571
1654
1786
1949
2102
2190
2174
2038
1765
1361
846
270
-317
-864
-1309
-1606
-1722
-1655
-1408
-1000
-481
99
683
1224
1674
2000
2188
2233
2148
1956
1699
1416
1140
901
741
669
685
783
937
1111
1248
1312
1253
1021
586
-59
-885
-1830
-2837
-3835
-4721
-5394
-5799
-5895
-5657
-5105
-4311
-3337
-2254
-1178
-203
623
1258
1672
1879
1924
1851
1721
1580
1488
1466
1517
1645
1816
1990
2123
2168
2088
1878
1529
1055
499
-88
-654
-1143
-1494
-1678
-1680
-1490
-1126
-625
-44
569
1152
1657
2043
2290
2371
2306
2113
1828
1498
1163
869
649
531
514
592
741
926
1088
1186
1166
983
608
20
-750
-1654
-2626
-3608
-4501
-5202
-5653
-5812
-5646
-5166
-4421
-3477
-2401
-1302
-276
609
1300
1770
2014
2058
1954
1773
1567
1387
1285
1282
1368
1525
1726
1913
2030
2038
1920
1654
1244
731
159
-414
-934
-1338
-1588
-1654
-1527
-1218
-752
-183
423
1027
1565
1991
2271
2390
2348
2164
1869
1506
1130
778
496
320
263
325
485
717
961
1170
1287
1261
1048
613
-46
-880
-1828
-2844
-3837
-4691
-5327
-5709
-5770
-5493
-4925
-4123
-3134
-2058
-1004
-56
741
1338
1708
1870
1869
1758
1586
1423
1313
1288
1350
1496
1699
1910
2079
2159
2124
1948
1624
1168
627
49
-519
-1010
-1370
-1568
-1585
-1416
-1072
-596
-40
552
1123
1610
1986
2222
2303
2232
2034
1744
1395
1034
705
450
296
250
315
474
695
927
1117
1218
1172
943
492
-176
-1008
-1959
-2966
-3941
-4775
-5386
-5729
-5744
-5425
-4812
-3959
-2934
-1826
-754
206
996
1572
1911
2032
1987
1824
1604
1390
1238
1167
1200
1328
1523
1734
1916
2020
2012
1870
1581
1164
653
97
-446
-920
-1275
-1473
-1493
-1328
-991
-525
23
601
1158
1642
2005
2225
2290
2199
1978
1665
1295
908
561
289
119
66
129
293
520
766
981
1116
1108
924
538
-61
-835
-1726
-2680
-3618
-4436
-5054
-5428
-5505
-5258
-4728
-3962
-3017
-1972
-938
-3
788
1384
1755
1916
1906
1776
1576
1367
1208
1132
1153
1267
1452
1669
1868
2007
2047
1962
1733
1370
907
385
-153
-649
-1045
-1306
-1405
-1327
-1082
-694
-207
329
866
1352
1742
2001
2115
2082
1917
1643
1295
923
565
266
61
-36
-11
129
358
633
909
1133
1247
1200
964
512
-152
-980
-1909
-2880
-3812
-4596
-5166
-5470
-5465
-5142
-4543
-3725
-2744
-1700
-690
214
955
1489
1801
1913
1866
1710
1498
1302
1158
1095
1131
1260
1452
1663
1858
1981
2005
1901
1663
1297
834
314
-212
-687
-1068
-1309
-1388
-1289
-1025
-625
-126
426
972
1464
1850
2108
2214
2164
1977
1682
1316
918
543
232
16
-86
-66
65
282
547
812
1022
1127
1077
844
399
-241
-1037
-1926
-2859
-3755
-4507
-5050
-5336
-5335
-5032
-4459
-3675
-2739
-1736
-757
127
856
1394
1732
1871
1849
1723
1546
1358
1210
1144
1170
1277
1447
1656
1849
1980
2028
1959
1755
1422
990
495
-23
-507
-907
-1184
-1308
-1265
-1059
-713
-267
237
751
1224
1606
1866
1994
1978
1829
1573
1241
877
519
212
-12
-134
-136
-26
177
440
712
952
1111
1131
976
618
55
-683
-1536
-2452
-3368
-4182
-4799
-5180
-5290
-5090
-4598
-3879
-2989
-1992
-986
-62
720
1324
1717
1900
1909
1789
1594
1376
1193
1082
1063
1142
1303
1515
1731
1907
2004
1993
1847
1569
1175
704
195
-305
-745
-1076
-1266
-1300
-1168
-890
-493
-26
481
974
1396
1718
1918
1981
1909
1714
1433
1090
732
402
136
-36
-101
-49
108
339
605
859
1049
1121
1023
730
228
-459
-1285
-2195
-3127
-3981
-4669
-5136
-5336
-5230
-4826
-4172
-3321
-2335
-1318
-354
498
1189
1671
1937
2023
1964
1800
1591
1395
1243
1167
1182
1281
1435
1611
1771
1878
1889
1793
1569
1230
806
326
-168
-627
-999
-1251
-1352
-1290
-1070
-718
-261
259
785
1268
1666
1945
2080
2066
1915
1646
1290
895
507
164
-96
-240
-261
-171
19
280
557
803
970
1010
878
552
32
-653
-1450
-2311
-3167
-3922
-4510
-4877
-4984
-4809
-4365
-3703
-2873
-1947
-1007
-136
620
1208
1603
1800
1833
1736
1552
1338
1144
1009
953
991
1112
1293
1497
1691
1825
1870
1800
1606
1298
894
435
-47
-494
-858
-1108
-1217
-1160
-950
-605
-162
341
852
1318
1696
1952
2062
2020
1842
1542
1159
742
331
-28
-295
-445
-469
-359
-141
152
477
780
1012
1116
1053
802
344
-297
-1067
-1914
-2780
-3582
-4229
-4675
-4882
-4817
-4475
-3905
-3159
-2291
-1376
-508
260
887
1337
1593
1679
1637
1501
1314
1136
1011
961
1002
1125
1314
1535
1747
1911
1992
1960
1803
1522
1139
680
187
-295
-710
-1018
-1199
-1226
-1095
-822
-443
20
512
984
1392
1701
1887
1932
1837
1624
1313
943
558
202
-92
-294
-377
-343
-199
27
304
588
826
976
996
862
543
43
-601
-1339
-2137
-2930
-3628
-4174
-4528
-4651
-4513
-4135
-3564
-2828
-1993
-1141
-334
379
958
1360
1595
1681
1640
1517
1357
1204
1088
1042
1071
1166
1308
1475
1634
1743
1779
1721
1549
1275
922
508
73
-342
-692
-946
-1081
-1072
-925
-655
-287
145
601
1029
1394
1661
1804
1818
1701
1472
1155
787
403
45
-251
-453
-545
-521
-387
-163
117
419
692
891
978
922
710
324
-214
-862
-1574
-2298
-2985
-3557
-3964
-4180
-4183
-3959
-3536
-2964
-2276
-1529
-788
-114
462
913
1217
1383
1435
1402
1313
1205
1118
1071
1076
1140
1253
1392
1529
1637
1695
1672
1563
1356
1071
724
341
-44
-396
-684
-872
-954
-922
-768
-518
-195
171
553
905
1205
1425
1549
1568
1486
1316
1077
800
507
236
5
-154
-235
-234
-152
-11
176
373
544
663
692
608
403
58
-409
-970
-1585
-2219
-2813
-3314
-3687
-3891
-3903
-3722
-3369
-2858
-2231
-1548
-853
-187
395
865
1213
1432
1528
1528
1460
1353
1234
1137
1080
1066
1091
1152
1228
1295
1336
1332
1260
1118
920
665
374
77
-203
-439
-607
-690
-676
-571
-378
-112
197
524
842
1122
1339
1475
1520
1477
1345
1143
890
610
326
70
-144
-295
-373
-379
-318
-203
-53
105
239
323
334
249
59
-244
-642
-1114
-1620
-2135
-2612
-3000
-3266
-3389
-3350
-3143
-2789
-2317
-1757
-1147
-536
27
518
911
1187
1346
1405
1380
1293
1177
1056
960
896
877
901
959
1034
1108
1162
1173
1132
1033
877
680
451
204
-26
-216
-354
-429
-421
-338
-183
27
278
542
793
1017
1188
1294
1322
1276
1157
975
749
496
238
-6
-217
-379
-483
-525
-503
-430
-316
-181
-47
69
138
147
82
-71
-305
-616
-976
-1361
-1752
-2113
-2406
-2611
-2703
-2674
-2527
-2265
-1912
-1493
-1038
-579
-150
226
533
752
892
956
956
918
858
799
757
744
764
817
894
980
1064
1125
1158
1140
1072
956
798
610
409
211
41
-87
-166
-181
-136
-29
122
305
502
692
856
976
1047
1057
1007
904
752
572
371
172
-16
-177
-298
-379
-415
-405
-357
-280
-187
-89
-1
52
67
24
-83
-259
-498
-785
-1110
-1445
-1771
-2056
-2278
-2415
-2456
-2396
-2228
-1974
-1648
-1270
-865
-469
-98
230
496
694
832
911
938
938
919
902
892
901
925
966
1017
1069
1105
1123
1109
1057
967
845
699
534
368
214
84
-11
-64
-67
-28
50
157
280
406
520
616
676
697
678
620
527
414
281
143
13
-102
-194
-255
-285
-279
-247
-190
-111
-28
49
106
131
114
43
-90
-281
-531
-821
-1130
-1449
-1754
-2012
-2205
-2322
-2343
-2266
-2100
-1850
-1535
-1171
-788
-407
-50
268
532
735
882
977
1028
1046
1047
1038
1034
1035
1044
1057
1075
1085
1076
1047
992
906
792
654
503
348
200
69
-35
-100
-125
-111
-60
22
129
249
364
473
564
625
656
655
623
562
481
383
283
179
86
6
-55
-99
-119
-121
-110
-91
-74
-68
-83
-128
-213
-341
-517
-735
-984
-1252
-1521
-1776
-1993
-2152
-2238
-2245
-2167
-2000
-1750
-1445
-1089
-706
-322
44
379
669
896
1064
1170
1228
1234
1209
1163
1101
1041
982
929
878
837
799
751
697
636
557
468
372
272
176
90
26
-15
-29
-14
34
107
199
304
411
510
591
652
682
681
648
588
500
391
269
141
14
-108
-213
-298
-366
-411
-432
-434
-419
-393
-364
-337
-325
-325
-349
-400
-479
-587
-715
-856
-1004
-1143
-1263
-1354
-1406
-1411
-1366
-1274
-1134
-958
-756
-536
-315
-100
93
265
406
512
589
635
661
669
665
656
650
643
639
637
637
640
635
628
612
586
552
511
467
418
374
330
303
289
286
299
330
371
420
476
535
586
626
652
664
654
627
580
516
437
345
254
153
60
-31
-119
-202
-283
-365
-457
-552
-661
-786
-926
-1082
-1236
-1396
-1550
-1681
-1778
-1831
-1841
-1796
-1696
-1536
-1336
-1093
-817
-526
-232
56
322
556
749
901
1009
1067
1088
1078
1036
976
902
821
740
667
599
541
494
457
426
403
387
369
352
340
327
313
301
289
281
274
271
271
270
271
268
267
259
244
223
192
151
100
42
-23
-96
-168
-235
-298
-351
-391
-412
-417
-403
-366
-315
-249
-175
-98
-23
41
86
111
109
75
13
-73
-184
-309
-442
-574
-696
-802
-882
-933
-953
-938
-895
-827
-742
-642
-532
-428
-326
-231
-147
-68
2
63
124
183
247
315
389
461
534
603
665
716
749
770
771
756
728
689
645
600
561
534
519
514
524
546
572
601
627
642
646
633
602
554
490
411
325
233
139
42
-50
-142
-232
-328
-429
-541
-667
-809
-962
-1123
-1283
-1446
-1590
-1702
-1781
-1817
-1803
-1728
-1604
-1425
-1198
-938
-659
-364
-71
204
453
667
842
974
1061
1114
1130
1116
1080
1028
963
891
819
744
667
593
519
443
370
300
230
170
114
70
39
18
18
28
50
83
121
162
199
235
261
274
272
262
235
198
147
94
33
-28
-83
-138
-186
-227
-257
-285
-296
-302
-304
-297
-291
-281
-273
-264
-258
-254
-255
-262
-270
-281
-294
-310
-329
-347
-360
-371
-380
-386
-384
-375
-364
-346
-320
-289
-255
-217
-176
-133
-92
-53
-17
15
43
66
85
101
116
128
144
159
176
196
218
242
270
301
332
363
396
422
449
475
496
514
533
550
561
573
584
591
591
585
573
556
525
489
438
381
317
242
163
82
-6
-97
-188
-280
-367
-454
-538
-618
-690
-756
-818
-869
-909
-938
-959
-961
-952
-931
-895
-842
-776
-701
-612
-514
-412
-306
-198
-92
10
105
194
267
334
387
428
456
476
489
489
482
471
453
431
411
393
373
354
340
329
323
326
331
341
359
378
401
424
446
466
482
492
497
492
476
453
421
377
324
264
196
122
43
-38
-123
-216
-305
-393
-483
-569
-652
-730
-798
-862
-914
-956
-981
-992
-988
-966
-928
-869
-800
-716
-621
-513
-404
-290
-178
-69
37
129
215
289
352
400
438
468
483
493
496
492
484
471
457
442
426
408
392
377
360
348
338
329
323
320
320
322
327
332
337
346
352
355
357
353
343
332
311
284
253
217
172
120
68
7
-57
-121
-191
-263
-338
-409
-481
-550
-617
-675
-730
-774
-808
-830
-838
-839
-821
-791
-746
-685
-614
-533
-445
-352
-257
-162
-69
20
100
171
234
287
333
368
392
411
420
423
422
414
401
390
373
355
339
320
302
287
272
261
254
249
244
249
252
262
268
277
289
299
310
312
317
311
306
288
267
242
211
172
124
75
20
-37
-100
-167
-230
-298
-360
-419
-473
-524
-565
-591
-622
-639
-647
-644
-621
-595
-564
-524
-481
-423
-363
-306
-244
-182
-120
-58
-4
46
93
136
171
200
227
247
265
269
272
274
268
259
247
232
217
206
190
176
164
157
151
149
151
150
156
165
174
183
189
193
200
203
208
204
195
187
178
166
147
124
99
75
49
20
-7
-37
-65
-96
-127
-155
-178
-199
-223
-241
-263
-270
-277
-286
-286
-287
-277
-262
-253
-239
-223
-200
-177
-155
-133
-108
-87
-63
-39
-16
2
23
39
54
67
79
89
93
96
94
96
91
89
86
78
75
69
68
64
62
61
64
71
74
79
85
95
105
110
118
124
128
132
131
129
123
117
108
98
87
72
57
42
23
6
-10
-29
-48
-65
-77
-92
-103
-111
-119
-123
-127
-123
-120
-116
-107
-101
-89
-75
-65
-56
-43
-33
-25
-21
-17
-11
-10
-7
-7
-8
-10
-9
-8
-7
-10
-10
-9
-10
-11
-14
-10
-8
-6
-6
-3
3
5
12
16
25
32
40
48
53
59
67
69
74
74
70
72
69
64
59
50
44
35
27
17
4
-4
-13
-20
-27
-34
-37
-40
-45
-44
-45
-43
-40
-38
-34
-29
-23
-16
-11
-10
-1
3
5
7
9
10
11
12
9
13
10
7
4
2
-3
-3
-8
-9
-7
-10
-10
-9
-10
-10
-8
-8
-4
-4
-5
-2
1
1
0
2
3
4
5
6
7
10
9
9
11
10
9
13
10
10
10
6
6
4
4
0
-3
-4
-7
-10
-8
-8
-10
-9
-9
-9
-8
-6
-5
-3
-1
2
1
2
4
7
10
10
9
8
10
10
8
7
2
2
1
0
1
-2
-6
-6
-3
-3
-4
-2
-1
-2
-2
-1
-1
1
-1
0
-1
-2
-3
-1
-1
-2
-5
-3
-4
-5
-2
-3
-3
1
1
2
2
1
3
3
4
6
4
5
4
4
3
0
1
0
-3
-2
-1
-5
