1
2
3
2
0
1
-3
-2
-2
-2
3
4
8
12
14
18
14
10
7
4
2
-1
-2
-1
1
2
-2
-8
-18
-32
-49
-58
-61
-58
-40
-22
-4
6
0
-27
-80
-155
-225
-334
-434
-432
-337
-196
-51
137
313
470
606
676
689
647
598
508
373
267
187
114
52
14
-22
-81
-132
-169
-217
-257
-271
-268
-276
-275
-237
-222
-228
-215
-204
-224
-240
-223
-230
-243
-217
-180
-172
-127
-49
-32
-25
-10
-53
-157
-231
-329
-489
-545
-467
-395
-288
-63
161
328
559
814
922
1004
1063
1023
900
796
672
469
353
325
184
9
-8
-56
-235
-315
-244
-321
-438
-337
-300
-451
-440
-266
-303
-366
-161
-31
-156
-131
71
-38
-191
19
66
-203
-141
79
-122
-311
-24
-2
-341
-169
50
-216
-282
1
-58
-299
-109
79
-120
-117
134
38
-86
134
166
-44
76
234
49
32
208
133
-1
188
248
25
111
263
89
14
206
185
4
114
220
26
23
176
103
-15
129
186
-11
57
188
26
-52
110
66
-104
-8
82
-79
-142
25
-32
-174
-63
4
-137
-187
-41
-75
-187
-98
-18
-119
-163
-7
3
-152
-95
55
-80
-172
-2
-1
-180
-120
67
-82
-167
31
79
-115
-51
144
-25
-115
97
101
-126
-13
179
-25
-98
153
140
-65
60
253
18
-50
230
127
-88
63
216
-26
-59
182
68
-110
48
182
-63
-100
143
74
-169
5
146
-100
-148
107
64
-206
-22
155
-104
-171
128
44
-198
-4
121
-92
-148
123
35
-188
14
168
-88
-109
146
58
-143
18
189
-82
-106
129
49
-120
21
134
-58
-79
104
54
-97
19
103
-53
-67
71
21
-107
43
74
-65
-21
66
6
-63
37
50
-28
-11
69
-10
-66
35
29
-30
-43
44
-11
-47
8
21
-23
-48
14
43
-51
-54
82
-4
-82
5
68
-73
-60
72
-26
-89
-6
39
-95
-35
56
-42
-70
48
26
-94
15
52
-45
-18
32
-3
-48
19
2
-24
17
16
-4
17
35
-13
26
42
-10
23
72
12
-2
52
39
-12
33
64
-10
2
96
9
-49
66
66
-70
17
77
-27
-32
26
28
-54
-16
24
-33
-47
2
16
-69
-32
35
-49
-46
10
15
-66
12
13
-38
4
-11
2
-13
-16
-10
2
-40
-24
23
-18
-32
14
-7
-9
-4
22
11
-39
25
42
-52
-15
71
-31
-47
50
3
-54
20
22
-10
-3
13
13
-21
16
31
3
-8
15
1
-5
25
-13
-16
35
1
-40
44
20
-57
38
50
-41
7
35
-13
7
30
5
1
32
3
-2
17
22
20
-6
3
24
-3
-2
43
-3
-35
24
2
-43
17
-1
-32
-17
-3
-45
-33
-2
-41
-29
10
-39
-31
3
-13
-11
-22
1
26
-30
-25
42
-7
-43
38
20
-48
18
35
-31
-9
41
-5
-24
23
27
-33
16
15
-21
22
26
-10
-4
34
9
4
9
14
40
-8
6
51
-29
12
38
-15
12
20
-7
17
25
-13
-1
34
-21
-6
20
-13
-25
22
-19
-32
16
-31
-32
1
-22
-44
11
-18
-60
12
-6
-69
-16
20
-39
-51
23
-18
-61
14
-3
-35
4
-1
-12
-4
10
1
-1
19
35
21
28
25
34
39
20
25
55
36
4
50
58
17
24
31
40
30
-10
65
42
-40
20
70
-27
-19
55
17
-67
16
53
-42
-53
24
20
-76
-28
25
-49
-79
35
26
-113
-20
47
-63
-78
9
1
-77
-57
-7
-48
-91
-68
-49
-93
-92
-49
-91
-123
-97
-110
-117
-91
-120
-124
-89
-85
-110
-84
-73
-99
-46
5
-57
-24
49
25
10
78
104
76
114
171
151
141
192
222
222
210
238
275
241
238
278
259
283
285
269
292
266
212
281
259
175
229
236
149
140
164
105
66
98
71
-9
-5
-8
-62
-102
-89
-127
-195
-176
-215
-302
-292
-288
-380
-392
-369
-427
-510
-469
-470
-560
-566
-508
-547
-593
-540
-531
-584
-528
-447
-478
-469
-367
-324
-326
-247
-159
-126
-80
29
102
131
212
302
342
389
489
555
566
625
688
711
730
780
819
818
828
869
865
854
848
844
827
793
765
732
660
610
574
481
428
395
285
168
147
82
-34
-96
-153
-257
-358
-418
-513
-647
-756
-832
-966
-1095
-1184
-1290
-1415
-1514
-1572
-1660
-1735
-1758
-1772
-1788
-1737
-1674
-1609
-1492
-1349
-1217
-1044
-824
-612
-385
-128
117
348
593
830
1045
1248
1440
1599
1728
1836
1905
1941
1961
1957
1920
1864
1792
1713
1622
1501
1410
1326
1207
1125
1054
965
882
829
759
666
607
549
480
404
356
278
177
96
21
-89
-224
-346
-466
-629
-812
-980
-1166
-1377
-1591
-1795
-1992
-2210
-2395
-2563
-2710
-2832
-2923
-2971
-2991
-2964
-2877
-2747
-2578
-2351
-2083
-1775
-1432
-1050
-656
-246
187
607
1005
1391
1753
2061
2332
2567
2738
2850
2912
2911
2849
2751
2609
2421
2211
1982
1730
1474
1228
991
765
579
417
276
178
108
68
70
86
112
166
236
300
373
444
501
546
601
628
629
608
578
533
455
353
207
86
-54
-232
-396
-570
-785
-967
-1173
-1399
-1604
-1802
-2007
-2184
-2337
-2480
-2602
-2696
-2745
-2765
-2747
-2698
-2607
-2487
-2330
-2126
-1893
-1658
-1384
-1077
-773
-466
-139
168
457
751
1025
1249
1460
1639
1769
1878
1961
1989
1981
1964
1913
1833
1754
1661
1549
1446
1349
1245
1159
1096
1039
993
964
957
958
976
1009
1040
1076
1124
1169
1206
1248
1286
1305
1314
1312
1290
1254
1199
1104
999
887
726
548
352
125
-125
-384
-671
-983
-1286
-1609
-1950
-2253
-2534
-2814
-3055
-3278
-3464
-3608
-3702
-3748
-3748
-3694
-3576
-3410
-3202
-2953
-2644
-2309
-1926
-1512
-1088
-653
-202
241
651
1052
1429
1762
2064
2324
2515
2651
2749
2791
2777
2726
2626
2488
2329
2144
1930
1703
1472
1246
1027
823
628
451
307
195
103
47
19
21
50
106
180
259
359
471
574
691
807
899
971
1039
1084
1093
1087
1049
966
878
771
608
418
222
-12
-295
-588
-912
-1266
-1597
-1925
-2266
-2582
-2871
-3160
-3388
-3549
-3678
-3748
-3730
-3670
-3551
-3349
-3095
-2794
-2422
-1994
-1551
-1073
-571
-90
394
883
1335
1746
2131
2453
2712
2923
3068
3138
3164
3142
3054
2925
2755
2542
2302
2067
1823
1575
1348
1129
917
733
578
447
359
309
286
278
290
312
349
414
497
580
654
705
729
734
733
724
705
663
576
431
227
3
-219
-417
-606
-813
-1081
-1414
-1790
-2185
-2528
-2783
-2979
-3154
-3346
-3593
-3860
-4070
-4155
-4108
-3949
-3730
-3533
-3373
-3192
-2936
-2573
-2062
-1441
-832
-276
211
618
1020
1506
2051
2575
3043
3371
3517
3554
3562
3573
3616
3663
3619
3432
3134
2750
2369
2087
1908
1754
1577
1339
1019
697
473
357
345
407
441
403
342
291
301
424
639
847
990
1053
1040
1005
1037
1133
1239
1311
1272
1092
822
549
308
139
-11
-224
-563
-1020
-1560
-2105
-2561
-2891
-3157
-3438
-3771
-4175
-4599
-4917
-5068
-5062
-4938
-4770
-4636
-4528
-4378
-4113
-3699
-3121
-2470
-1837
-1270
-752
-271
253
869
1522
2151
2692
3076
3313
3470
3603
3731
3867
3954
3923
3754
3471
3134
2814
2551
2342
2166
1963
1690
1379
1085
855
739
741
781
798
776
716
664
687
807
992
1184
1321
1350
1297
1243
1234
1301
1400
1440
1341
1103
783
474
240
80
-80
-330
-721
-1268
-1892
-2444
-2833
-3120
-3350
-3621
-4012
-4480
-4880
-5128
-5180
-5035
-4795
-4579
-4425
-4300
-4120
-3764
-3190
-2456
-1689
-1020
-490
-29
435
997
1674
2384
2999
3431
3654
3701
3695
3757
3880
3995
3989
3782
3377
2891
2449
2116
1903
1756
1549
1229
825
428
150
71
153
293
374
346
246
181
237
442
746
1029
1184
1189
1098
1020
1053
1210
1399
1492
1405
1155
814
520
334
246
156
-56
-468
-1044
-1685
-2240
-2618
-2864
-3076
-3378
-3820
-4331
-4762
-5026
-5075
-4957
-4775
-4638
-4553
-4470
-4301
-3964
-3414
-2729
-2022
-1376
-828
-334
204
841
1557
2285
2939
3420
3724
3903
4033
4171
4341
4464
4457
4277
3943
3507
3088
2762
2505
2277
2011
1640
1194
764
447
287
285
345
339
238
93
-22
0
206
513
798
966
974
880
828
929
1169
1446
1602
1530
1246
888
614
494
482
431
193
-288
-967
-1696
-2257
-2590
-2798
-3065
-3478
-4103
-4771
-5269
-5499
-5508
-5366
-5231
-5204
-5242
-5217
-5032
-4573
-3864
-3079
-2375
-1788
-1313
-809
-128
702
1561
2357
2994
3405
3686
3931
4178
4455
4737
4869
4775
4490
4094
3691
3383
3136
2863
2517
2097
1614
1140
756
513
410
391
348
229
81
-4
51
248
508
743
918
1018
1060
1092
1167
1313
1517
1687
1706
1537
1276
1037
866
747
633
422
80
-372
-948
-1597
-2146
-2504
-2791
-3121
-3573
-4161
-4745
-5144
-5349
-5409
-5367
-5297
-5270
-5236
-5143
-4945
-4545
-3915
-3209
-2556
-1988
-1477
-936
-248
548
1326
2043
2649
3104
3457
3765
4037
4295
4536
4666
4602
4396
4114
3824
3594
3396
3158
2854
2528
2185
1862
1610
1438
1331
1284
1236
1129
989
877
827
846
914
958
945
884
778
632
503
449
459
501
481
317
33
-240
-442
-557
-613
-703
-925
-1272
-1764
-2322
-2801
-3111
-3350
-3583
-3918
-4435
-4989
-5383
-5599
-5633
-5487
-5344
-5289
-5231
-5109
-4884
-4380
-3657
-2902
-2189
-1535
-997
-396
385
1259
2129
2951
3590
4032
4417
4775
5099
5429
5674
5716
5578
5321
4974
4653
4394
4099
3724
3285
2777
2264
1844
1506
1222
1007
802
571
363
221
159
211
344
472
578
671
746
824
920
1013
1096
1171
1193
1116
968
792
620
481
332
103
-216
-616
-1097
-1680
-2300
-2879
-3420
-3962
-4531
-5134
-5729
-6218
-6562
-6766
-6874
-6892
-6850
-6736
-6514
-6199
-5779
-5221
-4597
-3944
-3301
-2665
-1992
-1231
-402
445
1266
2061
2846
3632
4404
5123
5754
6255
6580
6676
6526
6203
5751
5218
4610
3922
3226
2622
2201
1977
1910
1975
2143
2357
2577
2744
2809
2775
2665
2470
2180
1849
1544
1302
1129
997
865
772
792
934
1134
1289
1324
1239
1086
914
742
559
306
-79
-651
-1445
-2320
-3079
-3660
-4172
-4720
-5401
-6178
-6871
-7311
-7545
-7626
-7595
-7613
-7659
-7637
-7490
-7119
-6467
-5680
-4944
-4287
-3660
-2948
-2023
-939
121
1041
1816
2477
3087
3713
4314
4841
5274
5545
5619
5593
5568
5585
5640
5606
5387
5013
4614
4285
4024
3758
3401
2952
2497
2101
1781
1554
1421
1364
1336
1275
1201
1204
1405
1758
2042
2088
1930
1782
1847
2091
2243
2122
1777
1400
1075
777
484
193
-133
-664
-1560
-2694
-3656
-4150
-4371
-4792
-5693
-6880
-7843
-8290
-8386
-8473
-8691
-8964
-9150
-9211
-9095
-8659
-7784
-6597
-5466
-4627
-3889
-2805
-1185
681
2321
3466
4290
5106
6025
6910
7599
8034
8249
8242
7978
7542
7154
6935
6756
6346
5564
4616
3834
3373
3067
2631
1979
1250
629
194
-96
-303
-422
-477
-574
-755
-913
-858
-498
1
344
370
219
201
475
939
1339
1449
1269
970
722
613
639
671
495
-26
-899
-1862
-2553
-2816
-2985
-3469
-4334
-5407
-6341
-6778
-6768
-6706
-6823
-7137
-7502
-7664
-7382
-6721
-5932
-5179
-4617
-4205
-3616
-2646
-1380
-37
1104
1881
2468
3167
4069
5066
5938
6452
6593
6576
6576
6643
6745
6712
6387
5811
5127
4488
4008
3655
3252
2682
1975
1270
734
436
302
181
-11
-265
-493
-590
-503
-254
68
323
419
415
457
676
1084
1533
1820
1862
1712
1528
1443
1489
1560
1479
1074
321
-629
-1451
-1936
-2213
-2655
-3508
-4627
-5665
-6306
-6526
-6578
-6781
-7163
-7569
-7787
-7690
-7248
-6601
-5941
-5419
-5006
-4511
-3695
-2541
-1293
-230
549
1190
1940
2881
3888
4738
5313
5626
5800
5960
6132
6265
6282
6078
5629
5051
4513
4079
3711
3273
2671
1969
1328
860
537
286
46
-202
-412
-547
-596
-547
-372
-112
162
394
555
706
934
1282
1691
2060
2282
2305
2175
2017
1970
2043
2085
1838
1185
219
-672
-1188
-1430
-1816
-2625
-3788
-4927
-5658
-5909
-5989
-6235
-6715
-7267
-7625
-7575
-7143
-6532
-5971
-5626
-5414
-4999
-4132
-2924
-1717
-818
-245
314
1174
2297
3386
4184
4651
4946
5247
5600
5942
6188
6244
6021
5558
5037
4632
4402
4165
3671
2877
2047
1466
1166
965
643
160
-298
-562
-631
-605
-541
-453
-337
-179
20
271
594
949
1259
1536
1842
2150
2357
2373
2248
2153
2212
2252
2008
1379
529
-229
-653
-942
-1516
-2495
-3618
-4534
-5107
-5424
-5780
-6335
-6971
-7439
-7629
-7515
-7233
-6915
-6647
-6386
-5998
-5337
-4396
-3353
-2436
-1687
-980
-114
979
2115
3023
3661
4177
4721
5323
5880
6224
6316
6264
6162
6017
5820
5530
5103
4562
3967
3363
2805
2302
1787
1197
570
12
-371
-564
-685
-861
-1107
-1304
-1305
-1042
-620
-253
-51
36
172
522
1095
1694
2065
2102
1905
1747
1842
2131
2288
2028
1297
342
-386
-664
-766
-1194
-2157
-3413
-4456
-4933
-4983
-5145
-5709
-6496
-7093
-7218
-6920
-6493
-6195
-6074
-5922
-5534
-4807
-3801
-2750
-1898
-1281
-695
139
1287
2487
3383
3870
4185
4638
5304
5959
6293
6262
6053
5876
5780
5657
5394
4974
4434
3818
3209
2693
2296
1914
1397
751
154
-167
-235
-293
-541
-909
-1113
-960
-599
-336
-293
-301
-145
206
630
988
1238
1373
1360
1249
1194
1375
1615
1484
756
-261
-930
-937
-812
-1385
-2721
-4047
-4649
-4586
-4562
-5176
-6180
-6848
-6864
-6601
-6468
-6487
-6411
-6094
-5629
-5191
-4668
-3831
-2817
-1989
-1443
-892
15
1253
2366
2978
3282
3755
4562
5406
5856
5867
5804
5924
6125
6128
5832
5428
5077
4755
4313
3732
3201
2802
2402
1853
1190
650
384
274
59
-340
-715
-838
-708
-524
-454
-447
-349
-122
133
329
549
883
1246
1401
1260
1057
1117
1466
1685
1316
397
-474
-720
-475
-575
-1557
-3021
-4004
-4126
-3900
-4179
-5190
-6300
-6717
-6412
-6035
-6086
-6407
-6517
-6184
-5578
-4965
-4399
-3784
-3105
-2450
-1803
-984
77
1134
1844
2233
2669
3454
4419
5100
5237
5113
5196
5587
5928
5853
5409
4953
4703
4538
4209
3684
3140
2688
2260
1742
1197
814
604
388
18
-412
-643
-573
-395
-363
-469
-477
-250
86
320
426
602
969
1312
1364
1181
1110
1348
1655
1568
921
102
-305
-217
-218
-909
-2139
-3156
-3474
-3412
-3680
-4551
-5571
-6058
-5934
-5712
-5865
-6245
-6387
-6056
-5501
-5047
-4711
-4255
-3583
-2822
-2129
-1459
-669
248
1074
1664
2164
2833
3648
4318
4633
4701
4841
5215
5577
5590
5246
4868
4706
4664
4456
3959
3346
2879
2584
2262
1801
1298
898
621
370
97
-141
-274
-324
-361
-369
-280
-105
61
127
185
424
856
1215
1225
965
816
1077
1527
1613
1018
81
-475
-342
-68
-479
-1733
-3027
-3553
-3355
-3246
-3895
-5125
-6062
-6096
-5605
-5387
-5756
-6282
-6361
-5834
-5067
-4496
-4215
-3913
-3357
-2575
-1682
-799
-35
581
1127
1744
2540
3405
4046
4300
4369
4607
5099
5549
5583
5215
4837
4760
4858
4723
4200
3518
3040
2841
2628
2166
1545
1036
759
596
364
47
-219
-341
-364
-357
-303
-182
-52
12
59
233
601
987
1115
927
731
841
1226
1439
1108
337
-323
-456
-232
-357
-1249
-2528
-3332
-3328
-3096
-3471
-4571
-5689
-6009
-5556
-5115
-5375
-6121
-6503
-6015
-5045
-4368
-4278
-4346
-3940
-2916
-1742
-961
-588
-201
523
1505
2416
3038
3408
3729
4129
4594
5027
5305
5339
5166
4972
4925
4985
4902
4462
3792
3269
3083
2997
2636
1918
1185
811
796
736
349
-201
-542
-516
-330
-262
-351
-415
-327
-144
34
253
570
850
874
673
600
935
1420
1438
778
-61
-357
-2
266
-383
-1771
-2819
-2878
-2502
-2673
-3731
-5007
-5531
-5169
-4757
-5005
-5722
-6183
-5943
-5226
-4661
-4519
-4463
-4112
-3414
-2555
-1771
-1161
-629
-34
652
1427
2231
2874
3258
3526
3895
4398
4857
5046
4907
4707
4711
4835
4808
4450
3890
3447
3263
3131
2769
2159
1562
1228
1125
959
552
77
-166
-134
-68
-175
-366
-375
-130
120
125
48
233
697
1043
930
574
548
1029
1462
1203
341
-328
-239
221
51
-1055
-2259
-2638
-2345
-2296
-3074
-4245
-4904
-4737
-4404
-4616
-5264
-5667
-5461
-4925
-4575
-4554
-4471
-4005
-3306
-2697
-2221
-1705
-1038
-317
311
852
1451
2129
2715
3100
3391
3758
4198
4517
4569
4481
4475
4574
4577
4357
3979
3645
3436
3236
2883
2393
1942
1609
1330
1006
622
261
2
-160
-297
-454
-601
-671
-617
-471
-340
-305
-306
-184
152
559
739
572
351
493
985
1305
997
219
-349
-230
237
123
-924
-2138
-2557
-2194
-1939
-2566
-3828
-4695
-4522
-3891
-3847
-4569
-5259
-5196
-4487
-3856
-3787
-3966
-3772
-3069
-2271
-1719
-1361
-914
-276
393
951
1467
2031
2583
2972
3200
3457
3860
4256
4365
4184
4017
4084
4245
4169
3733
3208
2940
2928
2811
2350
1722
1283
1170
1142
895
433
64
-30
38
36
-75
-148
-91
-9
7
74
331
658
740
492
262
485
1043
1235
637
-265
-586
-109
324
-254
-1666
-2660
-2494
-1882
-2040
-3265
-4570
-4827
-4136
-3677
-4239
-5261
-5634
-5019
-4135
-3856
-4207
-4402
-3865
-2858
-2050
-1725
-1578
-1128
-289
599
1220
1605
1962
2431
2994
3504
3856
4048
4141
4223
4343
4468
4474
4295
4006
3737
3555
3406
3137
2711
2241
1875
1634
1403
1080
687
348
157
52
-69
-230
-357
-352
-246
-181
-220
-221
-7
353
555
433
197
255
683
1027
789
68
-493
-394
44
-42
-1020
-2179
-2568
-2206
-1986
-2618
-3822
-4623
-4456
-3873
-3849
-4578
-5278
-5232
-4528
-3885
-3825
-4088
-4007
-3314
-2390
-1752
-1494
-1277
-737
108
923
1451
1746
2064
2567
3170
3664
3906
3984
4082
4280
4497
4589
4478
4253
4057
3938
3812
3569
3194
2777
2416
2128
1857
1510
1095
716
458
301
134
-120
-369
-466
-362
-229
-267
-462
-524
-227
238
409
102
-274
-153
438
788
359
-519
-980
-666
-196
-473
-1575
-2597
-2732
-2260
-2197
-3021
-4109
-4550
-4196
-3786
-3985
-4664
-5071
-4753
-4088
-3738
-3811
-3842
-3437
-2711
-2039
-1611
-1284
-783
-84
588
1123
1593
2091
2577
2994
3327
3632
3940
4162
4226
4192
4186
4230
4198
3989
3665
3373
3192
3022
2710
2272
1846
1563
1381
1146
780
402
184
124
54
-126
-332
-385
-236
-68
-85
-235
-211
136
534
592
292
76
334
852
987
419
-363
-590
-162
127
-464
-1662
-2452
-2298
-1828
-2050
-3154
-4225
-4351
-3736
-3424
-3988
-4855
-5067
-4426
-3661
-3515
-3863
-3947
-3324
-2368
-1734
-1575
-1429
-864
-6
716
1114
1387
1799
2365
2872
3166
3346
3563
3792
3912
3919
3894
3878
3824
3656
3379
3107
2912
2718
2420
2015
1623
1336
1122
864
524
204
-5
-112
-206
-371
-531
-530
-359
-216
-246
-343
-251
151
601
685
371
140
442
1068
1295
712
-196
-505
14
509
-16
-1386
-2389
-2241
-1551
-1575
-2740
-4094
-4404
-3631
-3016
-3511
-4613
-5084
-4428
-3404
-3069
-3527
-3883
-3371
-2264
-1423
-1256
-1322
-954
-52
854
1324
1468
1705
2226
2844
3258
3400
3471
3624
3811
3906
3881
3797
3693
3537
3296
3025
2811
2620
2344
1934
1496
1185
1027
869
544
116
-164
-195
-150
-255
-496
-617
-459
-182
-107
-267
-304
51
541
657
316
37
329
962
1142
462
-449
-614
12
387
-349
-1738
-2518
-2138
-1488
-1798
-3140
-4282
-4219
-3381
-3052
-3797
-4819
-4950
-4075
-3219
-3223
-3744
-3806
-3028
-1978
-1418
-1422
-1339
-677
294
958
1199
1406
1884
2520
2986
3168
3279
3537
3833
3929
3834
3759
3799
3809
3612
3255
2969
2838
2690
2354
1897
1518
1299
1119
812
415
130
13
-71
-248
-476
-597
-511
-334
-291
-406
-458
-261
105
386
379
184
129
412
798
850
444
-114
-336
-112
71
-351
-1271
-1986
-2057
-1803
-1924
-2711
-3634
-3942
-3584
-3262
-3577
-4261
-4569
-4152
-3446
-3160
-3392
-3528
-3051
-2158
-1482
-1292
-1229
-782
66
832
1183
1314
1640
2240
2819
3094
3126
3217
3509
3792
3823
3652
3510
3500
3504
3342
2998
2637
2410
2266
2046
1681
1253
897
690
569
388
99
-184
-340
-378
-360
-344
-338
-328
-312
-276
-164
106
427
526
328
123
277
772
1069
680
-158
-622
-291
256
32
-1141
-2284
-2400
-1745
-1517
-2400
-3728
-4300
-3779
-3050
-3198
-4159
-4827
-4460
-3514
-2979
-3198
-3570
-3321
-2429
-1551
-1173
-1109
-858
-209
581
1156
1480
1769
2147
2555
2921
3234
3482
3632
3656
3633
3672
3773
3773
3554
3213
2958
2840
2709
2417
1992
1597
1326
1112
847
532
254
40
-146
-306
-401
-450
-487
-505
-467
-356
-240
-182
-126
61
364
532
412
226
335
730
931
527
-223
-577
-248
112
-333
-1483
-2372
-2329
-1792
-1829
-2839
-4008
-4264
-3624
-3125
-3522
-4409
-4772
-4186
-3293
-2972
-3272
-3451
-2953
-2015
-1278
-1024
-915
-486
262
959
1399
1702
2059
2486
2864
3121
3338
3589
3773
3761
3632
3584
3665
3697
3487
3057
2668
2522
2505
2323
1846
1262
880
816
836
602
88
-371
-452
-260
-162
-356
-666
-719
-402
-65
-51
-227
-164
251
640
601
263
200
644
1077
832
10
-565
-333
210
34
-1101
-2243
-2407
-1814
-1601
-2457
-3781
-4350
-3804
-3096
-3284
-4233
-4866
-4472
-3489
-2943
-3214
-3620
-3300
-2309
-1408
-1091
-1088
-817
-61
813
1349
1560
1805
2279
2797
3139
3322
3481
3668
3791
3777
3686
3647
3661
3563
3254
2857
2581
2463
2332
2004
1491
1016
782
741
632
276
-176
-431
-391
-264
-302
-515
-648
-502
-214
-76
-139
-113
198
584
659
398
257
582
1062
1044
323
-447
-475
102
253
-680
-2021
-2568
-2091
-1589
-2100
-3471
-4462
-4217
-3334
-3143
-4001
-4929
-4860
-3898
-3087
-3143
-3646
-3617
-2734
-1655
-1131
-1126
-986
-301
649
1320
1580
1775
2220
2816
3241
3390
3481
3699
3929
3953
3783
3650
3676
3694
3459
2983
2575
2465
2460
2192
1596
1000
773
850
787
317
-279
-529
-353
-144
-283
-682
-881
-579
-85
66
-190
-360
-6
668
1010
697
202
280
966
1448
1023
-38
-693
-336
361
150
-1202
-2531
-2712
-1995
-1653
-2542
-4052
-4773
-4181
-3280
-3350
-4383
-5188
-4840
-3727
-3006
-3215
-3705
-3506
-2477
-1381
-932
-962
-755
9
956
1590
1859
2079
2513
3059
3422
3572
3720
3927
4036
3954
3789
3714
3737
3652
3306
2824
2486
2361
2244
1918
1396
908
638
533
399
126
-235
-520
-593
-526
-504
-577
-647
-606
-427
-202
-83
-47
110
436
710
721
542
501
802
1152
1004
274
-415
-411
75
88
-895
-2197
-2707
-2248
-1793
-2329
-3682
-4660
-4408
-3515
-3278
-4074
-4972
-4930
-3974
-3084
-3013
-3431
-3418
-2589
-1498
-855
-724
-556
64
942
1624
1971
2234
2645
3129
3468
3610
3735
3957
4113
4020
3771
3623
3661
3651
3319
2744
2298
2197
2196
1883
1209
583
406
540
478
-19
-611
-784
-496
-223
-382
-791
-891
-456
90
203
-92
-208
265
980
1202
774
334
538
1216
1511
880
-206
-670
-212
238
-331
-1710
-2758
-2768
-2244
-2276
-3272
-4467
-4840
-4328
-3834
-4063
-4748
-5076
-4672
-3935
-3471
-3390
-3302
-2870
-2151
-1446
-891
-375
209
804
1314
1799
2379
3015
3480
3645
3681
3870
4275
4619
4566
4152
3776
3740
3906
3849
3337
2599
2088
1996
2032
1765
1107
387
23
78
184
-52
-580
-983
-982
-706
-498
-556
-740
-724
-421
-79
87
165
344
642
850
799
653
742
1066
1206
786
-32
-596
-472
-107
-394
-1554
-2787
-3190
-2754
-2392
-2974
-4279
-5177
-4934
-4081
-3712
-4246
-5018
-5071
-4224
-3218
-2809
-2921
-2892
-2291
-1303
-447
24
356
851
1497
2108
2620
3074
3493
3819
3975
4029
4174
4431
4566
4386
3977
3645
3578
3614
3398
2799
2108
1707
1653
1619
1231
506
-143
-327
-129
-44
-400
-978
-1267
-1063
-642
-448
-592
-770
-654
-284
46
201
345
590
778
717
512
557
982
1329
995
29
-756
-671
-24
55
-1031
-2544
-3233
-2775
-2123
-2394
-3652
-4807
-4877
-4080
-3518
-3834
-4552
-4773
-4214
-3390
-2926
-2841
-2674
-2155
-1470
-896
-416
160
863
1449
1759
1982
2453
3178
3747
3839
3625
3581
3920
4328
4354
3924
3435
3265
3348
3292
2865
2263
1827
1648
1508
1182
703
301
106
18
-148
-405
-602
-634
-563
-534
-588
-611
-479
-219
-1
41
-25
34
349
730
841
563
198
166
507
779
497
-294
-1005
-1100
-733
-647
-1289
-2304
-2917
-2815
-2465
-2513
-3101
-3739
-3909
-3611
-3273
-3213
-3349
-3361
-3088
-2670
-2310
-2016
-1657
-1181
-707
-349
-43
382
966
1513
1818
1916
2041
2362
2774
3009
2956
2774
2700
2789
2864
2742
2454
2184
2055
1987
1836
1575
1318
1180
1105
975
768
587
510
499
444
301
164
130
155
139
57
-38
-85
-79
-80
-127
-183
-207
-212
-247
-314
-365
-365
-349
-383
-489
-594
-631
-607
-607
-703
-857
-975
-985
-950
-975
-1090
-1222
-1272
-1231
-1197
-1236
-1316
-1349
-1297
-1214
-1176
-1186
-1171
-1084
-955
-852
-796
-734
-627
-477
-331
-225
-138
-37
92
232
352
442
517
594
683
773
847
896
936
974
1015
1048
1071
1081
1078
1069
1061
1043
1020
991
952
912
867
816
760
707
652
595
530
458
395
343
294
236
169
103
60
28
-5
-50
-101
-135
-148
-156
-168
-194
-217
-220
-208
-201
-209
-230
-241
-235
-229
-242
-270
-300
-316
-323
-347
-386
-429
-462
-483
-509
-550
-594
-623
-635
-650
-676
-701
-712
-698
-679
-673
-667
-650
-609
-555
-509
-471
-432
-368
-292
-222
-163
-113
-52
16
87
143
186
230
282
337
378
406
431
457
487
512
523
530
536
548
555
549
538
532
530
526
516
495
481
468
456
440
420
398
381
367
347
325
299
274
256
233
201
169
139
110
83
49
12
-22
-57
-89
-127
-166
-205
-241
-273
-308
-344
-376
-408
-433
-454
-476
-491
-505
-510
-509
-507
-500
-491
-473
-453
-429
-401
-370
-335
-297
-260
-220
-181
-139
-96
-57
-19
17
52
85
118
146
171
191
207
225
238
246
251
253
256
254
250
244
236
227
220
209
199
188
176
166
154
144
135
126
116
108
99
93
86
76
70
61
50
40
32
23
13
4
-8
-19
-30
-42
-54
-65
-78
-91
-100
-112
-124
-133
-143
-150
-153
-160
-166
-168
-166
-163
-159
-154
-147
-134
-126
-112
-98
-81
-62
-43
-24
-7
12
29
46
65
81
91
104
116
124
130
133
140
136
135
134
131
127
118
110
101
93
82
73
65
58
50
44
38
28
26
22
18
13
9
8
7
5
7
4
0
-1
-4
-5
-8
-12
-14
-19
-21
-28
-34
-40
-47
-51
-60
-67
-73
-84
-94
-104
-113
-120
-129
-134
-140
-145
-150
-150
-150
-143
-139
-132
-120
-108
-94
-79
-62
-46
-28
-13
3
17
32
49
63
72
84
91
96
101
104
103
102
102
100
97
91
88
85
85
78
74
71
71
71
70
71
68
69
69
69
68
64
64
61
59
55
53
45
41
37
31
25
18
15
9
2
-4
-11
-19
-24
-32
-38
-43
-50
-55
-61
-68
-74
-78
-85
-88
-92
-98
-95
-95
-97
-98
-98
-89
-84
-79
-71
-65
-55
-44
-33
-23
-15
-6
1
8
17
22
27
30
32
35
36
39
36
32
32
30
28
24
24
24
20
15
17
16
15
17
19
18
19
19
21
23
26
26
26
29
29
31
35
34
34
34
35
36
35
36
33
29
26
22
16
13
8
2
-4
-9
-13
-19
-27
-29
-31
-34
-37
-40
-42
-42
-43
-43
-40
-38
-37
-34
-32
-29
-24
-21
-18
-12
-9
-6
0
4
5
8
11
13
13
13
14
15
12
16
14
9
9
9
6
7
3
3
2
-1
-3
-1
1
-3
-2
-3
-2
1
4
4
5
5
9
7
11
13
11
14
14
15
14
14
15
13
11
10
7
6
6
3
-1
-4
-5
-6
-7
-9
-12
-13
-13
-12
-17
-16
-16
-15
-13
-15
-12
-12
-10
-10
-8
-8
-2
-2
0
2
4
3
2
6
7
8
9
8
9
9
4
5
6
4
4
3
1
-1
-2
1
0
0
-4
-4
-2
-2
0
-1
-3
-1
1
0
0
0
1
4
4
6
3
6
3
2
4
6
8
5
6
4
2
2
1
3
1
1
0
-3
-5
-5
-2
-5
-5
-5
-6
-6
-6
-9
-8
-6
-5
-6
-5
-5
-4
-3
-1
-2
-3
-2
0
2
2
4
3
5
10
11
11
9
7
8
10
12
12
8
7
1
1
4
9
13
9
2
-5
-8
-6
-2
-2
-5
-11
-17
-21
-24
-20
-18
-15
-9
-7
-3
-6
-9
-5
-1
2
3
-1
-1
2
1
-8
-18
-19
-6
10
14
2
-8
-4
11
19
8
-8
-14
-4
7
16
16
6
-4
-8
5
28
38
18
-8
-1
47
84
59
-1
-29
15
48
28
-20
13
58
-22
-379
-695
-612
-51
549
521
56
-470
-575
-277
-3
161
262
257
-33
-763
-1391
-1232
-120
1278
1775
1168
224
-223
111
726
1233
1442
1374
922
57
-580
-484
318
1145
1210
518
-219
-512
-444
-392
-560
-668
-503
-185
-53
-353
-831
-1128
-1022
-685
-371
-250
-308
-381
-494
-635
-724
-569
-248
-30
-224
-622
-904
-1169
-1882
-3092
-3574
-2381
-50
1717
1790
637
-53
700
2343
3681
3961
3187
1896
644
-114
4
753
1335
1188
442
-160
-313
-333
-693
-1306
-1487
-794
447
1227
758
-844
-2557
-3254
-2486
-727
1045
2015
1972
1357
828
783
1197
1828
2437
2731
2486
1545
263
-695
-953
-617
-134
210
424
416
-75
-1042
-1943
-2060
-1348
-512
-357
-957
-1669
-1918
-1830
-1812
-1933
-1850
-1350
-643
-129
56
143
199
201
32
-66
132
568
844
733
519
580
862
796
268
-266
-288
170
538
634
579
385
-195
-1004
-1328
-778
169
568
234
-186
-162
-9
-210
-580
-540
199
1101
1405
839
-173
-871
-766
207
1523
2446
2445
1603
655
204
289
648
1025
1370
1548
1284
526
-541
-1471
-1909
-1680
-874
-11
326
-170
-1181
-1917
-1825
-1031
-178
205
110
-178
-389
-435
-301
20
425
676
589
211
-210
-456
-430
-218
63
256
162
-301
-949
-1332
-1210
-722
-254
-76
-147
-310
-426
-427
-292
-15
314
608
824
917
834
630
495
613
954
1285
1330
1007
525
219
228
449
678
769
719
607
463
258
-13
-301
-508
-506
-281
31
190
64
-258
-597
-801
-809
-620
-327
-65
28
-119
-462
-857
-1170
-1321
-1302
-1176
-1022
-907
-853
-880
-1017
-1254
-1511
-1659
-1593
-1331
-990
-723
-601
-595
-607
-557
-415
-197
67
379
734
1100
1397
1559
1593
1585
1639
1803
2021
2177
2221
2164
2072
1992
1899
1756
1549
1329
1182
1141
1195
1275
1303
1267
1200
1151
1141
1142
1125
1062
939
797
666
578
552
577
598
549
360
42
-325
-643
-888
-1130
-1512
-2144
-2989
-3880
-4616
-5085
-5292
-5339
-5339
-5345
-5380
-5403
-5359
-5173
-4773
-4142
-3335
-2473
-1668
-979
-382
207
859
1569
2303
2999
3606
4080
4397
4552
4548
4420
4215
3976
3721
3428
3080
2657
2182
1693
1236
844
520
265
80
-32
-76
-68
-23
39
111
220
389
631
933
1275
1627
1943
2196
2371
2456
2456
2397
2298
2175
2020
1832
1593
1308
1005
736
571
486
380
88
-553
-1616
-2989
-4402
-5559
-6292
-6604
-6613
-6478
-6333
-6273
-6331
-6444
-6483
-6294
-5781
-4936
-3845
-2665
-1544
-573
232
909
1513
2091
2674
3274
3875
4412
4798
4987
4955
4720
4335
3870
3387
2919
2491
2110
1771
1454
1116
727
318
-55
-332
-476
-483
-371
-176
85
382
696
1000
1264
1456
1561
1602
1607
1611
1656
1753
1891
2013
2052
1959
1730
1416
1077
790
587
459
385
353
362
410
439
347
26
-613
-1590
-2795
-4023
-5048
-5740
-6076
-6124
-6017
-5884
-5834
-5896
-6010
-6066
-5942
-5557
-4892
-3988
-2946
-1870
-854
54
828
1484
2068
2628
3206
3792
4356
4829
5148
5264
5150
4834
4372
3831
3278
2760
2321
1949
1614
1293
951
594
243
-66
-285
-368
-306
-115
164
469
743
950
1077
1156
1236
1346
1507
1711
1941
2154
2308
2363
2294
2112
1846
1526
1193
880
612
415
309
310
388
478
467
244
-318
-1262
-2504
-3870
-5145
-6172
-6836
-7120
-7093
-6886
-6616
-6405
-6286
-6244
-6176
-5973
-5532
-4806
-3814
-2612
-1315
-42
1073
1974
2654
3144
3522
3862
4218
4595
4954
5221
5335
5245
4922
4390
3716
2973
2253
1628
1143
799
572
419
312
219
129
54
17
51
179
414
742
1130
1517
1853
2091
2199
2166
2018
1804
1580
1386
1243
1157
1110
1067
1002
890
726
519
292
85
-61
-108
-50
102
309
461
443
125
-560
-1582
-2805
-4071
-5215
-6089
-6595
-6750
-6612
-6289
-5936
-5668
-5531
-5487
-5450
-5298
-4947
-4308
-3383
-2230
-954
313
1443
2350
3004
3438
3726
3942
4144
4371
4609
4812
4922
4868
4613
4142
3495
2744
1990
1309
770
415
236
206
264
356
442
485
492
498
543
661
865
1160
1501
1840
2112
2272
2290
2164
1924
1631
1350
1124
981
917
916
931
911
829
678
470
259
90
3
6
66
94
-20
-390
-1101
-2138
-3361
-4652
-5827
-6758
-7295
-7467
-7236
-6806
-6228
-5741
-5374
-5058
-4945
-4671
-4336
-3758
-2884
-1781
-504
881
2134
3171
3992
4447
4678
4727
4637
4554
4491
4460
4446
4415
4222
3896
3387
2696
1942
1163
488
-23
-294
-365
-200
76
390
703
925
1063
1118
1139
1155
1235
1367
1557
1779
1954
2033
1974
1762
1411
980
537
153
-103
-219
-198
-75
70
182
225
199
128
56
22
69
166
250
214
-51
-642
-1554
-2697
-3962
-5199
-6240
-6948
-7264
-7172
-6773
-6182
-5556
-5012
-4600
-4308
-4068
-3798
-3383
-2737
-1834
-688
612
1940
3161
4151
4842
5218
5304
5168
4911
4615
4351
4139
3966
3787
3544
3188
2703
2093
1399
692
52
-431
-711
-751
-575
-233
204
647
1026
1290
1417
1423
1358
1260
1187
1180
1241
1357
1490
1591
1621
1554
1382
1124
814
480
163
-105
-309
-429
-449
-362
-174
87
385
671
858
845
550
-98
-1089
-2320
-3655
-4953
-6075
-6872
-7278
-7293
-6980
-6445
-5847
-5298
-4861
-4540
-4297
-4048
-3697
-3158
-2370
-1335
-102
1223
2514
3641
4518
5093
5357
5342
5135
4824
4485
4176
3928
3719
3503
3241
2889
2426
1851
1206
558
-13
-440
-664
-669
-472
-121
321
771
1170
1464
1636
1696
1667
1592
1502
1426
1364
1318
1265
1187
1072
908
712
491
271
63
-117
-263
-367
-423
-425
-357
-224
-35
185
396
535
517
280
-260
-1087
-2124
-3272
-4442
-5495
-6291
-6791
-6951
-6795
-6404
-5886
-5317
-4779
-4301
-3870
-3459
-3025
-2495
-1816
-995
-23
1052
2140
3157
4046
4730
5164
5355
5317
5078
4720
4303
3862
3439
3055
2698
2352
2011
1642
1244
827
416
45
-240
-401
-419
-291
-26
345
767
1191
1569
1849
2002
2028
1938
1756
1509
1252
1020
836
716
657
639
641
627
573
470
316
135
-33
-150
-174
-92
85
311
509
591
458
9
-789
-1874
-3158
-4530
-5831
-6905
-7648
-7988
-7912
-7474
-6804
-6012
-5204
-4481
-3878
-3382
-2959
-2531
-2014
-1342
-476
569
1734
2927
4050
4994
5668
6025
6052
5781
5281
4651
3976
3332
2782
2343
2012
1773
1572
1368
1141
869
569
272
18
-151
-194
-87
163
537
991
1460
1880
2202
2384
2400
2258
1980
1608
1185
768
400
114
-80
-188
-223
-208
-186
-191
-216
-280
-355
-392
-354
-241
-36
251
572
836
963
866
443
-349
-1446
-2750
-4158
-5534
-6687
-7505
-7924
-7904
-7486
-6796
-5952
-5057
-4234
-3546
-3002
-2578
-2216
-1811
-1282
-586
311
1375
2527
3680
4731
5560
6087
6275
6125
5679
5016
4240
3437
2693
2071
1593
1261
1047
895
770
638
474
290
114
-25
-93
-40
141
449
863
1332
1799
2198
2487
2613
2567
2360
2009
1573
1099
637
239
-62
-249
-343
-350
-313
-263
-225
-212
-218
-224
-191
-111
32
222
422
560
561
334
-192
-1024
-2099
-3340
-4653
-5875
-6883
-7568
-7863
-7753
-7299
-6597
-5733
-4824
-3968
-3211
-2586
-2078
-1620
-1147
-601
72
897
1843
2857
3878
4799
5525
5991
6148
5983
5536
4871
4061
3201
2385
1673
1112
722
490
378
355
370
387
391
371
332
293
301
372
515
752
1063
1421
1787
2110
2338
2436
2385
2175
1829
1389
900
423
6
-311
-512
-591
-566
-473
-337
-183
-26
128
282
432
586
712
779
747
556
136
-551
-1457
-2547
-3744
-4969
-6068
-6956
-7552
-7793
-7668
-7243
-6586
-5766
-4882
-4015
-3216
-2512
-1910
-1355
-802
-205
467
1246
2114
3028
3939
4770
5427
5849
6002
5854
5437
4798
4005
3142
2300
1546
941
508
240
118
111
171
258
341
405
450
490
549
646
799
1025
1308
1619
1933
2202
2382
2437
2343
2102
1724
1253
742
236
-215
-568
-803
-910
-908
-819
-675
-502
-329
-156
12
163
306
427
497
484
346
24
-532
-1308
-2253
-3331
-4469
-5546
-6456
-7127
-7476
-7469
-7141
-6550
-5752
-4830
-3890
-2992
-2181
-1481
-873
-315
234
816
1461
2182
2956
3751
4506
5149
5616
5852
5828
5543
5026
4316
3489
2619
1779
1036
442
15
-240
-340
-314
-198
-31
152
332
494
633
766
900
1051
1220
1408
1599
1769
1896
1951
1906
1756
1501
1154
750
320
-86
-435
-696
-850
-898
-844
-715
-533
-318
-89
144
361
559
727
836
864
781
542
104
-557
-1413
-2419
-3532
-4673
-5723
-6598
-7228
-7537
-7494
-7146
-6531
-5704
-4756
-3785
-2850
-1993
-1248
-605
-25
528
1078
1673
2319
3004
3699
4361
4929
5344
5557
5543
5279
4793
4126
3326
2464
1617
850
217
-241
-508
-596
-521
-318
-34
289
605
891
1126
1312
1446
1542
1624
1694
1758
1814
1851
1851
1793
1672
1468
1187
840
449
45
-339
-668
-920
-1074
-1128
-1083
-951
-744
-481
-183
136
451
730
941
1046
1008
783
331
-362
-1261
-2316
-3467
-4645
-5728
-6619
-7251
-7569
-7541
-7191
-6586
-5782
-4843
-3870
-2935
-2063
-1288
-611
-3
582
1161
1761
2405
3079
3755
4390
4939
5342
5550
5544
5308
4850
4213
3437
2590
1743
966
315
-180
-489
-614
-577
-406
-141
169
487
777
1028
1227
1379
1493
1578
1653
1718
1769
1803
1802
1742
1606
1390
1089
716
304
-123
-531
-881
-1143
-1299
-1350
-1291
-1137
-903
-601
-262
100
463
798
1076
1256
1299
1165
813
213
-627
-1648
-2800
-4025
-5200
-6210
-6994
-7481
-7608
-7382
-6865
-6099
-5155
-4139
-3136
-2197
-1362
-657
-53
475
971
1475
2017
2603
3227
3878
4482
4989
5361
5539
5480
5186
4684
3993
3167
2292
1438
665
32
-417
-670
-736
-628
-384
-53
321
697
1039
1330
1548
1697
1783
1823
1824
1793
1743
1667
1557
1408
1212
958
648
294
-84
-466
-818
-1116
-1345
-1472
-1498
-1426
-1258
-1010
-695
-332
52
429
762
1020
1159
1132
909
458
-238
-1141
-2186
-3336
-4501
-5564
-6441
-7068
-7384
-7354
-7013
-6404
-5572
-4604
-3592
-2594
-1664
-840
-130
486
1036
1550
2063
2591
3143
3716
4275
4773
5172
5419
5470
5310
4942
4378
3651
2825
1968
1146
417
-163
-566
-778
-803
-661
-396
-55
324
697
1035
1306
1511
1639
1711
1730
1706
1661
1591
1500
1384
1238
1052
821
549
239
-97
-437
-761
-1048
-1271
-1413
-1466
-1419
-1275
-1039
-723
-344
74
493
883
1195
1383
1397
1203
757
43
-897
-2003
-3219
-4462
-5601
-6548
-7233
-7587
-7577
-7234
-6608
-5749
-4749
-3702
-2677
-1723
-895
-189
417
947
1434
1923
2428
2955
3513
4069
4571
4982
5266
5370
5266
4966
4474
3814
3037
2212
1393
635
6
-470
-766
-874
-805
-593
-270
118
519
904
1233
1491
1664
1757
1781
1746
1673
1580
1466
1334
1184
1014
816
581
314
22
-282
-579
-847
-1063
-1211
-1278
-1258
-1150
-963
-704
-387
-35
329
676
972
1176
1248
1156
864
338
-410
-1332
-2387
-3521
-4631
-5615
-6412
-6956
-7180
-7082
-6699
-6064
-5226
-4276
-3290
-2315
-1408
-614
79
676
1199
1673
2128
2577
3032
3501
3946
4340
4654
4849
4887
4751
4444
3971
3356
2650
1907
1174
510
-39
-441
-680
-748
-665
-456
-157
185
547
888
1183
1411
1574
1674
1715
1704
1655
1579
1466
1326
1160
953
717
452
167
-131
-418
-671
-880
-1029
-1107
-1105
-1026
-865
-641
-356
-24
328
676
981
1208
1306
1231
943
418
-344
-1297
-2389
-3566
-4725
-5758
-6592
-7167
-7417
-7323
-6931
-6282
-5412
-4415
-3385
-2373
-1426
-596
121
736
1267
1745
2197
2653
3121
3599
4062
4481
4826
5052
5119
5009
4715
4235
3600
2852
2046
1239
489
-151
-636
-937
-1054
-989
-767
-430
-14
432
864
1249
1561
1784
1914
1953
1914
1815
1670
1488
1281
1064
842
603
356
112
-146
-408
-652
-881
-1079
-1234
-1329
-1358
-1307
-1174
-961
-672
-325
55
448
810
1090
1249
1252
1055
613
-49
-906
-1916
-3026
-4143
-5166
-6035
-6670
-7007
-7023
-6745
-6191
-5410
-4476
-3476
-2460
-1497
-638
96
718
1238
1677
2071
2443
2827
3226
3629
4014
4354
4611
4743
4729
4549
4198
3686
3052
2342
1596
880
248
-265
-628
-821
-839
-708
-453
-110
284
687
1061
1382
1634
1806
1898
1916
1873
1774
1630
1453
1241
1005
749
474
188
-99
-377
-632
-854
-1031
-1149
-1204
-1192
-1108
-955
-739
-476
-172
144
452
717
911
993
931
703
272
-359
-1146
-2051
-3043
-4043
-4951
-5713
-6281
-6584
-6603
-6362
-5889
-5206
-4380
-3485
-2573
-1689
-884
-168
453
992
1460
1886
2280
2664
3049
3421
3766
4063
4285
4395
4376
4218
3910
3467
2911
2283
1618
969
388
-91
-438
-632
-673
-571
-353
-45
314
695
1066
1387
1647
1832
1938
1965
1923
1822
1665
1472
1249
1001
732
456
182
-85
-340
-570
-767
-926
-1040
-1103
-1107
-1051
-941
-764
-531
-250
57
377
678
924
1082
1108
974
645
100
-637
-1522
-2522
-3579
-4592
-5491
-6210
-6687
-6861
-6746
-6365
-5736
-4910
-3976
-3000
-2031
-1129
-327
362
949
1443
1868
2255
2621
2989
3354
3699
4009
4266
4428
4467
4373
4133
3739
3222
2613
1952
1274
637
92
-344
-637
-772
-751
-600
-335
9
394
784
1147
1449
1682
1834
1896
1883
1804
1663
1482
1273
1043
794
533
271
15
-247
-494
-714
-911
-1074
-1190
-1252
-1258
-1200
-1081
-895
-648
-353
-27
312
629
897
1077
1135
1038
746
251
-423
-1241
-2178
-3175
-4137
-4999
-5701
-6182
-6387
-6323
-6007
-5451
-4705
-3841
-2925
-2006
-1140
-365
307
874
1345
1740
2085
2402
2717
3024
3318
3596
3832
3994
4059
4012
3831
3516
3080
2554
1962
1343
750
225
-202
-499
-650
-656
-533
-301
16
375
741
1086
1380
1609
1762
1834
1834
1771
1653
1486
1294
1079
843
595
346
99
-144
-375
-583
-764
-905
-1005
-1054
-1051
-988
-871
-701
-483
-229
49
330
589
798
928
955
846
578
137
-459
-1189
-2020
-2907
-3781
-4581
-5252
-5740
-5990
-6005
-5789
-5355
-4735
-3987
-3170
-2329
-1519
-771
-106
467
951
1363
1718
2040
2351
2660
2959
3244
3500
3700
3821
3841
3745
3525
3180
2739
2224
1657
1093
568
117
-229
-450
-535
-490
-332
-81
237
581
921
1234
1496
1685
1801
1836
1800
1703
1552
1361
1146
914
676
442
220
14
-175
-340
-483
-595
-679
-732
-754
-746
-703
-618
-495
-345
-166
30
227
400
524
575
526
344
8
-482
-1098
-1825
-2630
-3456
-4226
-4895
-5431
-5752
-5836
-5706
-5357
-4800
-4095
-3300
-2460
-1620
-837
-138
472
987
1406
1752
2049
2313
2560
2797
3022
3226
3395
3507
3543
3493
3340
3078
2729
2306
1833
1338
858
432
77
-180
-324
-357
-286
-123
111
388
683
971
1228
1442
1596
1679
1701
1657
1556
1404
1213
997
753
504
254
12
-216
-421
-590
-729
-826
-881
-892
-862
-797
-693
-553
-390
-210
-13
179
358
501
592
609
538
355
40
-405
-956
-1589
-2289
-3006
-3686
-4290
-4774
-5090
-5220
-5166
-4922
-4505
-3958
-3316
-2619
-1912
-1225
-588
-15
484
914
1281
1603
1893
2162
2413
2649
2867
3046
3177
3246
3241
3145
2953
2678
2333
1929
1494
1064
659
313
49
-121
-191
-157
-32
164
419
703
987
1257
1495
1673
1787
1837
1824
1743
1607
1429
1215
976
729
483
239
16
-183
-356
-500
-610
-680
-715
-715
-681
-615
-519
-400
-266
-118
32
172
283
353
364
292
122
-159
-558
-1063
-1654
-2306
-2991
-3657
-4258
-4756
-5113
-5295
-5298
-5127
-4786
-4299
-3711
-3053
-2359
-1672
-1018
-410
143
627
1051
1435
1779
2096
2394
2667
2911
3124
3287
3385
3405
3340
3183
2938
2621
2246
1839
1421
1031
689
412
224
131
125
206
357
558
781
1009
1220
1391
1518
1593
1612
1579
1499
1384
1242
1078
902
721
536
357
181
4
-160
-319
-458
-580
-675
-733
-760
-745
-681
-576
-431
-251
-54
145
330
474
559
562
460
241
-105
-567
-1134
-1781
-2475
-3169
-3826
-4397
-4839
-5126
-5239
-5172
-4936
-4543
-4024
-3428
-2779
-2124
-1496
-909
-383
78
475
819
1127
1412
1682
1951
2213
2461
2691
2886
3026
3089
3075
2970
2780
2511
2180
1811
1429
1067
739
480
301
213
220
312
476
693
941
1198
1438
1640
1791
1881
1902
1862
1756
1598
1402
1176
934
691
458
245
54
-105
-235
-335
-401
-442
-461
-460
-442
-414
-370
-314
-251
-179
-94
-9
74
147
185
182
121
-12
-233
-552
-958
-1449
-1995
-2577
-3168
-3715
-4186
-4554
-4784
-4860
-4789
-4568
-4207
-3732
-3180
-2584
-1968
-1368
-806
-294
160
551
892
1188
1446
1681
1897
2096
2275
2430
2552
2624
2645
2600
2483
2305
2070
1791
1490
1185
909
677
506
408
392
456
588
779
1002
1243
1476
1677
1830
1927
1965
1939
1855
1723
1554
1359
1154
946
748
561
386
224
83
-50
-172
-283
-382
-465
-536
-582
-600
-583
-534
-447
-330
-190
-41
96
208
269
264
171
-14
-296
-680
-1146
-1669
-2231
-2804
-3341
-3808
-4192
-4457
-4581
-4574
-4437
-4168
-3795
-3347
-2843
-2311
-1783
-1279
-797
-361
27
380
695
976
1230
1475
1697
1897
2075
2226
2336
2399
2414
2369
2270
2122
1932
1716
1492
1274
1081
922
814
764
770
835
956
1110
1290
1478
1659
1819
1944
2021
2043
2009
1922
1783
1606
1397
1169
930
694
473
269
90
-62
-186
-288
-370
-435
-489
-529
-563
-588
-601
-598
-582
-549
-505
-454
-402
-358
-340
-364
-440
-580
-795
-1090
-1453
-1867
-2322
-2791
-3235
-3633
-3956
-4175
-4272
-4246
-4096
-3823
-3448
-3004
-2509
-1987
-1466
-972
-513
-94
276
601
892
1148
1382
1599
1793
1974
2134
2263
2359
2420
2433
2394
2306
2179
2018
1826
1629
1435
1254
1102
995
929
918
953
1032
1143
1279
1424
1568
1694
1792
1847
1858
1823
1736
1602
1427
1225
999
762
522
294
83
-104
-260
-384
-479
-549
-595
-622
-636
-642
-637
-635
-632
-628
-623
-621
-625
-637
-658
-698
-764
-860
-996
-1175
-1401
-1670
-1970
-2294
-2627
-2947
-3234
-3465
-3628
-3706
-3683
-3563
-3352
-3049
-2674
-2246
-1789
-1310
-839
-394
25
408
746
1038
1291
1508
1692
1852
1986
2100
2195
2268
2316
2335
2330
2294
2225
2130
2012
1877
1732
1589
1452
1334
1240
1175
1141
1136
1156
1194
1246
1294
1340
1368
1367
1344
1288
1207
1098
966
814
653
484
311
143
-17
-167
-302
-419
-521
-603
-665
-709
-737
-751
-751
-736
-719
-701
-682
-672
-672
-690
-729
-791
-881
-1002
-1152
-1330
-1534
-1761
-2000
-2239
-2473
-2690
-2879
-3022
-3113
-3146
-3108
-3000
-2829
-2595
-2298
-1960
-1595
-1209
-806
-410
-35
330
667
971
1245
1489
1696
1867
2006
2112
2188
2237
2262
2260
2240
2206
2153
2088
2014
1934
1849
1759
1670
1579
1493
1412
1337
1270
1212
1169
1129
1097
1072
1048
1023
990
949
897
834
753
660
554
435
308
181
50
-78
-201
-310
-408
-497
-568
-629
-677
-721
-757
-788
-821
-849
-880
-917
-956
-1000
-1052
-1113
-1184
-1263
-1356
-1459
-1571
-1695
-1825
-1956
-2090
-2216
-2331
-2423
-2486
-2522
-2515
-2465
-2370
-2233
-2056
-1836
-1584
-1318
-1033
-744
-459
-180
86
335
562
775
967
1141
1301
1446
1579
1700
1815
1916
2005
2078
2139
2183
2212
2223
2216
2198
2165
2117
2055
1987
1917
1842
1768
1695
1627
1560
1499
1441
1388
1335
1284
1229
1166
1098
1018
927
820
705
574
431
280
121
-36
-195
-347
-497
-633
-767
-894
-1011
-1128
-1246
-1367
-1490
-1625
-1767
-1923
-2089
-2265
-2446
-2630
-2804
-2965
-3105
-3221
-3301
-3337
-3332
-3277
-3171
-3010
-2798
-2544
-2246
-1917
-1569
-1208
-841
-484
-138
189
492
767
1012
1229
1421
1587
1729
1851
1956
2052
2135
2208
2275
2327
2369
2396
2410
2409
2388
2352
2305
2238
2157
2069
1972
1863
1757
1644
1529
1413
1297
1180
1061
946
827
710
594
476
358
245
134
25
-86
-190
-295
-400
-499
-594
-685
-772
-850
-921
-979
-1027
-1064
-1091
-1113
-1130
-1138
-1150
-1158
-1177
-1210
-1254
-1318
-1396
-1484
-1581
-1684
-1783
-1875
-1954
-2015
-2048
-2054
-2030
-1972
-1880
-1752
-1592
-1405
-1202
-984
-760
-536
-320
-112
78
252
408
538
652
750
835
902
962
1020
1069
1121
1174
1222
1274
1324
1370
1415
1457
1491
1516
1537
1550
1558
1559
1555
1552
1538
1527
1517
1502
1491
1476
1461
1435
1402
1356
1291
1208
1109
993
854
702
538
358
177
-8
-183
-349
-498
-631
-738
-821
-883
-919
-946
-953
-951
-941
-934
-936
-943
-970
-1012
-1078
-1166
-1274
-1396
-1532
-1675
-1814
-1947
-2068
-2171
-2249
-2296
-2313
-2294
-2236
-2143
-2018
-1858
-1671
-1461
-1236
-993
-742
-490
-241
3
234
444
637
804
951
1070
1167
1247
1310
1356
1386
1414
1437
1458
1479
1500
1526
1550
1575
1602
1626
1644
1656
1661
1656
1636
1610
1570
1522
1464
1396
1321
1237
1150
1058
966
868
770
673
577
476
379
280
182
88
-7
-93
-176
-254
-325
-395
-458
-518
-575
-632
-688
-755
-830
-912
-1011
-1123
-1251
-1389
-1535
-1687
-1841
-1992
-2131
-2256
-2355
-2425
-2461
-2464
-2422
-2340
-2224
-2071
-1888
-1676
-1452
-1215
-971
-728
-493
-270
-64
127
301
449
579
695
793
885
968
1043
1113
1183
1251
1320
1387
1454
1516
1573
1625
1666
1702
1727
1740
1743
1736
1719
1691
1657
1617
1570
1516
1459
1394
1327
1256
1180
1099
1007
912
811
699
580
456
330
203
77
-43
-161
-268
-362
-450
-526
-595
-657
-716
-774
-838
-908
-991
-1085
-1192
-1315
-1452
-1599
-1751
-1904
-2052
-2184
-2299
-2386
-2439
-2457
-2435
-2373
-2265
-2122
-1945
-1739
-1514
-1271
-1022
-773
-535
-304
-89
104
277
427
560
670
763
843
910
969
1026
1079
1131
1186
1236
1289
1341
1392
1439
1483
1519
1547
1568
1580
1582
1572
1554
1528
1496
1453
1409
1358
1303
1244
1179
1108
1036
956
874
787
692
597
495
392
283
179
77
-22
-113
-201
-281
-356
-423
-489
-552
-613
-680
-753
-831
-921
-1019
-1126
-1244
-1368
-1493
-1625
-1750
-1866
-1968
-2053
-2114
-2149
-2154
-2129
-2069
-1979
-1858
-1708
-1539
-1349
-1149
-940
-733
-531
-334
-151
18
172
307
427
531
622
703
776
843
901
957
1009
1060
1111
1161
1208
1254
1296
1335
1369
1394
1419
1431
1434
1431
1418
1395
1366
1331
1286
1238
1184
1124
1064
997
926
853
779
700
615
533
444
358
272
186
106
26
-49
-118
-182
-245
-307
-367
-431
-498
-574
-658
-754
-855
-970
-1093
-1221
-1346
-1473
-1593
-1703
-1801
-1881
-1939
-1971
-1979
-1961
-1916
-1844
-1745
-1623
-1483
-1323
-1154
-974
-788
-607
-428
-253
-88
68
209
336
451
553
643
721
788
847
902
952
999
1042
1084
1120
1159
1194
1224
1249
1269
1283
1289
1289
1283
1268
1246
1216
1181
1136
1085
1032
975
918
853
787
722
656
587
517
449
382
314
250
183
118
55
-5
-67
-126
-183
-242
-301
-362
-426
-494
-569
-649
-735
-827
-925
-1030
-1135
-1238
-1338
-1434
-1522
-1599
-1664
-1708
-1733
-1742
-1726
-1689
-1628
-1553
-1454
-1333
-1199
-1050
-893
-726
-559
-392
-225
-67
84
223
350
470
573
663
745
814
876
925
973
1010
1047
1076
1104
1127
1146
1163
1178
1187
1190
1190
1185
1172
1154
1131
1101
1066
1026
982
934
882
823
768
707
643
578
516
452
382
313
246
178
110
45
-18
-78
-141
-202
-261
-319
-379
-436
-495
-555
-614
-675
-741
-807
-872
-945
-1015
-1089
-1156
-1221
-1282
-1334
-1376
-1409
-1430
-1437
-1427
-1405
-1369
-1312
-1246
-1166
-1071
-967
-853
-733
-602
-471
-340
-208
-80
45
164
271
376
471
556
634
704
766
821
869
908
948
979
1010
1036
1059
1076
1090
1100
1106
1107
1101
1091
1076
1058
1029
998
962
919
874
821
767
712
656
596
534
474
414
351
290
229
167
107
49
-11
-68
-123
-177
-231
-284
-334
-386
-438
-492
-545
-600
-658
-715
-775
-834
-895
-957
-1017
-1080
-1133
-1181
-1226
-1260
-1288
-1305
-1307
-1298
-1273
-1236
-1183
-1117
-1040
-949
-849
-740
-625
-508
-387
-267
-145
-29
85
192
290
386
469
542
614
673
728
777
817
850
880
904
927
945
956
968
975
981
981
979
969
962
951
933
912
887
861
831
794
755
714
670
626
576
528
479
425
372
317
263
208
151
96
34
-26
-81
-142
-205
-269
-335
-400
-467
-532
-600
-670
-738
-802
-868
-930
-986
-1037
-1082
-1125
-1154
-1176
-1189
-1193
-1184
-1169
-1141
-1104
-1058
-1005
-940
-863
-784
-700
-610
-516
-422
-327
-233
-141
-45
46
135
225
307
387
458
526
585
640
688
733
769
796
822
839
852
859
858
857
852
841
826
808
788
766
745
720
696
670
645
623
597
572
545
521
495
468
441
415
382
350
315
276
233
187
141
92
42
-13
-70
-129
-193
-259
-325
-392
-459
-524
-590
-655
-716
-777
-833
-884
-929
-968
-999
-1022
-1037
-1050
-1050
-1038
-1022
-993
-956
-910
-859
-798
-732
-663
-587
-506
-426
-343
-263
-187
-105
-30
44
111
174
236
290
344
391
438
480
518
548
578
605
630
649
665
683
694
707
718
719
719
719
713
704
695
680
664
645
625
603
578
555
525
500
471
441
411
380
349
317
284
245
208
169
132
92
47
5
-41
-88
-136
-184
-233
-287
-338
-386
-436
-485
-534
-578
-620
-660
-695
-727
-753
-774
-791
-804
-810
-811
-806
-794
-779
-758
-730
-700
-664
-623
-581
-532
-482
-430
-378
-322
-266
-212
-156
-103
-49
3
55
106
154
203
246
290
327
363
398
429
457
482
504
524
543
558
571
583
593
599
601
602
603
597
592
583
573
563
549
534
517
499
479
460
437
413
391
367
340
313
282
254
221
186
154
114
73
34
-7
-49
-90
-137
-182
-231
-278
-321
-363
-402
-441
-480
-515
-549
-580
-603
-627
-646
-663
-677
-683
-689
-689
-685
-675
-662
-642
-622
-596
-562
-528
-490
-446
-403
-359
-311
-262
-214
-166
-116
-69
-22
27
70
115
155
194
230
263
295
321
345
369
387
404
419
430
441
446
452
457
459
462
461
460
459
453
450
450
443
438
430
420
415
403
397
388
374
363
349
335
316
298
278
258
234
207
180
151
120
86
52
10
-27
-64
-103
-142
-181
-226
-269
-308
-347
-384
-419
-453
-482
-511
-539
-558
-578
-591
-600
-607
-611
-607
-604
-596
-583
-567
-546
-522
-495
-464
-432
-393
-356
-320
-277
-236
-194
-153
-109
-69
-28
14
51
88
125
158
189
217
244
272
294
318
338
356
368
383
394
407
418
425
436
441
446
449
448
446
442
440
431
422
416
404
392
379
364
346
327
311
294
275
252
231
208
183
158
129
98
72
45
16
-14
-46
-77
-109
-138
-169
-196
-223
-251
-275
-304
-327
-350
-371
-391
-405
-421
-432
-442
-453
-458
-459
-459
-457
-454
-446
-434
-415
-397
-380
-361
-343
-313
-288
-263
-233
-208
-180
-149
-123
-97
-72
-48
-20
2
27
52
75
95
116
135
152
170
185
197
211
225
238
248
253
259
268
275
280
279
282
282
281
280
277
269
266
263
256
252
243
238
232
226
219
205
194
185
173
162
145
131
119
103
86
68
48
31
12
-6
-26
-45
-61
-78
-96
-112
-129
-139
-153
-167
-179
-191
-195
-202
-206
-212
-213
-211
-211
-209
-204
-199
-195
-187
-184
-178
-171
-158
-146
-137
-126
-116
-107
-98
-85
-77
-67
-57
-48
-39
-29
-21
-11
-1
7
16
25
31
40
48
56
60
64
72
78
79
85
90
91
96
94
98
99
102
103
98
96
96
94
94
93
89
89
87
86
82
76
73
70
69
64
60
54
49
41
36
31
23
19
11
6
2
-4
-12
-15
-21
-25
-29
-35
-40
-45
-48
-51
-53
-58
-58
-61
-61
-60
-58
-58
-59
-55
-55
-53
-54
-51
-47
-44
-41
-39
-35
-32
-26
-23
-18
-15
-9
-7
-4
-3
-3
4
7
8
9
12
15
15
17
19
21
21
22
21
24
23
24
24
25
26
25
27
23
23
22
23
22
20
18
18
17
15
16
16
17
14
13
13
9
9
9
7
5
7
4
5
0
-1
1
-3
-7
-9
-8
-9
-8
-11
-11
-10
-11
-11
-12
-11
-10
-8
-8
-10
-10
-9
-7
-8
-7
-9
-8
-5
-6
-8
-7
-6
-6
-4
-6
-4
-1
-1
0
-1
2
5
5
4
3
5
3
7
8
6
3
2
3
4
3
2
5
5
4
4
4
5
6
3
4
2
2
2
1
3
1
3
4
2
2
1
0
2
2
-1
0
-2
0
-1
-1
0
1
-2
-1
0
0
2
1
1
-1
0
2
1
-1
-2
-2
-2
-1
-2
-1
1
-2
-1
0
-1
-1
-1
-2
-3
-3
-2
-3
-4
-6
-4
-3
-3
-5
-4
-4
-3
-4
-4
-3
-2
-3
-2
-2
-2
-2
-2
1
0
1
0
-1
-1
0
2
3
4
1
2
0
-1
1
0
2
3
2
4
3
3
2
1
0
1
1
3
5
3
3
5
5
7
7
7
8
9
10
11
12
12
14
17
15
19
23
23
27
27
28
33
32
33
35
31
34
31
27
26
21
19
14
8
2
-4
-14
-27
-34
-44
-54
-63
-79
-94
-101
-114
-122
-133
-151
-155
-163
-165
-168
-182
-185
-183
-177
-170
-172
-172
-157
-147
-133
-123
-116
-98
-80
-63
-48
-33
-17
1
16
32
49
61
72
84
94
104
116
120
126
132
139
149
156
159
164
171
185
200
213
229
239
260
289
305
326
345
366
392
408
423
435
443
454
460
453
445
432
418
404
370
341
304
265
229
184
136
86
36
-18
-70
-122
-174
-224
-274
-320
-368
-409
-447
-480
-517
-545
-566
-586
-598
-619
-632
-635
-634
-628
-627
-624
-611
-595
-576
-554
-541
-515
-485
-457
-424
-400
-367
-328
-291
-249
-211
-174
-132
-85
-44
-4
37
77
115
155
194
233
266
298
330
357
385
412
430
447
462
476
489
494
499
500
500
485
474
471
458
451
434
410
400
384
368
349
323
305
291
271
252
227
203
189
168
150
128
103
83
62
41
19
-5
-22
-42
-63
-83
-101
-113
-132
-144
-160
-173
-181
-194
-204
-211
-219
-219
-222
-224
-226
-230
-224
-219
-216
-214
-210
-204
-194
-187
-183
-179
-171
-158
-150
-145
-138
-127
-114
-103
-98
-90
-81
-70
-59
-49
-40
-33
-26
-17
-10
-3
4
11
13
16
22
24
30
33
36
40
42
45
48
50
51
53
56
59
57
56
58
59
59
58
57
59
57
56
57
53
49
48
46
44
41
38
37
35
34
31
28
27
27
27
23
21
17
16
15
16
14
12
9
10
8
6
5
3
2
-2
-4
-6
-8
-10
-13
-14
-13
-18
-20
-22
-25
-24
-24
-29
-28
-27
-28
-29
-29
-30
-28
