1
-1
2
-4
0
-1
1
2
3
3
2
3
1
2
1
1
1
2
0
4
3
3
1
2
4
2
2
2
-1
-2
-3
0
1
2
2
0
0
0
0
-1
-3
-1
-1
-1
1
-1
-1
0
-2
-1
-4
-2
-2
-2
-3
-2
-9
-10
0
-12
-8
-3
-3
-7
-8
-10
-7
-10
-14
4
11
1
8
19
16
7
9
17
13
9
13
14
12
6
6
7
4
2
2
4
-1
0
2
-1
-5
-3
-6
-8
-9
-9
-8
-8
-6
-4
-4
-5
-6
-3
-5
-7
-1
1
-2
-3
-2
-4
-6
-1
-3
-5
-3
-4
-1
-2
-3
-1
1
-2
-3
0
-2
-3
-2
-1
-1
0
3
4
4
2
3
4
3
2
3
6
6
8
5
4
5
6
5
5
7
8
6
5
3
2
3
3
1
2
2
-3
-1
0
-2
-3
0
0
-1
-1
-3
-5
-5
-3
-3
-3
-3
-2
-3
-2
-2
-3
-3
-3
-3
-3
-1
-3
-4
-2
-1
-3
-4
-4
-3
-3
-2
-2
-1
-3
-3
0
1
0
1
-1
1
2
0
1
1
2
4
5
1
2
5
3
3
5
6
2
5
3
2
3
4
6
3
4
4
1
1
3
2
1
3
3
2
1
-1
-1
-1
-1
-2
-3
-1
-1
-3
-3
-7
-7
-6
-6
-5
-7
-5
-4
-8
-14
-12
-13
-14
-14
-19
-18
-16
-16
-13
-12
-12
-7
-5
-3
-3
-1
2
6
10
13
16
18
21
25
29
37
43
46
50
52
55
66
71
75
77
84
93
92
90
95
86
92
99
92
84
79
74
67
58
48
34
22
10
-8
-20
-34
-52
-71
-86
-98
-118
-133
-149
-174
-188
-195
-203
-220
-239
-244
-255
-257
-249
-260
-269
-254
-247
-244
-232
-223
-211
-185
-158
-143
-122
-93
-69
-45
-17
9
35
63
91
116
140
169
197
220
249
277
297
318
344
360
373
390
406
414
422
433
429
425
427
414
400
389
372
347
322
295
260
223
187
145
103
55
9
-39
-89
-141
-193
-241
-291
-340
-389
-430
-476
-521
-564
-597
-632
-656
-680
-695
-712
-714
-713
-706
-692
-669
-642
-609
-565
-516
-468
-410
-341
-274
-202
-123
-44
32
113
195
271
346
419
486
544
599
649
690
728
759
781
797
814
821
822
819
812
798
781
761
738
707
673
635
594
547
500
449
398
343
286
220
159
93
24
-51
-128
-210
-297
-384
-475
-572
-669
-768
-864
-953
-1034
-1104
-1166
-1214
-1253
-1273
-1278
-1267
-1241
-1196
-1139
-1065
-982
-881
-777
-662
-536
-405
-276
-138
-2
130
261
388
502
610
707
790
856
911
948
971
978
971
954
926
889
846
802
751
701
655
608
560
522
480
444
405
373
339
311
279
252
224
203
179
165
152
144
131
118
107
93
78
68
53
32
9
-26
-68
-122
-179
-241
-303
-376
-445
-528
-617
-716
-803
-887
-957
-1014
-1057
-1102
-1125
-1150
-1171
-1162
-1126
-1084
-1018
-922
-829
-732
-623
-505
-386
-251
-111
28
153
284
399
490
577
677
751
806
862
901
912
922
928
905
894
893
860
812
783
738
668
612
571
523
477
444
402
360
330
299
257
236
239
240
233
228
222
208
194
186
184
183
187
174
138
92
40
-16
-73
-123
-160
-214
-291
-386
-490
-603
-715
-812
-896
-956
-1005
-1063
-1132
-1187
-1233
-1271
-1283
-1260
-1216
-1149
-1073
-998
-922
-833
-725
-603
-461
-298
-126
31
182
325
453
563
678
781
870
950
1012
1041
1052
1050
1034
1004
980
949
910
872
831
775
713
654
591
529
475
425
374
325
284
237
194
162
133
112
99
94
87
82
82
79
70
70
69
63
61
61
41
15
-14
-58
-106
-152
-203
-263
-341
-430
-534
-647
-751
-834
-902
-964
-1013
-1065
-1120
-1171
-1204
-1226
-1220
-1181
-1130
-1060
-979
-899
-813
-709
-590
-447
-291
-131
32
181
314
444
553
661
770
871
949
1019
1054
1067
1070
1068
1048
1036
1008
980
936
880
805
745
668
611
557
507
443
386
311
247
192
148
110
96
77
62
53
24
5
-1
-5
6
34
39
52
58
38
11
-4
-37
-44
-52
-82
-127
-203
-314
-437
-562
-693
-789
-866
-934
-995
-1053
-1135
-1203
-1253
-1285
-1280
-1241
-1191
-1124
-1045
-984
-902
-807
-696
-556
-390
-235
-71
85
222
349
476
583
703
811
907
989
1047
1080
1102
1112
1104
1097
1077
1048
1004
955
880
806
723
654
584
537
481
438
380
325
252
189
124
74
34
12
-1
-6
-11
-16
-13
-15
1
11
40
56
71
56
42
-3
-24
-53
-65
-93
-104
-172
-242
-371
-500
-641
-749
-857
-917
-973
-1038
-1101
-1169
-1226
-1277
-1289
-1285
-1232
-1183
-1105
-1046
-968
-903
-785
-653
-486
-313
-125
36
188
317
438
563
688
819
944
1056
1132
1184
1201
1203
1199
1189
1160
1135
1083
1016
931
838
738
648
561
497
446
390
338
273
205
134
65
17
-6
-34
-46
-37
-26
-36
-50
-32
-24
-31
-16
25
38
24
27
38
11
-40
-60
-76
-138
-179
-197
-280
-419
-553
-646
-765
-882
-930
-948
-1006
-1069
-1114
-1183
-1265
-1298
-1248
-1179
-1117
-1032
-937
-859
-786
-676
-531
-371
-201
-22
147
278
381
494
627
759
881
995
1086
1150
1177
1175
1153
1126
1092
1062
1033
981
917
848
770
681
595
521
451
384
343
308
235
148
91
41
-37
-69
-40
-24
-35
-5
14
-21
-27
22
31
41
111
133
57
39
63
-23
-106
-37
16
-83
-158
-186
-344
-570
-676
-748
-871
-949
-958
-1009
-1119
-1213
-1284
-1332
-1330
-1279
-1219
-1141
-1071
-1008
-943
-848
-741
-603
-425
-230
-63
92
232
358
472
611
737
856
989
1106
1164
1205
1227
1220
1193
1186
1153
1091
1046
1004
902
798
729
639
529
483
460
362
264
245
190
63
4
23
-21
-83
-27
16
-62
-75
19
-7
-89
-9
62
-36
-36
70
4
-96
6
46
-99
-112
-21
-148
-315
-311
-402
-655
-733
-713
-868
-1001
-966
-999
-1144
-1167
-1157
-1238
-1263
-1175
-1143
-1131
-1044
-958
-905
-782
-617
-494
-368
-174
-4
132
263
407
539
660
784
911
1005
1062
1134
1211
1236
1215
1197
1163
1098
1041
990
913
837
775
707
624
528
443
394
342
265
204
155
59
-19
-12
-5
-49
-23
29
12
-12
8
-34
-47
34
78
49
112
95
-28
-30
27
-67
-94
15
1
-157
-230
-348
-623
-807
-803
-881
-992
-956
-925
-1066
-1157
-1168
-1258
-1331
-1242
-1149
-1125
-1080
-991
-972
-925
-784
-633
-491
-286
-113
16
142
252
351
500
666
813
947
1068
1123
1145
1171
1171
1172
1172
1180
1177
1109
1028
968
883
780
732
698
613
555
522
391
269
219
155
53
22
41
-37
-109
-60
-73
-136
-144
-76
-13
-36
-48
-7
26
-18
-69
13
-8
-138
-71
0
-59
-119
-99
-162
-347
-474
-592
-829
-880
-880
-943
-995
-1000
-1032
-1138
-1231
-1209
-1235
-1250
-1142
-1048
-1021
-984
-882
-788
-697
-529
-348
-212
-37
136
256
364
514
644
764
905
1034
1094
1144
1190
1165
1148
1138
1109
1114
1080
1067
1030
920
833
749
648
562
497
467
385
333
293
190
138
102
32
25
7
-23
-26
-80
-26
-48
-109
29
-44
-63
95
-80
-2
83
-167
-48
-58
-297
-163
-114
-244
-233
-211
-375
-588
-651
-743
-896
-938
-877
-938
-1066
-1074
-1109
-1249
-1254
-1190
-1155
-1143
-1034
-935
-957
-894
-726
-644
-511
-273
-90
11
176
337
405
515
704
834
939
1083
1163
1143
1155
1170
1120
1124
1157
1119
1094
1066
988
895
784
760
689
568
574
498
353
310
192
142
123
31
53
92
-25
-21
-8
-115
-68
-70
-139
20
-60
-178
27
-38
-238
-24
-22
-286
-135
-144
-321
-178
-297
-301
-191
-492
-540
-535
-801
-870
-872
-883
-889
-977
-987
-985
-1090
-1212
-1121
-1048
-1117
-983
-847
-855
-760
-655
-567
-437
-267
-101
18
184
326
387
513
662
773
883
1004
1104
1127
1149
1175
1135
1123
1118
1075
1019
970
925
827
770
758
660
633
568
432
411
289
141
206
125
47
141
47
-34
-1
-114
-157
-86
-115
-156
-38
-52
-174
-16
-53
-168
-28
-149
-159
-77
-280
-187
-161
-337
-224
-215
-367
-466
-550
-690
-832
-827
-869
-907
-909
-986
-958
-1044
-1128
-1062
-1104
-1060
-934
-908
-838
-785
-700
-581
-475
-299
-160
-29
155
251
368
470
566
718
816
937
1066
1088
1112
1160
1125
1073
1075
1046
1008
980
928
848
760
683
607
569
514
400
412
358
220
232
181
83
120
57
18
48
-56
-68
-8
-63
-122
-11
-47
-148
55
-43
-167
90
-164
-157
9
-302
-90
-112
-311
-52
-243
-457
-358
-620
-754
-754
-813
-883
-917
-950
-1001
-1087
-1144
-1152
-1115
-1127
-1064
-951
-958
-899
-788
-702
-602
-464
-306
-188
-71
101
209
328
492
609
758
880
934
1030
1050
1058
1126
1100
1107
1124
1081
1063
1011
934
873
775
744
669
628
554
435
437
325
212
236
130
39
128
43
-36
36
-53
-134
-25
-84
-102
-26
-122
-48
6
-218
-33
46
-210
-51
-41
-207
-93
-226
-214
-99
-400
-374
-259
-719
-793
-651
-853
-898
-883
-900
-1011
-1162
-1088
-1114
-1231
-1140
-1013
-964
-937
-900
-822
-792
-679
-467
-334
-190
-16
133
245
337
445
570
709
864
979
1030
1082
1109
1135
1142
1123
1128
1126
1125
1053
1008
923
820
786
723
672
567
475
468
334
237
239
111
107
134
10
3
15
-156
-73
33
-127
-92
65
-92
-166
-19
-120
-193
-80
0
-3
-234
-37
-123
-511
-240
-165
-472
-376
-354
-649
-826
-791
-797
-956
-942
-884
-987
-1151
-1040
-1163
-1183
-1090
-1044
-984
-916
-921
-845
-772
-660
-497
-371
-200
-75
83
253
355
477
652
771
904
1008
1069
1080
1118
1170
1185
1182
1143
1147
1115
979
989
878
782
799
692
636
596
402
417
364
218
229
248
174
69
66
52
-164
-17
64
-86
-24
-131
-17
-106
-279
116
-80
-270
212
-78
-293
79
-225
-278
-43
-314
-209
-257
-485
-354
-662
-814
-660
-840
-877
-850
-1018
-1059
-1073
-1232
-1181
-1160
-1175
-1104
-1024
-973
-910
-875
-771
-636
-478
-348
-217
-40
101
239
371
468
637
780
854
981
1056
1081
1122
1152
1155
1176
1158
1164
1125
1015
989
898
756
779
798
653
520
518
396
200
225
248
123
157
110
-35
28
-110
-155
38
-58
-47
127
-99
-162
1
-104
-40
104
-47
83
0
-283
-57
-183
-334
-43
-245
-340
-230
-662
-788
-645
-812
-865
-806
-845
-984
-1172
-1184
-1179
-1326
-1263
-1080
-1093
-1060
-971
-1008
-940
-760
-667
-546
-338
-136
-33
112
322
457
539
694
855
968
1051
1116
1149
1212
1258
1233
1216
1187
1152
1098
1035
953
844
825
800
643
609
537
324
281
308
241
129
155
145
5
-28
-89
-100
28
-82
-85
37
-153
-74
33
-211
-71
109
-50
15
-56
-163
-94
-172
-121
-87
-291
-288
-284
-471
-577
-774
-816
-836
-937
-948
-1003
-1179
-1268
-1179
-1245
-1353
-1256
-1112
-1195
-1111
-974
-965
-933
-735
-511
-354
-222
-127
46
209
378
519
664
820
968
1077
1183
1219
1231
1275
1343
1393
1332
1247
1255
1233
1129
1037
970
897
739
701
695
529
366
315
334
237
59
119
55
-89
-18
-129
-125
-66
-228
-214
-25
-86
-251
-187
23
-46
-187
-65
59
-157
-320
-29
-55
-249
-163
-178
-332
-456
-668
-802
-780
-846
-927
-923
-1014
-1186
-1394
-1365
-1303
-1435
-1360
-1230
-1232
-1260
-1233
-1116
-1066
-893
-660
-560
-386
-248
-88
136
319
549
690
807
1004
1109
1141
1239
1382
1463
1461
1430
1409
1347
1324
1300
1228
1237
1117
896
908
837
611
525
562
484
316
266
140
17
89
-18
-88
-53
-76
-147
-148
-63
-82
-117
-67
35
72
-21
21
78
53
11
-83
-47
8
3
-169
-166
-155
-495
-756
-749
-819
-934
-1081
-1053
-1188
-1454
-1465
-1443
-1616
-1556
-1482
-1456
-1360
-1303
-1367
-1239
-1068
-918
-762
-580
-424
-243
-47
177
335
501
703
893
985
1136
1222
1294
1449
1612
1584
1551
1534
1445
1377
1345
1258
1178
1092
1020
900
731
606
511
427
360
274
193
101
-58
-61
-80
-127
-206
-218
-59
-143
-201
-128
-133
-102
36
42
18
-4
87
177
9
137
174
-150
-67
130
-20
-211
-507
-634
-672
-934
-972
-965
-1199
-1290
-1399
-1547
-1553
-1649
-1613
-1498
-1562
-1489
-1463
-1472
-1267
-1030
-856
-649
-580
-421
-193
53
312
539
719
921
1029
1147
1251
1375
1503
1621
1666
1719
1674
1610
1506
1459
1438
1373
1224
1109
1009
851
706
647
600
456
270
165
5
-32
-102
-140
-195
-206
-283
-273
-304
-317
-228
-193
-91
-136
-40
75
166
8
-12
92
149
-2
10
158
-8
-40
-204
-561
-837
-791
-845
-924
-1098
-1211
-1426
-1640
-1580
-1600
-1698
-1710
-1606
-1639
-1602
-1584
-1490
-1375
-1084
-832
-737
-632
-441
-205
94
404
598
739
941
1121
1300
1367
1533
1648
1792
1838
1847
1695
1659
1648
1652
1579
1462
1285
1139
1030
904
789
701
595
483
346
180
16
-82
-84
-96
-212
-262
-278
-318
-253
-242
-250
-219
-143
-50
-17
1
83
113
144
169
59
52
60
56
23
-164
-469
-723
-843
-815
-884
-1099
-1338
-1608
-1735
-1721
-1757
-1815
-1842
-1870
-1840
-1857
-1817
-1697
-1486
-1246
-1019
-878
-716
-556
-248
102
397
596
806
991
1183
1361
1563
1677
1788
1906
1953
1921
1885
1857
1862
1849
1762
1633
1472
1309
1169
1079
961
774
635
518
299
139
55
-59
-145
-178
-243
-404
-496
-446
-414
-386
-307
-357
-383
-296
-186
-93
19
77
99
18
10
24
79
161
140
-148
-467
-747
-760
-738
-778
-1007
-1283
-1606
-1740
-1778
-1765
-1843
-1855
-1883
-1958
-2019
-1936
-1781
-1537
-1247
-1057
-987
-891
-622
-285
99
429
660
802
981
1180
1429
1632
1841
1976
2040
2040
2037
2017
2040
2055
2026
1859
1647
1474
1325
1217
1139
993
781
583
418
294
183
104
-24
-156
-271
-377
-475
-470
-421
-395
-375
-336
-324
-329
-231
-131
-62
0
85
6
-13
68
204
195
116
-263
-675
-810
-642
-681
-856
-1107
-1476
-1771
-1708
-1693
-1911
-2010
-1951
-2043
-2155
-2077
-2033
-1927
-1592
-1277
-1267
-1193
-932
-593
-229
212
422
515
747
1096
1332
1592
1837
1959
2032
2149
2137
2069
2115
2191
2126
2032
1903
1700
1559
1525
1370
1131
950
777
558
435
334
180
40
-14
-172
-323
-408
-418
-484
-450
-434
-438
-447
-351
-294
-253
-187
-82
-36
-48
-17
40
145
185
180
-104
-477
-756
-683
-656
-730
-971
-1301
-1659
-1711
-1646
-1708
-1876
-1968
-2086
-2112
-2057
-1987
-1912
-1716
-1560
-1442
-1313
-1151
-883
-408
-8
221
384
580
827
1205
1583
1749
1817
1934
2087
2187
2240
2238
2207
2147
2066
1959
1824
1706
1648
1505
1279
1066
891
695
607
501
281
75
-12
-152
-266
-300
-376
-468
-431
-416
-427
-395
-340
-315
-192
-102
-94
-140
-110
-48
117
183
177
50
-262
-668
-747
-583
-581
-805
-1125
-1527
-1748
-1689
-1626
-1776
-1965
-2136
-2256
-2226
-2079
-1990
-1900
-1742
-1606
-1554
-1377
-1047
-702
-354
-11
172
278
563
967
1350
1671
1838
1832
1908
2144
2321
2356
2354
2292
2142
2045
2021
1924
1796
1694
1520
1246
1043
875
727
645
535
273
43
-85
-193
-256
-258
-362
-510
-528
-474
-430
-357
-280
-288
-289
-212
-102
-88
-58
43
140
137
160
-21
-489
-764
-572
-449
-652
-966
-1380
-1710
-1635
-1407
-1534
-1878
-2168
-2305
-2260
-2100
-2048
-2064
-1991
-1837
-1694
-1551
-1323
-993
-608
-258
-47
56
305
747
1180
1488
1661
1682
1774
2058
2314
2368
2344
2290
2241
2245
2231
2095
1945
1811
1652
1455
1265
1072
938
855
712
420
179
67
8
-92
-182
-335
-453
-456
-415
-435
-405
-323
-313
-311
-282
-189
-122
-20
11
54
57
88
-37
-337
-672
-689
-546
-574
-853
-1250
-1635
-1736
-1572
-1549
-1814
-2131
-2324
-2360
-2222
-2120
-2124
-2093
-1928
-1764
-1612
-1398
-1098
-726
-386
-151
-14
187
577
1067
1423
1554
1615
1759
2011
2322
2467
2384
2271
2265
2268
2251
2224
2072
1880
1724
1574
1370
1210
1096
944
742
499
275
129
52
-30
-160
-293
-398
-476
-472
-467
-449
-407
-375
-363
-314
-160
-116
-71
-66
-26
43
184
138
-298
-726
-739
-437
-382
-762
-1283
-1696
-1703
-1447
-1342
-1722
-2176
-2335
-2277
-2138
-2035
-2123
-2212
-2074
-1808
-1698
-1514
-1212
-873
-576
-306
-133
74
472
924
1250
1414
1460
1619
1946
2312
2414
2330
2217
2238
2326
2379
2280
2080
1909
1815
1702
1514
1326
1162
1010
787
570
359
235
181
87
-137
-370
-429
-392
-369
-377
-413
-411
-382
-237
-189
-130
-135
-66
-39
45
169
251
133
-373
-734
-697
-368
-444
-868
-1364
-1704
-1693
-1465
-1460
-1883
-2347
-2376
-2323
-2128
-2147
-2149
-2297
-2148
-1892
-1722
-1529
-1258
-894
-654
-427
-217
56
559
1007
1262
1304
1425
1703
2075
2393
2354
2200
2161
2306
2438
2432
2289
2008
1868
1839
1787
1578
1345
1192
1040
881
640
425
266
179
45
-152
-314
-370
-336
-349
-443
-575
-521
-372
-201
-199
-197
-189
-83
9
49
108
183
168
-204
-623
-645
-411
-296
-700
-1185
-1694
-1681
-1485
-1421
-1755
-2225
-2424
-2441
-2149
-2084
-2201
-2384
-2249
-1983
-1767
-1502
-1315
-1123
-861
-492
-221
8
435
826
1142
1302
1487
1643
1975
2310
2374
2256
2225
2355
2447
2463
2352
2123
1979
1961
1911
1727
1510
1271
1045
880
765
573
376
202
56
-97
-195
-299
-379
-385
-404
-496
-506
-389
-295
-263
-144
-205
-291
-193
74
115
148
57
-520
-979
-635
-132
-440
-1098
-1502
-1753
-1634
-1240
-1307
-2039
-2511
-2398
-2233
-2099
-2042
-2230
-2485
-2290
-1884
-1668
-1480
-1227
-1017
-817
-461
-120
191
583
920
1082
1228
1525
1852
2163
2322
2245
2160
2308
2518
2584
2490
2259
1997
1976
2054
1945
1656
1447
1227
1029
925
819
565
313
184
-1
-170
-241
-277
-422
-493
-519
-555
-491
-328
-287
-376
-294
-183
-180
-125
8
52
36
104
-263
-756
-745
-246
-337
-888
-1372
-1609
-1632
-1305
-1234
-1849
-2440
-2426
-2197
-2067
-2023
-2201
-2481
-2321
-1915
-1638
-1531
-1316
-1208
-980
-575
-154
91
432
778
939
1120
1444
1760
2008
2237
2229
2114
2222
2475
2541
2446
2287
2071
2007
2099
2028
1712
1459
1283
1109
1020
909
654
371
226
53
-77
-103
-177
-356
-448
-438
-482
-388
-299
-314
-390
-198
-187
-204
-122
74
1
113
87
-471
-989
-549
-15
-394
-1142
-1565
-1727
-1522
-1091
-1303
-2205
-2644
-2378
-2038
-1910
-2000
-2396
-2593
-2154
-1656
-1553
-1532
-1370
-1187
-803
-332
-111
5
409
801
1010
1219
1523
1746
2032
2237
2155
2029
2246
2513
2541
2388
2169
1989
2065
2168
1937
1537
1348
1262
1178
1081
851
461
285
285
170
-55
-164
-295
-421
-427
-435
-541
-490
-340
-353
-377
-246
-191
-207
-74
71
57
84
-29
-538
-831
-412
-80
-545
-1209
-1518
-1512
-1313
-1129
-1514
-2263
-2543
-2212
-1907
-1953
-2220
-2453
-2419
-2038
-1674
-1583
-1593
-1415
-1087
-722
-403
-143
101
429
766
1019
1199
1483
1834
2068
2113
2102
2180
2353
2527
2512
2283
2066
2074
2158
2078
1834
1522
1295
1249
1268
1099
735
451
311
257
141
-15
-243
-326
-374
-410
-473
-412
-390
-412
-380
-301
-215
-207
-102
-83
-22
4
165
-148
-666
-825
-235
-124
-709
-1356
-1490
-1478
-1244
-1116
-1616
-2389
-2434
-1980
-1802
-1953
-2171
-2463
-2432
-1925
-1526
-1631
-1663
-1389
-1050
-725
-315
-73
41
358
820
1075
1265
1570
1852
1970
2064
2136
2216
2377
2516
2437
2218
2085
2104
2161
2057
1756
1456
1301
1273
1210
1020
665
390
287
238
92
-85
-265
-419
-470
-394
-425
-428
-461
-370
-351
-130
-152
-192
-194
-25
31
143
113
-526
-971
-520
117
-298
-1156
-1572
-1616
-1299
-961
-1240
-2245
-2647
-2216
-1785
-1801
-2128
-2534
-2644
-2114
-1633
-1637
-1707
-1530
-1193
-800
-358
-194
-60
323
736
957
1154
1468
1696
1960
2131
2086
2056
2313
2542
2453
2280
2149
2092
2182
2208
1908
1497
1372
1375
1297
1127
834
486
344
389
275
-19
-247
-342
-406
-379
-390
-457
-536
-453
-375
-320
-194
-193
-229
-203
111
166
137
-292
-734
-819
-179
20
-695
-1461
-1615
-1355
-1103
-1067
-1746
-2509
-2522
-1984
-1779
-2021
-2385
-2618
-2404
-1862
-1550
-1608
-1669
-1450
-1071
-612
-305
-148
55
399
750
1042
1347
1611
1841
2018
2093
2115
2280
2516
2498
2306
2199
2185
2178
2221
2104
1700
1383
1398
1395
1201
952
676
399
344
375
187
-115
-299
-368
-405
-380
-386
-427
-477
-456
-384
-212
-113
-150
-213
-144
30
214
180
-432
-956
-629
79
-166
-994
-1482
-1479
-1274
-919
-1134
-2059
-2630
-2268
-1859
-1834
-2094
-2488
-2686
-2214
-1694
-1677
-1808
-1656
-1359
-960
-521
-310
-201
124
543
852
1083
1340
1573
1872
2075
2099
2104
2303
2502
2502
2341
2181
2162
2292
2291
2009
1645
1487
1455
1408
1207
883
559
428
381
263
0
-207
-338
-372
-431
-451
-473
-442
-447
-433
-386
-234
-141
-121
-204
-142
3
214
-63
-665
-918
-300
71
-479
-1260
-1516
-1382
-1108
-950
-1499
-2363
-2488
-1969
-1708
-1933
-2223
-2538
-2471
-1921
-1492
-1626
-1753
-1498
-1142
-766
-382
-169
-67
282
763
1037
1232
1485
1727
1866
2040
2128
2171
2289
2424
2365
2208
2172
2162
2131
2025
1827
1566
1422
1374
1248
1017
732
458
314
271
166
-99
-282
-385
-419
-412
-439
-511
-545
-440
-390
-288
-189
-242
-274
-163
43
100
159
-251
-840
-741
-28
22
-820
-1407
-1527
-1272
-878
-919
-1785
-2496
-2225
-1783
-1695
-1932
-2309
-2645
-2327
-1670
-1542
-1773
-1728
-1435
-1082
-594
-229
-246
-79
386
796
988
1304
1529
1663
1899
2132
2124
2198
2417
2441
2306
2260
2238
2184
2211
2076
1719
1481
1470
1396
1168
953
657
421
347
325
97
-141
-266
-377
-433
-422
-440
-504
-504
-468
-445
-249
-219
-253
-259
-66
-67
94
122
-411
-919
-471
174
-295
-1135
-1423
-1338
-1173
-911
-1173
-2126
-2491
-1996
-1630
-1850
-2128
-2376
-2480
-2031
-1521
-1594
-1857
-1639
-1186
-845
-508
-299
-196
77
570
884
1053
1312
1550
1766
1969
2093
2084
2229
2431
2394
2243
2201
2223
2206
2160
1917
1574
1466
1522
1411
1107
808
551
409
403
262
-42
-295
-362
-414
-450
-492
-598
-589
-492
-432
-467
-369
-349
-369
-259
-91
-82
21
13
-546
-972
-431
136
-337
-1130
-1407
-1387
-1144
-817
-1160
-2122
-2479
-2026
-1628
-1645
-1932
-2389
-2507
-1946
-1410
-1468
-1684
-1569
-1227
-779
-326
-146
-119
111
562
944
1198
1370
1513
1715
1945
2080
2156
2294
2406
2385
2273
2182
2185
2262
2206
1891
1540
1423
1449
1418
1193
826
498
416
437
302
2
-265
-394
-378
-337
-414
-580
-605
-530
-487
-408
-298
-358
-413
-215
-32
-71
14
-28
-636
-1045
-431
137
-432
-1290
-1503
-1366
-1132
-887
-1273
-2211
-2495
-1943
-1558
-1759
-2123
-2458
-2457
-1949
-1475
-1559
-1754
-1600
-1198
-755
-350
-201
-146
150
623
934
1128
1325
1532
1759
1970
2042
2100
2267
2388
2317
2234
2197
2206
2241
2159
1879
1591
1528
1537
1441
1168
783
497
432
463
318
13
-235
-350
-362
-396
-450
-536
-553
-486
-435
-348
-287
-347
-390
-206
-13
-44
5
-42
-531
-830
-333
75
-439
-1124
-1340
-1345
-1130
-879
-1270
-2183
-2361
-1871
-1630
-1847
-2110
-2409
-2435
-1964
-1520
-1638
-1816
-1623
-1228
-862
-479
-264
-164
88
535
890
1117
1348
1602
1792
1923
2012
2149
2308
2377
2314
2240
2200
2223
2285
2194
1883
1628
1560
1526
1370
1131
796
529
477
466
241
-70
-311
-434
-373
-246
-377
-680
-726
-551
-384
-263
-176
-424
-560
-254
189
145
51
-144
-617
-854
-163
270
-458
-1363
-1476
-1277
-1079
-883
-1378
-2372
-2562
-1792
-1499
-1871
-2235
-2419
-2452
-1896
-1375
-1574
-1924
-1560
-1050
-777
-497
-205
-189
59
623
967
1005
1263
1599
1754
1889
2077
2117
2209
2402
2403
2218
2197
2248
2190
2072
1887
1597
1487
1528
1415
1091
809
579
448
425
319
-21
-285
-299
-321
-464
-506
-472
-532
-582
-509
-428
-343
-200
-251
-355
-238
37
106
128
-213
-835
-888
-54
159
-695
-1422
-1436
-1263
-927
-803
-1491
-2407
-2358
-1777
-1555
-1810
-2236
-2585
-2352
-1694
-1395
-1602
-1730
-1528
-1065
-552
-247
-249
-100
284
706
1018
1272
1405
1567
1842
2018
2070
2223
2386
2326
2219
2251
2268
2240
2208
2066
1755
1557
1535
1462
1254
963
646
455
471
429
130
-218
-361
-331
-268
-322
-526
-670
-562
-366
-280
-281
-345
-426
-323
-85
18
-14
-22
-354
-790
-623
16
-116
-949
-1454
-1372
-1178
-978
-1117
-1870
-2480
-2200
-1697
-1708
-2075
-2373
-2499
-2184
-1685
-1502
-1737
-1755
-1420
-920
-550
-315
-226
-14
365
818
1119
1326
1457
1672
1907
2094
2175
2316
2396
2335
2251
2262
2239
2214
2168
1956
1670
1590
1554
1374
1182
985
652
458
459
313
4
-178
-284
-374
-344
-383
-582
-642
-479
-414
-415
-343
-327
-398
-270
-53
-47
-100
34
-70
-614
-789
-201
82
-567
-1233
-1360
-1257
-1055
-900
-1431
-2262
-2379
-1865
-1627
-1844
-2254
-2548
-2390
-1838
-1505
-1608
-1734
-1533
-1091
-654
-398
-298
-142
204
658
1001
1161
1282
1520
1799
1991
2099
2201
2296
2344
2317
2263
2234
2225
2179
2047
1802
1605
1509
1445
1258
1025
751
551
455
395
129
-192
-326
-242
-228
-378
-603
-671
-546
-304
-167
-238
-448
-428
-122
129
41
-42
-19
-233
-632
-530
-71
-164
-852
-1327
-1363
-1202
-992
-1107
-1827
-2428
-2247
-1757
-1694
-1997
-2405
-2630
-2321
-1699
-1477
-1732
-1828
-1527
-1026
-520
-227
-242
-156
313
864
1169
1308
1380
1548
1874
2158
2181
2223
2338
2363
2288
2307
2263
2173
2135
2013
1717
1517
1468
1360
1162
937
625
405
387
315
46
-195
-320
-394
-412
-447
-568
-611
-509
-466
-480
-393
-267
-278
-269
-159
-71
-14
150
89
-434
-758
-320
118
-278
-1015
-1341
-1308
-1101
-942
-1291
-2075
-2373
-2032
-1705
-1782
-2047
-2404
-2462
-2033
-1561
-1608
-1737
-1560
-1206
-880
-470
-215
-126
130
606
933
1131
1383
1621
1765
1953
2103
2204
2323
2409
2302
2205
2230
2244
2168
2064
1855
1592
1465
1432
1286
1036
772
531
385
293
109
-94
-177
-240
-380
-447
-456
-478
-423
-327
-372
-402
-236
-142
-181
-155
-18
54
90
-194
-665
-657
-73
-100
-845
-1389
-1391
-1302
-1072
-1124
-1829
-2524
-2301
-1837
-1853
-2149
-2368
-2550
-2346
-1819
-1575
-1770
-1748
-1369
-941
-614
-329
-177
8
442
924
1152
1290
1534
1794
1996
2141
2205
2278
2419
2449
2352
2274
2238
2190
2162
2030
1743
1490
1397
1325
1162
897
566
348
297
207
-27
-235
-375
-459
-488
-491
-562
-613
-611
-538
-434
-299
-206
-255
-355
-261
5
143
183
138
-312
-841
-549
212
76
-875
-1502
-1496
-1192
-820
-985
-1910
-2585
-2264
-1678
-1547
-1917
-2401
-2630
-2147
-1519
-1364
-1614
-1678
-1456
-923
-336
-97
-173
8
444
874
1198
1462
1539
1688
1961
2100
2124
2301
2462
2369
2249
2167
2089
2108
2164
1909
1491
1327
1333
1262
1082
749
347
178
265
210
-29
-255
-432
-495
-383
-277
-385
-459
-419
-320
-198
-50
-100
-188
-41
173
220
221
-19
-552
-669
-73
83
-637
-1318
-1387
-1320
-1219
-1171
-1698
-2471
-2512
-2005
-1896
-2200
-2458
-2633
-2526
-2035
-1689
-1782
-1779
-1469
-1104
-686
-274
-121
24
465
892
1100
1383
1674
1827
2038
2284
2289
2288
2525
2641
2476
2297
2217
2163
2170
2097
1787
1424
1259
1223
1132
866
513
222
151
135
18
-266
-503
-561
-522
-520
-597
-667
-642
-497
-396
-348
-306
-232
-183
-24
97
99
84
253
61
-483
-683
-176
58
-468
-1140
-1431
-1389
-1159
-1065
-1593
-2283
-2482
-2170
-1869
-1846
-2257
-2627
-2484
-1974
-1687
-1568
-1537
-1459
-1172
-587
-148
20
159
475
857
1239
1535
1736
1889
2083
2235
2306
2368
2461
2492
2438
2324
2194
2127
2104
1978
1712
1434
1230
1105
997
795
497
283
103
-103
-169
-106
-255
-524
-591
-530
-440
-217
-148
-386
-430
-111
42
46
156
129
26
312
369
-370
-819
-226
88
-549
-1146
-1368
-1620
-1525
-1143
-1522
-2504
-2809
-2405
-2156
-2162
-2341
-2773
-2879
-2296
-1747
-1755
-1816
-1640
-1320
-803
-234
-30
27
396
944
1307
1540
1736
1909
2190
2495
2536
2432
2525
2692
2666
2543
2388
2175
2091
2141
1946
1495
1216
1106
950
793
608
240
-74
-84
-91
-299
-526
-627
-675
-648
-555
-541
-538
-462
-339
-267
-221
-213
-170
117
325
262
116
336
273
-256
-588
-216
-6
-416
-916
-1312
-1607
-1547
-1199
-1495
-2293
-2706
-2551
-2298
-2117
-2181
-2634
-2799
-2338
-1809
-1647
-1540
-1396
-1237
-754
-151
176
321
653
988
1312
1719
2004
2124
2324
2534
2498
2483
2627
2675
2591
2494
2310
2054
2000
1967
1717
1376
1144
935
772
703
481
127
-99
-213
-401
-494
-398
-413
-544
-614
-574
-493
-270
-114
-203
-254
-129
44
223
440
407
244
197
-89
-535
-420
119
-214
-1106
-1526
-1494
-1558
-1464
-1480
-2230
-2971
-2819
-2355
-2344
-2503
-2683
-2958
-2766
-2086
-1707
-1793
-1626
-1266
-975
-497
150
410
500
946
1438
1629
1871
2258
2471
2598
2738
2684
2614
2820
2968
2763
2467
2267
2107
2051
1961
1611
1169
920
811
688
444
113
-192
-334
-389
-433
-559
-688
-711
-714
-798
-733
-470
-320
-288
-188
-155
-138
116
453
490
379
365
516
504
-10
-580
-379
58
-370
-1149
-1472
-1646
-1818
-1561
-1524
-2334
-3032
-2857
-2491
-2443
-2502
-2707
-2940
-2625
-1988
-1702
-1672
-1416
-1085
-722
-184
298
508
804
1268
1610
1838
2122
2369
2604
2819
2807
2661
2709
2823
2779
2633
2391
2041
1864
1879
1726
1358
1033
765
528
423
303
28
-239
-406
-572
-595
-480
-469
-604
-639
-580
-423
-140
15
-58
-107
43
257
551
671
578
499
520
13
-561
-446
38
-277
-1000
-1520
-1829
-1995
-1677
-1594
-2288
-3086
-3178
-2948
-2732
-2550
-2622
-3032
-3086
-2525
-1933
-1663
-1408
-1150
-922
-497
151
628
959
1313
1639
1864
2160
2535
2875
3067
3020
2841
2765
2852
2947
2882
2550
2101
1857
1813
1686
1433
1100
687
389
335
236
-57
-324
-462
-602
-690
-669
-646
-694
-680
-651
-607
-477
-207
-12
78
123
106
117
390
745
795
672
648
447
-123
-483
-298
-110
-454
-1098
-1689
-2032
-2019
-1789
-1881
-2467
-3134
-3309
-3002
-2610
-2560
-2729
-2851
-2733
-2376
-1832
-1415
-1187
-940
-539
-128
318
844
1311
1629
1947
2237
2408
2593
2920
3170
3145
2959
2794
2719
2741
2720
2480
2072
1715
1486
1332
1162
894
534
212
3
-138
-258
-449
-706
-830
-735
-659
-655
-606
-552
-514
-287
-19
93
179
397
471
457
571
773
851
921
731
8
-666
-438
63
-254
-1138
-1756
-2139
-2268
-1957
-1909
-2619
-3297
-3365
-3285
-3080
-2782
-2849
-3147
-2891
-2401
-2121
-1783
-1151
-737
-471
-82
397
775
1335
1952
2311
2348
2465
2723
3091
3401
3447
3103
2793
2776
2836
2744
2510
2084
1613
1409
1292
1006
686
428
76
-192
-351
-532
-688
-682
-747
-881
-913
-848
-762
-604
-498
-455
-280
-69
72
247
440
441
504
726
847
776
819
900
814
277
-502
-814
-388
-311
-1019
-1723
-2105
-2532
-2586
-2226
-2393
-3203
-3586
-3368
-3114
-2934
-2741
-2708
-2648
-2330
-1891
-1508
-1014
-446
11
352
729
1107
1540
2092
2595
2798
2804
2822
2996
3302
3471
3251
2879
2661
2500
2343
2205
1915
1453
1120
895
576
268
90
-84
-278
-453
-666
-870
-946
-899
-745
-595
-605
-685
-570
-252
92
324
354
302
446
765
963
986
962
943
957
1019
749
-38
-719
-608
-301
-633
-1423
-2066
-2607
-2831
-2564
-2399
-3036
-3735
-3825
-3541
-3362
-3111
-2959
-2927
-2761
-2252
-1784
-1365
-842
-231
254
696
1071
1410
1871
2486
2954
3124
3120
3117
3264
3505
3545
3282
2942
2639
2386
2245
2067
1645
1175
859
566
241
30
-123
-350
-585
-751
-896
-971
-924
-835
-778
-755
-810
-762
-392
67
184
144
239
425
691
1082
1133
782
696
1012
1104
1031
1059
638
-393
-946
-659
-531
-1028
-1632
-2244
-2821
-2943
-2735
-2838
-3183
-3387
-3497
-3527
-3315
-3031
-2795
-2431
-2020
-1789
-1563
-1082
-423
272
850
1174
1323
1590
2086
2703
3159
3293
3193
3113
3163
3256
3244
3076
2751
2369
2048
1783
1517
1232
953
622
290
-31
-333
-538
-545
-562
-707
-863
-986
-1081
-924
-576
-383
-358
-283
-167
20
351
659
755
774
829
913
974
1050
1118
1120
989
905
649
-130
-1010
-1033
-669
-949
-1769
-2397
-2938
-3253
-3066
-2809
-3176
-3699
-3824
-3613
-3383
-3076
-2783
-2512
-2224
-1797
-1343
-893
-392
294
958
1381
1600
1824
2126
2643
3245
3507
3328
3140
3118
3169
3204
3126
2802
2351
1950
1658
1434
1155
777
451
221
-49
-345
-557
-655
-658
-652
-764
-894
-931
-899
-779
-470
-177
-62
-28
34
167
488
861
1011
943
850
817
910
1058
1099
980
837
746
464
-307
-1186
-1408
-1107
-1165
-1779
-2499
-3041
-3309
-3185
-2962
-3012
-3323
-3539
-3496
-3176
-2774
-2423
-2164
-1852
-1470
-1049
-658
-156
451
1082
1558
1850
1960
2141
2526
3037
3345
3338
3117
2942
2843
2811
2743
2589
2231
1823
1441
1120
832
613
385
155
-71
-309
-561
-693
-676
-613
-611
-661
-787
-877
-746
-369
-27
88
38
27
207
547
803
842
829
896
945
884
776
706
738
806
770
405
-387
-1264
-1535
-1244
-1209
-1751
-2431
-2921
-3187
-3127
-2940
-2985
-3225
-3269
-3096
-2931
-2799
-2520
-2127
-1694
-1258
-858
-566
-190
421
1102
1601
1893
2024
2141
2421
2886
3202
3210
3058
2949
2828
2683
2505
2314
2056
1793
1471
1094
719
473
293
142
-25
-214
-423
-572
-630
-642
-656
-626
-557
-535
-542
-432
-180
64
201
285
348
438
585
729
760
742
741
702
593
546
568
516
383
276
-27
-705
-1432
-1696
-1567
-1492
-1746
-2226
-2668
-2835
-2822
-2787
-2741
-2668
-2662
-2645
-2479
-2220
-1993
-1730
-1375
-969
-541
-144
149
437
879
1391
1738
1904
2048
2245
2462
2638
2726
2687
2568
2408
2240
2082
1924
1694
1411
1168
959
710
421
189
74
32
-23
-149
-318
-434
-438
-357
-268
-211
-206
-221
-198
-71
84
167
168
203
304
417
450
393
322
320
346
321
208
90
16
2
6
-35
-252
-743
-1328
-1605
-1451
-1252
-1370
-1706
-1942
-2014
-2063
-2166
-2245
-2180
-1981
-1768
-1635
-1604
-1574
-1453
-1160
-748
-330
-18
184
374
665
1003
1263
1397
1518
1719
1955
2091
2074
1956
1871
1831
1780
1617
1413
1252
1185
1082
878
634
506
467
428
334
233
109
24
-17
14
27
3
-73
-115
-90
-10
27
-5
-52
-31
18
41
-12
-53
-26
84
130
53
-52
-92
-73
-121
-179
-185
-76
-80
-326
-775
-1085
-1132
-1014
-969
-1005
-1093
-1144
-1246
-1364
-1502
-1527
-1494
-1363
-1224
-1092
-1079
-1075
-1053
-951
-770
-472
-159
77
239
423
598
728
811
936
1113
1293
1393
1384
1312
1223
1147
1082
1047
1041
1045
997
882
731
619
558
524
491
493
510
489
375
245
204
258
271
175
59
37
84
87
4
-91
-104
-56
-88
-181
-201
-115
-73
-86
-99
-108
-113
-100
-117
-186
-196
-130
-104
-169
-210
-222
-339
-581
-747
-758
-685
-660
-738
-875
-918
-856
-839
-963
-1094
-1078
-914
-767
-754
-818
-829
-722
-562
-424
-323
-193
-18
162
278
338
372
438
550
679
765
796
781
765
773
794
792
770
750
742
726
684
635
583
532
516
543
592
606
550
454
415
449
418
253
111
135
248
229
68
-36
25
106
62
-80
-201
-217
-162
-133
-120
-81
-51
-113
-201
-225
-170
-98
-80
-141
-189
-166
-140
-200
-314
-406
-457
-494
-542
-610
-662
-673
-650
-638
-686
-789
-876
-881
-815
-738
-706
-719
-725
-687
-631
-549
-440
-314
-182
-46
76
154
190
230
314
451
568
614
621
628
649
684
745
797
787
713
641
667
737
724
612
557
621
683
626
504
463
511
522
425
283
189
165
152
125
86
59
18
-27
-25
-26
-122
-258
-276
-184
-163
-226
-210
-66
40
-50
-206
-221
-110
-66
-151
-219
-149
-38
-67
-206
-301
-338
-426
-549
-586
-515
-494
-591
-711
-785
-826
-848
-836
-816
-802
-754
-667
-633
-670
-680
-578
-400
-244
-164
-97
14
146
232
257
284
389
546
649
678
700
719
707
692
677
640
630
691
790
803
668
508
493
553
519
468
457
462
434
376
300
234
199
168
191
186
60
-52
-26
81
100
-32
-154
-91
4
-57
-156
-158
-67
8
-53
-197
-219
-99
-4
27
-71
-226
-278
-213
-195
-264
-388
-419
-319
-399
-681
-865
-811
-663
-585
-649
-796
-847
-793
-728
-747
-837
-818
-617
-367
-295
-391
-409
-271
-83
16
65
137
258
442
551
575
534
475
513
645
699
677
688
697
710
720
624
457
412
491
556
589
509
343
313
390
388
330
279
231
280
309
178
61
53
68
138
198
81
-6
78
71
-21
-125
-152
10
185
64
-160
-120
-67
-133
-138
-84
-121
-81
-75
-285
-391
-272
-228
-345
-397
-476
-633
-708
-679
-646
-671
-760
-816
-794
-790
-814
-743
-660
-606
-603
-602
-607
-504
-325
-241
-267
-191
-6
138
208
256
330
458
571
562
525
610
740
794
730
661
692
729
651
585
615
630
624
593
507
439
474
452
335
251
266
326
382
393
338
267
184
50
-54
1
95
95
51
-1
-79
-142
-190
-213
-200
-235
-257
-43
190
82
-174
-242
-127
-27
-68
-174
-167
-58
18
13
-115
-347
-525
-621
-772
-921
-892
-773
-700
-718
-823
-967
-1045
-1070
-1097
-1061
-895
-701
-607
-584
-512
-341
-143
-30
-9
53
234
448
618
727
790
865
956
972
938
944
958
940
918
878
843
820
761
692
666
580
412
331
379
447
467
365
179
109
140
82
-60
-86
7
109
123
30
-31
7
-20
-131
-159
-66
97
256
272
178
139
122
70
51
67
77
155
241
214
128
20
-267
-725
-1194
-1475
-1461
-1274
-1235
-1375
-1452
-1419
-1457
-1644
-1851
-1863
-1581
-1224
-1040
-975
-818
-552
-276
-89
29
224
537
819
1003
1146
1277
1378
1440
1471
1505
1552
1528
1402
1263
1159
1045
918
783
676
621
585
487
339
199
111
94
142
182
179
179
170
103
-26
-145
-155
-32
109
164
167
203
243
206
90
-2
42
238
432
480
405
340
319
277
207
148
146
165
74
-296
-909
-1474
-1780
-1870
-1901
-1975
-2087
-2161
-2148
-2171
-2298
-2391
-2300
-2047
-1737
-1442
-1213
-970
-616
-216
119
404
703
1020
1340
1638
1850
1970
2034
2080
2123
2147
2117
1979
1767
1555
1355
1124
883
675
512
392
264
84
-77
-175
-214
-235
-226
-162
-18
162
274
275
230
215
250
323
422
519
585
605
593
584
570
539
487
475
509
520
427
284
205
232
302
328
207
-150
-789
-1570
-2217
-2546
-2641
-2708
-2792
-2782
-2619
-2487
-2563
-2769
-2833
-2641
-2332
-2075
-1790
-1331
-691
-73
368
652
920
1197
1465
1691
1922
2123
2257
2302
2342
2386
2337
2095
1736
1417
1201
1009
748
473
288
199
92
-71
-243
-324
-325
-306
-297
-232
-68
157
352
474
536
575
628
711
826
934
984
977
1000
1068
1122
1066
923
794
746
687
552
364
242
219
267
296
193
-220
-971
-1855
-2534
-2891
-3072
-3247
-3354
-3260
-3016
-2844
-2848
-2893
-2829
-2658
-2485
-2266
-1876
-1306
-687
-118
405
906
1313
1554
1694
1846
2039
2188
2248
2297
2387
2433
2319
2040
1693
1374
1058
730
413
170
35
-28
-67
-101
-129
-170
-220
-234
-163
-10
177
353
513
656
759
799
797
787
820
862
875
836
788
774
771
715
609
507
454
404
289
134
26
1
38
91
93
-119
-689
-1536
-2304
-2769
-3002
-3210
-3390
-3382
-3148
-2865
-2708
-2660
-2620
-2546
-2455
-2291
-1979
-1499
-934
-329
288
882
1373
1705
1896
2028
2142
2228
2279
2343
2451
2565
2583
2442
2175
1852
1510
1130
728
382
165
73
50
44
50
51
25
-14
-18
35
127
228
367
556
760
896
942
892
790
657
561
511
494
445
398
396
427
406
308
167
38
-97
-226
-319
-339
-297
-202
-129
-283
-814
-1627
-2360
-2821
-3130
-3456
-3679
-3599
-3227
-2847
-2600
-2444
-2304
-2252
-2266
-2188
-1885
-1438
-944
-383
322
1065
1621
1930
2108
2247
2295
2221
2131
2146
2253
2345
2373
2342
2212
1941
1563
1165
779
390
40
-157
-142
-13
95
169
249
341
383
360
326
342
432
580
757
921
997
986
929
853
760
608
423
292
280
325
334
296
261
253
231
137
-22
-165
-240
-200
-71
-9
-229
-801
-1533
-2139
-2587
-3013
-3417
-3595
-3475
-3204
-2925
-2672
-2429
-2240
-2149
-2112
-1984
-1755
-1470
-1074
-481
235
893
1413
1829
2161
2327
2308
2210
2131
2094
2057
2024
1993
1933
1803
1613
1384
1059
638
230
-63
-238
-312
-311
-229
-70
126
299
434
514
520
499
527
614
708
764
814
885
932
913
832
702
536
390
286
201
128
107
145
221
273
259
183
95
34
11
43
13
-283
-900
-1553
-1993
-2321
-2747
-3175
-3366
-3302
-3132
-2928
-2689
-2439
-2234
-2073
-1875
-1622
-1402
-1207
-862
-281
359
892
1356
1826
2221
2432
2492
2476
2395
2269
2143
2032
1906
1773
1645
1510
1322
1040
687
334
33
-215
-408
-475
-395
-251
-96
98
329
508
595
605
596
609
639
612
555
566
624
640
608
581
502
328
157
81
31
-54
-96
-28
84
141
120
96
98
90
82
106
22
-420
-1146
-1753
-2115
-2512
-3019
-3333
-3304
-3149
-2982
-2696
-2329
-2088
-2005
-1906
-1701
-1482
-1314
-1060
-585
23
587
1112
1675
2146
2388
2484
2537
2472
2259
2038
1910
1820
1693
1566
1486
1401
1210
892
543
240
-34
-282
-443
-457
-355
-184
46
299
504
622
694
753
777
755
715
674
638
615
621
621
583
501
384
261
140
8
-118
-187
-176
-115
-40
35
102
138
143
147
185
207
11
-531
-1238
-1794
-2181
-2598
-3040
-3288
-3256
-3097
-2914
-2658
-2362
-2163
-2060
-1899
-1661
-1474
-1320
-996
-448
141
676
1227
1779
2186
2412
2540
2579
2451
2196
2002
1913
1793
1592
1435
1358
1244
1028
770
506
204
-106
-321
-404
-423
-376
-203
81
363
573
727
838
886
873
819
756
667
572
518
501
470
403
327
259
194
105
-3
-98
-160
-155
-85
-27
-24
-4
66
142
174
211
255
118
-372
-1039
-1580
-2028
-2555
-3065
-3336
-3374
-3271
-3040
-2660
-2241
-1964
-1835
-1669
-1444
-1317
-1238
-994
-560
-55
479
1063
1661
2161
2486
2669
2735
2618
2348
2079
1857
1621
1384
1224
1141
1073
967
815
631
368
58
-172
-320
-464
-535
-419
-161
132
400
637
860
1029
1051
970
874
722
521
398
343
299
285
304
313
310
256
154
71
-41
-172
-205
-179
-186
-138
-28
54
179
338
413
293
-172
-892
-1473
-1949
-2580
-3119
-3350
-3478
-3437
-3077
-2636
-2266
-1938
-1749
-1566
-1319
-1240
-1237
-984
-621
-257
309
970
1507
2026
2515
2777
2856
2780
2490
2153
1867
1538
1254
1118
987
874
863
810
657
515
327
56
-175
-345
-466
-432
-264
-55
222
537
781
960
1101
1133
1018
832
623
409
231
119
71
64
78
124
185
191
145
95
26
-58
-114
-146
-149
-87
23
115
208
331
400
155
-471
-1140
-1674
-2280
-2928
-3321
-3504
-3578
-3374
-2916
-2478
-2128
-1824
-1576
-1336
-1151
-1102
-1001
-709
-364
62
665
1238
1740
2306
2732
2871
2904
2778
2411
2056
1755
1366
1051
905
769
681
688
607
446
349
210
16
-134
-292
-397
-310
-163
-14
277
594
802
1029
1222
1215
1085
889
616
383
203
20
-64
-51
-62
-22
97
124
68
58
36
-34
-73
-104
-138
-94
8
109
248
363
232
-199
-743
-1282
-1873
-2548
-3118
-3433
-3553
-3490
-3198
-2772
-2355
-1959
-1589
-1257
-994
-872
-832
-678
-419
-135
303
878
1379
1845
2361
2706
2804
2799
2637
2285
1944
1611
1195
865
680
513
406
400
387
325
244
141
31
-71
-167
-181
-101
-6
140
416
705
923
1102
1184
1125
1018
875
653
404
167
-29
-114
-126
-164
-173
-113
-60
-25
25
36
0
-26
-42
-43
-7
22
55
196
326
139
-333
-794
-1254
-1892
-2547
-2979
-3309
-3566
-3503
-3157
-2823
-2481
-2021
-1598
-1301
-1013
-795
-714
-579
-297
24
378
853
1378
1852
2283
2651
2850
2829
2693
2475
2127
1710
1341
992
674
490
397
314
270
262
218
157
103
14
-79
-106
-66
17
163
353
556
754
919
1036
1105
1056
871
667
475
232
-4
-141
-248
-346
-346
-263
-188
-103
-5
31
35
71
80
27
7
63
110
145
189
48
-396
-895
-1277
-1781
-2440
-2935
-3211
-3423
-3417
-3132
-2830
-2537
-2116
-1685
-1335
-978
-722
-613
-401
-86
141
442
940
1359
1669
2127
2571
2711
2720
2735
2541
2157
1828
1517
1109
743
514
329
179
129
120
84
68
85
79
40
21
27
62
163
319
463
610
774
910
968
968
894
746
576
369
139
-40
-187
-334
-389
-325
-251
-164
-36
37
87
210
272
198
160
174
102
52
86
-95
-574
-1005
-1321
-1828
-2440
-2815
-3078
-3402
-3463
-3148
-2882
-2713
-2326
-1836
-1491
-1162
-788
-527
-319
-22
316
651
1013
1367
1720
2125
2466
2666
2777
2777
2594
2331
2055
1681
1251
898
621
364
171
53
-32
-73
-55
-7
33
50
49
88
168
224
288
408
536
634
741
827
826
783
714
556
329
129
-37
-204
-346
-437
-480
-452
-344
-210
-116
-52
64
237
302
248
251
307
262
201
192
-71
-622
-1053
-1341
-1891
-2540
-2877
-3103
-3406
-3413
-3063
-2811
-2650
-2219
-1659
-1283
-971
-574
-279
-121
116
488
831
1114
1470
1891
2240
2502
2727
2832
2734
2522
2272
1926
1495
1069
692
349
86
-69
-142
-165
-141
-69
-2
45
92
147
184
223
291
364
437
542
667
752
778
751
711
654
537
370
213
28
-184
-321
-384
-469
-495
-394
-281
-188
-40
118
190
226
285
326
293
229
190
48
-353
-834
-1197
-1649
-2264
-2658
-2842
-3148
-3335
-3089
-2803
-2711
-2413
-1906
-1581
-1308
-838
-443
-261
-10
357
655
959
1339
1685
1980
2289
2545
2674
2686
2576
2356
2088
1773
1394
992
619
306
89
-42
-146
-203
-167
-87
-21
52
118
138
173
275
385
443
495
588
693
764
785
752
684
584
454
322
180
-40
-277
-404
-466
-531
-518
-415
-341
-246
-56
121
195
256
343
377
334
279
194
-81
-558
-999
-1352
-1848
-2413
-2736
-2911
-3147
-3203
-2937
-2677
-2512
-2169
-1688
-1324
-1009
-636
-332
-122
139
451
738
1026
1346
1673
1992
2296
2533
2649
2623
2480
2288
2030
1667
1243
858
520
205
-20
-150
-257
-325
-266
-116
2
83
181
267
322
380
446
483
500
550
628
698
716
673
615
541
409
265
143
-46
-273
-401
-454
-550
-597
-517
-428
-360
-215
-8
124
186
272
364
363
286
202
9
-401
-862
-1202
-1602
-2168
-2597
-2780
-2962
-3077
-2887
-2596
-2412
-2098
-1620
-1247
-947
-604
-350
-171
91
379
628
924
1245
1532
1869
2208
2404
2498
2545
2463
2260
2023
1714
1314
922
580
275
48
-100
-195
-235
-201
-114
8
123
187
253
349
412
432
463
503
514
520
560
591
565
511
454
360
240
113
-44
-245
-410
-504
-582
-639
-621
-540
-438
-306
-132
62
210
326
432
467
404
329
223
-103
-589
-980
-1329
-1829
-2317
-2590
-2803
-3000
-2967
-2721
-2495
-2277
-1905
-1467
-1134
-836
-479
-185
-19
213
555
832
1046
1341
1678
1956
2211
2417
2493
2468
2383
2191
1893
1573
1223
838
473
170
-52
-179
-249
-292
-246
-115
16
135
259
344
397
471
522
514
508
538
549
535
530
534
481
359
248
145
-5
-176
-325
-465
-566
-588
-559
-520
-441
-324
-208
-84
54
153
194
252
300
260
207
133
-151
-594
-932
-1265
-1809
-2307
-2534
-2760
-3010
-2918
-2621
-2470
-2249
-1745
-1293
-1007
-620
-221
-24
153
452
699
869
1094
1350
1595
1861
2106
2251
2324
2338
2262
2092
1847
1530
1163
797
458
179
-51
-229
-311
-293
-214
-79
60
157
275
416
459
440
487
509
440
424
485
470
402
387
368
286
189
96
-25
-156
-279
-392
-469
-504
-510
-479
-403
-314
-196
-41
80
164
280
387
367
305
286
127
-269
-654
-945
-1404
-1995
-2364
-2577
-2875
-3034
-2859
-2612
-2439
-2103
-1598
-1178
-856
-492
-131
104
280
491
712
886
1046
1293
1593
1820
1995
2207
2350
2313
2208
2092
1833
1440
1094
788
421
97
-87
-214
-314
-301
-201
-108
1
154
288
384
492
568
574
585
608
556
486
476
418
288
217
179
48
-88
-143
-236
-380
-453
-468
-533
-567
-500
-427
-390
-298
-124
6
82
206
356
391
335
314
240
-56
-452
-770
-1145
-1668
-2116
-2364
-2601
-2825
-2793
-2554
-2350
-2106
-1676
-1228
-916
-601
-238
15
162
349
579
756
916
1152
1424
1653
1860
2066
2205
2228
2173
2066
1861
1562
1248
933
597
287
60
-105
-241
-292
-251
-168
-79
53
206
327
413
491
543
544
518
484
442
390
337
280
220
171
108
24
-56
-140
-242
-335
-394
-450
-493
-476
-419
-380
-317
-183
-49
30
129
280
355
325
305
291
112
-240
-572
-878
-1324
-1836
-2181
-2410
-2684
-2839
-2696
-2442
-2255
-1973
-1498
-1056
-767
-458
-88
146
241
423
693
840
927
1153
1446
1623
1767
1991
2142
2119
2041
1977
1810
1493
1155
862
550
221
-14
-146
-247
-296
-226
-86
42
171
322
441
510
541
552
538
479
412
376
341
262
194
167
110
5
-52
-82
-178
-280
-311
-344
-420
-450
-423
-410
-404
-337
-221
-104
-5
114
259
345
344
325
286
83
-280
-608
-916
-1395
-1891
-2166
-2402
-2700
-2757
-2546
-2399
-2235
-1796
-1332
-1041
-678
-247
-19
136
415
613
686
851
1073
1223
1409
1648
1805
1909
2019
2063
2011
1902
1721
1465
1168
863
559
258
-26
-223
-325
-377
-354
-247
-123
22
210
362
454
552
591
545
528
513
403
308
283
191
77
56
12
-113
-177
-193
-269
-349
-355
-358
-396
-393
-340
-294
-274
-211
-83
1
30
141
273
257
210
229
90
-257
-563
-839
-1294
-1781
-2094
-2367
-2621
-2670
-2536
-2359
-2088
-1699
-1303
-901
-488
-185
29
274
481
578
709
911
1039
1135
1359
1609
1723
1809
1953
2007
1916
1814
1690
1427
1093
805
510
186
-78
-250
-367
-416
-373
-260
-122
30
208
368
478
552
614
620
570
525
471
368
261
188
100
-9
-85
-129
-184
-251
-286
-292
-317
-341
-336
-320
-310
-294
-261
-209
-141
-62
13
106
204
250
242
230
125
-162
-498
-791
-1187
-1673
-2016
-2238
-2503
-2635
-2498
-2317
-2160
-1826
-1379
-1034
-699
-304
-5
195
415
613
749
882
1024
1166
1335
1508
1653
1784
1881
1906
1891
1829
1675
1447
1183
896
610
328
65
-132
-266
-356
-358
-271
-174
-77
96
284
405
504
598
634
606
568
518
416
273
148
74
5
-97
-172
-197
-241
-304
-332
-340
-387
-434
-413
-351
-322
-306
-225
-113
-39
27
130
226
244
232
242
181
-61
-371
-636
-966
-1423
-1810
-2040
-2275
-2497
-2479
-2278
-2114
-1922
-1533
-1097
-794
-492
-105
182
310
485
723
857
914
1062
1267
1394
1496
1665
1797
1811
1798
1790
1683
1471
1236
993
706
405
150
-57
-218
-320
-346
-285
-175
-66
68
250
401
467
522
600
593
501
451
424
297
134
73
34
-102
-208
-205
-235
-339
-382
-366
-401
-459
-439
-382
-354
-319
-235
-132
-47
32
116
200
267
282
280
266
158
-64
-320
-586
-944
-1357
-1693
-1953
-2209
-2383
-2375
-2259
-2119
-1872
-1492
-1108
-774
-419
-67
194
381
569
740
848
935
1058
1196
1321
1437
1555
1660
1712
1702
1661
1584
1414
1188
969
731
455
197
9
-147
-273
-328
-284
-192
-97
32
218
373
461
549
623
613
545
493
422
305
171
47
-52
-143
-249
-340
-363
-383
-437
-435
-374
-367
-389
-337
-268
-267
-264
-200
-145
-116
-59
38
127
186
217
232
225
119
-116
-363
-602
-960
-1382
-1673
-1879
-2148
-2312
-2216
-2063
-1954
-1678
-1243
-900
-618
-231
128
323
502
726
857
911
1012
1126
1191
1266
1382
1457
1502
1557
1567
1498
1403
1276
1064
828
613
378
129
-47
-156
-245
-269
-199
-104
-9
140
300
411
490
559
572
528
467
390
274
148
45
-51
-140
-213
-268
-316
-356
-384
-392
-387
-386
-379
-346
-302
-258
-205
-149
-103
-53
15
70
109
162
208
195
162
115
-38
-294
-540
-804
-1180
-1540
-1768
-1975
-2187
-2213
-2063
-1925
-1747
-1384
-989
-706
-395
-13
249
401
601
795
870
931
1050
1136
1176
1247
1340
1388
1416
1430
1410
1348
1249
1096
910
723
511
279
100
-18
-139
-221
-190
-111
-56
35
200
327
381
457
540
533
474
440
395
284
170
92
-3
-117
-203
-269
-334
-380
-403
-417
-411
-381
-352
-327
-270
-208
-178
-146
-83
-30
-11
26
91
133
137
137
131
68
-84
-282
-489
-757
-1097
-1404
-1634
-1848
-2036
-2067
-1970
-1848
-1660
-1346
-993
-695
-399
-76
193
367
522
686
803
861
928
1036
1121
1162
1227
1313
1355
1349
1338
1315
1234
1099
947
796
620
410
219
89
-20
-136
-178
-131
-77
-19
93
233
323
380
449
478
443
381
311
228
122
12
-84
-150
-204
-271
-303
-289
-291
-317
-288
-234
-234
-243
-198
-162
-181
-180
-138
-106
-100
-64
11
81
100
100
107
62
-100
-318
-504
-737
-1076
-1362
-1510
-1675
-1861
-1866
-1723
-1626
-1502
-1206
-884
-664
-416
-96
143
293
470
639
725
788
868
931
977
1028
1083
1139
1197
1243
1260
1258
1228
1136
1010
872
699
498
323
184
45
-67
-104
-103
-100
-55
36
117
177
244
315
347
340
325
298
234
143
53
-37
-132
-220
-297
-340
-349
-351
-339
-274
-179
-126
-79
-5
34
6
-22
-41
-103
-171
-204
-225
-240
-207
-179
-185
-171
-180
-315
-495
-638
-863
-1182
-1396
-1508
-1672
-1765
-1630
-1428
-1266
-964
-537
-203
68
402
672
779
842
901
850
735
659
584
488
438
448
461
484
558
624
646
679
706
665
607
582
518
410
351
339
286
244
287
336
341
387
474
511
511
536
526
447
352
255
113
-48
-181
-313
-432
-500
-535
-549
-517
-442
-359
-262
-134
-10
91
185
266
306
317
308
277
228
177
131
84
43
-6
-72
-153
-276
-466
-687
-913
-1185
-1471
-1680
-1830
-1956
-1969
-1841
-1670
-1447
-1099
-725
-399
-64
272
509
662
790
847
816
763
701
607
522
461
415
393
394
418
456
499
539
574
594
590
587
577
546
531
537
539
547
588
635
659
690
724
718
692
659
592
491
386
271
122
-23
-150
-281
-406
-488
-537
-571
-558
-495
-416
-321
-191
-59
52
156
249
304
320
320
299
253
191
130
63
-9
-87
-177
-283
-408
-568
-762
-978
-1200
-1429
-1639
-1797
-1893
-1930
-1879
-1728
-1518
-1247
-914
-565
-237
79
358
554
685
767
778
726
666
596
506
443
415
393
387
421
460
492
538
589
627
653
683
701
703
709
713
712
707
705
710
711
707
705
704
685
645
601
532
433
325
210
80
-55
-180
-285
-385
-468
-506
-511
-501
-457
-368
-273
-187
-78
38
117
175
236
264
243
208
166
87
1
-76
-159
-241
-318
-412
-517
-639
-804
-990
-1172
-1367
-1565
-1699
-1770
-1802
-1751
-1588
-1368
-1106
-777
-423
-105
180
432
614
717
761
754
702
617
529
445
368
308
279
279
290
334
399
458
531
611
677
719
765
801
803
804
809
797
761
738
716
670
620
593
551
487
443
402
328
251
188
100
-11
-95
-177
-284
-366
-397
-431
-456
-405
-331
-268
-165
-31
69
145
235
284
277
255
211
123
32
-55
-168
-264
-326
-420
-523
-586
-685
-850
-992
-1108
-1291
-1473
-1542
-1583
-1648
-1587
-1390
-1213
-1011
-685
-366
-140
105
355
487
550
624
641
579
528
492
432
360
338
339
324
325
375
432
459
518
611
659
684
754
799
779
789
816
768
719
722
677
598
583
569
494
451
437
367
285
236
161
45
-41
-119
-225
-311
-346
-371
-387
-355
-284
-215
-148
-58
36
95
126
158
170
128
77
47
-8
-86
-132
-163
-222
-279
-323
-393
-495
-607
-753
-923
-1094
-1264
-1407
-1500
-1544
-1526
-1430
-1275
-1070
-815
-546
-289
-38
174
325
438
515
529
512
488
441
378
336
303
271
257
260
271
304
355
413
484
570
646
717
786
833
853
862
850
806
758
707
643
588
548
506
462
423
384
326
263
202
125
46
-27
-95
-162
-212
-247
-274
-293
-300
-303
-294
-267
-234
-189
-125
-62
-12
39
70
74
65
43
-4
-60
-112
-170
-228
-275
-322
-384
-457
-552
-678
-818
-962
-1095
-1206
-1274
-1299
-1280
-1207
-1082
-911
-714
-502
-288
-89
72
196
294
350
373
377
366
335
305
290
273
264
276
293
311
342
391
438
490
555
621
678
729
769
792
799
792
768
727
678
625
567
511
455
406
356
308
259
212
169
118
73
32
-8
-52
-91
-124
-154
-180
-198
-198
-188
-174
-143
-91
-43
0
42
67
70
54
29
-8
-53
-102
-154
-204
-255
-319
-392
-473
-590
-727
-862
-999
-1139
-1245
-1297
-1312
-1290
-1212
-1083
-926
-756
-574
-389
-225
-83
34
132
217
274
310
350
382
383
377
392
386
356
350
358
357
372
412
459
519
588
645
708
769
799
807
822
806
754
709
665
591
515
461
396
332
287
244
201
171
141
101
70
37
-12
-55
-87
-128
-170
-186
-196
-207
-202
-184
-164
-145
-118
-99
-84
-64
-62
-64
-69
-80
-115
-144
-167
-212
-256
-293
-343
-416
-484
-581
-705
-821
-927
-1036
-1117
-1144
-1157
-1129
-1043
-925
-798
-633
-451
-297
-142
0
111
191
265
318
346
382
403
410
411
415
398
384
385
379
384
409
446
481
533
582
626
679
716
740
755
758
734
702
662
603
549
490
434
373
319
268
211
169
120
78
39
7
-31
-65
-86
-119
-150
-171
-178
-199
-199
-188
-179
-164
-139
-116
-103
-82
-82
-88
-95
-119
-145
-167
-189
-222
-250
-281
-330
-391
-465
-560
-681
-797
-899
-999
-1079
-1102
-1096
-1075
-988
-859
-736
-590
-410
-264
-143
-14
84
147
214
271
303
336
373
394
414
430
421
416
407
382
373
382
390
409
467
521
561
625
679
695
705
712
682
639
607
566
515
476
443
404
364
330
287
236
186
141
94
48
12
-17
-49
-74
-97
-119
-137
-149
-162
-169
-166
-172
-164
-148
-143
-134
-119
-121
-130
-132
-142
-160
-166
-188
-226
-249
-297
-381
-455
-538
-665
-782
-858
-958
-1045
-1055
-1045
-1041
-962
-835
-742
-613
-442
-317
-209
-69
24
82
175
236
260
323
371
374
408
438
412
413
427
387
375
407
399
404
470
504
516
584
636
635
663
699
670
649
654
607
546
523
472
397
351
309
240
192
159
105
64
42
8
-24
-43
-72
-101
-114
-139
-164
-170
-176
-189
-180
-169
-174
-158
-143
-160
-159
-150
-176
-191
-179
-205
-231
-221
-251
-300
-327
-388
-484
-549
-632
-739
-798
-837
-891
-886
-845
-818
-750
-649
-567
-470
-347
-251
-161
-54
27
99
178
234
275
319
347
358
369
375
365
364
360
350
357
369
378
407
441
473
515
558
589
614
632
629
616
596
561
521
483
438
395
359
325
288
251
209
164
115
64
19
-22
-60
-85
-105
-123
-129
-140
-146
-152
-160
-168
-164
-167
-165
-150
-141
-140
-132
-139
-156
-158
-184
-216
-228
-266
-313
-339
-390
-461
-503
-567
-655
-692
-730
-791
-788
-760
-763
-703
-605
-561
-474
-344
-285
-216
-97
-43
-3
97
150
164
243
288
281
329
363
335
350
384
356
365
410
399
408
464
469
470
525
530
513
545
553
518
526
530
490
482
480
435
407
398
345
296
270
209
144
109
56
-4
-27
-59
-99
-106
-115
-142
-140
-142
-166
-172
-176
-197
-206
-193
-198
-196
-178
-177
-182
-173
-177
-196
-205
-224
-264
-295
-327
-383
-434
-472
-532
-588
-614
-651
-681
-668
-654
-650
-600
-535
-497
-421
-333
-279
-215
-129
-80
-40
28
69
94
150
191
208
252
294
309
336
373
383
395
425
430
432
456
468
465
486
503
499
507
518
506
499
497
478
455
447
423
390
375
351
308
272
234
183
135
100
51
4
-20
-50
-78
-87
-95
-116
-116
-116
-130
-126
-120
-133
-135
-126
-144
-151
-139
-153
-172
-163
-181
-219
-223
-254
-319
-362
-418
-518
-588
-637
-715
-756
-755
-776
-770
-714
-669
-620
-539
-471
-432
-366
-295
-256
-194
-114
-58
0
80
143
189
252
301
319
345
374
375
392
421
428
442
475
491
504
532
544
537
550
551
532
529
519
493
482
469
437
414
394
355
322
297
255
221
198
164
128
106
76
38
12
-22
-56
-83
-111
-140
-159
-171
-184
-191
-187
-188
-189
-182
-180
-181
-181
-186
-196
-211
-227
-250
-276
-308
-343
-381
-421
-457
-494
-530
-551
-567
-583
-584
-577
-568
-554
-523
-495
-461
-409
-364
-318
-255
-195
-145
-85
-23
27
80
133
174
215
250
279
307
333
359
384
401
419
442
455
465
484
492
496
508
509
498
493
482
465
446
430
413
397
378
362
343
320
301
276
245
216
180
133
99
61
26
-1
-26
-54
-73
-86
-102
-104
-103
-113
-116
-125
-150
-161
-173
-194
-201
-210
-230
-241
-253
-283
-296
-308
-357
-391
-423
-489
-527
-546
-607
-629
-611
-640
-634
-573
-579
-583
-528
-559
-575
-476
-433
-397
-240
-140
-98
44
136
158
259
327
298
331
360
316
341
407
420
476
569
583
595
625
587
546
541
499
467
479
465
446
458
445
411
410
392
353
333
294
236
200
167
126
111
107
89
73
59
25
-14
-46
-80
-108
-118
-137
-153
-156
-171
-189
-187
-196
-213
-219
-241
-280
-307
-336
-376
-388
-390
-401
-399
-387
-392
-394
-392
-403
-414
-413
-417
-418
-402
-388
-369
-341
-307
-280
-246
-211
-175
-138
-101
-65
-31
1
31
61
82
99
115
125
135
155
173
191
217
242
265
291
310
328
343
354
364
370
373
373
373
366
359
356
347
345
345
339
338
334
322
310
295
273
255
234
205
177
151
126
100
82
64
52
38
24
8
-8
-30
-56
-84
-112
-137
-163
-193
-219
-247
-276
-306
-339
-366
-392
-418
-443
-460
-477
-491
-496
-497
-492
-481
-466
-448
-423
-398
-373
-342
-314
-285
-250
-222
-190
-155
-120
-88
-53
-22
5
34
64
88
113
138
156
181
202
225
250
273
296
319
339
357
374
387
398
410
418
426
435
438
444
446
443
436
424
410
395
373
349
324
296
266
235
201
165
130
95
59
25
-7
-37
-66
-96
-121
-150
-177
-205
-230
-258
-282
-304
-329
-352
-373
-391
-411
-430
-445
-457
-467
-470
-470
-464
-454
-446
-431
-414
-395
-373
-349
-324
-293
-264
-232
-198
-165
-130
-97
-62
-28
5
39
67
97
127
153
175
195
217
236
252
271
287
303
317
330
343
354
363
371
377
385
391
395
397
398
396
391
386
378
369
354
338
317
292
268
239
209
181
146
114
80
47
15
-18
-49
-82
-112
-144
-170
-202
-230
-253
-278
-303
-326
-344
-363
-380
-392
-400
-409
-414
-413
-413
-407
-401
-393
-381
-365
-348
-329
-310
-289
-265
-240
-216
-189
-160
-133
-106
-80
-54
-29
-4
19
42
63
82
102
119
136
151
162
177
189
202
217
228
240
248
256
262
266
268
270
268
268
270
271
272
273
275
277
278
277
275
270
262
251
241
225
211
196
181
162
138
118
98
76
54
28
2
-24
-50
-77
-104
-131
-156
-177
-199
-217
-236
-251
-267
-280
-291
-304
-309
-317
-320
-321
-318
-313
-308
-293
-279
-264
-250
-232
-212
-196
-180
-165
-144
-128
-115
-99
-85
-69
-55
-39
-19
-1
16
31
47
63
76
84
98
108
117
124
133
147
159
169
175
183
190
191
196
201
201
197
193
192
191
187
183
179
179
174
162
160
153
141
132
122
111
97
84
70
57
45
30
16
4
-11
-28
-41
-52
-65
-81
-93
-101
-109
-120
-126
-132
-135
-142
-145
-145
-148
-150
-150
-147
-144
-144
-143
-134
-125
-122
-116
-106
-96
-90
-83
-75
-66
-61
-56
-45
-38
-33
-28
-19
-11
-5
-2
4
8
13
18
22
30
35
41
48
54
57
62
71
72
74
78
80
85
84
83
84
81
78
75
74
69
65
62
56
51
46
42
37
35
28
25
23
18
13
10
9
8
2
-3
-3
-3
-9
-13
-13
-13
-12
-18
-17
-19
-21
-22
-21
-21
-21
-21
-23
-18
-21
-21
-23
-21
-19
-18
-17
-19
-17
-15
-17
-15
-14
-17
-18
-19
-20
-20
-20
-21
-19
-23
-23
-21
-20
-21
-20
-18
-17
-16
-15
-11
-11
-10
-7
-6
-3
-2
2
1
-1
1
1
2
4
5
7
7
6
8
13
12
16
16
19
20
19
19
20
19
17
17
14
13
9
3
0
-3
-4
-8
-8
-9
-11
-9
