3
4
0
0
3
2
0
-1
0
1
-1
2
2
1
3
2
-1
3
-4
-3
-1
-3
-3
-4
0
-1
-4
2
0
-1
2
4
1
-1
1
-1
3
2
1
2
4
0
-1
0
2
1
1
1
4
5
-1
1
2
2
2
2
2
4
3
2
0
-2
-1
3
-3
-1
2
-1
2
-3
-3
-4
-1
-3
1
0
-5
-4
-4
-5
-4
0
-7
2
4
-1
1
2
-2
2
2
-4
4
6
3
1
1
0
-8
0
0
-4
-1
-4
-1
-10
-2
-3
-2
6
-4
3
5
-2
6
-5
3
6
0
10
-14
-2
10
7
1
-3
0
3
4
1
-3
8
12
-13
0
5
-16
3
18
-25
-16
0
4
-17
17
-16
-20
12
13
1
-22
39
-1
-7
21
0
-25
13
11
43
-11
-42
22
-36
29
9
26
-40
-75
38
84
-79
-26
-46
-31
115
-15
-67
47
-71
54
-18
10
89
-139
125
-35
34
26
28
29
-103
137
28
-115
162
-29
-155
75
68
26
-72
-47
-21
-16
94
-33
-38
-83
14
-21
-38
-5
44
178
-164
-182
147
-46
3
153
-121
35
-8
-143
126
90
-49
-135
191
-44
-139
84
10
119
-146
53
-38
62
-93
185
-151
24
23
22
-106
0
180
-144
54
-9
-27
-1
-133
177
61
-50
-39
-76
9
129
44
-64
-100
9
114
-13
-24
65
-125
53
164
-193
-95
220
-37
36
-80
-59
16
41
123
-115
-31
137
-232
123
76
-123
102
-88
39
-29
91
-66
31
-11
-163
270
-101
-92
76
18
-48
-59
111
-45
14
-21
-19
39
1
-35
13
15
62
-171
146
-45
44
-194
190
12
-37
-18
-140
41
174
-37
-64
24
-126
121
-84
125
-156
80
146
-116
-57
102
-116
42
70
4
109
-173
-18
25
76
-82
122
-63
-48
75
-101
128
-23
-114
103
-70
-29
138
-25
-100
12
44
-30
-47
100
-52
-12
100
-29
-155
7
151
-131
49
82
-79
29
-82
91
-173
184
-82
49
-16
49
-1
-102
54
-34
107
-195
161
42
-84
86
-78
-51
205
-248
97
106
-59
21
-76
66
18
-122
91
-80
282
-194
118
-267
203
5
-58
42
-76
246
-365
177
41
143
-385
108
119
-52
11
137
-200
-112
191
-177
342
-372
302
-254
81
-21
-95
158
-215
352
-340
240
-164
69
-56
-159
283
-52
-161
136
37
-124
77
6
-36
-78
-60
319
-61
-146
67
-29
95
-301
227
240
-230
-65
113
28
-153
130
169
-376
141
232
-244
193
-48
-87
-62
224
-259
217
173
-409
201
86
-89
32
-66
-212
516
-347
9
243
-166
-36
-91
25
187
-99
-224
208
181
-402
146
319
-446
-36
137
122
-211
149
170
-321
-117
182
169
-88
-241
306
27
-477
436
122
-399
-19
230
169
-462
519
-280
-135
305
-272
-28
223
52
-186
26
123
-61
-84
271
-469
393
-6
-177
198
124
-431
230
229
-322
136
-197
176
12
63
-97
11
-175
68
91
98
-307
136
34
-66
101
-42
-180
-55
199
67
-119
97
-95
-202
283
-88
28
-115
101
46
-163
225
-117
-97
107
-35
-48
267
-262
94
-1
15
-30
11
-43
41
216
-97
-125
194
-75
-50
212
-306
252
100
-73
234
-264
4
59
-144
335
-68
100
-235
265
-92
-217
149
-251
428
-189
-111
176
-141
-171
255
-384
141
200
-352
215
-143
164
-315
110
-183
106
-98
21
-257
355
-45
-113
-35
-255
141
-92
292
-137
-13
-108
202
-169
-18
12
94
-211
398
-3
-310
488
-298
115
243
-228
141
274
-195
229
-73
-69
127
272
-220
169
238
-505
477
183
-203
-60
-67
486
-439
348
-88
-230
332
-317
121
21
-225
167
14
-39
-332
211
-307
287
-321
-49
50
-321
240
-255
-34
-284
22
128
-129
-70
1
-161
-98
-84
113
-124
31
-194
-229
282
-157
-87
-110
32
-105
130
116
-260
118
-135
188
151
-142
-41
22
182
249
-239
39
201
-218
374
136
56
227
150
-119
352
192
93
-2
303
235
-213
635
-30
-59
428
39
-34
403
-7
-43
103
519
-400
53
312
-269
71
-37
-118
461
-471
-45
-47
62
-152
-594
86
-133
-60
-459
82
-210
-430
-334
-100
-481
65
-564
102
-321
-168
-434
-387
393
-479
-63
-205
-25
-217
148
-335
197
-152
82
77
342
-74
0
609
-64
395
-116
79
494
-55
209
279
121
340
-59
268
-362
262
408
-107
-2
259
21
47
80
72
256
-353
400
-375
81
252
-412
443
126
-159
240
-165
170
-164
-163
134
-49
174
-327
182
-76
-34
-179
-320
235
-394
-156
-182
447
-391
-286
-412
515
-289
-317
87
-161
-373
62
-154
-326
586
-695
48
334
-331
-44
155
170
-229
439
185
-169
465
-191
450
-43
391
240
449
-89
439
797
9
226
422
84
318
422
-194
658
116
-191
233
-86
206
-164
90
-230
68
69
-682
-71
-313
-398
-249
-51
-678
119
-465
-433
-624
117
-849
-277
-216
-501
-303
5
-720
27
-84
-543
-173
-336
309
-477
76
-151
-137
14
-55
-67
248
-67
-32
82
111
-13
352
191
-66
428
253
100
346
25
222
346
368
594
180
328
440
523
268
304
462
677
95
581
609
-64
443
185
421
25
419
87
405
13
2
112
-449
217
-133
163
-352
-380
-17
-517
-240
-327
-637
-195
-394
-659
-414
-300
-594
-763
-50
-645
-673
-294
-338
-543
-357
-219
-586
-345
-265
-178
-314
-34
-226
-239
68
-68
194
201
-99
372
287
395
275
207
587
665
1062
156
489
1148
433
656
844
449
894
400
673
791
567
363
625
267
303
415
-3
223
-13
100
-498
274
-368
-739
170
-613
-638
-565
-828
-397
-968
-636
-1019
-936
-540
-985
-1275
-569
-1109
-715
-952
-871
-481
-987
-500
-944
-332
-563
-287
-330
-221
-260
10
170
24
281
316
551
264
787
582
554
967
1061
730
1205
1190
701
1579
1111
833
1656
915
920
1108
1494
527
1046
1270
453
908
847
566
471
200
646
57
178
189
-219
48
-520
-314
-643
-421
-865
-699
-1128
-960
-617
-1342
-1405
-1186
-1156
-1441
-1310
-1182
-1386
-1463
-1099
-1318
-1367
-1008
-1070
-1299
-757
-666
-1071
-498
-483
-332
-562
-96
7
-314
436
50
213
1074
1
693
868
411
1257
703
811
1197
1208
1098
1218
1137
1409
859
1102
1628
823
1742
1081
953
999
772
699
1344
513
178
1076
596
236
213
-12
-46
-31
-291
-322
-438
-419
-759
-755
-477
-918
-861
-1290
-942
-867
-1347
-1104
-1435
-1146
-1110
-1425
-920
-972
-1110
-961
-906
-858
-739
-602
-679
-442
-670
-129
-159
-383
196
-266
319
471
359
397
680
381
610
683
596
1292
751
734
1165
1171
918
1229
1060
1020
1400
939
1057
1340
805
1266
587
1178
1076
266
1158
253
574
467
18
371
-237
-128
-102
-569
-563
-517
-835
-790
-1041
-899
-1349
-1328
-1069
-1480
-1495
-1167
-1355
-1571
-1395
-1353
-1332
-1435
-1197
-1209
-1010
-771
-1024
-899
-494
-595
-412
-250
-190
-159
217
-268
355
384
195
505
1018
625
652
1238
427
1143
1017
828
1260
1215
1300
979
1412
1208
1047
1427
1583
802
1211
1569
1287
1099
1214
1098
1120
921
712
953
680
924
289
294
384
-347
59
-481
-699
-590
-197
-1181
-875
-939
-1618
-1570
-1354
-1763
-1521
-1617
-1660
-1766
-1636
-1706
-1905
-1731
-1452
-1254
-1426
-1311
-1008
-1080
-999
-713
-720
-621
-595
-56
-111
-20
96
7
-5
412
861
237
992
988
657
973
1044
1085
1147
1085
1304
1526
1384
1876
884
1455
1492
1460
1615
1381
1711
1333
1490
1483
1085
1176
1207
1199
1216
390
675
806
168
514
-190
-576
-179
-353
-477
-740
-972
-1252
-1353
-1349
-1601
-1696
-1534
-1614
-1691
-1844
-1863
-1870
-1993
-1713
-1642
-1478
-1675
-1578
-1098
-1180
-1308
-1055
-934
-721
-593
-307
-396
-370
-146
-51
210
-12
46
859
459
649
1067
541
890
1100
1007
1583
1056
1385
1772
1075
1846
1317
1694
1675
1047
1891
1357
1487
2008
895
1455
1576
1428
995
1570
1329
720
1242
731
318
-70
-47
210
-303
-443
-434
-558
-985
-788
-1198
-1694
-1841
-1418
-1573
-1884
-2022
-1874
-1958
-2190
-2056
-2100
-2018
-1791
-1754
-1838
-1363
-1692
-1513
-1524
-998
-562
-706
-325
-19
-79
-283
77
520
338
636
690
661
1020
860
582
1334
1358
943
1528
1197
1232
1909
1068
1817
1538
1451
1866
1466
1550
1422
1156
1791
1089
1178
1393
1636
1087
1177
1389
1118
832
631
813
139
-36
-189
-254
-263
-468
-517
-958
-1197
-1162
-1664
-1799
-1626
-1717
-1978
-2071
-2152
-2210
-2157
-2131
-2141
-1906
-1988
-1942
-1815
-1377
-1508
-1549
-1092
-927
-886
-769
-314
-25
-121
-81
411
100
152
842
727
569
1154
991
852
1509
740
827
1601
1349
1418
1816
1323
1450
1664
1157
1653
1535
1612
1895
1640
1824
1427
1164
1589
1564
1307
1516
1386
1035
1242
956
181
581
365
67
-192
-24
-510
-670
-612
-1369
-1561
-1510
-1647
-1923
-1951
-2106
-2322
-2330
-2438
-2578
-2601
-2258
-2078
-2214
-2194
-2146
-1783
-1765
-1515
-1496
-1154
-639
-644
-555
-513
-293
51
-57
403
400
587
825
1100
1103
757
1294
851
1205
1276
1274
1444
1649
1571
1730
1253
1780
1415
1575
1706
1658
1825
1774
1763
1746
1451
1992
1706
1266
1896
1645
1478
1206
1106
745
466
750
280
-222
115
-401
-749
-596
-950
-1180
-1880
-1736
-1939
-2074
-2084
-2513
-2582
-2417
-2463
-2700
-2564
-2430
-2329
-2314
-2105
-1940
-1909
-1832
-1547
-1492
-1224
-876
-684
-524
-324
-177
-69
-49
-52
468
551
760
762
1017
1014
1027
1398
1051
994
1377
1764
1587
1704
1817
1537
1544
1970
1344
1976
1785
1734
2030
1723
1824
1523
1863
1932
1978
1589
1662
1759
1496
1086
916
-141
394
355
260
167
-270
-550
-1064
-1497
-1861
-1977
-2035
-2056
-2166
-2096
-2500
-2775
-3042
-2849
-2599
-2379
-2239
-2261
-2216
-2168
-1975
-1831
-1639
-1481
-943
-672
-547
-405
-378
-187
26
125
567
797
794
1119
1007
1022
956
1384
1039
1274
1259
1444
1377
1629
1544
1357
1494
1697
1366
1569
1669
1597
1495
1645
1523
1710
1380
1493
1384
1827
1709
1329
1466
988
691
282
158
152
43
-273
-131
-590
-1026
-1451
-1564
-1958
-1964
-2121
-2305
-2246
-2429
-2867
-2984
-2921
-2690
-2537
-2485
-2182
-1925
-1714
-1717
-1561
-1372
-1065
-762
-296
-248
-228
176
74
259
445
668
684
959
1329
1216
1167
1459
1251
897
1297
1541
1448
1606
1659
1627
1540
1865
1415
1539
2033
1740
1971
1450
2129
1735
1393
1671
1342
1732
1563
1892
1630
1370
1555
910
-182
2
111
-98
-56
-323
-927
-1439
-1790
-2117
-2454
-2235
-2515
-2564
-2663
-3059
-3458
-3745
-3678
-3488
-3107
-2840
-2839
-2630
-2403
-2365
-1956
-1591
-1231
-772
-373
-127
-102
123
211
594
905
1222
1213
1384
1716
1509
1425
1489
1654
1737
1513
1852
1936
1628
1852
1987
1789
1779
2049
1718
2051
1852
1798
2042
1936
1935
1656
1992
1842
1799
2428
2130
2014
1701
1804
988
694
364
-183
-43
-161
-605
-1107
-1438
-1862
-2295
-2731
-2867
-2865
-2963
-3130
-3454
-3794
-3980
-3925
-3686
-3442
-3165
-2929
-2613
-2466
-2376
-2400
-1900
-1304
-892
-337
-36
96
289
431
636
1020
1300
1550
1706
1796
1881
1474
1438
1200
1435
1565
1972
1972
1760
1775
1184
1472
1456
1517
1824
1904
2217
1906
2122
1596
1622
2015
1959
2154
2231
2127
1799
2268
1785
1246
743
205
63
217
135
-487
-1074
-1338
-1740
-2248
-2628
-2812
-3007
-3016
-3049
-3543
-4135
-4113
-3905
-3563
-3275
-3111
-2928
-2728
-2381
-2342
-2118
-1772
-1286
-708
-175
234
319
393
530
953
1348
1676
1829
1804
2048
1777
1811
1795
1891
1987
2196
2068
1684
1597
1608
2113
1581
1775
2039
1995
1857
1996
1873
1611
2044
2059
2221
2156
2229
2212
2020
2427
1824
936
432
-67
117
-141
-565
-813
-1438
-2112
-2518
-2802
-3484
-3766
-3638
-3683
-3854
-4300
-4771
-4705
-4430
-3886
-3584
-3522
-3245
-3015
-2773
-2503
-2225
-1670
-915
-347
130
387
551
874
1251
1731
2067
2194
2412
2440
2111
2120
2218
2409
2660
2769
2443
1952
1841
1820
1819
1921
2241
2200
2010
2256
2175
2217
2444
2534
2437
2645
2768
2391
2299
3024
2892
2291
1790
830
365
398
333
-284
-784
-1529
-2285
-2790
-3325
-3912
-4200
-4153
-4063
-4481
-5153
-5791
-5859
-5424
-5021
-4697
-4301
-4009
-3717
-3298
-2987
-2626
-1981
-1047
-159
450
693
738
917
1486
2139
2560
2969
3030
2942
2802
2531
2264
2396
2467
2527
2694
2506
2236
1925
1751
1840
1949
2123
2205
2059
2276
2310
2263
2144
2583
2848
3108
3275
3116
3104
2604
1748
966
782
704
630
355
-596
-1874
-2722
-3034
-3608
-3868
-4029
-4468
-4703
-5139
-5780
-6219
-6225
-5695
-4985
-4539
-4397
-4489
-4207
-3527
-2884
-2149
-1393
-742
4
543
801
1110
1619
2424
3091
3529
3516
3299
3298
3450
3542
3243
3114
2796
2719
2553
2292
1939
1808
1980
1927
1859
1674
1390
1521
1814
1974
1856
1862
2185
2297
2596
3055
3391
3078
2033
801
463
398
589
315
-487
-1518
-2551
-3123
-3720
-4306
-4489
-4729
-4830
-5157
-5932
-6685
-6726
-6120
-5357
-4681
-4452
-4471
-4227
-3555
-2800
-2022
-1075
-245
430
1112
1436
1549
2015
2828
3675
4153
4190
3894
3679
3320
3514
3588
3598
3563
3287
2709
2082
1669
1558
1829
2022
2082
1786
1616
1477
1447
1821
2116
2434
2751
2914
3058
3152
2442
1123
180
514
1008
806
-55
-1304
-2537
-3098
-3209
-3907
-4314
-4620
-4962
-5380
-5948
-6674
-7032
-6517
-5615
-5026
-4982
-5100
-4935
-4094
-3009
-2096
-1300
-594
30
844
1305
1599
2331
3181
3918
4533
4554
4169
4046
4249
4405
4600
4603
4065
3151
2633
2492
2455
2538
2535
2038
1572
1258
1122
1174
1491
1685
1575
1604
1720
1968
2306
3120
2652
1008
-377
-363
50
299
-46
-1293
-2778
-3622
-3808
-4345
-4740
-5052
-5275
-5681
-6257
-7202
-7592
-7132
-5939
-4918
-4739
-5018
-5004
-4121
-2789
-1417
-676
-97
596
1435
1989
2451
2970
3721
4777
5544
5330
4691
4513
4761
5056
5310
5100
3999
3034
2802
2717
2574
2599
2370
1989
1748
1626
1312
1220
1705
1819
1839
1861
1843
1685
2799
2969
1464
-384
-715
26
458
6
-1417
-3025
-3941
-3673
-3983
-4755
-5555
-6029
-6295
-6612
-7271
-7838
-7712
-6641
-5523
-5484
-5854
-5686
-4734
-3099
-1578
-1017
-912
-307
1022
2233
3040
3489
4005
4702
5483
5378
4818
4824
5407
5956
6029
5300
4140
3646
3879
3987
3507
2854
2411
2225
2189
2062
1784
1871
2044
2168
1976
1802
1721
2482
3222
1877
-430
-1750
-875
186
444
-1129
-3123
-4673
-4657
-4230
-4528
-5385
-6218
-6409
-6693
-7170
-7981
-7856
-6988
-5540
-5217
-5868
-6209
-5174
-3245
-1391
-651
-1096
-758
733
2407
3178
3758
4104
4708
5435
5829
5141
5020
5776
6319
6024
5206
4060
3560
4104
4348
3734
2646
1983
1905
2183
2380
1984
1762
1580
1541
1503
1817
2117
2983
3197
1057
-1267
-1932
-274
717
469
-1907
-3954
-5202
-4496
-3921
-4203
-5419
-6434
-6676
-7023
-7458
-7651
-7025
-6357
-5410
-5578
-6396
-6358
-4510
-2252
-745
-699
-1559
-1240
930
3171
4003
4097
3909
4198
5118
5847
5742
5852
6199
6262
5773
5018
4176
3809
4327
4630
3951
2548
1678
1608
2322
2830
2486
1535
664
1018
1782
2305
2335
3127
2346
-81
-2067
-1434
448
1092
-139
-2928
-4917
-5520
-4092
-3513
-3971
-5967
-7293
-7678
-7379
-7328
-7038
-6580
-6407
-6128
-6460
-6523
-5562
-3499
-1757
-970
-1533
-1928
-895
1673
3870
4416
3632
3159
3846
5479
6534
6503
6215
5844
5582
5361
5230
5024
5106
4685
3838
2901
2416
2570
2850
2850
2356
1706
1116
1157
1699
2249
2388
2337
2667
1310
-928
-1786
-53
1375
701
-2032
-4438
-5150
-4039
-2549
-3145
-5452
-7489
-7676
-6920
-6328
-6640
-7140
-7371
-6936
-6369
-6059
-5705
-4473
-2899
-1987
-1993
-2209
-1514
547
3059
3864
3059
2203
2992
4914
6674
6627
5475
4651
5162
5984
6008
5431
4577
4165
4025
3622
2798
2552
2825
2967
2552
1373
1086
1506
2457
2649
2172
1285
1755
2859
1472
-890
-1663
458
1231
271
-2399
-4076
-4597
-3034
-2310
-3837
-6450
-7700
-6800
-5852
-5990
-7258
-7749
-7645
-6401
-5682
-5642
-5728
-4585
-3125
-2172
-2132
-2255
-676
1730
3201
2565
2046
2590
4501
6188
6545
5166
4357
5249
6353
6544
5641
4635
3976
4475
4569
4025
3032
2741
2646
2561
2204
1930
2128
2041
2230
1774
1658
1742
3364
2942
-56
-2720
-1454
1301
1530
-779
-4069
-5082
-4464
-2229
-2612
-4971
-7811
-7674
-6414
-5775
-6614
-7622
-7744
-7160
-5997
-5958
-5934
-5149
-3528
-2871
-2672
-2411
-1556
358
2392
2933
2112
2177
3553
5299
6209
5724
4833
4782
5930
6615
6242
5169
4567
4587
4656
4284
3732
3294
3022
2688
2304
1903
2156
2470
2274
1575
1230
1697
2662
3738
1483
-1787
-2966
441
2385
846
-3332
-5261
-4712
-2732
-1677
-3781
-6980
-8506
-6473
-5190
-5654
-7543
-7853
-7488
-6308
-5735
-5988
-5759
-4310
-2914
-2886
-2694
-1909
-289
1301
2331
1849
1623
2969
4954
5796
5446
4703
4598
5604
6750
6600
5366
4452
4514
4734
4814
4384
3536
2919
2832
2864
2525
2561
2822
2514
1571
1455
2104
2661
3661
2701
-652
-3175
-789
2442
1878
-2047
-5048
-5229
-3527
-1471
-2681
-6178
-8829
-7626
-5690
-5306
-6931
-8154
-8413
-7339
-6057
-5914
-6223
-5368
-3859
-3527
-3403
-2264
-549
393
1348
1477
1482
2486
4704
5547
5099
4384
4783
5710
6770
6854
5606
4652
4779
5447
5412
4711
3588
3172
3254
3359
3021
2562
2612
2601
2030
1466
1898
2654
2955
3148
1540
-1636
-2500
850
3159
584
-3912
-5677
-4024
-1736
-1106
-4093
-7764
-8705
-6051
-4141
-5317
-7987
-8860
-7896
-6386
-5326
-5782
-6304
-5411
-3837
-3463
-3052
-1648
-384
43
589
1142
1946
3552
4840
4502
3812
4180
5477
6387
6376
5486
4536
4688
5231
5264
4772
4259
3665
3227
3105
3201
3227
2943
2782
2109
1775
2139
3031
3031
2959
2721
79
-2225
-568
3084
1967
-2191
-5245
-4379
-2536
-1019
-2384
-6334
-8820
-7191
-4326
-4445
-6926
-8955
-8487
-7058
-5369
-5230
-6287
-6535
-4843
-3480
-3189
-2593
-933
-297
-171
555
1701
3052
4242
4254
3469
3633
5071
6688
6384
5335
4285
4724
5694
6054
5079
3915
3526
3877
4146
3580
3176
2703
2930
2991
2572
2136
2390
3124
3272
3351
821
-1907
-1544
2670
3000
-1362
-5291
-4885
-2543
-1142
-2000
-6111
-8931
-7807
-4228
-4269
-7042
-9525
-8894
-7135
-5455
-5395
-6616
-6793
-5169
-3468
-3218
-2612
-1762
-583
-156
525
1414
3063
4188
3948
3271
3781
5455
6658
6530
4722
3985
5097
6709
6274
4575
3424
3754
4601
4905
3833
2414
2411
3212
3731
2964
2171
2183
3121
3435
3846
1638
-1554
-2039
1837
3518
-380
-5098
-5293
-2499
-1403
-2129
-5681
-8630
-8373
-4631
-3881
-6995
-9791
-8857
-6934
-5862
-5511
-6557
-7065
-5505
-3400
-3247
-3093
-1978
-825
-237
234
1211
2671
4014
3877
3163
3482
5289
6628
6263
4795
4049
5169
6549
6285
4574
3445
3918
5010
4972
3874
2733
2535
3331
4102
3279
2075
2055
3151
3642
3917
2042
-1333
-1959
1723
3807
55
-4793
-5215
-2400
-1203
-2234
-5506
-8339
-8099
-4906
-4011
-7134
-9809
-8895
-6935
-6030
-5872
-6768
-7225
-5711
-3748
-3325
-3431
-2314
-1118
-197
192
945
2460
4051
3976
3070
3476
5078
6640
6360
4911
3879
5147
6760
6675
4857
3502
3784
5037
5310
4028
2614
2406
3341
4260
3565
2334
1816
2829
3574
4069
2012
-1474
-2164
1574
3742
9
-4679
-5342
-2213
-1094
-2148
-5561
-8208
-7992
-4654
-3691
-6955
-9861
-8884
-6584
-5879
-5787
-6726
-7311
-5809
-3689
-3271
-3311
-2319
-1235
-798
10
1038
2341
3524
3853
2942
3299
5087
6668
6144
4720
4206
5156
6687
6676
4957
3126
3655
5162
5374
3946
2560
2232
2815
3908
3644
2365
1482
2160
3109
3441
3468
327
-2531
-1352
3492
2951
-2457
-6133
-3747
-957
-1080
-3203
-6720
-8381
-6441
-3086
-4560
-8524
-9628
-7183
-5812
-5666
-6027
-6906
-6560
-4555
-3170
-3454
-3075
-1628
-946
-728
196
1901
3082
3352
2687
2725
4266
6046
6190
4701
3881
4627
6342
6653
5227
3459
3420
4741
5434
4309
2879
2283
2843
3547
3793
2806
2059
1815
2595
3157
3883
2618
-1313
-2711
890
4419
835
-4518
-5601
-2269
-905
-1521
-4525
-7950
-8152
-4628
-2856
-6291
-9485
-8702
-6453
-5650
-5439
-6217
-7108
-5864
-3674
-3097
-3356
-2144
-1180
-1190
-550
1009
2432
3302
3229
2192
2750
5197
6751
5503
3873
3845
5311
6827
6535
4406
2917
3876
5583
5265
3514
2323
2547
3335
3704
3084
2103
2073
2539
2801
2388
3334
1853
-1241
-2342
1634
3528
-241
-4923
-4795
-1857
-1055
-2020
-5256
-7882
-7553
-3953
-3321
-6815
-9552
-8133
-6052
-5464
-5570
-6417
-6890
-5422
-3201
-2952
-3359
-2429
-1168
-621
-99
998
2058
3073
3137
2783
3181
4788
6070
5438
4153
3998
5375
6487
6177
4454
3359
4031
5444
5250
3535
2090
2223
3612
4092
3073
1467
1535
2319
3229
2816
2800
1532
-1243
-2182
1204
3844
-15
-5072
-5179
-1537
-716
-1999
-4928
-7764
-7666
-4070
-2700
-6291
-9398
-8323
-5911
-5359
-5223
-5944
-6972
-5903
-3292
-2502
-3125
-2550
-1674
-1284
-89
1660
1867
1665
2517
3211
3483
4531
5428
4796
4096
4666
5470
5745
5514
4720
3825
4299
5270
4481
3231
3107
3437
3013
2860
3132
3028
2542
2213
2288
2337
3522
2628
-1201
-2901
1049
4229
456
-4949
-5263
-1808
-553
-1644
-4929
-7977
-7485
-3733
-2732
-6519
-9597
-8138
-5580
-5132
-5576
-6464
-6908
-5440
-3121
-2717
-3536
-2980
-1508
-679
-18
821
1211
1945
3092
3292
3088
3868
5200
5130
4401
4380
4992
5562
5659
5001
4008
4015
4601
4551
3927
3486
2983
2691
2910
3245
2934
2392
2091
2283
2694
3484
2770
-1036
-2771
559
4390
1093
-4659
-5682
-1834
-74
-1462
-4650
-7670
-7410
-4032
-2357
-5933
-9519
-8616
-5652
-4970
-5535
-6279
-6890
-5788
-3448
-2565
-3406
-3014
-1969
-1532
-470
1530
2026
1090
1578
3066
4237
4540
4652
3865
3835
5176
6225
5545
4478
4294
4562
5134
5209
4476
2890
2705
3620
3927
3262
2103
1749
2151
3115
2761
1975
1453
2663
2211
-1101
-2336
946
3619
-454
-5351
-4937
-896
-458
-2614
-5736
-7782
-6563
-2896
-2501
-7293
-10162
-7527
-4343
-4582
-5804
-6669
-6872
-4819
-2331
-2234
-3804
-3337
-1642
-422
694
1453
1088
827
2508
3842
4079
3904
4252
4148
4459
5382
5558
4921
4445
4498
4250
4569
4933
4438
3151
2938
3420
3648
3348
3040
2331
2147
2677
3407
2882
2737
1588
-1031
-1478
2123
3949
-949
-5467
-4240
-316
-543
-2731
-5704
-7503
-6395
-2968
-2929
-7511
-9923
-7572
-5014
-5193
-5821
-6588
-7076
-5525
-3027
-2648
-3554
-3071
-2070
-1900
-405
2176
2455
435
299
2897
5299
5518
4040
2545
3079
5930
7465
5716
3136
3161
5008
6330
5531
3552
2302
3131
4526
4263
2796
1781
2249
2825
3031
2451
2051
1900
3069
1958
-1640
-2492
1889
3945
-1149
-6024
-4434
-170
-241
-2932
-6372
-7806
-5823
-2088
-2931
-8079
-10179
-6792
-4048
-4844
-6122
-6846
-6635
-4572
-2381
-2851
-3952
-2880
-1643
-1453
302
2280
1693
150
1169
3562
4983
4820
3626
2509
3569
6443
6873
4747
3049
3804
5344
5763
4987
3574
2809
3439
4212
3625
2737
2550
2569
2606
2574
2634
2473
2439
2871
578
-1993
-1001
3408
2633
-3250
-6210
-2547
563
-1160
-4195
-6867
-7180
-4783
-1995
-4610
-9339
-9298
-5516
-4375
-5736
-6422
-6767
-6324
-4354
-2660
-3190
-3602
-2386
-2150
-1299
1376
2678
544
-250
2231
4702
5035
4024
3000
2750
5191
7166
5890
3463
3358
5106
6059
5470
4018
3014
3270
4481
4222
2791
2191
2620
2985
2684
2393
2228
2230
2610
2873
135
-2445
-721
3688
2261
-4075
-6179
-1804
636
-1821
-4903
-6866
-6923
-4380
-2169
-5262
-9764
-8740
-4829
-4490
-6139
-6458
-6414
-6057
-4047
-2527
-3273
-3492
-2431
-1912
-509
1812
1831
-106
596
3157
4654
4377
3743
2947
3507
5766
6720
4983
3400
4187
5372
5695
5080
3873
3003
3792
4793
3701
2315
2355
2897
2813
2722
2254
1654
2042
2775
2903
47
-2360
-1047
3398
2403
-3652
-6242
-2172
668
-1648
-4643
-6629
-6604
-4508
-2401
-4983
-9187
-8612
-5039
-4446
-6150
-6389
-6179
-5951
-4244
-2713
-3089
-3588
-2235
-1833
-1232
1237
2574
826
-298
2055
4682
5266
3833
2740
2991
5338
7148
5744
3284
3165
5255
6322
5500
3576
2637
3386
4970
4330
2324
1592
2511
3295
2985
2135
1236
1768
2656
3270
644
-2436
-2041
2543
3252
-2272
-6352
-3485
490
-739
-4129
-6502
-6639
-4941
-2624
-4133
-8272
-9072
-5555
-4172
-5807
-6583
-5880
-5747
-4655
-3010
-2824
-3522
-2518
-1511
-1198
491
2167
1509
277
1631
3941
5021
4270
3288
3061
4677
6559
6140
4084
3288
4537
5748
5754
4460
2990
2877
4108
4513
3261
2229
2170
2675
2904
2682
1902
1653
2540
3278
432
-2731
-1278
3542
2708
-3422
-6298
-2392
634
-1257
-4586
-6879
-6911
-4459
-2148
-4799
-9238
-8891
-5215
-4449
-6053
-6502
-6226
-5979
-4440
-2872
-3079
-3491
-2299
-2082
-1626
1022
2819
1047
-491
1743
4413
5108
4154
3149
2637
4673
7124
6393
3821
3231
4930
6093
5621
4352
3241
3384
4472
4513
2977
2114
2476
2854
2520
2342
2042
1897
2185
3065
941
-2395
-1847
2687
3315
-2637
-6220
-3139
611
-984
-4025
-6364
-6938
-4960
-2188
-4004
-8836
-9279
-5495
-4228
-5826
-6431
-6119
-6117
-4625
-2781
-2833
-3720
-2833
-1767
-1281
632
2133
1183
-141
1611
3885
4780
4095
3271
2935
4259
6197
6166
4423
3587
4481
5531
5642
4701
3447
3205
3987
4129
3273
2593
2481
2451
2514
2486
1939
1679
2128
3011
1334
-1978
-2186
1946
3571
-1531
-5978
-4017
313
-224
-3502
-6277
-6907
-5133
-2528
-3510
-7941
-9246
-6025
-4074
-5387
-6351
-6081
-5970
-4862
-3107
-2741
-3490
-2877
-1919
-1184
643
2007
1027
-56
1489
3846
4829
4030
2985
2843
4538
6389
5964
4129
3484
4591
5785
5627
4565
3395
3240
3910
4151
3063
2429
2363
2497
2496
2418
1820
1777
2130
2684
1543
-1258
-2121
938
3483
-311
-5230
-4580
-258
-158
-3021
-5684
-6632
-5733
-3211
-3062
-6866
-9203
-6767
-4272
-5245
-6345
-6007
-5816
-5282
-3501
-2621
-3193
-3061
-2089
-1726
-14
2092
1626
-229
643
3425
4980
4346
3050
2647
3961
6195
6388
4392
3142
4322
5677
5641
4658
3720
3400
3788
4197
3400
2791
2782
2873
2405
2371
2317
2332
2366
2792
1399
-1614
-1725
2002
3525
-1551
-5660
-3617
410
-567
-3600
-5959
-6751
-5402
-2809
-3467
-7815
-9372
-6401
-4380
-5532
-6313
-6098
-6302
-5440
-3294
-2583
-3408
-2988
-1911
-1785
-280
2129
2189
92
485
3240
5041
4616
3514
2725
3443
5758
6794
5118
3235
3721
5284
5881
5133
3797
2997
3433
4247
3795
2785
2202
2463
2635
2627
2267
1810
1921
2613
2055
-1194
-2296
807
3768
-97
-5146
-4738
-464
183
-2832
-5614
-6732
-5553
-3082
-2885
-6841
-9374
-6984
-4243
-4888
-6280
-6200
-6000
-5264
-3470
-2630
-3160
-3115
-2202
-1585
-116
1633
1631
215
488
2819
4735
4594
3165
2496
3633
5851
6437
4816
3333
3775
5143
5647
5077
3826
3134
3453
4120
3666
2967
2409
2265
2236
2461
2375
2163
2161
2194
2081
-439
-1867
47
3560
622
-4675
-5061
-533
463
-2802
-5520
-6428
-5537
-3575
-2885
-6213
-9164
-7332
-4160
-4742
-6443
-6148
-5656
-5545
-3872
-2623
-3064
-3203
-1976
-1641
-609
1631
2075
121
41
2747
4477
4326
3415
2909
3248
5327
6601
5282
3431
3669
5048
5436
5173
4351
3342
3141
4082
4080
3081
2486
2355
2137
2183
2695
2459
1843
1809
2366
332
-1877
-635
3063
1408
-4000
-5347
-1196
565
-2342
-5139
-6209
-5851
-4026
-2651
-5504
-9056
-7923
-4468
-4535
-6325
-6375
-5727
-5515
-4045
-2763
-3122
-3469
-2158
-1340
-1439
57
2216
1963
121
807
3584
5246
4428
2939
2449
4073
6499
6572
4135
2680
3977
5934
6133
4486
2979
3019
3999
4356
3680
2557
2034
2441
2864
2695
2215
2069
2007
2453
864
-1596
-1148
2579
2457
-2807
-5702
-2587
801
-1188
-4781
-6657
-5997
-4228
-2708
-4645
-8550
-8685
-5199
-4094
-5987
-6565
-5934
-5672
-4523
-2972
-2716
-3525
-2980
-1797
-732
557
1380
947
300
1560
3611
4623
3760
2944
3112
4510
5993
5865
4327
3560
4335
5368
5563
4701
3531
3210
3752
4033
3489
2911
2300
2264
2436
2612
2203
1882
1682
2346
2211
-768
-2488
247
3569
144
-5030
-4953
-577
-18
-2892
-5481
-6411
-5706
-3511
-2933
-6479
-9139
-6931
-4202
-4992
-6231
-5910
-5702
-5168
-3529
-2611
-3102
-3003
-1923
-1457
-390
1415
1765
474
513
2588
4298
4438
3544
2866
3395
5335
6365
5076
3518
3525
4791
5708
5425
3966
2958
3329
4153
3919
3103
2409
2103
2257
2577
2618
2102
1884
1909
2463
589
-1799
-1248
2537
2039
-3229
-5555
-2065
516
-2023
-4901
-6093
-5821
-4458
-2858
-4895
-8526
-8060
-4767
-4373
-6160
-6197
-5579
-5484
-4411
-2978
-3041
-3348
-2358
-1541
-1244
296
1747
1267
415
1516
3497
4459
4178
3239
3011
4295
6029
5872
4294
3677
4258
5320
5601
4820
3420
3143
3792
3972
3418
2860
2416
2089
2295
2711
2470
1752
1490
2150
2251
-480
-2237
-122
3057
210
-4562
-4727
-800
-320
-3180
-5253
-6024
-5570
-3869
-3178
-6321
-8743
-6807
-4315
-5112
-6281
-5822
-5477
-5243
-3778
-2764
-3063
-3011
-1638
-1359
-1148
795
2517
1434
198
1739
4061
4836
3990
3041
2862
4743
6542
5930
3747
3235
4448
5659
5476
4254
3172
3125
3844
4017
3264
2496
2091
2079
2137
2480
2043
1639
1421
2344
1372
-1505
-2156
1048
2902
-1332
-5422
-3989
88
-663
-3734
-5736
-5968
-4970
-3103
-3536
-7188
-8671
-5793
-4024
-5356
-6223
-5443
-5291
-4844
-3363
-2615
-3004
-2731
-1765
-1544
-57
1863
1784
122
770
3206
4540
4132
3223
2855
3797
5812
6222
4655
3436
4109
5203
5423
4797
3792
3275
3524
3800
3344
2821
2592
2078
1774
1998
2415
1874
1272
1153
2006
1348
-1467
-2329
946
2933
-1496
-5577
-3811
-88
-935
-3635
-5392
-6130
-5147
-2944
-3344
-7372
-8682
-5617
-3820
-5250
-5994
-5339
-5417
-4729
-2944
-2518
-3244
-2604
-1510
-1445
-49
1981
1651
144
1083
3552
4573
4011
3212
3066
4047
5819
5993
4366
3527
4530
5363
5236
4584
3825
3325
3585
3840
3171
2651
2460
2157
1941
2071
2082
1445
1467
1597
2104
204
-1985
-1535
2172
2197
-2865
-5543
-2649
352
-1688
-4346
-5854
-5755
-4458
-2717
-4277
-7898
-7886
-4935
-4191
-5745
-5883
-5331
-5521
-4469
-2842
-2614
-3178
-2367
-1686
-1185
600
1948
977
62
1825
3881
4442
3782
3163
3097
4481
6087
5710
4033
3782
4869
5271
4917
4551
3880
3402
3489
3633
2996
2594
2368
2000
1675
1848
1986
1572
1278
1379
1901
3
-2079
-1059
2494
1285
-3538
-5071
-1625
140
-2160
-4509
-5732
-5621
-4049
-2676
-5007
-8159
-7281
-4517
-4479
-5815
-5658
-5436
-5339
-3925
-2578
-2826
-3101
-2157
-1495
-746
889
1691
817
704
2312
3835
4215
3877
3338
3384
4634
5922
5420
4124
3927
4669
5122
4968
4348
3512
3221
3476
3384
2703
2398
2054
1748
1635
1929
1799
1437
1279
1561
1825
-420
-2341
-913
2762
1060
-3872
-5021
-1383
211
-2172
-4576
-5732
-5366
-3699
-2667
-5114
-8082
-6970
-4414
-4449
-5685
-5539
-5366
-5227
-3838
-2729
-2856
-2997
-2131
-1744
-710
1035
1780
748
680
2250
3829
4268
3766
3083
3098
4721
6076
5434
4007
3834
4685
5095
4991
4304
3398
3189
3526
3454
2742
2529
2088
1738
1493
1887
1941
1441
1174
1361
1977
76
-2021
-1298
2217
1246
-3255
-4936
-1871
-34
-1983
-4120
-5532
-5658
-4143
-2593
-4695
-7954
-7289
-4515
-4217
-5551
-5470
-5321
-5367
-3986
-2557
-2758
-3244
-2192
-1428
-643
906
1702
820
594
2283
3794
4059
3660
3285
3482
4771
5932
5306
4006
3884
4713
4870
4653
4225
3598
3199
3300
3217
2664
2480
2060
1704
1510
2008
1825
1332
1186
1560
1994
-163
-2031
-908
2710
1110
-3553
-5054
-1594
25
-2107
-4294
-5627
-5601
-3980
-2383
-4813
-8133
-7237
-4271
-4186
-5608
-5380
-5239
-5269
-3826
-2458
-2794
-3183
-2068
-1548
-752
1102
1984
577
200
2267
3977
4232
3612
3105
3041
4686
6273
5483
3642
3574
4801
5096
4879
4163
3341
3020
3564
3560
2543
2170
2014
1819
1583
1977
1817
1163
1038
1373
2086
207
-2102
-1688
2141
1922
-2803
-5275
-2386
49
-1670
-3897
-5369
-5597
-4219
-2522
-4224
-7511
-7240
-4664
-4288
-5508
-5309
-5052
-5227
-4025
-2669
-2643
-2992
-1977
-1564
-954
809
1866
853
406
2096
3591
4099
3738
3288
3042
4449
5881
5445
3932
3609
4474
4919
4825
4199
3320
2960
3449
3471
2625
2187
2001
1747
1588
1722
1766
1223
1278
1308
1940
488
-1752
-1799
1507
2089
-2169
-4859
-2768
-63
-1358
-3491
-5089
-5604
-4484
-2681
-3783
-7079
-7412
-4938
-4082
-5205
-5422
-5226
-5275
-4100
-2738
-2788
-3172
-2161
-1469
-1151
336
1685
1113
471
1960
3569
4012
3707
3435
3311
4236
5604
5430
4168
3769
4524
4844
4665
4222
3544
3172
3355
3225
2530
2242
2337
1836
1463
1481
1746
1345
1180
1226
1859
1145
-1342
-2135
659
2740
-905
-4698
-3901
-554
-723
-2818
-4780
-5757
-5032
-2921
-2939
-6317
-7868
-5880
-4187
-4806
-5338
-5170
-5425
-4599
-2969
-2488
-2991
-2540
-1615
-1136
127
1384
1312
712
1487
2924
3732
3994
3659
3331
3779
5058
5471
4716
4044
4135
4647
4766
4351
3560
3286
3464
3258
2569
2108
2191
1913
1727
1440
1283
1098
1423
1481
1321
1395
-281
-2065
-1169
2410
1368
-3332
-5102
-1847
182
-1713
-3938
-5467
-5605
-4042
-2224
-4185
-7544
-7262
-4631
-3957
-4992
-5152
-5311
-5296
-3755
-2225
-2444
-2920
-2138
-1479
-437
1190
1766
681
670
2430
3827
3985
3584
3333
3424
4449
5395
5027
4054
3854
4336
4583
4644
4169
3335
2977
3277
3113
2427
2219
2090
1673
1510
1519
1436
1119
1333
1165
1386
708
-1220
-2085
377
2289
-951
-4662
-3905
-530
-673
-2961
-4855
-5651
-5036
-3032
-2812
-6033
-7880
-5930
-3952
-4456
-5240
-5218
-5400
-4479
-2800
-2167
-2887
-2658
-1591
-729
420
1481
1325
795
1620
3078
3929
3868
3670
3423
3881
5055
5501
4755
3984
3949
4407
4789
4568
3653
2942
3097
3376
2935
2294
1882
1491
1521
1703
1571
1083
824
1211
1271
1640
131
-2118
-2007
1624
2205
-2194
-5204
-2956
29
-1054
-3338
-5187
-5858
-4621
-2383
-3279
-6883
-7701
-5152
-3784
-4776
-5298
-5422
-5409
-4022
-2452
-2455
-3081
-2282
-1331
-730
591
1550
1115
694
1931
3314
3967
3790
3502
3362
4162
5409
5320
4369
3771
4193
4661
4770
4194
3348
2938
3247
3250
2537
1957
1804
1651
1699
1595
1300
993
1182
1406
1411
1612
-300
-2231
-1160
2541
1384
-3224
-5074
-1948
-32
-1546
-3706
-5500
-5843
-4169
-2164
-4203
-7553
-7327
-4634
-4073
-4931
-5065
-5317
-5181
-3522
-2107
-2452
-2944
-1959
-1069
-221
741
1472
1250
1398
2346
3308
3859
3926
3875
3540
4102
4998
5284
4608
3963
3973
4306
4538
3988
3211
2853
2967
2795
2427
1990
1533
1293
1409
1259
988
847
1035
1148
1470
1400
-708
-2436
-790
2540
914
-3731
-4890
-1539
36
-1748
-3936
-5572
-5720
-3762
-1979
-4352
-7675
-7159
-4469
-3770
-4648
-4984
-5473
-5038
-3123
-1726
-2497
-2927
-1839
-790
100
1205
1538
1006
1492
2714
3411
3748
4100
3898
3553
4218
5052
5035
4534
4113
3799
3874
4482
4391
3235
2357
2572
2752
2435
2000
1500
870
1153
1712
1496
718
791
1251
1564
1435
-750
-2451
-796
2889
1121
-3819
-5225
-1534
180
-1732
-4257
-5843
-5848
-3797
-2061
-4664
-8037
-7213
-4188
-3742
-4860
-5241
-5349
-4819
-3026
-1958
-2497
-2731
-1669
-853
122
1250
1646
1162
1492
2689
3560
4014
4011
3719
3506
4469
5301
5202
4473
3998
3789
4076
4701
4265
3002
2343
2739
2724
2448
2063
1451
835
1211
1677
1445
971
806
964
1605
1828
-797
-2793
-632
3052
706
-4167
-4771
-1329
-316
-1966
-3929
-5927
-6199
-3579
-1837
-4924
-8159
-6925
-4288
-4134
-4927
-5163
-5575
-4991
-2849
-1830
-2597
-2737
-1475
-806
24
1392
1910
1164
1344
2840
3861
4129
3984
3700
3544
4552
5605
5224
4053
3568
4155
4549
4461
3651
2862
2606
2855
2648
1936
1450
1382
1304
1262
1144
913
747
892
979
1225
1661
-148
-2436
-1410
2567
1753
-3118
-5177
-2163
-169
-1295
-3283
-5375
-6315
-4421
-1786
-3502
-7315
-7576
-4928
-3843
-4260
-4552
-5231
-5316
-3370
-1578
-1921
-2624
-1831
-840
61
1203
1846
1438
1466
2511
3390
3742
3998
4051
3698
4010
4807
5017
4442
3956
3790
3799
3954
3849
3242
2616
2401
2345
2144
1855
1379
932
807
1178
1080
846
515
811
1010
1803
571
-2028
-2566
1148
2776
-1298
-5024
-3728
-538
-688
-2248
-4606
-6286
-5501
-2279
-2096
-5958
-8006
-5983
-3796
-3798
-4318
-5044
-5761
-4156
-1691
-1359
-2720
-2372
-957
53
854
1428
1505
1645
2575
3175
3502
3830
4197
4062
3883
4260
4765
5038
4584
3946
3376
3637
4119
3951
3029
2126
1858
1918
2275
1817
974
449
918
1131
1151
821
759
755
1627
1227
-1301
-2569
233
2905
-117
-4351
-4325
-937
-337
-1788
-4186
-6157
-5977
-2949
-1804
-5191
-8182
-6724
-3968
-3586
-4340
-5111
-5625
-4661
-2365
-1464
-2351
-2583
-1281
-155
632
1386
1808
1758
2020
2641
3487
4214
4377
3891
3467
4058
5051
5387
4550
3447
3274
4091
4419
3752
2680
2116
2031
2205
2126
1425
598
492
1083
1174
782
562
587
919
1206
1682
-235
-2366
-1753
2098
2133
-2288
-5038
-2806
-90
-805
-2669
-5086
-6165
-4749
-1887
-2777
-6599
-7702
-5414
-3621
-3932
-4330
-5200
-5475
-3672
-1366
-1474
-2715
-2000
-599
247
882
1838
1912
1836
2418
3227
3688
4091
4388
3847
3593
4269
5101
4994
4111
3386
3121
3666
4063
3518
2373
1714
1782
1902
2039
1553
742
353
834
1260
1149
833
880
1065
1779
447
-1861
-2096
1548
2527
-1478
-4858
-3357
-462
-528
-2071
-4774
-6613
-5377
-1904
-2146
-6239
-8176
-6083
-3886
-3529
-4093
-5290
-6059
-3993
-1364
-1170
-2717
-2334
-863
272
1092
1720
1797
1828
2707
3275
3663
3964
4426
4177
3915
4175
4681
4997
4600
3821
3200
3472
3837
3543
2693
1885
1422
1458
1821
1567
682
195
631
855
883
675
612
603
1608
1413
-1424
-3084
-157
3349
623
-4112
-4965
-1648
-5
-612
-3330
-6526
-6856
-3195
-918
-4089
-7841
-7513
-4861
-3271
-3076
-4347
-6173
-5372
-2141
-503
-1690
-2479
-1484
-115
1072
1885
1966
1757
2308
3171
3575
3892
4282
4352
3944
3929
4340
4833
4832
4211
3378
3058
3501
3709
3290
2299
1455
994
1363
1803
1472
496
89
345
910
1056
1041
700
1193
1240
-686
-2504
-599
2783
1168
-3312
-4812
-2091
-391
-696
-2662
-5778
-7078
-4316
-1313
-3305
-7186
-7838
-5729
-3939
-3186
-3887
-5933
-5918
-2949
-745
-1503
-2304
-1530
-507
575
1872
2419
2048
2277
2999
3435
3902
4641
4677
3947
3830
4454
4999
5022
4488
3527
3007
3364
3859
3450
2338
1334
1074
1493
1571
966
252
202
500
567
626
431
647
875
1690
297
-2151
-2378
1245
2909
-728
-4584
-4297
-1228
-227
-1060
-4096
-6860
-6456
-2620
-1294
-4745
-7946
-7177
-4715
-3165
-2942
-4464
-6195
-4724
-1527
-527
-1661
-1817
-963
41
1509
2492
2240
1938
2850
3580
3740
4137
4651
4527
4039
4199
4438
4680
4649
4216
3306
2739
3073
3388
2983
1842
908
666
1043
1205
877
262
-1
211
633
746
773
836
1514
1220
-1293
-2893
-308
3252
1318
-3659
-5323
-2502
-200
-171
-2550
-6380
-7766
-4440
-896
-2869
-7183
-8181
-5974
-3711
-2567
-3436
-5821
-5858
-2768
-528
-1055
-1639
-1089
-236
941
2317
2625
2263
2724
3552
3776
3849
4537
4876
4606
4316
4268
4364
4653
4753
4034
2974
2312
2412
2972
3227
1996
259
-256
767
1595
1366
275
-764
-470
832
1790
1350
1067
707
-1107
-2418
-361
2768
1228
-3014
-4870
-3016
-1178
-447
-1899
-5577
-7718
-5422
-2041
-2764
-5861
-7572
-6803
-4990
-2931
-2873
-4890
-5527
-3548
-1475
-1132
-886
-546
-230
582
1995
2661
2776
3310
3702
3656
3842
4539
5066
5097
4844
4282
3999
4474
4829
4362
3308
2564
2130
2191
2523
2295
1007
-249
-310
347
923
773
72
-602
-283
444
1112
1282
1799
73
-2610
-2684
1348
3276
-19
-4120
-4653
-2507
-887
-222
-2948
-6808
-7607
-3995
-1935
-3807
-6464
-7042
-6174
-4304
-2686
-3425
-4993
-4308
-2142
-1179
-1164
-645
45
602
1680
2221
2142
2797
4256
4590
3859
3484
4180
5110
5628
5199
3877
3380
4190
5039
4452
3022
1799
1722
2213
2242
1289
107
-122
97
230
155
67
-97
-64
-33
-24
544
1772
2212
-592
-3163
-1875
2226
2541
-1019
-4255
-4192
-2369
-416
-417
-4024
-7332
-6471
-3159
-2654
-4726
-6488
-6687
-5647
-3653
-3053
-4289
-4733
-3041
-1724
-1548
-1288
-359
586
1620
2247
1858
1956
3545
4930
4685
3821
3556
4182
5317
5916
5036
3606
3427
4179
4506
3843
2699
1703
1607
1869
1555
522
-31
-11
-83
-219
-97
110
66
316
244
340
698
2132
1593
-1216
-2952
-462
2645
1475
-2171
-4292
-3495
-2068
-448
-1494
-5055
-7497
-5639
-2922
-3252
-5343
-6416
-6254
-5071
-3457
-3327
-4410
-4097
-2331
-1332
-1393
-1009
12
1109
2379
2576
1919
2166
3965
5311
5052
3959
3469
4143
5356
5931
4825
3548
3249
3770
3946
3494
2486
1429
943
1154
1126
453
-126
-550
-509
-434
-207
-65
279
332
370
576
1378
2169
464
-1921
-1852
1611
2698
-118
-3359
-3661
-2575
-1340
-864
-3111
-6228
-6734
-4224
-3207
-4688
-6165
-6272
-5790
-4550
-3617
-4194
-4653
-3109
-1416
-1363
-1652
-644
654
1948
2917
2746
2064
2868
4789
5641
5146
4284
4162
4742
5653
5733
4669
3676
3527
3784
3573
2944
1951
1166
892
696
168
-396
-531
-590
-609
-679
-573
-545
-120
385
637
828
1512
1908
-231
-2281
-1197
2317
2233
-978
-3689
-3636
-2498
-1056
-882
-3683
-6650
-6373
-3876
-3422
-4826
-6030
-6173
-5586
-4284
-3745
-4238
-3983
-2388
-1236
-1265
-1296
-458
1108
2865
3551
2693
2190
3317
5099
5929
5397
4265
3890
4728
5830
5590
4338
3471
3347
3422
3215
2300
1180
735
679
512
-404
-1009
-1085
-821
-604
-606
-780
-711
-18
453
1047
1164
2171
1867
-362
-2159
-359
2753
2339
-857
-3383
-3290
-2648
-1001
-1081
-3714
-6677
-6342
-4378
-4191
-5341
-5982
-5976
-5605
-4570
-4261
-4647
-3920
-1916
-799
-1275
-1585
-504
1474
3443
3916
2901
2340
3615
5407
6214
5715
4724
4351
4964
5614
5177
4324
3824
3620
3132
2616
1706
955
777
650
-35
-1169
-1519
-1379
-1017
-696
-574
-847
-1107
-454
398
1198
1439
2094
2213
343
-1648
-999
2274
2889
286
-2715
-3317
-2951
-1866
-1147
-2606
-5396
-6497
-5135
-4534
-5305
-5811
-5515
-5279
-4925
-4624
-4638
-4069
-2320
-752
-827
-1493
-1038
824
3019
4124
3703
2924
3231
4470
5742
6020
5452
4785
4758
5007
4899
4485
4163
3774
3198
2349
1106
265
485
1231
806
-901
-2318
-2164
-1021
73
114
-641
-1212
-420
693
1528
1694
2498
2408
326
-1799
-1166
1856
2560
523
-2389
-3343
-3596
-2656
-1872
-2700
-4944
-6163
-5554
-5401
-5928
-5934
-5223
-4746
-4468
-4741
-5262
-4595
-2093
129
291
-757
-979
376
2744
4566
4529
3660
3462
4406
5404
5784
5541
5235
5218
5237
4674
3795
3446
3490
3280
2394
1279
345
-35
44
32
-645
-1441
-1688
-1450
-1110
-769
-448
-287
50
462
896
1200
2341
2727
889
-1635
-1368
1473
2407
500
-2149
-3045
-3122
-2473
-2314
-3243
-4849
-5383
-4740
-4810
-5778
-6362
-5562
-4135
-3349
-3848
-4724
-4408
-2501
-443
409
-50
-293
507
2436
3854
4086
3586
3619
4417
5146
5307
4782
4518
4644
5059
4717
3792
2896
2650
2747
2558
1754
471
-477
-597
-235
-333
-974
-1544
-1541
-1220
-864
-640
-401
10
622
1064
1119
1194
1762
1711
416
-1060
-663
853
1041
-468
-2230
-2697
-2618
-2338
-2677
-3412
-4120
-4094
-3747
-4012
-4625
-4890
-4251
-3178
-2437
-2612
-3068
-2756
-1431
-186
310
242
472
1328
2445
2933
2668
2430
2788
3463
3663
3224
2464
2152
2417
2788
2544
1866
1308
1287
1543
1611
1226
750
544
572
543
359
357
419
448
239
193
257
298
199
198
314
372
300
116
-12
-55
-192
-595
-977
-865
-412
-279
-620
-1013
-1039
-902
-892
-1140
-1416
-1523
-1445
-1287
-1243
-1354
-1574
-1671
-1534
-1274
-1085
-1076
-1069
-1000
-816
-583
-416
-408
-482
-333
-71
93
53
4
1
104
318
469
412
362
509
708
771
721
677
693
832
962
944
836
827
911
945
924
856
827
801
831
834
822
768
774
814
790
663
591
699
805
792
663
555
483
513
552
468
318
263
287
245
126
26
-61
-130
-281
-516
-776
-913
-915
-922
-1051
-1261
-1354
-1360
-1364
-1447
-1530
-1570
-1487
-1344
-1290
-1347
-1388
-1305
-1207
-1102
-1022
-927
-843
-719
-632
-576
-532
-449
-346
-231
-125
-16
160
350
461
514
627
753
861
947
1030
1100
1200
1332
1379
1328
1256
1259
1323
1397
1384
1265
1180
1189
1237
1194
1113
1059
1073
1080
1008
903
842
855
825
694
475
310
308
383
331
80
-141
-217
-249
-406
-657
-863
-979
-1044
-1136
-1256
-1410
-1538
-1605
-1640
-1717
-1775
-1719
-1624
-1608
-1627
-1597
-1584
-1560
-1445
-1329
-1294
-1229
-1054
-910
-808
-662
-547
-483
-323
-115
-46
12
260
526
626
666
753
884
1035
1196
1272
1300
1335
1381
1404
1409
1402
1386
1415
1425
1366
1300
1337
1387
1345
1181
1012
934
955
947
867
774
697
630
575
517
426
318
229
146
48
-27
-114
-227
-361
-487
-631
-756
-818
-898
-1053
-1208
-1299
-1370
-1419
-1445
-1498
-1585
-1624
-1586
-1519
-1453
-1402
-1357
-1309
-1237
-1149
-1076
-1020
-897
-729
-576
-479
-432
-383
-279
-116
48
172
245
334
446
547
675
859
973
966
935
972
1077
1169
1179
1127
1098
1153
1233
1219
1130
1073
1069
1050
978
874
820
824
805
710
597
545
552
518
387
243
199
228
252
204
64
-83
-136
-124
-180
-287
-365
-412
-459
-487
-538
-656
-771
-788
-790
-880
-1002
-1060
-1058
-1034
-1003
-998
-1042
-1071
-1038
-973
-925
-865
-800
-776
-765
-717
-643
-557
-430
-325
-293
-274
-192
-98
-55
-45
-10
80
170
197
190
282
460
590
669
785
890
905
948
1017
856
542
641
1203
1634
1508
1047
696
716
989
1129
959
662
483
521
655
668
514
299
84
-29
67
262
230
-11
-226
-327
-328
-316
-349
-452
-534
-538
-503
-577
-709
-825
-907
-922
-883
-850
-895
-913
-882
-1126
-1718
-2102
-1615
-342
938
1264
385
-860
-1167
-397
530
814
281
-404
-440
-143
-177
-404
-466
-271
80
382
251
-162
-528
-597
-504
-388
-299
-216
11
188
560
895
1424
1371
1269
1615
2358
2518
2076
793
-1343
-2187
-414
2655
3967
2770
-156
-1627
-623
1479
2671
2330
637
-409
174
794
165
-818
-1207
-795
-28
60
-674
-1428
-1881
-1785
-1413
-1453
-1347
-771
-756
-1602
-2311
-2154
-1522
-1025
-777
-871
-1036
-1032
-940
-713
-691
-887
-781
-48
524
397
-90
-465
-297
318
859
702
620
270
-28
526
1230
1387
1522
1783
1898
1772
1270
765
1196
1634
1229
983
1506
1751
899
-167
-723
139
981
1492
976
33
-424
627
1119
-98
-440
303
1572
1920
824
-162
-536
-759
-966
-666
-432
-534
-675
-1031
-1646
-2183
-2221
-2236
-2111
-1849
-1686
-1982
-2306
-2573
-2696
-2455
-1857
-1280
-967
-877
-1186
-1303
-891
-257
48
26
39
462
1164
1495
1195
731
781
1314
2101
2385
2070
1550
1215
1614
1939
1792
1725
1555
1513
1551
1556
1034
344
-259
-99
665
1146
1545
785
-574
-881
-100
607
607
184
386
678
866
822
263
-92
261
1113
1705
1845
1635
758
-603
-927
-1094
-1405
-1330
-1028
-818
-1374
-2141
-3023
-3600
-3489
-3142
-2922
-2687
-2644
-2526
-2388
-2647
-3069
-2909
-2088
-1151
-590
-357
-501
-527
-222
259
869
1213
1524
1894
2174
2155
1909
1680
1847
2348
2533
2233
2077
2131
2040
1863
1503
1130
1050
1178
1246
843
147
-80
399
729
616
211
27
280
539
758
588
499
971
1636
1796
1527
1141
986
1336
1972
2458
2126
832
-1013
-2553
-2677
-1571
-773
-1273
-2894
-4359
-4668
-4101
-4057
-4735
-5306
-4840
-3548
-2511
-2721
-3787
-4292
-3390
-1480
100
641
523
647
1244
1980
2290
2378
2530
2840
3226
3439
3467
3148
2505
2050
1916
1931
1811
1466
944
523
375
196
-12
-428
-1120
-1670
-1210
-21
1005
1183
531
-71
277
1475
2341
2539
2595
3085
3880
4377
4032
3345
2987
3745
4657
3924
800
-2499
-3646
-2874
-1977
-2460
-4372
-6462
-6975
-6670
-6922
-8252
-9129
-8625
-6581
-4709
-4122
-4750
-5005
-3915
-1829
107
1326
2316
3374
4593
5232
5287
4808
4683
5041
5895
6269
5967
4955
3772
2483
1485
752
164
-296
-769
-1097
-1486
-2000
-2782
-3438
-3982
-3862
-3089
-1808
-781
-136
248
746
1609
2664
3763
4809
5815
6346
6563
6319
6163
6031
6337
6655
5806
2831
-1089
-3633
-4187
-3911
-4693
-6517
-8780
-9645
-9617
-9654
-11034
-12386
-12242
-9986
-7228
-5505
-5036
-4764
-3385
-1136
1253
2906
4449
6085
7860
8980
9210
8605
8058
8136
8599
8652
7960
6667
4951
3198
1606
-7
-1535
-2609
-3186
-3521
-3902
-4597
-5624
-6544
-6944
-6547
-5318
-3340
-1441
123
1180
2238
3419
4830
6069
7066
7756
8488
9209
9503
9379
8982
8783
7710
4925
290
-3589
-5329
-5441
-6293
-8452
-11248
-13003
-13239
-13309
-14361
-16030
-16074
-13939
-10509
-7937
-6343
-5297
-3406
-843
1996
4175
6115
8178
10328
11958
12865
12851
11986
10922
10160
9745
9153
8153
6264
3882
1532
-364
-2311
-4177
-5925
-6951
-7257
-6965
-7147
-7821
-8476
-8090
-6693
-4523
-2288
-274
1690
3802
5913
7559
8721
9351
9921
10491
11246
11619
11642
11071
10605
9807
7741
3277
-2216
-6321
-8183
-9128
-10837
-12986
-14891
-15487
-15558
-15917
-17338
-18031
-16814
-13651
-10226
-7161
-4431
-1660
1185
3771
6053
7922
9883
11626
13164
14166
14852
14510
13241
11392
9751
8184
6563
4483
1976
-407
-2277
-3982
-5995
-7882
-9265
-9755
-9745
-9568
-9763
-9453
-8425
-6588
-4623
-2328
-45
2426
4964
7257
8957
10108
11110
11617
11892
11783
11727
11370
11162
10670
10141
8687
5452
-3
-5490
-8944
-10757
-12520
-14825
-16481
-16991
-16121
-15474
-15858
-17077
-16879
-14814
-11575
-8346
-4987
-1524
2029
5379
8158
10164
11491
12513
13173
13914
14643
14974
14063
12336
10354
8626
6712
4279
1178
-1742
-3838
-5197
-6548
-8133
-9554
-10523
-10614
-10247
-9453
-8823
-7719
-6246
-3739
-735
2355
4615
6349
8116
10035
11685
12373
12390
12037
12110
12144
11933
11005
9930
8853
6930
2971
-2755
-7625
-10726
-12867
-15533
-17741
-18656
-18079
-17088
-16563
-16758
-16630
-15170
-12709
-10057
-7131
-3469
502
4176
7435
10273
12356
13666
14234
14420
14428
14335
13372
11723
10147
9022
7312
4766
1612
-1268
-3670
-5475
-7293
-9086
-9992
-10239
-10144
-10302
-9803
-8904
-7475
-5744
-3780
-1570
737
3220
5443
7510
9368
10898
11889
12315
12284
12109
11670
10952
9959
8925
8021
7088
6530
4456
287
-5454
-9504
-12092
-14446
-17184
-19057
-19224
-17988
-15919
-14455
-13722
-12968
-11157
-8986
-6536
-3894
-799
2076
5363
8818
11958
13790
14549
14526
14201
13728
12761
10827
8481
6706
5527
4097
2085
-306
-2641
-4595
-6340
-8116
-9751
-10590
-10665
-10112
-9185
-7945
-6581
-4909
-3054
-1094
1056
3334
5377
7111
8672
10130
11372
12260
12384
11996
11449
10707
9606
8330
7373
6489
5989
4493
1147
-4046
-8458
-11577
-14409
-17472
-19784
-20311
-19474
-17391
-15292
-13524
-12234
-10372
-8268
-5920
-3704
-1237
1078
3967
7367
10899
13339
14604
15030
14974
14446
13072
10871
8408
6472
4905
3280
1481
-315
-2133
-3767
-5429
-6966
-8652
-9729
-10404
-10148
-9331
-8022
-6533
-4706
-2496
-412
1597
3469
5168
6535
7772
8943
9969
10695
11217
11222
11010
10479
9577
8335
6899
5888
4944
4577
3102
-311
-5144
-8813
-10965
-13755
-17099
-19573
-19751
-18586
-16416
-14252
-12385
-10663
-8207
-5846
-3688
-1920
-75
1592
3952
7162
10261
12395
13530
14281
14545
14116
12452
9792
6983
4831
3066
1362
-411
-2001
-3368
-4339
-5280
-6411
-7706
-8710
-9206
-8910
-8036
-6938
-5627
-3771
-1408
816
2766
4405
5882
7132
8016
8604
8859
9223
9483
9707
9579
9292
8504
7585
6511
5603
4515
3727
2757
-9
-4192
-8077
-10135
-12860
-16038
-18409
-18723
-17993
-16346
-13920
-11622
-9736
-7504
-5139
-2982
-1225
275
1685
3422
6224
8867
10871
12082
13190
13932
13676
12310
9923
7241
4717
2528
592
-1300
-2915
-4065
-4667
-5054
-5650
-6531
-7360
-7721
-7434
-6839
-6241
-5498
-4155
-1841
761
3054
4543
5777
6979
8150
8746
8597
8111
7812
7884
8062
7800
7127
6305
5959
5538
4924
3877
3144
1931
-972
-5073
-8331
-10266
-13131
-16343
-17941
-17414
-16367
-14744
-12436
-10016
-8131
-5932
-3776
-1739
-474
575
1826
3799
6256
8349
9967
11125
12266
12986
12663
11063
8680
6125
3781
1674
-357
-2309
-3694
-4482
-4801
-5051
-5361
-5946
-6396
-6398
-6104
-5620
-5227
-4461
-3110
-1025
1122
2978
4653
6284
7694
8649
8972
8892
8429
7924
7603
7225
6870
6212
5793
5356
5064
4629
4027
3634
1522
-2299
-6506
-8753
-11322
-15161
-18265
-18628
-17657
-16322
-14196
-11334
-8857
-6661
-4034
-1602
-126
262
1063
2573
4711
6670
8399
9928
11428
12657
13129
12435
10536
7848
5110
2724
350
-2113
-4264
-5470
-5800
-5602
-5396
-5430
-5448
-5302
-4955
-4523
-4214
-3990
-3315
-1838
25
1767
3435
4989
6489
7834
8724
8843
8331
7489
6658
6116
5657
4949
4402
4198
4345
4183
3994
3584
3695
2755
-305
-4505
-7363
-9485
-13114
-16430
-17662
-17010
-16161
-14186
-11424
-8640
-6551
-4233
-1868
14
519
566
1485
3203
4835
6225
7872
9444
10706
11616
11925
10910
8741
6149
3911
1607
-970
-3310
-4800
-5408
-5471
-5219
-4877
-4488
-4143
-3758
-3382
-3052
-3150
-2918
-2026
-841
191
1615
3536
5312
6712
7826
8555
8694
8277
7505
6837
6130
5165
4247
3911
3796
3508
3523
3644
4068
3508
986
-2991
-5894
-8268
-12476
-16690
-18318
-18166
-18019
-16273
-12945
-9785
-7320
-4217
-1106
952
1528
1732
2487
3691
4641
5496
6921
8402
9826
11150
11943
11359
9764
7673
5411
2808
-197
-3210
-5414
-6499
-6909
-6841
-6318
-5621
-4705
-3595
-2570
-1910
-1833
-1668
-1196
-146
487
1068
2231
4127
5912
7216
8282
8777
8765
8398
7917
6932
5496
4194
3389
3041
2601
2313
2490
3306
3770
1872
-1436
-4363
-6370
-10276
-14880
-17665
-18354
-18641
-17710
-14821
-11502
-8717
-5513
-1536
1554
2850
3046
3813
4760
5202
5191
5774
6760
7826
9179
10448
10741
9755
8369
6890
4854
1725
-1602
-4293
-6101
-7480
-8078
-7907
-7248
-6262
-4694
-2749
-1363
-765
-495
194
885
1191
1240
1862
2952
4204
5430
6867
7840
8268
8506
8638
8060
6779
5505
4405
3387
2431
1762
1530
1701
2384
2044
-97
-2892
-4677
-7028
-11372
-15210
-16895
-17634
-18136
-16778
-14036
-11382
-8453
-4369
-292
2348
3560
4534
5736
6356
6070
5788
6249
6781
7287
8166
9007
9064
8257
7323
6230
4312
1319
-1672
-3934
-5841
-7518
-8381
-8314
-7796
-6612
-4732
-2680
-1199
-334
635
1702
2451
2175
1977
2616
3580
4245
5038
6298
7206
7759
8236
8458
7964
6957
5860
4727
3630
2433
1554
1305
1832
1710
-205
-2756
-4285
-5721
-9407
-13349
-15329
-16186
-17563
-17447
-15343
-13063
-10954
-7189
-2526
728
2435
4164
6227
7339
7271
6996
7183
7190
7100
7524
8174
8096
7423
6859
6206
4734
2337
-154
-2259
-4337
-6464
-7810
-8230
-8319
-7876
-6341
-4403
-2794
-1315
349
1880
2945
3414
3453
3772
4169
4446
4596
5169
5693
6212
6728
7063
6947
6718
6318
5531
4418
3358
2273
1437
1050
1259
904
-1078
-3499
-4652
-5711
-9109
-12838
-14473
-15022
-16130
-16099
-14248
-12236
-10210
-6762
-2520
462
2101
3857
6031
7357
7264
6830
6961
7109
6993
7213
7539
6955
6152
6063
5794
3963
1568
-166
-1744
-3699
-5501
-6678
-7381
-7552
-6963
-5756
-4350
-3048
-1531
395
1981
2740
3343
4024
4302
4421
4759
5056
4928
5146
5695
6120
6111
6010
5975
5857
5379
4433
3669
2853
2064
1500
1934
1374
-1206
-3800
-4652
-5954
-9894
-13535
-14679
-15017
-16313
-16258
-14150
-11849
-10073
-6693
-2347
496
1709
3615
6239
7384
6993
6791
7447
7540
7173
7251
7674
7289
6601
6212
5419
3663
1453
-405
-2235
-3988
-5785
-6933
-7334
-7305
-6979
-5740
-4050
-2670
-1280
649
2322
2977
3484
4101
4716
4694
4607
4762
5286
5567
5728
6042
6321
6192
5919
5738
5064
3931
2822
2165
1670
1362
1389
625
-1652
-3902
-4800
-6467
-10412
-13697
-14435
-14973
-16230
-15869
-13606
-11509
-9385
-5770
-1748
841
2434
4593
6919
7739
7221
7071
7449
7227
6603
6699
6968
6504
5692
5216
4746
3442
1418
-464
-1766
-3391
-5406
-6636
-6718
-6941
-6951
-5782
-3979
-2653
-1245
782
2489
3479
4112
4694
4989
5039
4785
4676
4689
4633
4486
4772
5179
5061
4889
4906
4676
3840
3106
2585
2136
1674
1765
1388
-592
-3169
-4351
-5350
-8703
-12343
-13494
-13681
-15134
-15548
-13745
-11665
-10149
-7122
-3234
-539
1015
3065
5546
6807
6612
6475
7082
7316
6808
6602
6956
6676
5996
5591
5116
3896
2271
857
-701
-2452
-4057
-5301
-6006
-6346
-6512
-5970
-4630
-3176
-2026
-512
1317
2596
3511
4158
4458
4626
4746
4659
4505
4564
4516
4303
4609
4889
4661
4473
4537
4266
3603
3147
2715
2232
2260
2202
496
-1960
-3464
-4486
-7410
-11226
-13196
-13750
-14822
-15672
-14624
-12679
-11055
-8677
-4948
-1748
193
2078
4660
6458
6658
6620
7220
7537
6988
6503
6646
6585
5966
5523
5420
4761
3319
1922
909
-602
-2735
-4380
-5150
-5849
-6715
-6757
-5707
-4526
-3528
-1913
52
1586
2567
3613
4569
4824
4670
4629
4685
4413
3963
3866
3990
3965
3899
4053
4301
4219
3883
3752
3653
3167
2619
2656
2726
1026
-1746
-3410
-4280
-7129
-11070
-12904
-13285
-14765
-15750
-14300
-12313
-11119
-8831
-4985
-2015
-336
1700
4362
6047
6294
6450
7173
7424
6780
6391
6684
6593
5782
5434
5552
4919
3360
2140
1314
-288
-2527
-4000
-4682
-5677
-6716
-6649
-5635
-4762
-3894
-2283
-324
1096
2214
3525
4451
4676
4836
5117
4909
4362
4039
3982
3916
3804
3671
3782
4058
4060
3826
3759
3655
3185
2781
2813
2718
1239
-1211
-2946
-3908
-6457
-10257
-12471
-12970
-14215
-15420
-14523
-12645
-11442
-9474
-5876
-2595
-648
1317
3900
5805
6387
6565
7155
7448
6892
6303
6429
6436
5741
5173
5160
4815
3673
2483
1543
272
-1541
-3110
-4090
-5064
-6251
-6751
-6145
-5257
-4498
-3256
-1367
364
1775
3212
4347
4712
4878
5271
5230
4559
4034
3903
3721
3462
3324
3340
3570
3752
3665
3583
3657
3378
2885
2890
3197
2501
253
-2019
-3146
-4701
-8286
-11527
-12525
-13284
-15050
-15295
-13512
-12027
-10764
-7784
-4039
-1550
297
2731
5098
6172
6353
6720
7267
6986
6132
5918
6268
5943
5167
5072
5255
4586
3350
2463
1511
-189
-2009
-3132
-4091
-5468
-6521
-6419
-5629
-4924
-4105
-2491
-496
1069
2330
3781
4666
4728
4924
5377
4982
4023
3622
3631
3327
2859
2683
2869
3173
3169
3120
3358
3512
3055
2795
3080
3238
2115
53
-1789
-2871
-4933
-8557
-11447
-12265
-13305
-15106
-15055
-13081
-11698
-10426
-7224
-3537
-1350
409
3009
5176
5917
6083
6607
6962
6480
5781
5833
6113
5693
5083
5137
5239
4533
3445
2612
1613
-10
-1684
-2864
-4039
-5439
-6266
-6030
-5403
-4872
-4015
-2390
-517
947
2186
3613
4596
4777
4996
5427
5074
4079
3631
3533
2997
2360
2245
2427
2566
2570
2667
2957
3112
2913
2895
3319
3564
2749
797
-1212
-2445
-4164
-7581
-10723
-11889
-12904
-14640
-14736
-13018
-11815
-10686
-7733
-4203
-1967
-128
2324
4487
5492
5855
6305
6687
6397
5782
5741
6023
5667
4987
4968
5244
4803
3785
2978
2237
924
-718
-2050
-3239
-4667
-5767
-5923
-5553
-5227
-4601
-3200
-1409
80
1325
2798
4189
4802
4969
5274
5213
4367
3564
3297
2919
2178
1741
1846
2044
2060
2136
2559
3030
3094
2992
3286
3714
3637
2517
546
-1251
-2453
-4679
-8271
-10866
-11694
-12952
-14512
-14223
-12702
-11702
-10112
-6919
-3845
-1908
76
2507
4347
5246
5821
6369
6550
6223
5932
6050
6080
5560
5111
5230
5310
4691
3809
3076
2158
794
-612
-1861
-3204
-4603
-5489
-5618
-5526
-5434
-4781
-3250
-1636
-360
1051
2664
3698
4240
4916
5422
5055
4325
3935
3642
2990
2256
1834
1750
1805
1936
2208
2592
2873
3083
3353
3674
3946
3887
2673
488
-1239
-2481
-5200
-9022
-11242
-11952
-13470
-14979
-14401
-12910
-11947
-10059
-6684
-3744
-1780
513
3137
4946
5801
6366
6875
7020
6622
6175
6108
6017
5421
4926
5047
5145
4525
3618
2930
2143
865
-598
-1919
-3226
-4537
-5382
-5615
-5696
-5701
-4969
-3415
-1825
-549
903
2662
4098
4723
4978
5406
5579
4889
3922
3419
2875
1870
1119
1055
1086
938
1084
1701
2239
2467
2800
3382
3775
3917
3620
2184
19
-1425
-2859
-6008
-9457
-10993
-11914
-13725
-14628
-13628
-12362
-11243
-8916
-5733
-3075
-936
1365
3614
5228
6084
6551
6926
6922
6452
6073
6049
5754
5118
4882
5122
4944
4118
3329
2802
2011
712
-695
-2006
-3343
-4579
-5276
-5548
-5757
-5695
-4763
-3250
-1846
-567
1010
2714
3961
4601
4989
5312
5204
4524
3751
3250
2595
1716
1121
1004
907
785
1004
1549
1948
2195
2682
3249
3545
3741
3790
2642
511
-1018
-2083
-4769
-8450
-10558
-11355
-12935
-14408
-13951
-12496
-11383
-9653
-6612
-3570
-1384
641
3099
5232
6315
6682
7087
7299
6914
6393
6244
5984
5261
4763
4791
4596
3768
2971
2413
1645
537
-572
-1744
-2999
-4072
-4783
-5177
-5341
-5249
-4668
-3436
-2128
-1067
154
1786
3174
4101
4753
5148
5172
4966
4419
3566
2793
2116
1348
736
571
514
518
784
1244
1617
2060
2613
3011
3274
3701
3709
2261
128
-1074
-2192
-5227
-8751
-10288
-11017
-12866
-14072
-13154
-11794
-10893
-8886
-5676
-2955
-1001
1198
3663
5459
6294
6662
7050
7125
6589
5968
5754
5345
4529
4148
4354
4131
3320
2823
2699
2175
1068
-93
-1136
-2245
-3454
-4415
-4953
-5337
-5607
-5263
-4186
-3033
-1933
-386
1469
2893
3901
4822
5449
5470
5114
4671
4138
3321
2268
1409
986
643
151
-77
219
678
1057
1515
2104
2521
2699
3026
3566
3282
1485
-470
-1337
-2650
-5844
-8907
-9964
-10728
-12478
-13284
-12209
-10964
-9985
-7895
-4863
-2362
-516
1529
3806
5482
6131
6282
6546
6586
6045
5530
5414
5043
4336
4197
4603
4437
3568
2997
2879
2253
833
-591
-1593
-2619
-3930
-5005
-5448
-5608
-5712
-5239
-3991
-2684
-1582
-95
1780
3317
4371
5249
5780
5820
5634
5262
4510
3498
2520
1716
1099
505
-116
-395
-227
-51
43
400
924
1363
1724
2085
2518
2813
1988
123
-1092
-1612
-3702
-7005
-8724
-9135
-10564
-12022
-11614
-10510
-9888
-8472
-5860
-3395
-1534
336
2412
4298
5489
5921
6193
6490
6368
5882
5579
5291
4623
3936
3797
3823
3292
2398
1929
1818
1203
-54
-1196
-1962
-2866
-3955
-4631
-4838
-5049
-5068
-4274
-2971
-1840
-651
1016
2738
4017
4941
5690
6141
6145
5727
5130
4397
3255
1916
1016
422
-440
-1247
-1425
-1240
-1096
-816
-256
336
867
1460
2086
2687
2982
2251
721
-229
-856
-3060
-6159
-7674
-8264
-9944
-11393
-10932
-10024
-9658
-8329
-5686
-3296
-1590
253
2337
4075
5098
5464
5650
5836
5617
5004
4580
4233
3504
2956
3087
3142
2632
2272
2356
2231
1601
772
-31
-807
-1685
-2676
-3445
-3823
-4107
-4220
-3710
-2718
-1769
-753
653
2207
3471
4381
5063
5490
5489
5066
4451
3645
2485
1258
413
-210
-1012
-1751
-1946
-1716
-1503
-1251
-623
225
926
1623
2449
3101
3581
3866
3189
1643
605
-220
-2594
-5674
-7208
-7965
-9672
-11072
-10772
-10030
-9609
-8397
-6247
-4193
-2441
-662
1108
2773
4002
4474
4694
5127
5278
4927
4683
4600
4234
3902
4024
4095
3675
3270
3224
3022
2269
1318
483
-370
-1378
-2401
-3248
-3855
-4280
-4459
-4178
-3471
-2636
-1653
-287
1218
2446
3447
4395
5032
5103
4842
4522
3973
3000
1862
959
241
-560
-1292
-1603
-1567
-1529
-1450
-1007
-264
381
956
1758
2549
3036
3460
3561
2554
1038
216
-847
-3430
-6035
-7153
-8142
-9906
-10847
-10376
-9812
-9307
-7876
-5698
-3670
-1984
-342
1485
3278
4352
4633
4966
5552
5687
5337
5101
4934
4605
4433
4472
4294
3873
3538
3264
2806
2062
1061
-5
-928
-1848
-2910
-3772
-4249
-4633
-4830
-4392
-3546
-2771
-1810
-355
1187
2472
3558
4459
5146
5536
5357
4694
4043
3319
2120
822
-67
-864
-1758
-2222
-2200
-2198
-2153
-1656
-904
-261
345
1042
1756
2318
2656
2987
3170
2377
854
24
-549
-2635
-5270
-6356
-6920
-8487
-9632
-9302
-8813
-8543
-7412
-5540
-3835
-2367
-842
827
2552
3795
4258
4637
5368
5766
5490
5213
5147
4853
4474
4407
4273
3704
3152
2922
2539
1662
597
-306
-1075
-1946
-2900
-3595
-3905
-4111
-4210
-3793
-2972
-2262
-1494
-188
1314
2396
3178
4017
4686
4830
4601
4318
3847
2989
2008
1172
301
-711
-1580
-2099
-2364
-2526
-2544
-2273
-1784
-1262
-649
142
929
1570
2176
2854
3474
3447
2414
1286
882
8
-2337
-4545
-5399
-6345
-8041
-8911
-8650
-8496
-8273
-7046
-5309
-3874
-2578
-1085
622
2287
3322
3713
4318
5237
5543
5189
5051
5093
4748
4321
4225
3974
3331
2857
2668
2224
1459
731
50
-704
-1471
-2224
-2884
-3290
-3529
-3629
-3325
-2690
-2098
-1392
-234
1060
2017
2764
3536
4092
4155
3922
3623
3063
2116
1152
404
-356
-1213
-1876
-2162
-2222
-2252
-2164
-1751
-1164
-674
-111
670
1366
1890
2487
3102
3551
3733
3220
2042
1163
587
-1042
-3501
-5027
-5763
-7120
-8569
-8918
-8734
-8658
-8030
-6655
-5192
-3829
-2390
-815
944
2543
3445
4021
4939
5766
5863
5646
5605
5443
5020
4683
4375
3748
3048
2660
2308
1646
863
141
-569
-1205
-1775
-2430
-3031
-3348
-3480
-3470
-3165
-2681
-2153
-1317
-143
887
1613
2334
3102
3633
3806
3737
3458
2942
2259
1555
867
149
-552
-1094
-1403
-1574
-1707
-1695
-1425
-1026
-664
-259
272
842
1396
1927
2407
2881
3272
3079
2135
1200
624
-577
-2719
-4514
-5452
-6568
-8007
-8735
-8685
-8503
-7995
-6834
-5379
-3905
-2396
-874
732
2334
3428
3992
4629
5335
5528
5328
5227
5129
4787
4415
4161
3825
3326
2822
2392
1929
1278
467
-264
-873
-1556
-2314
-2876
-3205
-3457
-3554
-3315
-2865
-2403
-1776
-793
289
1146
1889
2664
3284
3616
3759
3695
3323
2751
2101
1356
555
-205
-866
-1351
-1599
-1729
-1774
-1623
-1284
-936
-548
-61
435
860
1303
1772
2156
2440
2730
2779
2167
1217
557
-216
-1820
-3607
-4719
-5686
-6995
-7891
-8059
-8089
-7970
-7201
-5975
-4656
-3272
-1833
-326
1308
2679
3504
4203
5038
5552
5593
5529
5439
5185
4879
4591
4143
3586
3102
2661
2107
1454
758
61
-592
-1180
-1781
-2343
-2777
-3080
-3238
-3154
-2873
-2570
-2140
-1326
-282
519
1123
1893
2699
3096
3145
3125
2996
2603
2054
1519
964
300
-361
-810
-1049
-1305
-1579
-1603
-1364
-1105
-923
-654
-249
131
428
774
1137
1398
1561
1739
1968
2049
1626
836
268
-237
-1427
-3039
-4148
-4932
-6030
-6986
-7259
-7267
-7224
-6667
-5574
-4402
-3235
-1931
-464
1107
2511
3456
4209
5095
5753
5845
5737
5682
5373
4790
4285
3824
3152
2421
1864
1396
868
267
-328
-811
-1148
-1522
-1991
-2332
-2456
-2504
-2506
-2345
-2033
-1644
-1144
-521
108
666
1211
1759
2211
2486
2581
2533
2404
2175
1777
1271
781
291
-247
-707
-1006
-1236
-1403
-1419
-1302
-1134
-932
-686
-389
-63
265
580
854
1078
1286
1475
1563
1554
1369
803
53
-507
-1184
-2419
-3658
-4339
-4976
-5862
-6334
-6263
-6140
-5802
-4933
-3898
-2895
-1681
-379
816
2023
3055
3642
4160
4789
5026
4841
4728
4607
4175
3717
3410
2965
2376
1920
1575
1174
724
255
-203
-560
-880
-1327
-1788
-2046
-2171
-2306
-2342
-2163
-1904
-1588
-1055
-391
165
689
1309
1870
2244
2495
2624
2590
2436
2161
1757
1327
855
272
-243
-587
-951
-1363
-1591
-1604
-1586
-1538
-1382
-1158
-937
-704
-437
-158
116
386
620
814
1023
1220
1161
736
295
25
-535
-1550
-2416
-2896
-3495
-4218
-4591
-4696
-4786
-4613
-4061
-3423
-2750
-1917
-975
38
1054
1820
2374
3028
3693
4001
4038
4071
4084
3960
3731
3433
3081
2689
2245
1824
1468
1024
471
47
-249
-658
-1112
-1381
-1558
-1767
-1881
-1828
-1713
-1533
-1222
-829
-431
-25
397
820
1206
1479
1624
1713
1750
1621
1326
1022
774
475
77
-310
-586
-780
-965
-1113
-1170
-1131
-1037
-911
-714
-437
-175
23
237
511
744
886
983
1066
1119
1037
668
151
-256
-755
-1653
-2577
-3149
-3703
-4425
-4882
-4954
-4937
-4786
-4321
-3650
-2841
-1886
-926
67
1188
2175
2845
3476
4145
4523
4567
4546
4477
4246
3872
3412
2927
2461
1960
1420
949
532
72
-367
-690
-980
-1318
-1597
-1727
-1791
-1844
-1800
-1610
-1360
-1064
-660
-226
133
496
933
1311
1541
1688
1777
1789
1734
1568
1264
920
588
210
-195
-562
-889
-1189
-1379
-1451
-1491
-1481
-1351
-1125
-876
-620
-358
-117
117
322
435
495
581
622
552
472
437
278
-78
-446
-752
-1163
-1714
-2215
-2583
-2918
-3209
-3343
-3312
-3168
-2911
-2505
-1971
-1383
-794
-175
533
1236
1780
2202
2626
2973
3137
3194
3218
3141
2951
2744
2530
2276
1991
1673
1359
1121
877
522
173
-32
-224
-510
-751
-893
-1041
-1175
-1215
-1205
-1198
-1141
-990
-771
-541
-294
5
320
589
813
1006
1117
1121
1068
955
764
555
343
91
-142
-292
-418
-555
-628
-620
-607
-570
-436
-268
-164
-75
64
171
205
190
66
-234
-551
-816
-1249
-1836
-2253
-2495
-2813
-3102
-3120
-2995
-2861
-2556
-2064
-1541
-1012
-449
111
706
1269
1642
1916
2263
2523
2563
2577
2624
2534
2392
2337
2234
1996
1788
1651
1424
1125
860
581
248
-48
-295
-577
-840
-1002
-1126
-1247
-1268
-1221
-1175
-1047
-804
-559
-305
26
347
607
862
1081
1186
1221
1228
1152
991
802
601
386
178
-1
-148
-276
-354
-340
-259
-159
-19
175
354
470
547
565
412
49
-361
-777
-1376
-2118
-2735
-3219
-3728
-4117
-4223
-4164
-3972
-3557
-2947
-2241
-1433
-591
199
974
1708
2250
2595
2868
3061
3058
2916
2768
2598
2349
2082
1877
1677
1455
1265
1095
921
739
517
254
13
-225
-538
-847
-1060
-1232
-1373
-1399
-1303
-1118
-844
-504
-104
334
741
1071
1364
1597
1701
1657
1511
1311
1023
624
199
-163
-547
-943
-1185
-1312
-1453
-1506
-1373
-1204
-1031
-785
-530
-306
-69
142
262
352
424
421
391
393
380
316
266
280
312
279
230
221
184
64
-85
-236
-460
-747
-1039
-1314
-1579
-1846
-2066
-2188
-2215
-2185
-2073
-1859
-1562
-1197
-808
-396
65
527
899
1217
1551
1803
1890
1930
1970
1901
1753
1604
1440
1268
1117
965
827
747
670
563
468
383
284
169
11
-139
-203
-282
-415
-437
-353
-318
-253
-67
118
284
520
745
907
1078
1209
1239
1234
1203
1081
906
751
591
412
260
117
-54
-188
-316
-603
-995
-1294
-1639
-2240
-2828
-3199
-3607
-4065
-4259
-4246
-4186
-3921
-3414
-2828
-2093
-1197
-380
411
1352
2172
2654
3071
3508
3668
3540
3378
3165
2777
2325
1903
1479
1057
685
355
91
-86
-261
-444
-518
-509
-570
-665
-652
-602
-618
-607
-506
-416
-315
-125
98
300
523
763
964
1145
1278
1304
1274
1225
1093
844
570
304
-27
-379
-673
-932
-1190
-1367
-1451
-1487
-1453
-1324
-1164
-981
-732
-479
-288
-108
81
184
208
233
232
164
76
15
-51
-115
-156
-187
-209
-203
-199
-228
-236
-213
-223
-261
-264
-246
-259
-277
-252
-208
-182
-140
-54
32
114
228
359
451
534
644
740
777
779
778
755
698
608
490
361
253
130
-43
-176
-220
-305
-446
-467
-382
-389
-437
-363
-248
-216
-185
-111
-44
27
93
133
191
302
369
379
428
503
510
469
444
423
365
282
211
156
114
69
6
-53
-74
-83
-140
-201
-215
-228
-266
-281
-264
-248
-236
-235
-253
-275
-307
-397
-525
-634
-747
-895
-1034
-1112
-1161
-1202
-1185
-1112
-1006
-855
-666
-478
-261
5
247
439
656
888
1037
1138
1252
1333
1347
1329
1295
1226
1131
1011
853
699
583
450
295
193
155
102
46
45
70
96
138
202
270
356
445
510
558
621
661
652
629
611
545
435
334
201
8
-175
-352
-635
-984
-1276
-1574
-1978
-2372
-2654
-2900
-3125
-3234
-3205
-3072
-2810
-2426
-1974
-1426
-787
-187
354
923
1457
1821
2079
2315
2451
2444
2363
2238
2063
1860
1644
1403
1174
992
811
625
471
358
230
109
29
-46
-133
-178
-193
-229
-248
-227
-199
-174
-126
-65
-2
78
165
231
301
383
415
394
378
332
214
72
-62
-226
-411
-564
-701
-825
-904
-937
-938
-896
-816
-719
-592
-446
-325
-213
-96
1
52
79
98
91
62
23
-19
-57
-95
-137
-164
-172
-182
-196
-191
-169
-162
-163
-147
-131
-116
-94
-71
-49
-6
35
73
129
196
243
290
354
398
424
465
496
490
478
467
430
376
342
312
260
204
152
96
49
17
-15
-52
-80
-109
-152
-181
-187
-198
-215
-221
-221
-233
-222
-175
-121
-59
15
83
141
202
262
303
333
347
329
292
258
219
179
143
106
64
26
-12
-43
-75
-112
-148
-188
-232
-273
-311
-346
-371
-391
-414
-428
-426
-429
-427
-414
-395
-381
-354
-315
-283
-244
-197
-156
-124
-82
-45
-22
-6
10
15
14
27
45
54
70
104
141
174
219
266
301
344
383
413
434
460
478
484
497
506
499
497
496
481
460
440
418
388
358
332
299
264
236
201
160
119
76
28
-23
-68
-114
-164
-203
-240
-279
-318
-356
-403
-465
-535
-616
-706
-801
-899
-987
-1071
-1134
-1172
-1182
-1158
-1099
-1004
-880
-725
-548
-356
-164
24
201
358
487
589
660
697
706
692
652
594
535
469
404
351
312
285
280
293
316
354
409
473
540
607
673
735
789
836
864
879
881
875
850
807
753
688
606
513
412
298
182
63
-50
-159
-266
-361
-446
-521
-596
-671
-748
-833
-929
-1034
-1147
-1260
-1368
-1464
-1536
-1580
-1589
-1555
-1478
-1360
-1203
-1011
-794
-566
-331
-106
99
278
426
536
605
636
638
612
569
512
447
388
334
294
271
265
284
321
373
438
514
592
664
725
775
804
816
813
794
766
736
703
670
635
596
555
512
462
402
340
280
222
163
104
48
-2
-47
-95
-135
-171
-207
-234
-260
-284
-302
-320
-339
-363
-395
-433
-481
-537
-607
-687
-771
-860
-940
-1015
-1076
-1117
-1134
-1128
-1098
-1040
-963
-858
-736
-600
-456
-309
-166
-30
96
209
301
375
430
462
480
483
474
457
442
427
413
409
419
437
462
494
530
576
614
646
669
682
686
678
657
632
605
575
546
520
497
478
462
440
417
390
365
333
294
250
201
152
101
44
-14
-70
-131
-195
-267
-341
-423
-512
-601
-694
-787
-879
-966
-1037
-1102
-1152
-1180
-1186
-1170
-1131
-1063
-969
-856
-729
-585
-432
-280
-132
-2
113
207
272
314
338
338
320
300
277
254
236
226
227
244
277
313
363
421
481
533
578
615
640
659
660
646
625
594
552
514
477
442
410
380
357
339
324
311
302
288
271
250
228
202
169
139
103
60
13
-44
-98
-152
-214
-287
-361
-432
-500
-567
-632
-696
-753
-810
-859
-899
-923
-933
-930
-912
-883
-831
-762
-674
-571
-464
-352
-244
-133
-28
69
153
217
262
291
312
321
317
305
289
268
249
240
237
243
256
268
281
304
335
374
411
441
464
489
516
533
550
561
565
562
547
536
521
504
480
448
417
382
348
310
269
228
183
136
86
35
-18
-67
-116
-166
-217
-271
-326
-384
-447
-515
-585
-662
-743
-816
-885
-941
-978
-990
-983
-956
-914
-845
-761
-669
-567
-465
-362
-259
-157
-67
20
97
160
205
239
265
279
292
304
310
314
326
338
358
376
399
413
423
432
435
432
427
427
433
447
465
488
519
547
573
592
598
592
575
542
498
446
384
314
245
177
109
49
-8
-60
-109
-152
-192
-234
-278
-318
-359
-404
-445
-485
-525
-558
-591
-623
-653
-678
-701
-718
-727
-732
-730
-713
-688
-653
-601
-544
-477
-403
-325
-247
-171
-96
-19
54
118
182
240
292
338
380
414
436
452
462
460
455
445
430
416
400
387
376
367
361
357
355
358
366
373
388
402
415
431
443
446
445
433
405
370
319
262
195
122
45
-30
-101
-165
-220
-274
-318
-353
-385
-410
-435
-457
-476
-490
-501
-509
-515
-512
-507
-501
-491
-478
-459
-437
-413
-390
-368
-345
-317
-289
-261
-231
-204
-173
-140
-103
-69
-35
5
44
87
124
162
199
230
262
288
311
329
341
351
359
366
371
374
379
385
388
389
389
384
380
373
368
356
341
327
309
286
257
226
199
167
132
94
56
19
-18
-52
-90
-128
-156
-181
-207
-232
-253
-272
-288
-298
-309
-318
-323
-326
-327
-327
-322
-316
-309
-298
-280
-268
-253
-236
-213
-193
-174
-153
-135
-120
-109
-98
-89
-89
-89
-87
-84
-81
-77
-75
-62
-43
-23
1
30
69
106
140
176
209
242
271
288
306
318
326
327
321
312
303
290
274
259
244
230
214
195
179
160
145
123
97
75
55
34
12
-11
-34
-52
-75
-97
-114
-130
-142
-153
-162
-170
-170
-173
-173
-174
-172
-163
-156
-153
-147
-135
-123
-111
-103
-91
-80
-72
-67
-60
-53
-49
-44
-43
-42
-38
-34
-32
-27
-18
-9
-4
0
10
18
28
37
43
52
57
58
60
60
57
60
56
49
48
46
44
40
37
35
36
39
37
37
41
45
52
56
56
60
62
62
61
53
44
35
25
12
-2
-18
-36
-48
-61
-73
-80
-88
-95
-97
-96
-89
-87
-81
-72
-61
-46
-32
-18
-8
5
17
26
36
43
49
53
54
58
53
52
50
48
47
38
36
29
23
16
6
1
-3
-6
-9
-12
-11
-14
-12
-10
-9
-13
-17
-20
-19
-17
-19
-19
-17
-20
-21
-21
-23
-24
-25
-22
-24
-25
-25
-23
-18
-12
-8
1
9
18
26
37
41
45
44
41
36
30
25
16
9
2
-1
-8
-11
-15
-18
-18
-22
-24
-26
-26
-25
-23
-17
-10
1
10
16
22
33
35
35
35
27
24
23
22
16
12
9
9
11
9
3
-4
-7
-11
-12
-15
-17
-18
-27
-27
-25
-27
-26
-24
-21
-16
-14
-12
-10
-8
-7
-2
0
2
4
2
0
-6
-4
-9
-6
-10
-17
-15
-10
-1
-4
-9
-12
-9
-3
1
1
-1
3
12
21
25
22
22
22
23
24
24
21
14
11
11
9
10
7
4
1
1
4
5
3
-1
0
1
2
4
4
5
8
8
9
11
8
5
1
0
-2
-5
-9
-15
-19
-19
-18
-19
-23
-25
-22
-18
-16
-15
-15
-11
-4
1
0
1
3
5
9
3
0
2
7
8
4
5
4
7
6
4
2
-1
-1
0
-2
-3
-7
-8
-4
-2
-3
-3
-4
-2
0
2
2
0
1
4
5
6
2
3
2
6
8
6
4
1
3
5
7
3
-1
-1
4
6
4
4
3
3
5
0
-2
-3
-4
-4
-4
-3
-4
-5
-5
-7
-5
-7
-6
-4
-3
-1
-2
-2
-1
-1
-2
-1
-2
-1
0
3
0
1
1
2
2
1
3
0
-1
0
-1
-1
0
-3
3
0
-2
2
4
7
6
3
6
5
4
5
2
3
1
-1
-1
1
-2
-8
-7
-4
1
-3
-8
-5
-3
2
1
0
-1
-2
2
2
1
0
0
-1
0
-2
-2
-2
-1
-3
0
1
-2
-1
0
0
0
3
3
0
1
0
