0
1
1
1
0
-1
0
0
1
0
-1
0
-2
1
0
-2
0
-3
-4
-2
-2
-1
-1
1
-1
-2
-1
0
-1
-1
1
1
0
1
2
-1
-2
2
1
1
3
2
2
0
3
3
1
1
2
1
-2
1
1
1
-1
0
1
0
-2
0
1
3
2
0
1
2
1
2
-2
-3
-2
-1
-2
-2
-2
-1
-2
-1
-1
-2
4
1
3
1
-4
2
-1
-2
-1
-1
7
3
1
-2
-8
-2
-1
-12
-11
7
5
3
3
3
15
10
-4
10
23
4
0
25
14
17
16
-24
-19
-2
-8
-7
2
7
2
-7
0
-6
-3
-5
-12
-9
-29
-19
-16
-8
13
-4
-14
-32
-13
-8
-11
-10
-3
21
12
0
-7
14
-10
24
33
-20
49
13
-17
-32
6
-79
-24
-474
-1828
-768
692
176
462
611
405
603
236
95
600
684
287
387
433
-30
-177
-51
52
75
-82
-60
-20
-180
-304
-267
-223
-227
-201
-141
-123
-109
-208
-233
-178
-300
-304
-216
-123
-4
-5
45
19
-81
-30
-33
33
59
-31
8
77
35
123
80
71
124
100
102
87
80
129
47
87
10
-54
44
3
97
71
-12
122
45
9
49
-47
94
-1
-76
187
-43
92
92
-113
107
19
-56
-15
-27
-89
32
6
-105
120
-26
-50
82
-101
-2
-26
-103
-35
-16
-50
44
6
-125
76
-46
-90
-65
-15
-41
-7
-46
-36
-52
5
-111
66
56
0
53
-106
26
-83
57
-99
124
-109
104
-125
123
-82
90
-43
27
39
9
61
26
-44
66
61
39
70
51
62
-43
59
-114
151
-79
82
-51
11
-67
84
-83
74
-64
-26
132
-185
142
-57
66
-78
40
-78
111
-25
-24
-3
-35
-79
35
28
-63
44
-119
38
-37
-44
38
-60
-39
-26
19
-43
211
-219
107
-82
-66
-27
33
59
91
-1
-147
112
-103
106
-49
-26
129
37
22
-18
-29
-6
124
-11
92
-46
-27
10
-50
22
46
-76
59
13
1
83
40
-77
-73
-30
-38
70
-68
25
-18
51
-22
-47
39
-115
63
-59
87
-35
-22
5
-18
-21
-22
92
-34
46
-25
-24
-57
9
7
61
-16
47
-57
-9
17
-4
50
-129
117
-168
182
-137
51
80
-52
70
86
-7
79
-88
-33
176
-47
9
-155
250
-251
100
-116
131
-21
-79
31
51
-120
-59
92
-49
111
-23
-62
85
-13
38
-7
36
-122
4
17
-77
-15
-58
79
-816
-1776
-508
460
129
437
296
566
397
191
264
763
829
312
400
69
-616
-772
-184
110
350
261
374
-88
62
-171
-29
384
84
238
163
-157
-132
-223
-479
-41
13
-324
11
-346
-104
-214
-169
-299
-327
-181
-52
-257
-109
-237
-165
-291
-20
-241
40
129
-158
183
25
128
172
-189
-28
338
-205
305
22
170
42
62
147
91
237
110
399
202
31
193
54
249
64
59
98
152
-49
-46
39
97
-62
40
-83
171
91
95
49
135
-70
-38
185
-30
23
-179
-56
-52
-88
-290
91
-224
-4
-320
-183
-17
-139
-119
-12
3
-183
57
-28
-14
-147
-40
48
2
-72
22
-43
4
-76
-99
-61
-55
-82
64
93
65
-100
-18
97
-106
93
47
-99
93
79
-123
199
-51
-70
223
-161
336
-103
130
209
-99
34
157
-217
347
-54
-65
156
-113
67
16
-22
98
85
-130
159
25
34
-9
118
-64
-77
25
-225
281
-170
5
-126
-174
52
-133
-75
74
6
-102
12
12
-108
-58
-116
-66
54
-165
98
-173
-33
38
-177
47
6
76
185
-40
94
-119
92
116
159
22
82
136
-61
168
27
-39
72
127
9
121
-49
117
98
-7
155
105
-88
19
-95
-176
170
-8
45
101
-220
179
-17
-164
-44
-171
19
-127
-228
-13
-402
71
-92
-378
66
-93
-49
-109
14
-185
49
16
-100
-22
153
-161
61
-53
-278
-32
137
-33
269
24
-73
208
35
9
-42
338
1
262
-4
136
265
-118
237
156
-58
154
213
108
111
110
-77
253
0
278
-81
147
-55
-173
65
-138
104
-109
111
29
-45
-182
163
-439
-103
42
-135
-117
-73
-92
-133
-129
-267
-18
-109
-277
-108
-29
-247
-22
-204
-53
0
-132
-140
217
-257
-15
-180
22
-72
-196
156
92
31
18
16
72
15
245
-54
181
19
293
-48
155
292
305
232
92
278
83
112
273
396
-60
369
-90
118
439
-20
11
412
-123
227
-8
-76
183
-65
-332
-24
4
-125
-100
-319
-1
-187
-331
-268
-320
-132
-367
-365
-164
-445
-253
-293
-456
-107
-365
-156
-301
-228
-160
-214
-154
135
-162
-33
98
-145
235
118
11
240
93
2
360
209
127
416
237
476
435
294
412
573
206
215
803
368
367
401
276
253
450
-5
471
341
6
293
70
-47
123
15
62
-284
-92
-264
-112
-491
-364
-376
-382
-533
-499
-785
-486
-512
-694
-443
-546
-661
-452
-614
-549
-384
-517
-388
-400
-266
-157
-347
-245
-9
-51
92
236
136
186
127
181
582
246
479
423
425
738
47
657
796
410
816
557
423
965
355
510
899
460
606
579
790
125
301
433
182
203
354
336
-49
-20
-22
18
-468
-396
-213
-386
-527
-603
-671
-587
-757
-946
-766
-692
-1029
-786
-800
-850
-829
-917
-666
-673
-534
-535
-443
-443
-303
-236
-184
-65
-105
49
155
196
279
411
211
354
568
529
351
593
799
454
614
387
885
809
245
946
783
711
313
579
946
460
467
716
711
601
342
430
390
449
283
227
289
363
-161
234
21
-309
-385
-399
-359
-412
-595
-726
-501
-1018
-931
-1141
-1000
-931
-1211
-1020
-987
-1127
-1042
-850
-963
-789
-800
-617
-438
-340
-436
-172
-168
-144
150
204
229
486
322
497
368
426
582
703
605
536
579
709
851
615
497
634
718
881
281
889
537
819
628
366
810
559
452
618
673
519
452
271
729
54
422
326
443
224
126
62
85
-171
-562
-487
-508
-322
-859
-698
-891
-1072
-1068
-1262
-1333
-1183
-1195
-1260
-1014
-1165
-1080
-1117
-984
-825
-766
-778
-592
-330
-314
-279
-29
-13
73
186
441
585
618
383
700
577
613
666
732
802
867
660
647
687
797
597
832
614
718
680
264
1155
468
565
458
567
534
739
461
688
770
363
431
246
436
508
380
254
408
-321
-99
-344
-361
-338
-660
-551
-817
-902
-1010
-1231
-1306
-1193
-1197
-1388
-1327
-1250
-1318
-1398
-1219
-1190
-1041
-867
-823
-494
-607
-518
-208
-187
-68
23
295
388
520
611
620
586
682
657
796
847
803
939
792
913
599
971
573
804
615
682
827
311
617
624
953
487
339
421
892
331
784
253
746
341
720
246
551
157
374
320
168
-18
-112
-428
-521
-367
-677
-811
-714
-778
-1008
-1267
-1229
-1343
-1440
-1342
-1335
-1182
-1258
-1371
-1347
-1146
-1120
-982
-880
-708
-480
-477
-230
-249
24
129
320
470
554
605
757
800
840
746
817
909
971
621
1021
750
977
769
809
679
733
651
463
785
503
658
542
861
420
564
505
322
904
444
681
496
12
580
612
249
308
293
76
24
-364
-456
-295
-640
-569
-776
-720
-1296
-1174
-1502
-1330
-1481
-1525
-1454
-1492
-1433
-1601
-1440
-1431
-1338
-1093
-1034
-757
-555
-492
-300
-196
6
145
308
527
794
850
831
968
864
1193
989
1025
1041
922
1159
976
753
899
764
796
879
619
849
360
343
703
569
366
884
414
880
261
527
641
289
427
597
328
691
425
208
431
-86
-210
-36
-596
-428
-404
-872
-729
-1077
-1296
-1104
-1624
-1557
-1492
-1635
-1697
-1544
-1691
-1634
-1639
-1505
-1160
-1079
-1029
-772
-622
-520
-302
-131
-10
186
446
692
751
810
816
1006
960
1202
1013
1060
1395
1213
1059
912
1057
854
986
635
679
1000
449
784
421
631
528
675
633
446
641
192
603
418
595
806
377
358
442
542
421
359
50
27
-228
-390
-772
-482
-614
-1026
-1133
-1295
-1408
-1629
-1847
-1820
-1623
-1781
-1663
-1858
-1757
-1692
-1535
-1399
-1056
-981
-796
-477
-323
-261
-108
190
369
660
710
947
948
1152
970
994
1203
1061
1255
1118
1100
1142
944
892
921
799
721
932
492
812
733
353
595
341
476
726
546
514
460
449
709
226
490
670
496
279
681
927
418
-198
-374
-247
-363
-685
-463
-491
-959
-1091
-1115
-1568
-1739
-1756
-1732
-1608
-1653
-1810
-1787
-1817
-1828
-1621
-1515
-1296
-1105
-868
-630
-426
-492
-87
89
390
572
764
924
911
1001
1097
1192
1353
1277
1383
1348
1247
1079
1117
972
831
1093
675
702
511
803
567
610
814
297
930
512
665
499
366
707
728
564
337
598
650
366
546
568
280
54
-112
-365
-487
-655
-755
-824
-965
-1457
-1377
-1595
-1948
-1779
-1941
-1844
-1874
-1941
-1938
-1813
-1930
-1671
-1378
-1248
-1005
-794
-574
-404
-201
45
292
574
697
922
1129
1150
1238
1079
1442
1408
1432
1315
1225
1295
1196
984
910
1029
764
717
767
666
581
427
508
801
622
611
459
751
586
352
649
381
748
498
702
717
278
460
868
62
-137
-339
-532
-494
-424
-787
-1131
-1039
-1354
-1781
-1823
-2042
-1951
-1841
-2154
-1773
-1885
-2125
-1892
-1797
-1608
-1390
-1212
-865
-595
-521
-274
-92
142
409
720
1033
1037
1174
1208
1250
1299
1422
1365
1379
1370
1228
1320
993
938
905
784
966
903
656
541
494
720
663
435
685
726
576
540
739
355
800
524
470
620
390
757
609
525
747
207
-321
-298
-579
-607
-603
-884
-1002
-1290
-1782
-1942
-1955
-1942
-1940
-1934
-1828
-2087
-2119
-2103
-1913
-1756
-1604
-1279
-1002
-904
-681
-489
-288
20
236
492
905
1116
1046
1179
1342
1148
1411
1328
1225
1567
1440
1260
1602
942
683
1124
972
885
669
948
674
627
348
508
815
413
596
835
580
481
644
516
859
400
435
850
541
696
633
-15
-258
-393
-251
-487
-443
-695
-947
-1158
-1557
-1752
-1723
-2296
-1818
-1786
-2062
-1914
-2121
-2154
-2068
-1903
-1678
-1368
-1333
-925
-866
-629
-322
-162
84
504
688
873
1084
1095
1255
1306
1244
1496
1418
1321
1539
1219
1200
1126
996
962
1285
844
929
867
755
593
652
501
373
895
494
673
757
604
623
1013
399
489
330
941
761
384
789
399
-242
-630
-390
-549
-599
-759
-730
-1153
-1621
-1689
-1764
-1941
-1982
-1711
-1792
-1973
-2125
-2199
-2175
-1987
-1674
-1374
-1224
-1049
-903
-698
-516
-294
3
330
680
918
963
1068
1045
1203
1323
1380
1308
1563
1537
1132
1418
1152
960
1087
1195
894
933
752
524
760
455
213
682
810
654
638
783
715
736
418
558
889
797
719
776
303
793
802
-217
230
-524
-355
-516
-889
-726
-856
-1478
-1471
-1625
-2109
-1950
-2052
-2020
-2118
-2009
-2078
-2116
-2193
-1909
-1694
-1394
-1215
-951
-757
-648
-377
-168
138
459
877
1021
1146
1122
1137
1237
1467
1394
1578
1559
1282
1310
1210
1152
839
1163
959
1030
903
767
497
491
498
649
544
684
393
865
587
338
631
610
592
671
575
668
651
718
956
389
158
-265
-82
-400
-661
-613
-947
-1138
-1398
-1617
-1862
-2077
-2059
-1975
-2021
-2059
-2101
-2127
-2116
-1984
-1828
-1635
-1379
-1196
-944
-692
-534
-277
-128
125
628
917
1116
1261
1167
1244
1381
1317
1402
1523
1496
1602
1386
1206
1014
948
969
1060
1216
523
928
759
449
512
436
599
684
707
566
642
522
338
685
769
736
648
450
684
945
354
448
190
-524
-306
-344
-743
-643
-1225
-1377
-1290
-1913
-1814
-1968
-2195
-1962
-2076
-2238
-2282
-2276
-2155
-1926
-1742
-1594
-1358
-1129
-895
-684
-449
-246
127
453
790
1056
995
1250
1369
1442
1536
1593
1616
1548
1546
1440
1380
1163
1038
1088
1019
1110
796
589
518
538
407
531
735
488
433
764
234
952
460
616
748
486
1036
733
391
698
716
514
332
-64
-229
-395
-359
-561
-961
-1010
-1209
-1544
-1911
-2162
-2038
-2134
-2100
-1999
-2161
-2236
-2362
-2287
-1974
-1788
-1456
-1272
-1069
-867
-652
-362
-112
158
516
744
1140
1237
1289
1353
1358
1510
1686
1633
1578
1841
1376
1377
1170
1124
968
960
1025
832
591
278
554
281
550
602
274
606
675
415
565
621
614
909
569
1014
591
669
1082
612
223
127
-22
-261
-457
-584
-546
-820
-1242
-1394
-1660
-2064
-2025
-2135
-2077
-2143
-2284
-2384
-2428
-2352
-2102
-1922
-1664
-1447
-1273
-1069
-815
-519
-265
27
440
800
948
1100
1294
1423
1554
1639
1691
1732
1755
1529
1450
1393
1450
1260
1157
947
882
923
686
624
270
424
610
445
426
776
619
305
596
596
671
865
541
697
806
764
609
1044
624
432
-83
-371
-331
-424
-620
-763
-1257
-1412
-1625
-2067
-2062
-2035
-2076
-2210
-2297
-2467
-2371
-2400
-2198
-2029
-1882
-1668
-1436
-1210
-968
-657
-454
-58
223
602
848
1090
1315
1396
1431
1676
1712
1711
1795
1720
1607
1533
1277
1270
1292
1133
1128
813
707
784
440
410
619
501
460
600
495
450
733
602
711
551
748
681
790
908
760
934
688
426
160
-297
-275
-304
-329
-715
-1034
-1433
-1510
-1863
-2184
-2201
-2116
-2231
-2318
-2402
-2686
-2587
-2475
-2167
-1980
-1766
-1574
-1384
-1093
-784
-571
-280
255
562
933
1031
1099
1282
1559
1715
1875
1894
1750
1817
1822
1678
1418
1620
1250
1090
1343
1347
565
742
617
433
561
446
369
423
734
490
490
509
769
510
784
577
572
702
571
1014
665
358
-6
-117
-440
-376
-417
-539
-1203
-1512
-1470
-1807
-2156
-2362
-2317
-2171
-2184
-2529
-2698
-2693
-2520
-2229
-1847
-1664
-1576
-1314
-1148
-860
-518
-171
234
689
957
1120
1215
1419
1634
1861
1986
2111
2037
2068
1917
1665
1622
1564
1266
1349
1141
922
727
645
426
486
491
138
676
312
278
527
617
225
685
461
579
852
329
813
957
978
604
274
-245
-179
-170
-472
-502
-613
-1224
-1496
-1744
-1974
-2242
-2351
-2189
-2240
-2415
-2596
-2807
-2622
-2419
-2207
-1856
-1685
-1528
-1278
-1067
-731
-406
-35
476
869
1052
1128
1345
1607
1775
2038
2166
2119
2026
2028
1909
1774
1597
1547
1400
1368
1056
1011
773
570
346
290
402
322
113
285
377
260
581
196
743
728
447
688
672
741
940
1103
675
64
-390
-223
-311
-390
-639
-921
-1281
-1675
-2074
-2178
-2267
-2389
-2325
-2347
-2528
-2770
-2855
-2656
-2290
-1984
-1768
-1759
-1521
-1345
-1062
-605
-209
216
645
940
1152
1238
1438
1687
1949
2338
2319
2243
2115
1946
2076
1786
1899
1703
1437
1303
1327
842
626
625
191
556
458
277
282
322
269
454
406
399
760
640
583
666
691
930
952
835
161
-510
-191
-95
-360
-359
-1023
-1670
-1718
-1941
-2169
-2270
-2476
-2438
-2542
-2760
-3044
-3026
-2706
-2438
-2094
-1975
-1953
-1780
-1499
-1147
-613
-210
155
547
896
1057
1223
1479
1861
2159
2330
2392
2215
2248
2248
2288
2078
1971
1819
1408
1335
1381
1064
778
641
419
370
323
536
125
453
529
324
620
326
436
844
715
878
867
650
1028
728
-312
-203
-47
-188
-405
-587
-1051
-1675
-1973
-2166
-2387
-2514
-2527
-2616
-2793
-3000
-3186
-3181
-2877
-2508
-2141
-2043
-2017
-1665
-1449
-1076
-576
-3
405
734
1089
1230
1423
1787
2138
2425
2597
2632
2465
2378
2365
2285
2131
2069
1949
1645
1448
1149
732
601
799
400
279
156
196
152
-47
244
563
457
470
484
424
747
560
1289
1313
929
119
-337
-257
-110
-95
-199
-713
-1674
-2116
-2165
-2206
-2474
-2525
-2571
-2676
-3099
-3431
-3412
-3104
-2648
-2170
-2071
-2183
-2058
-1698
-1184
-583
-133
238
553
971
1232
1402
1764
2176
2472
2646
2574
2359
2342
2449
2599
2495
2268
1907
1637
1416
1220
1065
975
802
610
461
165
21
52
292
386
653
280
94
142
638
911
894
764
1125
937
-83
-325
-272
91
32
-346
-1015
-1888
-2201
-2013
-2228
-2386
-2563
-2851
-3118
-3228
-3297
-3284
-2990
-2447
-2252
-2259
-2321
-2185
-1671
-1017
-392
100
218
382
813
1260
1649
2048
2406
2542
2628
2581
2423
2394
2625
2777
2614
2229
1902
1570
1473
1543
1303
950
719
415
314
271
56
-24
251
570
477
198
67
206
647
978
1104
1309
1126
187
-374
-313
88
186
-60
-610
-1444
-2271
-2324
-2124
-2300
-2547
-2731
-3085
-3516
-3635
-3637
-3375
-2922
-2463
-2401
-2622
-2596
-2030
-1322
-615
-25
131
180
593
1230
1640
1949
2413
2687
2706
2720
2688
2623
2789
3061
2963
2512
2093
1796
1629
1651
1602
1223
810
524
237
51
82
167
211
333
288
-13
11
321
550
785
1207
1069
1120
679
-321
-370
189
470
106
-474
-1399
-2273
-2228
-1905
-2123
-2568
-2924
-3250
-3671
-3747
-3618
-3478
-3102
-2685
-2590
-2755
-2808
-2250
-1431
-742
-228
-33
-7
361
1116
1710
2066
2436
2647
2625
2670
2806
2771
2889
3170
3149
2550
2156
1868
1701
1781
1797
1443
838
480
364
186
251
325
143
165
163
112
133
240
700
815
964
1123
1368
816
-189
-225
360
591
149
-415
-1398
-2308
-2225
-1878
-2308
-2741
-3109
-3423
-3727
-3831
-3735
-3658
-3287
-2831
-2794
-3079
-3001
-2385
-1440
-709
-345
-232
-198
360
1224
1841
2127
2426
2597
2625
2858
3102
3040
3089
3284
3195
2706
2305
2030
1945
1987
1898
1296
586
398
411
335
324
285
0
-152
-56
128
289
386
646
736
846
1097
1318
689
-114
-98
548
656
67
-540
-1496
-2261
-1917
-1638
-2238
-2895
-3255
-3505
-3719
-3766
-3689
-3732
-3435
-3079
-3112
-3171
-2974
-2266
-1428
-869
-574
-546
-287
541
1533
2005
2044
2196
2505
2786
3155
3308
3187
3166
3302
3225
2776
2484
2367
2242
2127
1877
1254
669
509
589
518
291
18
-278
-118
80
247
232
173
351
577
885
1061
1106
297
-397
-12
792
371
-310
-732
-1606
-2212
-1786
-1735
-2537
-3061
-3169
-3464
-3812
-3722
-3647
-3572
-3333
-3128
-3117
-3172
-2778
-1835
-1176
-1018
-708
-484
-190
768
1772
1904
1846
2268
2596
2746
3263
3471
3261
3244
3383
3143
2751
2644
2581
2424
2163
1756
1130
753
773
839
608
159
-125
-228
-130
158
379
162
17
285
662
851
1243
955
-506
-858
290
937
301
-398
-1278
-2283
-2275
-1535
-1817
-2681
-3190
-3443
-3711
-3878
-3754
-3529
-3399
-3228
-3141
-3258
-3287
-2445
-1340
-978
-892
-688
-600
53
1368
2054
1835
1874
2313
2571
3025
3575
3406
3197
3264
3291
2975
2722
2721
2632
2354
2011
1523
962
811
906
918
434
-48
-190
-135
134
299
289
105
131
454
775
1063
1199
192
-807
-270
683
501
-348
-838
-1869
-2426
-1713
-1544
-2515
-3158
-3217
-3449
-3744
-3650
-3553
-3593
-3341
-3062
-3156
-3353
-2820
-1741
-1219
-1090
-785
-590
-225
843
1872
1847
1728
2183
2570
2853
3305
3466
3181
3117
3362
3216
2839
2805
2709
2387
2100
1785
1298
898
952
946
569
183
-50
-135
41
330
367
90
-82
145
656
1141
1318
267
-1049
-684
641
867
-107
-1020
-1929
-2466
-1757
-1256
-2187
-3219
-3512
-3416
-3581
-3613
-3434
-3481
-3425
-3134
-3013
-3163
-2908
-1884
-1122
-1085
-944
-709
-317
683
1771
1977
1584
1789
2375
2782
3299
3447
3064
2892
3103
3192
2949
2789
2679
2407
2156
1840
1419
1121
1013
1018
803
306
-8
-32
135
415
398
172
-51
44
598
1083
1392
681
-855
-1051
194
1022
306
-796
-1808
-2625
-2129
-1180
-1795
-2989
-3548
-3532
-3474
-3420
-3371
-3500
-3517
-3190
-3010
-3054
-2844
-2035
-1178
-1040
-1015
-764
-375
576
1637
1901
1596
1687
2238
2718
3173
3293
2983
2814
2965
3119
2961
2722
2534
2350
2106
1868
1548
1186
998
970
737
292
29
-6
47
267
440
214
-21
41
472
972
1386
1068
-498
-1210
-5
1174
703
-497
-1564
-2428
-2231
-1153
-1295
-2710
-3652
-3597
-3372
-3345
-3352
-3388
-3649
-3589
-3054
-2896
-2965
-2336
-1331
-1111
-1302
-870
-343
286
1398
1932
1495
1340
2121
2881
3149
3265
2994
2686
2840
3260
3248
2782
2388
2311
2189
1888
1642
1345
977
814
796
455
-48
-37
220
330
375
254
29
-19
464
1048
1237
1210
169
-1005
-488
940
1109
-191
-1361
-2111
-2268
-1411
-1066
-2122
-3403
-3816
-3532
-3265
-3241
-3363
-3533
-3644
-3428
-3054
-2877
-2506
-1686
-1193
-1428
-1284
-580
177
1083
1659
1435
1183
1797
2742
3177
3209
2967
2712
2890
3304
3378
2976
2550
2335
2247
2142
1897
1536
1124
791
651
537
262
20
27
17
-25
47
215
192
238
564
731
1032
1017
-206
-916
99
1181
513
-755
-1466
-2102
-1951
-1028
-1272
-2706
-3683
-3560
-3124
-3096
-3254
-3413
-3677
-3605
-3079
-2763
-2793
-2421
-1540
-1298
-1390
-839
-212
379
1149
1562
1353
1378
2192
2946
3087
3003
2832
2722
3027
3440
3301
2726
2349
2325
2311
2138
1765
1223
862
771
728
504
68
-135
-39
-78
-74
139
156
4
160
529
693
1037
1007
-445
-1112
304
1311
425
-739
-1447
-2131
-1884
-790
-1188
-2798
-3616
-3405
-2995
-2941
-3041
-3217
-3577
-3543
-2904
-2566
-2689
-2258
-1390
-1341
-1386
-633
-73
390
1177
1466
1160
1391
2284
2880
2978
2891
2674
2676
3001
3284
3125
2542
2159
2227
2278
2035
1679
1186
793
683
720
528
96
-116
-92
-156
-167
35
271
113
-23
231
612
1118
1017
-426
-1183
73
1258
560
-719
-1553
-2141
-1737
-743
-1157
-2681
-3528
-3267
-2757
-2692
-2932
-3235
-3428
-3232
-2638
-2366
-2571
-2214
-1360
-1198
-1312
-717
-38
414
1098
1392
966
1151
2224
2927
2793
2538
2430
2530
3015
3311
2932
2327
2056
2258
2406
2121
1666
1182
832
782
817
633
182
-27
46
-72
-128
106
316
230
51
115
423
963
1234
-5
-1270
-505
914
753
-519
-1444
-2050
-2059
-1178
-898
-2147
-3372
-3453
-2775
-2535
-2788
-2964
-3189
-3284
-2769
-2214
-2304
-2242
-1436
-1043
-1330
-984
-195
297
806
1262
1056
937
1720
2659
2729
2430
2279
2369
2711
3108
3066
2452
1926
2047
2383
2179
1753
1354
951
755
880
727
268
-3
60
12
-110
-31
180
314
208
73
103
378
976
1104
-335
-1426
-348
1163
617
-834
-1619
-2067
-1894
-840
-719
-2280
-3567
-3220
-2327
-2238
-2549
-2733
-2964
-3059
-2370
-1835
-2016
-1935
-1248
-1082
-1238
-638
47
326
729
1026
802
951
1825
2498
2308
1984
1944
2199
2580
2902
2741
2074
1701
1956
2280
1992
1589
1224
868
699
872
825
378
73
41
-30
-101
68
282
225
55
38
32
405
931
1053
-122
-1426
-795
775
982
-476
-1681
-2006
-1703
-954
-667
-1801
-3112
-3168
-2269
-1855
-2197
-2567
-2767
-2706
-2194
-1774
-1827
-1705
-1291
-1023
-1078
-716
-88
253
539
748
745
875
1467
2150
2123
1702
1658
1997
2439
2653
2458
1904
1562
1833
2215
2063
1578
1131
919
867
978
934
512
152
51
85
119
108
159
151
79
70
70
289
587
863
633
-680
-1330
-156
1027
333
-1203
-1818
-1766
-1377
-669
-946
-2366
-3196
-2661
-1702
-1668
-2266
-2572
-2551
-2366
-1951
-1574
-1583
-1616
-1220
-966
-958
-486
89
324
431
577
639
983
1594
1910
1694
1464
1636
2100
2454
2322
1959
1687
1672
1943
2155
1846
1300
1012
1090
1123
1026
804
423
172
140
227
168
65
88
78
48
175
187
221
425
665
598
-494
-1331
-395
975
466
-1162
-1817
-1591
-1283
-739
-782
-2155
-3087
-2589
-1614
-1522
-2173
-2483
-2338
-2151
-1774
-1364
-1445
-1582
-1223
-833
-846
-523
102
250
234
513
704
884
1358
1771
1658
1382
1496
1884
2171
2176
1868
1547
1536
1732
1943
1756
1287
988
977
1050
1010
833
444
11
73
287
208
69
10
-29
-1
160
254
186
205
451
717
536
-606
-1147
-35
936
46
-1348
-1643
-1393
-1057
-592
-920
-2228
-2816
-2139
-1335
-1546
-2213
-2372
-2159
-2019
-1656
-1297
-1469
-1604
-1104
-765
-859
-436
89
110
213
536
675
927
1355
1592
1436
1352
1628
1984
2134
1946
1708
1650
1753
1980
1987
1506
1083
1007
1084
1029
810
583
289
50
100
175
109
20
-55
-113
-136
27
245
242
184
294
545
459
-510
-938
169
875
-149
-1299
-1344
-1117
-964
-606
-1008
-2230
-2518
-1760
-1336
-1774
-2239
-2195
-2079
-1964
-1544
-1298
-1557
-1557
-991
-713
-789
-431
48
106
158
466
752
989
1303
1469
1377
1348
1660
2005
1985
1781
1683
1693
1723
1830
1797
1429
1048
1014
1085
996
738
441
263
111
14
-164
-453
-530
-391
-437
-459
-242
1
162
241
441
904
1129
292
-352
490
1579
1200
-58
-627
-490
-357
-217
-421
-1471
-2268
-2051
-1578
-1835
-2451
-2593
-2551
-2728
-2622
-2317
-2325
-2375
-2028
-1790
-1861
-1461
-711
-512
-521
-179
216
609
1160
1524
1438
1504
1964
2345
2466
2472
2402
2344
2350
2434
2509
2343
2059
1858
1659
1499
1489
1293
847
517
545
579
522
428
269
199
382
517
435
445
889
632
-969
-1251
512
1273
-474
-1945
-1889
-1731
-1578
-1068
-1773
-3441
-3868
-2766
-2232
-2940
-3281
-3070
-3213
-3194
-2420
-2063
-2311
-1978
-1270
-1385
-1266
-148
588
398
519
1038
1379
1882
2556
2572
2015
2144
2839
3178
3026
2771
2417
2210
2334
2595
2413
1812
1393
1287
1147
960
859
669
235
-126
-97
1
114
121
-30
-172
11
228
489
805
992
16
-1250
-492
1266
1060
-901
-1822
-1516
-1367
-1171
-961
-2115
-3554
-3437
-2364
-2348
-3106
-3237
-3067
-3301
-3082
-2334
-2068
-2277
-2019
-1517
-1518
-1011
17
400
140
395
1031
1523
1966
2383
2238
2020
2372
2936
3104
2878
2651
2494
2351
2394
2566
2350
1797
1401
1315
1178
1076
993
663
66
-21
231
324
156
164
241
190
188
495
880
1131
587
-915
-1016
775
1533
-285
-1858
-1756
-1438
-1371
-1027
-1767
-3363
-3824
-2831
-2307
-3011
-3440
-3215
-3350
-3375
-2586
-2161
-2429
-2223
-1526
-1517
-1333
-248
438
246
380
912
1368
1865
2418
2473
2121
2221
2799
3124
3003
2834
2599
2358
2318
2541
2437
1901
1465
1290
1112
1070
1011
713
245
-29
68
108
97
116
174
206
176
212
548
993
1289
126
-1313
-472
1487
1108
-1129
-1990
-1511
-1505
-1304
-1099
-2354
-3787
-3524
-2414
-2614
-3419
-3355
-3127
-3433
-3210
-2447
-2186
-2337
-1928
-1455
-1479
-958
169
534
264
481
1141
1723
2207
2539
2387
2154
2525
3121
3260
2957
2633
2522
2502
2530
2561
2277
1723
1342
1244
1165
958
771
489
-20
-143
105
166
24
79
170
-4
53
482
834
1081
544
-1036
-1074
957
1716
-373
-1988
-1647
-1274
-1257
-1030
-1858
-3406
-3738
-2672
-2308
-3190
-3508
-3115
-3227
-3435
-2795
-2209
-2386
-2202
-1498
-1574
-1364
-160
530
236
304
1018
1610
2046
2515
2488
2215
2431
2995
3333
3055
2744
2695
2577
2433
2515
2405
1898
1408
1267
1115
913
857
583
14
-238
59
192
2
-33
135
66
8
231
658
1079
989
-418
-1378
89
1780
755
-1514
-1989
-1318
-1176
-1110
-1347
-2759
-3838
-3233
-2262
-2770
-3584
-3338
-3165
-3504
-3173
-2403
-2231
-2272
-1820
-1583
-1529
-623
352
406
265
647
1307
1947
2440
2552
2249
2259
2776
3267
3283
2976
2695
2571
2527
2634
2523
2051
1578
1328
1201
1065
906
599
173
-126
-56
85
133
55
60
44
87
298
565
844
1142
393
-1180
-781
1407
1575
-885
-2074
-1333
-1131
-1405
-1182
-1987
-3608
-3775
-2604
-2498
-3441
-3521
-3154
-3490
-3566
-2700
-2178
-2322
-2158
-1694
-1645
-1053
168
538
174
423
1170
1733
2194
2583
2452
2231
2593
3103
3231
3085
2903
2701
2518
2522
2618
2344
1781
1366
1210
1124
993
748
373
-60
-136
107
98
-179
-270
9
219
188
245
440
818
1002
-155
-1215
-14
1664
698
-1544
-1877
-1118
-1194
-1272
-1393
-2590
-3672
-3215
-2298
-2721
-3476
-3240
-3087
-3471
-3149
-2246
-2050
-2350
-2004
-1591
-1421
-540
437
327
43
658
1513
1969
2298
2392
2188
2337
2892
3232
3071
2859
2793
2629
2451
2486
2516
2110
1528
1246
1140
1019
999
680
130
-217
-94
115
13
-197
-214
16
215
158
220
614
1062
768
-800
-1199
694
1807
-44
-1957
-1656
-1036
-1265
-1141
-1562
-3095
-3759
-2774
-2213
-3052
-3505
-3097
-3164
-3478
-2881
-2121
-2114
-2253
-1800
-1518
-1200
-200
559
265
125
888
1722
2106
2351
2408
2233
2411
2939
3248
3068
2815
2653
2499
2419
2526
2522
2057
1456
1200
1169
1132
943
545
107
-179
-63
142
57
-169
-190
24
116
107
344
738
996
38
-1368
-591
1475
1216
-1171
-2054
-1205
-1036
-1347
-1301
-2079
-3357
-3527
-2571
-2487
-3292
-3348
-2979
-3389
-3457
-2517
-1828
-2072
-2125
-1691
-1431
-789
285
552
161
458
1298
1890
2199
2443
2372
2262
2570
3005
3159
3033
2751
2541
2440
2416
2523
2343
1749
1258
1111
1072
1003
795
342
-129
-161
37
-34
-76
2
21
-72
-86
176
620
1043
971
-510
-1508
121
1949
666
-1765
-1903
-1002
-1192
-1280
-1279
-2552
-3679
-3155
-2277
-2784
-3422
-3031
-2963
-3596
-3266
-2189
-1870
-2194
-2023
-1678
-1419
-403
571
352
-8
659
1586
2001
2221
2409
2351
2363
2729
3081
3064
2892
2752
2546
2335
2397
2565
2209
1543
1165
1107
1082
959
633
109
-175
-43
84
-11
-129
-190
-50
159
152
197
580
1096
781
-762
-1211
597
1815
59
-1948
-1575
-913
-1254
-1296
-1493
-2767
-3555
-2853
-2378
-3034
-3336
-2938
-3135
-3625
-3051
-2041
-1934
-2231
-1933
-1608
-1206
-183
479
160
92
879
1628
2007
2286
2307
2216
2456
2934
3099
2986
2868
2707
2463
2327
2466
2511
2057
1458
1157
1141
1153
924
491
43
-115
29
32
-111
-42
11
-113
-25
290
497
674
1062
379
-1208
-755
1447
1502
-931
-2005
-1148
-1012
-1480
-1293
-1815
-3167
-3449
-2596
-2567
-3269
-3176
-2848
-3397
-3558
-2605
-1993
-2182
-2107
-1732
-1641
-952
218
465
44
345
1181
1746
2046
2321
2363
2271
2517
2947
3174
3012
2813
2633
2428
2377
2554
2454
1874
1316
1183
1185
1069
811
354
-43
-167
10
76
-45
-209
-160
7
126
143
375
794
974
28
-1252
-481
1481
1159
-1188
-1987
-1156
-1060
-1432
-1398
-2156
-3357
-3340
-2511
-2677
-3342
-3163
-2904
-3350
-3400
-2501
-1864
-2040
-2087
-1696
-1353
-672
269
525
203
523
1394
1974
2213
2391
2404
2394
2657
3049
3161
2970
2746
2577
2397
2280
2411
2257
1648
1162
1064
1006
906
691
279
-171
-238
-29
-19
-50
-27
-62
-102
39
343
611
923
1055
-207
-1379
50
1955
789
-1712
-1777
-762
-1192
-1594
-1377
-2257
-3525
-3344
-2468
-2778
-3451
-3051
-2927
-3591
-3399
-2313
-1932
-2228
-2009
-1605
-1410
-497
477
328
101
763
1540
1848
2152
2485
2463
2384
2690
3084
3127
2964
2779
2521
2318
2406
2573
2179
1474
1117
1049
1018
925
588
128
-170
-160
-54
-92
-127
-120
-61
60
96
248
632
991
951
-236
-1165
60
1671
755
-1431
-1748
-953
-1161
-1461
-1438
-2262
-3271
-3185
-2587
-2830
-3283
-2981
-2930
-3508
-3327
-2367
-1904
-2110
-1988
-1618
-1363
-521
344
350
248
770
1448
1885
2205
2450
2475
2458
2706
3021
3080
2933
2710
2472
2289
2301
2421
2096
1501
1165
1022
907
753
558
240
-183
-268
-96
-74
16
-3
-176
-93
236
566
718
1023
794
-743
-1143
915
1952
-94
-1948
-1328
-779
-1429
-1445
-1480
-2687
-3514
-2955
-2508
-3057
-3321
-2949
-3206
-3735
-3162
-2112
-1944
-2228
-1996
-1600
-1110
-163
436
266
374
1077
1716
2095
2386
2484
2451
2619
2916
3099
3099
2965
2737
2471
2335
2446
2405
1930
1357
1034
936
875
730
390
-74
-359
-236
-46
-113
-227
-229
-140
48
212
409
728
1095
625
-823
-890
1006
1747
-186
-1858
-1300
-733
-1292
-1485
-1633
-2653
-3366
-2912
-2564
-3116
-3327
-2903
-3109
-3621
-3148
-2124
-1858
-2117
-1985
-1626
-1047
-97
402
296
459
1124
1700
2041
2341
2490
2506
2642
2846
3046
3101
2964
2709
2383
2202
2347
2340
1814
1277
1000
878
833
731
370
-68
-309
-234
-149
-57
-51
-125
-135
-17
208
515
770
1095
612
-843
-835
1082
1722
-285
-1823
-1289
-853
-1281
-1311
-1674
-2789
-3382
-2907
-2685
-3139
-3182
-2866
-3288
-3699
-2981
-2020
-1933
-2109
-1894
-1624
-992
83
528
316
541
1222
1792
2102
2346
2513
2566
2653
2849
3094
3183
2975
2659
2333
2252
2428
2299
1727
1188
951
901
853
641
188
-170
-336
-294
-158
-87
-82
-191
-187
63
316
629
866
977
143
-1153
-322
1640
1275
-1033
-1863
-953
-935
-1534
-1414
-1885
-3039
-3424
-2799
-2669
-3253
-3195
-2891
-3419
-3637
-2721
-1880
-1951
-2107
-1783
-1360
-622
227
424
374
796
1425
1936
2252
2479
2559
2577
2717
2913
3144
3158
2906
2580
2303
2309
2442
2210
1642
1090
890
875
778
519
109
-191
-343
-312
-198
-169
-216
-226
-108
35
139
523
938
1086
161
-1138
-465
1522
1420
-916
-1922
-986
-921
-1502
-1422
-1864
-2934
-3265
-2787
-2751
-3157
-3015
-2792
-3365
-3631
-2732
-1787
-1832
-2100
-1847
-1438
-736
234
534
383
692
1331
1804
2123
2453
2628
2567
2601
2792
3041
3121
2928
2540
2216
2194
2376
2294
1724
1086
807
822
781
537
137
-289
-335
-37
-23
-188
-159
-68
27
170
358
612
1096
915
-661
-1116
800
1918
62
-1759
-1295
-722
-1348
-1450
-1413
-2480
-3449
-3013
-2499
-3050
-3329
-2830
-3024
-3696
-3289
-2204
-1808
-2046
-1941
-1617
-1139
-177
485
436
471
1032
1633
1992
2304
2573
2555
2585
2730
2941
3089
3010
2733
2389
2162
2250
2356
1979
1309
871
816
809
687
346
-106
-348
-293
-276
-377
-327
-180
-85
-111
-91
183
653
1032
1017
-146
-1184
-26
1791
919
-1404
-1714
-741
-956
-1491
-1447
-1951
-2939
-3147
-2674
-2741
-3088
-2831
-2711
-3371
-3423
-2362
-1625
-1882
-2018
-1644
-1189
-463
331
490
453
870
1468
1908
2178
2410
2543
2542
2574
2749
2967
2978
2715
2401
2138
2070
2261
2088
1493
1018
830
770
666
425
93
-276
-298
-160
-198
-159
-56
-35
-28
86
363
657
1068
971
-528
-1217
484
1859
317
-1715
-1499
-763
-1321
-1568
-1460
-2305
-3315
-3123
-2604
-2937
-3181
-2718
-2905
-3623
-3255
-2148
-1679
-1848
-1831
-1656
-1182
-144
570
424
463
1051
1619
2015
2399
2652
2627
2586
2698
2919
3111
3089
2775
2346
2111
2210
2296
1970
1346
855
685
663
591
292
-88
-386
-459
-413
-305
-176
-156
-278
-231
63
355
603
941
912
-391
-1165
381
1942
549
-1603
-1589
-727
-1037
-1395
-1459
-2194
-3082
-3015
-2583
-2855
-3129
-2791
-2794
-3434
-3286
-2270
-1674
-1819
-1833
-1672
-1245
-281
492
500
462
894
1508
2051
2364
2480
2524
2610
2687
2880
3107
3106
2774
2342
2084
2174
2260
1990
1466
940
664
720
689
318
-39
-252
-365
-394
-317
-191
-111
-155
-170
-13
274
639
1041
842
-637
-1204
541
1806
240
-1617
-1410
-780
-1314
-1559
-1502
-2236
-3091
-3049
-2695
-2945
-3051
-2687
-2841
-3468
-3198
-2196
-1598
-1746
-1807
-1561
-1035
-235
401
596
690
1022
1506
2013
2392
2615
2661
2661
2609
2774
3115
3131
2670
2274
2168
2147
2134
1926
1424
914
700
660
568
309
-30
-372
-492
-432
-301
-151
-127
-189
-120
52
340
714
1135
842
-703
-1101
713
1778
143
-1598
-1298
-864
-1455
-1449
-1378
-2330
-3276
-3122
-2712
-3063
-3060
-2611
-3035
-3710
-3175
-2114
-1731
-1871
-1762
-1600
-1122
-150
488
578
688
1098
1632
2089
2423
2713
2788
2698
2661
2927
3159
3132
2786
2360
2137
2225
2239
1907
1404
939
653
557
508
266
-46
-363
-498
-473
-305
-126
-28
-186
-263
-53
415
823
1098
599
-911
-1028
994
1840
-165
-1768
-1240
-822
-1490
-1467
-1423
-2481
-3380
-3017
-2709
-3141
-3061
-2541
-3060
-3868
-3170
-1927
-1643
-1934
-1816
-1553
-1034
-88
641
632
651
1165
1749
2157
2490
2748
2775
2692
2714
2982
3242
3172
2694
2277
2167
2227
2212
1883
1304
831
649
591
551
273
-123
-450
-510
-437
-317
-207
-57
-33
-165
-159
411
1062
1159
482
-850
-909
866
1739
-37
-1738
-1450
-952
-1426
-1533
-1598
-2460
-3335
-3213
-2825
-3077
-3117
-2729
-3044
-3752
-3253
-2033
-1594
-1876
-1794
-1534
-991
-4
722
720
734
1197
1781
2205
2595
2908
2927
2766
2763
3076
3266
3167
2795
2352
2053
2148
2229
1850
1246
835
548
435
437
227
-191
-534
-605
-594
-376
-77
-94
-405
-340
133
566
824
1197
656
-1000
-975
1257
1897
-389
-1806
-1083
-942
-1712
-1474
-1374
-2562
-3490
-3085
-2798
-3163
-3004
-2634
-3231
-3871
-3089
-1945
-1708
-1843
-1655
-1571
-1057
69
809
758
861
1311
1762
2253
2757
2954
2831
2777
2874
3094
3252
3220
2861
2339
2050
2173
2200
1844
1286
761
425
380
400
143
-224
-513
-656
-627
-473
-271
-57
-137
-325
-192
392
980
1244
490
-986
-812
1183
1588
-375
-1535
-1093
-1082
-1617
-1361
-1450
-2600
-3387
-3035
-2908
-3261
-2999
-2567
-3266
-3857
-3034
-1985
-1785
-1837
-1728
-1597
-970
117
750
735
896
1373
1846
2249
2727
2996
2938
2831
2926
3114
3246
3220
2858
2347
2093
2160
2150
1802
1222
709
406
372
357
87
-314
-597
-665
-627
-411
-166
-42
-207
-276
71
650
1003
1132
327
-993
-548
1504
1617
-628
-1668
-996
-1018
-1614
-1393
-1588
-2764
-3526
-3078
-2871
-3210
-3053
-2693
-3349
-3830
-2971
-1872
-1710
-1878
-1707
-1498
-880
150
781
769
923
1337
1948
2378
2707
2882
2905
2828
2840
3057
3313
3182
2749
2392
2117
2154
2123
1746
1142
675
475
493
344
8
-354
-560
-635
-622
-348
-156
-126
-216
-224
37
588
1139
1279
21
-1310
-251
1733
1249
-897
-1541
-1148
-1388
-1534
-1243
-1907
-3071
-3381
-3060
-3155
-3240
-2810
-2824
-3582
-3726
-2798
-1893
-1645
-1640
-1642
-1450
-562
511
850
849
1138
1618
2104
2544
2868
3018
3040
2963
2928
3116
3298
3126
2721
2293
2069
2099
2070
1647
993
488
303
270
128
-126
-490
-746
-754
-646
-406
-178
-122
-200
-271
38
694
1264
1311
-44
-1311
-168
1792
1200
-972
-1561
-1026
-1400
-1650
-1251
-1849
-3137
-3461
-2967
-3027
-3359
-2947
-2654
-3506
-3819
-2764
-1747
-1637
-1731
-1605
-1302
-517
528
961
904
1127
1618
2144
2502
2836
3062
3027
2921
3012
3194
3305
3139
2729
2255
1965
2015
1989
1557
912
467
323
263
84
-171
-506
-681
-643
-625
-461
-160
-49
-201
-195
265
786
1105
1134
45
-1100
-112
1705
1138
-1078
-1600
-898
-1263
-1711
-1396
-1917
-3193
-3510
-2968
-3073
-3378
-2854
-2741
-3599
-3754
-2706
-1823
-1714
-1690
-1529
-1353
-529
567
927
916
1219
1706
2126
2516
2954
3128
3010
2971
3050
3170
3248
3083
2679
2164
1974
2081
1883
1413
934
500
269
190
49
-197
-532
-641
-620
-513
-319
-199
-130
-83
24
335
693
1246
1213
-333
-1135
427
1820
590
-1215
-1347
-1140
-1588
-1485
-1400
-2367
-3370
-3292
-2963
-3368
-3395
-2779
-2947
-3700
-3472
-2538
-1967
-1705
-1439
-1518
-1339
-235
777
975
1035
1421
1871
2293
2717
3022
3058
3024
3052
3125
3174
3216
3065
2633
2173
1986
1960
1757
1346
849
409
101
27
-68
-270
-541
-733
-816
-702
-457
-166
-11
-120
-196
199
890
1385
1155
-253
-1109
286
1869
763
-1170
-1371
-1082
-1529
-1499
-1367
-2261
-3263
-3247
-2992
-3335
-3371
-2823
-2849
-3593
-3600
-2677
-1929
-1677
-1457
-1443
-1290
-390
687
1128
1153
1364
1811
2272
2667
3015
3162
3140
3021
2996
3092
3190
3080
2695
2200
1907
1891
1814
1418
825
394
151
22
-56
-273
-617
-750
-701
-621
-516
-228
54
-28
-194
175
937
1548
1143
-426
-1076
489
1829
627
-1102
-1319
-1273
-1680
-1473
-1380
-2393
-3413
-3265
-2957
-3402
-3509
-2809
-2800
-3611
-3642
-2689
-1933
-1645
-1394
-1400
-1292
-383
724
1196
1295
1470
1864
2358
2792
3096
3225
3196
3135
3123
3170
3201
3078
2693
2179
1870
1845
1698
1276
779
332
10
-72
-88
-319
-695
-887
-866
-722
-416
-108
-17
-195
-214
336
1002
1401
1190
-150
-1040
296
1809
805
-1010
-1326
-1322
-1744
-1481
-1245
-2255
-3365
-3331
-3102
-3497
-3476
-2826
-2932
-3705
-3606
-2750
-2098
-1623
-1231
-1332
-1302
-370
805
1265
1356
1600
1898
2284
2835
3240
3291
3249
3185
3113
3130
3229
3110
2717
2207
1838
1725
1622
1272
761
251
-98
-173
-245
-432
-640
-820
-975
-821
-335
-21
-100
-171
69
436
904
1495
1307
-188
-941
508
1796
716
-854
-1155
-1355
-1783
-1440
-1305
-2436
-3459
-3340
-3234
-3632
-3468
-2912
-3106
-3691
-3528
-2868
-2315
-1688
-1201
-1317
-1282
-377
671
1190
1463
1738
1991
2374
2836
3180
3322
3374
3338
3244
3185
3216
3140
2786
2317
1941
1689
1550
1287
785
273
-80
-192
-290
-479
-722
-860
-900
-827
-507
-174
-124
-62
113
352
783
1433
1490
-2
-961
386
1799
827
-826
-1174
-1323
-1888
-1587
-1297
-2336
-3491
-3485
-3187
-3653
-3632
-2988
-3040
-3669
-3642
-2983
-2300
-1710
-1165
-1185
-1192
-400
681
1346
1581
1786
2023
2377
2912
3295
3390
3430
3341
3222
3143
3151
3104
2811
2356
1842
1570
1467
1205
746
212
-216
-336
-395
-535
-752
-883
-935
-881
-462
-118
-60
-28
166
396
773
1519
1745
281
-988
112
1799
1188
-543
-1098
-1350
-1944
-1614
-1136
-2150
-3498
-3543
-3271
-3706
-3748
-3058
-2984
-3603
-3710
-3189
-2533
-1752
-1067
-1126
-1345
-665
558
1368
1702
1831
2003
2364
2914
3363
3510
3444
3351
3276
3210
3166
3107
2841
2339
1819
1521
1407
1215
777
211
-236
-378
-423
-552
-791
-983
-1061
-919
-512
-139
-115
-154
91
522
970
1487
1663
455
-776
59
1706
1313
-305
-986
-1292
-2018
-1860
-1216
-1887
-3319
-3718
-3483
-3742
-3761
-3072
-2923
-3609
-3777
-3182
-2597
-1929
-1125
-1001
-1280
-772
425
1289
1724
2031
2166
2351
2881
3479
3677
3606
3535
3443
3235
3135
3132
2946
2441
1900
1582
1378
1080
688
234
-263
-491
-535
-703
-1016
-1132
-1027
-896
-711
-368
-134
-140
-35
433
1026
1472
1677
745
-654
-231
1540
1600
-33
-998
-1264
-1876
-1885
-1217
-1713
-3192
-3801
-3490
-3646
-3850
-3275
-2920
-3512
-3815
-3331
-2733
-2062
-1169
-854
-1165
-822
303
1229
1770
2176
2275
2304
2803
3471
3663
3586
3609
3503
3257
3134
3102
2842
2426
2027
1638
1268
934
628
227
-221
-482
-591
-751
-888
-965
-1064
-1063
-646
-105
38
-60
59
448
1004
1634
1869
764
-635
-161
1472
1495
16
-931
-1386
-2104
-2060
-1387
-1884
-3254
-3771
-3610
-3938
-4098
-3388
-2976
-3494
-3767
-3365
-2836
-2102
-1065
-648
-949
-692
347
1282
1927
2414
2549
2532
2906
3542
3796
3729
3713
3614
3324
3069
2990
2770
2342
1942
1537
1051
691
407
47
-362
-613
-733
-905
-1101
-1119
-1051
-1040
-734
-138
96
-48
76
617
1215
1756
1975
896
-567
-137
1550
1690
197
-785
-1307
-2158
-2089
-1302
-1763
-3181
-3822
-3735
-4044
-4197
-3479
-3031
-3494
-3846
-3606
-3122
-2300
-1091
-572
-865
-690
231
1192
2009
2627
2710
2593
2997
3572
3776
3833
3899
3769
3423
3131
2898
2636
2384
2058
1622
1087
516
153
-90
-363
-623
-828
-1012
-1187
-1230
-1189
-1052
-572
2
134
-102
-55
563
1248
1852
2223
1308
-394
-428
1296
1896
649
-469
-1258
-2341
-2464
-1493
-1533
-2947
-3855
-3901
-4253
-4453
-3695
-3063
-3413
-3842
-3666
-3269
-2552
-1290
-476
-638
-667
109
1075
1874
2588
2931
2871
3023
3494
3767
3833
3950
3933
3607
3232
2934
2606
2296
2033
1680
1189
600
72
-262
-461
-628
-731
-916
-1275
-1508
-1357
-1048
-648
-105
223
84
-65
439
1350
2057
2323
1527
-107
-412
1068
1854
876
-234
-1122
-2326
-2582
-1699
-1751
-2969
-3729
-3882
-4387
-4690
-3939
-3229
-3391
-3602
-3492
-3417
-2852
-1462
-443
-475
-407
248
967
1751
2646
3118
3108
3302
3699
3787
3793
3978
4004
3783
3417
2900
2346
2047
1909
1663
1192
504
-152
-579
-801
-844
-894
-1107
-1329
-1522
-1568
-1171
-431
7
40
65
272
695
1334
2084
2492
1628
41
-109
1199
1643
799
-4
-973
-2319
-2584
-1797
-1872
-2934
-3610
-3899
-4519
-4813
-4152
-3466
-3453
-3519
-3446
-3469
-2948
-1531
-432
-298
-139
485
1074
1755
2702
3300
3412
3577
3829
3817
3765
3970
4124
3915
3449
2869
2284
1877
1723
1542
1058
384
-290
-816
-1067
-1045
-983
-1113
-1394
-1644
-1708
-1432
-854
-231
226
374
301
433
1045
1866
2535
2502
1278
-53
241
1478
1600
623
-392
-1546
-2604
-2543
-1952
-2341
-3386
-3902
-4146
-4680
-4829
-4147
-3505
-3458
-3492
-3367
-3188
-2489
-1193
-262
-18
290
886
1507
2271
3058
3478
3682
3938
4059
3943
3878
3970
3990
3767
3291
2620
1935
1518
1384
1199
729
50
-668
-1161
-1255
-1154
-1162
-1309
-1438
-1480
-1331
-858
-191
306
440
457
669
1167
1936
2686
2439
933
-132
519
1501
1212
279
-645
-1915
-2849
-2545
-2147
-2815
-3637
-3888
-4317
-4969
-4852
-4088
-3592
-3387
-3192
-3202
-3080
-2124
-823
-124
250
833
1342
1804
2578
3289
3607
3942
4314
4237
3887
3773
3828
3798
3667
3249
2416
1578
1155
1021
797
370
-231
-951
-1497
-1621
-1529
-1513
-1519
-1460
-1449
-1439
-1088
-386
258
641
837
982
1230
1722
2477
2985
2295
731
156
1034
1553
880
-40
-1023
-2282
-2895
-2576
-2604
-3405
-3964
-4081
-4525
-5056
-4827
-4129
-3691
-3382
-3040
-2905
-2632
-1709
-601
115
693
1337
1854
2337
2930
3423
3777
4180
4460
4319
3923
3646
3543
3502
3382
2932
2084
1235
788
617
392
-6
-560
-1153
-1553
-1628
-1555
-1526
-1475
-1364
-1270
-1078
-593
22
479
760
1004
1254
1614
2203
2727
2431
1206
260
533
1205
1071
223
-798
-1877
-2702
-2838
-2713
-2999
-3510
-3804
-4098
-4549
-4668
-4209
-3612
-3173
-2789
-2536
-2379
-1882
-952
-87
548
1170
1735
2134
2550
2982
3294
3619
4013
4128
3822
3426
3191
3080
2984
2754
2148
1330
755
524
316
-18
-426
-852
-1169
-1266
-1248
-1265
-1245
-1156
-1025
-835
-508
-97
331
719
955
1021
1149
1463
1844
2135
1943
979
-75
-175
379
470
-99
-843
-1658
-2414
-2712
-2623
-2643
-2870
-3055
-3211
-3449
-3599
-3423
-2969
-2449
-1977
-1663
-1509
-1278
-789
-158
478
1089
1547
1834
2088
2290
2363
2487
2744
2886
2753
2436
2096
1826
1648
1496
1297
1012
725
501
263
16
-131
-213
-251
-180
-105
-137
-249
-357
-310
-46
180
244
347
451
422
470
658
757
735
712
681
622
438
39
-381
-616
-588
-461
-524
-798
-1151
-1529
-1818
-1828
-1659
-1546
-1511
-1587
-1751
-1844
-1789
-1621
-1339
-989
-754
-663
-580
-441
-274
-51
254
560
760
841
847
814
751
751
882
1046
1052
885
700
614
636
711
746
690
602
574
596
575
503
471
527
575
601
608
485
326
355
468
426
321
350
423
400
314
234
210
213
221
209
107
10
42
88
-71
-364
-518
-486
-394
-295
-260
-391
-672
-915
-972
-889
-812
-809
-865
-950
-1056
-1135
-1138
-1066
-965
-872
-811
-777
-721
-644
-602
-551
-414
-218
-44
75
131
101
78
183
386
563
649
648
636
677
757
840
895
908
903
933
981
950
822
742
754
739
663
619
603
526
410
337
288
223
192
198
190
139
98
125
169
154
84
62
138
236
235
105
-76
-219
-260
-165
-61
-111
-299
-499
-654
-794
-898
-923
-959
-1036
-1119
-1194
-1263
-1317
-1313
-1271
-1184
-1041
-929
-892
-883
-826
-693
-485
-210
24
124
142
190
312
456
612
776
884
936
955
959
928
906
958
1006
987
940
875
774
689
683
647
503
388
389
384
274
169
155
163
149
167
206
207
200
245
279
278
285
314
327
329
351
355
287
132
-27
-128
-195
-250
-275
-303
-444
-711
-952
-1066
-1128
-1188
-1206
-1187
-1202
-1259
-1336
-1408
-1398
-1256
-1051
-872
-740
-669
-645
-553
-343
-130
21
175
349
457
482
510
587
695
788
841
885
913
860
771
770
801
741
682
708
671
531
476
507
455
375
363
341
281
296
362
354
302
281
259
276
377
456
422
359
340
303
239
214
241
246
188
101
10
-107
-265
-438
-562
-598
-576
-564
-616
-759
-987
-1216
-1284
-1156
-973
-910
-991
-1077
-1084
-1038
-964
-830
-654
-525
-448
-371
-286
-215
-118
23
165
270
322
352
420
517
570
582
596
607
613
649
677
648
633
658
610
496
507
649
681
587
519
457
376
364
430
441
368
307
242
218
302
327
198
66
133
271
243
151
146
168
143
112
166
210
153
89
-30
-279
-497
-488
-355
-349
-431
-549
-783
-1030
-1105
-1029
-971
-936
-875
-892
-988
-1068
-1084
-977
-766
-570
-491
-486
-445
-374
-297
-167
-2
136
259
397
464
458
472
506
575
626
693
746
665
664
731
678
587
488
553
616
562
617
527
366
287
252
292
203
248
333
227
213
165
139
114
153
471
539
473
424
297
334
263
283
464
512
521
314
-7
-266
-510
-609
-532
-321
-273
-488
-777
-1175
-1441
-1377
-1166
-1066
-1104
-1028
-920
-1067
-1301
-1270
-1017
-769
-506
-237
-146
-230
-280
-192
-22
185
398
564
566
500
569
513
366
442
627
799
772
601
561
488
418
386
362
446
509
611
538
340
287
117
116
433
576
581
502
343
320
322
310
438
650
706
587
457
345
282
358
368
372
511
363
70
-156
-522
-749
-670
-626
-565
-526
-716
-1025
-1309
-1423
-1421
-1313
-1164
-1095
-1057
-1117
-1256
-1249
-1115
-894
-603
-420
-272
-180
-140
-20
112
155
207
439
672
735
666
643
612
562
709
861
776
750
781
686
727
558
349
359
525
798
689
427
214
7
73
329
453
441
300
440
416
9
246
636
725
618
563
739
652
417
428
435
421
532
407
27
-591
-999
-1056
-931
-633
-748
-1279
-1655
-1822
-1950
-1907
-1774
-1616
-1511
-1418
-1357
-1398
-1319
-1187
-917
-530
-205
43
217
306
436
594
637
717
960
1275
1341
1212
1062
924
890
905
900
1016
1068
830
629
519
371
217
249
404
447
290
147
172
53
-236
-239
154
414
469
461
483
613
732
795
899
1022
994
925
946
1118
1229
1087
543
-248
-934
-1289
-1199
-1001
-959
-1302
-1987
-2541
-2735
-2781
-2845
-2793
-2585
-2371
-2171
-1928
-1810
-1722
-1491
-1056
-486
47
530
897
1104
1197
1339
1532
1742
2011
2162
2111
1992
1854
1646
1370
1144
1027
914
849
811
599
208
-188
-354
-362
-289
-92
9
-23
-56
-86
-106
-40
191
437
684
1026
1289
1433
1519
1501
1438
1406
1466
1592
1724
1794
1283
6
-1327
-2032
-2027
-1754
-1668
-2003
-2852
-3757
-4223
-4331
-4278
-4108
-3754
-3273
-2760
-2258
-1932
-1718
-1379
-825
-1
924
1737
2367
2712
2760
2664
2687
2918
3152
3261
3141
2806
2363
1805
1258
753
312
84
-47
-213
-484
-889
-1273
-1482
-1405
-1150
-867
-566
-317
-107
77
283
585
932
1366
1882
2300
2577
2773
2856
2744
2478
2256
2224
2388
2442
1740
66
-1841
-3008
-3265
-3100
-3060
-3546
-4521
-5397
-5750
-5780
-5729
-5534
-5032
-4227
-3252
-2302
-1613
-1141
-625
101
1038
2077
3078
3888
4347
4398
4240
4144
4150
4119
3956
3609
3060
2418
1754
992
130
-648
-1179
-1427
-1527
-1724
-2060
-2351
-2425
-2224
-1760
-1227
-787
-363
142
682
1199
1709
2154
2569
3047
3532
3896
4073
3969
3569
3114
2813
2704
2739
2300
606
-1893
-3706
-4383
-4595
-4730
-4991
-5767
-6812
-7291
-7204
-7049
-6772
-6077
-5077
-3859
-2425
-1122
-244
417
1189
2083
3052
4125
5147
5742
5815
5630
5379
5047
4638
4131
3458
2691
2028
1368
505
-542
-1556
-2349
-2747
-2784
-2782
-2904
-2980
-2826
-2472
-1869
-1148
-520
67
792
1575
2264
2901
3368
3596
3824
4229
4606
4678
4414
3963
3495
3106
2824
2689
2085
246
-2463
-4588
-5571
-5940
-6062
-6242
-6904
-7810
-8112
-7836
-7547
-7244
-6566
-5434
-3841
-1914
-232
846
1612
2423
3285
4158
5107
5917
6318
6336
6178
5849
5286
4572
3698
2700
1760
1023
301
-572
-1529
-2456
-3195
-3585
-3639
-3592
-3542
-3347
-2886
-2133
-1211
-313
399
1030
1728
2511
3280
3911
4284
4484
4654
4794
4800
4673
4291
3674
3091
2704
2344
2074
1591
-204
-3174
-5629
-6530
-6864
-7098
-7153
-7347
-7861
-7955
-7417
-6944
-6675
-6068
-4804
-3051
-1017
794
2085
2882
3597
4240
4795
5321
5812
5993
5862
5726
5482
4843
3852
2790
1638
587
-177
-816
-1635
-2485
-3122
-3512
-3647
-3552
-3450
-3355
-2999
-2298
-1351
-275
757
1491
2064
2700
3367
3931
4353
4510
4365
4296
4531
4755
4580
4004
3293
2619
2131
1921
1727
566
-2016
-4749
-6211
-6692
-7141
-7474
-7571
-7806
-7987
-7560
-6788
-6322
-5991
-5160
-3649
-1693
192
1715
2836
3699
4378
4896
5359
5661
5671
5454
5330
5310
4958
4103
3023
1894
754
-243
-1023
-1814
-2628
-3260
-3607
-3627
-3394
-3189
-3127
-2908
-2400
-1667
-717
428
1412
2081
2700
3372
3875
4132
4264
4263
4219
4302
4471
4502
4230
3629
2888
2254
1773
1500
1356
444
-1935
-4637
-6077
-6645
-7374
-7861
-7791
-7811
-7878
-7197
-6165
-5730
-5526
-4721
-3287
-1609
57
1576
2854
3901
4649
5135
5498
5637
5402
4994
4791
4723
4355
3610
2785
1893
814
-198
-1020
-1935
-2903
-3472
-3598
-3494
-3177
-2829
-2648
-2427
-1938
-1274
-507
419
1331
2066
2764
3458
3945
4129
4144
4068
3889
3810
3852
3760
3517
3204
2780
2228
1761
1352
1026
648
-847
-3507
-5626
-6351
-6947
-7679
-7520
-7164
-7342
-7124
-6034
-5253
-5178
-4678
-3488
-2010
-513
977
2412
3542
4321
4829
5249
5417
5137
4718
4416
4254
3966
3426
2780
2069
1177
145
-717
-1498
-2475
-3310
-3559
-3386
-3143
-2773
-2287
-1977
-1691
-1159
-412
359
1111
1790
2381
3039
3644
4023
4166
4141
3919
3612
3445
3325
3228
3057
2670
2260
1923
1638
1345
1164
12
-2634
-5091
-6131
-6716
-7712
-7896
-7398
-7273
-7109
-6086
-5048
-4928
-4742
-3786
-2446
-1052
407
1985
3359
4327
4973
5455
5672
5249
4643
4213
3940
3567
3081
2612
2035
1320
452
-341
-1236
-2375
-3295
-3609
-3542
-3348
-2831
-2144
-1733
-1359
-773
-129
374
962
1594
2187
2840
3487
3896
4108
4182
3969
3657
3472
3347
3075
2822
2532
2255
1913
1652
1460
1265
59
-2375
-4694
-5884
-6795
-7887
-8087
-7616
-7354
-7098
-5980
-4934
-4595
-4369
-3488
-2297
-1102
181
1730
3200
4206
4963
5633
5904
5379
4729
4227
3790
3167
2625
2163
1629
1019
403
-259
-1154
-2185
-3066
-3515
-3604
-3412
-2969
-2224
-1547
-985
-390
318
855
1341
1871
2325
2677
3086
3538
3775
3896
3828
3652
3325
3035
2784
2554
2131
1837
1669
1546
1340
1448
824
-1494
-3984
-5300
-6140
-7691
-8257
-7750
-7493
-7380
-6092
-4498
-4109
-4069
-3204
-2169
-1444
-455
990
2452
3447
4490
5451
5963
5612
4916
4427
3799
2934
2236
1840
1368
772
421
78
-581
-1520
-2351
-2953
-3388
-3589
-3312
-2581
-1913
-1179
-329
626
1154
1581
2089
2432
2563
2727
3120
3362
3543
3684
3693
3470
3213
2843
2470
1994
1593
1257
1091
1004
1127
1256
-144
-2596
-4425
-5211
-6693
-8067
-7982
-7617
-7664
-6801
-4912
-3868
-3692
-3061
-2076
-1439
-777
221
1508
2456
3348
4506
5572
5731
5164
4784
4301
3322
2310
1745
1180
533
166
95
-216
-822
-1458
-2044
-2587
-3123
-3263
-2921
-2385
-1776
-913
220
1014
1604
2259
2649
2619
2545
2804
2898
2899
3094
3316
3327
3172
3074
2967
2627
2028
1598
1366
1093
917
1236
443
-1895
-3750
-4497
-5718
-7584
-7974
-7800
-8110
-7727
-5962
-4589
-4233
-3499
-2194
-1283
-723
178
1282
2123
2706
3873
5052
5469
5165
5093
4940
4070
3101
2425
1653
639
104
-65
-386
-948
-1367
-1754
-2174
-2615
-2876
-2793
-2568
-2265
-1614
-580
326
1037
1955
2701
2887
2979
3140
3133
2892
2963
3071
2993
2993
3012
3000
2779
2361
2014
1658
1376
1008
1194
737
-1318
-3351
-4267
-5178
-7009
-7948
-7846
-8075
-7998
-6645
-5180
-4502
-3941
-2727
-1629
-808
-16
892
1859
2511
3379
4539
5295
5198
5046
5078
4595
3635
2907
2119
1096
326
-16
-381
-913
-1292
-1550
-1910
-2320
-2673
-2726
-2593
-2385
-1908
-1124
-181
589
1509
2349
2782
2953
3164
3276
3122
2992
2976
2865
2787
2853
2933
2916
2612
2406
2149
1816
1422
1336
1190
-498
-2724
-4009
-4778
-6487
-7934
-7990
-8082
-8342
-7337
-5707
-4905
-4406
-3262
-1977
-1162
-330
551
1552
2270
3047
4181
5067
5144
5027
5217
4913
4082
3357
2646
1478
524
102
-321
-867
-1272
-1495
-1841
-2254
-2503
-2651
-2574
-2465
-2121
-1494
-662
207
1051
1988
2589
2898
3164
3394
3248
3095
3056
2882
2630
2674
2751
2666
2676
2514
2268
1926
1723
1405
1402
724
-1358
-3290
-4188
-5166
-7115
-8007
-8020
-8282
-8083
-6598
-5217
-4672
-3836
-2477
-1366
-602
153
921
1703
2334
3275
4303
4850
4825
5006
5177
4649
3870
3186
2246
1015
300
-122
-687
-1231
-1405
-1608
-1953
-2096
-2267
-2466
-2483
-2227
-1899
-1317
-434
364
1204
2067
2700
3077
3371
3531
3394
3218
3051
2797
2622
2596
2663
2701
2592
2470
2305
2161
1838
1677
1336
-453
-2757
-4089
-5014
-6889
-8283
-8313
-8446
-8468
-7229
-5713
-4883
-4052
-2801
-1635
-749
98
779
1578
2290
3072
4091
4796
4998
5095
5290
4974
4230
3498
2596
1368
392
-122
-743
-1395
-1636
-1724
-2033
-2157
-2117
-2287
-2357
-2158
-1902
-1472
-713
72
823
1712
2454
2918
3362
3617
3532
3333
3107
2763
2444
2366
2272
2133
2271
2239
2001
1786
1833
1666
1523
1026
-881
-2925
-3940
-4941
-6926
-8020
-8049
-8313
-8153
-6629
-5198
-4557
-3611
-2230
-1114
-323
404
888
1525
2189
2925
3719
4355
4540
4734
5076
4834
4137
3382
2517
1266
366
-191
-875
-1555
-1710
-1736
-1966
-1979
-1852
-1906
-1990
-1810
-1524
-1178
-638
-2
707
1522
2199
2751
3269
3638
3614
3434
3278
2858
2387
2246
2245
2083
1993
2093
2109
2035
2056
1959
1773
434
-1756
-3352
-4295
-6106
-8071
-8390
-8419
-8686
-7817
-6037
-5038
-4223
-2740
-1362
-515
280
864
1332
1977
2524
3214
3945
4403
4561
5011
5193
4664
3942
3182
2022
883
154
-614
-1471
-1944
-1953
-2149
-2221
-2008
-1883
-1942
-1783
-1509
-1288
-886
-310
270
991
1762
2320
2941
3463
3682
3614
3519
3216
2734
2329
2027
1822
1717
1695
1719
1807
1832
1818
1830
1599
65
-1965
-3245
-4304
-6280
-7965
-8225
-8413
-8558
-7536
-5835
-4825
-3882
-2335
-878
-15
657
1188
1615
2005
2427
3026
3615
3936
4188
4706
4901
4489
3915
3243
2164
1110
308
-612
-1484
-1930
-2121
-2321
-2257
-2020
-1894
-1653
-1330
-1113
-875
-479
-56
323
941
1540
2026
2598
3114
3391
3445
3441
3218
2815
2432
2020
1706
1500
1371
1327
1429
1565
1560
1713
1684
449
-1510
-2741
-3811
-5825
-7562
-7947
-8304
-8707
-7786
-6171
-5145
-4074
-2350
-835
150
875
1355
1682
2044
2268
2576
3076
3421
3706
4272
4647
4397
4005
3561
2675
1626
805
-123
-1139
-1790
-2087
-2355
-2397
-2180
-1999
-1756
-1326
-945
-721
-361
28
325
779
1339
1783
2205
2734
3109
3231
3340
3274
2964
2634
2312
1965
1696
1554
1372
1281
1458
1572
1655
1568
390
-1441
-2622
-3621
-5601
-7388
-7906
-8370
-8829
-8028
-6544
-5478
-4290
-2495
-827
305
1165
1717
2142
2435
2478
2673
3086
3308
3412
3858
4245
4052
3784
3561
2879
1925
1089
200
-851
-1592
-2044
-2478
-2622
-2490
-2321
-1985
-1414
-964
-666
-170
318
595
985
1427
1734
2048
2533
2867
2945
3072
3103
2874
2617
2451
2242
1977
1776
1573
1439
1469
1448
1554
1357
-50
-1780
-2566
-3528
-5668
-7241
-7602
-8248
-8761
-7884
-6553
-5660
-4451
-2656
-965
326
1205
1815
2409
2709
2679
2883
3256
3287
3324
3777
4023
3748
3542
3427
2864
2010
1232
367
-569
-1289
-1897
-2454
-2679
-2669
-2592
-2218
-1659
-1276
-866
-175
401
740
1190
1657
1891
2119
2528
2812
2850
2885
2903
2759
2547
2338
2127
1965
1800
1589
1500
1496
1389
1436
1351
180
-1516
-2407
-3215
-5103
-6807
-7304
-7854
-8583
-8025
-6661
-5807
-4861
-3096
-1321
-90
916
1678
2208
2619
2746
2870
3174
3237
3149
3456
3833
3676
3420
3385
2994
2251
1597
873
-60
-938
-1586
-2134
-2563
-2717
-2651
-2322
-1796
-1365
-909
-239
335
687
1133
1636
1839
1962
2341
2603
2545
2528
2630
2595
2422
2321
2270
2111
1957
1850
1713
1582
1422
1406
1381
490
-1141
-2251
-2922
-4483
-6359
-7074
-7452
-8238
-8179
-7027
-6040
-5250
-3753
-1890
-494
517
1382
2104
2597
2763
2895
3200
3299
3130
3247
3616
3607
3354
3324
3138
2523
1883
1276
435
-465
-1174
-1827
-2397
-2663
-2691
-2524
-2110
-1647
-1236
-676
-25
437
855
1360
1680
1824
2118
2409
2421
2404
2551
2601
2516
2449
2317
2176
2151
2011
1714
1584
1495
1292
1334
1197
-50
-1624
-2338
-3162
-4986
-6486
-7007
-7662
-8313
-7811
-6684
-5899
-4923
-3268
-1530
-227
720
1555
2363
2870
2934
3039
3303
3218
2998
3240
3511
3308
3133
3214
3016
2500
2016
1383
477
-381
-1122
-1865
-2449
-2734
-2817
-2636
-2234
-1826
-1298
-509
198
657
1183
1737
1987
2120
2398
2529
2394
2354
2437
2335
2168
2196
2239
2176
2146
2071
1862
1673
1533
1464
1373
487
-1202
-2292
-2809
-4313
-6243
-6953
-7239
-8032
-8073
-6978
-6067
-5403
-4054
-2286
-862
142
1012
1954
2731
2954
2992
3308
3432
3169
3213
3541
3463
3194
3224
3136
2621
2079
1567
831
0
-773
-1536
-2142
-2486
-2686
-2677
-2403
-2065
-1640
-921
-145
404
925
1505
1882
2080
2322
2477
2423
2350
2341
2264
2130
2017
1929
1889
1893
1821
1645
1526
1469
1362
1324
1256
516
-883
-1922
-2568
-3911
-5673
-6564
-6913
-7570
-7742
-6859
-5931
-5297
-4100
-2385
-992
-17
905
1795
2438
2688
2742
2902
3012
2916
2932
3163
3228
3129
3176
3189
2863
2371
1883
1219
373
-441
-1191
-1886
-2400
-2695
-2791
-2616
-2228
-1733
-1052
-224
455
973
1514
1951
2154
2309
2437
2350
2169
2115
2099
1975
1863
1865
1864
1807
1773
1717
1597
1511
1408
1284
1238
722
-665
-1919
-2497
-3590
-5365
-6354
-6645
-7295
-7597
-6814
-5942
-5380
-4280
-2685
-1322
-228
765
1559
2188
2596
2721
2861
3046
2964
2862
3099
3282
3143
3073
3108
2874
2455
2024
1380
565
-186
-964
-1780
-2324
-2601
-2795
-2679
-2190
-1678
-1118
-323
422
934
1437
1908
2137
2217
2253
2146
1974
1920
1906
1789
1683
1686
1693
1682
1724
1692
1543
1493
1496
1393
1358
1126
12
-1393
-2091
-2826
-4442
-5837
-6283
-6763
-7380
-7121
-6249
-5633
-4867
-3446
-1913
-747
171
986
1736
2288
2480
2599
2873
2940
2775
2912
3242
3220
3061
3158
3188
2866
2399
1860
1170
421
-397
-1271
-1913
-2275
-2582
-2693
-2410
-1989
-1551
-855
-44
542
1023
1531
1856
2001
2115
2099
1961
1890
1843
1701
1564
1524
1541
1586
1636
1680
1704
1690
1615
1515
1465
1404
824
-468
-1619
-2220
-3253
-4932
-5988
-6330
-6956
-7414
-6833
-5942
-5366
-4416
-2907
-1551
-569
337
1213
1924
2353
2518
2675
2887
2906
2814
2985
3254
3255
3197
3273
3187
2794
2292
1694
948
131
-721
-1514
-2049
-2371
-2602
-2570
-2213
-1739
-1211
-520
188
733
1186
1583
1842
1971
2019
1948
1826
1744
1640
1505
1444
1433
1439
1510
1615
1682
1713
1698
1630
1575
1560
1372
561
-737
-1729
-2419
-3660
-5209
-6013
-6380
-7004
-7195
-6507
-5780
-5243
-4192
-2716
-1480
-519
399
1248
1920
2325
2524
2713
2868
2837
2839
3088
3313
3309
3286
3325
3166
2742
2251
1679
895
2
-780
-1402
-1930
-2330
-2527
-2446
-2117
-1682
-1177
-523
149
676
1173
1633
1851
1908
1968
1901
1695
1591
1545
1394
1301
1354
1394
1447
1610
1720
1668
1642
1649
1504
1370
1342
791
-496
-1558
-2116
-3183
-4761
-5662
-6016
-6658
-7043
-6557
-5878
-5354
-4436
-3109
-1854
-818
62
887
1663
2134
2306
2562
2829
2823
2810
3098
3343
3276
3217
3298
3203
2841
2411
1890
1185
430
-308
-1028
-1584
-1972
-2293
-2370
-2136
-1865
-1517
-881
-216
251
731
1225
1498
1638
1762
1747
1641
1594
1537
1443
1399
1380
1382
1481
1612
1664
1702
1760
1738
1606
1506
1510
1163
58
-1157
-1820
-2674
-4257
-5504
-5964
-6558
-7171
-6903
-6177
-5687
-4940
-3606
-2215
-1069
-119
705
1520
2190
2473
2642
2961
3075
2933
3052
3375
3386
3208
3216
3216
2921
2479
2042
1502
804
2
-761
-1354
-1863
-2367
-2612
-2451
-2181
-1890
-1317
-545
41
520
1097
1551
1742
1858
1931
1855
1748
1683
1580
1462
1414
1394
1406
1519
1639
1658
1646
1681
1622
1474
1415
1217
309
-965
-1775
-2476
-3850
-5257
-5889
-6338
-6939
-6951
-6311
-5715
-5054
-3918
-2571
-1394
-407
451
1262
1988
2411
2590
2806
3002
2963
2912
3101
3259
3141
3051
3137
3041
2672
2265
1797
1145
445
-253
-966
-1550
-1988
-2332
-2390
-2134
-1852
-1522
-936
-282
199
668
1184
1498
1613
1718
1755
1651
1564
1518
1408
1300
1285
1318
1367
1478
1597
1631
1638
1666
1610
1476
1405
1067
19
-1160
-1830
-2685
-4184
-5331
-5734
-6234
-6769
-6579
-5953
-5427
-4677
-3520
-2305
-1202
-251
538
1310
1968
2242
2373
2677
2881
2791
2826
3112
3208
3098
3147
3212
2982
2618
2280
1793
1105
368
-362
-1013
-1513
-1937
-2225
-2199
-1993
-1788
-1395
-751
-171
249
680
1095
1335
1470
1567
1583
1539
1456
1331
1241
1253
1292
1335
1444
1584
1673
1711
1734
1686
1522
1344
1170
614
-486
-1517
-2171
-3084
-4402
-5302
-5685
-6141
-6457
-6135
-5525
-4990
-4230
-3104
-1926
-942
-145
610
1367
1895
2136
2384
2687
2800
2805
2947
3137
3192
3155
3137
3103
2889
2453
1988
1561
958
184
-464
-926
-1398
-1843
-2049
-2013
-1883
-1665
-1247
-710
-265
99
558
1013
1245
1360
1507
1584
1512
1431
1425
1400
1334
1335
1428
1506
1535
1577
1605
1578
1508
1375
1229
1077
487
-658
-1612
-2191
-3211
-4560
-5282
-5619
-6208
-6465
-5990
-5433
-4940
-4028
-2849
-1793
-839
33
792
1511
2027
2231
2458
2791
2862
2770
2952
3181
3099
2996
3112
3080
2759
2419
2057
1508
855
216
-425
-1009
-1501
-1908
-2108
-2058
-1910
-1671
-1224
-689
-230
194
640
1039
1307
1433
1491
1499
1435
1361
1335
1295
1220
1200
1234
1268
1311
1358
1373
1362
1305
1198
1107
1030
654
-245
-1204
-1793
-2517
-3737
-4710
-5088
-5527
-6014
-5866
-5305
-4888
-4318
-3283
-2189
-1308
-488
319
1047
1650
2027
2249
2526
2722
2691
2733
2995
3098
2958
2957
3059
2897
2557
2263
1859
1259
620
15
-578
-1124
-1602
-1934
-2005
-1904
-1781
-1511
-1017
-524
-147
281
751
1056
1201
1356
1488
1462
1339
1282
1269
1184
1093
1121
1178
1166
1193
1292
1324
1302
1270
1222
1218
1088
423
-578
-1261
-1828
-2917
-4104
-4735
-5192
-5774
-5953
-5611
-5228
-4764
-3935
-2902
-1897
-949
-94
677
1357
1805
2055
2342
2620
2679
2673
2834
2993
2957
2945
3075
3067
2832
2563
2220
1669
1041
430
-212
-835
-1362
-1792
-2027
-2028
-1936
-1774
-1398
-890
-453
-48
438
896
1182
1355
1477
1512
1455
1371
1288
1183
1049
962
983
1034
1054
1129
1286
1374
1340
1295
1306
1287
961
148
-767
-1422
-2212
-3413
-4421
-4944
-5462
-5959
-5900
-5408
-4951
-4409
-3470
-2338
-1400
-650
138
944
1484
1755
2062
2427
2589
2606
2752
2992
3088
3055
3099
3199
3114
2808
2463
2079
1522
843
197
-413
-1015
-1549
-1941
-2150
-2175
-2061
-1774
-1293
-782
-340
128
631
981
1156
1311
1420
1377
1256
1168
1083
960
863
848
919
1029
1136
1263
1404
1503
1544
1540
1501
1425
1106
305
-692
-1430
-2175
-3301
-4363
-4951
-5405
-5866
-5904
-5472
-4976
-4476
-3692
-2652
-1663
-873
-151
621
1294
1681
1963
2367
2698
2762
2838
3125
3326
3290
3301
3386
3263
2913
2563
2201
1641
911
198
-415
-984
-1531
-1972
-2184
-2194
-2088
-1856
-1443
-952
-524
-98
395
798
1007
1162
1300
1322
1276
1268
1237
1161
1136
1167
1219
1290
1378
1481
1583
1637
1623
1543
1401
1233
910
144
-880
-1680
-2389
-3416
-4408
-4971
-5410
-5852
-5882
-5498
-5058
-4501
-3677
-2747
-1827
-930
-151
575
1304
1823
2120
2495
2857
2952
3033
3310
3462
3384
3374
3399
3190
2847
2515
2049
1422
751
43
-659
-1217
-1686
-2087
-2285
-2264
-2176
-1962
-1543
-1041
-578
-103
375
788
1107
1359
1521
1560
1510
1456
1410
1359
1320
1322
1352
1398
1450
1487
1531
1567
1500
1315
1111
955
733
139
-830
-1657
-2208
-3056
-4201
-4879
-5155
-5599
-5884
-5546
-5059
-4666
-3947
-2891
-1899
-1011
-148
616
1319
1935
2291
2542
2901
3127
3109
3186
3376
3296
3070
3056
3045
2704
2243
1857
1366
686
14
-566
-1131
-1680
-2101
-2310
-2320
-2199
-1989
-1624
-1086
-529
-62
414
904
1233
1410
1587
1721
1708
1647
1626
1579
1495
1447
1399
1308
1243
1222
1211
1183
1115
989
816
632
459
212
-375
-1256
-1954
-2461
-3262
-4192
-4714
-5003
-5358
-5415
-4999
-4530
-4071
-3301
-2315
-1407
-590
212
981
1639
2101
2418
2709
2928
2955
2921
2988
3013
2870
2713
2633
2472
2136
1760
1396
940
395
-140
-643
-1101
-1485
-1762
-1889
-1858
-1730
-1525
-1152
-679
-276
87
559
1019
1287
1477
1719
1829
1730
1643
1623
1506
1321
1207
1089
964
905
841
755
732
699
588
488
392
243
15
-494
-1249
-1836
-2313
-3117
-3943
-4352
-4692
-5067
-4996
-4576
-4246
-3754
-2867
-1943
-1125
-281
483
1084
1676
2146
2333
2453
2634
2639
2519
2563
2605
2394
2250
2296
2142
1805
1610
1369
895
474
142
-337
-801
-1070
-1297
-1492
-1515
-1436
-1283
-951
-536
-185
210
684
1031
1232
1470
1660
1618
1488
1462
1380
1147
975
899
758
618
585
552
510
546
560
504
466
391
268
138
-240
-955
-1523
-1910
-2642
-3489
-3883
-4137
-4538
-4593
-4212
-3844
-3452
-2783
-1967
-1178
-440
194
755
1307
1698
1857
2001
2177
2193
2089
2119
2213
2118
1971
2036
2087
1898
1699
1556
1237
814
450
38
-404
-704
-938
-1163
-1224
-1163
-1106
-920
-534
-169
106
455
836
1074
1213
1331
1364
1285
1186
1090
947
778
649
555
463
424
435
447
509
603
605
569
575
526
382
79
-500
-1123
-1558
-2124
-2931
-3497
-3785
-4131
-4329
-4143
-3842
-3513
-2959
-2264
-1587
-892
-226
316
777
1188
1467
1637
1804
1935
1948
1966
2100
2187
2151
2162
2211
2135
1991
1826
1553
1223
892
474
32
-302
-606
-908
-1049
-1035
-1027
-948
-691
-396
-168
84
401
648
786
895
965
962
904
830
736
646
585
533
506
518
539
535
579
685
736
726
714
668
562
387
-2
-608
-1133
-1584
-2261
-3011
-3456
-3759
-4133
-4254
-3996
-3726
-3477
-2953
-2237
-1578
-947
-330
191
710
1195
1470
1643
1894
2042
2032
2128
2298
2297
2253
2353
2393
2270
2144
2003
1716
1353
978
553
121
-272
-649
-949
-1105
-1182
-1206
-1084
-850
-628
-407
-97
227
431
562
717
831
804
750
748
695
574
514
529
522
506
542
610
692
771
795
801
812
729
547
385
109
-458
-1067
-1481
-1965
-2652
-3213
-3525
-3782
-3965
-3899
-3645
-3320
-2909
-2361
-1704
-1077
-574
-88
470
931
1187
1409
1685
1871
1960
2111
2284
2370
2416
2470
2498
2456
2299
2046
1782
1486
1050
551
135
-246
-655
-990
-1172
-1280
-1347
-1290
-1089
-840
-603
-328
-26
222
401
568
731
839
881
886
888
883
848
825
836
847
831
847
893
882
782
700
657
540
350
146
-209
-796
-1351
-1762
-2298
-2957
-3374
-3566
-3774
-3873
-3699
-3411
-3074
-2596
-2019
-1411
-810
-302
142
635
1062
1305
1535
1833
2001
2040
2183
2370
2395
2353
2394
2398
2264
2068
1836
1539
1178
764
302
-121
-481
-843
-1154
-1305
-1345
-1359
-1279
-1048
-753
-484
-200
131
415
620
793
941
1012
1007
978
956
910
821
737
695
654
593
552
534
493
422
359
291
190
75
-40
-167
-420
-830
-1220
-1536
-1958
-2449
-2764
-2967
-3227
-3359
-3228
-3044
-2855
-2471
-1937
-1409
-873
-335
139
614
1063
1358
1576
1836
2010
2038
2108
2236
2233
2138
2136
2134
1981
1771
1581
1315
959
604
246
-133
-468
-750
-1011
-1168
-1185
-1166
-1106
-898
-606
-358
-104
230
520
697
858
1017
1078
1068
1070
1036
938
840
747
634
519
410
288
188
152
108
53
58
55
-40
-113
-132
-337
-751
-1089
-1377
-1853
-2365
-2679
-2942
-3210
-3259
-3115
-2936
-2641
-2206
-1732
-1185
-570
-66
360
847
1260
1475
1650
1840
1900
1880
1932
1976
1922
1870
1850
1784
1674
1561
1365
1092
840
567
220
-109
-374
-650
-892
-1003
-1027
-1033
-955
-765
-525
-263
22
307
562
788
951
1031
1079
1080
985
849
745
619
437
317
246
134
49
25
-15
-68
-64
-46
-56
-47
-77
-142
-186
-342
-655
-948
-1185
-1569
-2011
-2263
-2455
-2693
-2778
-2637
-2426
-2192
-1828
-1380
-896
-376
45
399
784
1104
1243
1339
1495
1529
1453
1478
1542
1518
1466
1476
1476
1424
1340
1202
1034
831
566
279
12
-252
-518
-709
-801
-829
-803
-701
-510
-263
-17
220
456
669
823
924
977
965
901
813
710
584
444
299
171
77
3
-72
-143
-176
-180
-180
-182
-156
-130
-150
-186
-194
-263
-488
-730
-912
-1164
-1508
-1763
-1919
-2109
-2229
-2159
-2034
-1908
-1666
-1333
-998
-634
-262
32
309
605
797
892
1022
1129
1122
1129
1220
1246
1205
1250
1317
1289
1236
1209
1114
948
786
589
343
121
-71
-264
-411
-466
-480
-459
-347
-177
-9
175
379
551
674
761
791
759
701
611
475
339
223
102
-8
-78
-129
-178
-214
-233
-245
-248
-252
-256
-231
-196
-186
-183
-162
-183
-288
-412
-539
-730
-981
-1200
-1381
-1575
-1720
-1760
-1741
-1683
-1557
-1355
-1113
-853
-591
-329
-65
169
348
506
665
774
836
926
1027
1074
1115
1199
1267
1276
1273
1258
1189
1071
936
766
573
391
199
28
-77
-153
-216
-209
-140
-73
6
122
220
286
350
389
385
362
333
270
197
137
73
0
-49
-74
-100
-114
-111
-97
-81
-61
-34
-5
21
50
67
61
42
1
-104
-259
-422
-624
-886
-1139
-1357
-1581
-1774
-1874
-1909
-1903
-1801
-1616
-1408
-1142
-819
-517
-234
75
348
543
723
893
993
1053
1126
1179
1195
1223
1259
1258
1253
1243
1193
1105
1004
879
706
519
346
172
6
-122
-208
-263
-279
-249
-194
-130
-46
38
100
148
191
210
200
195
189
165
148
150
145
132
139
138
123
123
120
101
95
103
91
85
93
71
20
-35
-135
-304
-495
-707
-975
-1258
-1505
-1732
-1928
-2033
-2052
-2013
-1874
-1643
-1370
-1055
-699
-351
-40
259
524
713
863
993
1067
1107
1149
1184
1196
1215
1242
1248
1235
1214
1162
1064
948
803
622
419
229
48
-139
-293
-387
-450
-484
-462
-395
-304
-195
-71
57
180
288
365
416
459
479
459
428
412
373
310
258
220
165
98
47
3
-41
-84
-119
-149
-172
-203
-253
-306
-379
-494
-638
-793
-964
-1152
-1328
-1467
-1568
-1619
-1607
-1526
-1380
-1175
-926
-655
-366
-87
162
374
547
672
748
788
805
800
784
768
754
743
741
733
719
694
658
604
528
439
340
235
131
45
-16
-53
-62
-36
25
106
203
310
413
502
570
610
620
600
551
484
406
321
241
163
91
31
-26
-79
-128
-164
-200
-229
-239
-239
-228
-209
-182
-165
-166
-191
-247
-349
-484
-647
-832
-1026
-1202
-1347
-1454
-1500
-1483
-1407
-1273
-1085
-864
-623
-378
-144
65
243
389
491
560
603
621
625
624
619
614
617
619
618
611
596
572
536
491
437
374
321
272
233
216
213
228
263
311
364
419
470
512
535
543
532
494
444
373
287
194
102
6
-84
-160
-228
-287
-325
-346
-358
-348
-319
-279
-226
-159
-83
-7
76
145
193
220
214
168
77
-59
-242
-451
-683
-920
-1140
-1330
-1473
-1555
-1565
-1509
-1386
-1205
-986
-737
-477
-228
0
192
345
454
525
562
574
571
560
553
549
553
565
582
597
611
616
608
586
549
499
443
387
333
291
268
260
270
301
342
389
436
476
499
503
489
452
396
328
256
181
105
44
-6
-44
-65
-75
-69
-52
-24
17
57
97
132
146
132
79
-18
-163
-353
-580
-829
-1083
-1317
-1519
-1661
-1739
-1735
-1653
-1505
-1296
-1044
-767
-495
-240
-19
163
294
379
423
432
422
398
376
361
360
375
406
447
489
530
561
578
583
570
541
508
473
438
412
399
401
415
440
469
500
527
544
549
538
506
452
388
303
207
109
7
-86
-167
-237
-288
-317
-331
-332
-314
-290
-262
-227
-192
-159
-124
-90
-64
-35
-12
1
12
15
9
-6
-34
-73
-122
-180
-249
-326
-407
-493
-584
-669
-750
-820
-871
-903
-907
-877
-823
-737
-629
-505
-373
-238
-109
2
104
186
250
300
339
365
383
399
408
409
411
410
405
405
411
422
443
473
509
551
595
635
674
703
718
731
733
721
703
675
638
598
549
492
443
396
350
319
294
272
243
200
131
31
-118
-312
-530
-773
-1037
-1279
-1479
-1635
-1735
-1762
-1713
-1596
-1427
-1224
-985
-735
-507
-303
-117
35
142
209
248
268
257
224
196
173
145
127
125
138
165
193
232
283
333
373
417
464
498
526
548
567
584
589
593
596
599
598
593
582
566
541
500
453
393
320
240
156
68
-17
-96
-172
-239
-297
-342
-373
-395
-405
-403
-389
-367
-338
-304
-279
-249
-226
-209
-192
-186
-184
-187
-191
-200
-214
-227
-247
-264
-287
-312
-329
-346
-353
-353
-342
-318
-285
-236
-184
-127
-66
-10
44
86
122
150
168
180
188
196
204
213
225
237
253
269
289
306
319
337
351
359
371
378
389
395
399
401
398
391
379
359
334
299
261
214
163
109
57
3
-53
-103
-163
-225
-291
-370
-453
-542
-632
-713
-780
-829
-848
-839
-797
-733
-644
-539
-428
-309
-200
-99
-13
49
99
127
135
135
119
102
85
77
80
93
120
158
209
259
312
358
395
427
437
449
448
440
439
423
412
401
380
368
344
317
294
262
233
208
183
167
159
147
146
146
144
149
143
142
145
138
135
130
114
96
63
16
-48
-134
-238
-361
-503
-646
-794
-933
-1047
-1135
-1188
-1200
-1177
-1115
-1020
-904
-765
-622
-479
-343
-221
-115
-23
49
110
159
197
229
261
293
322
353
381
409
439
467
495
518
538
554
567
581
591
595
601
601
597
591
577
559
533
494
447
391
328
260
191
117
47
-19
-81
-132
-174
-208
-231
-244
-251
-245
-230
-209
-180
-152
-121
-90
-65
-44
-32
-33
-36
-54
-78
-108
-137
-167
-199
-222
-245
-262
-275
-290
-303
-319
-334
-352
-369
-383
-395
-399
-403
-399
-387
-376
-356
-335
-311
-283
-256
-219
-183
-141
-96
-45
13
66
122
179
228
273
317
351
378
401
416
425
426
424
417
406
394
383
377
374
381
388
401
415
426
430
431
430
421
409
393
378
357
337
314
283
243
192
123
38
-63
-182
-314
-451
-587
-710
-821
-908
-969
-1001
-1005
-984
-936
-871
-795
-707
-609
-519
-432
-339
-252
-174
-94
-20
47
102
155
195
220
241
257
262
267
276
284
296
318
347
377
413
452
483
508
527
531
522
502
473
433
392
351
307
268
235
201
169
140
112
82
54
25
-8
-33
-58
-88
-115
-135
-155
-179
-199
-215
-237
-251
-259
-270
-277
-275
-273
-276
-271
-266
-267
-271
-272
-279
-290
-298
-305
-315
-318
-313
-308
-296
-274
-244
-214
-177
-133
-92
-49
-5
35
71
104
134
155
179
199
218
238
257
277
300
319
339
354
366
374
376
374
368
359
343
325
304
274
242
212
179
143
111
79
46
19
-4
-30
-54
-76
-105
-133
-163
-195
-229
-263
-290
-317
-342
-360
-370
-377
-382
-373
-359
-341
-314
-285
-254
-218
-184
-156
-130
-103
-82
-66
-52
-39
-26
-7
11
27
52
76
97
121
144
163
182
198
209
220
232
244
255
271
288
309
329
352
378
399
422
440
449
453
452
442
424
399
371
334
298
255
206
154
92
24
-54
-139
-234
-335
-437
-541
-637
-726
-802
-864
-906
-926
-928
-910
-875
-825
-761
-682
-600
-513
-424
-332
-243
-158
-74
7
83
150
211
263
310
348
374
394
403
404
405
401
391
385
377
372
367
369
368
367
370
371
371
369
369
366
361
356
344
331
316
299
277
257
234
207
181
151
120
87
51
10
-30
-72
-118
-160
-200
-238
-271
-298
-322
-338
-351
-359
-361
-358
-353
-348
-343
-339
-334
-328
-326
-324
-316
-309
-297
-281
-258
-228
-194
-155
-115
-73
-33
3
33
56
74
84
89
84
78
68
59
51
43
42
41
43
51
60
68
78
88
100
111
119
132
146
160
177
194
213
230
248
265
279
286
291
291
286
276
263
245
222
200
177
150
126
103
77
49
20
-10
-39
-73
-107
-141
-177
-212
-245
-273
-301
-324
-343
-353
-362
-364
-359
-353
-342
-325
-307
-281
-255
-230
-201
-170
-139
-110
-80
-50
-22
5
28
50
70
91
111
127
146
162
181
192
207
217
230
236
247
255
262
272
279
287
294
304
307
315
314
315
306
300
281
263
237
211
180
150
116
81
44
4
-38
-87
-135
-191
-250
-313
-376
-435
-493
-543
-583
-617
-635
-643
-635
-621
-590
-556
-509
-459
-400
-346
-289
-235
-180
-122
-74
-24
18
58
93
129
159
188
215
241
267
291
314
337
358
379
399
423
447
464
482
499
511
517
523
520
511
500
480
460
436
406
374
343
311
278
249
216
181
141
97
49
-12
-79
-152
-233
-319
-405
-487
-564
-633
-688
-732
-763
-778
-780
-772
-755
-730
-696
-659
-614
-571
-524
-476
-420
-360
-301
-239
-173
-107
-42
22
84
143
193
239
281
317
348
368
384
396
404
412
421
420
419
417
418
423
423
419
415
405
399
396
389
379
364
342
325
311
289
269
243
213
185
166
142
113
82
52
18
-14
-44
-81
-116
-157
-195
-231
-266
-298
-328
-362
-392
-416
-433
-445
-456
-463
-470
-468
-458
-446
-430
-418
-406
-385
-359
-336
-314
-293
-273
-248
-216
-187
-158
-132
-109
-75
-35
1
36
65
95
126
164
194
225
250
272
299
325
352
375
393
406
421
440
453
464
469
468
466
459
450
437
418
394
367
335
302
263
217
167
117
70
32
-5
-38
-64
-92
-120
-148
-177
-211
-240
-272
-305
-334
-367
-405
-438
-469
-488
-498
-505
-502
-498
-487
-470
-452
-428
-396
-362
-329
-293
-260
-229
-195
-159
-121
-77
-32
13
62
108
148
182
211
235
256
274
290
307
320
334
341
350
362
373
387
402
412
420
422
418
408
394
373
348
325
299
271
241
213
179
144
111
78
43
7
-36
-80
-128
-179
-223
-266
-305
-343
-379
-411
-437
-457
-473
-480
-485
-491
-491
-489
-485
-475
-460
-438
-411
-378
-341
-302
-262
-223
-179
-133
-88
-40
8
52
93
124
157
189
223
262
299
334
362
383
398
412
426
436
440
441
438
429
414
399
377
356
338
323
309
295
279
262
244
224
207
187
169
148
125
93
57
16
-32
-82
-132
-183
-233
-288
-339
-389
-435
-473
-503
-523
-534
-540
-539
-531
-523
-507
-488
-466
-440
-412
-382
-351
-317
-283
-245
-205
-162
-117
-72
-28
19
59
100
134
166
200
224
248
270
292
311
328
347
363
377
391
403
408
412
416
410
402
385
370
351
330
306
285
266
244
225
206
187
167
146
122
93
62
27
-9
-49
-89
-128
-167
-202
-241
-276
-309
-339
-368
-393
-414
-436
-449
-460
-466
-464
-457
-446
-430
-404
-377
-347
-310
-272
-235
-194
-157
-117
-79
-43
-9
23
54
82
110
137
164
182
206
224
241
258
273
284
295
307
314
322
327
334
340
344
341
340
337
328
319
305
291
272
249
226
194
164
130
95
58
20
-18
-56
-91
-125
-159
-188
-214
-236
-259
-279
-293
-304
-314
-324
-325
-328
-328
-328
-328
-322
-317
-310
-301
-287
-273
-256
-235
-215
-191
-162
-134
-104
-70
-37
-8
23
50
78
102
125
145
161
174
187
197
202
212
216
223
230
236
243
252
259
266
274
278
283
282
281
275
263
246
227
204
175
148
120
90
58
30
4
-25
-48
-71
-93
-113
-133
-150
-169
-182
-200
-217
-231
-245
-256
-265
-271
-276
-276
-276
-272
-265
-258
-245
-231
-214
-197
-179
-158
-140
-118
-96
-77
-54
-33
-12
11
32
55
72
87
105
120
133
144
152
162
171
178
184
193
199
204
209
216
219
220
222
222
219
216
210
200
188
172
155
136
116
93
71
48
25
1
-22
-42
-66
-83
-102
-120
-135
-146
-160
-171
-178
-189
-197
-205
-209
-216
-216
-216
-215
-212
-208
-199
-190
-179
-169
-155
-138
-119
-102
-85
-66
-47
-29
-11
9
27
42
57
72
85
97
105
113
120
124
129
132
135
140
142
144
146
150
153
157
156
157
155
156
155
148
142
134
127
114
105
92
77
60
45
31
12
-5
-20
-37
-55
-69
-83
-101
-110
-121
-129
-136
-140
-141
-146
-143
-141
-137
-133
-130
-125
-119
-109
-103
-94
-89
-81
-72
-67
-60
-53
-45
-42
-37
-33
-30
-25
-19
-14
-13
-7
-4
0
7
13
21
29
40
47
57
68
79
91
101
111
121
126
132
136
136
136
135
132
126
119
113
100
89
76
61
50
35
24
11
-3
-15
-29
-39
-50
-57
-63
-68
-72
-74
-77
-78
-79
-78
-77
-75
-70
-68
-64
-61
-55
-50
-43
-38
-36
-31
-28
-26
-23
-23
-24
-20
-20
-21
-21
-22
-21
-22
-19
-20
-19
-15
-12
-8
-4
3
9
17
25
32
44
53
64
73
76
82
85
87
88
88
87
82
77
66
60
50
38
29
21
9
-3
-11
-23
-31
-42
-50
-56
-65
-69
-74
-76
-76
-77
-74
-68
-63
-57
-51
-43
-33
-23
-15
-6
3
6
11
19
20
23
26
25
25
24
21
19
13
14
10
7
5
1
0
0
-1
-1
0
0
1
2
1
6
8
9
12
14
17
22
24
28
34
37
40
42
46
48
46
43
39
37
34
27
17
11
3
-4
-12
-23
-29
-34
-42
-48
-49
-52
-55
-54
-53
-50
-48
-41
-35
-33
-26
-20
-15
-6
0
3
6
14
19
21
23
24
22
20
15
13
8
2
-1
-2
-5
-11
-13
-13
-16
-13
-12
-11
-6
1
4
7
9
9
11
10
13
12
13
12
10
10
9
11
11
8
11
11
10
9
9
6
4
0
-4
-6
-9
-11
-13
-16
-17
-15
-14
-15
-11
-8
-9
-7
-10
-9
-9
-6
-5
-5
-2
0
1
7
12
15
17
18
19
19
19
17
15
10
8
5
5
1
-3
-3
-4
-4
-2
1
1
1
5
4
6
8
8
8
10
4
3
1
1
-3
-5
-9
-13
-16
-16
-12
-16
-16
-15
-15
-10
-7
-3
-2
-1
1
0
-1
1
2
0
1
-2
-2
-5
-1
-2
-4
-2
-2
0
-2
-3
-3
-3
-3
-1
1
2
5
6
6
7
8
9
8
8
7
8
5
4
5
1
0
-1
0
0
0
0
-2
-3
-5
-3
-2
-1
0
-3
-2
1
-2
3
3
4
3
1
2
4
2
-1
-1
-2
-2
-4
-3
-1
0
-1
-1
0
-1
0
0
-1
2
3
3
2
1
1
1
1
1
1
-2
0
-2
-2
-1
-4
-2
-2
-2
-2
-2
-3
-3
0
-1
-1
0
1
0
2
2
-3
-2
-3
-1
-3
-3
-4
-4
-1
0
-2
-1
0
-4
0
0
3
3
4
5
2
2
3
2
3
4
2
1
0
-1
-1
-1
-1
-1
-1
-3
1
0
-1
