-1
2
2
2
3
2
3
4
4
4
4
4
6
5
3
2
4
3
4
4
4
4
4
4
3
1
2
3
6
3
3
3
-1
-2
-2
-1
-2
-4
-5
-5
-6
-8
-7
-8
-6
-5
-4
-6
-7
-15
-15
-18
-14
-17
-23
-21
-23
-22
-16
-15
-15
-16
-25
-16
-14
-20
-15
3
6
3
9
12
26
36
36
42
53
56
38
44
45
66
78
74
89
86
97
82
113
87
87
107
102
91
84
76
68
98
78
68
66
72
19
11
-10
-46
-25
-28
-14
-32
-51
-78
-75
-78
-134
-143
-163
-191
-160
-213
-210
-185
-220
-349
-395
-140
-159
107
-68
-76
-217
-280
-388
-414
-60
-304
-86
-96
60
-6
81
37
-52
12
-99
-50
17
40
117
144
125
100
152
239
304
319
-62
140
228
262
250
333
250
474
898
370
-102
-99
124
11
215
422
535
625
544
382
161
-18
-165
-133
-114
-35
96
189
132
93
-27
-200
-314
-362
-378
-364
-318
-332
-347
-358
-402
-425
-471
-513
-505
-468
-449
-483
-433
-419
-412
-414
-397
-381
-366
-295
-261
-202
-131
-101
-79
-37
6
-6
53
147
183
226
303
361
383
419
446
438
448
454
465
518
563
591
617
626
597
598
586
565
543
540
506
500
462
435
423
381
312
257
232
148
97
42
0
-64
-136
-219
-300
-364
-441
-513
-589
-639
-650
-682
-731
-778
-810
-830
-847
-866
-871
-855
-834
-807
-778
-728
-689
-616
-546
-480
-424
-348
-279
-219
-126
-59
20
86
174
227
296
364
401
459
500
540
578
611
633
663
705
718
730
748
756
761
762
762
748
747
735
724
718
703
677
646
610
573
523
470
410
354
297
239
178
99
27
-58
-145
-240
-321
-411
-491
-568
-658
-736
-809
-874
-940
-995
-1044
-1089
-1115
-1131
-1132
-1125
-1103
-1055
-1001
-944
-896
-850
-791
-710
-616
-520
-413
-299
-189
-82
12
95
173
253
326
407
484
550
616
670
715
743
770
794
818
841
850
849
842
833
818
804
789
778
762
736
699
655
610
570
534
501
471
438
403
360
310
257
206
155
104
57
7
-43
-89
-136
-189
-242
-299
-365
-426
-492
-560
-619
-672
-724
-772
-811
-856
-897
-934
-969
-995
-1010
-1010
-1002
-979
-945
-909
-858
-802
-746
-677
-610
-535
-454
-369
-278
-185
-88
8
100
187
264
333
405
473
540
601
657
703
743
771
793
809
824
843
852
863
859
842
816
782
745
704
674
647
623
597
564
525
480
432
388
346
309
276
243
215
183
147
109
67
21
-24
-68
-116
-167
-224
-280
-342
-408
-472
-539
-604
-668
-732
-794
-850
-897
-939
-971
-992
-1002
-1010
-1009
-1003
-991
-973
-934
-887
-831
-753
-675
-593
-508
-425
-340
-252
-164
-74
17
112
205
290
370
444
512
574
628
678
726
768
807
838
864
882
888
889
880
869
850
830
805
776
743
701
657
608
555
502
450
396
344
298
249
206
163
122
86
51
23
-5
-28
-54
-83
-108
-139
-176
-216
-251
-295
-337
-384
-438
-490
-549
-609
-661
-713
-760
-803
-841
-875
-904
-924
-939
-945
-944
-928
-903
-868
-822
-765
-706
-637
-561
-484
-400
-314
-224
-130
-39
52
137
219
298
372
443
509
572
630
684
731
772
806
838
858
875
886
888
883
870
853
829
795
762
721
672
623
569
514
458
404
348
296
246
196
152
108
68
35
0
-33
-58
-84
-110
-135
-160
-186
-212
-240
-269
-298
-331
-370
-409
-452
-493
-536
-580
-622
-664
-705
-740
-772
-798
-821
-838
-847
-849
-842
-832
-810
-782
-745
-701
-647
-590
-520
-444
-367
-282
-197
-107
-18
74
159
245
321
394
463
528
583
631
678
714
746
772
793
808
819
822
823
817
806
789
765
738
704
666
625
578
528
480
429
378
326
275
227
180
139
100
64
27
-2
-33
-59
-84
-110
-131
-152
-173
-200
-227
-250
-280
-309
-346
-384
-417
-461
-504
-544
-586
-627
-665
-701
-733
-758
-779
-792
-799
-798
-791
-775
-751
-723
-681
-637
-583
-526
-461
-395
-325
-251
-176
-101
-25
50
125
198
266
335
398
460
514
561
608
655
687
716
740
756
767
773
769
761
746
726
699
668
636
598
562
524
482
441
401
358
317
278
236
197
163
128
92
63
31
3
-25
-49
-74
-102
-123
-150
-179
-206
-234
-265
-295
-330
-366
-400
-441
-479
-518
-557
-598
-631
-664
-698
-724
-747
-763
-773
-773
-769
-757
-738
-710
-675
-635
-589
-533
-470
-407
-337
-261
-188
-110
-33
43
119
195
267
336
405
465
522
574
623
665
701
731
755
774
785
790
790
783
773
757
733
707
676
640
601
557
507
458
408
357
304
252
202
152
108
63
19
-18
-55
-87
-116
-141
-167
-191
-211
-232
-253
-276
-297
-319
-345
-370
-395
-422
-449
-475
-503
-530
-554
-576
-598
-619
-632
-644
-653
-658
-656
-647
-635
-615
-592
-565
-534
-496
-456
-409
-359
-311
-254
-193
-135
-73
-13
51
112
175
234
291
348
403
453
501
545
583
620
651
678
699
712
724
728
725
716
705
688
665
642
609
575
541
503
462
417
374
331
283
237
192
149
103
60
17
-21
-60
-98
-133
-166
-195
-221
-244
-262
-282
-303
-317
-336
-351
-367
-388
-406
-428
-448
-468
-491
-515
-534
-555
-573
-587
-598
-606
-611
-606
-600
-586
-568
-541
-512
-478
-439
-397
-349
-297
-240
-186
-128
-75
-18
38
94
150
201
250
296
336
377
413
447
475
500
525
542
561
573
584
588
590
589
584
577
567
552
536
520
498
475
450
423
394
367
335
302
266
229
193
153
116
81
46
11
-21
-53
-87
-118
-150
-178
-207
-236
-262
-286
-313
-339
-365
-384
-409
-432
-455
-477
-494
-511
-530
-541
-550
-561
-564
-566
-564
-561
-549
-539
-521
-503
-473
-448
-417
-378
-333
-290
-237
-183
-131
-76
-20
31
81
130
177
223
269
312
353
399
436
474
508
539
559
575
585
588
593
597
596
592
588
578
561
538
510
481
445
410
374
337
300
263
226
189
152
111
72
32
-4
-38
-71
-98
-122
-146
-165
-189
-206
-226
-244
-264
-281
-304
-326
-347
-365
-377
-384
-388
-389
-402
-414
-444
-470
-518
-553
-615
-642
-663
-653
-631
-594
-537
-472
-402
-321
-253
-181
-112
-54
6
55
100
142
179
217
245
274
288
306
315
324
331
334
339
344
348
363
374
386
399
420
437
453
463
469
479
476
475
462
443
428
408
383
353
325
298
264
242
213
190
153
122
94
66
26
-11
-58
-93
-127
-166
-207
-248
-293
-329
-371
-405
-447
-475
-505
-531
-559
-581
-607
-613
-625
-626
-625
-617
-602
-583
-563
-534
-506
-465
-421
-375
-321
-271
-208
-153
-85
-31
32
85
144
203
248
300
348
377
426
444
476
496
507
516
515
520
507
513
501
498
499
498
492
488
480
457
426
401
340
323
251
224
180
147
129
101
80
43
35
-18
-44
-80
-130
-148
-182
-214
-206
-233
-217
-246
-218
-262
-246
-263
-290
-271
-305
-311
-290
-323
-307
-315
-319
-316
-321
-328
-354
-332
-383
-357
-368
-367
-330
-347
-299
-299
-282
-246
-256
-201
-187
-160
-114
-87
-39
0
34
78
98
132
176
196
250
271
285
322
304
343
332
368
360
386
408
388
450
385
441
421
410
426
411
392
402
370
367
386
330
330
314
257
264
251
156
228
97
130
-9
51
-83
-77
-92
-223
-160
-187
-302
-187
-239
-290
-208
-392
-325
-492
-339
-488
-429
-411
-462
-619
-340
-846
-507
-498
-796
-351
-704
-534
-514
-469
-416
-233
-331
-169
-399
-432
-478
-424
-277
-179
-18
112
202
340
402
514
672
636
829
788
890
874
871
908
819
836
783
661
681
481
379
488
170
280
319
64
268
164
-35
167
-34
-113
136
-128
74
-123
4
-74
-172
86
-167
-52
-25
-176
-155
-178
-275
-305
-278
-388
-360
-476
-442
-543
-531
-547
-542
-558
-569
-569
-558
-611
-532
-537
-544
-424
-496
-414
-418
-371
-361
-256
-218
-180
-31
-70
97
91
129
263
246
323
416
419
405
558
424
551
581
452
609
585
436
690
427
531
588
374
561
422
407
393
474
215
472
203
253
347
-53
323
80
-55
231
-65
-53
119
-191
-7
23
-225
-73
-11
-348
6
-218
-236
-76
-277
-207
-90
-449
-69
-366
-245
-334
-342
-355
-364
-428
-448
-358
-602
-329
-597
-421
-517
-553
-437
-525
-478
-470
-438
-464
-340
-363
-321
-250
-211
-148
-79
-4
-35
129
143
143
300
241
301
406
339
498
352
535
450
471
563
470
523
517
509
441
599
319
557
371
431
446
329
395
372
238
403
254
206
354
169
163
317
56
153
200
-3
188
-39
99
-22
-24
0
-79
-91
-47
-138
-190
-106
-254
-291
-194
-405
-336
-414
-487
-473
-590
-566
-649
-691
-673
-780
-685
-823
-725
-747
-781
-648
-708
-619
-583
-494
-463
-375
-289
-211
-145
-20
19
96
191
260
300
403
450
466
557
587
611
635
681
689
695
687
747
619
747
616
610
656
473
621
441
467
406
342
310
311
149
244
126
68
130
-52
125
-94
6
8
-107
-26
-50
-45
-75
-86
1
-130
-83
-21
-48
-221
-1
-180
-249
-99
-337
-198
-342
-462
-367
-533
-513
-589
-586
-620
-739
-685
-725
-700
-792
-710
-669
-744
-675
-559
-576
-535
-418
-361
-288
-255
-67
-40
-39
192
134
276
355
430
505
457
627
648
559
765
768
602
834
660
677
776
577
769
494
730
411
514
571
274
496
244
350
205
209
126
294
5
16
260
-98
-4
142
-50
6
55
-108
143
-88
-45
109
-137
1
-56
-156
20
-235
-139
-171
-288
-299
-375
-415
-481
-511
-623
-588
-659
-752
-760
-763
-854
-873
-812
-844
-838
-794
-730
-740
-676
-600
-532
-423
-359
-230
-133
-45
-11
191
212
310
430
501
559
631
633
734
758
718
823
841
776
763
852
732
707
748
713
572
670
542
502
452
415
337
277
314
173
131
250
7
38
111
-6
-62
13
102
-204
118
-75
18
-108
147
-98
-70
78
-114
-184
-9
-113
-259
-43
-393
-239
-528
-524
-506
-692
-584
-683
-749
-820
-929
-989
-951
-1050
-916
-889
-962
-839
-979
-839
-799
-696
-535
-386
-326
-214
-149
-55
64
201
374
499
586
650
702
714
793
852
918
998
1037
925
1005
939
772
1004
847
921
845
781
751
505
616
489
399
530
261
290
146
151
-74
109
26
-278
188
-306
-66
-63
-251
-67
-154
-225
47
-205
24
-127
-191
-2
-436
27
-210
-228
-131
-460
-467
-631
-529
-661
-620
-699
-777
-949
-985
-1036
-1102
-944
-1062
-883
-1052
-993
-999
-909
-862
-701
-543
-523
-342
-271
-151
-93
72
233
387
529
655
744
741
852
910
943
1098
1111
1125
1176
1078
1060
1038
1081
967
982
946
854
746
724
667
522
417
458
273
172
210
27
77
-107
-27
-186
-155
-111
-252
-113
-156
-286
-23
-92
-200
35
-258
27
-238
-133
-62
-257
-139
-220
-305
-540
-551
-666
-581
-757
-646
-890
-960
-997
-1131
-1153
-1204
-1134
-1168
-1065
-1123
-1141
-1139
-978
-868
-734
-578
-531
-401
-212
-82
124
189
415
580
719
788
855
947
1038
1189
1270
1274
1266
1274
1238
1268
1237
1109
1108
1185
923
958
846
612
692
503
566
326
282
193
119
8
-42
-148
-122
-90
-264
-187
-338
-378
-295
-109
-221
-66
-115
-181
-168
-163
-145
-129
-3
21
-41
-175
-284
-582
-606
-552
-637
-633
-738
-877
-1070
-1093
-1223
-1243
-1262
-1176
-1220
-1106
-1212
-1196
-1207
-1076
-897
-756
-597
-479
-428
-279
-108
10
221
428
614
767
870
950
969
1098
1201
1261
1367
1380
1323
1353
1280
1309
1246
1301
1255
1098
1069
874
774
701
612
513
444
325
223
11
-2
-197
-179
-146
-205
-332
-330
-396
-399
-258
-191
-216
-194
-69
-248
-165
-124
-290
-45
26
80
38
-211
-364
-655
-671
-577
-758
-720
-777
-1064
-1102
-1287
-1438
-1394
-1364
-1237
-1301
-1369
-1399
-1481
-1251
-1072
-901
-739
-640
-509
-377
-210
-36
191
453
662
894
927
982
1101
1198
1335
1496
1492
1474
1517
1456
1439
1429
1387
1369
1282
1241
1060
885
898
714
729
658
398
360
133
4
-43
-229
-185
-250
-208
-308
-361
-415
-489
-334
-168
-175
-36
-83
-196
-123
-69
-79
23
198
76
-15
-219
-593
-741
-628
-591
-604
-760
-975
-1234
-1343
-1369
-1466
-1526
-1367
-1404
-1494
-1533
-1655
-1617
-1331
-1079
-914
-843
-720
-598
-449
-113
70
256
590
777
860
971
1059
1142
1410
1565
1600
1582
1535
1510
1475
1484
1507
1448
1457
1373
1225
1073
960
882
805
834
648
471
301
70
25
-42
-206
-132
-269
-234
-319
-447
-464
-470
-308
-125
-144
-127
-212
-258
-157
-123
-93
22
87
104
-61
-394
-759
-760
-584
-510
-556
-895
-1234
-1416
-1365
-1411
-1478
-1483
-1493
-1574
-1579
-1736
-1791
-1535
-1219
-1008
-899
-895
-836
-585
-220
35
253
500
672
874
1012
1090
1257
1488
1701
1783
1717
1627
1576
1641
1674
1654
1584
1456
1379
1301
1135
1019
974
950
815
691
516
255
167
148
-12
-147
-221
-228
-290
-386
-424
-505
-465
-241
-89
-133
-216
-208
-136
-121
-10
85
145
165
161
-206
-653
-835
-639
-519
-535
-781
-1212
-1579
-1502
-1458
-1600
-1657
-1635
-1751
-1796
-1835
-2035
-1952
-1560
-1245
-1122
-1048
-1057
-905
-504
-69
150
417
660
807
994
1176
1293
1559
1866
2049
1998
1817
1709
1737
1844
1915
1829
1632
1430
1337
1249
1151
1108
1023
909
759
459
196
86
70
60
31
-123
-331
-413
-356
-375
-342
-256
-190
-144
-218
-287
-284
-112
36
126
100
75
82
159
-108
-546
-736
-656
-581
-663
-861
-1307
-1570
-1534
-1497
-1734
-1778
-1848
-1867
-1887
-1884
-2055
-1970
-1647
-1357
-1279
-1176
-1156
-940
-472
-11
190
376
596
842
1102
1380
1470
1625
1884
2020
1990
1911
1851
1900
2020
2010
1824
1591
1457
1384
1314
1167
1015
899
784
657
475
232
125
137
41
-135
-256
-345
-402
-290
-237
-312
-266
-111
-91
-55
-44
-36
-40
68
145
226
231
208
-93
-520
-830
-718
-606
-631
-849
-1281
-1781
-1813
-1694
-1784
-1903
-1913
-2085
-2230
-2139
-2145
-2124
-1771
-1428
-1419
-1373
-1229
-1017
-598
-16
252
347
556
844
1105
1490
1757
1853
1965
2120
2041
1973
2043
2156
2186
2223
2037
1702
1498
1495
1416
1313
1157
920
685
601
434
258
166
115
-73
-232
-411
-514
-491
-316
-260
-276
-323
-304
-243
-141
-32
66
90
45
74
129
203
288
184
-324
-730
-772
-621
-677
-823
-1208
-1634
-1825
-1735
-1846
-2008
-2075
-2088
-2174
-2204
-2246
-2227
-1951
-1565
-1401
-1416
-1319
-1065
-645
-163
211
340
495
791
1159
1456
1739
1893
2009
2130
2202
2117
2142
2259
2299
2203
2071
1776
1544
1530
1513
1304
1137
959
696
526
447
247
115
98
-99
-396
-456
-395
-370
-256
-243
-432
-456
-184
-69
-60
25
53
-38
143
319
305
308
378
-80
-695
-820
-522
-473
-638
-1053
-1622
-1966
-1834
-1751
-1930
-2106
-2229
-2417
-2516
-2467
-2416
-2180
-1804
-1654
-1733
-1591
-1249
-812
-262
147
219
320
666
1064
1496
1907
2031
2041
2187
2315
2311
2430
2549
2511
2344
2150
1895
1803
1850
1780
1520
1252
975
742
652
612
404
165
-29
-249
-466
-487
-474
-503
-479
-480
-595
-633
-447
-263
-118
-52
-61
-140
-65
133
290
396
462
408
-165
-747
-806
-319
-277
-586
-1206
-1737
-2065
-1764
-1616
-1826
-2196
-2372
-2549
-2556
-2426
-2304
-2139
-1888
-1798
-1844
-1708
-1239
-684
-217
-22
103
227
642
1182
1700
1859
1946
2002
2184
2353
2529
2546
2553
2516
2373
2180
2081
1996
1924
1854
1590
1194
935
838
775
702
460
95
-115
-181
-280
-393
-428
-442
-425
-484
-577
-535
-260
-22
44
-14
-94
-88
168
453
464
388
284
-285
-871
-691
-215
-393
-850
-1341
-1897
-2056
-1649
-1673
-2139
-2429
-2550
-2731
-2622
-2445
-2359
-2210
-2066
-2121
-2023
-1645
-1150
-636
-293
-241
-129
286
821
1337
1709
1807
1772
1894
2183
2488
2638
2635
2564
2451
2333
2290
2265
2165
2043
1801
1432
1165
1085
1009
891
652
271
-24
-94
-124
-204
-369
-592
-633
-502
-479
-524
-432
-362
-273
-64
54
-31
32
214
311
369
486
449
104
-440
-653
-350
-180
-574
-1172
-1664
-1948
-1766
-1579
-1938
-2442
-2536
-2587
-2622
-2518
-2421
-2449
-2284
-2117
-2040
-1882
-1442
-951
-529
-343
-201
42
534
1111
1597
1728
1755
1912
2227
2489
2655
2617
2560
2535
2523
2451
2381
2201
2055
1905
1650
1319
1196
1109
953
697
388
66
-16
-55
-166
-373
-558
-667
-533
-433
-444
-462
-391
-352
-122
67
48
-14
117
200
319
460
408
-31
-571
-760
-403
-149
-584
-1274
-1718
-1821
-1641
-1460
-1853
-2431
-2660
-2574
-2480
-2384
-2480
-2518
-2359
-2133
-2065
-1849
-1483
-1015
-647
-424
-312
16
526
1103
1482
1618
1613
1817
2183
2539
2675
2611
2477
2522
2643
2625
2478
2313
2098
1935
1814
1590
1371
1251
1012
658
444
312
153
9
-231
-519
-552
-422
-389
-454
-543
-618
-465
-237
-152
-154
-148
-160
60
317
263
201
346
-23
-767
-786
-175
-101
-721
-1343
-1772
-1841
-1590
-1473
-1900
-2482
-2786
-2623
-2342
-2321
-2521
-2527
-2369
-2190
-2012
-1771
-1434
-962
-625
-495
-308
125
629
1127
1434
1511
1551
1899
2368
2663
2634
2506
2454
2599
2736
2722
2507
2274
2061
1944
1815
1640
1394
1179
936
669
434
315
238
82
-184
-457
-580
-552
-465
-461
-536
-619
-584
-468
-283
-121
-103
-231
-208
21
222
286
395
214
-518
-981
-426
190
-259
-1175
-1711
-1831
-1613
-1296
-1630
-2414
-2748
-2573
-2411
-2272
-2293
-2507
-2519
-2186
-1995
-1850
-1500
-1126
-893
-649
-409
-98
460
1032
1230
1306
1501
1801
2183
2593
2623
2384
2408
2635
2709
2686
2567
2268
2080
2124
1985
1707
1522
1315
1031
847
683
461
341
145
-208
-366
-288
-289
-403
-473
-585
-585
-372
-180
-138
-160
-241
-237
27
272
231
259
276
-285
-972
-680
89
-67
-1010
-1669
-1868
-1737
-1379
-1403
-2170
-2842
-2813
-2473
-2258
-2325
-2624
-2801
-2539
-2177
-1926
-1689
-1444
-1243
-935
-565
-219
215
733
1024
1147
1363
1713
2084
2429
2552
2432
2394
2614
2843
2876
2709
2432
2220
2216
2225
2050
1735
1447
1219
1050
901
689
422
205
-1
-216
-350
-371
-442
-597
-712
-717
-619
-477
-384
-369
-355
-322
-250
-14
259
224
56
199
141
-557
-903
-194
241
-484
-1403
-1679
-1573
-1244
-1096
-1706
-2604
-2807
-2368
-2021
-2092
-2514
-2809
-2611
-2136
-1863
-1749
-1649
-1432
-1062
-621
-335
-47
356
792
1000
1202
1504
1905
2205
2397
2333
2261
2444
2808
2840
2630
2361
2212
2196
2350
2184
1724
1382
1309
1204
1071
852
476
195
196
31
-362
-528
-379
-345
-531
-695
-760
-542
-191
-29
-265
-477
-408
-14
347
361
146
133
-202
-748
-652
191
62
-1017
-1742
-1610
-1345
-1138
-1359
-2139
-2817
-2682
-2205
-1977
-2300
-2737
-2800
-2384
-2029
-1846
-1733
-1665
-1468
-1010
-592
-274
153
542
656
887
1330
1711
1967
2250
2305
2227
2405
2796
2891
2703
2476
2381
2369
2410
2267
1958
1690
1549
1394
1230
1045
751
434
295
157
-102
-282
-346
-484
-594
-629
-719
-692
-412
-339
-576
-564
-325
-257
-159
93
48
-77
253
308
-551
-1051
-310
339
-362
-1391
-1736
-1471
-1171
-1035
-1588
-2448
-2788
-2267
-1780
-1897
-2478
-2776
-2530
-2015
-1758
-1730
-1767
-1586
-1160
-643
-371
-170
152
533
828
1144
1468
1747
2007
2226
2253
2228
2419
2728
2758
2541
2363
2346
2367
2344
2134
1801
1573
1525
1411
1210
924
596
353
295
67
-238
-246
-85
-291
-580
-609
-473
-323
-147
-257
-506
-540
-250
64
240
74
-33
-84
-581
-1038
-352
357
-512
-1723
-1754
-1332
-1182
-1097
-1596
-2648
-2989
-2308
-1821
-2082
-2681
-2936
-2699
-2197
-1866
-1705
-1739
-1693
-1339
-759
-396
-158
90
420
729
1131
1529
1869
2005
2125
2251
2370
2496
2747
2767
2519
2342
2422
2467
2452
2262
1928
1698
1683
1552
1305
1030
702
474
458
277
-76
-233
-293
-483
-563
-539
-691
-760
-562
-485
-598
-553
-449
-493
-362
-19
43
-132
-47
-57
-708
-1047
-318
237
-584
-1590
-1733
-1409
-1131
-1014
-1625
-2581
-2749
-2107
-1667
-1885
-2494
-2785
-2382
-1833
-1618
-1553
-1553
-1497
-1021
-441
-241
-66
341
630
815
1198
1573
1829
2065
2227
2201
2248
2467
2643
2562
2377
2268
2278
2317
2272
2013
1693
1527
1484
1378
1170
888
608
377
151
35
55
-81
-461
-677
-617
-518
-374
-345
-574
-709
-367
-120
-95
-84
-93
-179
172
216
-661
-1262
-360
333
-476
-1586
-1701
-1409
-1103
-1025
-1557
-2503
-2733
-2160
-1636
-1879
-2552
-2919
-2501
-1936
-1727
-1780
-1738
-1629
-1175
-575
-279
-300
10
468
788
1035
1394
1586
1777
2017
2167
2182
2407
2655
2655
2478
2439
2418
2400
2349
2170
1855
1696
1625
1451
1177
934
691
520
413
242
-21
-254
-393
-465
-495
-543
-635
-732
-721
-571
-373
-289
-474
-694
-465
109
207
-130
-147
-70
-708
-1068
-250
385
-602
-1717
-1752
-1278
-1088
-1026
-1560
-2487
-2743
-1981
-1449
-1801
-2485
-2688
-2348
-1820
-1533
-1552
-1693
-1594
-1080
-453
-163
-101
130
490
808
1209
1628
1805
1837
2020
2203
2297
2464
2673
2622
2434
2372
2399
2392
2338
2158
1846
1599
1497
1405
1208
908
564
382
333
213
-157
-443
-396
-262
-440
-696
-738
-566
-383
-254
-437
-658
-543
-142
-31
-109
-111
-276
-903
-1118
-397
190
-623
-1638
-1819
-1389
-1172
-1061
-1580
-2479
-2752
-2143
-1656
-1843
-2431
-2768
-2501
-1903
-1677
-1607
-1658
-1609
-1244
-508
-122
-54
165
452
763
1219
1636
1772
1860
2094
2198
2319
2494
2733
2692
2521
2377
2405
2439
2337
2112
1816
1630
1547
1403
1169
836
556
383
406
199
-114
-352
-427
-521
-564
-556
-718
-766
-605
-423
-479
-499
-390
-415
-278
-28
144
-48
48
146
-413
-1017
-561
336
-196
-1438
-1855
-1386
-1110
-1108
-1431
-2351
-2882
-2330
-1591
-1871
-2635
-2850
-2497
-1946
-1672
-1681
-1832
-1658
-1123
-553
-272
-234
16
437
810
1084
1449
1714
1801
1986
2220
2325
2444
2673
2669
2432
2384
2461
2469
2392
2251
1960
1723
1701
1625
1359
1007
755
532
288
214
197
19
-345
-488
-506
-501
-365
-309
-544
-761
-461
-138
-128
-181
-117
-66
54
226
-284
-1091
-837
120
-7
-1246
-1784
-1564
-1287
-1194
-1386
-2258
-2928
-2574
-1959
-2010
-2544
-2936
-2810
-2328
-1953
-1959
-1991
-1922
-1563
-942
-452
-362
-249
203
674
1062
1408
1633
1756
2053
2394
2505
2486
2655
2840
2787
2587
2551
2563
2499
2346
2120
1826
1686
1628
1441
1109
837
579
410
307
96
-197
-372
-384
-525
-662
-777
-776
-760
-684
-614
-434
-340
-456
-643
-338
102
187
-88
-3
-189
-850
-872
134
376
-880
-1721
-1506
-1056
-891
-935
-1780
-2755
-2596
-1729
-1499
-2037
-2615
-2741
-2369
-1726
-1486
-1610
-1801
-1573
-978
-362
-155
-182
31
432
862
1274
1540
1594
1649
1986
2234
2369
2464
2537
2417
2347
2422
2414
2326
2237
2039
1765
1626
1575
1364
1127
851
452
152
255
360
62
-386
-553
-472
-266
-163
-377
-687
-630
-250
-16
-101
-259
-209
39
287
351
-165
-966
-865
213
329
-982
-1824
-1496
-1116
-1032
-1124
-1919
-2804
-2570
-1810
-1830
-2412
-2770
-2787
-2432
-1931
-1774
-1962
-1947
-1592
-1056
-572
-343
-245
49
487
863
1187
1465
1636
1822
2045
2232
2343
2498
2597
2546
2419
2408
2421
2351
2217
2012
1737
1606
1596
1430
1044
754
570
457
327
96
-242
-387
-393
-470
-547
-637
-804
-796
-519
-444
-556
-483
-335
-394
-256
60
111
-80
118
220
-387
-930
-324
474
-137
-1331
-1626
-1153
-976
-950
-1275
-2142
-2737
-2138
-1407
-1627
-2384
-2658
-2497
-1972
-1490
-1394
-1753
-1714
-1175
-556
-260
-112
-45
195
652
1213
1483
1567
1634
1911
2168
2358
2443
2527
2454
2356
2355
2408
2299
2183
2048
1807
1552
1480
1394
1126
808
600
446
260
-15
-180
-188
-237
-471
-584
-574
-521
-439
-398
-551
-567
-347
-208
-244
-187
-134
-6
145
-238
-1026
-790
266
166
-1167
-1733
-1331
-1115
-1107
-1157
-1936
-2789
-2499
-1668
-1731
-2380
-2770
-2671
-2286
-1779
-1656
-1813
-1848
-1457
-874
-303
-131
-98
172
714
1102
1437
1675
1772
1893
2249
2442
2445
2538
2695
2600
2457
2461
2478
2390
2255
2028
1729
1571
1513
1348
1023
680
423
315
239
16
-311
-472
-529
-585
-658
-684
-751
-711
-595
-569
-568
-439
-386
-385
-203
-16
-92
19
227
-327
-1141
-775
351
126
-1179
-1833
-1494
-1136
-998
-1172
-2069
-2840
-2488
-1607
-1525
-2251
-2720
-2603
-2011
-1599
-1493
-1644
-1669
-1369
-752
-183
-81
-25
330
776
1111
1486
1804
1848
1989
2260
2410
2459
2630
2714
2536
2370
2346
2383
2347
2135
1802
1574
1542
1512
1339
1004
633
419
325
169
-65
-269
-404
-543
-628
-656
-617
-588
-611
-632
-553
-338
-233
-276
-258
-17
132
198
29
-551
-991
-270
474
-275
-1563
-1715
-1307
-1096
-999
-1473
-2587
-2929
-2190
-1670
-2010
-2549
-2923
-2734
-2114
-1680
-1758
-1891
-1762
-1326
-627
-204
-176
-109
344
838
1258
1563
1715
1808
2061
2368
2510
2534
2649
2695
2607
2484
2500
2486
2443
2261
1941
1653
1621
1549
1284
957
674
406
298
170
-130
-425
-484
-584
-691
-701
-705
-797
-739
-629
-544
-397
-230
-307
-384
-186
67
135
254
219
-452
-1105
-572
415
24
-1327
-1879
-1484
-1166
-1022
-1260
-2173
-2935
-2480
-1676
-1664
-2289
-2734
-2711
-2164
-1593
-1475
-1677
-1649
-1303
-734
-233
30
108
353
752
1209
1569
1797
1889
2062
2282
2447
2521
2649
2691
2596
2428
2389
2385
2345
2159
1854
1548
1415
1346
1169
893
620
295
45
-20
-39
-235
-544
-739
-750
-609
-522
-539
-643
-638
-474
-193
-121
-185
-157
68
234
366
115
-542
-891
-198
339
-323
-1438
-1706
-1440
-1159
-1100
-1538
-2455
-2832
-2353
-1840
-1978
-2474
-2818
-2706
-2227
-1831
-1692
-1727
-1666
-1356
-730
-226
-4
140
493
886
1291
1659
1916
2033
2242
2465
2583
2617
2737
2740
2611
2490
2456
2354
2262
2118
1832
1476
1312
1214
1058
782
442
117
13
-16
-161
-356
-506
-672
-708
-611
-601
-675
-668
-643
-559
-273
-95
-238
-340
-94
160
231
309
373
-95
-864
-781
208
351
-896
-1874
-1723
-1316
-1126
-1162
-1881
-2862
-2857
-2000
-1665
-2182
-2739
-2794
-2408
-1870
-1533
-1530
-1635
-1421
-814
-219
2
134
432
854
1228
1569
1793
2012
2263
2487
2540
2520
2599
2770
2787
2520
2262
2193
2238
2185
1954
1542
1213
1145
1137
967
608
185
-151
-206
-136
-197
-424
-699
-854
-737
-465
-366
-491
-639
-616
-298
47
60
-125
-63
171
393
428
-108
-823
-616
227
65
-996
-1596
-1525
-1445
-1272
-1339
-2115
-2926
-2769
-2137
-1995
-2444
-2901
-2913
-2476
-1975
-1748
-1767
-1762
-1422
-770
-242
-67
86
491
996
1387
1681
1907
2102
2376
2653
2698
2597
2666
2818
2780
2638
2522
2364
2235
2208
1987
1540
1220
1116
968
751
464
89
-191
-253
-287
-438
-634
-812
-884
-783
-648
-664
-706
-612
-430
-265
-90
-22
-69
1
296
479
520
555
192
-686
-884
31
443
-599
-1665
-1770
-1561
-1447
-1292
-1703
-2765
-3257
-2631
-1993
-2163
-2660
-2878
-2732
-2314
-1777
-1449
-1436
-1403
-995
-389
85
395
719
1058
1360
1639
1962
2288
2565
2737
2749
2623
2608
2836
2987
2772
2397
2126
1997
1976
1939
1648
1195
841
661
526
404
193
-181
-522
-599
-496
-467
-626
-827
-864
-669
-432
-307
-314
-264
-102
40
86
205
414
566
636
566
18
-604
-441
282
150
-848
-1560
-1688
-1723
-1562
-1411
-2070
-3098
-3211
-2625
-2393
-2613
-2810
-3057
-3032
-2456
-1810
-1657
-1634
-1350
-929
-454
82
513
810
1114
1486
1841
2166
2417
2664
2859
2891
2805
2834
2971
2983
2821
2547
2251
2038
1964
1849
1543
1134
786
558
420
255
-4
-303
-492
-609
-687
-720
-744
-857
-911
-808
-670
-569
-417
-293
-218
-51
138
147
183
460
660
558
550
673
258
-570
-666
35
103
-812
-1599
-1810
-1909
-1809
-1600
-2047
-3003
-3296
-2815
-2445
-2478
-2641
-2813
-2761
-2342
-1809
-1462
-1243
-1016
-641
-160
279
654
1092
1494
1749
1983
2275
2543
2795
3007
2972
2753
2677
2801
2852
2720
2436
2091
1798
1690
1601
1347
940
600
361
194
34
-168
-468
-704
-762
-677
-621
-666
-767
-741
-535
-337
-267
-198
-13
192
283
296
414
583
656
713
808
418
-447
-757
-156
112
-581
-1438
-1891
-2118
-2008
-1725
-1972
-2822
-3392
-3262
-2861
-2706
-2827
-2965
-2904
-2622
-2136
-1676
-1442
-1182
-624
-102
161
512
1076
1578
1973
2291
2401
2454
2786
3207
3309
3099
2869
2787
2823
2823
2625
2211
1768
1544
1472
1307
972
572
219
36
-44
-237
-493
-648
-744
-827
-813
-806
-871
-861
-709
-556
-413
-291
-189
-16
266
405
345
345
546
704
765
850
837
259
-583
-770
-201
-30
-685
-1541
-2090
-2345
-2159
-1855
-2100
-2880
-3390
-3270
-2813
-2527
-2570
-2713
-2630
-2339
-1863
-1341
-972
-742
-318
192
528
806
1297
1813
2190
2461
2616
2642
2793
3086
3233
3076
2787
2549
2470
2447
2284
1923
1532
1198
978
848
686
347
-29
-273
-369
-442
-577
-742
-807
-730
-661
-701
-737
-606
-360
-106
86
162
154
254
521
756
774
742
819
964
1050
863
147
-679
-743
-207
-242
-1094
-1953
-2398
-2548
-2416
-2295
-2650
-3319
-3645
-3438
-3090
-2949
-2953
-2856
-2581
-2242
-1873
-1424
-919
-422
92
566
890
1159
1622
2233
2669
2818
2843
2893
3022
3239
3335
3156
2848
2605
2432
2280
2064
1739
1381
1102
818
515
263
98
-114
-366
-598
-719
-768
-797
-819
-759
-746
-849
-854
-543
-157
38
54
64
157
447
773
901
729
552
612
876
1018
953
611
-119
-876
-959
-591
-627
-1238
-1949
-2518
-2793
-2695
-2543
-2692
-2997
-3205
-3232
-3087
-2834
-2564
-2298
-2021
-1763
-1479
-1092
-572
24
580
972
1236
1463
1793
2267
2726
2942
2959
2907
2848
2857
2934
2863
2614
2350
2093
1772
1498
1290
1058
767
489
232
12
-167
-325
-501
-635
-688
-694
-780
-871
-775
-491
-281
-252
-289
-236
-32
309
577
642
614
646
710
779
848
899
884
840
702
217
-611
-1129
-935
-610
-876
-1632
-2424
-2927
-2932
-2555
-2418
-2790
-3292
-3465
-3259
-2848
-2527
-2382
-2200
-1837
-1458
-1118
-711
-208
337
891
1335
1562
1696
1968
2412
2868
3121
3082
2879
2759
2806
2884
2803
2517
2147
1846
1598
1332
1047
798
573
345
88
-169
-382
-497
-533
-553
-622
-691
-695
-667
-651
-619
-477
-262
-64
62
135
193
280
411
594
718
677
520
428
466
510
462
367
142
-387
-1084
-1431
-1284
-1073
-1230
-1731
-2289
-2598
-2596
-2464
-2415
-2428
-2443
-2461
-2453
-2324
-2071
-1749
-1384
-1008
-699
-463
-207
144
579
1043
1455
1706
1794
1875
2091
2372
2566
2619
2585
2479
2322
2150
1985
1822
1649
1436
1178
892
634
417
260
154
70
-44
-193
-354
-446
-434
-366
-374
-448
-454
-305
-120
-36
-49
-56
5
137
268
305
265
251
279
268
203
134
82
71
109
121
-85
-566
-1111
-1391
-1289
-1008
-911
-1176
-1640
-1945
-1939
-1792
-1730
-1758
-1743
-1659
-1592
-1562
-1506
-1353
-1083
-719
-370
-158
-80
28
282
665
1044
1307
1406
1429
1488
1598
1678
1683
1636
1576
1512
1428
1290
1107
955
872
825
758
662
559
458
378
337
332
322
295
244
189
143
112
74
-8
-113
-149
-66
8
-75
-266
-373
-342
-268
-259
-306
-335
-325
-318
-357
-417
-424
-348
-263
-287
-397
-388
-251
-206
-372
-600
-682
-575
-407
-350
-447
-589
-644
-616
-577
-580
-604
-627
-632
-592
-516
-472
-486
-484
-398
-250
-119
-53
-22
41
156
268
338
367
412
493
579
616
592
540
529
577
640
656
617
573
555
550
523
488
461
454
458
436
364
284
257
277
278
226
152
115
124
125
87
31
-4
0
8
-12
-60
-96
-94
-80
-99
-156
-204
-191
-137
-103
-119
-171
-201
-180
-123
-91
-132
-222
-287
-251
-145
-82
-140
-257
-319
-293
-261
-297
-352
-341
-271
-242
-323
-434
-465
-401
-332
-331
-374
-379
-340
-300
-293
-289
-259
-214
-176
-151
-118
-61
4
60
82
75
84
138
213
269
295
306
309
295
274
295
353
381
375
383
432
445
398
359
381
421
449
483
482
396
288
276
360
395
305
198
204
265
245
133
58
86
118
83
26
-2
-28
-63
-51
0
-22
-138
-229
-214
-147
-124
-148
-189
-256
-321
-324
-263
-223
-275
-386
-448
-420
-369
-371
-406
-405
-389
-431
-487
-477
-443
-443
-439
-401
-375
-404
-434
-387
-303
-257
-257
-222
-133
-43
-3
4
41
103
130
146
216
316
355
338
365
403
343
268
348
541
628
514
377
392
456
461
459
470
462
429
411
407
385
338
284
265
274
276
251
175
75
26
43
64
67
30
-64
-140
-129
-68
-72
-139
-169
-119
-94
-134
-158
-172
-221
-211
-118
-102
-237
-351
-313
-239
-222
-287
-386
-426
-385
-347
-364
-401
-422
-409
-398
-379
-329
-278
-289
-316
-285
-206
-152
-143
-155
-139
-73
-35
-30
2
81
129
122
92
73
117
220
285
253
218
225
217
247
299
299
253
270
310
302
293
271
246
219
258
329
384
362
253
209
290
347
247
228
342
378
272
235
301
196
26
-12
137
239
190
66
-63
-147
-233
-177
-71
-56
-212
-335
-317
-308
-364
-424
-387
-391
-464
-508
-500
-481
-502
-527
-535
-487
-443
-454
-485
-472
-401
-336
-270
-222
-191
-139
-74
-59
-48
13
97
179
232
286
335
309
260
277
325
338
343
337
349
438
445
370
333
291
243
309
323
264
340
379
324
295
234
151
227
323
321
298
130
-20
151
329
294
180
118
58
135
95
-85
-119
-65
-40
71
125
-104
-239
-217
-230
-249
-295
-404
-337
-203
-286
-441
-507
-597
-630
-590
-683
-773
-613
-437
-400
-487
-697
-844
-703
-469
-348
-229
-131
-156
-147
-130
-154
-87
61
154
256
449
512
427
329
218
309
591
693
582
454
445
555
688
572
295
335
481
449
409
446
490
417
390
273
147
218
310
374
222
103
156
309
311
19
-74
-106
-214
-210
-62
103
106
94
-94
-289
-140
-29
-135
-332
-303
-63
70
11
-175
-165
-133
-190
-125
-111
-145
-165
-121
-277
-670
-892
-932
-814
-675
-606
-598
-675
-738
-876
-971
-923
-796
-615
-470
-324
-234
-207
-261
-345
-219
31
229
359
536
731
757
624
452
433
581
749
916
1028
1006
800
594
513
427
348
393
602
766
751
617
401
232
187
265
314
293
331
356
228
26
-44
-47
-97
-101
25
203
280
158
-70
-205
-203
-138
-56
11
157
380
436
235
19
-104
-217
-210
7
234
153
-314
-918
-1353
-1526
-1546
-1485
-1410
-1355
-1236
-1106
-1176
-1477
-1768
-1837
-1609
-1165
-727
-446
-276
-140
-33
32
74
172
415
789
1184
1455
1507
1378
1212
1094
1043
1064
1138
1224
1250
1166
1001
792
565
367
272
288
379
462
486
458
385
268
145
93
129
188
237
227
143
47
0
-3
-5
-22
-26
30
143
240
276
255
209
173
148
112
104
165
265
324
319
283
174
-146
-763
-1491
-1974
-2001
-1725
-1491
-1529
-1771
-2001
-2120
-2224
-2367
-2428
-2258
-1850
-1346
-943
-703
-546
-377
-178
47
321
704
1189
1651
1940
2040
2010
1917
1813
1730
1694
1695
1691
1639
1500
1271
975
671
428
252
154
140
191
240
216
103
-24
-68
-11
81
147
181
210
237
251
273
329
412
469
482
476
508
573
609
556
437
323
275
277
263
191
106
111
210
206
-188
-1026
-1975
-2586
-2687
-2522
-2440
-2527
-2599
-2536
-2465
-2584
-2858
-3027
-2875
-2425
-1857
-1297
-775
-285
140
436
621
775
1010
1360
1795
2210
2536
2720
2743
2615
2380
2107
1859
1650
1470
1325
1207
1073
867
568
218
-102
-316
-387
-321
-175
-28
76
150
222
288
324
328
306
288
303
400
579
770
878
877
800
721
644
591
535
506
473
450
386
291
160
99
123
200
20
-580
-1551
-2440
-2933
-2974
-2922
-2946
-3066
-3036
-2910
-2784
-2852
-2985
-3056
-2894
-2534
-1979
-1346
-687
-129
331
682
1003
1265
1510
1743
2050
2384
2698
2860
2853
2691
2481
2229
1952
1607
1272
1010
862
756
613
396
155
-67
-231
-325
-323
-255
-133
13
194
378
533
617
664
702
749
743
670
571
565
689
856
912
811
642
528
481
421
293
138
27
-30
-53
-24
69
108
-166
-892
-1878
-2685
-3072
-3157
-3211
-3285
-3245
-2986
-2665
-2506
-2582
-2725
-2757
-2601
-2275
-1771
-1115
-379
281
806
1201
1499
1706
1826
1920
2078
2312
2557
2713
2761
2696
2521
2212
1803
1371
993
686
446
259
143
69
10
-79
-182
-283
-337
-332
-243
-78
150
392
602
741
819
855
859
786
628
425
310
341
491
605
618
541
473
417
340
196
40
-99
-200
-259
-197
8
235
147
-441
-1400
-2284
-2842
-3109
-3301
-3427
-3365
-3056
-2655
-2376
-2281
-2301
-2354
-2408
-2352
-2055
-1469
-730
-9
618
1191
1698
2050
2179
2156
2128
2163
2239
2328
2448
2588
2643
2500
2167
1755
1358
970
571
206
-32
-103
-78
-39
-8
31
63
56
21
22
108
255
420
582
759
947
1070
1044
864
618
412
285
213
178
181
228
291
332
327
256
129
-34
-198
-334
-383
-279
-57
52
-245
-994
-1877
-2543
-2941
-3262
-3577
-3709
-3522
-3123
-2749
-2490
-2315
-2206
-2199
-2209
-2063
-1669
-1132
-562
36
737
1444
1992
2283
2402
2431
2400
2291
2179
2150
2199
2243
2211
2110
1941
1660
1233
728
278
-37
-234
-337
-339
-227
-36
164
303
384
423
465
510
575
651
763
902
1062
1185
1218
1101
868
604
402
266
159
68
44
129
261
338
305
213
97
-45
-209
-286
-211
-96
-227
-713
-1383
-1934
-2355
-2747
-3184
-3443
-3468
-3281
-3076
-2794
-2485
-2179
-2085
-2050
-1947
-1629
-1285
-929
-534
59
703
1307
1766
2158
2414
2507
2427
2325
2228
2135
1991
1866
1777
1719
1581
1350
1022
668
303
-8
-244
-365
-416
-389
-287
-94
118
310
462
581
652
691
725
787
839
831
767
703
670
650
605
514
389
260
151
76
53
64
72
51
17
20
47
67
80
130
138
-108
-706
-1456
-2076
-2523
-2949
-3323
-3466
-3348
-3120
-2869
-2554
-2209
-2009
-1990
-1929
-1684
-1369
-1112
-794
-264
410
1035
1573
2066
2465
2636
2615
2529
2433
2253
2024
1839
1747
1676
1553
1394
1202
946
598
232
-80
-312
-485
-555
-488
-298
-67
171
402
616
737
769
787
842
868
847
808
792
733
597
456
383
312
169
-15
-126
-155
-135
-102
-42
-7
-5
-15
5
17
23
70
116
-87
-638
-1324
-1849
-2263
-2725
-3177
-3395
-3372
-3236
-3015
-2660
-2263
-2007
-1893
-1769
-1550
-1330
-1129
-844
-382
175
753
1343
1942
2396
2615
2685
2752
2734
2501
2105
1807
1640
1482
1277
1160
1118
983
687
396
200
-13
-315
-544
-557
-425
-280
-72
253
610
851
984
1087
1137
1069
912
746
598
447
336
308
341
339
286
233
184
99
-4
-53
-56
-85
-125
-95
0
53
72
151
253
90
-471
-1223
-1859
-2388
-2919
-3374
-3582
-3589
-3459
-3141
-2629
-2153
-1898
-1770
-1587
-1378
-1229
-1069
-784
-411
18
574
1265
1925
2399
2707
2902
2947
2789
2482
2138
1794
1469
1224
1103
1040
942
795
645
500
311
50
-227
-432
-522
-496
-362
-132
154
462
768
1025
1189
1248
1231
1151
999
785
545
328
152
32
-22
-30
-47
-82
-100
-95
-106
-134
-138
-129
-144
-149
-90
20
140
251
262
-5
-550
-1164
-1703
-2243
-2820
-3279
-3499
-3526
-3387
-3046
-2583
-2195
-1933
-1651
-1344
-1139
-1050
-912
-659
-336
89
683
1333
1877
2324
2724
3014
3081
2933
2667
2320
1901
1483
1174
970
802
670
594
518
368
203
104
10
-166
-349
-415
-372
-282
-90
236
592
868
1094
1283
1368
1277
1051
766
487
235
10
-163
-257
-236
-140
-20
88
158
180
174
138
62
-28
-90
-120
-117
-20
120
64
-311
-815
-1266
-1774
-2429
-3032
-3413
-3627
-3702
-3499
-3053
-2603
-2225
-1804
-1345
-1014
-833
-675
-490
-319
-82
334
860
1365
1867
2400
2839
3042
3057
2964
2727
2305
1814
1375
987
652
419
294
197
122
136
189
156
33
-77
-145
-186
-174
-63
127
340
566
800
1025
1191
1266
1248
1127
880
553
249
0
-215
-368
-416
-400
-343
-217
-51
69
150
222
219
135
66
49
39
65
126
38
-334
-804
-1208
-1683
-2303
-2839
-3159
-3405
-3532
-3360
-3005
-2715
-2418
-1960
-1475
-1149
-904
-641
-426
-234
71
478
885
1288
1750
2218
2591
2837
2953
2907
2692
2360
1956
1537
1148
814
531
311
167
74
34
48
65
26
-42
-80
-75
-55
3
112
264
451
683
925
1093
1153
1146
1076
885
610
377
174
-66
-285
-361
-327
-266
-168
-44
44
102
159
171
135
107
84
41
62
89
-145
-668
-1168
-1541
-2025
-2616
-3023
-3243
-3467
-3511
-3168
-2733
-2491
-2193
-1657
-1192
-978
-752
-428
-217
-81
238
702
1059
1358
1801
2301
2629
2761
2818
2764
2514
2149
1790
1416
991
609
369
229
91
-7
-8
31
30
10
24
30
16
64
197
328
413
541
732
905
1023
1096
1085
943
728
521
300
50
-173
-324
-426
-466
-394
-250
-126
-16
114
211
210
177
186
184
142
136
124
-123
-605
-1066
-1441
-1924
-2488
-2879
-3094
-3304
-3390
-3159
-2792
-2542
-2262
-1783
-1325
-1069
-832
-498
-237
-91
180
613
992
1312
1741
2227
2546
2699
2796
2768
2537
2211
1908
1568
1148
768
510
305
121
21
0
-14
-24
20
78
90
85
116
177
251
361
506
659
815
936
988
994
944
771
521
312
125
-121
-341
-437
-480
-504
-422
-260
-164
-94
50
173
193
221
287
264
183
188
102
-278
-773
-1142
-1559
-2162
-2662
-2914
-3162
-3411
-3322
-2957
-2697
-2494
-2058
-1554
-1273
-1048
-683
-382
-240
5
412
770
1069
1484
1963
2324
2568
2766
2836
2713
2472
2192
1846
1435
1032
707
461
260
113
37
5
-22
-26
30
79
76
89
156
222
291
424
594
723
821
921
976
943
849
705
485
237
21
-164
-339
-463
-488
-450
-389
-319
-231
-92
50
129
186
252
273
250
284
279
-5
-506
-932
-1319
-1871
-2431
-2805
-3130
-3447
-3473
-3203
-2941
-2698
-2284
-1799
-1433
-1107
-753
-497
-334
-99
216
522
865
1293
1719
2084
2425
2711
2866
2878
2766
2530
2194
1808
1401
1005
642
312
51
-92
-139
-166
-169
-107
-25
50
141
239
297
344
423
519
598
662
727
786
813
782
695
567
406
236
75
-94
-247
-344
-388
-398
-358
-266
-160
-32
83
142
199
290
342
325
295
117
-335
-847
-1233
-1700
-2341
-2853
-3144
-3404
-3546
-3337
-2972
-2729
-2443
-1941
-1459
-1158
-857
-519
-316
-185
72
412
712
1042
1466
1884
2231
2553
2804
2896
2840
2683
2401
2022
1625
1221
798
420
138
-69
-196
-225
-192
-133
-54
29
120
220
300
351
406
467
527
611
707
768
795
815
781
691
588
444
222
-10
-188
-345
-463
-466
-406
-374
-327
-197
-51
33
111
231
309
293
290
288
70
-410
-881
-1266
-1801
-2436
-2848
-3084
-3369
-3490
-3243
-2935
-2752
-2404
-1858
-1448
-1182
-822
-467
-265
-52
262
549
815
1177
1581
1936
2275
2579
2769
2854
2838
2671
2386
2060
1663
1201
779
411
76
-159
-272
-344
-363
-269
-134
-28
108
254
329
388
480
543
565
621
666
662
678
702
635
537
486
381
182
38
-58
-229
-384
-396
-380
-431
-413
-281
-150
-56
67
216
334
384
385
373
242
-150
-672
-1115
-1595
-2238
-2794
-3071
-3292
-3510
-3429
-3064
-2765
-2512
-2042
-1511
-1182
-908
-520
-211
-54
169
501
783
1046
1426
1835
2168
2473
2742
2875
2871
2780
2574
2244
1848
1417
963
548
197
-99
-306
-393
-411
-376
-254
-91
43
170
318
422
476
540
606
632
633
643
649
632
584
518
455
368
225
74
-47
-201
-389
-488
-498
-523
-544
-463
-305
-156
-21
135
283
372
391
396
358
116
-338
-804
-1245
-1807
-2397
-2819
-3137
-3426
-3494
-3278
-3009
-2727
-2312
-1834
-1416
-999
-585
-279
-44
220
459
674
954
1277
1560
1859
2228
2529
2701
2825
2866
2729
2470
2186
1811
1321
860
467
92
-218
-383
-461
-502
-440
-291
-135
23
200
353
463
560
636
669
694
705
666
625
604
539
437
368
284
128
-28
-136
-262
-406
-470
-481
-518
-525
-441
-321
-225
-127
-14
106
201
243
252
216
11
-387
-774
-1140
-1670
-2271
-2674
-2957
-3262
-3381
-3189
-2926
-2708
-2321
-1771
-1303
-934
-522
-120
148
352
617
896
1099
1288
1562
1861
2101
2306
2508
2626
2604
2510
2372
2127
1768
1370
982
584
212
-78
-293
-457
-531
-483
-366
-221
-40
148
299
433
573
670
691
691
698
670
611
569
523
409
267
182
101
-55
-213
-292
-373
-489
-519
-461
-466
-493
-400
-246
-166
-100
56
182
198
207
237
106
-241
-620
-978
-1449
-2008
-2458
-2774
-3059
-3236
-3159
-2921
-2672
-2362
-1905
-1409
-996
-618
-220
118
350
562
821
1062
1245
1439
1684
1926
2126
2302
2458
2535
2493
2367
2190
1929
1562
1147
757
383
30
-238
-395
-483
-520
-451
-281
-99
59
247
446
585
670
748
781
725
635
579
512
378
246
159
80
-25
-102
-140
-216
-333
-399
-403
-431
-490
-509
-471
-417
-341
-218
-77
40
131
219
292
259
56
-262
-610
-1029
-1549
-2058
-2457
-2813
-3108
-3183
-3040
-2846
-2599
-2186
-1683
-1234
-810
-353
38
293
509
765
976
1101
1237
1444
1656
1826
2018
2234
2369
2388
2369
2314
2128
1803
1456
1113
717
310
4
-217
-419
-537
-507
-399
-282
-116
108
314
473
623
754
815
801
765
698
594
487
372
229
88
-18
-117
-232
-318
-376
-454
-531
-538
-504
-511
-516
-445
-344
-283
-197
-43
97
139
172
255
236
20
-276
-546
-921
-1439
-1903
-2241
-2608
-2951
-3039
-2916
-2795
-2599
-2195
-1719
-1309
-882
-413
-35
221
468
726
925
1071
1221
1402
1597
1792
1978
2152
2276
2321
2302
2239
2081
1797
1461
1124
765
386
75
-155
-351
-479
-473
-367
-245
-102
97
310
476
617
735
785
758
693
633
568
465
335
211
112
15
-83
-161
-241
-342
-429
-463
-466
-478
-485
-475
-443
-376
-277
-187
-110
-12
76
109
143
163
-7
-327
-599
-874
-1347
-1848
-2155
-2451
-2828
-2962
-2783
-2640
-2546
-2173
-1634
-1260
-917
-419
11
214
427
734
945
1034
1174
1359
1502
1649
1837
2005
2119
2189
2194
2134
2025
1818
1504
1167
839
483
145
-90
-263
-419
-476
-394
-281
-170
3
212
370
510
659
753
759
738
705
616
490
365
228
72
-54
-159
-265
-350
-415
-471
-512
-516
-514
-507
-480
-442
-397
-308
-196
-107
-10
120
221
254
269
238
41
-281
-576
-901
-1376
-1855
-2170
-2441
-2736
-2835
-2681
-2526
-2381
-2012
-1502
-1121
-797
-344
65
268
462
757
954
1013
1152
1382
1531
1635
1827
2018
2094
2110
2130
2078
1903
1669
1407
1117
789
455
173
-45
-236
-392
-435
-390
-328
-233
-61
133
287
431
588
680
698
691
645
550
435
312
159
10
-98
-205
-324
-390
-418
-479
-525
-489
-443
-453
-422
-336
-286
-257
-158
-50
-4
60
157
187
162
132
-7
-284
-559
-847
-1268
-1704
-2003
-2273
-2558
-2647
-2535
-2424
-2270
-1913
-1493
-1160
-801
-374
-40
195
464
735
910
1057
1238
1390
1510
1647
1767
1844
1905
1944
1923
1858
1765
1602
1365
1121
871
581
292
67
-118
-276
-355
-341
-295
-233
-103
65
204
324
452
553
585
598
601
551
461
363
246
103
-25
-136
-264
-376
-432
-483
-529
-519
-478
-463
-440
-366
-312
-284
-210
-115
-64
2
111
161
140
132
62
-165
-441
-680
-1019
-1456
-1780
-1995
-2271
-2480
-2435
-2302
-2219
-1997
-1580
-1212
-927
-535
-106
167
361
625
858
959
1052
1215
1352
1430
1532
1674
1780
1830
1863
1872
1814
1682
1493
1274
1025
731
431
175
-40
-234
-362
-397
-374
-314
-205
-46
121
262
394
516
587
594
580
542
444
320
203
77
-69
-192
-285
-375
-442
-469
-485
-494
-469
-441
-423
-388
-349
-317
-276
-211
-155
-96
-1
85
109
127
146
58
-157
-366
-588
-944
-1344
-1620
-1852
-2136
-2303
-2251
-2150
-2053
-1801
-1410
-1064
-761
-382
-6
259
467
694
877
993
1085
1193
1299
1389
1468
1547
1633
1696
1701
1674
1636
1534
1349
1141
932
678
386
135
-53
-235
-385
-432
-391
-342
-259
-96
90
227
355
502
596
609
595
573
488
352
216
85
-63
-215
-328
-410
-479
-527
-539
-526
-505
-482
-449
-406
-367
-341
-302
-233
-170
-118
-33
72
126
138
163
135
-18
-226
-419
-685
-1043
-1356
-1578
-1814
-2035
-2090
-2020
-1951
-1820
-1536
-1209
-937
-636
-274
38
262
486
717
879
982
1098
1224
1314
1382
1465
1547
1597
1616
1612
1585
1516
1388
1220
1045
841
600
365
174
-2
-176
-279
-299
-300
-287
-197
-53
65
171
314
438
481
497
519
477
362
250
141
-12
-172
-280
-376
-474
-528
-537
-538
-526
-484
-443
-401
-342
-294
-263
-203
-124
-78
-38
53
129
126
110
124
49
-154
-349
-525
-805
-1157
-1400
-1577
-1802
-1973
-1963
-1865
-1790
-1625
-1313
-996
-740
-447
-104
172
358
548
745
875
945
1031
1141
1215
1260
1321
1404
1457
1463
1454
1440
1375
1241
1090
940
750
528
335
179
26
-111
-179
-186
-185
-162
-77
40
128
210
322
413
429
424
426
374
256
138
36
-104
-257
-356
-427
-502
-542
-526
-495
-468
-416
-345
-285
-238
-189
-140
-93
-46
-12
30
98
138
121
110
101
-10
-218
-393
-584
-909
-1245
-1451
-1642
-1891
-1996
-1910
-1817
-1727
-1460
-1085
-796
-520
-149
182
385
569
779
909
959
1027
1098
1121
1134
1161
1162
1146
1136
1083
1003
941
853
706
581
495
358
210
146
107
34
19
86
147
203
322
454
542
621
697
720
696
650
563
432
283
125
-47
-208
-362
-503
-606
-678
-729
-749
-713
-655
-591
-483
-350
-231
-114
10
112
197
278
324
347
379
369
278
178
80
-131
-439
-697
-948
-1308
-1640
-1813
-1950
-2118
-2134
-1969
-1800
-1618
-1296
-906
-576
-258
90
404
638
813
960
1068
1118
1117
1100
1092
1063
996
940
911
859
774
706
655
569
460
382
321
242
169
155
167
181
226
324
436
531
633
738
811
841
843
815
747
647
516
363
206
42
-141
-319
-458
-577
-696
-770
-773
-757
-726
-633
-494
-361
-226
-71
78
185
265
333
374
371
352
338
291
196
90
-32
-239
-525
-798
-1081
-1435
-1764
-1974
-2138
-2288
-2294
-2137
-1948
-1712
-1345
-922
-553
-192
185
493
706
873
1000
1056
1064
1053
1018
967
926
874
807
766
740
687
631
615
594
539
495
488
463
417
414
436
440
457
512
575
629
695
772
823
854
868
839
774
678
548
379
204
24
-162
-337
-487
-612
-713
-770
-789
-776
-723
-637
-530
-405
-261
-123
3
123
216
283
325
343
329
293
238
145
16
-129
-318
-579
-860
-1126
-1422
-1724
-1939
-2069
-2176
-2194
-2068
-1875
-1648
-1332
-949
-587
-247
100
403
625
800
937
1007
1027
1031
1006
951
904
852
778
716
675
628
576
554
547
521
508
521
529
523
536
564
581
599
639
676
704
733
769
784
779
768
738
671
582
475
344
192
35
-122
-276
-421
-540
-635
-709
-742
-744
-717
-651
-553
-438
-302
-156
-10
119
226
305
342
343
309
248
166
72
-44
-174
-318
-482
-680
-910
-1132
-1353
-1585
-1779
-1887
-1941
-1955
-1860
-1660
-1422
-1149
-816
-458
-141
141
407
622
760
852
906
921
903
857
795
741
683
609
545
512
486
448
436
463
484
490
526
583
615
635
675
719
734
743
768
788
783
771
759
731
681
621
551
466
371
252
133
16
-120
-258
-373
-466
-551
-614
-629
-607
-574
-518
-423
-316
-221
-124
-20
78
143
187
225
231
212
172
122
59
-29
-147
-289
-457
-672
-923
-1170
-1395
-1612
-1785
-1876
-1897
-1860
-1742
-1535
-1276
-979
-655
-327
-25
231
436
589
690
746
765
754
724
684
627
562
501
451
406
386
393
409
442
488
536
585
637
689
739
783
814
834
837
824
806
778
746
713
677
635
586
527
458
376
288
202
111
18
-76
-167
-254
-336
-408
-460
-486
-486
-461
-404
-320
-229
-134
-35
68
143
187
215
218
187
127
65
-4
-98
-226
-353
-504
-713
-957
-1182
-1396
-1630
-1814
-1901
-1920
-1900
-1792
-1563
-1286
-1015
-708
-369
-68
153
341
518
633
670
689
712
702
639
578
554
516
444
395
405
419
414
445
521
590
631
685
764
819
831
844
868
865
821
781
766
732
675
628
598
557
489
417
361
291
194
102
31
-43
-140
-219
-262
-301
-350
-374
-354
-326
-308
-267
-185
-111
-74
-25
52
91
73
69
81
44
-38
-94
-129
-210
-331
-428
-528
-698
-915
-1097
-1253
-1440
-1611
-1683
-1680
-1682
-1624
-1443
-1213
-999
-746
-439
-161
48
226
397
518
563
578
609
616
563
508
500
482
419
381
405
425
430
473
555
637
690
752
835
896
911
920
938
920
858
803
754
687
611
552
505
464
420
373
339
303
238
163
104
25
-77
-157
-207
-265
-318
-333
-328
-322
-306
-265
-213
-167
-134
-88
-38
-18
-20
-21
-28
-60
-117
-164
-195
-244
-324
-399
-469
-593
-778
-956
-1109
-1289
-1477
-1577
-1586
-1585
-1546
-1385
-1151
-953
-729
-433
-185
-15
164
318
391
440
494
495
489
500
480
439
440
440
401
395
437
466
488
550
635
702
752
816
883
913
907
911
906
853
784
742
683
602
545
504
451
401
362
317
265
209
151
78
13
-43
-100
-152
-185
-209
-242
-265
-269
-267
-269
-256
-236
-214
-192
-174
-146
-115
-98
-93
-87
-96
-136
-181
-225
-276
-338
-405
-482
-584
-723
-881
-1026
-1163
-1293
-1371
-1388
-1377
-1333
-1229
-1063
-869
-667
-448
-216
-22
118
229
330
396
424
447
478
485
463
445
442
428
411
414
430
457
488
529
591
663
726
780
844
890
901
893
874
832
774
711
643
578
522
456
399
366
322
268
231
191
136
89
40
-18
-58
-105
-158
-191
-217
-253
-269
-261
-258
-248
-227
-212
-190
-168
-164
-150
-126
-126
-137
-130
-147
-186
-219
-277
-362
-456
-584
-747
-898
-1038
-1187
-1294
-1335
-1350
-1329
-1242
-1119
-970
-772
-580
-399
-201
-31
74
179
281
324
349
394
407
403
413
402
381
391
378
354
381
412
425
480
568
629
694
773
824
855
874
860
830
805
750
692
659
616
553
512
481
422
357
308
250
182
120
61
16
-17
-64
-103
-119
-146
-192
-217
-223
-236
-247
-240
-217
-188
-173
-155
-115
-95
-110
-109
-109
-145
-191
-225
-260
-314
-389
-466
-532
-629
-766
-881
-962
-1057
-1152
-1187
-1170
-1146
-1104
-1014
-868
-713
-576
-430
-246
-92
-1
91
199
274
294
310
346
368
354
331
346
368
355
345
392
446
476
520
598
681
735
778
830
877
883
856
838
812
753
676
619
575
513
448
401
369
325
278
238
205
162
111
65
19
-25
-72
-114
-140
-157
-176
-188
-188
-189
-197
-199
-191
-189
-180
-164
-155
-156
-151
-169
-204
-219
-241
-289
-323
-352
-426
-517
-602
-721
-857
-936
-1022
-1105
-1120
-1107
-1122
-1081
-969
-871
-754
-569
-395
-258
-106
15
86
165
225
235
268
321
326
329
368
378
369
391
410
423
465
497
518
569
617
637
677
730
751
770
801
793
766
742
692
630
584
526
458
419
379
319
274
256
213
166
142
108
58
28
-7
-51
-70
-92
-122
-131
-133
-157
-168
-159
-170
-175
-156
-152
-161
-153
-166
-210
-235
-258
-305
-340
-365
-425
-512
-596
-705
-838
-928
-998
-1066
-1097
-1083
-1071
-1040
-955
-855
-744
-596
-441
-315
-194
-84
-5
63
141
204
252
299
335
348
360
368
365
360
372
379
393
428
465
507
560
609
646
695
732
749
756
756
727
690
658
614
566
529
492
443
397
354
307
261
225
186
143
108
73
36
0
-21
-47
-74
-81
-90
-107
-115
-119
-138
-150
-160
-174
-189
-191
-197
-213
-220
-234
-258
-276
-299
-329
-358
-392
-443
-498
-565
-637
-710
-771
-820
-856
-870
-870
-860
-828
-777
-710
-625
-523
-411
-306
-205
-112
-32
41
107
161
209
245
271
286
296
308
320
334
355
378
401
431
458
485
517
550
580
609
641
658
673
671
660
639
608
573
537
495
454
418
379
342
310
278
243
215
186
152
118
85
45
4
-30
-68
-98
-114
-128
-144
-135
-129
-141
-137
-132
-153
-168
-174
-214
-251
-266
-302
-333
-335
-355
-394
-412
-447
-514
-564
-618
-695
-741
-767
-805
-804
-771
-744
-688
-598
-526
-448
-350
-278
-215
-141
-94
-57
-2
29
49
83
103
113
136
161
171
200
232
257
297
340
377
420
470
512
548
586
613
625
639
639
632
625
609
589
571
542
515
486
456
426
395
363
328
297
262
228
192
158
122
85
47
12
-28
-63
-94
-123
-151
-173
-186
-201
-216
-226
-237
-248
-261
-279
-293
-307
-324
-346
-362
-380
-401
-421
-448
-473
-498
-522
-542
-563
-578
-583
-582
-574
-560
-532
-497
-462
-419
-371
-323
-277
-226
-183
-141
-102
-69
-34
-5
22
52
85
115
148
184
222
261
299
338
378
413
444
474
501
518
536
547
556
560
560
559
553
542
527
515
497
480
460
437
416
394
371
351
328
305
284
255
229
197
165
125
83
42
-1
-47
-87
-126
-163
-194
-221
-246
-267
-289
-309
-335
-367
-400
-442
-491
-539
-593
-646
-697
-738
-770
-788
-795
-785
-763
-727
-677
-621
-560
-497
-431
-369
-308
-256
-204
-161
-119
-81
-45
-8
26
63
102
146
189
238
284
332
376
415
455
486
515
539
562
581
594
605
612
616
619
617
611
600
585
564
538
508
475
435
396
360
321
283
248
213
179
145
108
73
35
0
-36
-77
-111
-148
-183
-215
-245
-271
-293
-314
-329
-342
-354
-366
-378
-389
-401
-414
-430
-450
-469
-485
-497
-507
-511
-511
-504
-494
-478
-454
-422
-388
-351
-312
-275
-235
-201
-165
-136
-113
-89
-69
-50
-34
-16
0
20
44
75
105
140
174
206
241
271
295
317
337
349
359
369
378
387
393
399
405
412
415
417
415
412
402
391
378
366
351
338
329
315
302
290
281
261
241
219
191
162
126
88
48
6
-34
-75
-114
-146
-175
-202
-223
-243
-256
-268
-279
-287
-296
-307
-321
-334
-349
-368
-383
-400
-416
-430
-440
-451
-455
-453
-446
-435
-422
-403
-377
-350
-321
-291
-261
-230
-203
-172
-143
-114
-87
-59
-35
-9
17
46
76
103
134
159
182
206
226
244
263
280
300
318
332
347
362
374
386
400
411
417
423
423
422
420
413
405
394
384
369
349
326
298
267
238
207
173
140
108
75
43
13
-15
-40
-68
-93
-117
-141
-163
-185
-209
-232
-253
-272
-294
-310
-324
-340
-354
-366
-378
-393
-402
-408
-414
-419
-423
-421
-414
-403
-388
-368
-347
-321
-288
-256
-224
-190
-153
-121
-85
-56
-29
0
22
45
67
87
105
121
141
158
171
182
196
208
219
231
240
252
264
273
278
288
293
298
303
307
312
313
316
312
312
308
303
296
287
278
267
254
238
222
199
180
157
130
101
74
45
12
-15
-43
-68
-94
-117
-136
-154
-171
-181
-193
-204
-212
-218
-227
-236
-244
-255
-269
-283
-294
-308
-319
-329
-333
-339
-337
-330
-325
-311
-297
-274
-254
-230
-207
-179
-153
-128
-102
-78
-53
-28
-3
18
40
58
75
91
105
119
129
139
144
149
152
155
158
161
164
168
167
167
169
175
180
181
189
193
199
205
208
210
216
217
218
218
217
212
209
203
193
181
169
153
137
119
100
80
59
40
20
1
-12
-31
-46
-60
-70
-81
-95
-108
-121
-135
-149
-164
-179
-195
-208
-222
-234
-242
-252
-256
-256
-256
-248
-242
-234
-222
-207
-193
-179
-159
-142
-127
-112
-95
-79
-65
-53
-38
-28
-18
-11
0
9
19
29
37
46
55
67
73
81
89
98
107
113
116
121
126
129
132
136
139
145
145
146
148
150
150
152
155
155
152
151
149
140
134
127
118
111
100
90
78
68
54
43
32
22
6
-6
-17
-29
-42
-53
-63
-74
-86
-92
-101
-110
-118
-125
-130
-137
-140
-145
-147
-147
-145
-144
-141
-135
-128
-119
-114
-104
-95
-86
-76
-66
-56
-50
-38
-30
-23
-18
-12
-7
-6
-1
5
10
12
16
16
20
24
25
27
27
30
29
29
28
28
32
36
37
40
45
51
53
58
63
66
69
76
81
85
88
89
92
92
92
90
88
82
78
70
66
59
50
46
39
33
26
21
16
10
4
-1
-4
-8
-11
-14
-17
-19
-20
-23
-29
-29
-31
-32
-35
-38
-42
-44
-44
-47
-49
-50
-53
-54
-54
-53
-57
-59
-58
-58
-57
-56
-56
-54
-54
-50
-48
-45
-43
-39
-36
-34
-32
-28
-23
-18
-13
-9
-4
0
4
9
13
16
22
25
28
30
32
32
33
34
34
35
32
32
30
28
25
21
20
16
9
7
3
0
-1
-6
-4
-7
-8
-5
-5
-5
-1
2
5
7
11
13
16
17
21
23
25
27
29
31
31
31
30
30
28
27
23
22
20
18
11
9
10
8
6
6
4
1
1
-1
-3
-4
-7
-7
-9
-10
-10
-13
-16
-18
-17
-20
-22
-22
-22
-24
-19
-19
-19
-17
-13
-10
-10
-8
-6
-1
3
2
4
7
7
8
9
9
8
8
7
7
4
1
-3
-6
-10
-15
-19
-20
-27
-29
-30
-34
-34
-36
-35
-32
-34
-30
-28
-24
-20
-17
-14
-8
-6
-2
1
3
8
8
13
14
13
14
17
19
20
24
24
22
24
24
25
25
25
25
22
25
22
24
20
19
21
20
20
16
16
13
11
10
8
5
3
1
2
0
-1
-2
-3
-3
-4
-5
-7
-8
-8
-7
-8
-8
-7
-7
-7
-9
-8
-6
-5
-6
-6
-3
-3
-7
-8
-7
-7
-6
-8
-7
-7
-9
-9
-9
-6
-6
-6
-6
-6
-6
-4
-4
-4
-4
-2
-3
-2
-3
