-4
0
-1
-6
-8
-4
-3
-4
-4
-6
-3
0
0
1
-4
0
1
4
4
1
0
0
3
3
1
-4
-1
-1
0
0
-4
-4
-1
0
-2
0
0
1
2
-1
-1
0
2
4
2
1
3
5
5
2
0
1
4
7
4
3
3
1
6
8
5
4
1
0
3
5
1
-1
-1
1
0
0
-4
-3
-4
-1
-2
-6
-4
-4
0
-3
-3
-4
-5
-1
-2
-2
0
-1
1
0
-2
0
0
-3
-1
-1
-1
-4
-1
0
1
1
0
1
2
-1
0
-1
0
0
1
-1
-4
-3
-1
0
-4
-6
-4
-2
-1
0
0
-2
1
5
5
4
1
2
3
1
1
-1
0
2
4
2
1
2
2
2
2
1
1
1
2
3
3
-1
-2
-1
-1
0
0
-1
-1
-1
2
3
-1
0
0
-1
0
-3
-1
1
1
-2
-3
-1
0
1
-2
-3
-3
-3
0
1
1
-2
-1
0
2
5
2
1
1
4
4
2
-1
-3
-2
2
-3
-2
-3
-3
-1
-2
-4
-3
-1
0
-1
0
0
1
4
-1
-1
2
3
4
3
1
-3
-2
1
2
2
-1
0
2
5
5
4
0
-1
0
2
3
0
-1
-2
0
1
-4
-4
-3
0
-2
-4
-6
-7
-1
1
-1
-2
0
4
2
1
-1
-1
1
1
0
-2
-3
0
1
2
0
2
2
3
4
4
2
1
3
3
5
1
-1
0
1
3
-2
-3
-3
1
2
-2
-3
-3
-2
0
-3
-4
-3
0
1
-2
-4
-1
1
3
0
-4
-3
2
2
1
-1
-1
1
3
3
2
2
0
1
2
2
1
-1
-1
-2
-1
1
3
0
1
3
3
1
3
3
1
1
-1
-2
1
3
-1
-3
-7
-2
0
-3
-5
-5
-1
2
-3
-4
-2
1
0
2
0
-1
1
3
2
0
2
1
-1
-2
0
2
-2
0
2
3
4
1
0
-1
1
1
2
3
0
2
3
1
0
-2
-1
-1
-2
0
1
1
0
-3
-1
1
2
1
3
4
3
1
-1
-1
0
-1
0
-1
-1
-2
-2
-1
-1
-2
-2
1
-2
-1
2
-3
-2
-1
-3
-2
-3
-3
-4
-4
-3
-1
0
-2
-1
0
1
1
0
-2
0
0
2
3
3
2
3
4
3
3
2
2
3
1
3
4
2
-3
-1
2
3
2
-2
-1
0
0
-1
0
1
1
0
-3
-1
1
4
1
0
0
1
0
-2
-2
-2
0
2
2
1
-3
-2
0
0
0
-1
-3
-4
-3
-1
-2
-2
-3
-2
0
-1
-1
-1
-1
1
1
1
-1
-3
-2
-3
-2
-2
3
0
-1
-1
1
1
2
2
1
0
0
4
2
0
-1
-2
3
4
3
2
-3
-1
1
2
2
0
0
0
0
-1
-3
-2
1
0
-2
-3
-1
1
6
2
1
1
3
5
2
0
-2
3
3
1
0
0
0
1
1
0
-1
1
1
0
-1
-4
-3
-3
3
1
-1
-1
-2
1
2
-2
-2
-2
1
-2
-2
-1
-3
-1
-2
-2
-5
-2
-1
-1
0
0
-1
-1
2
2
0
1
1
0
0
0
-1
-1
1
5
4
2
0
-1
2
5
3
-1
-2
0
1
1
-1
-2
1
2
1
0
-3
0
-2
1
2
1
1
0
0
2
-2
-2
-1
1
1
-1
0
-2
2
1
-1
1
-2
-1
-1
1
-3
-1
-1
2
2
-1
-1
-1
3
2
3
-1
-1
2
3
2
-2
-2
-2
-1
-1
-4
-3
-2
0
1
-2
-4
-4
-1
1
1
1
3
2
2
1
1
0
1
1
1
2
1
1
2
2
2
-4
-3
0
1
-1
-3
-1
1
4
1
-2
-3
-2
0
1
0
0
2
5
3
-1
-4
-2
2
1
-1
-2
-2
0
3
3
0
1
0
3
3
0
0
-2
0
2
-1
-3
-3
0
1
1
-2
-2
0
0
1
-4
-3
1
1
1
-1
-3
-1
2
0
-2
-4
-3
3
3
2
1
3
6
6
6
3
0
2
3
2
1
-2
-2
-5
-2
0
-6
-10
-4
7
8
0
0
19
32
-1
-36
-8
56
67
-61
-207
-163
26
117
-106
-525
-568
-73
374
154
-498
-654
-99
562
716
140
-381
11
834
1193
770
124
137
711
1168
980
230
-163
137
535
444
-185
-697
-684
-432
-428
-780
-1129
-1208
-1036
-899
-974
-1025
-955
-810
-639
-498
-310
-104
47
150
291
536
768
877
854
843
980
1135
1178
1072
902
857
881
880
772
545
312
169
126
82
-85
-388
-659
-754
-750
-833
-1059
-1306
-1434
-1428
-1354
-1347
-1467
-1579
-1483
-1218
-1030
-964
-898
-773
-551
-222
56
144
202
367
610
887
1099
1024
902
1181
1614
1705
1542
1555
1748
2120
2535
2503
2009
2034
3040
3707
2891
1724
1712
2486
3144
2980
734
-2407
-1854
1739
1427
-3658
-6269
-4747
-3622
-3374
-3647
-6645
-9228
-6232
-2647
-4254
-6351
-4811
-3590
-3317
-1216
264
-741
-315
2099
2880
2798
4088
4980
4279
4093
5060
5819
5250
3599
2866
3729
3690
1856
669
474
-292
-880
-911
-1882
-2817
-2123
-1769
-2781
-2635
-1141
-608
-698
-210
393
1493
3209
3380
2147
2524
4353
5258
4982
3210
581
1124
4490
3699
-1476
-3527
-2086
-2121
-2776
-3115
-6003
-8604
-6342
-4050
-6208
-7770
-6288
-5864
-5999
-3981
-2748
-3599
-2776
-532
-56
268
2289
3355
2699
3002
4444
5268
5465
5201
4240
3864
4696
4969
3801
2384
1478
1219
1560
1274
-276
-1355
-957
-552
-882
-1005
-754
-581
-225
499
1247
1665
1688
1675
2090
3026
4105
3789
985
-861
1824
4498
1340
-3197
-3185
-1884
-2345
-2308
-3196
-6846
-7786
-4260
-3423
-6254
-6508
-4838
-5093
-4720
-2526
-2179
-2939
-1500
190
179
795
2408
2842
2654
3253
3890
4117
4323
4185
3755
3651
3537
3002
2517
2069
1340
774
598
195
-594
-1185
-1210
-788
-535
-968
-1454
-877
386
965
934
1348
2002
2245
2552
3033
3219
3810
4325
2196
-598
1087
4418
2141
-2930
-3637
-2145
-2512
-2760
-3386
-6805
-8395
-5221
-3776
-6435
-7215
-5531
-5405
-5175
-3113
-2486
-3175
-1802
85
172
767
2694
3289
2780
3495
4740
4953
4721
4761
4650
4263
3955
3728
3213
2337
1669
1368
622
-445
-556
-90
-645
-1729
-1721
-941
-349
22
-90
-318
874
2743
2661
1412
1783
3373
4477
4577
2325
-820
410
4679
3562
-2427
-4421
-2259
-1823
-2606
-3355
-6315
-8462
-5794
-3615
-6073
-7672
-5920
-5181
-5403
-3876
-2793
-3192
-2111
-256
-207
85
2233
3479
2962
3036
3996
4685
5257
5388
4491
3771
4163
4499
3812
2609
1632
1368
1497
727
-707
-1023
-447
-760
-1547
-1488
-1118
-797
-97
123
-173
894
2660
2397
1342
2134
3494
4118
4453
2696
-664
157
4474
3602
-2200
-4201
-2404
-2242
-2734
-3169
-6256
-8618
-6079
-3948
-6158
-7579
-6191
-5695
-5537
-3676
-2713
-3412
-2717
-738
382
1195
2201
2435
2626
3857
5014
5197
5035
4837
4649
4828
4991
4437
3491
2707
2130
1893
1732
721
-758
-1054
-319
-294
-1182
-1778
-1616
-776
282
412
-98
611
2117
2285
1741
2255
3239
4010
4156
1872
-952
813
4650
2649
-3067
-4411
-2467
-2128
-2577
-3750
-7220
-8702
-5487
-3828
-6530
-7869
-6294
-5562
-5096
-3373
-2946
-3789
-2468
141
896
845
1876
2856
3234
4166
5211
5158
4742
4971
5201
4929
4700
4383
3433
2459
2171
1993
1382
527
-527
-1345
-1062
-292
-642
-1821
-2159
-1180
170
695
262
324
1598
2549
2403
2325
2858
3879
4829
3164
-546
-291
4198
4242
-1582
-4613
-3055
-2216
-2416
-2990
-6369
-9245
-6656
-3742
-5891
-8172
-7007
-5980
-5567
-3784
-3095
-4276
-3391
-459
734
608
1449
2430
2918
3968
5121
5279
5106
5185
5135
5128
5346
4996
3881
2936
2590
2424
2016
908
-649
-1102
-190
5
-1346
-2314
-1858
-917
-84
224
-290
-172
1520
2649
2096
1839
2625
3568
4634
3922
234
-1082
3116
5085
-56
-4468
-3429
-2116
-2529
-2883
-5244
-8671
-7621
-4336
-5319
-7955
-7341
-5973
-5786
-4517
-3244
-3937
-3699
-1065
642
546
1132
2431
3051
3663
4833
5475
5307
5174
5243
5247
5253
5093
4331
3241
2629
2535
2180
1015
-354
-775
-296
-307
-1340
-2122
-1856
-1221
-660
-236
-279
-211
1028
2291
2090
1715
2446
3400
4347
4743
2098
-1195
944
5433
3213
-3208
-4603
-2230
-1882
-2688
-3985
-7344
-8835
-5752
-4255
-7084
-8377
-6660
-5948
-5649
-4011
-3551
-4258
-2799
-217
480
598
1855
2843
3126
4123
5493
5757
5243
5110
5419
5643
5597
5067
3933
2892
2688
2733
2022
807
-210
-951
-1134
-624
-519
-1540
-2465
-1998
-596
370
207
-176
583
1943
2506
2459
2471
2774
4131
5120
2305
-1289
916
5274
2902
-3087
-4315
-2560
-2271
-2374
-3828
-7927
-9131
-5476
-4286
-7370
-8448
-6893
-6274
-5456
-3872
-4153
-4714
-2414
108
155
170
1691
2961
3536
4302
5020
5405
5676
5632
5401
5524
5719
5285
4256
3233
2765
2709
2299
1248
-19
-1081
-1215
-329
-107
-1602
-2899
-2130
-383
492
180
-328
236
1747
2701
2518
2190
2787
4406
4798
1653
-1148
1587
5323
2341
-3482
-4363
-2315
-1898
-2493
-4472
-8154
-8727
-5266
-4497
-7575
-8556
-6894
-6072
-5380
-4125
-4294
-4514
-2213
93
24
112
1880
3212
3535
4262
5224
5545
5622
5772
5703
5643
5762
5383
4253
3262
2980
2853
2319
1259
-245
-1354
-899
134
-446
-2260
-2915
-1858
-398
348
-124
-831
149
2149
2758
2077
1883
2707
4399
5130
2019
-1460
1027
5519
2937
-3408
-4527
-2210
-1906
-2679
-4279
-7809
-8857
-5518
-4461
-7583
-8609
-6715
-6089
-5783
-4207
-3997
-4530
-2437
84
-30
-22
2014
3343
3392
4258
5355
5448
5640
6127
5824
5473
5878
5647
4295
3365
3202
2891
2348
1386
-364
-1413
-509
246
-1128
-2747
-2566
-1518
-720
-280
-627
-954
465
2344
2238
1463
2035
3100
4172
5003
2847
-849
376
5062
4072
-2101
-4450
-2485
-1738
-2431
-3715
-6822
-8747
-6503
-4711
-6716
-8331
-7423
-6637
-6027
-4617
-4306
-4732
-3073
-704
-375
-273
1530
3082
3355
3885
4927
5624
6058
6177
5785
5698
6134
5916
4819
3836
3289
3009
2806
1741
-291
-1162
-137
171
-1480
-2689
-2177
-1494
-1237
-809
-701
-775
302
1758
1758
1438
2202
2914
3568
4767
3468
-415
-150
4654
4619
-1454
-4219
-2299
-1767
-2516
-2998
-5928
-8911
-6902
-4264
-6300
-8401
-7202
-6496
-6590
-4887
-3837
-4677
-3651
-1039
-461
-428
1435
2859
2911
3726
4986
5426
5875
6249
5669
5472
6280
6221
5009
4093
3428
2809
2763
2294
656
-513
-706
-1303
-1688
-997
-1160
-2764
-3117
-1491
-239
-139
-148
71
657
1891
2909
2603
2201
3679
5216
2875
-768
880
5258
3507
-2518
-3974
-1858
-1832
-2628
-3449
-6904
-9178
-6094
-3913
-6999
-9037
-7237
-6217
-6095
-4646
-4222
-4846
-3045
-526
-421
-194
1843
3058
3206
4161
5225
5669
6218
6304
5707
5933
6632
6073
4816
4033
3417
3043
3000
2040
68
-1089
-847
-424
-773
-1954
-3005
-2640
-1332
-753
-1083
-1161
-386
884
1737
1728
1607
2092
3211
4638
4330
977
-851
2707
5561
1475
-3637
-3280
-1425
-1861
-2700
-4512
-7855
-8082
-4964
-4964
-7997
-8381
-6714
-6319
-5871
-4733
-4626
-4193
-2160
-924
-820
546
2453
2924
3160
4364
5543
6130
6230
5850
5838
6523
6629
5723
4722
3908
3403
3364
2809
1266
-8
-602
-1025
-905
-677
-1788
-3221
-2747
-1186
-559
-757
-927
-553
751
2113
2189
1543
1973
3823
5035
2870
-566
563
4904
4139
-1684
-3975
-1946
-1341
-2236
-3286
-6375
-8736
-6270
-3980
-6648
-8986
-7425
-6129
-6213
-5260
-4560
-4769
-3266
-1032
-772
-486
1531
2864
3047
4010
5164
5561
6127
6503
5954
5911
6670
6401
5174
4320
3669
3095
2978
2341
698
-692
-1216
-1161
-784
-1146
-2790
-3561
-2217
-910
-949
-1168
-895
-118
1242
2165
1843
1638
2677
4245
4725
2596
-147
1146
4947
3750
-1919
-3816
-1567
-1128
-2609
-3934
-6413
-8199
-6154
-4490
-6986
-8952
-7360
-5997
-6142
-5529
-4694
-4346
-2990
-1259
-716
-53
1606
2821
3421
4256
4993
5633
6440
6496
5909
6131
6673
6151
5163
4419
3563
3022
2992
2182
439
-864
-1265
-1102
-815
-1542
-3208
-3568
-2099
-995
-1155
-1456
-1101
99
1552
1965
1589
1894
3026
4370
4929
2750
-236
1405
5589
3917
-2188
-3718
-1221
-1093
-2608
-3779
-6505
-8447
-6115
-4385
-7184
-9114
-7297
-6119
-6463
-5583
-4551
-4430
-3167
-1289
-811
-199
1787
3145
3353
3964
4984
5906
6750
6694
5834
5893
6721
6519
5394
4304
3314
2882
3023
2219
308
-1040
-1418
-1356
-1028
-1459
-3145
-3855
-2354
-892
-998
-1439
-1095
26
1423
2167
1944
1841
2778
4461
5020
2529
-152
1799
5437
3405
-2136
-3442
-1371
-1084
-2320
-4101
-7049
-8125
-5609
-4690
-7556
-8982
-7310
-6259
-6261
-5508
-4839
-4441
-2930
-1283
-750
82
1861
3068
3474
4237
5394
6265
6587
6378
6212
6570
6827
6284
5238
4220
3535
3328
2975
1697
-19
-1060
-1143
-888
-1258
-2545
-3472
-2889
-1815
-1537
-1673
-1497
-750
599
1605
1434
1316
2340
3579
4440
4396
2105
12
2256
5410
2811
-2374
-3134
-1425
-1634
-2576
-3932
-6991
-8328
-5974
-5040
-7508
-8623
-7306
-6699
-6437
-5209
-4598
-4489
-2978
-1173
-543
327
1974
2990
3579
4645
5619
6148
6559
6553
6321
6620
6837
6171
5226
4390
3468
2996
2852
1817
200
-799
-1492
-1890
-1323
-1147
-2849
-4179
-2894
-979
-687
-1183
-1127
-257
1262
2503
2379
1778
2563
4626
5433
2963
26
1325
5022
4161
-1222
-3863
-2137
-971
-2173
-4278
-6818
-8159
-6532
-5108
-7049
-9138
-8144
-6453
-6200
-5942
-5137
-4504
-3338
-1591
-557
63
1469
2961
3665
4355
5442
6249
6586
6687
6612
6623
6747
6402
5461
4476
3758
3337
2921
1712
-167
-1071
-579
-598
-2000
-3136
-2909
-2281
-2023
-1836
-1704
-1536
-547
987
1504
1219
1754
2728
3199
4228
5123
2839
-168
1726
5486
3482
-1997
-3377
-1632
-1553
-2665
-4059
-6740
-8322
-6615
-5402
-7236
-8609
-7708
-6905
-6579
-5502
-4573
-4213
-3101
-1572
-625
549
2225
3147
3520
4516
5758
6460
6765
6714
6444
6603
6861
6308
5231
4335
3586
3032
2599
1419
-313
-1127
-1016
-1383
-2309
-2858
-2993
-2919
-2478
-1983
-1758
-1388
-496
563
1269
1615
2028
2652
3395
4435
5093
3284
457
1501
5315
4399
-1411
-3866
-1605
-788
-2558
-4201
-6310
-8283
-7070
-5115
-6735
-9041
-8167
-6665
-6671
-6010
-4594
-4183
-3645
-1938
-530
365
1811
3080
3574
4359
5616
6491
6898
6868
6476
6549
7001
6644
5541
4556
3619
2889
2655
1919
338
-821
-1536
-2360
-2193
-1299
-2160
-4215
-4012
-1772
-530
-779
-1141
-862
558
2571
3137
2036
1868
3908
5782
4263
711
444
4153
5084
305
-3647
-2657
-993
-1812
-3691
-6077
-8192
-7354
-5141
-6101
-8888
-8912
-6907
-6011
-5860
-5350
-4748
-3597
-1757
-524
58
1234
2784
3847
4615
5378
6049
6735
7087
6770
6543
6776
6583
5670
4706
3860
3059
2572
1985
659
-920
-1720
-1553
-1296
-1971
-3337
-3705
-2568
-1471
-1378
-1596
-1339
-237
1449
2299
1818
1576
2616
4241
5340
4171
861
113
3899
5493
658
-3750
-2674
-1007
-2147
-3606
-5302
-7912
-8036
-5589
-5771
-8463
-8754
-7004
-6445
-6173
-4990
-4289
-3792
-2148
-548
117
1192
2863
3889
4424
5238
6076
6689
7032
6856
6551
6597
6448
5707
4839
3931
2932
2443
2134
750
-1137
-1659
-1111
-1381
-2583
-3287
-3041
-2450
-1930
-1610
-1504
-1122
44
1401
1921
1812
1981
2745
4091
5350
4251
967
329
3873
5232
843
-3313
-2854
-1379
-1862
-3253
-5566
-8175
-7859
-5487
-5847
-8406
-8808
-7276
-6464
-5919
-4985
-4534
-3923
-2206
-580
210
1208
2604
3680
4504
5274
5958
6726
7164
6775
6405
6667
6600
5846
5047
4036
2825
2345
2107
857
-553
-1201
-2054
-2825
-2175
-1651
-3076
-4288
-3101
-1250
-641
-850
-962
-136
1792
3114
2602
1970
3126
5191
5432
2662
333
2292
5282
3128
-1938
-3365
-1762
-1334
-2411
-4614
-7746
-8404
-5741
-5052
-7905
-9284
-7720
-6445
-5988
-5266
-4901
-4351
-2488
-843
-353
638
2434
3559
4099
4766
5481
6457
7308
6877
5928
6157
6768
6228
5022
3906
2933
2534
2407
1316
-462
-1574
-1785
-1667
-1672
-2459
-3608
-3487
-2134
-1237
-1296
-1370
-796
547
1995
2455
2077
2124
3273
5008
5247
2476
158
2360
5214
2630
-2093
-2845
-1596
-1899
-2714
-4201
-7264
-8296
-5888
-5165
-7634
-8720
-7470
-6596
-5968
-4948
-4664
-4288
-2491
-823
-192
841
2356
3302
4097
5055
5688
6283
6914
6798
6319
6384
6433
5875
5083
4061
2914
2384
2118
1062
-330
-1360
-2117
-2226
-1797
-2362
-3821
-3822
-2382
-1690
-1731
-1376
-960
-331
1380
2801
2419
1802
2681
4287
5381
4753
2063
630
3010
4915
1813
-2341
-2717
-1620
-2028
-3199
-5019
-7416
-7720
-5943
-5966
-7907
-8353
-7192
-6424
-5858
-5045
-4457
-3482
-1851
-783
-142
1309
3002
3793
4221
4957
5815
6645
7057
6622
6109
6243
6286
5687
4848
3845
2742
2127
1733
774
-347
-1188
-2191
-2776
-2223
-1969
-3189
-4025
-3004
-1661
-1187
-1030
-946
-517
1190
3144
3071
1783
2088
4213
5881
4879
1705
265
2845
4985
1946
-2651
-3384
-1853
-1751
-3077
-5264
-7772
-7963
-5807
-5486
-7714
-8632
-7296
-6097
-5498
-4818
-4307
-3478
-1804
-446
159
1269
2944
3951
4358
4949
5747
6542
6995
6655
6040
5985
6088
5613
4726
3648
2519
1885
1638
837
-511
-1595
-2249
-2383
-2008
-2204
-3367
-3740
-2453
-1252
-1163
-1223
-754
294
1870
2898
2553
2053
2847
4514
5574
4385
1396
532
3329
4626
928
-2993
-2999
-1871
-2306
-3557
-5540
-7810
-7814
-5972
-5967
-7800
-8338
-7194
-6153
-5475
-4740
-4027
-3037
-1695
-508
504
1757
3114
4109
4625
4999
5803
6867
7118
6450
5988
6066
5982
5464
4606
3406
2340
1895
1532
534
-827
-1864
-2188
-2011
-2152
-3039
-3688
-3138
-2075
-1571
-1566
-1413
-684
683
2074
2536
2233
2214
3068
4484
5450
4335
1556
684
3078
4373
1312
-2513
-3156
-2217
-2281
-3288
-5179
-7550
-8016
-6288
-5741
-7325
-8131
-7194
-6232
-5555
-4534
-3651
-2965
-1772
-444
502
1710
3299
4223
4386
4837
5842
6723
6951
6484
5842
5646
5782
5520
4574
3268
2168
1691
1420
591
-632
-1516
-2181
-2749
-2569
-2097
-2663
-3667
-3286
-1866
-954
-664
-569
-379
828
2823
3530
2626
2377
3618
5037
5382
3705
1121
1106
3628
3537
-439
-3261
-3012
-2501
-2875
-4007
-6563
-8589
-7406
-5641
-6647
-8282
-7908
-6746
-5851
-4799
-4161
-3813
-2411
-587
243
973
2499
3762
4332
4949
5589
6087
6708
6920
6300
5740
5724
5522
4909
4090
2885
1724
1333
1011
-43
-1079
-1681
-2521
-3073
-2495
-2086
-2966
-3619
-2788
-1578
-810
-353
-321
-76
1517
3334
3373
2549
2849
4084
5155
5105
3048
848
1689
3904
2614
-1404
-3405
-2880
-2454
-2992
-4669
-7270
-8333
-6792
-5761
-6976
-8085
-7581
-6552
-5534
-4483
-3890
-3362
-2025
-472
518
1473
2763
3820
4478
5039
5587
6161
6652
6587
6008
5598
5522
5247
4507
3459
2344
1593
1328
815
-552
-1937
-2121
-1620
-1908
-3027
-3522
-2796
-1835
-1539
-1599
-1301
-514
568
1754
2506
2420
2330
3086
4113
4634
4691
3565
1448
1149
3227
3342
-245
-3107
-2970
-2583
-3183
-3973
-5835
-8190
-7983
-6040
-6208
-7826
-7761
-6653
-6155
-5263
-3763
-3056
-2639
-1220
374
1245
2270
3698
4510
4702
5270
6225
6731
6571
6200
5892
5563
5254
4930
4141
2774
1691
1379
1057
151
-896
-1856
-2649
-2555
-1878
-2232
-3531
-3606
-2201
-1260
-1167
-865
-444
-18
1384
3104
3209
2430
2826
3931
4493
4939
4486
2044
535
2400
3697
802
-2723
-3342
-2981
-3281
-3740
-5386
-8087
-8493
-6462
-6011
-7613
-8094
-7086
-6225
-5326
-4142
-3476
-2844
-1340
170
940
1851
3310
4456
4914
5207
5720
6384
6822
6637
5980
5445
5272
5112
4478
3274
2013
1333
1151
706
-478
-1937
-2521
-1961
-1590
-2529
-3623
-3200
-1881
-1243
-1270
-1101
-624
269
1765
2878
2717
2421
3102
3946
4389
4925
4443
2008
579
2302
3572
985
-2511
-3527
-3272
-3331
-3633
-5167
-7885
-8749
-6968
-6006
-7178
-7959
-7309
-6478
-5522
-4126
-3219
-2850
-1751
-65
1031
1789
3069
4318
4776
4982
5597
6338
6677
6461
5872
5379
5287
5154
4402
3185
2120
1547
1301
767
-540
-1923
-2095
-1443
-1654
-2939
-3529
-2644
-1538
-1306
-1512
-1293
-446
780
1933
2451
2421
2702
3461
3947
4232
4815
4475
2295
848
2155
3286
1109
-2156
-3395
-3361
-3444
-3749
-5151
-7686
-8654
-7149
-6258
-7315
-7971
-7239
-6491
-5785
-4445
-3313
-2822
-1827
-245
833
1643
3057
4355
4687
4852
5629
6430
6671
6503
6054
5480
5238
5221
4650
3384
2192
1525
1176
770
-92
-1513
-2518
-2181
-1507
-2077
-3307
-3333
-2137
-1207
-1042
-1012
-675
189
1614
2775
2842
2570
3056
3904
4375
4730
4598
2890
1056
1592
3066
1876
-1379
-3321
-3535
-3529
-3680
-4628
-6992
-8721
-7864
-6467
-6869
-7797
-7628
-6929
-6094
-4790
-3626
-3058
-2200
-758
475
1435
2662
3901
4616
5003
5444
6038
6651
6836
6299
5593
5389
5369
4853
3817
2663
1768
1369
1096
102
-1441
-2114
-1632
-1485
-2472
-3351
-2978
-1938
-1374
-1437
-1402
-702
434
1416
2014
2418
2862
3403
3764
3829
4154
4843
4308
2021
679
1908
2787
605
-2546
-3915
-3890
-3681
-3960
-5701
-8271
-8884
-7199
-6333
-7381
-8156
-7512
-6437
-5402
-4276
-3421
-2742
-1540
-15
1094
1952
3158
4408
5067
5302
5706
6381
6869
6771
6157
5522
5271
5170
4628
3456
2177
1380
1114
803
-212
-1745
-2532
-1975
-1448
-2281
-3458
-3201
-1875
-1040
-1009
-1030
-637
371
1854
2869
2803
2620
3183
3897
4287
4758
4691
2900
994
1458
2899
1883
-1217
-3377
-3818
-3699
-3737
-4764
-7041
-8660
-8071
-6902
-7035
-7687
-7632
-7085
-6306
-5090
-3785
-2860
-2049
-985
218
1436
2741
3970
4769
5094
5394
6040
6797
7041
6558
5803
5402
5358
5068
4124
2829
1833
1412
1158
259
-1297
-2184
-1745
-1349
-2270
-3443
-3297
-2127
-1254
-1244
-1539
-1121
258
1567
2010
2223
2827
3483
3802
3890
4072
4591
4615
2907
826
1095
2549
1477
-1794
-3938
-4273
-4111
-3984
-5051
-7811
-9487
-8132
-6481
-7040
-8168
-8042
-7113
-5820
-4356
-3540
-3162
-2008
-264
963
1803
2929
4171
5094
5563
5734
6136
6920
7253
6611
5784
5451
5278
4871
4079
2828
1670
1259
939
-263
-1494
-1610
-1420
-2107
-3032
-3104
-2442
-1676
-1323
-1534
-1501
-353
1186
1862
1986
2476
3164
3611
3890
4157
4404
4444
3493
1760
1085
1914
1848
-493
-3151
-4278
-4169
-3963
-4735
-6908
-8876
-8701
-7257
-6842
-7678
-8263
-7730
-6300
-4788
-3949
-3495
-2525
-988
460
1564
2511
3508
4601
5496
5849
6012
6532
7087
6949
6195
5537
5321
5187
4531
3206
1838
1203
1192
766
-714
-2339
-2548
-1611
-1402
-2591
-3591
-3084
-1650
-580
-491
-875
-585
866
2522
3250
3176
3096
3387
3968
4628
5004
4447
2704
1127
1247
2125
1249
-1439
-3716
-4519
-4518
-4499
-5400
-7491
-9049
-8601
-7520
-7504
-7930
-7724
-7105
-6291
-5079
-3790
-2734
-1615
-400
617
1616
3003
4499
5449
5671
5686
6151
7032
7493
6988
5996
5346
5188
4999
4233
2896
1655
1081
784
-124
-1458
-2022
-1744
-1873
-2844
-3441
-2861
-1794
-1258
-1452
-1583
-685
1003
2076
2054
2158
3106
4114
4302
3982
4029
4623
4610
2964
1036
955
1917
1110
-1745
-4239
-4925
-4448
-4311
-5734
-8240
-9545
-8570
-7173
-7210
-8092
-8292
-7345
-5746
-4300
-3462
-2822
-1697
-158
1248
2331
3333
4424
5414
5967
6120
6368
6947
7326
6902
5915
5203
5045
4840
3955
2531
1348
896
682
-235
-1694
-2368
-1923
-1709
-2571
-3449
-3154
-1936
-938
-908
-1346
-861
855
2308
2509
2491
3209
4060
4296
4168
4245
4639
4686
3277
1113
463
1499
1362
-1224
-4126
-5397
-5223
-4737
-5342
-7587
-9620
-9374
-7857
-7238
-7589
-7852
-7521
-6352
-4589
-3241
-2525
-1559
-167
1076
2171
3411
4612
5520
6051
6167
6277
6849
7403
7110
6115
5247
4854
4610
4012
2831
1493
668
312
-333
-1428
-2163
-2178
-2180
-2671
-3095
-2903
-2228
-1458
-973
-906
-545
694
1952
2357
2685
3577
4172
4073
4065
4354
4571
4669
3822
1538
5
941
1682
-562
-3821
-5324
-5408
-5163
-5257
-6821
-9247
-9730
-8078
-7188
-7772
-7923
-7155
-6236
-5073
-3679
-2638
-1644
-144
1222
1957
2815
4280
5662
6266
6215
6132
6525
7209
7353
6539
5372
4684
4511
4202
3204
1769
705
303
-144
-1170
-2091
-2185
-2023
-2477
-3141
-3103
-2293
-1339
-896
-1082
-977
353
2046
2561
2355
2904
3980
4430
4232
4010
4088
4508
4365
2473
196
50
1230
465
-2489
-4985
-5792
-5556
-5236
-6035
-8183
-9687
-8999
-7634
-7376
-7668
-7367
-6525
-5465
-4228
-2989
-1792
-438
861
1772
2530
3710
5241
6342
6451
6075
6183
6870
7308
6923
5883
4761
4143
4034
3648
2457
1036
159
-340
-889
-1449
-1837
-2209
-2603
-2850
-2817
-2434
-1699
-1016
-894
-943
-217
1252
2345
2624
2824
3406
3955
4182
4206
4196
4298
4353
3429
1352
-64
457
1109
-521
-3632
-5736
-5989
-5363
-5208
-6514
-8782
-9881
-8769
-7158
-6824
-7273
-7154
-6207
-4883
-3463
-2135
-980
98
1158
2143
3108
4277
5565
6383
6325
5909
6043
6745
7079
6431
5217
4248
3870
3734
3162
1903
564
-123
-268
-667
-1618
-2418
-2423
-2065
-2186
-2654
-2617
-1826
-919
-499
-415
-36
958
2093
2692
2855
3227
3879
4223
3974
3686
3883
4169
3415
1480
-80
-47
477
-542
-3058
-5310
-6036
-5609
-5337
-6323
-8180
-9194
-8532
-7321
-6835
-6892
-6644
-5815
-4653
-3421
-2225
-1001
274
1357
2146
2916
4027
5310
6169
6244
5871
5799
6258
6655
6339
5335
4247
3564
3292
2984
2246
1132
41
-712
-1080
-1230
-1379
-1709
-2253
-2730
-2692
-1971
-1040
-630
-837
-919
-162
1222
2309
2560
2467
2826
3624
4070
3813
3457
3647
3988
3387
1538
-204
-394
383
-45
-2450
-5185
-6329
-5738
-4969
-5616
-7601
-9104
-8755
-7350
-6484
-6490
-6541
-5957
-4760
-3454
-2387
-1323
26
1297
2076
2606
3467
4774
5988
6390
5912
5431
5751
6471
6563
5667
4359
3445
3235
3214
2619
1410
223
-513
-868
-1061
-1270
-1588
-2009
-2451
-2664
-2278
-1325
-554
-559
-906
-647
531
1952
2693
2607
2494
2991
3710
3878
3569
3484
3728
3522
2125
210
-627
-4
317
-1332
-4203
-6170
-6199
-5207
-4976
-6407
-8419
-9057
-7934
-6529
-6071
-6231
-6075
-5185
-3879
-2653
-1615
-464
832
1862
2446
3001
4014
5371
6321
6259
5570
5313
5854
6438
6192
5059
3750
3040
2999
2903
2115
845
-235
-784
-963
-1076
-1355
-1777
-2179
-2411
-2341
-1866
-1145
-644
-605
-670
-258
791
1940
2512
2505
2546
3001
3498
3578
3363
3339
3512
3206
1810
35
-662
-79
92
-1521
-4146
-5950
-6011
-5141
-4979
-6318
-8068
-8515
-7519
-6438
-6105
-6082
-5622
-4643
-3562
-2703
-1832
-531
1037
2140
2503
2751
3642
5088
6181
6207
5520
5144
5507
6049
5971
5079
3903
3116
2860
2659
2070
1161
239
-512
-993
-1176
-1216
-1363
-1750
-2236
-2414
-1961
-1111
-515
-524
-721
-404
593
1689
2249
2301
2373
2721
3043
3064
3003
3181
3317
2705
1143
-347
-607
75
-1
-1811
-4345
-5784
-5506
-4608
-4682
-6099
-7627
-7889
-6966
-6002
-5645
-5526
-5072
-4263
-3458
-2722
-1715
-238
1210
1935
2001
2274
3398
4986
5970
5771
4974
4687
5258
5955
5881
4940
3800
3132
2979
2846
2313
1438
554
-136
-584
-807
-889
-1024
-1382
-1886
-2143
-1820
-1071
-488
-461
-712
-618
116
1126
1820
2000
1966
2039
2192
2285
2400
2659
2797
2268
924
-461
-879
-313
-31
-1149
-3287
-4959
-5226
-4523
-4096
-4700
-5908
-6689
-6536
-5822
-5117
-4615
-4196
-3786
-3403
-2952
-2144
-849
556
1442
1619
1613
2119
3273
4496
5050
4776
4246
4127
4496
4894
4848
4286
3505
2868
2508
2294
2015
1563
927
235
-290
-490
-463
-462
-710
-1119
-1342
-1119
-589
-176
-116
-217
-118
324
871
1221
1351
1427
1486
1405
1172
1041
1203
1379
1054
60
-1035
-1450
-1124
-848
-1367
-2534
-3540
-3843
-3554
-3252
-3340
-3711
-4013
-4066
-3915
-3608
-3111
-2516
-2038
-1833
-1767
-1488
-756
229
1001
1293
1288
1385
1792
2371
2823
2949
2806
2601
2471
2429
2406
2325
2158
1911
1617
1333
1111
1001
979
953
837
645
474
412
474
579
601
516
398
337
325
320
290
234
170
91
-26
-168
-269
-293
-285
-334
-476
-650
-751
-746
-691
-687
-793
-952
-1046
-1010
-914
-887
-955
-1043
-1070
-1030
-975
-940
-917
-898
-881
-868
-838
-761
-655
-575
-540
-520
-471
-384
-282
-195
-137
-96
-57
-7
59
140
218
262
282
309
367
455
538
588
602
621
678
763
841
878
876
871
888
935
977
986
957
904
853
826
827
815
763
663
554
478
451
440
389
285
168
93
69
68
44
-23
-109
-177
-206
-212
-219
-257
-320
-390
-448
-476
-491
-513
-566
-645
-719
-765
-787
-801
-836
-895
-954
-987
-986
-976
-976
-992
-1004
-993
-949
-885
-828
-780
-731
-664
-569
-458
-346
-244
-151
-52
56
180
305
415
512
589
662
746
831
906
957
979
990
1001
1018
1032
1024
993
948
904
864
829
791
739
674
612
562
521
486
447
401
354
314
287
260
232
194
150
104
59
17
-26
-80
-152
-230
-304
-375
-439
-513
-597
-681
-761
-832
-888
-936
-983
-1024
-1059
-1076
-1078
-1066
-1039
-1004
-960
-906
-841
-762
-674
-575
-478
-383
-284
-185
-78
28
123
208
288
365
438
500
552
590
622
647
662
674
677
673
660
645
630
618
600
579
560
540
524
514
505
495
484
475
472
471
464
455
442
428
408
380
346
303
258
205
142
69
-9
-87
-170
-261
-358
-449
-537
-620
-702
-775
-841
-899
-942
-972
-988
-995
-986
-967
-938
-893
-834
-767
-690
-606
-518
-424
-330
-232
-139
-46
44
126
204
271
335
393
440
472
499
521
533
540
539
531
520
504
487
469
454
440
425
417
412
411
414
421
428
438
447
457
463
466
462
453
435
409
375
334
280
213
143
70
-6
-90
-178
-262
-343
-414
-482
-551
-611
-664
-701
-725
-744
-756
-757
-744
-721
-692
-655
-609
-551
-492
-438
-376
-315
-253
-187
-129
-75
-21
27
70
108
140
171
196
213
226
241
247
252
255
251
249
243
239
236
227
223
222
230
236
238
240
255
273
294
306
313
327
334
341
343
332
315
297
270
238
196
153
110
60
5
-50
-100
-147
-193
-237
-277
-303
-327
-345
-355
-365
-361
-354
-344
-329
-312
-285
-253
-222
-194
-165
-136
-100
-70
-39
-17
4
28
48
62
71
80
88
87
84
80
76
71
60
51
37
26
20
14
6
1
-3
-1
7
14
20
32
51
68
84
98
114
128
142
150
150
151
148
147
134
113
94
80
64
41
15
-14
-33
-49
-70
-88
-102
-114
-119
-127
-131
-128
-122
-112
-105
-96
-86
-72
-56
-40
-26
-13
-2
8
20
31
38
44
47
49
54
52
47
47
39
31
27
20
16
8
-1
-8
-16
-18
-24
-26
-32
-34
-36
-31
-26
-25
-20
-16
-6
6
12
21
29
36
46
51
54
60
61
60
54
50
47
35
26
19
10
-1
-11
-20
-31
-39
-44
-49
-52
-55
-55
-50
-47
-44
-39
-37
-30
-22
-16
-9
-5
3
7
16
21
25
27
27
28
30
33
31
29
23
21
18
15
8
4
0
-2
-8
-10
-12
-15
-16
-13
-14
-14
-13
-13
-7
-6
0
4
5
8
12
16
18
11
13
18
17
14
11
7
4
4
0
-6
-10
-10
-13
-15
-17
-19
-18
-19
-18
-19
-17
-12
-8
-5
-5
-7
-1
6
10
10
7
7
12
16
17
15
16
13
15
14
14
10
11
8
4
5
-1
-1
-1
-3
-5
-7
-10
-11
-9
-6
-7
-10
-6
-3
0
-1
1
5
4
9
8
7
8
9
11
9
9
8
8
6
5
1
-2
0
-1
-6
-8
-9
-12
-12
-11
-9
-16
-16
-14
-11
-8
-11
-10
-7
-6
-4
-2
0
2
5
1
4
6
7
9
11
11
9
10
11
10
10
8
6
2
5
4
4
1
-4
2
3
-1
-5
-5
-3
2
0
-1
-1
0
2
2
1
2
2
5
8
5
4
4
5
5
3
5
2
0
2
1
-4
-4
-6
-6
-7
-7
-11
-10
-7
-7
-8
-8
-6
-3
0
-1
-3
-1
3
3
1
1
1
3
6
5
5
3
0
2
3
1
1
2
2
1
1
0
0
2
2
0
-4
-3
-1
1
2
-3
-5
-1
-1
0
1
3
3
5
5
4
5
4
5
6
6
8
6
4
4
1
1
1
2
0
-1
-3
-6
-8
-4
-4
-7
-7
-7
-7
-7
-5
-4
-2
-5
-2
-1
-2
1
2
1
-1
0
4
6
5
5
3
1
4
8
4
3
0
0
1
-1
-1
-2
-1
-4
-6
-7
-8
-4
-2
1
-2
-4
-3
-1
4
2
2
5
2
5
5
5
5
7
9
7
9
7
8
7
5
3
2
-1
0
-1
-4
-4
-4
-6
-8
-11
-13
-11
-9
-7
-7
-8
-8
-6
-4
-3
-1
0
4
3
4
4
7
7
5
3
3
5
5
7
8
5
-2
0
1
2
1
-3
-1
-2
-2
-2
-5
-3
-3
-1
-4
-7
-3
-1
-2
0
0
2
3
4
5
4
5
6
8
9
8
8
8
4
3
1
1
-1
-3
-7
-7
-9
-7
-7
-11
-9
-7
-7
-7
-6
-5
-3
-2
-1
-1
2
7
4
5
4
6
7
6
4
2
2
4
7
3
1
0
1
2
0
-1
-4
-2
-2
-4
-6
-8
-5
-4
-4
-6
-3
-4
-4
-1
0
1
3
8
7
4
5
5
9
9
5
1
2
4
5
1
0
1
1
0
-2
-4
-5
-5
-7
-8
-6
-7
-4
-5
-2
-3
-4
-2
-2
2
0
4
5
7
8
6
5
7
8
7
7
6
4
3
3
2
1
-3
-3
-4
-3
-3
-4
-6
-7
-6
-6
-5
-7
-7
-4
-3
-2
-3
-5
2
3
6
5
2
1
3
5
5
2
0
2
2
3
1
-2
-2
-3
0
-2
-4
-5
-4
-4
-6
-4
-5
-3
-1
-4
-3
0
3
4
6
3
3
6
9
10
6
6
7
10
8
5
3
5
3
4
2
1
-2
-4
-3
-2
-6
-8
-5
-4
-3
-5
-6
-2
-3
-2
-3
-4
-5
-2
0
1
0
1
2
1
4
1
3
4
1
0
-1
-1
3
-1
-1
0
-5
-2
-1
-2
-3
-7
-9
-5
-4
-6
-5
-4
0
4
0
-2
2
2
4
4
1
3
4
7
6
5
6
5
5
5
2
2
1
0
0
-3
-4
-3
-4
-2
-1
-3
-3
-3
-4
-1
-3
-2
1
2
2
-1
3
5
3
5
4
5
2
2
0
0
1
-2
-4
-2
0
0
-1
-3
-1
-2
1
-1
-3
-3
-3
-1
-1
0
-1
0
-2
-3
0
0
2
2
0
-1
-2
-2
1
0
0
0
-2
-2
0
3
-1
-3
-3
-3
3
2
0
1
3
2
2
2
0
1
0
-1
0
1
1
0
0
1
0
-1
-2
1
0
-1
-3
-1
1
1
-1
-2
-2
0
0
2
1
-3
-1
3
3
-1
-1
1
3
5
2
-1
-1
3
6
3
2
-1
-2
1
-2
-3
-4
-4
-3
-3
-3
-2
-3
-4
0
1
0
-1
-3
-2
2
1
2
-2
0
4
3
0
1
2
2
1
1
1
1
2
3
1
2
3
1
0
-2
-3
0
-4
-3
-1
-2
-3
-4
-2
-1
-1
-1
0
0
2
1
2
0
2
5
4
1
3
2
0
1
1
1
-1
-1
-1
-2
-6
-4
-4
-2
-4
-4
-6
-7
-5
-1
-2
-5
-3
-3
1
0
1
2
2
2
1
5
5
3
4
6
6
5
4
3
2
3
3
3
4
4
1
-4
-5
-2
-1
-2
-5
-6
-8
-2
-3
-3
-4
-1
1
3
3
0
1
4
8
7
3
2
3
1
2
3
0
-1
-2
0
-1
-3
-5
-1
-4
-4
-4
-7
-7
-6
-4
-7
-6
-2
-2
-2
-2
-1
0
5
2
3
0
0
5
6
4
1
1
2
5
6
2
-1
0
3
1
-2
-3
-1
4
1
-2
-4
-4
-1
2
2
-1
-2
0
1
-1
0
0
-1
2
6
3
4
2
1
5
2
0
2
1
2
3
1
-5
-4
-3
-1
-2
-5
-4
-5
-6
-7
-7
-5
-2
-3
-4
2
1
1
1
2
1
2
4
0
1
4
5
3
4
4
3
0
-1
1
0
-2
-3
-1
-1
0
1
0
-2
-4
-3
0
-1
-1
-3
-2
-1
-1
1
2
4
3
2
3
4
6
5
3
1
4
0
2
1
-1
-3
-4
-3
-2
-2
-3
-2
-2
-1
-2
-2
-5
-4
-3
-3
-1
-2
-1
-1
1
4
2
2
1
5
4
2
2
2
4
0
-1
1
4
3
0
-3
-2
-2
-4
-4
-5
-5
-3
-3
-4
-5
-5
-3
-1
-1
0
-1
1
4
2
2
4
6
6
6
3
0
1
1
2
1
-2
1
3
3
-3
-3
-2
-1
-1
-1
-2
-3
0
-1
0
2
2
0
1
0
1
1
-2
2
3
3
-1
-1
1
1
3
1
-3
-2
-1
1
2
-2
-3
0
1
1
-2
-2
-1
-2
-1
0
-3
-3
-2
-2
0
-2
-2
-2
0
-1
-2
-3
-1
2
3
0
-1
1
2
5
3
2
1
1
1
1
-1
-1
-2
-1
-2
-3
-2
0
-1
1
-1
0
-2
2
4
1
1
2
6
3
4
1
0
3
2
3
3
0
0
2
3
3
-2
-3
-2
-1
-2
-3
-5
-3
0
0
-1
-4
-6
-3
1
0
-3
-4
2
1
0
1
2
1
1
0
-1
-1
0
-1
-2
-2
0
-2
0
-1
-4
-3
-4
-1
0
-1
-5
-3
-2
2
1
-2
0
1
3
1
2
4
5
6
7
2
1
5
6
8
5
3
1
2
1
3
1
-3
-1
-1
-2
-3
-3
-3
-2
-2
0
-2
-3
-2
-2
-4
-1
0
-2
3
2
1
1
-1
1
2
2
1
0
-3
-2
-1
-3
-4
-3
-4
-5
-4
-4
-5
-4
-1
-3
-4
-4
1
2
0
-1
-1
0
0
3
6
3
3
5
3
5
6
6
5
6
3
3
0
-1
0
0
2
-1
-2
-1
-2
-4
-4
-2
-2
0
-2
1
-2
0
2
2
2
1
1
2
1
-3
1
3
2
2
1
-1
-4
-4
-1
-2
0
-3
-3
0
-1
-1
-4
-3
-1
-1
-2
-1
-1
-4
-1
0
0
0
0
-1
-1
2
1
1
1
2
3
1
-1
0
2
0
0
0
0
0
1
0
-2
-3
-1
-2
-3
-3
-3
-4
-2
0
3
3
2
1
4
4
3
1
4
4
3
3
0
1
2
3
3
3
3
-1
-1
1
-2
-2
-1
-2
-3
-2
-4
-3
-3
0
3
-1
-3
-4
0
-2
1
0
-1
0
1
2
1
-1
0
0
1
0
-1
-2
-2
2
0
-3
-3
-2
0
0
-2
-5
-5
-3
2
0
-2
-4
-3
2
2
0
1
-1
1
0
0
2
1
2
3
2
2
2
4
1
3
2
3
4
2
-1
-3
-3
-1
1
-1
-2
-2
-3
0
0
-3
-2
-2
1
1
-1
-1
0
5
6
4
3
2
3
3
4
-1
-1
-1
0
2
1
-3
-2
-2
-2
-1
-3
-3
-4
-3
-2
-1
-1
-1
-2
-2
-2
-4
-1
-1
-1
-2
-3
0
-1
1
-3
-1
-1
0
1
1
3
3
3
3
4
1
1
1
3
3
1
0
1
0
-3
-2
-1
-1
0
1
0
1
-2
1
4
4
2
-2
-2
0
2
1
1
0
3
3
3
2
0
1
-1
1
-3
-2
-1
-3
-2
-3
-4
-3
-2
-2
-4
-4
-2
0
0
-1
-2
-2
-3
-1
1
0
2
1
0
1
2
-1
-2
-2
2
3
0
0
-6
-6
0
6
6
2
0
4
11
10
0
-11
-9
-7
-4
-5
-8
-7
-7
-7
1
10
10
-2
-5
2
9
8
10
16
13
4
8
18
15
6
4
6
-1
-14
-20
-24
-32
-31
-13
3
-3
-7
13
32
22
-3
-12
-9
-9
7
25
12
0
26
63
55
30
45
58
23
18
78
45
-78
-51
126
37
-197
-52
208
-692
-2634
-2910
-243
2600
2138
-332
-759
1261
2291
830
-423
659
1953
960
-1042
-1198
216
471
-1045
-2161
-1765
-1051
-955
-695
-383
-937
-1496
-376
1696
2217
1159
732
1464
1497
636
739
1888
1828
320
-582
-182
-50
-635
-580
145
28
-1096
-1620
-1019
-380
-306
-210
-177
-551
-856
-586
-2
387
664
736
246
-331
-283
153
438
566
679
355
-631
-1360
-1052
-515
-532
-477
-236
-698
-1708
-1793
-810
-111
-80
145
536
174
-628
-448
679
1124
522
178
651
754
-113
-234
907
1288
461
184
813
693
-349
-240
1042
932
-577
-911
263
601
-313
-436
664
1081
449
565
1619
1906
1208
967
1487
1642
901
237
687
1307
867
270
520
721
519
419
386
47
-419
-573
-447
-749
-1572
-1680
-1040
-1013
-1425
-1205
-1145
-1784
-1940
-1190
-554
-757
-832
-237
-434
-1868
-2335
-1473
-1662
-2273
-1582
-1202
-1922
-1779
-877
-915
-1621
-1854
-1833
-2264
-2277
-1242
-762
-995
236
1668
705
-268
802
1147
84
422
1674
1578
1322
2610
3774
3564
3449
3891
3301
2058
1793
2012
1221
803
1857
2303
1657
1727
2357
1761
705
744
1029
540
157
832
1375
920
962
1785
1453
219
283
707
-467
-1681
-1079
-336
-1235
-1746
-616
-187
-1286
-1568
-994
-1544
-2547
-2154
-1495
-1984
-2237
-1550
-1227
-1508
-1354
-874
-1013
-1328
-1099
-1011
-1468
-1763
-1519
-1430
-1848
-1808
-1167
-1021
-1264
-854
-308
-613
-959
-378
-41
-849
-1389
-795
-320
-592
-152
1197
1573
950
1236
2260
2210
1536
1809
2154
1000
-102
608
1588
1485
1473
2097
1988
844
469
1406
1917
1413
1276
1563
973
128
588
1404
1051
284
90
-217
-960
-948
-73
346
-153
-587
-696
-937
-990
-543
-8
4
-596
-1046
-888
-600
-335
146
444
9
-744
-1004
-770
-618
-685
-533
-385
-759
-1074
-494
450
680
515
783
712
-83
-356
214
482
256
209
93
-333
-594
-515
-370
-203
-143
-331
-616
-608
-278
-37
-10
189
362
27
-408
-180
362
342
160
462
746
413
331
989
1337
884
667
1071
1142
704
646
915
583
-260
-672
-535
-655
-1041
-1000
-715
-972
-1500
-1346
-804
-801
-1017
-793
-685
-1149
-1452
-1132
-960
-1172
-1095
-752
-761
-899
-597
-215
-125
37
382
424
207
226
305
81
-35
253
418
288
481
985
1062
965
1484
2115
2007
1750
2014
1904
1138
860
1236
1104
470
377
641
429
162
574
1007
728
280
257
262
-87
-319
-204
-258
-761
-1279
-1277
-979
-877
-878
-687
-556
-995
-1449
-1134
-616
-670
-934
-771
-771
-1258
-1266
-459
115
79
211
517
336
-39
195
744
880
744
731
642
326
274
664
1084
1230
1146
909
594
286
112
98
109
-8
-411
-890
-1093
-1080
-1071
-896
-505
-404
-768
-970
-735
-685
-849
-569
-162
-484
-1135
-1104
-730
-881
-987
-340
124
-389
-738
-114
332
-50
-61
594
518
-358
-444
272
344
-72
319
1062
911
540
1087
1886
1782
1430
1694
1804
1098
502
690
810
335
-31
180
272
-40
-45
469
765
575
466
662
678
386
304
438
355
18
-113
61
83
-142
-193
-92
-263
-624
-725
-677
-970
-1405
-1498
-1511
-1720
-1752
-1419
-1128
-1081
-948
-618
-415
-408
-254
-45
-121
-303
-238
-79
-135
-284
-266
-189
-287
-280
-41
174
183
201
397
564
591
703
991
1130
965
823
843
815
608
552
682
564
267
200
330
344
265
310
374
201
-15
10
112
64
-24
-3
-34
-135
-138
-21
38
-18
-54
-66
-104
-70
44
107
134
206
345
485
587
667
680
555
311
90
-62
-226
-418
-607
-810
-1030
-1143
-1099
-923
-724
-557
-428
-357
-341
-321
-239
-134
-142
-243
-365
-542
-752
-862
-804
-702
-675
-702
-752
-868
-947
-830
-597
-450
-414
-439
-570
-706
-632
-337
-18
175
258
183
27
13
237
553
720
739
636
426
297
404
708
996
1145
1210
1183
1089
1116
1341
1608
1727
1683
1546
1262
972
884
927
960
853
639
371
73
-68
71
322
493
584
582
475
341
357
512
582
511
342
70
-291
-577
-660
-671
-736
-841
-927
-1055
-1184
-1182
-1080
-984
-942
-937
-939
-945
-943
-853
-751
-689
-675
-672
-623
-588
-589
-555
-486
-473
-466
-370
-264
-211
-148
-28
69
95
118
182
222
188
131
87
29
-73
-154
-154
-161
-170
-127
-70
-82
-92
-58
-4
51
102
145
162
109
26
-2
-27
-39
-42
-42
-41
-56
-70
-48
15
80
154
233
297
325
350
404
464
507
549
581
588
558
523
524
555
597
625
635
612
555
554
653
722
749
759
722
673
637
650
703
729
700
622
520
402
314
281
251
164
42
-94
-224
-332
-393
-404
-430
-487
-551
-587
-590
-555
-483
-391
-365
-391
-412
-435
-438
-449
-454
-480
-568
-682
-770
-818
-857
-864
-839
-834
-854
-859
-842
-803
-763
-738
-719
-732
-769
-800
-827
-850
-858
-851
-833
-821
-796
-748
-699
-638
-544
-431
-320
-216
-126
-65
6
107
216
320
425
515
599
675
749
838
938
1039
1129
1196
1248
1288
1321
1347
1349
1355
1373
1375
1367
1350
1310
1264
1223
1188
1159
1141
1089
1009
940
869
794
724
652
549
431
325
213
82
-38
-144
-266
-407
-539
-666
-792
-918
-1033
-1122
-1224
-1332
-1391
-1442
-1492
-1510
-1486
-1448
-1423
-1376
-1298
-1206
-1105
-993
-859
-735
-634
-533
-414
-306
-207
-96
-6
55
116
163
192
209
215
227
244
228
211
200
186
186
196
221
253
286
318
340
371
414
470
512
552
597
631
637
625
605
582
544
492
440
379
298
220
147
67
-13
-70
-112
-145
-182
-218
-223
-211
-185
-140
-101
-73
-23
32
82
124
149
160
164
143
114
88
42
-15
-76
-138
-203
-257
-302
-333
-349
-338
-319
-314
-287
-245
-196
-145
-89
-37
5
32
51
62
48
31
21
13
-14
-47
-85
-130
-165
-177
-180
-189
-189
-182
-163
-147
-114
-65
-16
19
49
87
127
161
199
222
242
249
242
235
222
215
207
204
189
149
106
71
38
14
10
14
20
10
-15
-47
-78
-95
-87
-54
-40
-32
-23
-37
-62
-77
-63
-42
-23
-1
11
0
-16
-13
-8
13
25
69
85
75
52
20
-1
-12
-2
13
23
19
9
-4
-30
-44
-31
-13
22
59
87
92
76
48
47
50
53
58
51
15
-28
-62
-92
-113
-126
-127
-130
-140
-147
-146
-144
-136
-125
-96
-58
-29
-6
14
25
34
35
39
42
49
59
63
61
41
18
3
-17
-27
-23
-17
-25
-28
-24
-31
-33
-25
-12
-7
1
8
10
7
5
9
14
18
20
21
14
12
15
18
31
28
27
38
46
41
32
33
30
26
27
23
16
14
12
12
11
7
4
3
1
-2
8
12
10
15
21
23
11
3
1
-1
-3
0
-2
-13
-17
-15
-13
-13
-16
-17
-11
-9
-11
-7
-6
-3
5
11
16
19
21
17
19
17
11
12
14
11
2
-5
-7
-17
-23
-21
-19
-21
-22
-24
-20
-26
-31
-28
-26
-22
-21
-16
-18
-28
-28
-21
-20
-22
-18
-15
-16
-24
-29
-34
-38
-34
-25
-11
-8
-13
-11
-5
-9
-5
3
14
19
19
22
18
21
25
30
32
34
38
40
43
45
40
32
24
18
16
18
15
8
4
3
3
2
2
-2
0
5
7
12
24
30
24
19
16
14
12
10
10
11
6
4
-4
-19
-21
-11
-2
2
1
-1
-12
-22
-28
-30
-19
-8
0
-5
-13
-18
-15
-10
-12
-11
-14
-9
-13
-11
-15
-12
-12
-15
-24
-29
-25
-22
-16
-9
-8
-16
-18
-16
-12
-12
-5
4
12
16
22
19
16
15
13
15
13
12
16
13
7
11
12
12
9
11
13
14
17
23
21
11
3
3
1
-2
-5
-6
-10
-12
-10
-6
-8
-10
-8
-5
-2
-4
-1
2
2
4
4
0
-3
0
4
6
3
-1
-3
-2
-3
-6
-2
-1
-1
-2
-5
-9
-13
-13
-9
-7
-8
-10
-9
-4
-4
-6
-9
-5
-2
0
2
6
3
1
1
-4
-5
-5
-1
2
6
7
9
8
5
4
8
14
18
21
15
14
11
7
7
11
11
8
8
5
0
2
2
3
4
2
5
7
1
-2
-3
-5
-5
-6
-5
-3
-5
-10
-11
-12
-15
-18
-17
-14
-13
-15
-12
-14
-17
-12
-11
-9
-9
-5
3
2
0
-2
-4
-3
-3
-3
-2
1
0
0
0
1
5
7
6
7
9
13
14
14
15
16
12
10
9
6
8
3
0
-1
-2
2
4
2
0
-2
-4
1
2
2
8
6
7
6
3
1
-1
-5
-5
-2
0
2
0
-2
-4
-10
-15
-16
-11
-6
-3
2
2
1
-2
-2
-3
-5
-4
-1
0
2
5
3
1
-2
-3
-5
-3
-4
-7
-8
-6
-5
-5
-8
-6
-3
-1
0
4
10
10
9
8
4
3
5
4
5
3
4
0
0
-2
-5
-5
-6
-3
0
0
-1
-2
-4
0
4
5
6
7
8
7
5
3
7
8
10
7
3
2
4
1
3
2
4
2
1
-1
-2
-1
-6
58
-30
-35
1
-35
-11
-10
-1
19
19
-23
-14
2
-33
-18
27
8
-3
5
9
-2
-8
-20
-7
10
-3
-1
18
15
-1
5
-6
-20
-20
-11
-7
-3
-4
3
12
3
-12
-4
8
3
8
12
15
14
13
10
9
3
-1
1
5
-2
1
10
10
6
2
1
-2
-4
-8
-5
-3
-4
1
3
-5
-10
-13
-16
-14
-12
-9
-1
5
3
4
5
0
-5
0
4
6
8
13
15
13
7
1
-2
-5
-1
4
6
5
7
9
8
0
-5
-5
-6
-4
-5
-2
1
-1
-5
-6
-8
-10
-6
-1
1
1
1
2
-1
0
-1
-4
-3
1
7
6
5
4
0
2
1
-3
-3
1
-1
-5
-8
-3
-3
-5
-5
-6
-4
-5
-1
-3
-5
-4
-2
1
0
1
3
-1
0
2
5
7
6
4
1
1
4
4
6
7
7
9
3
0
-1
0
1
1
0
3
3
2
4
6
4
3
3
2
-1
0
1
-2
3
3
0
-3
-2
-3
-1
-2
-4
-1
-3
0
-1
-1
-2
-3
-4
-4
-4
-5
-2
-5
-4
-3
-3
0
1
1
4
6
6
7
10
10
10
12
13
9
8
6
3
0
0
-2
-6
-6
-6
-8
-13
-13
-10
-8
-8
-6
-4
-3
-6
-4
-3
-3
-3
-5
-4
-6
-2
0
-3
-3
-2
-2
-4
-5
-2
-1
-2
4
6
8
10
9
10
14
12
10
13
13
11
9
10
10
3
3
-2
-4
-7
-7
-8
-7
-4
-4
-5
-4
-4
-5
-4
-4
-1
5
6
5
3
4
5
5
1
-3
-2
-5
1
0
1
2
-1
0
-1
-1
-2
-2
3
5
6
4
3
2
-1
-2
-5
-8
-7
-4
-6
-9
-10
-8
-4
-1
1
-2
-1
3
8
7
9
11
9
10
9
9
3
2
1
1
-1
-3
-4
-7
-5
-4
-9
-11
-7
-5
-3
-3
-3
-4
-1
2
4
2
1
0
0
-1
1
-2
-3
-4
-5
-6
-6
-2
-1
1
2
4
3
5
10
8
9
11
16
19
15
12
8
12
12
8
4
0
1
-1
-6
-9
-11
-11
-12
-11
-12
-13
-11
-8
-3
-5
-3
-4
-5
-6
-1
0
-1
-2
-1
0
-2
-3
-2
1
4
5
4
3
3
3
7
5
3
4
8
4
1
3
2
3
0
-1
1
0
-1
1
1
-3
-4
-3
-3
-2
-6
-8
-3
0
1
1
1
4
6
7
7
6
7
8
7
6
5
4
5
3
4
4
2
0
-3
-1
-3
-3
-4
-2
0
-2
-4
-5
-5
-5
-6
-6
-5
-8
-10
-11
-12
-11
-8
-8
-8
-6
-4
-1
-2
-2
2
3
3
7
8
7
14
9
10
10
10
10
7
8
5
4
2
-1
2
1
-1
-5
-2
-6
-5
-5
-4
-5
-7
-6
-5
-1
1
1
2
2
6
7
8
10
12
13
14
12
10
10
6
3
3
0
-4
-4
-7
-9
-9
-8
-10
-11
-10
-10
-10
