-1
1
-1
-3
-5
1
3
0
-3
-4
1
4
6
0
-2
-2
0
0
-2
-2
-2
2
1
0
2
-1
1
0
-1
-1
1
-4
-5
1
4
4
-1
-4
-2
3
2
-3
-5
-3
3
2
1
-3
-4
1
2
1
-4
-1
1
3
2
1
-1
-2
3
3
0
-1
-2
-1
-2
1
1
-2
-3
2
2
4
2
-1
2
5
4
4
1
0
5
7
3
-4
-4
-1
2
0
-1
0
1
2
1
-1
-1
-2
-2
0
2
2
-2
-3
-1
2
0
-4
-7
-5
-1
1
-2
-6
-5
-4
4
0
-4
-3
2
4
2
-4
-3
0
1
2
4
0
0
3
3
4
2
0
0
3
6
1
-2
-2
0
2
3
-1
-4
-2
1
4
4
-4
-6
-1
2
5
2
0
0
4
6
2
-3
-4
1
5
2
-3
-3
1
1
-1
-2
-2
-2
0
1
2
1
-1
-2
2
0
0
-2
-3
-3
1
3
-2
-5
-4
0
0
-2
-2
-7
-5
0
0
-5
-4
-4
2
2
-2
3
-1
1
2
4
3
0
3
5
3
2
-1
-1
0
3
1
-1
0
1
4
3
2
-1
-2
0
1
3
0
-3
-1
3
4
0
-6
-1
2
5
1
-2
-2
1
4
2
-3
-5
0
1
1
-2
-1
0
2
3
1
1
-3
-2
2
5
-2
-5
-6
0
3
-1
-5
-5
-2
1
0
-1
-4
-1
4
1
0
-5
-3
6
4
3
-4
-4
2
2
1
-3
-4
-3
0
2
1
-3
-4
1
0
5
1
-2
-2
1
6
4
1
-3
-1
4
6
1
-3
-4
4
6
2
-1
-4
-1
2
2
-3
-5
-3
-2
2
2
0
1
0
3
4
0
-5
-4
-2
4
4
-1
-7
-5
0
3
-2
-8
-6
2
6
6
-1
-4
3
5
4
1
-3
-1
3
6
3
-2
-1
-2
4
6
3
-3
-5
1
5
2
-4
-6
-5
2
7
0
-7
-9
-1
5
3
-4
-8
-2
3
4
-1
-6
-5
4
6
0
-2
-2
1
6
6
0
-3
-5
1
4
2
-5
-6
-3
3
1
-5
-8
-8
0
7
4
-4
-5
0
7
8
0
-5
-3
4
9
4
-2
-2
1
7
7
-4
-4
0
3
5
2
-1
-3
1
4
4
1
-1
-2
1
2
2
-3
-6
-3
0
3
-4
-11
-6
0
4
2
-4
-4
2
6
6
-3
-4
0
2
6
0
-6
-4
1
3
4
0
-2
-1
1
2
3
-2
-4
-2
1
4
-1
-7
-4
2
6
6
-4
-6
2
6
2
-5
-7
-1
2
3
-1
-5
-5
2
4
1
-3
-5
-1
3
7
2
-2
-2
2
6
1
-5
-7
-4
-2
3
-2
-11
-8
0
6
3
-5
-7
-3
6
8
2
-4
-2
6
8
4
-2
-2
3
8
6
2
0
2
4
5
2
1
0
-2
2
3
4
0
-3
-1
3
1
-3
-5
-4
0
1
-2
-7
-9
-3
1
3
-2
-4
0
4
5
3
0
1
3
5
2
-1
-2
-1
0
-2
-1
-6
-6
-2
-1
-3
-5
-3
-3
-2
-2
-2
-4
-5
-1
2
3
0
-1
0
5
4
1
0
4
5
4
2
-1
-2
0
4
3
-2
-2
1
4
3
1
-1
1
1
1
0
-1
1
1
1
-1
2
-1
1
2
2
2
3
1
2
3
2
0
-3
0
4
1
-1
0
-2
-3
-1
0
-3
-3
-1
-1
-2
-2
-2
-2
-4
-5
-4
-2
-3
-3
-6
-2
-2
-2
-6
-8
-4
2
1
-1
-3
-1
3
2
1
2
4
7
8
6
2
1
7
7
7
1
0
0
1
5
1
2
-3
-1
2
0
1
-2
-3
1
5
2
-5
-6
-3
4
3
0
-3
-4
2
2
0
-3
-4
-1
1
-1
-5
-6
-4
-1
2
-1
-3
-6
-2
2
0
-3
-5
-2
3
6
2
-1
2
6
7
2
-1
1
0
5
2
-4
-7
-6
-2
1
-2
-10
-8
2
5
2
-2
-2
3
8
10
7
1
5
11
11
2
-4
0
2
6
1
-3
-9
-8
0
3
-3
-12
-14
-3
10
7
-11
-17
1
19
12
-7
-11
0
15
18
9
-3
-6
7
12
4
-4
-6
-2
7
6
1
-3
-5
-7
-2
4
2
-16
-27
-5
5
-2
-26
-34
-16
-8
-2
-30
-43
-27
-4
8
-12
-30
-42
-11
23
20
-11
-38
-26
10
45
40
2
-25
1
46
65
31
-7
-8
38
65
43
9
-1
5
95
69
10
-50
-6
43
100
-38
-884
-836
213
772
-447
-1312
-684
149
539
375
-280
-712
92
1090
853
322
171
439
389
504
764
691
362
117
70
-249
-213
182
141
-373
-661
-395
-71
141
-12
-401
-212
412
763
620
475
561
828
1292
1570
1385
1230
1495
1740
1793
1843
1746
-1204
-3139
-1084
2524
381
-4297
-5918
-5017
-2981
-1006
-2252
-6759
-7420
-3162
-1067
-1858
-2666
-2962
-2520
331
2554
1412
605
2191
3403
3630
4145
4296
3158
3288
4633
3931
1801
1610
2599
1602
-193
-523
-1097
-1816
-1365
-1192
-2705
-3322
-2074
-1309
-1368
-953
-619
-174
1471
3159
3159
2930
4227
5213
5994
6433
6825
6187
6915
4965
-1731
-3183
3467
5880
-3449
-9563
-7655
-6487
-6240
-4747
-8223
-14824
-12208
-4827
-5219
-8438
-7412
-5987
-4799
-339
2061
-223
249
4322
5755
5598
6999
7770
7035
7486
7696
6723
6244
6299
4603
1633
165
-118
434
-626
-3436
-6439
-6442
-4107
-3567
-5194
-6978
-6192
-4057
-2303
-1931
-2743
-1824
575
3099
3344
3301
4173
5483
6498
7062
7296
7085
7031
6992
6554
5984
5860
5579
4697
2521
-419
-2592
-2809
-2491
-3876
-6704
-9593
-10628
-9563
-8345
-9219
-10993
-11176
-9552
-7357
-5555
-4890
-4686
-3195
-443
1947
3257
4117
4878
6012
7425
8403
8532
8281
7957
7233
6729
6187
5177
2277
-155
283
881
-1229
-4638
-5790
-5502
-5023
-4925
-5990
-6837
-5955
-3800
-3646
-3543
-1967
-61
1127
1907
3233
4055
5560
6948
7187
7062
7788
8658
8346
7412
6916
6488
6738
6241
5752
1523
-4559
-5715
-1345
-68
-6826
-11964
-12471
-11168
-9432
-8394
-11154
-14850
-12410
-7446
-5986
-6295
-5739
-4377
-1826
2061
3834
3598
4801
6961
8256
8803
9525
9415
9297
8212
6261
5972
6787
5256
1526
-254
-526
-1416
-2581
-3527
-5453
-6959
-6498
-5306
-5200
-5685
-5835
-5863
-3797
-1038
547
242
521
2559
4831
6719
7321
7095
7089
8027
9082
8813
7998
7084
7010
6715
6900
2608
-3661
-4691
-195
-198
-7120
-11192
-11163
-10739
-9727
-9039
-11983
-14985
-12066
-7903
-7389
-7679
-6509
-4796
-2171
1305
2611
2730
4556
7115
8083
7929
8637
9369
9673
8883
7770
6943
6529
5598
3538
1421
217
-242
-1239
-2981
-4782
-5733
-5514
-4938
-5341
-6377
-6689
-5499
-3081
-1681
-1232
-1365
243
2881
5060
5733
5743
6365
7613
8431
8708
8147
8113
7956
8467
6384
295
-2768
221
3076
-2505
-8864
-10367
-9535
-8651
-8233
-10640
-14936
-14358
-9680
-7890
-8800
-9085
-7680
-5091
-1223
1096
848
1538
4286
6880
8186
9047
8873
8341
9396
10470
9622
7639
6615
5665
4298
3308
2007
-91
-1817
-2431
-3572
-4809
-5490
-5846
-6749
-7195
-5522
-4540
-4066
-3730
-2168
-533
1410
3389
4200
4610
5979
7533
8137
8445
9105
9038
9531
6605
1404
-20
4170
4738
-2441
-7575
-7843
-7361
-7411
-7712
-11011
-14997
-13384
-9376
-8985
-10432
-10200
-8618
-6065
-2614
-977
-1043
438
3632
5883
6962
7967
8200
8840
10116
10605
9415
8222
7967
6914
5414
4133
2839
1202
-182
-1390
-3259
-4301
-4954
-5262
-6590
-6530
-5611
-5087
-4491
-3674
-2236
-987
857
2631
3482
4504
5916
7101
7738
8742
9462
9823
6050
1547
1706
6055
5337
-1773
-6256
-6463
-5799
-5640
-6903
-11062
-14371
-12070
-8906
-9227
-10846
-10796
-9187
-6334
-3519
-2635
-2322
-37
2619
4116
5824
7268
7787
8324
9630
10068
9326
8899
8468
7160
5850
4939
3740
2089
768
-815
-2453
-3547
-4160
-4847
-6051
-5923
-5491
-5135
-4784
-3866
-2765
-1441
295
1828
2573
3768
5121
6246
6909
8057
8838
9551
8168
2944
451
3799
7069
2031
-4903
-6891
-6116
-5434
-5562
-8420
-13163
-13740
-9909
-8332
-9825
-10934
-10088
-7977
-4634
-2656
-2791
-1826
1230
3675
4780
6056
7058
7883
9034
9781
9319
8793
8805
7994
6529
5299
4489
3164
1831
136
-1716
-3018
-3767
-3786
-5132
-5928
-5926
-5083
-4392
-4082
-3191
-2046
-247
1429
2391
3144
4455
5799
6680
7522
8420
9046
9027
4902
730
1733
6044
4153
-2863
-6581
-6661
-5940
-5533
-7210
-11673
-14110
-11330
-8738
-9250
-10541
-10538
-8954
-5938
-3085
-2482
-2393
-84
2848
4729
5811
6837
7324
8392
9775
10054
9030
8481
8260
7220
5986
5036
3745
2280
1061
-432
-2245
-3432
-3575
-4099
-5448
-5827
-5463
-4673
-4033
-3250
-2525
-1572
443
2075
2837
3701
4564
5647
6682
8027
8428
8560
8057
3483
242
2315
5840
2179
-4620
-7089
-6670
-6023
-6181
-8475
-12642
-13832
-10653
-8773
-9556
-10662
-10159
-8126
-4856
-2539
-2418
-1748
972
3679
5080
6198
7052
7596
8932
10148
9884
8689
8494
8177
6978
5864
4756
3270
1853
713
-730
-2906
-3415
-3514
-4360
-5450
-5660
-4950
-4631
-3444
-2356
-1904
-917
1033
2723
3463
4352
5040
5838
7064
8503
8719
8789
5324
634
536
4993
4969
-2106
-7041
-7349
-6278
-5799
-7289
-11273
-14273
-12329
-9137
-9151
-10498
-10831
-9305
-6349
-3352
-2505
-2496
-387
2592
4697
5723
6868
7347
8221
9790
10436
9528
8526
8324
7662
6505
5525
4074
2566
1211
93
-2132
-3428
-3211
-3624
-4815
-5817
-5184
-4700
-3845
-2671
-2171
-1374
371
2287
3036
3779
4778
5794
6738
7982
8452
8764
8047
3302
-142
2071
5882
2086
-4913
-7643
-7305
-6574
-6409
-8980
-13426
-14512
-11044
-9236
-10230
-11190
-10707
-8607
-5287
-2793
-2515
-1772
825
3470
5327
6677
7708
7831
8699
10377
10835
9888
8703
8015
7125
6526
5618
3893
1812
387
-1214
-2467
-2534
-3282
-4888
-6083
-5313
-4545
-4323
-3747
-3065
-2074
-463
1595
2730
2989
3871
5006
6526
7587
8297
8026
8604
7810
3040
10
2535
5230
612
-5562
-7707
-7545
-6927
-7017
-9969
-14114
-14372
-11083
-9688
-10510
-11347
-10814
-8261
-4873
-2830
-2463
-1273
1334
3831
5793
7043
7874
8107
9228
10690
10934
9888
8773
8118
7174
6479
5433
3617
1629
439
-1254
-2526
-2897
-3563
-4848
-5841
-5236
-4899
-4385
-3523
-2665
-1751
-322
1556
2548
3055
4154
5219
6457
7352
8179
8083
8818
7878
2679
-251
2507
5227
435
-5582
-7721
-7749
-7155
-7030
-9995
-14264
-14412
-11123
-9846
-10691
-11394
-10911
-8515
-5114
-3010
-2434
-1157
1453
3573
5439
7172
8320
8413
9139
10560
11073
10317
9177
8193
7232
6558
5843
3956
1885
378
-1374
-2165
-2666
-3521
-5159
-5828
-5083
-4714
-4387
-3793
-3004
-1877
-67
1717
2395
3015
4147
5286
6543
7416
8171
7978
8690
7870
2906
-23
2301
4845
505
-5527
-7734
-7795
-7317
-7458
-10229
-14134
-14507
-11649
-10254
-10798
-11411
-10977
-9051
-5480
-2652
-2037
-1575
572
3508
5882
7709
8060
8016
9483
11263
11405
9984
9327
8657
7769
7045
5810
3745
2087
652
-1015
-2256
-2905
-3551
-4921
-5471
-5404
-5115
-4223
-3343
-2569
-1826
-209
1752
2745
3459
4169
5161
6623
8033
8729
8348
8611
5792
1455
879
4387
4037
-2386
-6980
-7662
-7126
-6985
-8374
-12354
-15266
-13372
-10591
-10641
-11910
-11878
-10588
-7555
-4005
-2821
-2861
-983
2373
4826
6364
7556
7858
8787
10679
11579
10686
9594
9304
8636
7607
6633
5065
3172
1713
-65
-1511
-2222
-2931
-4111
-5365
-5276
-4928
-4779
-4082
-3294
-2268
-1053
725
2019
2643
3667
4830
6033
6809
7798
8205
8570
8738
4863
552
943
4549
2902
-3451
-7365
-8148
-7599
-7090
-8955
-13158
-15128
-12763
-10614
-10733
-11559
-11638
-10286
-6727
-3337
-2548
-2512
-366
2871
5274
6803
7873
7988
8820
10888
11670
10592
9250
8810
8265
7505
6478
4578
2577
1485
-179
-1742
-2447
-3104
-4231
-5359
-5244
-5052
-4733
-3695
-2882
-2123
-1003
810
2442
3218
3850
4507
5629
7234
8238
8257
7926
8422
5038
864
607
4149
2811
-3446
-7381
-8141
-7636
-7546
-8972
-12763
-15115
-13051
-10558
-10566
-11568
-11771
-10301
-6728
-3195
-2373
-2640
-464
2893
5354
6834
7853
8034
8588
10670
11765
10912
9497
8651
8188
7569
6654
4725
2454
1322
-167
-1399
-2287
-3288
-4570
-5410
-4989
-4934
-4825
-4135
-3028
-2015
-860
728
2108
3129
4201
4920
5735
6891
8024
8430
8455
8654
4835
600
796
4291
2791
-3383
-7460
-8234
-7704
-7355
-8947
-12907
-15165
-13175
-10602
-10521
-11588
-12038
-10229
-6556
-3297
-2728
-2679
-310
2965
5400
6877
7824
8448
8637
10124
11501
11442
10063
8540
7678
7271
6739
5319
2763
1031
-152
-1571
-2397
-3315
-4250
-5479
-5479
-5103
-4774
-4119
-3316
-2309
-1042
862
2316
2939
3719
4628
5856
7008
8004
8441
8214
8920
5841
1478
494
3647
3361
-2333
-6627
-8161
-7940
-7557
-8654
-12324
-15038
-13672
-11196
-10741
-11428
-11880
-10885
-7479
-3771
-2554
-2637
-864
2270
4955
6845
7953
8361
8957
9802
10951
11373
10880
9244
7571
7003
6790
5822
3640
1283
-261
-1746
-1940
-2629
-4061
-5614
-5879
-4821
-4536
-4085
-3735
-2800
-1140
676
1994
2683
3540
4617
5526
6579
7358
8123
8228
9062
7130
1874
-291
2678
4404
-650
-6064
-8147
-8371
-7688
-7798
-10949
-14886
-14542
-11478
-10391
-11088
-11731
-11281
-8508
-4392
-2210
-2450
-1531
1523
4473
6508
7802
8364
8659
9894
10826
10662
10503
10012
8524
6774
6193
5840
4282
2260
267
-1304
-2718
-2747
-3230
-4842
-5874
-5668
-4541
-4147
-3691
-3049
-2222
-205
1954
2898
3144
3865
5062
6143
7288
7948
8043
7766
8732
5934
1229
-276
2790
3102
-2421
-6979
-8924
-8627
-7916
-8639
-12244
-15249
-13870
-11319
-10589
-11200
-11549
-10565
-7302
-3301
-1886
-2123
-612
2601
5500
7298
8122
8375
9066
10615
11167
10596
10090
9377
8144
6751
6103
5064
3440
1660
25
-1653
-3093
-3139
-3979
-5190
-5747
-5303
-4733
-4313
-3262
-2712
-1594
466
2225
2973
3321
4546
5497
6716
7571
7940
7795
8541
8597
4201
-15
452
3907
1974
-3957
-8165
-9109
-8273
-7744
-9462
-13591
-15454
-13169
-10677
-10594
-11647
-11607
-9816
-5894
-2671
-2035
-1964
354
3711
6167
7460
8175
8702
9689
10771
11102
10522
10032
9098
7669
6368
5748
4608
2922
890
-602
-2411
-3435
-3294
-4300
-5394
-6228
-5279
-4698
-4082
-3200
-2489
-972
1006
2636
3131
3829
5024
5987
7019
7747
8171
8147
8586
8001
3656
64
878
3542
1046
-4958
-8450
-9379
-8340
-8120
-10313
-14243
-15404
-12776
-10896
-10814
-11530
-11480
-9272
-5280
-2208
-1850
-1415
1188
4367
6651
7793
8384
8943
10214
11329
11224
10415
9905
9014
7712
6525
5465
4150
2417
909
-1095
-2257
-3752
-4297
-5114
-5495
-5472
-5937
-5250
-4441
-3231
-2322
-1030
1008
2301
3450
4058
4762
5734
7037
8252
8135
8071
8221
8677
5011
491
12
2364
1743
-3328
-7743
-9891
-9450
-8230
-9733
-13433
-15503
-13799
-11524
-10655
-11026
-11352
-9866
-6130
-2708
-1465
-1056
808
3744
6207
8012
8959
9452
10106
10926
11422
11126
10462
9288
7776
6728
5860
4618
2697
745
-1013
-2261
-3504
-4393
-5033
-5774
-6070
-6185
-5549
-4615
-3657
-2728
-1643
337
2240
3350
4082
4641
5717
6908
7938
8237
8326
8425
9100
6601
1566
-851
1716
3048
-1634
-7137
-10007
-9870
-8563
-8775
-12390
-15975
-15042
-12030
-10559
-11068
-11492
-10788
-7517
-3270
-1274
-1154
-58
3059
5952
7898
9110
9364
9783
10898
11805
11519
10538
9596
8181
6972
6052
5016
2975
1148
-736
-2069
-3355
-4607
-4939
-5921
-5836
-6182
-5822
-5189
-4129
-2640
-1706
-63
1586
2968
4178
4954
5822
6348
7790
8428
8755
8829
9153
7505
2441
-324
1210
3176
-421
-6142
-9402
-10015
-9133
-8887
-11415
-15212
-15867
-13077
-10927
-10901
-11424
-11130
-8521
-4290
-1484
-1048
-406
2311
5413
7608
8963
9509
9846
10783
11659
11658
10751
9845
8558
7288
6141
4942
3250
1280
-187
-1874
-3104
-4834
-5190
-5751
-5999
-6194
-6266
-5483
-4637
-3044
-1832
-638
894
2544
4036
5197
5848
6270
7006
8438
9222
8852
8251
8584
6171
1315
-403
1737
1936
-2975
-7789
-10039
-10179
-9121
-9777
-13318
-16065
-14686
-12005
-11017
-11194
-11205
-9999
-6655
-2827
-1063
-671
969
4049
6664
8332
9386
9989
10539
11265
11640
11218
10485
9504
7993
6468
5292
4046
2293
397
-1210
-2853
-3639
-5102
-6328
-6718
-6125
-5497
-6123
-5606
-4572
-2893
-1094
452
1759
2739
4370
5603
6311
6767
7586
8486
8825
9077
8750
8566
5182
784
-661
1525
1482
-3589
-8313
-10640
-10544
-9658
-10038
-13253
-16170
-14947
-12079
-10729
-10798
-10608
-9457
-6436
-2370
-105
398
1585
4395
7068
8804
9983
10459
10651
11124
11521
11298
10313
9156
7557
5979
4675
3501
1755
-58
-1974
-3433
-4605
-5743
-5717
-6580
-6685
-6724
-5896
-4860
-4140
-2548
-1276
462
2179
3720
4903
5740
6600
7286
8109
8736
8908
8831
8491
8945
6250
926
-1541
460
1649
-2774
-8182
-11143
-11454
-9950
-10114
-13066
-16255
-15507
-12645
-10865
-10528
-10672
-9729
-6588
-2351
70
499
1679
4537
7310
9130
10058
10463
10840
11465
11789
11144
10242
9343
7757
5963
4425
3254
1696
-104
-1883
-3676
-4655
-5095
-6321
-7375
-7356
-6053
-5388
-5217
-4466
-3345
-1374
708
2402
3501
4623
5998
6743
7448
7872
8475
8798
9069
8694
8305
7293
2916
-1180
-1173
1226
-856
-6559
-10463
-11640
-11097
-10228
-11504
-14747
-16293
-13879
-11163
-10228
-10259
-9625
-7711
-4010
-300
1117
1633
3486
6358
8518
9894
10825
10873
10940
11311
11269
10346
9405
8103
6204
4515
3235
1997
231
-1482
-3193
-4669
-5279
-6312
-6470
-6858
-6713
-6299
-5617
-4132
-3128
-1675
-310
1459
3439
4872
6038
6582
7250
7806
8557
9110
8946
8854
8386
8405
5207
-35
-2351
-17
768
-3973
-9474
-11985
-11993
-10538
-10399
-13442
-16606
-15469
-11986
-10228
-10097
-10028
-8886
-5531
-1150
1025
1267
2525
5485
8104
9692
10646
10715
10769
11335
11625
10641
9410
8486
6963
5167
3584
2144
463
-1062
-2559
-4396
-5343
-5381
-6486
-7411
-7233
-5994
-5183
-4637
-3446
-2496
-929
1317
3115
4226
5237
6538
7401
7980
8274
8598
8552
8906
8623
8019
7105
2757
-1423
-2078
342
-1339
-6752
-10649
-12026
-11408
-10538
-11639
-14629
-15857
-13507
-11084
-10041
-9685
-8850
-6906
-3426
-189
1220
2159
4237
6778
8474
9486
10405
10833
10971
10886
10341
9401
8692
7728
6024
3917
2292
960
-167
-1541
-3254
-4992
-5637
-5803
-6452
-6487
-6608
-5692
-4898
-3659
-2534
-1607
233
2069
3826
5089
6030
6776
7385
8092
8456
8624
8358
8258
7898
7958
5649
303
-2686
-1070
496
-3433
-8600
-11382
-12060
-10871
-10233
-12132
-15473
-15118
-12125
-10082
-9275
-8978
-8075
-5825
-1772
1036
1775
2841
5118
7334
8766
9954
10489
10339
10385
10440
9870
8921
7987
6569
4634
3098
1920
457
-1052
-2471
-4002
-5119
-5214
-5249
-6579
-6956
-6238
-4799
-3828
-3048
-2199
-1368
878
3059
4190
4890
5899
6938
7587
8150
8077
7734
7783
8206
7738
7386
4506
-572
-2951
-751
219
-4097
-8864
-11394
-11661
-10338
-9616
-12043
-15216
-14326
-11239
-9320
-8805
-8623
-7653
-5104
-1202
1177
1751
2768
4963
7146
8623
9595
9782
9726
10036
10158
9429
8292
7374
6109
4469
3016
1666
197
-996
-2220
-3691
-4837
-5001
-4922
-6024
-6423
-5756
-4723
-3606
-2779
-1819
-1077
775
2832
4054
5062
5944
6588
7036
7533
7733
7716
7521
7619
7199
6942
3858
-944
-2568
-468
-26
-4466
-8834
-10659
-10909
-9698
-9631
-11841
-14191
-13302
-10646
-9201
-8473
-8237
-7197
-4607
-1158
907
1485
2767
4887
6737
8007
8971
9425
9430
9561
9439
8716
7936
7220
5875
4077
2680
1676
505
-649
-2072
-3516
-4398
-4446
-4460
-5515
-6071
-5600
-4352
-3053
-2511
-1916
-1380
419
2501
3899
4798
5316
5803
6440
7209
7436
7305
7113
7211
6937
6886
3769
-886
-2309
-105
100
-3912
-8077
-10382
-10453
-8767
-8713
-11522
-13889
-12731
-10104
-8514
-8128
-8283
-7315
-4426
-1026
611
970
2210
4452
6492
7745
8402
8596
8773
9423
9377
8484
7445
6805
5846
4389
2987
1660
612
-444
-1776
-3121
-4018
-4142
-4253
-5156
-5638
-5077
-4242
-3649
-2911
-1861
-961
319
1898
2898
3950
5149
5963
6326
6486
6745
7096
7296
7271
6696
6641
3864
-212
-1743
95
141
-3755
-7336
-9426
-9756
-8758
-8566
-10843
-13275
-12539
-10244
-8735
-8265
-8213
-7413
-4901
-1613
157
655
1810
3992
5924
7208
8124
8408
8607
9052
9182
8458
7616
6960
6015
4619
3276
2050
973
66
-1191
-2705
-3660
-3785
-3926
-4753
-5216
-4834
-4502
-3890
-2908
-1695
-1111
-451
883
2371
4074
5207
5354
5260
5960
7067
7599
7148
6684
6511
7067
4614
153
-1680
135
670
-3043
-6789
-9227
-9786
-8516
-7982
-10347
-13271
-12736
-10189
-8689
-8280
-8405
-7816
-5416
-2051
-122
153
1266
3582
5619
6880
7694
8094
8449
9076
9229
8472
7815
7399
6407
4974
3588
2524
1489
450
-914
-2488
-3373
-3600
-3742
-4693
-5573
-5352
-4549
-3766
-3240
-2762
-2095
-952
862
2180
2987
3815
4724
5654
6512
6604
6559
6601
7210
7324
7189
5887
1624
-1308
-268
1668
-843
-5493
-8042
-9079
-8508
-7656
-8961
-12169
-13075
-10776
-9010
-8465
-8464
-8138
-6639
-3550
-887
-240
284
2155
4426
6030
7033
7554
7807
8487
9206
8872
7852
7329
6860
5793
4443
3148
1940
919
52
-1173
-2669
-3402
-3540
-4112
-4968
-5136
-4698
-4242
-3468
-2783
-2309
-1694
-186
1146
2272
3592
4648
5062
5554
6190
6566
6777
7065
7111
7011
6609
3206
-461
-829
1338
297
-3724
-7040
-8816
-8688
-7605
-8085
-11183
-12948
-11501
-9462
-8541
-8426
-8304
-7528
-4908
-1991
-565
-93
1412
3564
5209
6393
7308
7864
8409
9085
8897
8067
7729
7468
6379
4893
3639
2663
1588
663
-748
-2281
-3200
-3340
-3569
-4570
-5353
-5055
-4245
-3682
-3183
-2767
-2030
-971
698
1861
2704
3661
4599
5441
6208
6331
6252
6401
7110
7174
6828
5695
1794
-1027
-388
1578
-725
-4990
-7614
-8826
-8397
-7436
-8599
-11647
-12703
-10763
-9098
-8411
-8290
-8266
-7027
-4135
-1377
-348
115
1802
3859
5546
6707
7426
7854
8369
8956
8767
8093
7593
6957
5951
4683
3460
2324
1345
366
-987
-2426
-3141
-3552
-4192
-4912
-4640
-4396
-4558
-4031
-3035
-2065
-1438
-411
609
1666
3161
4323
4982
5284
5781
6131
6704
6989
7012
6492
6556
4963
997
-1096
136
1011
-1999
-5512
-7902
-8980
-8178
-7372
-9398
-12186
-12290
-10283
-8882
-8137
-8133
-8148
-6388
-3177
-844
-162
638
2210
4207
6013
7263
7602
7765
8509
8984
8697
7991
7371
6506
5510
4461
3266
2054
1007
-182
-1543
-2538
-2951
-3267
-4159
-5037
-5104
-4425
-3824
-3293
-3114
-2754
-1550
218
1472
1853
2602
3897
5316
5984
5914
5573
6126
6837
7219
6669
6143
4415
714
-923
156
860
-2234
-5732
-7695
-8726
-8172
-7813
-9487
-11898
-11896
-10050
-9056
-8502
-8164
-7705
-5962
-3179
-1144
-374
751
2601
4045
5554
6925
7724
8104
8588
8773
8192
7830
7647
6811
5490
4258
3094
2134
1322
174
-1497
-2626
-2926
-3059
-3703
-4601
-5013
-4407
-3706
-3436
-3040
-2244
-1111
-231
821
1699
2718
3987
5080
5394
5386
5620
6259
6623
6547
6118
5793
5393
2246
-977
-1426
284
-705
-4253
-7127
-9029
-8841
-7703
-8089
-10564
-12157
-10966
-9342
-8100
-7564
-7624
-6817
-4363
-1573
-182
464
1797
3333
4953
6533
7428
7693
7936
8481
8449
7909
7499
6791
5840
4873
3661
2441
1403
611
-640
-1911
-2678
-3110
-3433
-3935
-4437
-4476
-4040
-3459
-2680
-2123
-1592
-930
328
1683
2511
3211
3920
4848
5508
5708
5456
5525
5795
6044
5717
5384
4210
665
-1783
-1325
220
-1583
-5179
-7756
-9037
-8358
-7289
-8209
-10735
-11722
-10135
-8426
-7413
-7180
-7063
-5877
-3282
-1015
68
836
2329
3920
5083
6315
7174
7659
7941
8071
7847
7295
7106
6500
5407
4119
3000
2205
1408
344
-1026
-2133
-2611
-2745
-3262
-3958
-4405
-3706
-3356
-3002
-2579
-1908
-1039
-177
973
1522
2300
3218
4113
4849
5126
5237
5038
5321
5443
5431
5096
4943
3989
482
-2077
-1743
-157
-1773
-5108
-7555
-8844
-8349
-7198
-7902
-10306
-11292
-9821
-8283
-7252
-6650
-6462
-5681
-3375
-961
290
1115
2417
3737
4808
6146
7147
7565
7793
7867
7565
7053
6957
6440
5268
3971
2807
1996
1274
504
-838
-2165
-2687
-2798
-3096
-3558
-3964
-3762
-3525
-2670
-1932
-1437
-928
-215
792
1726
2723
3319
3752
4445
5069
5114
4836
4877
4993
5034
4748
4519
3811
724
-2099
-2212
-440
-1426
-4660
-7293
-8648
-8326
-7218
-7496
-9732
-11045
-9734
-7894
-6808
-6512
-6479
-5665
-3340
-833
264
716
1879
3531
4746
5765
6567
7050
7419
7570
7394
6777
6499
6254
5452
4209
2805
1927
1456
922
-78
-1621
-2472
-2473
-2558
-2879
-3475
-3267
-3148
-2701
-1959
-1362
-754
-404
340
1316
2337
3071
3331
3763
4412
4770
4630
4421
4429
4491
4601
4643
4123
953
-2256
-2469
-332
-487
-3916
-6923
-8579
-8106
-6518
-6601
-9088
-10934
-9659
-7678
-6655
-6375
-6420
-5838
-3633
-1069
-8
295
1491
3259
4423
5206
6054
6624
7184
7433
7203
6486
6296
6306
5629
4362
3102
2273
1753
1255
141
-1162
-1999
-2040
-2201
-2653
-3168
-3224
-2725
-2411
-2281
-1989
-1208
-327
136
633
1337
2187
2880
3317
3755
3939
3992
3953
4089
4186
4104
3938
3867
3474
848
-2094
-2487
-675
-799
-3596
-6393
-7990
-7885
-6372
-6138
-8338
-10190
-9332
-7411
-6321
-5922
-5948
-5596
-3685
-1185
28
324
1388
2989
4202
4945
5684
6291
6821
7311
7087
6343
5915
5940
5635
4599
3371
2294
1701
1411
647
-694
-1657
-1814
-2049
-2484
-2719
-2696
-2536
-2629
-2264
-1665
-916
-355
-174
352
1026
1842
2523
2882
3262
3464
3693
3763
3866
3927
3915
3889
4153
3155
-149
-2515
-1637
209
-1102
-4254
-6886
-7891
-6986
-5582
-6376
-9033
-9952
-8558
-6836
-5997
-5912
-6070
-5288
-2904
-840
-128
359
1626
3065
4211
5039
5601
6161
6905
7258
6761
6121
5972
5978
5518
4440
3154
2231
1843
1494
463
-854
-1642
-1697
-1931
-2482
-3023
-3096
-2546
-2037
-2043
-2445
-1725
-419
422
315
339
1095
2180
3120
3194
3074
3225
3675
4006
3928
3719
3491
3718
3877
1718
-1498
-2552
-725
-82
-2512
-5574
-7522
-7409
-6135
-5595
-7370
-9410
-9177
-7446
-6006
-5661
-5862
-5662
-4059
-1687
-220
164
908
2305
3717
4606
5241
5823
6443
7037
6940
6317
5877
5930
5820
4964
3757
2605
1899
1654
1162
53
-1290
-1838
-1855
-2089
-2552
-2837
-2754
-2607
-2477
-2075
-1570
-981
-483
-75
320
978
1837
2331
2528
2862
3364
3705
3625
3553
3453
3579
3761
3925
3013
-66
-2319
-1823
-37
-1016
-4007
-6456
-7601
-6834
-5599
-5973
-8252
-9506
-8289
-6745
-5748
-5536
-5531
-4846
-2912
-933
-96
492
1753
3102
4068
4779
5511
6233
6843
7013
6573
6022
5924
5920
5526
4369
3096
2166
1732
1346
390
-643
-1570
-2085
-2230
-2483
-2555
-2836
-2734
-2888
-2611
-1587
-887
-604
-648
-12
816
1698
2306
2369
2606
3252
3972
3918
3426
3286
3637
4039
4088
3567
1027
-1742
-2182
-444
-297
-2945
-5684
-7353
-7206
-6037
-5792
-7521
-9131
-8569
-7154
-6264
-5747
-5351
-4834
-3521
-1728
-480
274
1445
2989
3954
4396
5022
5885
6833
7139
6735
5936
5668
5882
5712
4735
3256
2157
1650
1392
735
-340
-1513
-2083
-2160
-2265
-2708
-2913
-2832
-2711
-2355
-1812
-1446
-1156
-437
334
683
935
1613
2227
2673
3110
3443
3502
3474
3456
3418
3369
3476
3361
3132
1548
-1200
-2573
-1528
-608
-2436
-5177
-6999
-7347
-6373
-5500
-6597
-8473
-8654
-7137
-5734
-5136
-4962
-4810
-3616
-1598
-165
477
1220
2593
3764
4404
4773
5411
6255
6889
6724
5863
5256
5324
5464
4876
3458
2062
1325
1272
1066
50
-1212
-2013
-2283
-2206
-2201
-2379
-2613
-2719
-2265
-1864
-1326
-601
-226
36
171
1036
1896
2306
2643
2723
2983
3278
3412
3366
3154
3193
3211
3166
2850
545
-2095
-2437
-785
-693
-3288
-5851
-7078
-6884
-5525
-5307
-6977
-8643
-8087
-6220
-5277
-4846
-4782
-4309
-2815
-1004
160
505
1579
2941
3837
4337
4820
5613
6237
6623
6180
5382
5097
5269
5219
4252
2859
1824
1374
1231
744
-314
-1299
-1940
-2107
-2075
-2145
-2174
-2518
-2384
-1890
-1555
-1059
-559
-18
140
446
1227
1726
2174
2610
2886
2996
3014
3029
3084
3134
3213
3004
2898
1843
-803
-2471
-1797
-353
-1633
-4344
-6421
-7039
-6193
-5146
-5558
-7501
-8432
-7209
-5687
-4896
-4595
-4382
-3636
-2075
-453
392
963
2284
3476
4048
4362
5010
5874
6432
6425
5736
5018
4980
5205
4805
3570
2181
1404
1234
1139
332
-881
-1714
-2000
-1884
-1921
-1991
-2310
-2445
-2097
-1731
-1337
-1022
-384
81
298
648
1113
1689
2306
2836
3034
2859
2578
2740
3053
3282
3169
2919
2581
473
-1761
-2228
-705
-408
-2740
-5254
-6682
-6456
-5297
-4733
-5992
-7907
-7895
-6263
-4939
-4539
-4436
-4105
-3035
-1430
-133
476
1287
2609
3580
3951
4343
5087
5876
6319
6051
5170
4614
4863
5146
4498
3117
1868
1230
1316
1154
204
-1080
-1805
-1806
-1697
-1621
-1900
-2253
-2276
-1931
-1605
-1221
-650
-186
-61
99
641
1277
1797
2091
2269
2333
2515
2620
2506
2510
2651
2786
2570
2401
965
-1378
-2362
-1265
-496
-2094
-4281
-5852
-6327
-5593
-4711
-5318
-6961
-7439
-6377
-5218
-4553
-4189
-3887
-3170
-1835
-517
261
980
2186
3136
3572
3954
4659
5457
5970
5974
5348
4691
4718
4912
4575
3559
2392
1672
1433
1211
544
-439
-1151
-1540
-1693
-1607
-1650
-1790
-1951
-1836
-1569
-1320
-738
-250
4
80
394
896
1420
2073
2452
2517
2198
2066
2449
2964
3209
2746
2563
1697
-258
-1710
-1422
-386
-1275
-3249
-5092
-6083
-5833
-5037
-4914
-6203
-7295
-7045
-6005
-4978
-4364
-4075
-3758
-2843
-1519
-275
701
1725
2594
3160
3679
4414
5286
5898
5944
5530
4916
4798
4950
4819
4001
2868
2008
1539
1272
842
-3
-819
-1461
-1678
-1741
-1686
-1769
-2011
-2073
-1943
-1615
-1020
-454
-202
-245
11
715
1327
1812
2036
2250
2422
2477
2474
2542
2857
2968
2724
2594
1981
185
-1558
-1675
-691
-1058
-2772
-4789
-6069
-6072
-5145
-4797
-5887
-7193
-7109
-6221
-5151
-4490
-4135
-3798
-2963
-1614
-467
449
1513
2476
3203
3648
4214
4902
5650
6091
5823
5149
4752
4746
4741
4320
3439
2388
1647
1336
991
383
-377
-1104
-1672
-1849
-1718
-1682
-1853
-2113
-2049
-1767
-1151
-575
-258
-227
-160
331
1018
1662
2022
2183
2295
2348
2322
2491
2797
3023
2904
2676
1765
-224
-1756
-1488
-412
-1015
-3085
-5161
-6144
-5867
-4906
-4789
-6027
-7261
-7135
-6110
-5000
-4356
-4114
-3738
-2724
-1465
-488
395
1605
2678
3280
3609
4094
4895
5789
6247
5823
4949
4554
4696
4816
4369
3361
2176
1442
1237
1030
441
-368
-1221
-1750
-1765
-1517
-1517
-1787
-1943
-1929
-1705
-1208
-622
-223
-67
144
539
938
1431
1947
2401
2500
2307
2151
2353
2840
3111
2862
2424
1473
-184
-1548
-1450
-738
-1336
-3126
-4901
-5880
-5856
-5214
-5072
-5994
-6904
-6786
-6073
-5288
-4547
-3955
-3375
-2557
-1507
-638
311
1608
2746
3356
3683
4116
4752
5568
6140
5922
5091
4578
4529
4534
4221
3450
2325
1441
1039
841
337
-286
-977
-1650
-1831
-1648
-1485
-1643
-1815
-1830
-1690
-1119
-454
-190
-114
103
604
975
1521
2060
2435
2464
2285
2127
2295
2791
3176
3143
2516
693
-1285
-1877
-803
-427
-1798
-3845
-5671
-6277
-5610
-4654
-5074
-6435
-6946
-6671
-5928
-4914
-4051
-3570
-3073
-2071
-1292
-552
811
2279
3096
3441
3688
4019
4759
5908
6349
5617
4676
4285
4307
4458
4222
3221
1990
1282
1112
712
175
-380
-1015
-1400
-1651
-1703
-1878
-1754
-1445
-1422
-1426
-1305
-839
-299
223
560
516
659
1232
1981
2476
2502
2134
1856
2077
2633
2836
2763
2361
802
-1026
-1859
-1091
-779
-1610
-3159
-4886
-5963
-5723
-4821
-4719
-5588
-6131
-6350
-6114
-5271
-4062
-3342
-2922
-2307
-1659
-1067
173
1751
2823
3255
3457
3639
4096
5163
6005
5828
4965
4304
4058
4170
4327
3907
2824
1819
1217
901
572
348
-175
-807
-1287
-1536
-1674
-1681
-1463
-1319
-1373
-1399
-1358
-1001
-398
198
366
217
367
936
1715
2270
2190
1718
1450
1837
2420
2719
2646
1757
56
-1382
-1514
-838
-792
-1710
-3205
-4735
-5447
-5132
-4480
-4472
-4932
-5387
-5723
-5623
-4874
-3806
-2850
-2146
-1702
-1580
-1134
107
1675
2802
3219
3162
3109
3607
4621
5327
5253
4690
4137
3851
3773
3757
3427
2816
2157
1524
859
334
95
22
-222
-675
-1287
-1684
-1655
-1228
-887
-865
-1121
-1297
-1014
-358
204
498
688
1084
1361
1447
1483
1647
1965
2244
2388
2253
1366
-9
-1105
-1062
-465
-584
-1576
-2946
-3989
-4392
-4194
-3828
-3979
-4427
-4679
-4812
-4779
-4511
-3789
-2938
-2254
-1802
-1671
-1452
-615
645
1799
2338
2509
2589
2915
3633
4273
4456
4293
4029
3821
3562
3381
3175
2885
2542
2020
1375
799
432
274
146
-66
-530
-1056
-1216
-1051
-865
-824
-879
-909
-870
-659
-405
-272
-98
155
376
472
546
709
808
777
757
695
615
555
677
774
357
-457
-1148
-1323
-1090
-1024
-1233
-1798
-2400
-2785
-2850
-2645
-2570
-2585
-2663
-2756
-2791
-2746
-2425
-1929
-1365
-856
-685
-600
-401
165
847
1377
1697
1827
1899
2143
2371
2519
2443
2359
2350
2280
2148
1841
1472
1301
1291
1364
1189
838
542
376
475
555
525
360
174
133
180
272
388
374
258
164
181
225
161
106
177
255
296
153
-163
-490
-719
-710
-623
-608
-715
-998
-1266
-1472
-1594
-1627
-1626
-1579
-1576
-1693
-1854
-2021
-2025
-1825
-1503
-1179
-1052
-1048
-983
-755
-418
-120
166
409
545
657
725
765
838
1006
1202
1264
1202
1109
1049
1096
1135
1088
1003
972
1001
981
869
722
624
644
685
658
546
397
275
247
265
257
206
159
92
43
59
96
86
72
95
96
69
54
73
110
175
190
85
-56
-69
-23
-39
-144
-269
-374
-422
-438
-533
-726
-868
-892
-875
-917
-1026
-1124
-1139
-1064
-976
-961
-1002
-966
-801
-605
-519
-540
-544
-434
-222
-31
6
-77
-119
-14
178
281
250
197
253
418
543
530
421
382
499
660
701
613
543
591
701
749
684
603
639
773
843
770
647
591
632
712
726
625
507
499
584
648
621
518
395
311
284
252
173
76
-16
-117
-227
-335
-455
-563
-635
-700
-820
-966
-1059
-1085
-1060
-1007
-1007
-1121
-1234
-1188
-1007
-847
-803
-858
-918
-853
-652
-481
-469
-528
-503
-355
-162
-45
-45
-80
-11
161
309
354
343
381
501
628
673
642
630
703
807
849
799
730
731
799
836
764
648
598
650
732
748
667
547
494
529
584
592
533
446
378
357
343
283
169
56
-22
-74
-149
-258
-386
-483
-523
-557
-650
-786
-863
-843
-788
-788
-878
-992
-1000
-869
-727
-722
-827
-898
-835
-661
-518
-515
-596
-600
-476
-337
-282
-287
-267
-175
-44
38
38
44
134
271
358
363
352
393
492
583
601
567
564
636
725
750
708
668
692
775
852
848
764
684
693
777
832
787
657
538
511
542
514
380
215
119
94
61
-64
-260
-411
-443
-433
-497
-645
-782
-818
-766
-737
-820
-951
-989
-877
-735
-702
-798
-894
-846
-673
-534
-529
-600
-602
-482
-335
-280
-318
-332
-230
-70
6
-35
-81
-13
156
291
288
208
200
328
489
549
492
431
471
588
661
636
570
568
639
712
717
667
633
656
702
716
672
612
578
573
551
472
347
235
179
156
100
-28
-194
-314
-366
-390
-441
-539
-634
-682
-683
-677
-696
-724
-726
-692
-645
-602
-574
-544
-499
-443
-397
-364
-332
-296
-241
-188
-170
-178
-181
-148
-83
-33
-31
-59
-56
2
79
112
89
68
103
193
258
260
231
234
299
381
408
383
363
401
482
534
519
466
457
502
553
547
489
440
434
442
401
297
180
130
147
146
44
-139
-296
-338
-288
-257
-334
-477
-576
-553
-467
-430
-489
-565
-549
-434
-317
-288
-336
-358
-287
-165
-92
-113
-142
-99
6
69
17
-84
-101
4
137
155
44
-78
-80
26
125
117
32
-11
36
114
129
72
22
63
173
248
218
133
98
175
292
352
317
253
246
303
352
339
284
249
260
275
235
134
31
-9
19
36
-20
-146
-261
-291
-249
-208
-237
-320
-369
-330
-247
-209
-252
-304
-265
-142
-40
-40
-114
-143
-59
58
95
27
-43
-16
82
123
40
-86
-114
-19
79
44
-103
-209
-166
-36
20
-58
-168
-166
-50
60
50
-33
-56
42
170
205
137
84
145
278
351
295
187
165
253
349
340
225
124
119
174
185
95
-19
-75
-50
-26
-79
-187
-266
-259
-208
-187
-230
-281
-278
-219
-155
-142
-165
-164
-100
-8
53
43
6
10
74
149
170
117
55
47
91
129
93
2
-62
-50
-3
-8
-87
-166
-170
-105
-58
-93
-162
-169
-85
8
17
-44
-68
19
158
215
151
63
80
208
323
307
186
91
120
224
275
198
64
-6
25
82
56
-56
-160
-168
-109
-92
-172
-284
-320
-246
-157
-155
-231
-283
-221
-92
-14
-42
-100
-76
59
195
211
124
56
111
243
318
252
117
46
96
179
164
32
-103
-129
-55
-7
-80
-221
-284
-209
-88
-70
-178
-271
-219
-50
66
27
-84
-97
49
216
246
137
54
120
271
342
262
128
93
181
268
240
110
1
-5
57
85
19
-91
-166
-164
-125
-122
-181
-247
-257
-218
-179
-192
-238
-248
-183
-85
-39
-64
-108
-80
33
143
166
99
44
76
174
238
200
99
34
52
104
103
25
-69
-98
-66
-43
-90
-167
-191
-129
-56
-59
-135
-184
-114
31
117
64
-39
-42
99
252
268
158
70
124
257
321
245
126
98
179
239
186
67
2
35
86
54
-55
-143
-142
-90
-78
-143
-232
-265
-217
-146
-130
-178
-231
-219
-134
-41
-14
-49
-80
-41
51
121
118
65
47
88
134
121
60
25
38
51
9
-66
-97
-54
-12
-45
-132
-177
-128
-35
5
-34
-94
-95
-30
42
73
54
21
13
37
73
92
78
49
37
52
70
61
36
33
61
84
71
29
13
46
89
84
28
-25
-22
20
41
5
-60
-95
-69
-22
-11
-55
-110
-110
-50
10
8
-41
-67
-26
45
76
40
-4
5
57
87
59
3
-11
30
63
37
-29
-66
-34
29
42
-12
-85
-97
-34
33
35
-33
-90
-73
1
54
30
-36
-63
-19
46
57
3
-46
-27
36
69
29
-36
-47
10
72
65
-2
-52
-30
40
76
37
-29
-51
-9
45
48
-5
-54
-52
-5
26
6
-41
-61
-35
4
11
-23
-49
-37
8
39
21
-16
-22
13
54
57
18
-12
4
47
64
35
-6
-21
5
39
35
-2
-35
-32
2
24
10
-23
-41
-21
10
18
3
-18
-20
-1
17
17
-1
-22
-20
1
9
-5
-30
-36
-15
7
3
-26
-40
-18
14
19
-5
-28
-17
12
32
26
-1
-9
7
28
32
15
-2
-6
2
8
3
-5
-5
-1
2
-1
-4
-2
3
12
17
9
1
4
16
28
26
12
2
3
15
21
13
0
-7
1
3
-2
-9
-15
-13
-7
-7
-17
-22
-19
-14
-12
-15
-19
-19
-15
-13
-12
-15
-11
-8
-4
-4
-3
3
8
8
10
8
5
3
4
9
12
8
0
0
3
3
5
1
-2
-4
-3
0
3
4
1
-2
-2
2
5
7
7
8
12
17
17
13
10
13
21
24
12
4
5
16
20
8
-7
-11
-2
6
-3
-23
-26
-19
-10
-13
-27
-38
-29
-11
-8
-17
-29
-22
-1
7
1
-9
-4
9
18
14
4
0
5
16
19
11
1
-3
7
13
8
-8
-27
-24
-11
1
-8
-27
-34
-22
-3
-1
-15
-25
-13
12
19
10
-4
1
24
39
33
18
12
25
41
43
31
21
20
25
32
28
19
11
10
7
4
-1
-8
-10
-15
-16
-18
-20
-25
-30
-27
-22
-20
-25
-30
-27
-16
-9
-10
-13
-12
-3
4
1
-1
4
14
17
11
4
6
9
11
6
-3
-3
-4
-6
-12
-14
-12
-16
-19
-21
-20
-15
-14
-19
-13
-9
-5
-4
-3
1
13
17
19
16
17
26
33
37
34
26
30
34
29
26
18
14
13
7
1
-1
-5
-11
-16
-21
-20
-20
-20
-23
-21
-17
-15
-15
-13
-10
-4
2
0
-1
1
9
14
11
8
3
9
15
18
16
10
8
6
5
-1
-2
-7
-10
-11
-10
-11
-20
-26
-22
-17
-14
-20
-25
-23
-13
-6
-7
-10
-10
0
9
10
5
0
6
17
27
24
13
8
12
23
28
20
10
5
11
18
13
4
-4
-2
2
2
-3
-11
-11
-7
-7
-4
-11
-15
-9
-8
-6
-8
-10
-9
-4
-1
-7
-7
-5
1
2
0
-1
-1
5
7
8
4
0
1
4
6
4
0
-2
0
4
4
1
-3
-2
-1
1
-1
-4
-5
-4
0
-1
-2
-4
-4
2
3
2
1
-1
2
4
8
7
2
2
7
7
6
4
2
1
-2
-3
-5
-10
-10
-8
-9
-6
-7
-7
-5
-7
-2
0
0
-2
-3
3
4
3
3
4
5
7
7
7
5
7
7
5
4
2
5
5
2
1
-2
-2
-6
-4
-7
-6
-8
-8
-6
-6
-5
-7
-6
-5
-2
3
1
-2
-1
3
6
6
2
1
1
5
4
1
1
2
5
4
-3
-4
-3
0
4
-2
-5
-4
-1
-1
-3
-7
-3
2
1
-2
-3
-1
0
-2
-1
0
3
2
0
0
2
4
4
2
1
4
4
5
1
-1
3
3
4
-2
-1
2
1
-3
-2
-1
-3
-3
-2
-3
-3
0
0
2
3
4
2
1
1
0
5
5
4
0
-1
2
3
2
1
0
-1
-5
-5
-5
-8
-5
-4
-6
-10
-9
-7
-5
-7
-5
-8
-8
-4
-2
-2
-2
1
3
2
3
9
7
7
8
5
6
7
6
6
8
11
8
2
1
-2
-1
0
2
-1
-3
-2
-2
-6
-5
-3
-3
-3
-1
-1
-1
0
2
6
2
2
0
1
6
9
6
2
1
2
3
1
0
-4
-7
-5
-4
-5
-4
-5
-5
-7
-7
-8
-6
-1
4
1
-1
-1
-4
2
3
3
0
1
3
4
4
2
-1
-1
1
3
6
1
-3
-3
2
4
1
-5
-5
0
5
3
-1
-1
-1
0
2
0
-3
-1
0
4
4
3
0
4
4
4
5
1
2
3
0
0
-2
-5
-3
-1
-1
-5
-6
-5
-2
-3
-3
-6
-4
1
1
0
-2
-3
-3
0
2
-2
-5
-3
2
6
2
-1
-1
2
4
2
-1
-3
2
3
4
-1
-3
-3
1
2
1
-2
-2
-3
-1
2
2
-3
-4
-2
1
4
1
-1
-2
2
6
7
5
1
1
5
3
5
4
1
1
4
4
2
2
-1
-1
-1
-4
-6
-6
-2
2
0
-3
-6
-4
-1
1
-1
-5
-2
-1
3
3
2
-2
-6
-2
0
2
-4
-3
1
4
0
0
-1
0
3
2
2
-1
-3
-4
-3
-4
-5
-6
-6
1
1
-2
-4
-4
1
2
1
-2
-3
-1
2
3
3
0
2
6
3
4
4
6
6
5
4
2
1
-1
0
-2
-1
1
1
0
0
2
2
2
1
1
2
1
1
-2
-2
-2
1
1
4
0
1
1
-2
-1
1
1
0
2
1
-2
-3
-2
-3
-2
-3
-4
-3
-4
-2
-3
-3
-3
-4
-3
-2
-2
-4
-1
-2
1
0
-5
-4
-3
1
3
2
1
4
5
4
1
0
0
2
2
4
2
2
6
2
1
2
0
2
2
1
1
0
1
0
1
-1
-1
0
0
1
2
0
0
0
1
1
-1
-1
-1
0
0
2
2
-2
-4
1
1
0
-1
-2
-2
1
-1
-1
0
0
-1
-3
-4
-5
-3
-4
-3
-4
-4
-4
-2
0
0
0
-1
2
1
1
1
1
2
4
3
5
3
1
-1
2
2
3
2
1
2
0
-1
0
2
2
0
-1
1
0
2
0
1
1
2
3
4
3
3
2
-3
0
0
-1
0
-1
-2
-3
-2
-4
-2
-1
-4
-4
-5
-3
-3
-5
-5
-2
-1
-2
-7
-7
-3
1
5
0
-5
-1
10
14
15
13
8
2
10
27
13
-7
-8
1
17
12
-2
-17
-29
8
18
-12
-38
-29
-13
22
17
-12
-26
-15
36
17
-16
-15
-3
14
33
15
4
24
33
60
29
-2
25
43
33
33
-5
1
24
13
-2
-25
-20
-20
-24
-1
-8
-65
-62
-38
-31
-16
-20
-75
-83
6
4
-7
-54
-61
-49
-30
-19
-87
-145
-118
-73
-49
-149
-176
-252
-166
-308
-265
-1302
-3090
-2149
482
3709
3577
428
-916
-242
-1018
-2346
-1958
1949
4957
2938
-1364
-2370
853
3074
2113
-18
-1259
-1246
-2128
-2683
-1586
1251
2930
1565
-596
-2181
-1088
1103
1671
1049
1868
976
-1358
-1605
-1002
-119
515
318
549
362
-352
-1001
-44
1338
2364
2019
249
-1087
-1456
-256
19
940
274
75
-375
-1498
-2263
-1371
-167
375
204
-743
-1226
-1753
-835
-861
586
1159
332
-479
-949
-385
420
1108
240
-321
-109
-118
-444
-576
174
1025
816
-262
-1112
-555
76
309
-322
138
750
-75
-698
-482
171
473
117
-117
527
-455
-684
-933
71
1570
1352
259
626
606
-308
-595
208
1962
759
-539
-95
1447
419
-1315
245
2447
864
-938
-397
981
885
39
-395
1719
1360
-1352
-1937
-551
1414
411
-587
-595
951
67
-1701
-1152
-559
778
351
-219
-196
479
-453
-1005
-121
762
1060
22
191
366
-151
-1145
-1039
-1030
-691
-228
117
-207
-621
-273
618
773
-423
-491
1017
-256
-624
1487
830
-481
-1608
-115
543
-1071
-1246
-169
876
-774
-1240
-180
868
-485
-716
886
1113
-312
-2015
-50
312
-854
-1092
345
1579
1024
-432
-310
712
686
90
-1016
1183
1543
181
-511
281
1573
-204
-404
1477
1231
-1284
-977
689
1103
26
-561
213
561
514
-266
-50
503
510
-66
-417
-751
180
784
760
-1096
-1087
-260
1
-307
-208
175
-187
462
-11
18
-90
573
421
-629
-739
-1004
-651
-763
416
-274
-524
2
-997
-575
-465
-325
-249
778
395
-565
1060
1034
743
-143
159
966
306
-367
-605
471
287
262
41
495
675
-79
788
241
-181
621
1105
97
-202
1194
716
-92
206
1402
1197
227
-594
-234
-365
-1086
-403
-1175
-893
-632
-322
-1374
-1243
355
-131
-172
-787
-106
-126
-696
-714
-1226
-526
-592
-409
9
668
159
-636
-148
407
225
38
611
880
411
-586
-259
17
-458
-695
635
652
-669
-1704
-846
100
39
6
149
789
606
-492
-955
610
779
1012
390
669
1019
-126
-282
713
506
-8
82
322
552
-110
59
102
684
27
-1000
-664
-24
974
732
770
157
-151
-542
-140
148
-51
-50
308
1262
286
-608
-270
431
618
546
497
654
57
434
749
936
283
-492
-831
-600
-357
-570
-263
-249
-331
-1261
-1142
-28
-94
-172
275
509
-492
-1244
-658
323
208
-1032
-697
-214
-1018
-944
-858
-803
-592
20
-333
-1108
-648
-373
-101
111
1457
666
-268
369
1143
1396
961
891
969
1137
297
94
771
531
-535
-539
754
973
406
-113
86
-100
-684
-559
112
443
-214
-265
-129
-444
-380
-372
-27
76
-254
-545
-1181
-1292
-530
-701
-869
-273
-476
-682
84
425
-427
-885
-370
-172
-266
-271
61
340
369
773
945
756
635
843
1340
1000
723
1088
1327
1139
1122
703
-141
-356
-248
16
-240
-392
-835
-1096
-694
-607
-369
-398
-139
254
387
-148
-412
-378
-244
68
258
146
-204
-767
-1049
-360
162
126
201
145
-355
-154
-9
123
313
491
575
286
-58
-515
-37
773
1162
1085
970
517
-249
-416
-132
169
-6
27
96
70
174
118
151
195
125
-278
-597
-733
-711
-432
-153
141
236
-111
-145
106
121
16
-119
-296
-241
-367
-903
-1037
-618
-36
-97
-382
-133
58
-365
-518
-139
265
191
-9
72
-115
-399
-783
-473
-113
-410
-708
-671
-533
-898
-859
-337
125
-38
-304
-31
442
704
596
877
1081
588
435
508
464
384
490
682
990
956
505
578
722
601
827
1076
724
150
204
223
233
385
170
276
448
604
691
901
811
740
597
544
503
279
228
347
492
-55
-586
-734
-430
-325
-446
-155
-124
-796
-1057
-767
-1074
-1243
-933
-761
-843
-982
-978
-1104
-1419
-1291
-1159
-1024
-732
-529
-416
-855
-1209
-936
-748
-664
-579
-455
-264
-310
-419
-206
151
403
351
301
308
489
549
467
751
955
647
502
875
821
391
315
746
950
673
368
552
627
461
814
1157
1095
943
908
960
1124
825
463
767
905
705
297
269
266
128
78
50
-51
-308
-117
-96
-292
-534
-656
-233
-105
-416
-591
-393
-342
-304
-146
-296
-464
-610
-559
-429
-183
-67
-113
-323
-642
-1031
-908
-441
-363
-632
-460
-630
-833
-632
-546
-522
-324
-20
-16
21
-156
-161
-22
91
-26
-190
-103
-108
-119
124
222
108
274
484
376
80
58
312
462
410
40
-169
-114
-153
-129
317
579
528
488
384
343
376
609
945
1077
823
630
430
151
232
390
490
434
241
-60
-302
-474
-529
-399
-96
-133
-128
-13
-482
-770
-418
-141
-238
-200
-152
-246
-458
-591
-387
-77
-95
16
119
-214
-521
-595
-513
-188
183
186
52
-118
-92
-19
93
139
94
166
226
93
-179
-296
-135
120
114
40
131
60
38
208
285
293
388
520
435
225
114
228
319
470
576
434
157
-289
-346
-94
71
-4
113
247
71
-237
-362
-285
-385
-242
29
244
199
19
21
-32
-109
-95
17
45
-154
-388
-400
-440
-467
-189
-146
-198
-82
14
-49
-242
-327
-244
-217
-302
-276
-210
-204
-334
-448
-345
-247
-168
14
146
-1
-128
-106
-255
-281
1
255
385
370
216
78
-90
-157
-52
150
394
471
281
-63
-256
-44
201
251
383
497
434
289
166
59
38
218
450
534
356
145
169
251
175
250
432
271
83
94
65
-36
-28
81
130
37
-115
-143
-163
-191
-41
191
255
125
20
-95
-285
-285
-94
58
20
-71
-225
-313
-315
-418
-525
-586
-632
-660
-589
-491
-333
-167
-243
-304
-160
-33
-103
-71
156
207
133
79
38
-111
-122
-41
72
148
164
220
114
-161
-351
-315
-178
-59
21
-64
-197
-268
-174
-38
151
373
452
374
248
222
206
285
410
451
384
414
443
286
129
105
60
-38
-33
-24
-147
-294
-327
-260
-203
-87
127
328
313
258
377
489
444
390
351
197
60
15
-11
-40
27
20
-214
-551
-679
-578
-395
-200
-84
-83
-143
-189
-304
-355
-231
-93
-74
-59
-43
-138
-145
19
140
96
28
9
-48
-117
-87
54
160
188
181
190
179
135
170
158
80
70
88
-23
-143
-46
83
115
73
77
29
-86
-124
0
276
357
297
243
284
78
-205
-234
-43
166
179
110
-62
-314
-566
-501
-243
-53
78
159
114
-123
-329
-339
-180
6
187
299
148
-108
-240
-194
-49
123
207
202
167
0
-177
-203
-157
-81
106
235
102
-78
-89
0
56
121
264
327
189
43
84
126
137
251
364
327
230
155
63
31
99
224
294
229
64
-43
-88
-184
-288
-292
-223
-201
-250
-304
-341
-383
-354
-196
-43
-16
-76
-131
-152
-152
-123
-7
165
229
202
195
173
72
-22
-33
8
58
103
130
94
39
26
46
50
41
20
13
25
0
-76
-136
-138
-113
-107
-126
-132
-89
-11
77
137
131
88
54
27
37
92
142
156
141
71
-51
-149
-170
-124
-55
-1
20
-14
-92
-148
-150
-137
-100
8
105
99
49
83
171
204
199
228
251
198
141
155
167
90
4
-29
-66
-132
-154
-91
-37
-50
-66
-34
11
14
-13
-38
-64
-101
-109
-76
-50
-62
-89
-103
-127
-156
-164
-130
-78
-48
-37
-44
-46
-23
23
80
132
169
195
196
156
101
63
53
49
43
42
48
48
32
20
4
-39
-93
-101
-79
-81
-95
-102
-101
-122
-170
-220
-216
-133
-28
50
83
69
-4
-82
-97
-46
26
89
120
87
19
-26
-42
-26
37
133
197
189
180
187
176
165
201
250
229
164
134
106
11
-86
-98
-78
-89
-98
-86
-103
-164
-192
-141
-68
-19
41
104
91
12
-41
-25
14
54
106
117
55
-33
-80
-94
-99
-104
-116
-149
-193
-200
-171
-124
-85
-57
-57
-86
-105
-96
-58
0
70
111
91
38
-12
-33
-16
40
113
157
137
68
-10
-72
-104
-79
-5
60
79
70
61
46
22
35
102
181
229
248
232
140
8
-81
-87
-47
-1
37
27
-63
-214
-322
-341
-304
-222
-110
-18
-6
-47
-80
-85
-70
-26
57
137
164
144
96
36
-18
-40
-9
55
112
141
126
71
1
-41
-43
-15
35
79
97
81
54
35
18
11
8
16
22
15
7
2
-4
-18
-25
-33
-35
-34
-38
-38
-38
-33
-28
-29
-38
-38
-23
-5
9
10
-4
-27
-47
-48
-32
-1
25
35
23
-7
-28
-38
-36
-26
-9
-1
0
-8
-10
-3
7
20
26
26
23
32
50
57
49
31
8
-12
-30
-48
-51
-53
-45
-35
-27
-27
-43
-51
-53
-54
-48
-35
-20
-11
-4
-4
-5
-9
-15
-17
-18
-16
-11
3
15
24
30
29
25
28
37
46
55
64
70
69
56
39
20
13
20
33
41
42
34
23
12
6
8
13
18
17
12
7
0
-3
0
6
9
7
5
-2
-9
-18
-25
-26
-24
-17
-15
-21
-40
-65
-87
-98
-88
-64
-40
-23
-20
-32
-48
-61
-64
-49
-24
4
21
22
12
-3
-14
-17
-12
-5
6
17
20
24
20
8
1
0
5
10
11
7
4
5
9
8
10
13
14
12
12
7
10
13
17
20
20
20
25
25
28
28
21
12
4
2
1
5
7
12
12
4
-4
-13
-18
-15
-11
-7
-2
-3
-7
-7
-4
-1
-1
-3
-7
-7
-5
-3
-6
-9
-6
-5
-2
-1
-1
-4
-11
-14
-16
-18
-15
-9
-5
-2
-2
-5
-8
-6
-1
-1
-2
-3
-4
-2
1
4
2
-4
-7
-9
-13
-15
-9
-3
-5
-3
-4
-6
-4
-1
6
3
1
3
3
2
7
14
9
7
5
-1
-8
-5
3
8
10
8
4
-2
-10
-6
-7
-5
-2
1
-2
1
4
4
-8
-14
-9
-6
-4
9
21
16
8
4
-3
-10
-5
2
2
-1
5
3
-7
-7
-3
-5
-10
-8
-6
-10
-6
-2
-3
-9
-6
-2
0
0
4
5
-1
0
5
9
5
8
10
10
8
6
4
5
7
5
3
0
0
-2
-3
-1
-2
2
-2
-6
-7
-9
-8
-4
-3
-2
3
0
-1
-4
-3
3
3
2
-4
-2
-3
-1
-4
-2
-2
-1
-3
-7
-5
-4
-5
-3
-1
-6
-11
-12
-10
-3
2
3
-1
-2
-2
-4
-3
-4
-2
1
0
-1
0
4
3
4
4
2
2
3
3
5
6
7
8
7
6
4
3
4
6
6
8
5
5
3
2
-2
-3
0
1
-1
-4
-7
-4
-3
-3
-3
-5
-5
-4
-3
-7
-5
-3
-2
-3
-4
-2
-1
-4
-2
2
-1
-3
-5
-2
1
2
-2
-2
-1
0
-1
-3
-1
0
2
3
1
5
1
0
0
0
0
-1
2
1
2
1
2
1
0
-2
-5
-5
-2
0
0
1
-1
-2
-2
1
0
1
2
4
3
2
1
1
2
1
3
2
0
-1
-1
-1
-3
0
-1
0
-2
-1
0
1
3
0
-1
-1
-1
0
0
0
-1
-2
-1
2
-1
-3
-1
0
2
0
-1
-2
-2
-6
-4
-2
0
-1
-3
-3
-3
-3
-3
-2
-1
1
-3
0
-1
-2
-4
-3
-3
-3
1
2
3
5
5
2
3
0
1
3
3
6
6
6
6
4
3
3
1
1
1
1
1
-2
-1
2
0
0
-1
1
2
-3
0
2
2
0
-2
-2
-3
1
-2
-4
-5
-6
-5
-4
-1
-4
-4
-4
-2
-5
-5
-6
-3
-3
-3
0
0
1
-1
0
1
0
0
-1
-1
4
5
0
-2
0
1
3
-1
-1
1
2
2
-2
0
1
2
2
3
3
0
1
2
3
2
1
5
5
6
6
2
2
3
3
4
3
1
2
0
-3
-1
0
-2
-1
-1
0
-2
-3
-2
-1
-1
-4
-5
-5
-5
-3
-1
-2
-2
-2
-3
-2
-4
-5
-2
0
-1
-2
