2
2
3
3
2
0
2
3
1
2
1
2
3
1
-1
0
1
-2
-2
-1
-2
0
-1
0
0
-1
-1
-1
-1
1
-1
-1
0
1
1
1
1
2
2
3
2
1
1
2
-1
-1
3
2
1
-1
-1
-1
0
0
-4
-2
-3
-2
-2
-4
-2
-3
-3
-3
-1
-2
1
0
0
0
0
1
0
0
-2
0
-1
-1
0
-1
0
-1
1
1
0
-1
2
-1
1
0
1
1
4
1
1
0
1
2
0
0
-1
0
-3
0
-3
0
1
1
2
-1
1
2
1
0
1
2
2
1
0
4
4
3
1
2
6
3
0
0
1
1
-1
2
-1
-1
0
0
-2
-3
-3
-2
-2
-3
0
-3
-3
-5
-4
-3
-5
-3
-2
-2
-3
-3
-3
-3
-1
-1
-1
0
-3
1
2
1
2
2
4
4
6
6
0
2
3
2
2
0
3
1
1
2
1
0
-2
-2
-2
-1
2
0
-2
-2
-2
1
1
2
1
0
1
0
1
0
1
0
5
4
0
0
0
2
3
1
2
2
1
-1
0
-1
0
-3
-1
-3
-1
-2
-5
-4
-1
-4
-6
-2
-5
-4
-5
-4
-3
-1
0
1
-2
-1
0
1
0
0
-1
0
1
1
2
3
4
3
3
4
4
4
3
3
5
3
3
3
3
-1
-2
-1
-1
0
-1
2
0
-2
-2
0
1
-3
-1
0
-1
-1
-2
-1
0
-1
-1
0
-1
-1
1
1
-2
0
0
-2
0
-3
1
-1
0
-1
0
-1
0
0
-1
1
1
-1
-3
-1
-1
0
0
0
-2
-3
0
-1
0
-1
-1
3
1
-3
-2
-2
-2
0
2
3
2
3
3
4
3
3
2
1
0
0
1
-3
-2
-1
-2
-2
0
-1
-3
-2
0
0
1
1
-2
-1
0
-1
2
2
2
2
1
0
1
1
0
1
1
1
-1
0
-2
-1
-1
-1
2
0
2
3
2
2
1
2
0
2
0
-2
-1
-2
-3
-3
0
-1
-1
-3
-2
-3
-3
-3
-2
0
2
2
2
2
0
0
-3
-1
0
0
-1
-2
1
2
0
1
0
4
2
-1
2
4
2
-1
1
-2
0
-1
0
1
-1
-1
-3
-1
1
1
-2
-3
-3
-2
0
1
0
-2
0
2
3
1
-1
0
1
3
3
2
4
2
1
0
0
-1
0
0
-1
-3
-2
-2
-3
-2
-5
-5
-4
-2
-2
-1
-1
2
0
-2
0
2
2
2
-1
-1
-1
0
1
3
0
-1
3
3
0
2
3
1
3
4
3
2
1
0
1
0
-1
-2
0
0
0
-1
0
0
1
-2
-1
-2
1
3
0
-2
-3
1
-2
-1
-1
-2
-1
2
1
2
1
1
4
5
1
1
0
-1
0
-1
-3
-3
-3
-3
1
-3
-3
-1
0
-2
-1
-3
-2
-1
-3
-2
-5
-3
-2
-4
0
-3
-1
0
1
0
-1
1
0
1
3
1
1
4
6
5
3
0
0
1
0
4
1
0
1
2
1
1
3
2
1
2
2
1
5
1
0
2
1
1
0
-1
-1
-1
-2
2
2
1
-2
-1
1
1
1
-1
0
-1
-1
0
-1
-1
-2
-1
-1
-4
-1
0
-1
0
-2
-4
-1
-5
-3
0
0
-3
-2
-1
0
-4
-1
0
1
0
1
-1
0
1
1
2
1
2
-1
1
0
-1
0
0
1
0
-1
0
-1
-2
-1
-1
0
-1
-2
0
-1
-1
-3
-2
0
2
1
0
3
2
3
0
2
2
2
2
1
0
0
2
2
2
2
2
2
3
3
2
2
1
0
5
0
-1
-1
0
-7
-13
-16
-11
3
5
-6
-8
-6
2
0
-4
5
5
6
-19
-5
-7
-11
-4
-4
2
-7
-3
-4
-9
-14
-5
-4
-3
0
-11
5
0
11
6
1
2
4
11
18
18
-14
-43
-30
2
-9
-32
-36
13
1
-15
12
35
-7
20
21
21
29
93
68
64
73
73
29
17
-12
-22
21
-54
-37
-103
-62
-1743
-2246
296
2746
538
-2644
-1747
181
1388
1729
770
-1091
-730
1421
1807
769
-1481
-2096
10
2646
1161
-2006
-2040
-156
1260
995
-110
-723
-112
1183
1354
683
56
478
1415
1508
919
400
674
1327
1477
821
155
362
845
940
522
9
-218
-148
138
-994
-3241
-3722
-1477
-309
-2530
-4713
-4480
-3130
-2144
-1727
-2384
-3320
-2627
-854
103
61
-9
200
844
1784
2201
2011
2091
2267
2142
1959
2216
2132
1627
1267
1004
403
111
546
654
131
-391
-55
635
1494
2155
2077
1779
2406
3554
4664
4848
5399
5422
6547
4178
-3710
-6784
1457
8404
-380
-11425
-11458
-7056
-6054
-5122
-4933
-9845
-13389
-9366
-3644
-2382
-3698
-4108
-2937
-76
2623
3757
4738
6018
5938
5467
6663
7983
7711
7171
6413
4248
2472
2866
3269
1473
-1115
-3545
-5008
-4354
-2987
-4174
-7149
-7952
-6449
-4944
-3668
-2905
-3034
-3582
-1575
1737
3595
3322
2886
3700
5177
6682
6917
5968
5170
5200
5480
5419
5035
4054
3397
2978
2719
1911
1501
1547
1965
1078
-5169
-10726
-8148
-72
-404
-9033
-14082
-12369
-8180
-4677
-3845
-7705
-11040
-7754
-1949
754
251
-626
-249
2498
5637
6234
5727
6440
7010
6433
6127
6395
5850
5263
4667
2758
374
-252
212
-1550
-4010
-5177
-4861
-4632
-4688
-5354
-6393
-5663
-3433
-1752
-1524
-1216
-406
1016
3189
4894
5142
4702
5325
6327
6766
6573
6202
5495
4786
4524
4277
3724
3253
2612
1976
1032
1032
1263
2019
182
-6505
-10994
-7032
349
-1750
-9870
-13856
-11588
-7553
-4669
-4709
-8448
-10352
-6870
-1956
131
-424
-986
6
2870
5096
5337
5475
6504
6749
6163
5985
6024
5694
5371
4314
1055
-1443
-408
1550
-57
-4005
-6334
-5936
-3989
-2637
-3603
-5711
-5905
-3333
-927
71
-216
-19
1005
3156
5390
5841
5375
5216
6078
6663
6899
6746
5995
5094
4766
4587
4083
3539
2860
2546
2371
2792
-1596
-8765
-10058
-2956
484
-6605
-13649
-13969
-10588
-7428
-5802
-7911
-11819
-10728
-5373
-1637
-1356
-1955
-1470
1138
4616
5992
5494
6255
7708
7969
7461
7313
6868
6657
6049
3212
1318
1993
2499
-681
-3822
-4463
-4267
-3938
-4218
-5432
-6729
-6054
-4100
-2893
-2337
-2241
-1606
341
2786
3921
3956
4687
5831
6538
7038
7291
7176
7034
6873
6082
5231
4647
4417
3515
3205
2700
2899
411
-6361
-10569
-6603
-582
-4096
-11974
-14759
-12543
-9625
-7385
-7256
-10519
-11987
-8297
-3478
-1415
-1630
-1510
120
3268
5658
6135
6618
7723
8261
8045
7957
7776
6321
5701
6350
5354
1987
-664
-510
-580
-1915
-3645
-5273
-6079
-5509
-4877
-5414
-5685
-4636
-3433
-2864
-1497
-92
1203
2737
4434
5093
5207
6593
7888
8128
7798
7648
7287
7029
6644
5454
4379
4101
4203
3773
2721
-2890
-9710
-9624
-2720
-1458
-10873
-17830
-13976
-7236
-7493
-12161
-13161
-10883
-7670
-4778
-3260
-3711
-3182
581
4341
5392
4962
5690
7867
9840
9352
7615
7161
7860
8082
6609
4645
2451
1309
767
-202
-2068
-4111
-4841
-5033
-5328
-5858
-6180
-5933
-4950
-3671
-3571
-2907
-978
1360
2651
3378
4414
5307
6696
7787
8173
8016
7837
7967
7526
6801
5753
5003
4463
4264
3849
3424
-805
-7588
-10083
-4868
-1584
-7488
-14388
-15341
-12571
-10185
-8770
-9861
-12619
-11956
-7516
-3759
-2571
-2365
-1570
927
4417
6167
6407
7267
8666
8884
8771
8827
7905
7421
7955
7133
3592
1139
1336
1291
-384
-2772
-4726
-5724
-5315
-4699
-5624
-6617
-6328
-4509
-3519
-3543
-2503
-279
2196
3312
3899
4467
6170
8214
8846
8395
8165
8318
8335
7862
6790
5741
5104
5042
4516
3934
-713
-7534
-9784
-4665
-2109
-8258
-15021
-15994
-13307
-11048
-9909
-11207
-13549
-12622
-8356
-4646
-3316
-2920
-1746
1046
4163
5987
6912
8127
9230
9344
9336
9169
8885
9055
8778
6791
3724
2500
2524
1714
-438
-2960
-4612
-5127
-4990
-5313
-6234
-6910
-6451
-5835
-4754
-3406
-1632
-455
397
1862
3657
5620
6953
7501
7782
8421
9280
9367
8701
7450
6743
6675
6620
5782
4571
3769
-1316
-7844
-8906
-3318
-2705
-10264
-15976
-15765
-13247
-11582
-10711
-12180
-14439
-12964
-8422
-4705
-3613
-3370
-2021
1237
4721
6477
7100
8284
9619
10015
10094
9855
9635
9629
9029
6846
4144
3108
2844
1513
-1164
-3548
-4784
-5065
-5175
-5776
-7077
-7755
-6632
-5949
-4967
-3698
-1836
-714
426
2449
4177
5843
7081
8001
8578
9144
9831
9849
9130
7823
7464
7334
7277
5997
5335
2274
-4374
-8839
-6058
-1832
-6132
-14093
-17064
-14942
-12410
-11452
-12432
-14898
-14986
-11238
-6883
-4847
-4526
-3652
-1013
2866
5581
6550
7443
9069
10270
10198
10214
10767
10836
9726
7914
6089
4682
4003
2832
297
-2406
-4104
-4629
-5054
-5536
-6854
-7947
-8064
-7828
-6086
-3789
-1968
-1974
-1505
998
4292
6559
7024
7218
8180
9770
10868
10721
9436
8368
8546
8648
8022
6522
5792
2019
-4570
-8012
-4881
-2476
-7702
-14488
-16940
-15577
-13446
-12126
-13154
-15674
-15452
-11792
-7620
-5373
-4641
-3637
-901
2904
5570
6875
8118
9666
10587
10700
11221
11696
11365
10069
8398
6755
5398
4441
2839
263
-2166
-3680
-4676
-5253
-6237
-7411
-8662
-8677
-7124
-5684
-4760
-4144
-2916
-1146
1477
4125
5539
6135
7201
8737
10289
11090
10619
9317
8641
9208
9282
8387
6518
5910
2668
-4009
-8037
-5023
-1888
-7305
-14936
-17447
-15561
-13508
-12626
-13722
-16263
-16118
-12123
-7787
-5851
-5332
-4145
-1155
2894
5625
6865
8079
9682
10638
11039
11830
12209
11576
10233
8979
7405
5942
4893
3159
479
-1990
-3458
-4156
-5183
-6124
-7698
-8218
-8294
-8356
-6564
-4432
-2878
-3284
-2207
894
4108
6018
6341
6895
8242
10067
10850
10430
9361
8916
9310
9158
8174
6545
5998
2331
-4377
-7708
-4264
-2238
-8054
-14806
-16796
-15573
-13744
-12461
-13668
-16584
-15991
-11616
-7730
-6233
-5605
-4001
-933
2769
5373
6772
8148
9649
10270
10891
11978
12406
11527
10095
8908
7505
6245
5152
3142
299
-1867
-2814
-3803
-5072
-6439
-7956
-8788
-8057
-6476
-5729
-5508
-4621
-2993
-633
1982
3797
4699
5721
7546
9253
10034
10156
9834
9355
9369
9399
9112
7956
7033
5733
190
-5863
-6576
-2271
-3290
-10633
-16101
-16569
-14558
-13017
-13006
-15277
-17030
-14793
-10436
-7278
-6343
-5783
-3598
190
3702
5642
6899
8533
9897
10571
11486
12283
11987
11009
10116
8915
7208
5991
4733
2509
-76
-1891
-2950
-4176
-5185
-6586
-7425
-8485
-8510
-6870
-5094
-4110
-4319
-3191
-556
2455
4418
5041
5907
7457
9289
10138
10109
9417
9006
9398
9553
9053
7299
6877
4759
-1383
-6493
-5043
-1238
-5047
-12621
-16557
-15613
-13692
-12728
-13753
-16426
-16977
-13764
-9498
-7314
-6792
-5837
-2945
1069
4064
5590
6982
8801
10257
10941
11658
12148
11717
11113
10406
8950
6916
5571
4454
2319
-236
-2091
-3273
-4315
-5208
-6646
-7612
-8618
-8651
-6634
-4444
-3601
-4244
-2873
246
3291
5072
5395
6011
7680
9699
10473
9958
8915
8920
9581
9827
8584
7395
6261
1390
-4591
-5710
-1841
-2526
-9286
-14898
-15910
-14516
-13135
-12965
-15201
-17188
-15608
-11715
-8606
-7335
-6567
-4691
-1268
2314
4698
6308
7901
9276
10437
11587
12403
12457
11864
10793
9284
8073
7357
6012
3344
483
-1290
-2421
-3394
-4955
-6969
-8480
-8491
-7202
-6617
-6625
-6267
-4779
-2450
-73
1777
3014
4351
6347
8234
9325
9710
9846
9938
10076
10063
9623
8894
8030
7693
3691
-3060
-6277
-2758
-1056
-7115
-13964
-16170
-14999
-13346
-12707
-14677
-17500
-16736
-12691
-9251
-7946
-7300
-5778
-2448
1382
3946
5489
7056
8801
10253
11550
12626
12507
11960
10714
9627
9227
8666
6678
3188
947
-320
-1066
-2748
-4996
-6902
-7947
-7852
-7457
-7078
-7106
-6568
-4902
-2946
-1224
527
2486
4295
6017
7592
8700
9420
10175
10480
10071
9666
9662
9752
8875
8304
4235
-2467
-5998
-2681
-359
-6182
-13569
-16301
-15026
-13361
-12818
-14638
-17663
-17280
-13264
-9560
-8284
-7830
-6239
-2927
982
3675
5219
6869
8709
10000
11174
12392
12670
12029
11381
10767
9465
7942
6556
4644
2371
300
-1205
-3130
-4667
-5764
-7066
-8162
-8324
-7363
-6982
-6481
-5398
-4049
-2227
-3
2121
3539
4792
6604
8268
9425
9774
9889
9805
10016
9975
9500
8435
8053
7158
1681
-4544
-5488
-1614
-2568
-9210
-14806
-15967
-14520
-12940
-13166
-15811
-17582
-15571
-11527
-8787
-7876
-7151
-4977
-1212
2228
4348
5954
7731
9253
10448
11728
12613
12453
11921
11186
10166
8656
7550
6041
3751
1285
-534
-2042
-3748
-4751
-6294
-7829
-8589
-7894
-6939
-6686
-6098
-5027
-3249
-1100
911
2696
4103
5683
7446
8840
9495
9721
9770
9877
10082
9979
9321
8542
8202
3993
-2666
-5436
-1857
-918
-7134
-13517
-15487
-14622
-13492
-12885
-14870
-17663
-16814
-12887
-9724
-8690
-7951
-6110
-2871
729
3303
4954
6886
8788
10161
11227
12286
12723
12299
11763
10928
9557
8088
6829
4885
2533
499
-986
-2742
-4498
-5799
-7233
-8168
-8161
-7247
-7003
-6870
-5809
-4175
-2160
-87
1574
2937
4663
6823
8214
8862
9366
9863
9861
9832
9601
9337
8701
8264
7303
1665
-4502
-5015
-893
-2089
-9458
-14626
-15175
-13968
-12835
-13071
-15565
-17558
-15418
-11389
-8962
-8378
-7480
-5188
-1507
1855
3797
5248
7222
9023
10186
11301
12205
12220
11727
11267
10391
8886
7592
6254
4207
1970
224
-1362
-3444
-4671
-5326
-6765
-8558
-8706
-7236
-6162
-5755
-5299
-4240
-2162
546
2507
3427
4632
6570
8327
9312
9527
9311
9277
9818
9980
9345
8305
7840
6353
1142
-4222
-4538
-1285
-2921
-9640
-14559
-15143
-13855
-12744
-13064
-15462
-17165
-15136
-11179
-8719
-7980
-7178
-4911
-1359
2013
4124
5519
7187
8901
10214
11395
12138
12122
11676
11014
10068
8812
7584
6066
3915
1795
-38
-1465
-3291
-4850
-5762
-6558
-7891
-8818
-8055
-6472
-5246
-4972
-4567
-2862
165
2710
3788
4458
5772
7764
9461
9997
9451
8805
9151
9789
9569
8576
7231
7043
3468
-2606
-6053
-2971
-1140
-6692
-13358
-15561
-14283
-12996
-12405
-13840
-16571
-16354
-12620
-8894
-7691
-7326
-5819
-2643
1017
3645
5146
6483
8119
9698
10975
11868
11960
11535
10991
10316
9065
7712
6381
4525
2376
477
-961
-2715
-4362
-5216
-6092
-7216
-8233
-7954
-6775
-5728
-4987
-4465
-2907
-519
1732
2899
4000
5701
7417
8688
9321
9225
8924
8956
9456
9112
8466
7474
7049
5318
-429
-5495
-4796
-772
-3548
-11157
-15406
-14562
-12696
-12035
-12932
-15614
-16844
-13782
-9473
-7696
-7912
-6855
-3748
1
2748
4165
5424
7353
9388
10506
11180
11646
11602
11142
10436
9339
8064
6825
5392
3152
1034
-523
-1931
-3444
-5040
-6134
-6738
-7341
-7834
-7741
-6394
-4960
-4104
-3533
-2114
392
2805
4359
5081
5979
7462
9303
10219
9425
8386
8232
9167
9188
8297
6676
5954
3249
-2470
-5892
-3631
-1511
-6623
-13039
-14927
-13835
-12884
-12362
-13145
-15823
-15998
-12130
-8419
-7404
-7123
-5304
-2431
816
3498
4939
6245
8005
9662
10568
11248
11603
11299
10720
9983
8717
7377
6080
4461
2368
424
-1267
-2706
-3898
-5168
-6598
-7192
-7269
-7627
-7508
-6256
-4388
-3718
-2957
-1258
1162
3167
4644
5888
6675
7899
9521
10019
9255
8465
8863
9270
8810
7565
6431
6060
2327
-3876
-6370
-2862
-2010
-8153
-13914
-14946
-13904
-12984
-12309
-13637
-16267
-15341
-11170
-8058
-7496
-6784
-4589
-1550
1522
3847
5298
6775
8643
10045
10642
11139
11526
11403
10641
9511
8057
6955
5917
4065
1602
-440
-1701
-2854
-4124
-5809
-7085
-7248
-7114
-7332
-7283
-5930
-4476
-3557
-2376
-506
1715
3565
5135
6196
7075
8317
9524
9899
9389
8741
8511
8641
8284
7362
6097
5724
1919
-4148
-6812
-3230
-1937
-7957
-14106
-15427
-13672
-12307
-11902
-13656
-16236
-15041
-10725
-7406
-7076
-6757
-4712
-1351
1943
4125
5297
6499
8310
9925
10609
10970
11181
10961
10182
9188
7911
6629
5401
3709
1525
-395
-1779
-2998
-4237
-5656
-6757
-7046
-6900
-7308
-7162
-5720
-3867
-3111
-2325
-441
1940
3765
4898
5843
6815
8402
9893
9807
8737
8240
8605
8870
8147
7181
5765
5618
2714
-3381
-6876
-3913
-1567
-7096
-13452
-14990
-13519
-12676
-12107
-12835
-15343
-15269
-11343
-7693
-6942
-6770
-4752
-1618
1479
3713
4957
6212
8081
9671
10206
10451
10881
10901
10258
9169
7858
6479
5427
4035
1940
-233
-1650
-2651
-3798
-5227
-6830
-7111
-6662
-6582
-7016
-6235
-4363
-3203
-2184
-625
1373
2952
4389
6027
7061
7924
8747
9425
9312
8890
8468
8203
7766
7461
6474
5860
3374
-2207
-6435
-4796
-1675
-5285
-11931
-14772
-14051
-12829
-11764
-11972
-14642
-15668
-12200
-8203
-6919
-6650
-4988
-2405
495
3187
4754
5814
7461
9251
9895
9951
10452
10890
10446
9245
7860
6555
5655
4435
2408
218
-1336
-2448
-3471
-4615
-6251
-7157
-6489
-6055
-6840
-6732
-4833
-2979
-2241
-1076
539
2295
4110
5810
6637
7170
8521
9576
9278
8534
8275
8445
8223
7771
6552
5777
4351
-628
-5600
-5358
-1832
-4033
-10500
-14261
-14148
-12746
-11639
-11842
-14408
-15722
-12758
-8909
-7259
-7007
-5656
-3143
-152
2603
4147
5276
7030
8944
9846
10018
10343
10673
10617
9788
8403
6931
5938
4807
2957
783
-1055
-2148
-3151
-4212
-5910
-7389
-7407
-6469
-6024
-6417
-6023
-4537
-2715
-956
375
1511
2830
4806
6720
7753
8231
8596
9069
9491
9295
8526
7809
7638
7452
6492
5467
1274
-4430
-6222
-2347
-1872
-8541
-14107
-14176
-12669
-11950
-11745
-13100
-15737
-14355
-9789
-7265
-7446
-6651
-3879
-1021
1478
3685
4957
6302
8227
9713
9915
10034
10554
10830
10027
8788
7323
6135
5117
3549
1345
-571
-1844
-2800
-3939
-5073
-6666
-7820
-7119
-5989
-5731
-6302
-5518
-3536
-1403
194
1055
2129
3932
6217
7564
7892
8184
8910
9488
9412
8640
8041
7720
7758
6918
6075
3315
-2290
-6026
-4110
-1319
-5572
-11923
-14316
-13356
-12306
-11596
-12287
-14852
-14962
-11434
-8197
-7439
-6866
-4853
-2320
337
2817
4470
5734
7464
9141
9719
9794
10290
10691
10355
9254
7912
6639
5453
4115
2240
206
-1387
-2565
-3573
-4740
-5876
-6991
-7621
-6949
-6087
-5569
-5477
-4464
-2706
-918
668
1902
3266
4862
6595
7814
8360
8810
9074
9335
9208
8581
7875
7366
7139
6316
5655
1827
-4115
-6568
-3116
-1817
-7589
-13266
-14394
-13114
-12072
-11431
-12822
-15440
-14247
-10046
-7360
-7295
-6541
-4060
-1296
1437
3619
4919
6132
8005
9631
9865
9928
10451
10780
10022
8754
7472
6188
4950
3411
1486
-475
-1912
-2980
-4062
-5175
-6381
-7465
-7737
-6897
-5831
-5350
-5109
-4315
-2531
-289
1614
2620
3565
5118
7037
8494
9088
9199
9015
9152
9189
8835
8020
7188
6730
6153
5030
301
-5437
-6647
-2544
-2533
-9187
-14641
-14533
-12564
-11630
-11812
-13711
-15396
-13143
-8989
-7018
-7140
-6128
-3307
-99
2528
4158
5218
6686
8681
10116
10159
9958
10258
10561
9874
8459
6798
5376
4326
2915
786
-1367
-2557
-3389
-4292
-5635
-6750
-7799
-7591
-6614
-5626
-5148
-4947
-3801
-1920
554
2037
2926
4104
5778
7467
8618
9321
9288
9048
9098
8973
8514
7926
7214
6212
5281
4196
-517
-5866
-6437
-2726
-3900
-10486
-14382
-13989
-12769
-12134
-11674
-13402
-15069
-12497
-8390
-6755
-6824
-5201
-2307
442
2868
4507
5716
7118
8949
10017
10035
10016
10286
10343
9472
7932
6372
5091
3647
2223
626
-1244
-3144
-4324
-4675
-5445
-6576
-7753
-7753
-6375
-5202
-4930
-4800
-3424
-1138
981
2390
3083
4279
6215
7800
8718
9007
9152
9039
9070
8856
7946
7102
6461
5951
4789
4012
436
-5121
-7725
-4443
-3160
-8395
-13605
-14590
-13243
-11991
-11029
-12281
-14450
-13037
-9184
-6472
-5880
-4962
-2877
-91
2778
4618
5607
6737
8363
9620
9875
9883
9929
9803
8968
7573
6160
5095
3998
2271
247
-1577
-2664
-3401
-4263
-5403
-6537
-7358
-7205
-5605
-4611
-5127
-5038
-3129
-605
954
2125
2885
3977
5941
7768
8488
8444
8706
8924
8731
8574
7713
6762
5904
5590
4536
3792
2200
-3197
-7945
-6584
-2634
-5772
-11920
-13985
-13405
-12723
-11092
-10339
-13178
-13965
-10026
-6664
-6013
-5192
-3068
-1089
1520
4017
5022
5816
7605
9202
9424
9305
9356
9399
9176
8288
6641
4979
3877
2624
1251
-384
-2100
-3697
-4355
-4653
-5520
-6733
-7238
-6265
-4731
-4295
-4505
-3664
-1596
588
2194
3207
3752
5069
7119
8379
8529
8522
8753
8550
8380
7818
6692
5688
5293
4791
3627
2685
-1481
-7010
-8072
-3651
-3572
-10040
-14406
-13913
-12285
-11046
-10076
-12008
-14240
-11542
-6858
-5248
-5353
-3931
-1665
638
3306
4994
5511
6687
8556
9397
9093
9056
9318
9133
8261
6907
5407
4236
3062
1525
-59
-1589
-3014
-4098
-4552
-4993
-5995
-6730
-6344
-5005
-4077
-4003
-3605
-2259
-146
1915
3191
3699
4446
6108
7547
8194
8329
8355
8206
7855
7555
6632
5637
4735
4380
3531
2880
1659
-2918
-8083
-7743
-3248
-4476
-10725
-13964
-13006
-11943
-10490
-9456
-11448
-13332
-10262
-5965
-4697
-4595
-3165
-1185
1027
3557
5006
5466
6703
8342
8854
8461
8443
8763
8714
7694
6010
4448
3692
2796
1298
-354
-1831
-3151
-3756
-4060
-4702
-5956
-6407
-5507
-4056
-3352
-3792
-3172
-1441
937
2470
3185
3679
4714
6464
7583
7944
8020
7897
7749
7492
7158
5983
4970
4316
4126
3275
2522
435
-4493
-8141
-6467
-3104
-5933
-11495
-13503
-12640
-11353
-9789
-9319
-11877
-12705
-8934
-5215
-4455
-4324
-2714
-685
1637
4046
5110
5484
6681
8225
8645
8251
8225
8434
8199
7152
5514
4162
3460
2587
1015
-818
-2228
-3123
-3478
-3874
-4935
-6246
-6038
-4545
-3462
-3569
-3476
-2336
-683
1409
2913
3412
3691
5127
6877
7470
7633
7757
7724
7372
7180
6594
5578
4868
4517
3637
2902
2133
-2199
-7402
-7332
-2954
-4138
-10041
-12936
-12487
-12119
-10540
-8719
-10849
-13473
-10653
-6188
-5021
-4939
-3310
-1598
357
3065
4739
5096
6184
7901
8552
8339
8374
8628
8560
7711
6368
4949
3934
2955
1752
140
-1632
-2809
-3287
-3555
-4482
-5775
-6215
-5204
-3854
-3563
-3729
-3092
-1562
514
2295
2946
2970
4083
6199
7321
7384
7381
7463
7302
7305
7050
5848
4863
4587
4222
3171
2776
404
-5011
-8074
-4848
-2221
-6671
-12028
-12850
-11844
-10895
-9121
-9317
-12547
-12503
-7997
-5055
-5163
-4476
-2486
-730
1537
3878
4713
5244
6853
8248
8233
8010
8320
8557
8162
7022
5434
4298
3739
2767
854
-930
-2029
-2621
-3086
-3710
-4723
-5876
-5687
-4441
-3282
-3245
-3299
-2505
-844
1184
2508
2912
3303
4586
6084
6776
6962
7128
7162
6940
6710
6136
5333
4770
4288
3461
2924
2893
-800
-6393
-7669
-3330
-2753
-7978
-11993
-12425
-11754
-10036
-8070
-9903
-12962
-11231
-6835
-4909
-4799
-3892
-2368
-237
2426
4086
4466
5446
7127
8172
8047
7781
8085
8473
7952
6559
5031
4052
3363
2480
809
-1320
-2466
-2572
-2798
-3917
-5161
-5681
-5180
-4007
-3193
-3229
-3109
-2208
-441
1529
2791
3132
3463
4639
5847
6714
7270
7243
6738
6379
6431
6030
5257
4546
3867
3211
3042
2310
-2084
-7053
-6848
-2677
-3369
-8927
-12291
-12242
-11270
-9393
-8086
-10499
-12884
-10187
-6067
-4792
-4664
-3451
-1933
126
2761
4207
4559
5656
7351
8151
7981
7816
8072
8293
7696
6224
4730
3829
3280
2342
523
-1595
-2708
-2588
-2731
-4000
-5286
-5636
-4946
-3948
-3133
-3081
-3003
-2050
-222
1682
2660
2917
3466
4705
5924
6582
6927
6752
6524
6411
6455
5800
5053
4298
3945
3394
3291
2232
-2434
-7086
-6352
-1966
-3432
-9092
-12214
-11858
-10974
-9178
-8042
-10597
-12705
-9941
-6030
-4843
-4749
-3468
-1891
178
2620
4033
4485
5509
7176
8104
8044
7900
8130
8292
7601
6301
5052
3939
2902
2134
1036
-1027
-2830
-3070
-2882
-3693
-4900
-5432
-5314
-4567
-3239
-2480
-2676
-2409
-783
1323
2627
3078
3270
3898
5170
6464
6958
6384
5886
6048
6258
5773
4898
4303
3665
3323
2978
2817
-88
-5178
-7366
-3954
-1771
-5925
-10679
-11824
-11153
-9852
-7753
-8374
-11532
-11368
-7447
-4973
-4611
-3835
-2529
-1057
1249
3276
4023
4832
6338
7448
7660
7441
7546
8080
8051
6863
5318
4308
3361
2566
1805
276
-1858
-3019
-2863
-3060
-4194
-5066
-5137
-4701
-3849
-2801
-2449
-2501
-1598
286
1910
2734
3151
3624
4279
5371
6329
6417
5962
5992
6125
5723
4972
4638
4099
3560
3101
2987
2174
-1831
-6448
-6468
-2134
-2594
-8018
-11536
-11245
-10699
-9135
-7303
-9065
-12051
-10434
-6328
-4536
-4343
-3457
-2242
-573
1902
3768
4434
5171
6478
7516
7614
7495
7875
8272
7562
6117
5117
4241
2967
2143
1518
-303
-2528
-2981
-2720
-3465
-4649
-4861
-4789
-4566
-3759
-2729
-2170
-1913
-929
503
1748
2640
3511
4150
4397
5056
5905
6127
5816
5727
5564
5029
4683
4478
3841
2827
2406
2353
2240
-621
-5355
-7342
-3793
-1713
-5627
-10413
-11500
-10572
-8946
-6880
-7799
-11033
-10784
-6896
-4137
-3890
-3592
-2632
-840
1601
3441
4058
4593
5913
7255
7547
7148
7176
7811
7713
6507
5071
3927
3048
2218
1374
42
-1585
-2803
-3234
-3316
-3953
-4645
-4851
-4414
-3700
-2704
-2054
-1930
-1320
278
1821
2622
3169
3734
4222
4946
5793
6038
5536
5357
5478
5334
4762
4198
3681
3016
2656
2355
2236
-534
-5264
-7083
-3336
-1576
-5868
-10290
-10889
-10215
-9000
-6963
-7864
-10912
-10380
-6590
-4506
-4315
-3616
-2440
-884
1434
3101
3671
4415
5899
6981
7109
6954
7281
8012
7875
6530
5095
4274
3743
3197
2235
352
-1527
-2057
-2005
-2719
-3931
-4548
-4580
-4275
-3742
-3202
-2966
-2712
-1883
-355
909
1532
2062
2864
3541
4153
4962
5254
5030
5248
5652
5305
4422
4006
3883
3511
3190
2733
2259
-296
-4133
-5724
-2996
-1833
-5381
-9163
-9976
-9617
-8732
-7049
-7667
-10064
-9852
-6932
-4941
-4333
-3493
-2475
-1097
898
2610
3476
4267
5438
6475
6787
6740
7009
7595
7463
6396
5157
4250
3764
3329
2421
656
-1017
-1687
-1796
-2306
-3228
-3969
-4335
-4086
-3427
-2991
-2838
-2518
-1651
-458
669
1380
2021
2786
3373
3944
4551
4881
5010
5481
5513
4731
3961
4024
3943
3595
3066
2764
850
-3011
-5516
-3633
-1487
-4030
-8171
-9811
-9795
-9065
-7138
-7101
-9941
-10701
-7652
-5162
-4691
-4099
-2923
-1693
349
2318
3212
3847
5140
6389
6810
6787
6869
7455
7643
6842
5513
4586
4014
3496
2734
1312
-434
-1518
-1797
-2030
-2784
-3609
-4121
-4118
-3738
-3183
-2743
-2530
-1821
-662
345
870
1756
2777
3377
3710
4315
4803
5120
5521
5567
4731
3867
4038
4317
3906
3190
2863
506
-3793
-5483
-2639
-1294
-4996
-8739
-9715
-9733
-8891
-6810
-7371
-10395
-10452
-7252
-5118
-4645
-3799
-2843
-1683
414
2434
3332
4063
5205
6252
6704
6863
7082
7544
7514
6572
5387
4584
4071
3527
2621
902
-784
-1473
-1507
-2106
-3111
-3862
-4218
-4047
-3432
-2923
-2974
-2705
-1562
-189
540
808
1588
2721
3605
3990
4300
4470
4804
5509
5687
4808
3794
3872
4089
3848
3141
2671
228
-3762
-5356
-2748
-1543
-4971
-8407
-9560
-9646
-8847
-6792
-7346
-9971
-10021
-7265
-5142
-4332
-3463
-2792
-1647
472
2425
3408
4150
5119
6032
6551
6731
6865
7363
7334
6377
5233
4526
3971
3299
2452
1002
-640
-1413
-1548
-1939
-2911
-3657
-3971
-3856
-3434
-2939
-2543
-2402
-1705
-439
643
957
1583
2677
3342
3652
4151
4424
4526
5156
5465
4557
3425
3510
3881
3729
3111
2636
733
-3094
-5344
-3420
-1320
-3944
-7834
-9233
-9179
-8888
-7226
-6663
-8932
-9939
-7630
-5330
-4595
-3659
-2478
-1715
-234
1735
3071
3908
4860
5764
6238
6435
6696
7252
7384
6468
5324
4599
4085
3543
2868
1489
-340
-1245
-1239
-1626
-2719
-3512
-3732
-3778
-3522
-2973
-2592
-2480
-1986
-818
229
710
1235
2266
2997
3260
3764
4305
4380
4565
5063
4810
3876
3405
3579
3425
3026
2693
2313
-132
-4019
-5494
-2793
-1495
-4700
-8275
-9147
-9144
-8267
-6375
-6803
-9450
-9372
-6473
-4755
-4264
-3243
-2286
-1353
605
2384
3036
3744
4981
5918
6141
6176
6336
6861
6991
6148
4957
4193
3722
3240
2577
1212
-469
-1189
-1206
-1711
-2716
-3136
-3301
-3440
-3361
-2823
-2413
-2103
-1430
-363
339
508
1196
2458
3174
3151
3392
3743
3943
4443
4861
4339
3437
3168
3293
3165
2863
2565
2163
-273
-3966
-5165
-2491
-1497
-4519
-7642
-8713
-9016
-8081
-6030
-6528
-8940
-8939
-6500
-4781
-3960
-3049
-2382
-1352
493
1989
2739
3648
4878
5697
5818
5712
6101
6862
6876
5950
4877
4084
3536
3267
2646
1269
-204
-907
-1295
-1801
-2355
-2684
-3056
-3330
-3284
-2827
-2275
-1814
-1283
-628
-36
527
1462
2445
2784
2815
3150
3663
4009
4397
4464
4031
3492
3222
3143
3064
2956
2773
2239
-656
-4506
-5032
-1824
-1292
-4777
-7928
-8900
-8982
-7514
-5753
-6914
-9089
-8422
-6142
-4904
-4024
-2947
-2202
-995
725
1832
2554
3922
5314
5869
5729
5411
5705
6906
7428
6183
4398
3585
3471
3466
2933
1320
-569
-1286
-1209
-1556
-2296
-2832
-3222
-3374
-3163
-2752
-2419
-2004
-1350
-554
-22
343
1222
2422
2918
2806
3003
3550
3907
4304
4527
4143
3474
3068
3064
3016
2988
2718
2298
85
-3665
-5344
-2855
-1021
-3651
-7274
-8806
-9078
-8235
-5989
-5895
-8368
-9018
-6755
-4979
-4199
-3021
-2025
-1309
74
1599
2511
3617
4946
5658
5570
5410
5675
6541
7104
6428
4984
3884
3440
3332
3082
1893
85
-1098
-1257
-1484
-2012
-2583
-2974
-3238
-3097
-2864
-2452
-1890
-1348
-789
-135
394
857
1895
2746
2861
2812
3180
3455
3694
4192
4205
3559
2876
2618
2617
2650
2589
2304
1637
-1133
-4692
-5073
-1899
-1225
-4741
-7845
-8621
-8541
-7250
-5246
-6021
-8498
-8343
-5979
-4419
-3568
-2405
-1739
-1124
239
1724
2712
3783
4839
5349
5219
5234
5660
6421
6687
6018
4709
3551
3140
3192
2867
1674
126
-827
-1228
-1460
-1778
-2161
-2601
-2974
-2954
-2630
-2038
-1488
-1003
-535
-93
303
1086
2118
2633
2524
2551
2922
3351
3847
4082
3730
3077
2590
2440
2485
2712
2469
1993
555
-2406
-4931
-3848
-1239
-2334
-6027
-8222
-8436
-8100
-6470
-5258
-6759
-8447
-7468
-5438
-4194
-2986
-1935
-1568
-824
682
2019
3123
4266
5064
5210
5111
5309
5881
6568
6495
5592
4329
3441
3189
3165
2666
1314
-133
-952
-1270
-1535
-1749
-2022
-2595
-3044
-2849
-2360
-1871
-1318
-742
-447
-239
362
1387
2291
2506
2309
2466
2932
3469
3835
3879
3354
2742
2464
2509
2651
2648
2243
1663
2
-3016
-4912
-3242
-1350
-3146
-6419
-8055
-8444
-7842
-5776
-5198
-7425
-8585
-6901
-4959
-3923
-2806
-2075
-1811
-623
1026
2111
3062
4332
5127
5082
5040
5277
5990
6665
6494
5306
3968
3359
3424
3500
2725
997
-395
-936
-1011
-1206
-1475
-2060
-2801
-2979
-2517
-2033
-1604
-1109
-662
-513
-220
572
1588
2287
2365
2287
2423
2943
3554
3919
3751
3148
2596
2431
2601
2734
2579
2300
1223
-1720
-4681
-4115
-1277
-1547
-5022
-7669
-8404
-8226
-6552
-5017
-6392
-8395
-7769
-5797
-4666
-3590
-2510
-2019
-1222
119
1182
2123
3664
4806
5014
4811
4845
5376
6446
6936
5959
4431
3593
3541
3697
3391
2023
289
-571
-676
-849
-1237
-1650
-2202
-2676
-2611
-2265
-1833
-1420
-932
-674
-514
-55
841
1744
2076
2024
2068
2389
2897
3525
3799
3418
2712
2347
2399
2597
2721
2498
1974
364
-2514
-4446
-3132
-1058
-2307
-5575
-7621
-7993
-7476
-5819
-5142
-6727
-8040
-7040
-5499
-4419
-3236
-2328
-1948
-1007
298
1143
2205
3776
4792
4833
4691
4778
5392
6448
6733
5645
4201
3538
3584
3747
3265
1828
293
-495
-681
-744
-933
-1523
-2331
-2738
-2600
-2267
-1672
-1001
-699
-899
-828
-88
1081
1902
1962
1691
1824
2443
3161
3701
3701
3092
2431
2335
2648
2905
2904
2589
1417
-1357
-3952
-3601
-1132
-1140
-4196
-7085
-8017
-7681
-6199
-5147
-6219
-7905
-7692
-6295
-5132
-3977
-2938
-2397
-1646
-460
453
1390
3075
4568
4919
4554
4493
5102
6369
7107
6381
4799
3841
3843
4113
3905
2714
1098
-75
-431
-532
-735
-1315
-2035
-2605
-2694
-2563
-2236
-1736
-1114
-871
-1002
-791
164
1336
1875
1887
1763
1978
2658
3610
4079
3637
2744
2288
2541
3082
3335
3014
1994
-507
-3308
-3833
-1563
-688
-3045
-6102
-7572
-7767
-6798
-5383
-5616
-7176
-7680
-6904
-5890
-4588
-3194
-2498
-1961
-1019
-275
581
2383
4146
4686
4444
4343
4633
5683
6850
6734
5439
4302
3906
3882
3938
3421
2045
539
-220
-443
-549
-768
-1284
-2067
-2620
-2601
-2229
-1622
-1087
-955
-1243
-1102
-272
833
1434
1531
1498
1754
2325
3020
3465
3354
2794
2394
2445
2774
2963
2924
2355
228
-2679
-3656
-1666
-446
-2352
-5377
-6960
-7242
-6613
-5452
-5257
-6448
-7304
-6891
-5870
-4814
-3776
-2864
-1987
-1168
-749
-166
1455
3447
4465
4350
4054
4132
5036
6377
6861
5840
4464
3842
3926
4082
3788
2632
1188
299
75
-127
-472
-897
-1445
-2062
-2408
-2285
-1827
-1269
-1004
-1133
-1191
-655
164
812
1192
1444
1666
2141
2808
3087
2872
2568
2685
2864
2939
2826
2722
1528
-938
-2868
-2185
-709
-1335
-3736
-5631
-6360
-6398
-5838
-5480
-5880
-6461
-6446
-6133
-5571
-4618
-3501
-2443
-1527
-1084
-933
93
2005
3569
4007
3892
3770
4168
5257
6255
6108
5087
4255
3936
3869
3764
3306
2286
1261
623
183
-234
-440
-679
-1278
-1904
-2108
-1848
-1381
-978
-1009
-1172
-909
-210
361
732
1046
1363
1700
2195
2624
2683
2417
2293
2434
2597
2573
2479
1855
42
-2043
-2381
-1128
-835
-2418
-4380
-5492
-5872
-5554
-4977
-4908
-5486
-5881
-5836
-5384
-4696
-3773
-2822
-1898
-1422
-1373
-948
515
2206
3181
3353
3218
3189
3827
4927
5537
5150
4349
3736
3516
3565
3512
3032
2288
1476
732
291
310
310
-43
-642
-1177
-1563
-1446
-835
-328
-508
-929
-941
-474
135
652
871
821
879
1206
1621
1871
1890
1667
1482
1493
1584
1596
1320
215
-1480
-2230
-1466
-812
-1530
-2865
-3770
-4263
-4314
-3996
-3753
-3892
-4040
-4179
-4286
-4080
-3413
-2650
-1888
-1329
-1308
-1454
-836
519
1663
2123
2141
2076
2270
2889
3575
3817
3627
3277
2978
2855
2883
2778
2503
2170
1688
1080
783
901
952
688
262
-160
-415
-254
114
223
-5
-193
-164
2
166
268
295
336
424
441
399
409
402
277
202
178
80
-8
-68
-579
-1462
-1836
-1285
-706
-878
-1615
-2212
-2390
-2201
-1955
-1834
-1844
-1897
-2061
-2188
-2123
-1936
-1700
-1293
-934
-969
-1185
-1070
-553
75
533
683
618
671
966
1315
1506
1568
1576
1576
1593
1585
1515
1471
1547
1611
1505
1311
1254
1272
1265
1240
1205
1081
937
827
766
679
575
479
430
331
154
31
60
92
-11
-190
-283
-288
-285
-302
-257
-201
-268
-493
-749
-856
-688
-374
-257
-467
-765
-912
-929
-873
-763
-699
-819
-1047
-1225
-1297
-1311
-1256
-1186
-1160
-1206
-1265
-1286
-1201
-1009
-751
-505
-365
-331
-252
-32
208
285
279
464
791
943
862
837
968
1139
1242
1270
1234
1187
1139
1114
1154
1210
1152
994
856
777
701
599
496
431
415
347
199
98
100
90
10
-64
-87
-73
-27
0
-10
0
39
19
-42
-67
-43
-10
20
6
-71
-171
-232
-288
-396
-542
-652
-709
-767
-874
-1018
-1162
-1259
-1278
-1268
-1276
-1279
-1226
-1181
-1140
-1031
-850
-681
-544
-436
-338
-196
-3
166
265
345
449
558
672
788
855
847
846
903
966
973
934
890
850
809
756
700
663
620
545
457
388
355
346
337
310
267
238
228
234
259
287
290
292
344
411
425
385
353
333
309
281
227
135
28
-94
-251
-382
-428
-495
-679
-882
-989
-1065
-1155
-1210
-1238
-1281
-1324
-1315
-1250
-1169
-1131
-1090
-981
-849
-740
-583
-392
-275
-217
-132
-32
90
265
415
461
456
473
510
577
643
651
629
631
639
620
598
577
546
523
526
553
558
544
517
507
525
567
605
631
645
637
618
648
706
702
640
596
581
548
493
436
358
254
147
42
-83
-217
-313
-386
-517
-716
-872
-909
-920
-1010
-1128
-1191
-1222
-1239
-1190
-1103
-1071
-1081
-1042
-938
-831
-728
-606
-480
-387
-329
-257
-157
-53
58
158
181
149
179
284
342
337
337
336
343
384
431
422
388
395
443
506
555
558
519
518
606
711
736
692
671
711
768
797
782
736
688
646
629
622
572
464
370
303
207
91
22
-22
-124
-288
-450
-562
-597
-609
-691
-839
-948
-960
-917
-896
-915
-943
-939
-872
-768
-682
-628
-575
-505
-436
-389
-344
-282
-203
-130
-88
-84
-104
-112
-69
27
102
80
23
57
163
223
221
219
233
263
342
438
474
453
449
493
561
617
641
637
638
653
659
671
676
651
598
560
540
509
477
432
352
249
168
116
66
-4
-99
-213
-316
-385
-436
-495
-566
-628
-682
-716
-715
-685
-668
-676
-675
-642
-593
-532
-454
-378
-328
-309
-292
-248
-183
-118
-79
-60
-28
-8
-16
-21
7
38
41
36
48
65
85
99
103
106
119
164
215
251
261
276
305
333
361
387
418
448
468
486
487
474
463
454
442
425
407
381
331
262
183
118
80
51
-3
-92
-192
-261
-295
-326
-373
-427
-466
-486
-495
-503
-502
-477
-442
-420
-404
-368
-304
-225
-179
-166
-158
-116
-38
28
44
21
6
30
73
93
78
55
50
55
49
29
8
3
24
44
38
17
-1
19
65
104
120
121
129
150
186
230
266
283
288
290
285
290
306
313
302
265
231
205
179
148
96
40
-7
-43
-75
-127
-183
-229
-260
-282
-295
-313
-339
-359
-352
-314
-273
-245
-241
-243
-223
-169
-98
-42
-15
-6
3
19
44
64
84
99
99
86
63
45
38
44
40
26
3
-8
-12
-12
-14
-24
-33
-28
-2
25
40
32
28
51
88
122
133
138
154
173
186
185
192
206
207
191
166
150
149
145
119
75
31
8
-5
-28
-72
-115
-143
-159
-180
-204
-226
-239
-239
-235
-235
-227
-204
-173
-150
-142
-130
-96
-40
5
21
16
20
45
80
102
98
80
67
67
64
56
36
18
6
0
-8
-17
-22
-28
-33
-41
-39
-17
18
42
38
22
19
50
102
139
143
129
120
124
141
162
176
180
163
131
98
78
82
89
78
35
-26
-72
-92
-84
-79
-104
-146
-183
-198
-190
-173
-168
-178
-187
-181
-160
-139
-117
-106
-95
-76
-44
-11
13
24
27
40
62
87
100
93
76
65
71
75
68
43
18
1
-3
0
-6
-20
-41
-53
-51
-37
-18
-3
5
7
14
31
55
81
101
108
111
116
119
121
128
135
135
124
101
79
68
69
62
43
8
-26
-50
-66
-74
-86
-109
-141
-170
-183
-177
-164
-157
-158
-166
-163
-143
-118
-83
-53
-30
-15
1
24
52
83
107
122
125
116
107
105
114
122
113
77
35
7
0
6
4
-18
-54
-90
-103
-92
-72
-52
-53
-67
-80
-71
-39
7
45
59
55
46
55
90
129
153
154
139
119
109
113
117
113
100
74
36
3
-23
-38
-49
-69
-94
-128
-160
-179
-181
-177
-167
-161
-157
-155
-148
-127
-90
-44
-11
10
18
23
45
84
117
134
127
105
82
78
88
100
92
53
4
-34
-41
-30
-20
-33
-66
-98
-116
-110
-85
-56
-38
-38
-50
-50
-33
13
60
87
87
73
76
100
134
151
151
134
121
112
105
103
94
84
64
33
3
-16
-20
-27
-45
-69
-90
-105
-110
-111
-111
-114
-115
-115
-108
-96
-82
-64
-45
-29
-14
-1
8
24
42
58
70
72
61
57
53
55
60
55
36
10
-9
-20
-19
-12
-18
-37
-58
-77
-79
-66
-47
-32
-36
-51
-61
-51
-23
8
26
27
15
12
26
46
67
76
74
60
48
46
55
65
61
48
26
7
-3
-4
0
-8
-24
-44
-52
-51
-48
-46
-49
-51
-47
-37
-29
-22
-19
-13
-7
0
10
18
25
27
28
30
36
41
42
38
34
34
33
32
24
12
4
1
-2
-8
-20
-30
-33
-36
-37
-36
-35
-32
-28
-33
-31
-26
-10
7
14
7
-4
-1
13
25
28
21
14
10
6
5
6
2
3
-2
-11
-17
-17
-15
-11
-12
-20
-20
-16
-11
-7
-7
-9
-1
4
8
4
1
8
15
19
14
9
12
16
18
16
14
14
18
20
16
14
15
15
12
8
6
8
10
5
-1
-5
-4
-4
-4
-8
-9
-12
-12
-10
-11
-9
-10
-9
-7
-7
-8
-9
-6
-5
-7
-11
-12
-12
-10
-11
-10
-11
-11
-9
-8
-8
-11
-8
-5
0
1
-1
-2
-2
0
3
3
5
5
4
0
0
4
6
7
5
0
-3
-2
2
3
4
3
-1
0
4
7
9
8
5
6
10
11
13
12
11
10
9
10
9
9
12
9
4
2
0
0
0
-1
-1
-4
-8
-9
-8
-10
-8
-11
-11
-12
-12
-11
-10
-9
-7
-7
-4
-3
-4
-2
-2
-1
0
4
2
3
3
0
-1
-2
-4
-4
-7
-10
-10
-7
-7
-10
-11
-11
-9
-7
-7
-6
-2
-1
3
5
6
10
15
16
16
13
15
18
20
18
13
11
11
10
7
6
5
2
-2
-3
-4
-5
-6
-3
-7
-8
-8
-6
-5
-5
-3
-5
-7
-7
-5
-6
-4
-3
-6
-4
-1
-3
-1
1
5
5
1
3
2
3
3
1
2
1
-2
-3
-1
-4
-5
-4
-9
-13
-15
-15
-14
-11
-10
-11
-12
-12
-5
4
9
13
13
14
18
22
25
23
18
14
10
12
13
8
4
0
-3
-8
-7
-7
-8
-11
-16
-16
-13
-7
-5
-9
-9
-8
-6
0
1
1
0
0
6
8
8
10
10
9
8
9
7
7
8
7
5
3
2
3
2
2
-1
-8
-12
-6
-5
-8
-12
-14
-19
-15
-11
-11
-10
-10
-11
-9
-5
0
2
2
0
-1
3
9
13
12
6
3
7
7
8
9
6
2
-1
1
1
0
-1
-3
-5
-7
-6
-3
-1
-3
-5
-6
-4
1
3
1
-1
-1
-2
4
5
6
7
2
5
7
10
10
9
9
6
9
8
9
6
1
-2
-5
-5
-6
-4
-8
-13
-16
-12
-8
-6
-7
-6
-9
-8
-5
-1
6
8
7
5
9
10
16
16
11
10
8
3
4
2
-2
-2
-5
-12
-12
-14
-14
-15
-8
-9
-13
-15
-12
-9
-6
-6
-7
-7
-2
1
5
4
2
8
5
6
7
5
8
8
11
10
9
9
11
11
7
5
3
2
1
-1
-2
-1
-3
-6
-11
-15
-12
-10
-6
-1
-2
-7
-7
-2
3
8
11
8
5
5
9
10
15
13
9
8
5
5
6
6
4
0
-4
-10
-9
-4
-5
-7
-9
-13
-11
-8
-3
-3
-6
-6
-7
-5
-4
-2
-1
0
3
1
-2
0
1
1
6
3
2
2
1
2
1
-1
1
1
0
-1
-2
-2
-2
1
0
-3
-5
-8
-7
-3
2
3
-1
-3
-1
2
4
5
7
7
6
4
6
9
9
8
6
4
4
3
3
2
3
0
0
0
-4
-3
-3
-3
-4
-4
-5
-6
-6
-7
-9
-8
-7
-6
-4
-6
-4
-5
-6
0
3
4
4
2
5
5
3
3
2
0
2
1
1
-1
-1
-1
0
0
0
-1
-3
-1
-1
1
2
2
0
-2
-2
-1
2
5
7
2
-1
1
5
6
1
0
2
3
4
2
2
3
4
7
5
1
0
1
0
0
-1
-3
-6
-5
-2
-4
-7
-6
-3
-5
-4
-4
-4
-2
-1
-2
-2
-2
1
-1
-1
0
-1
0
0
-1
-3
0
1
-2
-1
0
-2
-3
1
0
1
1
-3
0
2
3
0
0
1
1
2
2
2
3
2
5
4
4
6
4
3
5
4
2
2
2
3
5
2
-1
-1
-1
0
-2
-2
-1
-1
-2
-3
-1
0
0
1
-1
-4
-5
-1
-3
-4
-3
-2
0
-1
-2
-1
-1
-2
-2
0
2
1
0
-1
-1
-1
1
1
1
2
0
0
-1
1
-1
0
1
0
0
-1
0
1
2
1
2
2
4
2
4
2
1
2
-1
2
1
-1
0
-2
1
1
0
0
-2
-2
0
0
-4
-3
-2
-2
-4
-2
-2
-1
-1
-2
0
1
0
1
0
-1
1
1
1
3
5
2
-1
1
1
0
1
0
3
2
2
-1
-1
1
-1
1
-1
1
-2
-1
-1
-2
2
2
1
-1
0
1
3
1
-1
0
1
0
0
-1
-1
1
1
1
0
0
2
0
1
1
0
0
-2
-2
-2
2
1
1
1
-1
1
2
1
2
-1
-1
-1
-2
1
0
-4
-4
-1
-1
-3
-4
-4
-4
-5
-7
-4
-4
-2
-2
-3
-3
-2
0
0
0
1
3
3
3
3
1
2
2
3
3
4
3
1
3
2
4
5
6
5
3
3
0
1
1
2
3
-2
-3
0
2
1
-1
0
-2
-1
0
1
0
-3
-2
0
1
0
0
-1
0
0
-1
-2
1
3
1
-4
-2
-1
3
1
-2
-2
-4
-1
0
1
0
-1
3
0
0
-2
-2
0
-3
0
-1
-3
-1
-2
-2
-2
-4
-5
-3
0
-2
-2
-2
0
1
0
-1
0
1
2
2
2
3
-1
-2
2
1
1
1
1
-1
-1
-1
-1
3
1
0
-1
0
0
-2
0
0
0
2
3
1
1
1
3
7
4
1
3
4
6
3
4
1
0
2
2
1
2
2
1
2
1
0
-3
-1
-2
-2
-3
-3
-3
-3
-1
-3
-2
-2
-2
-1
-1
-2
-2
0
1
-2
0
0
0
-2
-5
-3
-4
0
1
-1
-1
0
0
-1
-3
-1
0
-1
-2
-2
-2
-2
-1
-1
1
1
3
4
3
3
1
4
1
3
3
1
2
2
1
-1
-1
1
2
1
0
1
0
1
-1
1
0
-1
0
-1
1
1
0
0
0
1
3
1
2
0
-1
1
-1
-2
-1
-1
-1
-2
-2
-1
-1
-1
-1
1
1
1
2
3
1
-1
-1
-1
-1
-2
-1
1
-1
-2
1
1
-2
-1
-1
1
-2
-1
0
1
-2
-1
0
-5
-5
-4
-2
0
-1
1
-2
0
0
0
2
1
4
2
2
1
3
5
2
-1
0
-1
0
0
0
1
1
4
2
2
0
0
0
1
3
4
4
2
1
-2
1
2
0
-1
3
3
1
-2
-2
1
0
-2
-3
-4
-3
-3
-2
-2
-2
-1
0
-2
-2
0
-3
-2
-1
-1
-4
-1
-2
0
0
-2
-1
0
1
0
-4
-1
0
3
3
-2
-3
1
0
-1
0
-2
-4
1
1
1
1
-1
0
-1
1
2
1
2
2
3
3
4
4
3
4
2
3
2
3
3
0
1
3
4
1
2
2
2
2
1
-1
-3
-4
-2
-1
-3
-3
-3
-3
0
1
1
-2
-4
-1
-1
0
-1
-1
-1
-2
-1
-3
-2
-1
1
-2
-1
2
-1
1
0
-1
-1
1
0
-3
0
2
0
1
1
-1
-4
-1
1
1
1
1
2
1
3
1
0
2
2
3
-1
2
0
0
3
2
1
-1
-1
1
2
1
1
-1
-3
-3
0
0
-1
-4
-3
-2
-2
-3
-3
-2
-1
0
-1
0
0
1
-1
1
0
0
1
-1
-1
1
1
1
-1
2
1
0
0
0
1
2
3
0
1
1
0
0
0
1
1
-1
-1
0
-2
0
-1
1
4
1
0
1
0
2
0
3
3
3
3
3
3
1
2
2
-1
-1
2
0
-3
-4
-4
-3
-2
-2
-2
-2
0
-1
1
0
-2
1
-1
0
-2
1
2
-3
0
1
1
-1
-1
0
0
0
-1
2
2
-2
2
4
4
-1
-2
0
-1
1
-2
-2
-2
-2
-3
-1
-2
-3
-1
0
0
-3
0
1
0
0
1
2
1
3
4
1
3
4
4
3
1
0
0
0
0
-1
-1
-4
0
0
-1
-3
-4
-4
-3
1
-1
1
0
1
4
4
3
2
2
3
5
3
2
1
1
-1
4
3
0
1
1
5
-2
-1
-2
-2
-2
-5
-5
-5
-2
0
-1
-2
-3
-4
-2
-1
0
0
-1
3
2
2
-2
0
1
0
1
1
0
0
1
-1
-3
-3
-3
3
4
-1
0
-1
1
-1
-2
-4
-2
-2
-1
1
-1
-1
-2
0
0
1
1
2
3
3
3
3
6
3
1
1
3
3
3
3
1
-1
2
0
-1
-2
-2
-2
0
-4
-5
-3
-4
0
1
1
-2
-1
0
1
0
-2
1
0
0
5
4
1
-1
2
4
0
1
-2
1
-1
-1
-1
-1
0
-2
1
-3
-2
-4
-3
-4
-4
-4
-1
1
-2
-3
-2
-1
1
2
1
0
1
1
4
4
2
2
6
6
4
0
0
4
2
2
2
0
1
-1
-3
-3
-4
-4
-4
-2
-2
-2
-1
-4
-2
-2
0
-1
1
3
3
1
3
3
5
7
4
3
3
1
1
1
1
1
0
-2
-2
-1
-3
-1
-2
-2
-4
-5
-3
-4
-5
-2
-4
-4
-2
-4
-1
0
-1
-2
0
1
0
4
7
5
5
4
6
5
2
2
2
0
2
1
1
1
2
0
-1
-1
-1
-1
-2
-2
-4
-3
-4
-2
-1
-1
0
0
1
0
0
-2
0
0
1
-3
-3
-2
-3
-1
0
-1
1
-1
1
2
1
0
-1
-1
-1
-1
0
1
-1
1
-1
-1
0
1
-1
-1
1
1
0
-1
3
5
2
1
4
5
-1
1
-1
0
1
-1
1
1
-1
0
-2
-1
-2
-1
-1
-2
-1
-1
-1
-2
1
2
1
2
2
1
3
3
3
2
3
1
1
2
1
1
-2
-1
2
3
-1
0
-1
-2
-1
-3
-5
-6
-4
-3
-4
-3
-3
0
1
-1
-1
-1
0
0
1
0
-1
1
1
-1
1
3
2
1
3
2
-1
0
2
2
0
0
-2
0
1
-1
-3
-5
-1
0
-1
-1
-3
0
2
1
1
1
-4
-2
1
1
1
-1
0
0
2
0
0
1
1
1
3
5
5
6
2
0
0
3
5
2
1
-1
-2
0
2
0
-3
-2
-1
0
-3
-4
-4
-1
-2
-2
-1
-5
-2
0
-1
1
1
-2
1
4
1
0
-2
0
3
-1
-3
1
-1
1
0
-1
-1
0
0
-2
-1
-1
0
-2
1
1
-1
0
0
1
-1
-2
0
0
3
0
1
1
3
3
2
1
0
0
2
2
-2
1
0
0
0
-2
-3
-2
0
0
-2
-1
-2
-1
0
0
-1
3
-1
-2
1
-1
2
1
1
3
1
1
1
1
1
2
1
-1
0
1
0
-4
-1
-1
-1
-2
0
0
-1
0
-1
-1
-1
-2
-1
0
-1
0
0
1
-1
0
1
1
-1
0
-1
-2
4
5
3
1
0
1
1
1
2
3
3
0
1
2
-1
-2
-4
-2
-4
-2
-4
-2
-2
-1
1
-2
1
2
2
1
2
2
2
1
-1
0
-1
-2
0
0
0
0
1
-1
-1
-2
1
2
1
1
-2
2
0
0
0
-1
-1
-1
-1
0
-2
-2
-4
-3
-1
0
-1
-3
0
1
2
2
1
1
2
1
2
0
1
-1
0
-3
-3
0
0
2
3
2
2
2
2
1
2
1
2
0
2
4
2
2
2
2
1
0
-1
0
1
0
1
0
-1
0
-2
0
0
1
-1
-3
-1
0
1
-2
-2
-2
-5
-4
-4
-3
-3
-4
-5
-4
-3
-2
0
-2
-1
2
3
4
2
0
3
2
1
3
3
1
0
-1
0
-2
-1
-2
-1
2
0
0
-2
0
0
1
-1
-2
0
2
0
1
2
0
-1
2
2
2
0
-1
1
1
0
-2
0
0
0
2
5
7
5
4
1
2
3
4
3
-2
-3
0
1
0
0
1
0
0
-2
0
-4
-2
-1
0
-1
-1
-1
-1
0
-3
-2
-4
-5
-2
-3
-4
-4
-5
-4
-1
-3
-5
-5
-2
-1
-3
-1
1
1
1
2
1
1
1
3
3
0
0
0
3
1
0
1
0
1
2
-1
-2
1
-1
2
4
0
1
0
3
3
4
1
2
4
3
0
0
2
3
2
0
-1
2
1
1
1
-1
-1
-3
-1
1
1
1
0
0
-2
1
0
0
2
0
-2
-3
-2
-2
-2
-1
-1
-4
-2
-1
0
-2
-1
-2
-3
-3
-5
-2
-2
-1
-3
-2
1
0
-2
-2
0
1
0
1
0
2
3
1
3
0
1
1
0
0
2
2
1
1
-1
-1
-2
0
0
-1
-1
-2
1
3
1
1
1
0
1
1
3
3
3
1
2
2
3
0
0
-1
-2
-2
-2
-1
2
0
-1
2
1
0
-3
1
-1
1
-2
-4
2
-3
4
8
3
0
0
-11
-19
-22
-21
-8
-11
-10
-15
-14
-4
-13
-2
2
11
11
-10
-2
2
-2
-19
-24
-18
-3
4
-7
-1
17
6
-16
-10
4
11
16
16
26
52
69
49
33
0
27
45
14
4
8
9
-5
25
32
13
11
-19
-24
24
40
16
1
-23
0
40
24
-14
-46
-18
-20
-24
-57
-60
-15
-58
-97
-127
-129
-96
-118
-93
-77
-91
-101
-109
-227
-160
-264
-123
-1630
-3866
-2918
250
3109
1741
-1285
-1561
-151
1038
297
90
1586
3112
2342
-401
-974
767
3269
3721
2071
749
119
-279
-956
-1035
22
145
-578
-1612
-2424
-2630
-2320
-1420
-629
621
1200
-65
-1063
-727
766
1694
2223
2227
1930
925
-427
-175
802
1482
1399
967
143
-913
-1933
-1828
-783
-87
-231
-1139
-1846
-2648
-2713
-1570
-522
222
99
-332
-1104
-1019
-511
265
975
1426
1077
164
-84
125
830
949
1096
1443
313
-1018
-422
-36
-201
-29
295
500
-353
-1164
-1098
211
927
733
581
28
-453
-419
-28
740
1570
943
383
-177
-219
-96
289
732
1272
646
157
-529
-1212
-564
802
1677
595
-248
-1114
-896
-912
-480
298
631
251
-751
-1254
-1035
-29
511
1196
985
56
-848
-809
-428
-43
875
1263
353
-268
-747
-817
-560
-197
856
1033
339
-759
-1415
-529
13
308
801
1502
820
-927
-946
-338
253
323
863
186
-874
-1224
-547
329
107
336
-6
-374
-861
-829
-313
415
569
408
291
-613
-883
-223
113
-145
478
-53
-660
-551
100
50
-228
402
618
445
-224
-594
-253
150
-77
285
746
181
-300
16
610
263
470
593
554
412
-77
41
322
583
451
278
357
25
-368
-162
100
329
285
70
271
-10
-251
-168
346
220
-409
-372
-567
-644
-518
-149
62
46
76
-1
-271
-437
-256
-48
113
214
270
189
2
109
92
228
240
240
274
-106
-301
-176
-49
63
6
-273
-438
-443
-61
-146
-160
-225
-332
-144
-246
-173
-34
198
-29
-169
-75
21
151
135
13
9
253
68
-121
-61
3
116
247
140
-153
-148
35
53
-14
157
-23
-479
-405
154
420
162
5
-240
-35
70
88
523
905
878
256
-185
-239
-93
139
458
519
301
-95
-375
-302
-195
147
357
284
61
-192
-205
-133
56
300
151
-398
-678
-270
22
-36
16
229
22
-841
-1087
-551
-81
25
-6
168
-106
-616
-656
-321
46
209
242
175
-145
-414
-218
239
456
543
418
170
-87
-261
-95
328
559
548
547
278
-94
-227
-191
-32
376
731
560
81
-134
-36
98
181
338
408
190
-52
-164
8
223
302
285
249
116
-133
-232
-177
-61
146
67
-320
-516
-482
-474
-555
-500
-367
-450
-436
-145
-175
-390
-428
-235
62
127
164
358
254
46
-180
-168
-112
-149
-145
-191
-276
-659
-810
-676
-502
-341
-125
-128
-336
-287
-159
25
92
180
182
115
84
207
460
636
621
345
-45
-261
-157
92
357
379
358
215
44
129
250
356
430
453
365
347
433
580
502
290
130
179
308
344
366
294
263
194
68
55
133
214
210
155
32
-60
-106
-89
-172
-339
-328
-200
-88
-181
-204
-169
-206
-243
-244
-228
-292
-308
-312
-298
-324
-329
-424
-440
-393
-270
-96
-83
-109
-284
-321
-292
-312
-201
112
213
21
-100
-106
-309
-432
-299
-193
-287
-340
-308
-423
-501
-429
-309
-192
-39
8
65
50
132
255
365
404
407
537
598
536
440
576
656
628
598
616
512
382
280
203
258
248
279
267
149
-12
82
159
120
154
278
198
-41
-30
102
199
61
65
98
11
-121
-171
-123
-271
-401
-491
-517
-593
-600
-520
-554
-595
-458
-316
-444
-530
-427
-374
-365
-247
-208
-212
-169
-246
-329
-273
-222
-258
-158
-18
84
181
186
85
-20
46
168
331
414
399
313
206
175
231
377
466
455
381
303
253
229
208
216
309
319
144
44
172
317
311
261
238
192
186
244
320
327
308
258
149
28
-37
6
83
158
113
-5
-174
-305
-289
-240
-246
-219
-131
-249
-505
-604
-479
-325
-259
-202
-165
-243
-395
-380
-220
-81
-41
-22
-49
-174
-271
-207
-94
-86
-46
42
18
-98
-109
-55
-43
-33
5
37
56
103
108
50
71
170
201
179
163
94
-39
-95
-112
-165
-173
-8
184
205
126
28
-48
-54
22
76
105
130
111
62
45
31
-4
45
166
188
41
-75
-51
33
100
116
36
-73
-87
-26
34
103
165
137
55
16
5
8
79
171
169
147
177
166
80
50
87
113
156
207
155
-47
-255
-308
-195
3
179
245
190
83
-12
-85
-91
0
130
186
125
-17
-140
-169
-97
-1
39
25
-46
-149
-228
-239
-189
-120
-33
45
24
-89
-179
-195
-187
-189
-197
-190
-179
-146
-130
-156
-178
-130
-42
1
5
19
46
45
3
-25
31
122
131
64
-10
-97
-209
-265
-225
-157
-110
-64
-47
-108
-167
-126
6
138
198
179
111
28
-38
-22
83
202
274
313
308
194
23
-54
6
121
252
380
416
280
63
-58
-27
98
245
345
299
118
-83
-207
-208
-95
94
260
309
218
64
-35
-12
84
161
188
144
27
-107
-157
-107
-33
1
-21
-95
-193
-254
-210
-101
-19
-14
-67
-152
-245
-304
-293
-211
-118
-88
-162
-287
-364
-357
-310
-266
-222
-174
-149
-169
-207
-214
-173
-98
-20
44
75
76
74
82
98
130
195
245
223
134
68
85
175
293
350
295
158
23
-46
-32
60
192
285
269
140
-26
-116
-68
62
167
194
137
22
-98
-148
-103
5
115
172
144
35
-88
-131
-86
-13
54
111
134
90
12
-32
-16
45
130
192
194
122
28
-46
-103
-109
-53
42
97
63
-52
-179
-234
-198
-124
-63
-30
-40
-102
-199
-258
-232
-134
-13
76
98
65
13
-50
-121
-162
-128
-36
53
68
7
-97
-184
-213
-181
-110
-32
27
32
-34
-133
-190
-157
-60
34
77
73
58
63
75
76
79
109
160
191
168
125
105
119
142
145
120
73
31
6
-21
-50
-58
-26
11
4
-46
-95
-112
-96
-57
-10
18
31
41
44
29
10
10
39
76
95
96
89
74
52
23
-14
-30
-6
38
72
75
55
23
-4
-17
-16
1
21
34
29
10
-7
-15
-16
-10
-12
-23
-45
-63
-67
-54
-30
-7
8
4
-15
-35
-43
-27
9
48
62
42
11
-9
-10
3
13
15
5
-12
-29
-45
-54
-58
-61
-63
-67
-67
-67
-73
-92
-116
-134
-129
-94
-49
-16
-14
-35
-65
-80
-65
-18
41
90
110
95
55
12
-2
18
63
108
129
121
89
50
21
15
36
70
96
108
98
74
52
36
32
34
39
42
39
31
23
11
-2
-20
-37
-50
-51
-41
-30
-23
-23
-30
-49
-63
-71
-64
-47
-26
-8
-2
0
-1
-1
5
18
30
38
35
28
20
18
26
33
43
43
27
1
-25
-39
-32
-14
7
9
-7
-36
-62
-70
-56
-33
-14
-12
-23
-38
-50
-57
-55
-50
-43
-37
-27
-19
-19
-22
-26
-27
-22
-7
10
19
23
27
25
31
40
49
54
54
46
30
23
21
21
23
25
21
15
7
-3
-7
-9
-5
2
17
35
46
45
37
25
18
27
44
69
84
79
67
43
19
10
13
23
34
28
5
-23
-44
-51
-46
-41
-39
-42
-48
-60
-62
-53
-40
-25
-19
-20
-25
-33
-34
-28
-25
-21
-16
-11
-7
-8
-14
-16
-17
-19
-16
-10
-2
7
15
20
18
15
8
8
16
20
31
35
37
36
25
11
0
-2
4
10
11
7
4
-1
-7
-11
-15
-16
-15
-10
-4
5
11
13
10
6
0
4
8
12
17
15
10
9
9
7
0
-8
-12
-12
-9
-9
-5
-5
-12
-16
-25
-28
-20
-8
1
7
8
3
-6
-7
-10
-7
-3
-3
-1
-2
-1
-8
-12
-12
-12
-4
0
3
9
9
9
9
10
13
13
17
20
19
18
16
15
17
12
14
13
7
3
1
1
3
1
1
-2
-2
5
5
10
9
6
4
1
-1
-4
1
2
4
-1
-6
-14
-19
-18
-15
-10
-2
-2
0
-4
-7
-5
-4
-4
-1
1
-1
4
-2
-1
-4
-8
-10
-13
-14
-17
-13
-13
-10
-11
-13
-16
-18
-14
-14
-8
-4
-4
-1
0
0
1
-1
-3
-7
-5
-5
-2
3
3
3
-1
-3
-5
-3
2
7
12
12
9
7
5
5
9
12
14
14
12
11
11
9
7
8
9
9
13
9
9
9
9
6
4
6
5
6
4
3
4
1
0
0
-1
0
1
0
-2
-4
-7
-6
-4
-3
-3
-7
-7
-8
-8
-8
-9
-10
-10
-9
-9
-11
-9
-10
-11
-10
-8
-7
-7
-10
-10
-9
-9
-6
-7
-5
-5
-5
-3
-3
-2
0
3
1
4
3
4
4
6
7
6
7
4
2
3
1
1
4
6
6
3
2
4
5
7
6
3
1
1
3
4
2
-2
-3
-1
-1
-3
-3
-1
1
0
1
-1
-1
0
0
0
3
2
2
1
1
1
1
-1
0
1
-2
-2
-4
-6
-5
-2
-2
-2
-5
-4
-1
-3
-2
2
1
2
4
1
-2
-1
2
2
-3
-3
-3
-3
-1
-2
-4
-4
-1
-1
0
-5
-4
-2
-1
0
0
-2
-1
-1
-2
0
1
-2
0
1
0
0
0
2
2
1
-1
1
1
3
3
2
1
1
1
2
-2
0
1
2
2
2
0
-3
-1
-2
-1
-3
0
1
1
1
2
-2
-1
2
-2
1
-1
-1
-1
1
3
0
2
1
2
2
0
-3
1
4
2
1
2
-1
-5
-3
-5
-4
-3
-2
-3
-4
-5
-6
0
1
-3
-2
-3
-2
-1
-3
-4
-2
