-1
0
-1
-1
1
0
-1
-1
1
2
1
1
-1
-1
-2
0
0
-1
0
0
0
-1
1
0
1
4
4
2
1
4
4
2
-1
-1
1
1
1
1
1
2
3
0
1
1
-1
-4
-1
1
1
1
-2
-2
-2
0
1
0
0
3
2
2
2
0
3
1
-1
-2
-2
-2
-1
-4
-5
-2
-2
-5
-7
-2
-3
-3
-1
-3
-1
-3
-1
0
0
0
-2
0
1
0
1
-2
-1
0
1
1
-2
-1
1
4
4
3
2
-1
0
3
1
0
0
0
3
4
2
0
1
1
0
1
0
3
4
0
-1
1
2
2
1
-1
-1
-1
0
2
1
2
2
3
2
1
-1
1
0
3
1
2
1
-1
1
1
0
-1
-1
0
0
-1
-4
-3
-1
-2
-3
-4
-2
-3
-4
-3
-3
-2
-2
-3
-4
-5
-3
-1
-1
-2
-2
0
1
0
1
1
0
0
1
1
1
-1
2
3
3
1
0
-1
1
5
-1
0
1
1
0
2
1
2
5
1
1
1
1
2
0
1
2
3
0
0
1
0
-1
1
1
1
3
2
2
0
2
3
0
1
-1
1
0
0
-3
-1
-1
-1
-1
-1
1
-2
1
-1
0
0
-1
-3
-1
0
1
1
-2
-4
-2
-1
-1
-3
-3
-3
-2
1
1
2
1
4
4
2
4
2
2
2
0
0
1
0
2
0
-2
-2
-1
-1
-4
-3
-3
0
-2
-3
-2
0
0
0
2
2
1
0
1
-2
0
-2
-1
-2
-3
-2
0
-1
-3
-1
-1
0
1
3
4
3
2
1
1
3
2
0
1
1
2
0
1
1
-1
-2
-1
-1
0
1
2
1
2
1
3
2
4
3
0
3
1
1
0
-1
1
0
0
1
0
2
1
1
0
-3
-1
2
0
-4
-2
1
1
2
-2
-1
-2
-2
0
1
0
2
1
0
-1
0
-1
-3
-3
0
0
0
-4
-2
-1
0
2
-1
1
1
1
0
-2
-1
0
0
-2
-1
0
0
2
0
-1
-1
0
-1
1
2
-1
-2
-3
0
-2
-3
-2
1
3
1
-1
-2
1
3
3
0
1
3
0
2
1
0
1
3
5
5
4
2
1
2
2
1
0
2
1
5
0
0
1
1
-1
-2
-2
1
1
1
-2
-1
1
3
2
-2
-1
-2
0
0
-1
-1
0
-1
-1
-2
-2
-3
-4
-3
-2
0
-3
-6
-2
-1
-4
-6
-4
-3
-2
-1
-5
-1
-1
-2
-3
-3
2
1
3
2
4
2
2
2
2
2
4
3
2
3
3
1
0
2
1
2
-1
1
4
2
2
1
0
1
3
3
0
1
0
1
-1
-3
-2
-3
0
-3
2
1
0
2
-1
1
0
1
0
1
1
1
1
-2
0
3
1
1
0
-2
0
-3
-2
-2
0
-1
-4
-2
-2
-2
-3
-5
-2
-1
0
-1
-1
1
1
0
0
0
0
0
-2
-1
-1
-1
0
-1
-1
-2
-1
0
0
-1
1
1
1
2
2
1
2
0
1
3
0
-2
0
0
1
1
3
0
-1
-1
1
2
1
1
0
3
1
3
1
1
0
-1
-2
-2
-4
-1
-1
-1
-1
-1
0
0
2
2
1
1
2
1
4
3
0
1
3
3
3
0
-1
0
0
-1
-2
-2
-1
0
-2
-3
-3
-4
-1
-1
-4
-1
-1
-1
0
-1
0
-2
-4
0
1
1
-2
-1
0
-1
-2
-1
0
0
0
-3
0
2
1
0
1
1
4
3
1
2
4
1
2
0
0
1
1
2
0
3
3
0
1
0
1
1
-1
-2
-1
-3
0
-1
0
2
1
-2
-1
-1
-2
-3
-3
-4
-4
-5
-3
-1
-2
-1
-3
0
2
2
1
-1
0
0
-1
1
-1
-3
0
1
-2
-3
-3
-3
1
0
-3
-4
1
2
3
3
2
3
4
3
6
3
1
1
4
4
3
3
3
1
0
0
0
4
3
2
0
0
2
2
0
0
-2
-1
-1
-3
-5
-6
-5
-3
0
2
-3
-8
-2
5
6
1
-1
-2
5
6
0
-3
3
4
4
-5
-6
-4
-2
-5
-10
-15
-16
-6
-7
-11
-8
-3
-4
-5
-1
2
4
11
6
2
4
9
7
11
7
0
5
4
4
6
4
-4
-3
2
6
4
-4
-9
3
13
2
-8
0
8
4
2
0
-2
-3
-2
-1
4
0
-15
-14
-9
-6
-8
-9
-17
-11
-12
-19
-12
7
17
11
8
-14
-14
1
28
14
25
31
20
24
23
-10
10
-20
23
-29
85
-344
-453
-9
467
-48
-633
-304
-74
55
214
92
-382
-346
429
409
63
72
267
234
357
565
255
55
413
491
183
60
270
157
47
-251
-1019
-990
-53
412
-950
-1989
-1585
-379
625
423
-596
-1208
0
1577
1784
1006
543
950
1756
2410
2110
1328
1213
1644
1928
1454
992
642
361
-981
-1615
-224
1271
602
-1655
-3544
-4378
-2521
398
-447
-4041
-5411
-3170
-1352
-788
-1502
-3491
-4150
-1706
769
48
-1251
-914
-146
438
1255
1453
436
797
1877
1837
959
1611
2336
1796
1392
1557
1508
1586
2117
1651
459
713
1804
2135
1701
1423
1366
2060
3410
4047
2885
2212
3270
4805
5246
5208
4128
-2419
-6785
-1909
5982
1253
-8864
-10639
-7447
-6116
-4185
-4111
-12075
-14418
-4709
573
-6411
-8753
-3033
-1285
-583
3285
2894
-830
3192
9397
6796
3247
6083
8300
6604
6367
5988
2590
1955
4949
3119
-2659
-3525
-1164
-1745
-3942
-4830
-6533
-6801
-3687
-2341
-4884
-5469
-2743
-1051
-474
846
931
626
2837
5142
4379
3485
4923
5642
4718
4550
4819
4101
3739
4339
3424
2006
1982
2932
2205
1174
1243
1616
1270
-4202
-8766
-6678
619
-584
-8605
-12030
-9938
-7031
-4448
-3688
-8318
-11625
-6151
-273
-873
-3037
-1760
-136
1650
4928
5519
3344
4029
7120
7320
5442
5182
4919
4742
5262
4503
1251
-166
1220
891
-1314
-2771
-3125
-3339
-2656
-2566
-4531
-5363
-2797
-1277
-2172
-2059
-511
533
1344
3039
3132
2546
4033
5569
5299
4773
5639
5707
5050
5082
5049
4401
4022
4413
3766
3208
-1160
-6158
-6106
-428
-465
-7992
-11818
-10653
-9228
-7920
-6459
-9416
-13312
-9721
-4094
-3973
-5407
-3605
-1765
-519
2839
4835
3640
3853
6719
7737
6815
7509
8165
7005
6060
5995
4891
3569
3429
2098
-492
-1673
-1545
-2165
-3331
-4066
-5271
-6037
-5463
-4142
-3429
-3318
-3053
-2516
-716
1410
2752
3064
3411
4626
6140
7402
7612
6953
6519
7166
7759
7600
6431
6119
2959
-2449
-4425
-456
997
-5382
-10677
-11148
-10205
-9582
-8148
-9883
-14355
-13415
-8001
-5895
-7056
-6182
-4233
-2809
413
3537
3559
3480
6413
8266
7577
8219
9967
9485
7918
7642
7073
5826
5508
4431
1466
-719
-754
-1095
-2693
-3974
-5499
-6318
-6486
-5795
-5672
-5211
-4343
-4240
-3270
-1308
938
1841
2412
3662
5012
6653
7657
7865
7151
7510
8295
8677
7914
7569
5624
20
-3456
-1080
2232
-2318
-9022
-11408
-10727
-9814
-8567
-9448
-13854
-15105
-10460
-6961
-7406
-7586
-5831
-4150
-1369
2341
3442
3223
5218
7633
7905
8433
10347
10382
8740
8170
8135
7144
6378
5470
2732
326
-16
-146
-1992
-4127
-5456
-6649
-6354
-5533
-5493
-6211
-6001
-4575
-3294
-1415
188
1081
1997
3820
5858
6809
7657
8054
8326
8429
9229
9380
9219
7146
1551
-2222
-151
3575
-914
-8208
-11039
-10241
-9608
-9153
-10143
-14413
-15786
-11474
-8086
-8838
-9251
-7050
-4979
-2343
1128
2449
2216
4685
8037
8827
8660
10049
10688
9940
9810
9458
7910
6786
6312
4303
1649
423
-299
-1699
-3420
-5020
-7532
-7701
-6015
-5050
-6574
-7613
-6141
-4125
-1456
42
519
1027
3336
6033
7232
7564
8038
8451
9367
10156
10630
8645
3075
-428
1586
5145
874
-6393
-9425
-8744
-8340
-8606
-9993
-13950
-15424
-11949
-9176
-9963
-10506
-8344
-6225
-3892
-936
746
1510
3844
6722
7603
8258
10134
11007
10474
10132
9969
9205
8490
7596
5200
2977
1874
648
-742
-2472
-4195
-6533
-6902
-6061
-6183
-7126
-7396
-6271
-4939
-2906
-1287
-414
856
2859
4770
5934
7091
7994
8263
9161
9880
10598
7253
1858
185
4107
5338
-1246
-7171
-8408
-7687
-7645
-7941
-10736
-14934
-14070
-9949
-8985
-10747
-10286
-7920
-5846
-3044
-722
-218
1179
4625
6865
7007
8168
9990
10361
10123
10162
9648
8718
8458
7293
4661
2868
2338
861
-1102
-2606
-3865
-6696
-6713
-5375
-5132
-6884
-7311
-5682
-4392
-2198
-718
99
868
2913
5310
6127
6951
7597
8200
9043
10186
10488
5351
137
551
5492
4285
-3384
-8232
-8597
-7515
-7279
-8213
-12204
-15522
-13071
-9214
-9133
-10865
-10049
-7590
-5054
-2150
-559
-257
1758
5226
6947
7058
8543
10096
10221
10104
9980
9299
8537
8242
6693
4161
2826
2208
750
-1381
-2963
-4147
-5776
-6190
-5536
-5353
-6187
-6516
-5268
-3426
-1412
-221
356
1336
3204
5558
6677
6979
6923
7768
9058
9974
9799
4860
-491
-460
4610
3986
-3670
-9046
-9447
-7998
-7633
-8583
-12361
-15485
-13170
-9303
-8993
-10427
-9590
-7194
-4725
-1779
41
395
2164
5556
7351
7495
8726
10307
10427
9952
9843
9239
8490
7946
6361
3694
2275
1685
699
-1529
-3254
-5314
-6415
-5178
-4446
-5553
-7488
-6240
-4227
-2513
-1138
-476
427
2216
4762
5978
6141
6864
7746
8678
9390
9631
9323
5135
254
-582
3514
3247
-3692
-9121
-9805
-8757
-8725
-9277
-12164
-15491
-14002
-10037
-8955
-10270
-9477
-7104
-4906
-1939
640
1166
2099
4938
7577
8254
9225
10176
10101
9838
10009
9704
8540
7481
5951
3801
2349
1599
250
-1663
-3596
-4709
-6314
-6014
-5276
-5142
-6196
-6497
-4603
-2767
-794
0
750
2159
4276
6240
6813
7074
7526
8231
9242
9663
9775
7928
2483
-1460
32
4053
634
-6870
-10948
-10455
-9246
-9060
-10298
-14365
-16364
-12967
-9259
-9264
-10295
-8696
-6408
-3812
-362
1666
1988
3251
6162
8312
9297
10347
10550
10059
9919
10178
9596
8320
6946
4910
3017
2027
1195
-326
-2853
-4576
-6258
-5996
-4927
-4984
-6330
-7205
-5575
-3682
-1602
-334
217
1292
3265
5553
6492
7038
7396
8000
8693
9598
9576
9516
6375
738
-2032
1435
3769
-2321
-9174
-11196
-10204
-9724
-9306
-11346
-15869
-16005
-11488
-8940
-9959
-9778
-7821
-5844
-2692
969
2049
2311
4576
7125
8455
9805
11197
10538
9638
10032
10233
9274
7878
6252
3756
2412
2007
796
-1425
-3678
-4835
-6378
-5708
-4904
-5047
-6620
-6671
-4671
-2788
-946
-100
505
1753
4299
6424
6742
6867
7182
8006
8642
9470
9321
8910
5957
462
-2466
678
3274
-2384
-9773
-12000
-10515
-9769
-9778
-11745
-15899
-16254
-11692
-8629
-9560
-9911
-7893
-5588
-2352
1300
2470
2509
4567
7354
8850
9981
11216
10573
9685
10196
10514
9398
7846
6206
3922
2546
2103
1008
-1445
-3547
-5433
-6558
-5514
-4308
-5061
-7256
-6849
-4571
-2245
-723
-129
270
1755
4832
6762
6811
6608
7164
8358
9135
9809
8977
8538
5675
576
-2379
641
2823
-2936
-9939
-11961
-10615
-10091
-9994
-12038
-16044
-16291
-11782
-8840
-9675
-9968
-8003
-5551
-2246
1190
2315
2555
4497
7301
8988
10177
11055
10436
9842
10326
10553
9447
7831
6134
4046
2867
2097
920
-1372
-3100
-5149
-6541
-5742
-4395
-4866
-6993
-6771
-4751
-2464
-863
-179
341
1823
4653
6448
6537
6688
7301
8378
8988
9590
9052
8644
6852
1734
-2266
-671
2837
-1232
-8693
-11949
-11254
-10397
-10193
-11241
-15440
-17067
-13053
-9285
-9450
-10170
-8433
-6211
-3203
779
2548
2606
3947
6801
8729
9988
11271
10903
9845
10006
10696
9979
8338
6681
4480
2962
2407
1486
-758
-3068
-4773
-6356
-5938
-4786
-4960
-6801
-7096
-5106
-2974
-1299
-615
-45
1322
3970
6180
6395
6220
6741
7870
8958
9155
8900
7837
8170
5791
407
-2981
-392
1871
-3390
-9844
-12297
-11524
-10534
-10148
-12045
-16252
-16271
-11842
-8766
-9180
-9763
-8024
-5369
-1625
1605
2526
2878
4700
7494
9245
10481
11139
10501
9933
10239
10430
9426
7995
6203
4099
2835
2231
995
-1130
-3148
-5313
-6430
-5452
-4254
-5288
-7073
-6595
-4465
-2374
-1019
-259
433
2159
4757
6170
6035
6378
7370
8469
8769
8866
8338
8129
7924
3372
-2224
-2789
1485
359
-6809
-11574
-12301
-11505
-10554
-10336
-13865
-17439
-14771
-9935
-8633
-9831
-9098
-6880
-3905
291
2748
2648
3081
6073
8922
10074
10871
10859
10309
10212
10865
10321
8709
7262
5598
3810
2521
1821
178
-1906
-3922
-5667
-6572
-5456
-4562
-5574
-7090
-6439
-4224
-1969
-487
-30
507
2434
5080
6408
6413
6665
7282
8133
8899
9215
8548
8023
7278
2889
-2059
-2236
1436
-269
-7047
-11808
-12395
-11401
-10392
-10838
-14484
-17116
-14412
-10148
-9071
-9820
-9168
-6905
-3562
412
2408
2466
3451
6272
8936
10164
10870
10628
10312
10487
10916
10208
8776
7259
5385
3837
2809
1826
-69
-2015
-4004
-5679
-6182
-5278
-4995
-5979
-6803
-5936
-4033
-2073
-759
-102
793
2671
5108
6468
6470
6630
7208
8351
8880
9198
8691
8337
6892
1785
-2223
-1327
2151
-1159
-8062
-11834
-11880
-10845
-10355
-11122
-15120
-17007
-13604
-9718
-9305
-10236
-8882
-6420
-3073
622
2173
2244
3708
6887
9108
9996
10789
10591
10255
10596
11037
10043
8448
6979
5241
3661
2646
1625
-246
-2193
-4371
-5908
-6151
-4964
-4908
-6321
-7068
-5830
-3633
-1867
-672
-52
981
3190
5421
6155
6220
6664
7625
8637
9259
9024
8310
8447
5738
388
-2597
449
1895
-3178
-9417
-11754
-11552
-10737
-9999
-12176
-16215
-16280
-12117
-9562
-9886
-9801
-8264
-5774
-2020
1488
2196
2492
4646
7631
9295
10392
10998
10576
10451
10955
10877
9577
8233
6670
4830
3514
2576
1082
-918
-2477
-4527
-6153
-6476
-5314
-5125
-6259
-7017
-6143
-3640
-1441
-305
-109
726
3146
5792
6924
6451
6302
7260
8867
9671
9099
8121
8095
5686
398
-2313
388
1498
-3656
-9354
-11480
-11624
-11086
-10281
-12147
-16128
-16285
-12185
-9562
-9747
-9612
-7994
-5712
-2037
1523
2457
2769
4665
7460
9231
10675
11314
10552
10099
10572
10826
9738
8258
6477
4516
3353
2532
1192
-869
-2732
-4655
-6187
-6056
-5172
-5459
-6798
-6822
-5404
-3379
-1732
-575
9
1258
3657
5838
6584
6440
6697
7683
8883
9504
9063
8464
8168
4683
-641
-2286
1394
1419
-4879
-10406
-11738
-11127
-10637
-10230
-13077
-16726
-15761
-11281
-9149
-9868
-9584
-7849
-5002
-1082
2107
2396
2799
5197
8309
9892
10821
10972
10373
10402
10920
10761
9306
7748
5972
4131
2953
2083
627
-1404
-3389
-5155
-6335
-6198
-5718
-5874
-6364
-6571
-5627
-3607
-1166
-99
258
1429
3708
5995
6939
7034
6693
7499
8961
9870
9237
8370
7960
4538
-545
-1925
1010
695
-5180
-10135
-11624
-11601
-10824
-10591
-13024
-16621
-15541
-11467
-9451
-9795
-9553
-7511
-4831
-846
1970
2489
2884
5566
8900
10266
10737
10754
10744
10927
11308
10808
9144
7600
6014
4553
3043
1660
50
-1690
-3361
-5414
-6637
-6511
-5793
-5968
-6679
-6606
-5555
-3443
-1464
-212
456
1835
4184
6081
6805
6863
7227
7975
9035
9650
9304
8448
7911
4125
-845
-2224
1185
473
-5626
-10710
-11938
-11606
-10984
-10754
-13503
-16727
-15236
-11291
-9460
-9948
-9200
-7163
-4392
-542
2080
2767
3348
6047
8923
10208
10890
10924
10863
10817
11138
10535
9073
7535
5896
4086
2794
1560
153
-1862
-3406
-5127
-6652
-6638
-6149
-5779
-6575
-6362
-5480
-3682
-1598
-211
840
1940
4037
5961
6729
6995
7275
7984
8676
9100
9225
8419
8250
5431
255
-2822
-457
1277
-3755
-9691
-12288
-11709
-11043
-10602
-12532
-16039
-15969
-12247
-9351
-9539
-9601
-7829
-5031
-1480
1616
2810
3089
5169
8293
9908
10410
10803
10957
10761
10794
10422
9180
7801
6325
4457
2739
1499
405
-1269
-3118
-4728
-6428
-6744
-6323
-5512
-6186
-6558
-5773
-3965
-1613
-168
790
1493
3363
5707
6950
7182
7142
7821
8808
9501
9498
8560
8433
6503
1149
-2949
-696
1853
-2699
-9368
-11841
-11830
-11619
-10635
-11677
-15759
-17141
-13029
-9563
-9458
-9828
-8230
-5893
-2298
1702
3076
2951
4409
7970
10124
10856
11053
10774
10668
10974
11078
9683
7973
6528
4847
3136
1751
338
-1206
-2967
-4312
-6546
-7568
-6828
-5775
-5836
-7052
-6332
-4958
-2222
-288
704
1151
2452
5445
7187
7584
7326
7619
8578
9300
9745
8761
8118
7638
3387
-1826
-2662
949
-684
-6989
-11358
-12308
-12282
-11492
-11057
-14109
-17038
-14769
-10609
-9169
-9597
-8523
-6443
-3443
607
3077
3357
4130
6964
9632
10744
11365
11266
10908
10866
11104
10215
8631
7039
5280
3574
2031
692
-1050
-2488
-4197
-5443
-7134
-7489
-7111
-6016
-5872
-6409
-5643
-3660
-849
441
1245
2140
4247
6619
7767
7727
7396
7985
9124
9636
9483
8397
7968
5560
481
-3107
-1462
766
-3564
-9953
-12968
-12569
-11862
-11303
-12490
-16040
-16770
-13004
-9317
-9036
-9445
-7662
-4812
-1210
2169
3628
4004
5462
8540
10555
11348
11496
11252
11027
10976
10783
9503
7834
6005
4257
2517
1234
-416
-1927
-3553
-4951
-6822
-7675
-6907
-6239
-6147
-6746
-6045
-4590
-2079
50
952
1689
3313
6000
7624
7825
7681
7957
8911
9718
9873
8844
7890
7533
3629
-1700
-3412
-70
-833
-6735
-11728
-13123
-12726
-11983
-11271
-14058
-16991
-15491
-11066
-8961
-9299
-8439
-6349
-3282
586
3519
4075
4412
6998
9929
11192
11535
11458
11059
10860
10992
10255
8469
6784
5048
3294
1584
267
-1307
-2962
-4555
-5794
-6921
-7654
-7656
-6951
-5968
-5787
-5467
-4234
-1498
670
1915
2783
4127
6109
7950
8743
8308
7956
8681
9705
9862
8844
8108
6725
1819
-2939
-2831
291
-2134
-8226
-12619
-13525
-12938
-11599
-11714
-15046
-16955
-14369
-10484
-8972
-8751
-7551
-5573
-2145
1633
3833
4349
5570
8127
10165
11315
11820
11536
10992
10862
10645
9415
7910
6343
4339
2329
850
-393
-1819
-3296
-4866
-6474
-7558
-7617
-7137
-6578
-6157
-5792
-4959
-3280
-824
1069
2240
3345
4968
6905
8215
8535
8401
8330
9125
9435
9295
8281
7913
6287
860
-3690
-3139
185
-2864
-9422
-13316
-13418
-12671
-11929
-12017
-14808
-16778
-14035
-9834
-8210
-8433
-7148
-4644
-1494
2123
4331
4957
5963
8264
10361
11274
11850
11581
10828
10418
10188
9318
7565
5773
3736
1875
520
-601
-2187
-3919
-5395
-6450
-7457
-7514
-6990
-6570
-6123
-5598
-4261
-2879
-633
1120
2336
3474
5187
7255
8198
8348
8356
8484
8935
9207
9207
8199
7527
6286
1089
-3958
-3846
-119
-2317
-9061
-13396
-13835
-12641
-11595
-11651
-14734
-16820
-13969
-9687
-7925
-8287
-7216
-4801
-1276
2446
4415
4805
5965
8391
10312
11169
11859
11723
10775
10236
9877
8987
7471
5917
3795
1517
171
-856
-2195
-3790
-5311
-6484
-7573
-7550
-7041
-6350
-5939
-5667
-4402
-2648
-274
1186
2250
3373
5182
7392
8618
8585
8043
8176
8910
9291
8904
7995
7271
6475
2077
-3449
-4669
-1210
-1620
-7716
-12812
-14032
-13137
-11825
-11185
-13509
-16454
-14810
-10249
-7580
-7702
-7193
-5009
-1862
1995
4486
4939
5510
7797
10113
11045
11593
11380
10582
9931
9762
8943
7506
5848
3790
1777
287
-675
-2006
-3599
-5149
-6473
-7071
-7248
-6883
-6852
-6277
-5323
-4245
-2794
-1145
849
2115
3619
5060
6546
7888
8443
8587
8352
8425
8632
8687
8416
7303
6747
3612
-1854
-4989
-2387
-784
-5719
-11567
-13514
-12867
-12167
-11280
-12305
-15362
-15443
-11324
-7940
-7717
-7422
-5345
-2676
577
3689
4770
5086
7154
9698
10399
10562
11335
11280
10152
9344
8800
7739
6339
4695
2464
503
-538
-1446
-2934
-4580
-5808
-6501
-6899
-6947
-6857
-6237
-5607
-4603
-3384
-1735
-104
1450
2861
4130
5539
7089
8196
8305
7979
7967
8196
8340
7999
7302
6322
5991
2914
-2657
-5623
-2864
-1088
-5974
-11692
-13833
-12768
-11483
-10522
-12037
-15146
-14564
-10344
-7118
-7010
-6812
-4815
-2054
1290
3935
4714
5123
7152
9376
10095
10384
10818
10298
9417
8915
8276
7036
5708
4001
1870
160
-752
-1653
-3057
-4534
-5762
-6150
-6230
-6239
-6200
-5962
-4989
-3757
-2230
-1192
-50
1528
3269
4859
5796
6899
7703
8008
8059
7976
7916
7560
7491
7074
6219
5662
1792
-3415
-5695
-2222
-1496
-6796
-12176
-13696
-12294
-11293
-10608
-12297
-14785
-13780
-9726
-6726
-6810
-6400
-4374
-1497
1635
4149
4960
5553
7358
9333
9913
10210
10596
10142
9218
8447
7733
6553
5223
3641
1671
48
-1043
-1907
-3118
-4276
-5561
-6086
-6310
-6041
-5825
-5376
-4807
-4129
-2467
-849
530
1522
2897
4316
5491
6798
7649
7642
7463
7474
7630
7464
7209
6836
6007
5733
2668
-2627
-5672
-2744
-910
-5515
-11306
-13104
-12101
-10987
-10075
-11292
-14291
-14150
-9912
-6628
-6654
-6704
-4840
-2054
1093
3891
4618
4695
6403
8782
9608
9616
10011
9771
8962
8312
7723
6554
5318
4010
2059
96
-1103
-1572
-2341
-3600
-5155
-5958
-5922
-5573
-5308
-5235
-4829
-3925
-2231
-699
311
1273
2610
4237
5466
6617
7339
7335
7315
7642
7710
7317
6903
6896
6332
5964
2231
-3278
-5314
-1807
-774
-6402
-11583
-12687
-11578
-10745
-10230
-11703
-14478
-13583
-9398
-6678
-7065
-6878
-4516
-1764
1166
3619
4321
4674
6746
9084
9209
9152
10004
10164
9017
7971
7288
6379
5509
4202
2065
-17
-1058
-1581
-2291
-3675
-5151
-6063
-5803
-5356
-5446
-5628
-5288
-3752
-2129
-802
-327
602
2323
4180
5426
5920
6676
7231
7444
7537
7232
7025
6827
6911
6281
5655
4508
-190
-4725
-4428
-834
-2476
-8494
-12247
-12417
-11029
-9939
-9926
-12474
-14167
-11736
-7730
-6229
-6680
-5723
-3461
-665
2122
3952
4217
5098
7318
8619
8780
9260
9867
9197
8148
7549
6829
6000
5058
3403
1118
-400
-871
-1401
-2622
-4184
-5300
-5404
-5124
-5313
-5588
-5033
-4027
-3002
-1770
-542
300
1366
3088
4674
5404
6101
6946
7235
7196
7093
7186
6976
6782
6510
5916
5255
1227
-3624
-4960
-1335
-1236
-6734
-11418
-12283
-11238
-10370
-9600
-11510
-14291
-13015
-8768
-6467
-7059
-6412
-4193
-1644
1083
3409
4142
4574
6525
8486
9034
9273
9747
9507
8726
8218
7510
6443
5422
4138
2201
512
-520
-1395
-2483
-3501
-4665
-5530
-5439
-5425
-5624
-5729
-4461
-3511
-2657
-1624
-330
1027
2201
3772
4647
5643
6751
7433
7336
6969
7115
7307
7140
6818
6236
6137
3904
-1075
-4671
-3210
-586
-3679
-9118
-12198
-11869
-10805
-9859
-10449
-13175
-14049
-11113
-7519
-6661
-6977
-5620
-3305
-549
2127
3831
4270
5225
7258
8673
9206
9556
9628
9105
8462
7977
7111
6165
4877
3208
1428
85
-865
-1688
-2755
-3887
-5049
-5359
-5671
-5738
-5585
-4868
-3743
-3227
-2344
-1331
520
1934
3078
4045
5004
6371
7372
7645
7285
6873
7260
7538
7673
6816
6331
4566
-192
-4132
-3237
-206
-2785
-8534
-11942
-11903
-10872
-9914
-10248
-13074
-14531
-11815
-8041
-6951
-7288
-6087
-3861
-1207
1645
3579
4113
5035
7083
8531
9025
9566
9964
9437
8654
8041
7299
6394
5309
3729
1620
113
-840
-1343
-2374
-3860
-5213
-5616
-5324
-5518
-5533
-5393
-4662
-3692
-2125
-859
-274
786
2582
4299
5234
6069
6869
7004
7342
7625
7668
7275
7147
7213
6923
5603
828
-3746
-3586
-133
-1354
-7367
-11640
-12182
-10970
-9722
-9773
-12508
-14849
-12716
-8677
-6930
-7304
-6727
-4723
-1999
1170
3270
3758
4542
6618
8337
8717
9262
9877
9730
8948
8234
7371
6515
5803
4428
2226
316
-596
-1025
-1832
-3301
-4920
-5621
-5313
-5203
-5556
-5714
-5033
-3912
-2722
-1530
-590
494
1892
3474
4595
5392
6483
7293
7445
7267
7167
7506
7406
7316
6592
6017
3413
-1327
-4029
-2258
-402
-4230
-9607
-11863
-11443
-10598
-9916
-10583
-13405
-14154
-10921
-7458
-6832
-7119
-5722
-3390
-553
2433
3966
4185
5151
7619
8972
9062
9460
9952
9524
8634
8053
7125
5967
4945
3428
1477
-126
-983
-1686
-2770
-4192
-5393
-5588
-5438
-5782
-5822
-5228
-4320
-3540
-2364
-1026
-19
1262
2725
4017
4843
5964
7217
7475
7356
7200
7321
7301
7347
7110
6383
5336
1301
-3230
-4022
-881
-1570
-6757
-10942
-11832
-11178
-10152
-9676
-11858
-14141
-12659
-8994
-7121
-7218
-6391
-4481
-2201
604
2937
3941
4686
6530
8131
8477
9075
9948
10094
9226
8168
7281
6472
5966
4744
2694
552
-798
-1248
-1902
-3093
-4808
-5680
-5660
-5475
-5382
-5265
-4943
-4414
-3087
-1477
-446
339
1556
3118
4325
5286
6299
7104
7197
7136
7047
7319
7238
7076
6392
6009
4569
27
-3981
-3526
-577
-2712
-7878
-11193
-11620
-10942
-9826
-9667
-12296
-14018
-11784
-8221
-6771
-6943
-5960
-4163
-1636
1349
3515
4087
4768
6685
8255
8654
9270
9912
9771
8905
8078
7129
6245
5517
4214
2237
289
-901
-1511
-2064
-3258
-4925
-5595
-5307
-5087
-5528
-5397
-4587
-3755
-2537
-1272
-296
314
1698
3386
4534
5301
6063
6865
7041
7026
6923
6859
6725
6404
5960
5472
4766
903
-3812
-4779
-1582
-1764
-6549
-10697
-11830
-11265
-9912
-9078
-11060
-13592
-12265
-8697
-6518
-6485
-5835
-4172
-1911
909
3248
4051
4531
6211
8023
8394
8674
9400
9636
8985
7922
6862
5958
5514
4488
2543
542
-766
-1341
-1859
-2817
-4381
-5324
-5259
-5114
-5102
-4644
-3856
-3698
-3100
-1560
-2
828
1841
2996
3854
4700
5967
6881
6920
6580
6461
6381
6441
6219
5869
4901
4545
2125
-2419
-5227
-3240
-1348
-4867
-9529
-11783
-11476
-10332
-9030
-9623
-12572
-12936
-9896
-6476
-5616
-5687
-4455
-2523
220
2740
4149
4527
5480
7408
8351
8514
8922
9266
8931
7904
6931
6053
5357
4584
3011
1138
-573
-1347
-1806
-2480
-3809
-4854
-5188
-5186
-4838
-4301
-3617
-3885
-3303
-1831
125
1067
1743
2549
3382
4474
5608
6448
6645
6439
6379
6044
6108
5922
5646
4788
4381
3147
-1198
-4943
-4576
-1531
-3190
-8007
-11241
-11584
-10440
-9066
-8686
-11092
-12932
-10761
-7102
-5316
-5549
-4818
-3117
-788
1891
3756
4330
4848
6450
7907
8127
8379
8897
8956
8161
7075
6098
5270
4735
3729
1913
-12
-1221
-1585
-1916
-2802
-4143
-4984
-5155
-4701
-4171
-3427
-3477
-3413
-2395
-541
806
1302
2139
2916
3917
4769
5606
6008
6084
6162
5951
5441
5314
5185
4893
3990
3926
2521
-2038
-5658
-4433
-1246
-3388
-8285
-11156
-11074
-9787
-8397
-8359
-10994
-12421
-9864
-6124
-4883
-5397
-4634
-2653
-330
2065
3586
3957
4735
6567
7835
7620
7871
8597
8752
7893
6651
5587
4959
4671
3666
1704
-200
-1157
-1373
-1652
-2754
-4047
-4767
-4740
-4240
-3705
-3059
-3419
-3379
-2076
69
1299
1371
1865
2513
3712
4851
5582
5637
5436
5750
5669
5206
4970
4802
4618
3973
3885
1517
-3036
-5358
-3068
-1125
-4434
-8898
-10787
-10404
-9026
-7887
-8736
-11500
-11797
-8621
-5648
-5092
-5500
-4486
-2388
58
2249
3291
3785
4853
6653
7499
7357
7761
8483
8507
7539
6285
5415
4985
4704
3443
1553
-165
-926
-1054
-1450
-2576
-3822
-4186
-4225
-3989
-3681
-3046
-3007
-2690
-1619
-175
793
1299
2010
2631
3389
4268
5022
5343
5354
5326
5033
4481
4541
4644
4409
3497
3291
2134
-1772
-4932
-4215
-1565
-3334
-7281
-10062
-10390
-9336
-7981
-7965
-10364
-11342
-9325
-6302
-5003
-5080
-4453
-2899
-586
1625
3035
3531
4335
5951
6995
7071
7386
8056
8236
7565
6581
5591
5105
4762
3822
2110
430
-542
-821
-937
-2025
-3408
-4217
-4085
-3657
-3054
-2596
-3218
-3162
-1930
73
707
974
1507
2209
3171
4075
4843
4825
4988
5264
5124
4586
4503
4630
4401
3981
4032
1622
-3121
-5242
-2620
-607
-4045
-8419
-10562
-10218
-8674
-7227
-8204
-11305
-11582
-8596
-5738
-5116
-5269
-4444
-2809
-348
1916
3016
3496
4566
6202
6890
6996
7663
8483
8499
7551
6413
5597
5407
5159
3835
1862
209
-438
-482
-851
-2248
-3778
-4279
-4052
-3735
-3308
-3055
-3651
-3728
-2169
-51
648
534
916
1832
3058
4199
4763
4647
4703
5219
5283
4789
4643
4704
4606
4140
4031
2142
-2068
-4614
-3042
-740
-3281
-7521
-10071
-9974
-8790
-7515
-7922
-10596
-11458
-9163
-6228
-5284
-5345
-4502
-3032
-934
1163
2614
3360
4415
5904
6602
6734
7413
8314
8424
7627
6568
5648
5260
5129
4174
2396
673
-80
-392
-835
-1925
-3078
-3648
-4009
-3937
-3611
-2821
-3074
-3300
-2553
-872
350
687
1118
1537
2426
3584
4455
4598
4551
4991
5059
4431
4234
4516
4698
4211
3947
2903
-913
-4138
-3617
-768
-1943
-6260
-9294
-9957
-9010
-7700
-7349
-9574
-11533
-10069
-7159
-5507
-5432
-4965
-3696
-1853
440
2173
3030
3859
5302
6551
6671
7013
7928
8577
8109
6979
6013
5483
5363
4806
3273
1450
107
-228
-425
-1225
-2742
-3543
-3640
-3715
-3842
-3382
-2883
-3140
-2904
-1885
-385
384
952
1285
1656
2605
3717
4475
4455
4500
4579
4520
4342
4491
4564
4237
3684
3619
2350
-1339
-4185
-3365
-1076
-2778
-6650
-9270
-9567
-8737
-7658
-7510
-9551
-10968
-9600
-6811
-5200
-5118
-4571
-3325
-1509
559
2222
3184
3942
5292
6285
6460
6906
7774
8311
7770
6740
5795
5296
5213
4621
3128
1341
188
-45
-313
-1246
-2372
-3120
-3561
-3938
-3481
-2584
-2590
-3175
-2981
-1438
-113
565
924
1184
1786
2831
3898
4126
4111
4450
4740
4516
4155
4234
4290
4117
3766
3418
816
-2850
-4194
-1980
-1032
-4209
-7900
-9649
-9162
-7919
-7004
-8214
-10637
-10465
-8006
-5808
-5334
-5137
-4148
-2734
-661
1273
2411
3224
4466
5865
6152
6371
7306
8228
8213
7275
6259
5487
5382
5261
4183
2373
777
-20
-322
-700
-1671
-2820
-3422
-3799
-3884
-3452
-2618
-2832
-3247
-2606
-1099
-83
365
896
1357
1970
2949
3710
3977
4219
4728
4817
4317
4103
4331
4467
4245
3823
3119
263
-2860
-3583
-1494
-1413
-4758
-8084
-9147
-8368
-7612
-7573
-8789
-10186
-9593
-7525
-5807
-5575
-5191
-3745
-1948
-329
1093
2215
3345
4816
6065
6145
6303
7314
8254
8096
7074
6059
5426
5372
5017
3720
2039
689
165
-246
-909
-2158
-3035
-3398
-3637
-3701
-3531
-3017
-3074
-2965
-2417
-1206
-199
409
947
1317
1959
2828
3780
4138
4164
4405
4595
4481
4253
4291
4224
3914
3734
3111
350
-2998
-3745
-1725
-1571
-4552
-7746
-9057
-8778
-7848
-7214
-8312
-9958
-9603
-7560
-5955
-5545
-4825
-3424
-1846
-383
971
2122
3549
5139
6086
5884
6008
7129
8301
8304
7194
5928
5268
5296
5121
4017
2269
822
124
-210
-775
-1764
-2664
-3212
-3645
-3784
-3357
-2654
-2854
-3153
-2522
-1191
-146
389
886
1285
1896
2861
3433
3559
3739
4417
4790
4175
3482
3388
3793
3951
3628
3043
487
-2501
-3878
-2299
-1451
-3498
-6711
-8829
-8719
-7851
-7018
-7626
-8974
-9436
-8104
-6165
-5101
-4540
-3564
-2173
-858
505
1792
3147
4450
5565
5763
5758
6431
7502
7857
7165
6078
5202
4937
4880
4353
2998
1437
316
-221
-463
-971
-1716
-2854
-3481
-3461
-2718
-2372
-2781
-2940
-2373
-1049
-327
126
484
1168
2076
2686
2954
3145
3869
4623
4543
3655
3232
3635
4350
4197
3692
2046
-985
-3351
-2943
-1041
-1942
-4997
-7843
-8732
-8214
-7145
-6727
-7978
-9338
-8961
-7314
-5744
-4920
-3966
-2974
-2012
-746
687
2283
3716
4897
5296
5177
5767
6894
7895
7737
6733
5482
4915
5044
4959
4004
2415
945
141
-214
-443
-1129
-1977
-3053
-3589
-3468
-2666
-2104
-2429
-2838
-2537
-1211
-75
456
650
940
1722
2425
2899
3165
3772
4334
4176
3460
3038
3382
4022
4086
3390
2053
-315
-2565
-3092
-1686
-1530
-3851
-6870
-8360
-7912
-6777
-6296
-7325
-8680
-8712
-7322
-5748
-4792
-4165
-3392
-2312
-1098
117
1401
2879
4205
4829
4845
5040
5975
7041
7476
6845
5686
4806
4703
4814
4387
3169
1743
560
112
-47
-337
-1137
-2250
-2902
-2853
-2200
-2175
-2501
-2532
-1802
-1003
-649
-248
365
1178
1726
2036
2232
2737
3686
4331
3946
2986
2763
3378
4062
3952
3271
1381
-1236
-2950
-2154
-920
-1976
-4849
-7193
-7804
-7278
-6472
-6567
-7596
-8310
-8007
-6981
-5838
-4736
-3866
-3063
-2097
-1189
-125
1338
3100
4245
4419
4359
4799
5932
7000
7279
6459
5257
4726
4862
4895
4281
3179
1869
891
438
214
-448
-1303
-2081
-2423
-2340
-2302
-2536
-2573
-1847
-1093
-1033
-1057
-457
636
1494
1831
1854
2038
2910
3904
4060
3310
2898
3273
3943
4132
3817
2138
-643
-2516
-2014
-564
-1262
-3852
-6510
-7496
-7083
-6420
-6312
-7252
-8090
-8101
-7252
-6236
-5408
-4346
-3276
-2414
-1835
-1053
465
2348
3784
4244
4061
4296
5194
6523
7183
6717
5658
4884
4874
4981
4727
3883
2720
1696
927
442
7
-501
-1096
-1805
-2140
-2228
-2169
-2184
-2182
-1873
-1474
-969
-676
-392
237
987
1565
1767
2123
2782
3261
3307
2989
2912
3146
3414
3572
3087
1207
-1372
-2497
-1304
-525
-1902
-4466
-6295
-6842
-6343
-5615
-5897
-7064
-7464
-6930
-6310
-5902
-5092
-3875
-2768
-1952
-1570
-1133
211
2223
3701
3949
3616
3733
4692
6083
6718
6087
5026
4546
4607
4651
4389
3723
2734
1867
1306
676
16
-376
-511
-783
-1390
-2064
-2369
-1883
-1011
-722
-1114
-1457
-1061
-100
866
1369
1362
1478
2035
2544
2573
2474
2773
3132
3200
3068
2279
392
-1426
-1443
-340
-549
-2444
-4429
-5438
-5545
-5204
-5055
-5585
-6289
-6394
-6142
-5853
-5444
-4697
-3649
-2711
-2167
-2052
-1558
-116
1588
2705
2884
2706
2921
3908
5184
5656
5267
4667
4328
4284
4306
4177
3646
3015
2517
1903
1172
560
297
172
-25
-530
-1362
-1853
-1532
-816
-507
-794
-1115
-1114
-573
231
816
1024
1212
1605
1748
1593
1689
2112
2508
2515
2364
1708
208
-1303
-1654
-850
-511
-1478
-3078
-4380
-4852
-4628
-4148
-4059
-4581
-5021
-5119
-4859
-4520
-4034
-3276
-2465
-1917
-1796
-1669
-839
424
1615
2110
2135
2133
2533
3366
4066
4288
4113
3721
3438
3291
3297
3193
2925
2607
2077
1366
684
435
602
690
347
-221
-565
-551
-413
-149
122
242
157
54
112
376
807
1177
1236
1076
791
531
498
737
946
841
574
45
-936
-1808
-1830
-1254
-1096
-1578
-2259
-2871
-3204
-3114
-2801
-2632
-2644
-2648
-2765
-2915
-2831
-2470
-1973
-1454
-1032
-949
-1068
-888
-270
452
949
1158
1179
1170
1311
1573
1796
1918
1924
1761
1497
1357
1441
1589
1666
1594
1334
1068
1058
1235
1345
1394
1409
1228
965
926
1045
1040
942
886
808
683
573
458
373
341
203
-119
-317
-253
-214
-355
-456
-452
-530
-762
-1035
-1210
-1165
-955
-823
-928
-1145
-1296
-1312
-1226
-1116
-1021
-934
-893
-959
-1112
-1204
-1153
-993
-805
-689
-738
-874
-886
-704
-486
-352
-283
-265
-266
-197
-49
58
109
181
280
365
483
625
713
759
828
899
977
1101
1229
1274
1253
1226
1209
1221
1254
1244
1177
1061
940
867
863
822
664
469
343
277
230
189
118
-14
-142
-193
-220
-289
-371
-397
-384
-384
-407
-438
-456
-451
-437
-423
-418
-393
-357
-351
-417
-551
-650
-623
-546
-573
-727
-924
-1059
-1071
-989
-946
-1014
-1110
-1140
-1117
-1059
-945
-832
-771
-719
-599
-441
-306
-167
7
170
280
378
533
732
910
1033
1087
1096
1123
1206
1293
1326
1290
1214
1155
1144
1139
1087
993
891
808
754
701
593
459
362
322
283
197
102
57
47
21
-30
-66
-73
-81
-116
-151
-172
-175
-158
-140
-179
-289
-403
-466
-466
-455
-534
-739
-953
-1041
-1028
-1039
-1142
-1284
-1367
-1380
-1364
-1345
-1309
-1246
-1174
-1100
-1020
-916
-775
-586
-363
-188
-102
-22
148
371
560
676
736
785
878
1025
1142
1172
1169
1153
1111
1084
1117
1143
1080
973
892
844
801
745
671
596
552
506
432
355
311
309
333
329
264
203
203
216
168
90
63
97
119
26
-162
-310
-323
-294
-368
-550
-742
-860
-896
-905
-981
-1133
-1251
-1263
-1242
-1253
-1264
-1226
-1150
-1075
-1035
-1013
-934
-742
-511
-370
-328
-285
-140
92
320
447
479
499
565
680
805
886
888
831
784
788
817
823
778
706
653
626
606
564
508
466
452
444
422
386
345
309
294
305
314
283
235
206
198
199
195
181
155
108
49
-10
-65
-121
-182
-259
-359
-476
-583
-656
-703
-755
-823
-897
-957
-991
-986
-940
-870
-811
-784
-779
-735
-612
-429
-259
-179
-169
-134
-1
184
315
342
313
313
381
484
548
542
487
439
426
439
461
463
442
412
372
333
300
277
283
308
313
266
191
159
198
268
292
251
191
176
220
271
278
236
195
180
175
140
71
10
-27
-53
-105
-193
-290
-362
-400
-430
-466
-507
-541
-571
-604
-626
-605
-539
-470
-449
-467
-467
-391
-261
-152
-104
-99
-69
12
113
190
222
228
232
247
273
307
334
332
293
235
192
191
214
223
193
125
61
27
24
33
40
37
21
-12
-37
-38
0
58
89
83
64
66
101
145
164
159
148
143
139
127
103
76
54
33
4
-38
-88
-135
-165
-179
-188
-209
-238
-268
-278
-267
-240
-214
-199
-186
-172
-147
-107
-56
-6
27
42
53
84
133
179
199
189
157
141
156
187
198
167
101
34
9
22
38
26
-14
-52
-67
-74
-81
-82
-62
-27
-11
-33
-73
-79
-42
23
65
59
31
13
27
56
82
94
96
90
61
26
7
9
15
4
-36
-87
-116
-119
-114
-130
-165
-195
-199
-176
-147
-135
-146
-152
-132
-86
-39
-13
-7
-4
21
61
97
119
131
140
150
163
168
164
162
163
163
164
155
134
100
63
42
39
50
48
16
-33
-84
-100
-77
-40
-22
-41
-88
-125
-119
-69
-10
25
14
-15
-37
-23
26
78
96
75
36
7
14
39
51
30
-11
-43
-49
-43
-49
-74
-101
-109
-98
-83
-85
-104
-122
-123
-104
-82
-72
-69
-71
-70
-56
-33
-13
-2
3
10
26
53
75
79
69
64
79
107
126
124
95
68
59
72
93
99
84
49
20
5
11
22
28
23
2
-23
-39
-41
-24
-6
5
1
-10
-13
-9
9
29
46
55
51
40
39
44
55
56
49
39
28
19
6
-14
-36
-49
-52
-54
-73
-108
-148
-169
-160
-138
-131
-150
-180
-193
-174
-133
-86
-61
-63
-70
-54
-9
47
90
98
88
83
100
139
170
169
140
109
99
113
128
125
89
45
21
17
29
29
5
-29
-51
-51
-37
-22
-20
-36
-49
-42
-20
6
18
17
12
17
35
55
63
57
47
46
57
68
70
60
40
25
23
29
26
9
-22
-51
-68
-72
-70
-80
-104
-136
-154
-151
-131
-113
-109
-119
-125
-109
-74
-36
-12
-3
-2
7
27
56
78
84
77
68
65
73
84
81
65
43
29
24
20
7
-10
-28
-38
-36
-36
-43
-55
-58
-48
-27
-8
2
9
18
41
76
101
109
112
117
126
137
145
136
119
98
78
62
47
29
5
-23
-58
-87
-106
-119
-124
-136
-151
-167
-175
-168
-147
-129
-109
-93
-84
-66
-40
-4
34
67
84
88
95
108
127
146
148
133
113
91
78
66
51
26
-7
-38
-62
-77
-91
-107
-118
-127
-137
-142
-139
-134
-120
-103
-85
-67
-49
-22
8
40
74
99
118
141
160
176
189
192
185
176
167
154
132
102
70
37
3
-30
-62
-94
-129
-162
-191
-212
-224
-225
-223
-221
-217
-201
-173
-135
-89
-52
-16
22
62
102
140
178
207
228
239
237
236
226
214
200
174
139
98
59
24
-8
-39
-68
-100
-127
-142
-150
-152
-148
-141
-129
-116
-101
-79
-56
-31
-8
13
32
49
64
75
82
88
88
86
77
68
55
39
22
0
-20
-40
-60
-83
-104
-124
-143
-157
-169
-174
-179
-177
-171
-164
-142
-120
-90
-60
-26
12
47
83
120
155
185
209
224
235
237
236
224
205
185
159
132
95
58
24
-7
-36
-65
-90
-114
-129
-139
-143
-146
-145
-138
-127
-108
-91
-71
-47
-23
6
30
53
76
92
112
129
137
144
143
141
131
117
101
79
53
23
-6
-35
-64
-96
-126
-150
-171
-188
-197
-203
-198
-191
-177
-155
-132
-103
-71
-40
-11
22
51
74
96
113
125
131
131
128
120
113
98
80
58
36
16
-4
-21
-37
-51
-56
-60
-62
-61
-54
-41
-28
-11
9
27
42
60
74
88
97
103
107
103
100
90
81
70
53
37
19
0
-18
-35
-50
-65
-81
-93
-102
-110
-114
-117
-120
-118
-111
-103
-95
-84
-73
-58
-45
-28
-11
7
26
45
63
77
93
105
116
123
127
127
122
115
104
89
73
55
34
12
-13
-36
-60
-78
-91
-105
-116
-124
-128
-125
-116
-103
-92
-76
-59
-39
-19
-2
19
36
50
64
72
79
83
81
84
81
73
68
58
47
37
26
12
-2
-13
-23
-33
-43
-51
-55
-61
-64
-59
-56
-49
-41
-34
-22
-6
9
21
35
49
57
66
76
76
76
73
66
58
43
31
16
-1
-17
-32
-47
-59
-69
-76
-77
-77
-76
-73
-65
-59
-50
-37
-23
-8
2
13
24
37
46
54
58
62
67
65
62
58
51
45
37
28
20
9
-4
-8
-19
-25
-30
-40
-49
-53
-53
-54
-54
-60
-58
-54
-49
-41
-34
-28
-20
-12
-2
11
21
29
36
40
41
45
50
52
49
45
41
37
32
27
20
11
5
-2
-4
-12
-19
-23
-26
-25
-25
-23
-23
-21
-18
-16
-11
-9
-5
3
6
9
12
16
20
23
28
27
25
24
25
25
22
17
13
10
4
-1
-5
-10
-14
-21
-25
-26
-29
-31
-37
-39
-39
-37
-33
-32
-30
-27
-22
-14
-11
-7
-2
4
7
11
14
15
15
14
18
18
18
17
15
16
14
12
8
9
8
7
5
1
5
5
2
4
7
7
8
7
10
10
9
9
7
9
5
4
4
2
-1
-4
-7
-9
-9
-8
-8
-9
-8
-8
-7
-7
-10
-10
-8
-5
-5
-1
-2
-2
-5
-4
-2
0
1
-3
0
1
2
3
3
2
1
-1
-2
0
-1
0
-1
-1
-3
0
-4
-3
-3
-1
2
4
3
4
3
4
7
7
8
8
5
6
8
6
4
4
5
3
2
-2
0
-2
-3
-5
-6
-8
-9
-10
-10
-8
-9
-8
-8
-7
-4
-2
-2
-3
-5
0
1
2
-3
1
0
3
5
5
6
5
6
5
8
5
4
5
4
3
4
4
4
2
1
2
-2
-3
-1
-2
-2
-3
-3
-2
-1
-1
-1
-6
-2
-1
-2
1
-1
1
-1
1
4
3
4
2
2
1
1
0
-2
-1
0
0
-2
-3
-4
-5
-3
-2
-3
0
0
-2
0
0
3
3
1
2
2
2
0
-1
2
3
2
1
-3
-1
0
2
-1
-4
-3
-1
-2
-2
-2
0
2
1
1
0
-1
-1
2
2
-1
-2
-2
0
-1
0
-2
-3
0
1
-1
-2
-4
1
2
1
0
1
4
2
4
3
2
1
-3
-1
-2
-1
-2
-2
0
-1
-2
-2
-2
0
-3
-1
-1
-2
1
-1
-2
-1
1
1
-1
-4
-2
-1
2
0
1
1
1
2
5
5
2
3
4
6
5
4
2
4
3
2
2
1
0
0
0
-3
-2
-3
0
0
-4
-4
-3
-3
-3
-3
-2
0
0
-2
-3
-3
-4
-3
-2
-2
-4
-1
0
1
-1
-2
-2
-2
1
1
0
-3
-2
-1
0
0
-1
0
0
1
0
0
-1
2
3
4
3
3
3
5
5
3
4
3
7
6
2
1
1
3
1
1
-4
-3
-1
-1
-2
-3
-5
-5
-3
-4
-5
-6
-6
-3
0
0
0
1
2
1
2
3
5
5
4
3
4
3
2
1
-1
-3
-2
0
-4
-4
-3
-2
-4
-4
-5
-5
-3
-3
-3
-5
-5
-3
-1
-1
-1
-1
-2
1
2
4
2
2
4
4
5
8
7
6
8
7
6
7
5
6
5
5
3
-1
-1
1
-1
-3
-6
-6
-6
-6
-8
-6
-4
-4
-3
-4
-4
0
0
1
2
1
-1
-1
-1
-2
-1
-1
-3
0
2
-1
-3
-5
-1
0
-3
-5
-4
-2
0
-1
-2
-1
0
1
1
2
1
0
0
0
0
2
2
0
2
3
3
5
3
4
2
3
0
0
3
1
4
0
-2
-2
-1
-1
2
-1
-4
-4
-3
2
2
1
1
2
5
6
5
4
6
7
7
3
2
3
1
0
-1
-4
-3
-4
-6
-6
-7
-5
-6
-9
-7
-5
-4
-4
-3
-3
-4
-4
-6
-6
0
-1
-2
-2
-1
0
-3
0
2
1
2
2
-1
0
4
2
4
1
2
5
3
4
5
2
1
2
1
3
1
-1
-3
-3
-1
0
1
-1
-3
-1
-1
-1
1
2
-1
-3
2
5
5
3
1
0
4
6
3
-1
0
1
2
3
-2
-5
-1
-1
-3
-4
-4
-6
-4
-1
-1
-2
-1
1
4
1
0
-3
-1
1
0
-3
-2
-1
-1
-1
-2
-2
1
1
-1
-2
-2
0
1
3
2
1
0
-1
2
3
1
-1
-2
1
0
-1
-1
0
1
2
2
-1
-2
2
4
1
-1
-3
-1
2
1
0
0
-1
0
0
-3
-2
-2
-5
-11
-14
-8
-15
-22
-12
2
0
-9
-8
2
7
0
-4
-3
9
17
24
27
25
23
28
36
29
16
10
15
19
8
-2
-6
-6
-5
0
3
1
-6
-14
-16
-21
-32
-49
-58
-51
-40
-36
-42
-44
-24
8
28
22
5
-7
7
40
58
54
37
35
44
43
27
19
39
53
35
7
7
23
17
-10
-26
-17
4
-6
-24
-28
-18
-12
-15
-2
11
12
-2
-18
-20
-13
-14
-4
-3
-12
-28
-23
-19
-16
-22
-17
-40
-41
-19
-30
-30
-23
-7
-42
-66
-66
-50
-62
-91
-105
-72
-14
-47
-43
-31
-62
-76
-11
28
1
11
58
-10
-76
-103
-30
-124
-329
-451
-564
-2508
-6154
-5729
12
5200
4963
1484
32
1703
3116
1664
439
1512
2541
-339
-4139
-3982
-368
3307
3249
1074
-674
-813
-473
118
1406
2103
1647
292
-498
-847
-856
438
1894
1867
-626
-2406
-2000
-1019
-299
-242
-678
-3
399
-631
-2260
-1312
1239
2528
-630
-4168
-3185
60
2202
-296
-1980
342
2215
916
-1214
-392
1579
1637
-146
-1514
577
903
118
-548
-791
-491
-319
-1398
-1622
373
-449
-957
-1180
-1344
-389
337
-315
-1718
-246
280
-233
786
1115
1971
2144
1460
1396
1409
1867
1949
1507
257
1267
1076
-520
-582
435
-655
-1896
-970
-666
-737
-1550
-1345
-490
81
-1459
-1207
1035
1344
569
352
1159
1501
841
94
980
1864
990
836
94
138
908
1204
-150
-152
916
-55
-1115
-873
-159
-332
-476
-1042
-400
-1217
-2334
-673
151
-74
-571
42
-707
-1386
-981
12
666
-1209
-687
1014
292
-349
646
1229
1324
399
-65
671
-106
-462
-338
396
-69
-1012
-263
-358
-513
66
683
-731
-272
888
-693
-618
598
732
-78
110
-367
-287
-1587
-988
-784
-1557
-602
-131
-399
-1431
-108
350
184
273
1330
823
732
997
42
75
547
364
382
-189
-637
921
32
-858
-135
1334
1388
182
111
765
662
-197
542
336
1126
738
-913
-78
1882
1017
-723
186
1010
507
-591
96
291
938
44
-1060
376
1257
1398
-292
-637
926
-96
-1957
-1098
1086
976
-114
-11
795
836
-920
-1450
-69
922
-674
-1657
-833
-735
-1715
-2550
-1717
-662
-169
-1229
-1082
164
178
-356
769
2136
752
-368
-438
232
597
131
-426
-382
-129
22
-496
-1578
-1048
-755
-451
170
484
485
72
235
-6
767
86
-622
286
878
57
-825
267
279
602
541
431
223
103
-58
491
1486
1507
1393
839
495
27
642
490
752
1125
757
-1023
-1366
-389
-460
-765
125
918
195
-434
-795
-556
-408
-435
-611
382
408
-181
-635
-167
-6
-109
-14
-5
124
0
-393
-65
564
-155
-834
-660
-187
-108
265
1
-101
25
-908
-605
152
807
725
446
680
464
250
-390
-231
218
558
-20
99
420
144
-78
154
688
220
79
-54
-221
-515
-346
112
355
-28
-872
-1148
-900
-1179
-1454
-487
-287
-736
-749
-489
-350
-128
365
532
321
-324
-730
-447
-123
-298
32
409
281
-514
-1067
-542
-408
-443
-194
94
59
171
267
424
1222
1101
662
781
676
591
1107
1482
1451
1345
873
919
868
283
321
536
472
507
216
-145
138
104
-216
111
27
-486
-601
-548
-792
-491
-272
-544
-252
-250
-781
-677
43
420
573
595
166
-273
-544
-839
-682
-11
297
-28
-629
-1078
-1018
-484
-544
-538
-206
-266
-419
-136
-17
74
415
334
30
-336
-670
-657
-504
-264
78
126
-413
-367
-438
-564
82
224
323
651
302
-263
-145
-348
-353
-232
-148
291
390
305
291
53
-21
174
251
617
746
426
835
1333
1023
855
713
555
330
65
-329
-705
-515
-563
-675
-540
-282
-81
125
56
-248
-205
269
199
-387
-395
-351
-167
-98
11
-63
277
444
112
-89
86
247
118
73
106
244
-40
94
532
590
381
357
377
515
540
328
267
-49
-226
-182
-34
184
533
315
120
91
-222
-124
-8
-21
22
124
-160
-420
-539
-427
-409
-723
-723
-524
-300
-194
-204
-447
-798
-974
-718
-312
-230
-328
-621
-850
-737
-242
431
872
1030
610
39
-205
-223
240
1027
1525
1229
544
-191
-90
261
451
802
1044
383
-575
-908
-698
-380
-242
205
283
-176
-914
-1108
-639
-138
-384
-772
-549
-676
-881
-901
-769
-553
-368
-233
-120
-140
-409
-229
234
594
684
678
871
844
645
770
1022
729
386
236
121
127
209
377
592
672
719
850
731
518
287
374
708
668
390
278
-13
-297
-318
-303
-170
69
140
-61
-411
-764
-600
-10
522
750
679
270
-223
-426
-379
-47
-18
57
186
-7
-520
-613
-302
-20
268
240
2
-500
-835
-785
-401
-90
22
-154
-742
-1039
-887
-663
-392
26
121
-8
-244
-545
-693
-613
-324
50
37
-363
-631
-563
-375
-299
-95
57
-98
-205
-196
-210
34
323
437
557
543
449
582
766
898
900
921
964
707
481
574
740
705
483
240
449
723
595
418
316
248
341
434
303
236
120
45
128
175
96
-26
-197
-436
-681
-688
-557
-507
-247
68
-215
-758
-864
-876
-857
-680
-494
-582
-611
-624
-586
-530
-466
-490
-599
-657
-725
-487
-254
-184
-167
71
138
130
119
30
149
339
382
338
251
30
83
206
96
37
244
431
508
534
485
456
451
450
430
518
700
716
574
608
634
574
572
495
514
714
745
592
560
397
209
224
316
369
260
33
-63
-107
-234
-236
-152
-104
-145
-338
-604
-810
-909
-849
-745
-761
-848
-995
-1193
-1305
-1223
-1075
-982
-886
-804
-788
-864
-909
-708
-314
-46
26
-69
-222
-118
103
195
276
317
199
85
27
4
144
449
748
813
606
452
557
719
859
973
942
833
809
775
729
788
866
936
985
903
698
480
298
191
142
159
223
90
-163
-299
-408
-481
-374
-324
-351
-299
-463
-708
-652
-545
-489
-247
-167
-389
-457
-451
-556
-538
-388
-334
-325
-370
-415
-340
-300
-346
-286
-128
-84
-173
-276
-292
-292
-298
-228
-148
-69
64
119
40
-14
3
75
211
309
364
416
350
234
244
307
359
505
647
646
609
531
276
14
-15
103
221
292
245
170
141
-9
-151
-2
205
203
212
277
180
-22
-107
-63
15
81
95
2
-171
-334
-416
-428
-371
-239
-155
-239
-479
-631
-525
-352
-300
-239
-133
-125
-186
-298
-428
-405
-212
-28
102
175
157
117
75
25
41
196
383
420
316
205
133
60
-10
-14
94
163
114
75
32
-113
-196
-56
115
150
112
62
-48
-145
-129
-93
-115
-102
-33
-25
-110
-155
-53
106
186
241
287
180
-51
-173
-126
-33
40
102
128
43
-114
-158
-32
148
291
356
343
286
203
149
151
167
196
237
204
46
-165
-294
-312
-277
-226
-183
-185
-259
-351
-361
-279
-172
-40
137
264
231
137
129
171
204
275
364
355
308
286
179
-6
-97
-85
-113
-150
-116
-88
-132
-189
-167
-82
-7
20
29
37
34
31
49
61
10
-71
-125
-175
-207
-159
-78
-50
-95
-222
-346
-337
-230
-136
-32
71
38
-99
-187
-210
-184
-75
72
146
103
-2
-97
-145
-152
-119
-67
-65
-127
-173
-158
-120
-69
24
120
139
94
63
107
205
284
316
335
311
193
69
41
80
127
183
216
165
56
-49
-107
-83
11
107
160
167
118
50
33
71
142
227
283
282
225
145
94
106
140
149
156
133
48
-61
-106
-78
-33
-8
-23
-84
-173
-245
-254
-184
-100
-47
-22
-46
-136
-238
-250
-152
-3
93
98
25
-92
-205
-263
-215
-83
53
94
-4
-166
-276
-276
-170
-13
112
148
72
-89
-257
-342
-307
-197
-84
-42
-81
-148
-183
-171
-102
29
159
229
213
137
51
7
7
43
104
161
180
152
95
38
0
-9
11
49
79
80
53
16
-11
-23
-13
17
63
98
100
63
5
-52
-85
-72
-6
78
142
148
110
56
25
36
87
158
213
221
176
112
66
56
71
92
109
117
96
60
26
5
-14
-33
-43
-47
-44
-49
-59
-75
-98
-118
-132
-138
-139
-120
-98
-86
-83
-82
-80
-77
-78
-77
-66
-51
-44
-47
-50
-49
-45
-39
-31
-27
-23
-16
-7
9
36
57
56
39
23
13
5
4
7
10
4
-11
-21
-29
-19
5
23
22
23
28
20
3
0
24
48
61
67
76
74
53
34
38
52
60
51
37
25
15
2
-1
15
26
16
-13
-41
-52
-65
-75
-82
-81
-77
-82
-84
-77
-61
-51
-46
-45
-52
-59
-59
-49
-34
-24
-12
2
14
26
40
53
52
50
42
47
47
48
59
65
63
39
12
-8
-15
-8
12
30
41
32
12
-6
-13
-3
16
34
45
49
47
38
26
24
21
19
18
17
13
1
-13
-27
-38
-42
-44
-41
-36
-28
-22
-23
-29
-35
-31
-28
-19
-7
2
10
14
13
10
5
4
10
13
19
23
19
8
-10
-20
-20
-14
-2
7
9
1
-13
-26
-35
-35
-25
-13
-7
-5
-8
-13
-17
-16
-12
-8
-2
0
-3
-12
-17
-15
-15
-10
-4
2
4
3
5
9
16
23
29
31
28
25
18
19
22
26
28
27
23
16
11
4
0
2
8
18
29
27
19
4
-4
-3
3
14
25
26
15
4
-6
-9
-6
-2
-3
-10
-21
-30
-34
-34
-32
-36
-37
-39
-38
-31
-24
-15
-11
-10
-8
-3
6
13
16
13
3
-1
5
9
7
10
5
-4
-10
-11
-10
-6
-3
-2
-3
-7
-10
-13
-9
-5
-1
1
-1
-3
-5
-6
-7
-2
-2
1
1
-1
2
2
3
2
4
5
5
6
9
11
12
10
9
10
14
16
17
17
15
14
17
16
11
11
11
9
10
5
1
0
1
0
-4
-5
-9
-10
-13
-9
-8
-10
-7
-8
-7
-6
-4
-4
-1
-3
-3
-5
-5
-4
-4
-1
-1
-1
-4
-6
-8
-5
-5
-3
-6
-6
-7
-11
-12
-11
-9
-7
-8
-10
-9
-6
-5
-5
-3
0
0
2
0
-1
0
2
5
4
2
-1
-1
1
6
5
6
5
0
1
4
3
5
6
2
2
2
2
5
8
8
4
2
2
5
3
-1
2
3
4
2
1
-1
-1
1
2
-2
-3
-2
-3
1
0
-1
-3
-3
0
-1
1
1
0
0
3
1
1
2
0
-2
-3
-3
0
3
1
0
1
1
0
-3
-2
1
0
3
2
2
-2
-4
-3
-5
-3
-6
-8
-6
-6
-6
-8
-6
-6
-5
-4
-3
-6
-6
-1
-2
1
1
1
2
4
3
1
1
1
2
-1
1
1
1
-2
1
1
1
-1
0
2
4
1
1
2
4
5
2
3
3
4
4
4
3
3
1
2
0
0
1
2
1
0
3
2
0
-1
-2
-3
-2
-3
-5
-4
-3
-3
-4
-5
-4
-2
-1
-3
-3
-5
-3
0
1
2
0
1
2
3
1
1
-2
2
1
-1
1
0
-1
-2
0
-1
0
1
1
2
2
-2
1
1
3
-1
-4
-1
1
2
1
0
-1
1
-2
-1
0
-1
-3
-4
-4
-3
-2
-2
1
4
2
-1
-4
2
3
1
4
4
4
4
1
2
1
-2
-1
-1
0
1
-2
-4
-2
2
1
-1
-1
0
-1
0
-1
-2
1
-2
-6
-6
-6
-5
-7
-6
-7
-4
-3
-3
-2
0
0
0
3
6
7
6
4
2
5
4
2
2
0
1
2
2
1
3
2
3
2
3
4
3
2
1
3
1
-1
-1
-1
-2
-2
-2
-1
-2
-1
-2
-3
-4
-1
-1
-2
-2
0
-2
-1
0
-3
-1
-1
-3
-1
2
0
-4
-3
0
0
-3
-3
-4
-1
-1
-4
-4
-3
0
-1
0
-1
-3
1
2
2
2
3
1
4
3
7
5
0
1
1
2
0
2
1
0
-2
-1
0
-2
1
1
-2
-3
0
1
-2
-1
-3
0
0
-3
-2
-1
-2
-2
1
1
-2
0
0
3
2
2
0
1
0
4
2
2
1
3
6
1
1
0
0
1
0
-3
-2
0
-3
-3
-2
-2
-1
1
1
1
-3
-2
-1
-3
-4
-4
0
1
