0
-2
0
0
1
2
3
3
1
0
3
3
1
4
3
6
5
5
5
1
-3
-1
-2
0
4
4
0
-2
2
1
-1
1
1
3
2
3
4
2
2
1
-1
-2
-3
-2
-3
-4
-4
-3
-2
-4
-1
1
0
-1
-1
-4
-1
-1
-2
-1
0
0
-1
0
-2
-1
2
2
5
4
0
0
-1
1
-1
-4
-2
0
1
2
3
1
-2
-4
-2
-1
0
0
0
-4
-3
4
4
3
0
2
4
2
-1
-4
-2
0
3
1
-1
1
4
6
1
-4
-3
0
-2
-4
-1
3
5
2
3
0
1
0
2
-2
-2
2
2
-1
-2
-1
-1
2
5
3
1
-1
1
1
-2
1
2
3
0
1
0
-1
1
-1
-3
-1
-2
-2
-3
-3
-3
-4
-6
-6
-4
-2
-1
0
-2
2
0
0
2
2
0
0
1
0
-1
-2
1
-1
1
-1
0
-2
-5
-3
-1
0
5
4
-1
-1
3
7
3
4
0
1
4
-2
-3
-1
-3
-3
1
4
6
2
5
6
4
0
-1
-2
-1
-5
-7
-4
0
3
4
7
-2
-1
4
3
-1
0
2
3
1
-2
-4
-3
-2
-4
-3
-1
-3
0
3
1
-5
-4
-4
-2
-5
-7
-1
4
4
4
4
3
3
-1
-1
-2
1
2
4
1
2
2
-1
1
-2
0
1
1
-2
0
2
4
2
2
0
1
0
1
1
-2
-4
2
-1
-3
4
4
0
0
-3
-2
-2
-7
-3
0
2
-1
0
1
5
6
0
-2
-6
-6
6
6
1
1
-1
-5
-3
-1
-3
-1
-1
-1
-3
-1
4
3
2
-3
-5
-8
-1
5
4
4
2
4
2
-6
-6
-2
-2
-2
1
8
6
3
3
1
-4
-4
-1
4
0
4
5
1
7
8
4
1
-1
-1
-7
0
2
-2
-3
-2
4
1
2
0
-3
-1
-1
0
-2
1
2
1
-1
1
0
-4
-4
-4
0
-2
4
13
3
-3
-4
-8
-8
-1
0
-4
2
4
1
-7
-3
3
2
-3
0
1
0
3
-5
-7
-11
-1
5
2
7
4
-3
-13
-7
0
10
12
10
5
-11
-17
-19
-12
-14
12
18
16
16
17
11
3
-2
-4
-19
-30
-19
-13
-2
22
48
37
11
2
-3
-8
-19
-27
-8
-17
10
28
19
-5
-9
-11
-9
1
24
54
37
17
-52
-90
-44
-41
-16
-24
44
46
43
61
67
81
-29
-84
-133
-53
-41
-9
19
69
68
-11
12
25
63
20
-14
-40
-71
-79
-122
31
112
106
46
-5
28
-83
-65
5
-21
-56
-35
40
101
81
101
-16
-98
-74
-80
-62
39
97
137
-19
-56
-73
-58
-13
-12
55
88
3
5
-36
-27
-19
-40
86
57
30
47
-34
-98
-132
-67
68
63
106
28
-32
-54
-55
10
-4
65
109
27
-41
-91
-126
-88
-3
93
58
142
159
-24
-81
-193
-99
-66
99
118
87
40
21
-3
-138
-42
-43
31
-9
-31
55
95
84
11
-45
-113
-96
-4
4
14
42
94
-8
44
-37
-38
-6
-20
37
-20
-75
-49
-17
54
95
5
18
40
49
-49
-156
-75
8
149
156
-75
-65
-21
14
39
-45
12
38
-28
-82
-1
-10
82
90
43
-100
-74
-44
-17
149
10
18
-42
-68
9
-140
-38
93
148
10
-18
9
-6
2
-47
16
31
-34
-33
4
46
-88
-80
-43
113
149
-43
1
-14
1
23
71
-54
-39
-126
-44
22
55
58
17
34
34
40
-147
-53
23
128
20
-101
-131
0
209
110
-114
-200
50
219
78
-232
-168
0
92
246
5
-107
-101
-29
78
-25
-21
-11
-36
153
13
30
-54
-17
56
-156
85
-16
-119
-94
116
244
14
-4
-64
-98
-105
34
-41
39
96
92
47
-77
113
-92
-202
-71
108
152
56
-204
-173
53
214
25
77
79
-68
-33
-127
-41
-24
73
-93
-26
102
156
83
-64
35
-354
-186
56
218
85
159
102
-128
-31
-93
69
-69
-124
-109
-30
170
148
52
66
-48
-238
35
103
-3
-85
-58
37
-64
32
184
168
-88
-183
-176
-29
83
152
66
23
-19
-42
-21
12
113
-15
-103
-188
10
2
204
76
-58
82
0
-135
-190
41
124
107
-85
2
-63
121
49
-122
32
18
-51
-179
43
212
62
-65
154
-67
-168
-69
5
35
-116
60
32
40
84
114
-63
23
-25
4
-42
-123
-11
78
29
-92
-18
144
-39
-20
-156
16
173
-56
-44
32
13
113
64
3
-122
-143
72
33
-146
-36
117
82
46
-52
-112
47
85
-16
4
140
-43
-258
-47
189
192
-105
-53
-16
-1
-114
64
87
44
-83
-143
9
188
114
-97
-124
19
258
-21
-145
-58
-148
-215
112
216
191
111
11
-101
-262
-197
6
81
135
111
49
70
10
-55
-208
-184
-64
107
144
189
-27
16
60
-13
-234
-141
69
55
137
-97
-158
-21
202
221
72
-29
-179
-59
-52
-94
48
-67
37
137
56
-26
12
50
-73
-124
-20
83
-1
9
192
49
30
-135
-190
0
11
38
-117
-63
90
175
119
-2
16
-74
103
20
-153
-287
-72
158
121
59
-19
-18
-109
27
109
-56
1
122
-63
-159
78
173
80
-164
-42
48
27
-161
5
-105
-81
71
100
196
31
42
-219
-6
-97
42
68
47
73
-28
-23
-42
-149
-190
76
223
155
34
-14
14
2
-67
-32
-133
-78
96
126
-89
-38
-21
-59
-80
140
125
1
15
-68
-113
-25
51
50
141
137
-136
-52
-66
-185
35
85
61
16
-9
111
35
-102
-141
-6
131
42
133
53
-14
-234
-57
-65
-113
99
204
135
-85
30
-83
85
-102
-42
7
-2
-80
-102
-72
134
169
37
65
152
20
-193
-177
-90
5
10
49
19
-2
32
55
23
4
-24
63
14
-173
44
-7
-43
1
-26
-21
95
81
-53
8
-51
-79
-16
113
95
-46
-188
-29
-54
125
84
-101
17
159
41
-19
-36
-91
62
-25
-137
65
139
110
-4
-140
-90
24
72
-13
-128
-13
-16
-13
195
123
10
72
75
-76
-233
-148
-36
64
38
62
82
23
88
164
-79
-224
-131
-46
24
162
216
71
77
-28
-176
-211
-28
-58
-9
63
102
102
113
51
-118
-99
-51
-263
-114
142
251
189
43
-35
-64
-58
-71
-124
-287
58
51
-1
5
216
115
-89
9
5
52
-126
-134
-76
-76
143
138
112
-34
-44
-138
-15
-101
51
122
149
-26
-144
-108
26
131
70
52
-54
24
12
-42
-154
-91
164
94
63
21
18
-141
25
-2
-113
-161
37
254
215
-94
2
-8
-90
66
39
-77
-202
92
34
43
-58
107
23
-59
-92
-113
-33
266
78
-95
-52
-5
64
47
133
-81
-5
-49
-74
-165
-260
68
169
303
10
-5
53
-90
-95
-120
-131
-119
131
262
68
-20
-4
-59
-13
-36
-105
-35
12
222
92
-133
18
29
-5
-266
33
20
-8
98
40
32
27
-16
23
-158
58
-19
37
15
-12
-65
-54
-84
225
112
0
54
-59
-122
-256
-52
130
130
124
142
43
-146
-162
-103
-58
114
109
166
-72
30
-105
-69
-65
69
-13
-24
-28
27
111
72
31
13
-62
-167
-127
41
106
64
64
-45
-85
223
145
-6
-298
-145
-126
-132
203
147
287
76
-173
-142
-22
-46
-48
89
-250
73
42
64
187
170
47
-227
-84
-36
-115
-84
143
-39
-81
96
144
204
-29
-104
-170
-18
23
135
-164
-115
82
-7
122
188
154
-152
-141
11
41
-142
-174
52
41
184
35
-70
87
203
-166
-193
-139
-28
231
-19
16
53
-3
-96
20
99
37
-30
-241
-10
19
15
93
-4
82
84
82
-148
-22
-198
-43
-87
94
156
46
194
35
-12
-168
-176
-37
136
230
-8
-87
-213
-83
-50
138
122
2
-28
33
-12
-31
-78
154
117
-45
-130
-93
59
17
-44
15
-37
25
93
-21
8
-21
69
37
-15
-52
-82
-17
13
-103
3
92
13
-82
88
223
4
31
65
-241
-195
-22
-5
-66
50
132
92
-77
115
24
-50
-145
-59
149
124
0
-153
-98
-16
-73
80
149
83
192
104
-241
-177
-28
-101
-145
158
39
102
-14
36
81
42
15
153
-100
-128
-89
-36
74
41
-39
-135
-185
3
274
73
-13
100
40
-206
15
92
94
-51
-95
-270
-71
13
133
213
85
20
-175
40
162
-72
-181
-115
232
-82
-106
-7
88
102
61
164
-50
-121
-10
-18
-198
-215
46
191
63
100
70
142
29
-70
-149
-200
-370
-2
154
289
220
40
154
-130
-55
-205
-254
17
341
273
40
-417
-314
48
123
357
2
-257
57
230
-152
-348
-31
177
162
255
-105
-330
81
116
142
-325
109
3
-288
-48
149
320
199
12
-31
-286
-215
202
104
16
-49
40
-159
-420
17
194
63
102
201
318
127
-106
-272
-360
-53
154
-6
172
13
-45
-136
81
6
37
180
47
77
-105
-379
-247
53
49
234
113
133
61
-6
-47
-191
-272
-322
194
337
164
130
43
29
-103
-32
-192
-95
53
-69
188
99
-57
-325
-172
-12
61
305
217
-156
103
63
35
-2
205
-33
-205
-492
-134
254
95
-85
-119
-22
10
312
357
-50
-10
-31
89
-391
-276
151
88
18
-167
-135
17
13
169
95
137
20
83
68
-121
213
-77
-4
17
10
-149
-258
-130
91
40
-22
-54
138
1
64
209
246
-109
-365
-198
-76
49
158
302
147
-260
-212
-63
19
-119
-21
57
142
31
-17
108
87
16
-147
-108
9
341
77
-64
73
232
-168
-321
51
15
204
-31
-105
-187
-151
-85
-56
-71
-4
227
202
106
-172
-414
-153
-71
56
104
159
262
-20
-208
-255
-49
-23
147
-223
-398
-182
-99
-23
147
160
163
108
254
115
71
128
33
242
186
144
11
101
229
49
-75
-115
55
285
283
344
24
-122
25
69
-398
-285
97
48
278
-287
48
-167
195
326
-268
-413
-262
80
-166
-406
-110
-136
-138
261
141
-14
-331
-205
-272
-25
-143
-41
355
253
-2
125
-333
-623
-87
148
131
-175
104
467
129
436
76
-220
39
227
259
305
102
32
241
3
108
41
29
85
-194
-182
-8
28
200
44
-64
-109
-129
-80
-84
-144
105
208
-91
-121
-98
-65
-192
93
-134
-77
-198
-140
-124
-7
175
15
53
-510
-438
17
42
54
248
-93
-120
18
95
181
382
172
-178
-108
81
-150
-27
131
-73
-139
109
466
85
-304
-155
-100
186
388
91
-89
66
-110
-143
-125
-187
89
8
95
93
277
-81
-112
45
31
256
56
393
-205
-218
277
-178
35
159
356
-214
-61
139
-210
-86
-45
158
-270
101
-98
-90
-89
-146
-78
-286
115
226
138
-13
-183
180
295
-26
-20
-302
-179
2
321
-82
-153
136
42
-31
-79
187
-114
17
-102
72
-312
-474
-177
2
231
178
-32
-155
-99
330
115
62
-181
-21
-109
-69
18
175
159
30
-40
-135
4
149
61
157
12
65
270
-230
-424
-265
-187
-6
-22
75
313
227
21
-249
122
413
386
-37
-216
52
169
64
161
59
59
46
65
173
131
-224
-540
-219
-149
-278
173
-116
-132
-58
-200
579
243
382
-157
-253
-469
-385
-43
111
271
7
98
-4
77
-187
-33
68
-194
-16
-173
55
-85
-129
197
269
54
-176
-98
-132
186
359
143
-130
-181
89
336
10
-46
-5
297
-17
-23
-14
196
150
-28
-18
-382
-275
76
125
-241
189
341
-100
-37
-272
-313
152
-105
-50
-267
-153
18
129
307
55
-22
10
100
-59
278
230
-52
-47
-101
-19
-173
-249
-82
96
206
-9
-25
334
-58
-224
-154
-206
210
158
557
161
-311
-498
-211
115
131
300
30
-55
-88
-206
-122
-203
-84
-122
-217
-72
170
175
104
-10
-412
-519
-179
210
162
198
99
305
39
207
216
499
429
393
164
-112
42
-6
-395
-376
-269
-1
-68
46
52
-2
51
-24
-48
-259
-342
-378
-83
-125
66
138
286
113
-194
156
0
-55
-5
-134
210
388
307
161
53
186
-102
55
-48
-200
98
169
24
-11
82
-13
-328
-378
-147
70
-205
-87
-35
121
-170
-256
152
67
26
-82
152
-50
-195
-179
-86
255
336
232
-107
-115
-28
16
220
-75
42
-135
-79
-27
74
174
17
-64
-119
44
-19
-115
-63
-15
-10
43
-1
290
307
-228
-115
-32
-288
-125
169
278
113
-19
43
44
-8
103
29
-32
-67
-96
278
28
-16
148
-4
-158
-213
-81
-153
6
98
-21
31
-135
48
-113
-57
-67
-147
-69
-178
-16
64
173
118
266
270
-46
-56
-133
-112
-62
-63
81
135
276
87
41
58
-17
34
-79
-83
-71
-166
61
163
242
57
-28
-15
2
176
145
173
-60
-252
-63
-94
-82
-129
-134
-213
-111
-20
-130
-61
-86
-231
-115
-220
-65
39
156
-18
-148
71
50
183
199
229
56
5
-8
24
72
-82
-71
-24
74
-84
-30
168
153
179
90
-154
-305
-30
204
99
-191
-121
-21
49
91
222
163
-25
20
100
17
-149
-124
19
236
182
172
38
-73
53
-67
-369
-304
-47
148
280
81
158
-58
-125
60
-104
-16
-6
-129
-88
50
167
5
75
-49
-13
-38
-182
-284
-128
-134
-52
-41
-16
157
132
129
28
-321
-367
-87
43
-8
-222
-96
200
253
217
79
160
143
-176
-31
100
72
22
171
116
48
32
89
215
155
-87
-140
57
-23
-80
0
25
45
-25
70
-114
-284
-217
-238
-68
22
133
262
248
184
89
-45
-53
-90
-25
12
-179
-82
129
199
176
8
-100
-240
-206
-216
-165
-106
-14
25
9
47
61
-44
-11
-93
-188
-164
-107
-92
-129
2
-56
-63
53
149
138
63
61
69
-112
-131
-160
-116
-107
-6
113
173
178
224
277
250
180
53
141
249
109
-31
21
17
97
206
338
407
408
285
256
240
91
30
49
1
-55
-63
-101
-72
-12
55
-22
-63
-147
-162
-192
-307
-385
-478
-467
-415
-444
-395
-377
-360
-379
-367
-299
-385
-487
-517
-534
-686
-697
-601
-533
-496
-368
-227
-116
4
204
330
483
490
577
703
696
626
633
680
663
753
850
848
843
900
971
948
941
912
813
847
822
794
805
800
737
607
564
506
303
228
194
140
49
16
131
74
-8
-264
-707
-1289
-1736
-2132
-2933
-3711
-4040
-4103
-4366
-4306
-3811
-3121
-2556
-1615
-663
157
663
1247
1636
1885
1775
1645
1485
1384
1265
1172
1158
1152
1213
1451
1592
1603
1557
1518
1442
1212
1007
751
539
405
364
394
507
627
840
1145
1442
1561
1650
1761
1820
1746
1669
1460
1240
988
796
587
393
140
-13
-67
-134
-235
-336
-856
-1612
-2179
-2540
-3506
-4668
-5305
-5526
-5877
-5991
-5558
-4864
-4205
-3207
-1894
-707
156
946
1674
2152
2359
2295
2155
1999
1915
1736
1599
1479
1549
1632
1701
1655
1570
1219
891
670
396
-186
-617
-733
-683
-578
-268
154
668
1231
1808
2300
2578
2559
2493
2506
2384
1986
1771
1762
1728
1598
1558
1434
1259
1120
930
636
378
162
-149
-294
-331
-457
-1082
-1832
-2418
-2637
-3372
-4597
-5545
-5670
-5944
-6317
-6171
-5456
-4908
-4102
-2779
-1396
-370
524
1450
2236
2759
2790
2607
2451
2420
2142
1855
1513
1376
1335
1515
1481
1389
1188
1073
899
711
208
-290
-586
-693
-928
-926
-628
-293
55
754
1544
1971
2341
2864
3204
3109
2954
2775
2526
2224
1998
1704
1453
1252
1116
1000
883
634
370
318
243
-12
-210
-110
-424
-1417
-2371
-2710
-3353
-4790
-6063
-6410
-6633
-7143
-7110
-6271
-5348
-4552
-3213
-1573
-182
779
1770
2613
3197
3281
3119
2840
2679
2394
2062
1701
1507
1402
1445
1472
1464
1382
1272
1034
667
229
-259
-755
-1266
-1630
-1694
-1402
-1057
-602
141
1136
1918
2607
3328
3866
3866
3747
3644
3351
2765
2312
1957
1581
1255
1093
899
708
618
538
403
336
265
148
81
-221
-1263
-2460
-3107
-3789
-5354
-6806
-7278
-7392
-7815
-7628
-6651
-5555
-4582
-3021
-1203
280
1301
2329
3186
3681
3697
3477
3151
2866
2541
2174
1775
1472
1356
1355
1357
1303
1190
991
747
363
-117
-657
-1257
-1831
-2008
-1935
-1940
-1687
-756
248
920
1806
2928
3609
3935
4356
4453
4003
3489
3134
2649
2140
1679
1274
1033
925
666
506
600
504
223
270
445
233
2
-406
-1493
-2791
-3426
-4340
-6033
-7369
-7599
-7804
-8071
-7569
-6322
-5188
-3920
-2132
-228
1113
2010
2894
3705
3984
3704
3321
2979
2560
2134
1795
1411
1135
1145
1181
1057
1037
1041
739
311
77
-289
-874
-1337
-1611
-1945
-1971
-1542
-1000
-497
403
1455
2283
3002
3815
4280
4336
4286
4178
3768
3220
2657
2105
1583
1190
810
516
345
263
180
147
122
112
159
286
303
-279
-1528
-2687
-3284
-4289
-6196
-7716
-7965
-8017
-8315
-7871
-6437
-5059
-3706
-1799
293
1691
2587
3436
4193
4437
4057
3412
2925
2538
1970
1397
1073
923
811
861
963
972
868
722
403
4
-520
-1109
-1681
-2001
-2065
-1887
-1549
-1062
-235
847
1835
2647
3462
4165
4485
4592
4456
4012
3426
2906
2342
1705
1239
873
599
458
370
300
348
363
217
174
351
360
106
-755
-2010
-3110
-3684
-4976
-6868
-7957
-7933
-8112
-8177
-7178
-5697
-4571
-3017
-869
944
2013
2925
3733
4227
4293
3845
3187
2673
2338
1870
1436
1112
981
976
1016
961
934
809
451
41
-213
-713
-1341
-1705
-1812
-2045
-1884
-1198
-528
-21
928
2062
2812
3374
4084
4445
4349
4173
3961
3423
2729
2168
1659
1197
836
529
318
258
312
285
308
297
263
311
457
252
-833
-2181
-3086
-3747
-5294
-7215
-8251
-8258
-8442
-8377
-7413
-5805
-4546
-2822
-639
1333
2350
3273
4122
4666
4475
3960
3270
2781
2292
1806
1311
1071
932
898
967
1025
915
697
482
57
-425
-930
-1353
-1795
-1948
-2034
-1812
-1198
-330
256
1092
2200
3053
3490
4157
4583
4358
4019
3916
3458
2646
2023
1506
1019
689
459
106
-20
72
189
213
300
248
258
482
584
-152
-1589
-2709
-3279
-4354
-6400
-7933
-8190
-8203
-8528
-7951
-6449
-5056
-3781
-1684
519
1929
2760
3698
4403
4579
4163
3489
2872
2519
2056
1500
1120
1030
975
1001
1092
1066
866
594
280
-120
-632
-1219
-1653
-1844
-1921
-1825
-1279
-556
125
1032
2195
2925
3329
3990
4578
4394
3975
3753
3329
2530
1934
1469
947
528
336
132
73
123
98
64
278
350
159
146
439
314
-807
-2229
-3026
-3549
-5120
-7141
-8007
-7869
-8184
-8286
-7136
-5522
-4438
-2854
-537
1345
2295
3166
4086
4636
4610
4063
3349
2859
2506
1919
1352
1068
1006
921
935
938
858
536
184
-134
-433
-987
-1524
-1773
-1728
-1764
-1691
-1161
-269
467
1178
2142
3044
3464
3841
4351
4372
3829
3453
3226
2527
1641
1164
842
347
8
-31
-58
-92
43
251
373
443
507
640
823
623
-477
-1876
-2733
-3410
-5071
-7082
-8032
-8003
-8244
-8333
-7341
-5721
-4434
-2838
-582
1373
2385
3225
4184
4697
4503
3934
3289
2782
2376
1808
1219
959
933
862
868
930
854
584
293
-106
-594
-1100
-1547
-1937
-2074
-1900
-1524
-1061
-333
698
1674
2399
3119
3841
4184
4240
4245
3984
3329
2776
2311
1581
846
525
256
-103
-145
-3
-19
19
277
416
500
624
643
661
804
168
-1411
-2543
-2920
-4174
-6398
-7649
-7695
-7958
-8374
-7700
-6290
-5063
-3746
-1692
387
1741
2559
3512
4341
4543
4073
3509
3067
2704
2211
1692
1283
1179
1162
1091
1000
995
784
401
81
-223
-816
-1402
-1634
-1758
-1930
-1754
-1164
-627
29
1082
2115
2678
3252
3970
4301
4118
3936
3712
3164
2486
1898
1284
650
227
-49
-235
-329
-305
-202
18
174
300
446
610
664
819
759
-220
-1637
-2422
-3003
-4655
-6690
-7564
-7671
-8079
-8232
-7354
-6001
-4821
-3265
-1209
600
1803
2724
3680
4347
4468
4035
3483
3108
2737
2161
1641
1343
1240
1129
1085
1041
959
779
469
128
-298
-823
-1355
-1655
-1823
-1853
-1633
-1145
-594
187
1166
2030
2661
3355
3955
4154
4081
3938
3593
3032
2409
1724
1009
428
63
-254
-444
-456
-319
-140
87
322
570
764
861
846
1005
925
-74
-1639
-2522
-3066
-4700
-6869
-7720
-7680
-8062
-8335
-7357
-5943
-4822
-3296
-1135
684
1777
2669
3680
4352
4431
3988
3467
3150
2817
2231
1661
1408
1341
1185
1098
1084
949
651
350
59
-381
-978
-1475
-1767
-1886
-1909
-1677
-1151
-571
92
1016
1981
2634
3139
3791
4196
4067
3819
3637
3181
2420
1775
1243
593
51
-197
-364
-490
-431
-221
-45
176
529
814
921
893
1022
1185
585
-902
-2055
-2522
-3654
-5896
-7319
-7429
-7720
-8402
-7952
-6539
-5420
-4330
-2351
-286
1053
1970
3075
4026
4407
4179
3719
3377
3140
2656
2055
1616
1478
1385
1266
1163
1094
911
564
168
-176
-670
-1268
-1722
-1926
-2039
-1976
-1560
-1000
-455
367
1492
2345
2817
3433
4116
4208
3923
3821
3594
2834
2040
1530
924
194
-258
-479
-627
-634
-542
-386
-43
375
601
829
1083
1160
1218
1284
442
-1136
-2069
-2458
-4061
-6381
-7379
-7304
-7828
-8371
-7596
-6196
-5188
-3933
-1872
50
1230
2120
3221
4090
4352
4022
3599
3314
3109
2585
1952
1564
1544
1470
1310
1183
1131
879
529
165
-256
-872
-1428
-1835
-2111
-2183
-1928
-1546
-1070
-251
787
1645
2343
3152
3814
4121
4155
4082
3773
3310
2645
1898
1182
557
-68
-446
-525
-668
-771
-501
-43
171
456
861
1105
1057
1136
1226
1095
228
-1130
-2177
-2682
-3967
-6100
-7341
-7305
-7617
-8253
-7706
-6315
-5318
-4234
-2252
-325
870
1851
3058
3969
4349
4189
3843
3583
3444
2955
2299
1874
1782
1602
1399
1200
1075
828
529
168
-176
-699
-1292
-1685
-1786
-1907
-1954
-1643
-1048
-460
242
1184
2057
2647
3226
3858
4139
3978
3795
3588
3028
2185
1518
952
310
-310
-659
-818
-828
-723
-509
-168
256
608
891
1178
1220
1183
1279
968
-472
-1892
-2402
-3183
-5339
-7066
-7332
-7441
-8180
-8025
-6789
-5649
-4737
-3017
-934
573
1509
2540
3576
4243
4272
3902
3561
3427
3086
2438
1904
1764
1679
1459
1292
1281
1170
837
492
199
-270
-940
-1437
-1690
-1943
-2144
-1977
-1545
-1020
-273
647
1473
2246
3106
3759
4017
4089
4078
3776
3251
2624
1881
1089
460
-68
-567
-827
-843
-767
-626
-254
111
465
822
1161
1171
1147
1254
1220
300
-1130
-2093
-2590
-3911
-5958
-7102
-7170
-7526
-8126
-7594
-6309
-5338
-4316
-2366
-439
743
1657
2910
3863
4239
4133
3888
3641
3496
3056
2408
1974
1869
1648
1427
1377
1311
1010
750
521
110
-502
-1061
-1523
-1878
-2130
-2167
-1960
-1604
-1048
-176
756
1362
2072
3059
3660
3629
3776
4014
3611
2907
2572
2055
1132
469
173
-302
-691
-715
-660
-578
-309
-29
268
682
943
946
1111
1255
1092
557
-388
-1598
-2358
-3101
-4846
-6691
-7124
-7147
-7852
-8008
-6863
-5768
-4925
-3244
-1175
196
1226
2508
3611
4232
4421
4186
3841
3737
3410
2679
2108
1959
1742
1460
1333
1256
1039
804
536
214
-216
-801
-1401
-1711
-1897
-2142
-2171
-1806
-1342
-779
122
1040
1709
2445
3325
3807
3919
4049
4026
3589
3056
2505
1745
966
375
-197
-691
-911
-1029
-1103
-891
-543
-290
90
552
794
954
1198
1244
1073
629
-484
-1759
-2355
-3204
-5245
-6837
-6894
-7018
-7858
-7620
-6255
-5306
-4486
-2634
-704
401
1335
2614
3567
4018
4056
3833
3601
3557
3174
2484
2051
1976
1741
1471
1390
1340
1078
801
552
224
-301
-917
-1411
-1714
-1933
-2089
-1980
-1600
-1003
-267
557
1304
2053
2803
3425
3717
3795
3730
3548
3168
2608
1958
1340
687
27
-441
-691
-936
-1094
-979
-722
-502
-184
239
568
799
997
1056
1056
1100
621
-679
-1800
-2194
-3055
-4978
-6429
-6591
-6760
-7453
-7387
-6324
-5391
-4567
-2994
-1121
200
1180
2342
3439
4106
4197
3961
3810
3809
3422
2688
2174
2007
1742
1401
1238
1213
1053
827
648
404
-73
-612
-1019
-1377
-1759
-1929
-1862
-1730
-1404
-692
80
666
1404
2382
3115
3445
3712
3912
3771
3373
2921
2286
1516
846
280
-324
-791
-1011
-1115
-1081
-867
-596
-315
108
451
664
878
1076
1062
993
524
-589
-1656
-2124
-3099
-4993
-6308
-6431
-6689
-7339
-7107
-6070
-5210
-4308
-2656
-988
178
1162
2345
3273
3846
3911
3705
3556
3567
3139
2432
2041
2008
1775
1496
1423
1416
1217
989
856
666
198
-402
-780
-1049
-1492
-1863
-1803
-1603
-1442
-1001
-187
502
1025
1764
2630
3081
3183
3397
3617
3347
2759
2307
1870
1138
422
-3
-372
-810
-1029
-954
-810
-698
-468
-65
362
624
781
1002
1214
1218
763
-229
-1238
-1814
-2686
-4447
-5977
-6349
-6570
-7275
-7339
-6400
-5526
-4784
-3285
-1433
-178
747
1974
3162
3814
3947
3851
3777
3741
3403
2754
2281
2100
1865
1590
1486
1439
1277
1116
1007
802
364
-208
-706
-1084
-1497
-1918
-2115
-2043
-1800
-1353
-699
-25
661
1466
2312
2965
3353
3570
3718
3703
3344
2720
2116
1506
715
-43
-506
-852
-1220
-1323
-1102
-886
-695
-259
279
623
880
1148
1284
1332
1217
464
-734
-1501
-2057
-3475
-5302
-6159
-6312
-6847
-7320
-6855
-5939
-5154
-4042
-2416
-935
140
1207
2393
3318
3722
3714
3628
3635
3508
3041
2520
2254
2114
1893
1717
1677
1602
1393
1217
1096
760
155
-414
-834
-1278
-1782
-2097
-2135
-2018
-1729
-1185
-534
139
939
1803
2495
2982
3399
3677
3675
3449
3057
2514
1899
1221
498
-127
-577
-917
-1123
-1124
-988
-801
-472
-3
408
701
976
1177
1268
1297
975
-6
-1089
-1683
-2452
-4139
-5745
-6246
-6463
-7135
-7349
-6598
-5731
-4952
-3591
-1868
-563
442
1629
2820
3573
3817
3778
3768
3800
3557
2974
2479
2299
2162
1879
1648
1582
1494
1271
1065
899
517
-100
-616
-964
-1395
-1910
-2198
-2207
-2064
-1743
-1222
-622
95
987
1850
2522
3105
3573
3783
3786
3620
3170
2536
1924
1260
473
-150
-524
-854
-1104
-1069
-906
-745
-417
95
486
746
984
1162
1259
1222
624
-557
-1461
-1925
-3019
-4884
-6048
-6217
-6572
-7207
-7003
-6125
-5369
-4465
-2884
-1305
-200
818
2072
3153
3751
3853
3753
3736
3734
3353
2704
2278
2151
1950
1653
1508
1467
1315
1091
978
793
318
-266
-658
-1004
-1487
-1943
-2100
-2035
-1841
-1488
-920
-248
449
1170
1956
2630
3020
3236
3475
3522
3172
2680
2263
1729
1014
376
-95
-498
-807
-946
-942
-845
-667
-376
40
445
737
950
1120
1213
1244
871
-154
-1220
-1750
-2531
-4223
-5700
-6100
-6347
-7029
-7145
-6410
-5615
-4815
-3396
-1798
-565
521
1780
2854
3562
3860
3828
3744
3788
3522
2875
2395
2263
2054
1749
1611
1551
1415
1267
1129
881
487
-36
-509
-901
-1361
-1848
-2062
-2052
-1975
-1714
-1187
-591
94
922
1722
2383
2991
3428
3640
3713
3544
3025
2466
1971
1242
383
-151
-536
-1008
-1257
-1144
-1074
-1060
-745
-242
105
397
726
925
997
1124
991
170
-888
-1507
-2094
-3488
-5075
-5759
-5928
-6468
-6811
-6276
-5427
-4745
-3601
-2027
-721
214
1313
2445
3218
3557
3596
3520
3525
3399
2919
2406
2220
2142
1892
1707
1673
1603
1390
1194
996
638
93
-454
-890
-1288
-1730
-2042
-2106
-1972
-1683
-1192
-599
46
793
1543
2148
2668
3088
3278
3295
3230
2903
2397
1951
1418
669
65
-277
-684
-1035
-1060
-979
-994
-810
-391
-14
264
553
764
950
1126
1133
628
-249
-1027
-1573
-2481
-4009
-5266
-5715
-6020
-6567
-6630
-5979
-5241
-4434
-3073
-1579
-471
507
1745
2795
3384
3616
3668
3632
3612
3361
2829
2399
2266
2082
1818
1710
1641
1433
1240
1104
797
314
-169
-639
-1146
-1598
-1930
-2129
-2211
-2087
-1698
-1092
-507
119
981
1929
2532
2932
3389
3726
3624
3296
2972
2492
1740
1038
480
-97
-698
-1058
-1156
-1150
-1139
-1030
-688
-189
193
446
762
1040
1099
1108
952
155
-921
-1540
-2129
-3532
-5003
-5591
-5834
-6425
-6615
-6019
-5280
-4624
-3423
-1920
-726
206
1312
2336
2998
3281
3356
3335
3336
3170
2766
2386
2248
2157
1980
1845
1777
1673
1490
1286
1009
618
76
-451
-881
-1280
-1751
-1997
-1992
-1872
-1656
-1128
-533
48
764
1588
2193
2595
2986
3299
3342
3133
2800
2410
1902
1254
667
176
-328
-807
-994
-1004
-1036
-1038
-804
-447
-104
218
575
818
904
1020
1197
830
-213
-1061
-1413
-2272
-3921
-5107
-5487
-5948
-6521
-6427
-5881
-5352
-4494
-3103
-1779
-722
335
1441
2398
3096
3422
3411
3429
3509
3301
2828
2505
2364
2145
1905
1836
1747
1521
1309
1175
892
403
-98
-547
-996
-1438
-1800
-2014
-2025
-1856
-1564
-1101
-449
236
918
1666
2359
2825
3144
3419
3462
3197
2806
2389
1829
1147
502
-37
-499
-887
-1130
-1171
-1093
-1002
-817
-434
-4
316
610
885
1000
1037
1134
858
-88
-1026
-1473
-2155
-3602
-4914
-5417
-5738
-6256
-6381
-5927
-5350
-4647
-3481
-2152
-1072
-106
968
1990
2745
3159
3279
3347
3494
3427
3029
2686
2597
2465
2207
2050
1948
1767
1554
1382
1072
575
49
-398
-830
-1292
-1755
-2035
-2043
-1862
-1635
-1246
-656
-53
567
1348
2053
2389
2676
3129
3286
2983
2725
2514
1974
1312
878
398
-222
-598
-711
-838
-936
-848
-657
-355
39
339
537
784
927
939
1003
824
-83
-1088
-1543
-2080
-3491
-4884
-5478
-5775
-6304
-6490
-6104
-5509
-4806
-3688
-2339
-1153
-178
863
1966
2804
3188
3277
3419
3571
3494
3120
2777
2592
2477
2260
2073
1930
1779
1523
1304
1049
636
68
-399
-807
-1272
-1716
-1950
-2022
-1936
-1673
-1272
-783
-138
623
1334
1952
2495
2914
3172
3278
3163
2834
2419
1951
1366
732
197
-239
-614
-868
-965
-971
-895
-714
-440
-114
232
505
693
848
978
1008
870
386
-464
-1247
-1765
-2567
-3905
-5003
-5399
-5659
-6090
-6145
-5652
-5027
-4279
-3163
-1952
-954
-27
1013
1994
2652
2949
3088
3264
3406
3286
2957
2733
2654
2538
2359
2203
2053
1857
1613
1342
971
458
-122
-647
-1073
-1469
-1836
-2032
-1990
-1759
-1361
-857
-352
199
920
1638
2064
2307
2644
2895
2814
2607
2446
2100
1582
1211
939
466
-53
-290
-362
-471
-576
-577
-502
-324
-110
93
274
452
516
566
712
716
150
-734
-1324
-1716
-2642
-4060
-5045
-5403
-5774
-6245
-6191
-5710
-5147
-4350
-3054
-1804
-842
122
1288
2248
2855
3154
3321
3465
3586
3431
3053
2790
2713
2566
2311
2134
1970
1720
1458
1223
813
219
-346
-756
-1176
-1631
-1959
-2036
-1940
-1686
-1293
-780
-190
518
1247
1858
2296
2663
2937
3043
2925
2673
2320
1898
1441
1007
563
110
-272
-476
-547
-611
-683
-646
-476
-281
-116
79
279
414
481
546
587
468
-35
-798
-1407
-1863
-2739
-4006
-4881
-5198
-5523
-5916
-5878
-5433
-4844
-4008
-2881
-1800
-871
111
1185
2094
2685
2977
3147
3347
3484
3337
3018
2821
2745
2590
2384
2218
2018
1732
1454
1187
795
256
-290
-710
-1036
-1393
-1715
-1804
-1635
-1393
-1085
-608
-55
444
1012
1627
2032
2211
2439
2639
2557
2316
2122
1847
1427
1073
782
400
23
-196
-321
-443
-556
-609
-574
-403
-225
-76
76
290
411
457
530
522
-3
-874
-1489
-1842
-2766
-4182
-5063
-5280
-5628
-6069
-5887
-5303
-4722
-3883
-2570
-1441
-564
397
1519
2297
2803
3028
3133
3209
3339
3142
2762
2571
2574
2432
2237
2143
1979
1720
1481
1270
865
330
-240
-668
-1041
-1399
-1777
-1892
-1753
-1483
-1172
-654
-54
556
1171
1814
2253
2548
2774
2893
2776
2555
2257
1848
1438
1079
674
229
-52
-270
-424
-558
-568
-634
-578
-452
-246
-108
43
111
165
238
300
74
-637
-1394
-1833
-2246
-3386
-4606
-5134
-5190
-5617
-5807
-5396
-4750
-4216
-3145
-1856
-902
-179
833
1827
2442
2791
2923
2974
3114
3203
2912
2592
2553
2583
2384
2316
2263
2080
1764
1593
1285
736
101
-431
-888
-1318
-1713
-1933
-1895
-1673
-1348
-886
-308
246
842
1418
1876
2179
2400
2501
2475
2438
2228
1847
1522
1307
966
544
255
24
-212
-350
-438
-556
-595
-539
-465
-337
-119
-5
92
270
388
362
250
-225
-1053
-1636
-2022
-3032
-4382
-5045
-5179
-5574
-5845
-5487
-4901
-4285
-3232
-1946
-966
-149
797
1684
2318
2705
2785
2758
2863
2990
2809
2593
2564
2616
2571
2559
2484
2280
2001
1720
1303
739
98
-540
-1104
-1560
-1924
-2170
-2178
-1935
-1521
-1027
-441
228
926
1529
1987
2342
2620
2710
2632
2519
2353
1990
1582
1287
1019
600
211
-27
-201
-444
-617
-666
-675
-745
-707
-522
-312
-190
-4
200
315
388
519
265
-516
-1213
-1544
-2258
-3565
-4559
-4907
-5261
-5656
-5505
-5002
-4549
-3820
-2571
-1452
-690
75
1035
1812
2292
2487
2561
2687
2899
2876
2706
2708
2839
2814
2753
2796
2658
2256
1880
1577
1027
242
-498
-1000
-1450
-1907
-2247
-2255
-2014
-1656
-1205
-598
42
670
1298
1847
2200
2400
2555
2612
2521
2312
2080
1819
1509
1150
817
510
196
-149
-403
-577
-737
-846
-853
-840
-777
-554
-253
-69
92
300
477
574
526
19
-817
-1405
-1839
-2851
-4162
-4860
-5088
-5463
-5650
-5237
-4676
-4132
-3138
-1822
-870
-198
620
1471
2016
2309
2396
2377
2496
2695
2686
2594
2716
2900
2953
2978
2971
2702
2254
1830
1334
573
-282
-973
-1511
-1975
-2288
-2338
-2157
-1802
-1257
-574
89
713
1363
1935
2258
2398
2507
2528
2355
2101
1887
1649
1344
1067
870
619
294
21
-147
-341
-604
-806
-886
-925
-953
-862
-629
-369
-105
201
438
593
772
742
106
-794
-1336
-1853
-3034
-4386
-5018
-5228
-5587
-5676
-5161
-4530
-3892
-2829
-1573
-685
-32
718
1411
1860
2112
2180
2207
2400
2645
2731
2807
3017
3222
3334
3351
3176
2782
2250
1644
968
158
-749
-1477
-1880
-2177
-2390
-2245
-1810
-1359
-792
-22
653
1102
1536
1952
2138
2102
2057
2034
1899
1690
1569
1505
1322
1094
968
823
486
80
-219
-502
-819
-1047
-1162
-1228
-1174
-941
-618
-289
44
409
740
905
981
1012
628
-333
-1240
-1765
-2602
-3961
-4963
-5201
-5306
-5438
-5120
-4438
-3785
-2970
-1848
-904
-362
127
721
1228
1555
1701
1775
2035
2480
2820
3010
3251
3493
3584
3579
3461
3048
2336
1606
945
233
-626
-1425
-1883
-2016
-2053
-1984
-1625
-1109
-603
-31
603
1007
1218
1478
1763
1821
1750
1746
1795
1812
1791
1722
1611
1489
1266
966
629
239
-265
-645
-865
-1097
-1344
-1353
-1194
-1019
-747
-349
15
330
670
832
841
830
627
-212
-1208
-1812
-2352
-3524
-4665
-5035
-4985
-5145
-5046
-4388
-3660
-3092
-2263
-1237
-590
-244
205
776
1170
1457
1680
1975
2399
2925
3284
3512
3719
3821
3722
3495
3091
2386
1561
835
195
-520
-1183
-1621
-1771
-1782
-1643
-1333
-915
-535
-67
464
845
983
1169
1418
1546
1545
1615
1703
1770
1883
1961
1828
1612
1463
1218
751
230
-235
-685
-1017
-1216
-1359
-1443
-1318
-1057
-750
-392
-36
244
483
643
612
580
507
-71
-1120
-1799
-2110
-2873
-4083
-4651
-4618
-4685
-4760
-4278
-3680
-3296
-2690
-1722
-1054
-749
-328
267
766
1195
1593
1910
2335
2908
3357
3565
3753
3847
3700
3428
3094
2517
1719
1011
446
-133
-707
-1087
-1267
-1314
-1241
-1028
-803
-565
-267
113
381
550
745
1032
1261
1423
1579
1754
1865
1935
1956
1848
1575
1240
911
519
56
-400
-771
-1049
-1189
-1203
-1168
-1076
-890
-649
-408
-134
107
303
452
546
517
554
569
104
-855
-1507
-1772
-2505
-3749
-4442
-4493
-4681
-4894
-4490
-3892
-3562
-2998
-1973
-1188
-822
-348
325
870
1282
1677
2021
2390
2869
3300
3567
3713
3765
3657
3448
3116
2552
1786
1048
439
-126
-694
-1124
-1323
-1355
-1305
-1099
-769
-497
-263
77
423
570
709
983
1199
1260
1417
1689
1822
1862
1924
1893
1622
1315
1006
599
77
-393
-819
-1144
-1314
-1375
-1358
-1215
-934
-677
-387
-62
237
395
552
688
674
580
588
454
-356
-1289
-1762
-2053
-3122
-4193
-4569
-4487
-4699
-4612
-4114
-3636
-3252
-2502
-1605
-1061
-660
-193
405
966
1563
1906
2323
2856
3423
3683
3909
4000
3781
3444
3158
2724
1921
1205
619
140
-387
-720
-1020
-1187
-1199
-1027
-870
-731
-564
-317
24
300
456
630
985
1311
1492
1638
1825
1927
1901
1793
1591
1249
856
493
146
-276
-726
-1061
-1178
-1213
-1283
-1234
-1025
-771
-579
-290
-12
184
363
645
779
694
697
773
448
-533
-1369
-1809
-2365
-3543
-4363
-4515
-4477
-4624
-4312
-3716
-3316
-2896
-2071
-1323
-1016
-646
-81
519
1043
1625
2070
2612
3258
3784
3982
4095
4072
3742
3319
2863
2240
1415
808
286
-176
-607
-790
-939
-994
-1004
-920
-800
-682
-611
-477
-131
123
310
608
1099
1379
1602
1850
2002
1946
1908
1764
1342
944
642
303
-144
-424
-726
-931
-980
-932
-1009
-937
-706
-590
-497
-275
-1
66
257
448
546
518
655
463
-398
-1401
-1899
-2287
-3303
-4282
-4545
-4337
-4381
-4146
-3502
-2962
-2692
-2053
-1222
-856
-721
-283
385
890
1416
1973
2593
3168
3682
3949
4049
3910
3519
3016
2539
1955
1269
738
361
22
-274
-398
-505
-653
-767
-745
-764
-834
-763
-490
-256
-43
331
799
1142
1405
1733
1927
1888
1787
1706
1437
1046
745
494
180
-88
-273
-493
-722
-893
-1011
-1096
-1104
-1029
-846
-583
-316
-24
312
561
684
791
789
689
566
118
-1019
-2009
-2398
-2863
-3983
-4587
-4427
-4178
-4128
-3543
-2964
-2765
-2479
-1712
-1179
-998
-617
39
739
1426
2144
2715
3283
3783
4050
4024
3851
3442
2881
2363
1905
1408
923
547
301
131
-145
-505
-732
-855
-1080
-1225
-1074
-921
-779
-381
186
484
780
1262
1553
1558
1628
1764
1612
1445
1399
1294
1008
802
621
345
10
-380
-749
-1016
-1151
-1331
-1329
-1165
-886
-636
-248
90
263
415
497
574
399
394
302
288
-363
-1304
-2011
-2229
-2795
-3851
-4239
-4139
-3989
-3949
-3258
-2846
-2678
-2247
-1356
-896
-712
-239
393
1067
1732
2374
2806
3344
3735
3846
3701
3473
2965
2465
2122
1745
1196
781
550
278
-27
-336
-622
-937
-1099
-1206
-1170
-1084
-859
-531
-46
393
747
1147
1448
1595
1623
1756
1695
1559
1489
1488
1261
975
773
505
124
-295
-684
-1091
-1286
-1360
-1342
-1284
-1039
-748
-416
-109
160
371
499
533
474
407
336
360
169
-663
-1761
-2248
-2364
-3132
-4131
-4307
-3978
-3905
-3665
-2938
-2533
-2448
-1937
-1149
-833
-680
-105
628
1353
2068
2688
3084
3515
3855
3837
3569
3187
2670
2157
1864
1560
1078
606
302
120
-129
-505
-921
-1137
-1215
-1244
-1107
-783
-450
-62
495
923
1079
1249
1550
1661
1639
1688
1691
1598
1566
1503
1170
759
396
3
-416
-736
-1073
-1383
-1430
-1308
-1219
-1093
-845
-568
-316
-55
106
246
334
385
385
496
540
495
98
-872
-1955
-2388
-2645
-3580
-4368
-4173
-3741
-3670
-3200
-2472
-2349
-2356
-1690
-1038
-936
-638
214
1062
1801
2583
3198
3493
3738
3848
3647
3188
2693
2201
1826
1586
1326
944
560
252
-82
-492
-895
-1186
-1378
-1387
-1207
-848
-459
-5
457
889
1149
1271
1361
1429
1453
1450
1519
1531
1549
1543
1436
1054
601
168
-314
-811
-1180
-1385
-1530
-1452
-1263
-1038
-865
-620
-416
-242
-70
51
208
351
597
703
810
819
857
404
-737
-1992
-2545
-2822
-3638
-4259
-4105
-3601
-3478
-2966
-2360
-2214
-2406
-1935
-1312
-1006
-629
199
1144
2019
2876
3373
3627
3701
3638
3247
2868
2368
1874
1584
1567
1379
985
611
217
-241
-711
-1092
-1391
-1454
-1306
-1023
-600
-126
274
605
920
1039
1022
1115
1321
1482
1636
1839
1925
1906
1731
1351
812
289
-257
-770
-1066
-1231
-1323
-1295
-1139
-1073
-1001
-892
-826
-728
-504
-201
-24
261
580
875
937
957
910
735
135
-1033
-2138
-2630
-2777
-3369
-3825
-3664
-3243
-3151
-2891
-2528
-2480
-2578
-2151
-1465
-924
-373
490
1461
2299
2886
3177
3270
3284
3173
2891
2619
2340
2026
1804
1753
1553
1064
481
-2
-417
-850
-1197
-1302
-1154
-930
-606
-198
131
320
509
697
784
866
1083
1367
1633
1811
1901
1862
1744
1403
920
373
-82
-501
-767
-932
-1051
-1141
-1116
-1073
-1127
-1155
-1093
-980
-788
-399
2
297
545
820
937
896
758
645
439
-28
-1012
-1995
-2447
-2510
-2993
-3541
-3582
-3282
-3238
-3068
-2648
-2452
-2489
-2073
-1237
-609
-101
671
1571
2204
2650
2953
3088
3046
2974
2860
2687
2386
2073
1869
1721
1372
831
330
-85
-485
-832
-1015
-1124
-1087
-851
-482
-255
-84
180
517
685
745
920
1232
1489
1648
1748
1744
1635
1438
1134
724
314
-46
-354
-556
-721
-941
-1159
-1235
-1267
-1319
-1356
-1254
-1040
-717
-348
1
309
544
757
897
932
788
690
668
580
33
-999
-2010
-2426
-2568
-3108
-3685
-3633
-3274
-3182
-2936
-2441
-2240
-2254
-1758
-977
-471
-23
749
1615
2249
2657
2866
2968
3000
2926
2717
2506
2256
1968
1762
1612
1252
729
269
-91
-478
-833
-1046
-1062
-902
-665
-427
-178
74
260
450
662
818
905
1149
1474
1668
1680
1687
1587
1327
966
591
160
-210
-459
-660
-880
-1037
-1126
-1208
-1283
-1335
-1305
-1150
-890
-630
-277
141
480
628
783
913
915
746
625
566
438
-206
-1318
-2229
-2404
-2557
-3175
-3581
-3276
-3002
-3069
-2796
-2247
-2082
-2093
-1559
-814
-319
141
923
1688
2167
2373
2568
2769
2845
2697
2533
2451
2308
2065
1870
1637
1161
620
197
-182
-582
-842
-948
-942
-793
-522
-340
-217
-3
261
454
620
803
1015
1277
1537
1651
1610
1513
1349
1088
781
466
161
-77
-282
-528
-741
-910
-1109
-1305
-1372
-1369
-1321
-1141
-826
-537
-278
9
316
518
608
662
729
684
501
404
423
121
-778
-1731
-2195
-2368
-2721
-3016
-2958
-2764
-2748
-2610
-2250
-1999
-1994
-1797
-1294
-747
-232
438
1186
1749
2103
2340
2518
2614
2648
2536
2392
2307
2251
2044
1755
1400
933
422
75
-192
-510
-732
-693
-540
-445
-366
-282
-221
-154
21
222
400
588
860
1123
1329
1437
1415
1248
1059
864
616
386
208
2
-245
-400
-543
-769
-991
-1116
-1217
-1218
-1058
-857
-668
-398
-123
22
153
328
391
339
375
436
363
291
292
-20
-824
-1641
-2056
-2252
-2431
-2475
-2379
-2343
-2364
-2239
-1985
-1816
-1779
-1691
-1363
-772
-96
490
967
1372
1674
1871
2052
2214
2245
2162
2153
2246
2234
2028
1709
1386
1036
696
401
164
-28
-160
-205
-175
-150
-195
-256
-252
-203
-143
-24
152
331
510
719
874
914
878
824
724
589
483
414
302
153
5
-161
-357
-556
-732
-873
-944
-913
-818
-722
-640
-532
-391
-278
-229
-177
-97
-46
-23
13
44
30
2
-75
-332
-802
-1300
-1615
-1716
-1669
-1548
-1440
-1409
-1387
-1302
-1191
-1158
-1189
-1123
-853
-434
7
384
664
845
976
1103
1207
1269
1308
1343
1398
1479
1522
1479
1397
1282
1097
875
703
574
460
394
367
333
304
308
291
216
138
107
116
158
224
275
291
278
226
146
67
-15
-78
-106
-121
-174
-254
-295
-320
-372
-418
-439
-449
-440
-391
-333
-321
-357
-397
-414
-404
-378
-350
-324
-303
-278
-256
-258
-274
-281
-280
-282
-298
-335
-387
-433
-454
-449
-424
-371
-303
-264
-255
-234
-213
-215
-219
-173
-103
-49
-4
30
25
-3
7
50
75
110
185
282
365
426
454
431
405
397
419
451
482
508
538
566
576
559
522
484
447
415
386
351
316
275
227
186
165
149
113
62
15
-24
-55
-73
-74
-75
-80
-72
-28
15
13
-29
-77
-109
-126
-133
-129
-123
-129
-140
-145
-146
-154
-175
-207
-238
-283
-332
-356
-360
-368
-372
-361
-343
-325
-316
-322
-338
-344
-327
-304
-283
-260
-242
-240
-255
-271
-286
-298
-296
-278
-244
-213
-180
-129
-72
-28
0
30
73
118
164
223
284
328
370
426
480
513
523
535
540
532
519
516
511
479
442
413
391
357
316
284
254
214
185
172
164
159
154
147
129
107
90
78
70
64
64
66
58
52
49
23
-28
-83
-125
-171
-222
-271
-314
-355
-401
-439
-466
-486
-500
-491
-467
-434
-413
-404
-397
-395
-396
-397
-397
-395
-390
-369
-350
-338
-333
-328
-326
-322
-301
-262
-208
-154
-98
-45
3
45
88
136
194
263
334
411
487
545
571
576
570
557
548
550
554
555
545
520
481
423
349
273
210
170
155
160
177
192
191
180
160
134
110
96
90
94
101
101
95
72
33
-16
-71
-115
-161
-198
-233
-270
-305
-346
-384
-416
-442
-455
-454
-441
-424
-412
-401
-385
-362
-335
-309
-283
-257
-236
-222
-214
-208
-207
-205
-197
-181
-165
-153
-143
-135
-125
-116
-109
-102
-90
-72
-40
9
66
128
192
252
304
350
383
405
418
432
450
475
498
503
488
468
440
407
364
300
232
176
139
109
86
64
48
45
54
70
78
70
62
63
66
66
72
80
89
97
84
32
-40
-114
-187
-231
-230
-220
-231
-254
-291
-341
-377
-399
-440
-463
-429
-377
-334
-302
-274
-253
-250
-377
-717
-1036
-1054
-694
-151
285
412
293
209
301
435
486
469
458
525
624
581
356
95
-58
-107
-75
-8
28
51
101
115
35
-79
-142
-115
-3
142
237
259
227
156
88
66
72
71
71
91
129
177
221
210
124
19
-28
-10
35
80
111
153
201
205
126
25
-22
-18
-30
-84
-134
-156
-125
-80
-105
-201
-292
-315
-282
-248
-265
-306
-287
-207
-129
-97
-126
-176
-205
-196
-159
-113
-71
-31
-11
-29
-74
-116
-115
-57
9
51
58
38
-5
-40
-62
-74
-51
9
65
106
149
178
174
137
80
40
67
150
230
263
262
252
233
195
143
86
51
90
168
208
188
136
87
81
93
93
93
85
71
90
137
147
116
68
18
-10
13
72
93
73
52
23
-17
-59
-121
-194
-194
-142
-137
-182
-225
-263
-299
-316
-320
-319
-282
-204
-146
-171
-235
-245
-227
-243
-292
-293
-198
-88
-51
-78
-120
-140
-121
-97
-101
-114
-75
9
52
27
22
76
130
138
108
108
163
234
273
247
190
185
244
270
213
146
140
193
248
257
236
233
265
284
231
146
118
149
196
188
124
100
151
188
161
117
97
114
141
122
33
-44
-14
51
31
-46
-90
-120
-145
-177
-251
-337
-330
-211
-125
-173
-275
-339
-374
-384
-378
-405
-435
-388
-268
-172
-157
-199
-245
-257
-225
-179
-145
-90
-36
-24
-16
-8
-33
-62
-33
17
25
33
84
103
81
127
219
250
229
194
132
89
144
255
310
269
185
128
159
272
347
305
225
218
276
326
308
200
71
58
162
225
159
63
10
-92
-316
-577
-697
-530
-115
285
390
207
16
36
240
475
602
589
513
436
341
197
21
-131
-225
-267
-290
-332
-409
-488
-566
-667
-753
-774
-711
-592
-489
-438
-412
-362
-285
-229
-183
-107
-14
46
56
38
53
132
203
184
99
51
74
112
96
19
-44
-20
59
91
70
74
120
159
160
146
189
289
325
263
231
306
393
387
314
252
278
336
328
262
221
262
343
363
269
142
104
130
86
-29
-84
-41
-12
-50
-102
-117
-93
-137
-268
-370
-334
-235
-215
-269
-321
-291
-223
-219
-295
-371
-365
-312
-278
-258
-231
-186
-159
-176
-211
-219
-187
-161
-160
-160
-118
-55
-8
4
4
20
62
105
113
83
73
101
142
166
149
130
141
183
225
215
192
173
185
226
242
235
227
233
251
246
247
236
219
196
168
172
179
179
162
153
138
86
16
-15
8
52
43
-34
-112
-135
-115
-110
-144
-190
-209
-201
-193
-213
-238
-264
-281
-281
-263
-241
-228
-222
-213
-178
-139
-137
-180
-208
-181
-117
-80
-92
-106
-78
-20
3
-9
-15
5
25
31
32
59
105
128
100
53
35
50
57
45
32
56
114
157
154
124
107
113
120
119
121
129
146
166
179
171
138
96
77
97
125
140
130
119
123
136
133
111
82
68
73
70
47
19
3
-12
-30
-49
-65
-90
-129
-158
-161
-151
-138
-135
-135
-141
-147
-141
-136
-139
-146
-136
-113
-88
-82
-87
-102
-118
-116
-87
-62
-67
-79
-68
-42
-30
-39
-45
-39
-28
-15
-3
7
7
1
12
36
38
19
7
24
36
31
32
45
53
39
28
41
52
42
26
33
59
85
99
100
93
81
88
119
129
106
78
95
131
132
86
34
18
33
57
53
25
-7
-8
20
31
-7
-62
-71
-28
10
2
-42
-72
-61
-37
-36
-64
-91
-87
-48
-8
-15
-54
-77
-59
-26
-15
-32
-46
-34
-6
15
9
-17
-34
-28
-5
8
-5
-31
-38
-14
9
4
-27
-48
-32
1
15
-6
-33
-20
12
28
8
-30
-40
-16
5
-8
-30
-34
-3
33
36
16
7
21
50
63
51
35
35
56
73
61
36
19
18
23
21
0
-15
-16
-12
-10
-17
-25
-30
-27
-29
-20
-14
-10
-8
-16
-12
1
12
5
-6
-4
18
32
25
8
-6
4
15
11
3
-3
1
9
14
4
-4
-10
-9
-7
-6
2
1
-6
-9
0
5
-5
-26
-29
-10
10
2
-10
-11
2
7
1
-11
-19
-14
-6
0
2
-3
-5
-7
-8
-16
-11
-3
-3
-2
8
18
16
3
-1
10
10
1
-3
5
11
9
6
8
3
-3
-8
-12
-14
-9
6
10
-7
-16
-6
1
-4
-9
-5
4
6
9
15
13
5
3
8
10
12
13
14
15
15
12
4
-4
-7
-3
5
7
-5
-7
4
8
-7
-10
-1
-7
-9
-3
7
6
4
-3
-11
-15
-14
-8
-9
-16
-13
-5
-7
-12
-18
-16
-5
0
-7
-6
2
5
3
1
-1
4
8
8
11
7
9
13
8
3
8
9
5
5
-3
-2
4
2
-4
-6
-3
2
3
-1
-5
-6
-7
-6
-5
-3
6
12
11
10
9
6
0
-3
0
6
11
14
13
7
3
1
-7
-9
-6
-3
-7
-4
2
3
2
-6
-12
-14
-18
-17
-16
-10
0
0
-2
-6
-10
-13
-11
-10
-6
-4
2
1
1
2
-1
0
-3
-3
3
17
25
19
15
13
9
8
5
1
7
15
17
13
2
-1
-3
-6
-7
-10
-12
-9
-3
1
-4
-11
-17
-16
-10
-2
2
3
6
7
8
-1
-5
-1
8
16
12
5
5
4
-1
-9
-11
-10
-5
-1
2
4
1
1
-2
-8
-12
-15
-10
2
9
12
8
-2
-2
-7
-13
-18
-14
-5
5
9
9
4
-3
-5
-10
-12
-10
-2
14
29
27
24
16
9
6
2
4
7
15
22
21
16
3
-8
-12
-15
-16
-16
-8
-3
0
-4
-9
-15
-18
-22
-16
-7
-1
6
8
2
-3
-8
-12
-9
-7
-2
6
13
16
17
10
0
-5
-7
-4
-1
6
12
13
12
9
1
-6
-11
-11
-8
-4
3
7
5
-1
-4
-6
-5
-4
1
1
4
11
7
5
4
-4
-5
-1
-4
-3
2
-3
-2
0
-6
-2
-2
-8
1
4
4
7
4
4
9
7
6
9
5
7
9
-1
-1
-1
0
2
3
-1
-5
-6
-6
-10
-10
-10
-8
0
-1
