-4
0
-2
-1
1
4
0
-4
-2
0
2
4
1
0
-1
1
2
3
3
3
3
1
6
3
0
1
4
9
6
3
-3
-2
-5
-2
2
6
6
2
-1
-5
-5
-1
-1
-4
-4
-2
-4
-4
-2
2
5
5
2
-1
2
3
3
3
5
4
0
0
1
-1
-5
-2
0
3
3
0
-2
1
1
1
-1
1
3
-2
-7
-6
0
6
4
-5
-4
-1
0
-2
-2
0
3
-2
-6
-6
-5
-5
-4
-1
-2
-4
-3
-2
0
6
7
-1
-5
-3
2
1
0
3
6
5
1
-1
-2
1
2
2
4
5
5
0
-2
5
5
3
-2
-2
0
0
-1
-2
2
5
4
-1
-5
-3
-1
0
1
1
0
-1
-6
-9
-6
1
-1
-5
-7
-4
0
0
2
4
1
2
4
6
5
0
-3
-1
3
-1
-2
-1
6
8
7
2
2
4
3
-2
-3
-1
4
5
3
4
3
0
-8
-9
-4
3
5
-4
-8
-4
0
2
-2
-5
-7
-8
-7
-4
-1
-1
-3
-2
2
2
-7
-9
-7
-1
3
-2
-1
4
7
6
5
6
7
3
-2
-2
2
7
3
-2
-1
8
7
-1
-5
-4
2
6
4
0
-3
-1
-1
4
4
0
-6
-7
-1
1
-1
-2
0
4
6
0
-6
-5
-3
0
1
-5
-2
-2
-1
1
3
4
-2
-3
-1
3
4
2
-3
-4
-1
4
6
0
-1
0
3
6
6
3
-5
-6
-2
1
2
2
3
6
6
-1
-6
-3
0
2
3
-1
-2
-8
-10
-6
2
6
0
-6
-6
1
2
2
-3
-8
-10
-4
-1
-3
0
1
4
6
5
3
-3
-4
5
7
-3
-8
-4
2
5
6
7
8
9
3
-2
-1
5
4
-2
0
6
9
0
-9
-7
3
6
-1
-5
-8
-8
-3
4
8
6
2
-10
-12
-5
2
-2
2
13
12
4
-7
-13
-6
1
4
0
-8
-9
-4
0
7
13
6
-3
-6
-1
4
0
-8
-8
-3
1
2
-2
-4
-6
-2
5
4
6
-4
-15
-3
16
19
4
0
2
8
-1
-17
-23
-10
9
6
-3
4
10
4
1
-6
-8
-8
-8
-2
22
46
29
-8
-18
-15
-16
-12
-8
-7
6
16
-1
-8
7
1
-24
-18
15
26
26
20
7
3
5
-10
-25
-7
13
2
-10
2
4
-7
-15
-12
-6
-1
-2
-7
11
35
23
-7
-19
-14
-10
-1
6
15
10
-4
-22
-19
0
2
-12
-10
13
18
8
1
1
8
12
2
-16
-16
6
0
-16
-20
-8
3
18
19
2
-12
-20
-21
-7
41
55
14
-38
-41
-7
29
28
15
8
-13
-14
-24
-28
0
21
10
8
17
18
-9
-11
2
-6
-8
-8
-15
30
49
23
-3
-31
-47
-23
3
14
2
-6
10
13
25
4
-38
-24
-15
0
24
18
7
-5
-8
8
25
15
1
-33
-27
-24
-19
-17
0
34
37
11
1
-7
-10
-2
-7
-7
18
21
2
-23
0
19
17
1
-29
-24
7
30
19
-1
-12
8
21
7
-36
-13
-1
14
13
4
-20
-8
-32
-30
-4
22
29
16
25
2
-20
-16
-3
14
28
4
-15
-6
-10
-9
-17
-13
21
-13
-17
-30
6
21
30
-6
-10
4
15
20
-10
-14
-23
18
23
11
28
12
-25
-20
-17
-26
-13
27
7
-12
-9
24
3
8
-9
-15
-23
-20
4
32
49
66
13
-44
-70
-19
31
50
47
-17
-79
-30
10
7
35
32
-3
-28
-4
-6
-43
-41
13
41
77
33
-51
-64
-20
9
32
22
-6
13
16
6
13
0
-6
5
12
-28
-67
-59
9
45
53
49
-15
-43
-25
11
17
-31
-42
-7
-5
56
109
29
-70
-24
-45
-48
-2
54
7
12
53
35
-33
-95
-61
4
37
33
7
-25
-38
-9
36
63
-20
-14
-22
-45
1
64
37
-39
30
57
5
-40
-42
-77
-11
143
46
-49
-10
33
-14
-63
11
37
-67
-8
71
66
3
-80
-77
-68
60
136
38
-106
-70
-15
66
105
-21
-117
-35
84
85
-35
-64
-22
-47
40
80
99
0
-140
-118
27
132
123
-66
-142
-14
116
3
-46
-32
11
-5
-3
52
61
-4
-139
-110
92
138
-37
-44
-2
21
-31
21
7
-56
-22
71
50
10
11
-55
-114
-2
72
54
-15
8
-9
12
39
-63
-70
-19
73
62
41
-15
-94
-92
11
113
44
20
-24
-68
-43
-11
23
1
48
49
38
9
-38
-85
-97
23
58
27
10
41
40
-2
44
-72
-174
-72
19
175
168
56
-158
-96
-72
54
144
12
-203
-50
172
174
7
-118
-203
-35
120
135
51
-72
-58
-52
50
48
-4
-54
9
-46
-4
83
103
-37
-132
-50
80
27
-4
-58
19
-1
88
53
-112
-105
-76
72
172
54
-82
-115
-5
71
43
-52
-108
-27
116
148
5
-83
-207
13
100
19
38
-1
11
-43
0
38
-43
-92
-64
64
150
159
-60
-128
-125
-120
149
95
112
-6
-134
-2
38
59
-99
-130
37
169
120
-16
-101
-180
7
153
61
-33
-78
-40
73
88
-30
-51
-44
-67
61
103
123
-48
-164
-80
50
103
75
-60
-34
20
2
-37
-17
-35
-35
47
154
41
-76
-125
-82
21
76
63
-36
-42
83
47
-122
-53
-3
7
-7
123
88
-39
-108
-164
59
195
-15
-118
-65
133
63
-66
-23
-15
-24
-1
47
17
-22
57
-21
-121
13
161
64
-144
-187
67
171
9
-49
-52
0
95
4
-114
-32
52
-22
-12
166
23
-158
-100
111
126
-46
-84
-35
-25
103
115
-75
-120
30
42
26
10
-2
10
-46
-56
36
43
2
20
-65
-39
97
19
-67
-30
21
33
-16
-44
22
10
-35
69
31
-56
-47
-7
56
76
-31
-93
-51
40
127
31
-90
-70
-21
109
126
-51
-126
-45
18
55
67
-24
-35
3
-52
6
118
7
-78
-44
-8
33
66
-13
-38
-1
-42
-41
53
68
-32
-83
61
47
-37
-79
16
-15
50
18
-40
26
78
-85
-96
-24
131
84
-32
-129
-45
132
130
-99
-161
-64
159
172
-39
-149
-35
35
17
49
25
-42
-24
51
-67
-13
95
-14
-72
-13
30
70
-51
-9
-50
-8
75
63
25
-89
-132
89
103
16
-75
-61
4
94
77
-101
-110
89
18
-22
77
-10
-65
-20
0
42
82
43
-119
-116
92
107
-24
-56
-85
49
101
-6
-67
-7
-43
34
47
-26
-12
42
-87
-44
133
80
-157
-80
64
40
5
6
-32
11
-5
-43
21
54
-8
-74
-42
26
102
24
-102
-83
73
38
15
-24
-13
0
34
-21
-40
0
115
20
-41
-45
-20
9
30
-6
55
35
-41
-61
-15
54
73
11
-83
-62
36
72
-2
-35
19
-6
-81
40
82
-38
-65
21
14
-11
28
66
-44
-91
-38
86
61
-12
-52
-9
-11
33
22
22
-64
3
16
1
42
-33
-75
44
39
-26
13
-16
-1
-19
-5
11
27
-8
5
24
-82
-74
126
77
-91
-110
48
90
4
-62
-32
29
76
-22
-3
-67
30
51
-44
-15
49
2
-21
-22
-4
-17
43
38
-48
-22
26
24
-11
-32
10
16
64
-2
-92
-50
59
52
11
3
-9
-70
-26
21
76
36
-1
-76
-61
58
59
-9
-47
-8
36
13
-17
-29
-20
-3
50
80
-56
-40
-22
-46
-10
132
60
-83
-39
-39
-54
71
105
-5
-87
6
-15
4
71
5
-62
-23
58
26
8
-32
-19
-11
4
-10
-28
5
58
112
-92
-109
-16
69
23
-2
3
-7
32
-20
-8
-68
-15
91
48
-28
-79
3
59
68
-4
-143
-69
46
135
95
-51
-75
-145
72
94
-17
-35
38
73
-48
-23
-160
8
119
154
-24
-133
-25
-75
101
50
24
-108
49
35
-38
-2
20
1
-65
26
-10
46
26
67
-116
-76
58
125
9
-60
-59
-60
20
139
78
-117
-88
78
-41
-75
69
114
-9
32
-51
-152
-26
114
79
21
13
-27
-106
-123
68
82
72
11
-38
-106
-50
63
17
9
23
42
-47
-37
68
-32
-167
30
158
56
9
-74
-81
-84
34
93
53
35
31
-41
-125
-56
-11
69
127
25
16
-86
-115
-69
82
16
108
109
-63
-193
-110
69
167
93
-24
-102
-65
71
-43
-28
74
32
12
15
-42
-112
-8
50
132
89
-86
-90
-56
57
-22
57
17
-25
46
69
-78
-121
33
75
16
13
0
35
-139
-28
39
17
86
63
-49
-162
-2
81
75
-48
19
2
-78
-22
9
7
-3
6
56
80
-38
-84
-51
-37
157
48
-115
-58
-19
-17
-6
113
68
21
-90
-89
51
47
17
-94
-25
70
47
-14
-55
-111
75
102
25
18
-13
-143
-47
23
129
54
-71
-66
22
52
37
-28
-76
17
8
47
-38
-39
47
84
-83
5
105
41
-150
-88
-11
62
112
126
-113
-176
86
20
-54
22
80
7
19
8
-85
-98
30
33
94
81
-28
-126
0
34
5
-42
9
72
11
-22
-46
7
-45
-30
50
53
12
-16
-4
-103
-42
73
98
27
-37
-126
-19
8
95
17
-46
-18
61
-16
-32
22
-1
-17
9
4
-4
24
10
10
0
-35
-79
-20
39
95
22
-11
27
8
-93
-87
26
40
89
71
-47
-92
-28
32
37
-76
18
41
21
-20
-20
-23
-9
-64
40
97
-23
9
-29
17
8
-75
-52
100
47
-4
-50
-85
62
66
8
-83
62
53
-50
-95
-17
-5
102
88
28
-47
-81
-29
50
45
-79
-21
-29
59
24
14
-1
69
22
-51
-45
9
-5
-63
-40
19
60
-4
80
13
-3
1
-18
-30
-49
-51
0
95
11
-35
7
55
-29
19
-16
-21
-89
-4
94
55
-83
-102
49
91
-18
-21
54
-12
-58
-21
25
11
-10
-92
55
151
-36
-98
-27
1
-8
47
38
-5
12
-81
-99
58
162
-26
-34
-29
24
-7
11
-83
35
77
-71
36
77
-97
-65
81
43
-46
54
7
-112
18
102
-3
-61
9
17
-7
11
33
-14
-35
-46
80
33
-108
7
81
-42
-10
110
-13
-131
17
4
-62
46
173
5
-81
-27
-52
-73
16
64
0
65
24
-28
-2
-9
-108
-36
51
74
77
-70
-104
71
77
-53
-115
64
130
-42
-72
-37
4
51
39
-29
14
26
-105
33
101
-122
-32
108
-35
52
-30
-38
-6
-2
-3
-58
41
15
57
-17
-12
-10
30
-20
-93
-157
132
225
219
-144
-382
-53
66
132
149
7
-63
-39
-46
13
19
19
-159
30
142
55
50
-33
-74
-168
22
79
117
71
-72
-77
-52
15
114
10
-216
60
103
21
60
81
-167
-286
158
242
-69
-63
118
7
-142
-100
40
41
145
-30
32
-53
53
-132
-137
113
180
1
-139
-4
19
87
-19
-71
-79
-38
35
151
33
1
-108
-72
-1
-16
50
94
12
-49
1
-50
-53
38
55
-2
-66
102
7
-103
-42
19
149
54
-157
-119
30
68
63
41
6
-126
-37
-58
-29
151
144
-30
-49
-143
-19
78
10
8
-33
72
70
-97
-51
57
50
54
-65
-93
125
19
-118
12
158
140
35
-220
-121
74
68
-51
40
127
25
76
-91
-147
-109
-73
22
100
347
6
-123
-149
-153
-94
53
99
58
161
-75
-166
-70
-2
100
-34
-163
-66
80
245
-11
-80
-94
16
-90
72
-72
63
110
-34
-42
-42
32
73
72
-160
-8
125
67
3
30
-155
-134
36
156
51
125
-83
-141
111
121
-186
8
87
-185
-133
100
31
177
178
53
-30
-339
-227
7
77
-33
71
498
-6
-363
-86
110
11
-72
73
-50
-27
11
-69
-275
240
308
144
-94
2
14
-175
-255
-221
-8
123
350
285
115
-185
-224
-62
118
67
-164
-210
-36
44
74
62
268
299
17
-322
-405
-240
155
301
176
-115
-41
193
-60
-247
-181
190
193
25
-1
-199
63
70
34
14
-88
-114
-19
-26
32
272
-259
-5
122
102
-58
16
-77
-119
104
-60
118
99
-26
-70
-400
-166
66
425
401
-11
-86
-251
-223
75
202
20
-65
-298
-98
160
238
1
-170
34
200
144
39
-64
-59
-118
-80
-164
-228
131
304
226
-110
-197
-187
126
268
192
65
-101
-287
-272
122
118
161
157
-82
-454
-33
184
145
53
36
-93
-309
271
275
14
-276
-123
-137
10
341
147
-76
-182
-223
-173
204
276
93
111
-31
-70
-71
-208
-90
-14
-30
95
87
-41
36
250
226
-91
-294
-55
-80
-237
35
-50
173
13
90
349
114
-206
-98
-218
-136
-4
135
-50
-24
133
-13
-78
132
157
34
-102
-48
97
-42
-30
-61
93
114
-87
-87
-107
-71
165
-60
-86
-18
265
139
-309
-62
21
-41
173
134
31
-112
-220
-159
-29
196
286
123
-1
-146
-13
-15
-153
116
8
-35
-102
9
147
93
174
70
133
-66
-128
-134
-156
-142
-214
-241
-11
483
372
-71
-245
-115
172
61
83
-40
-171
-286
62
45
-48
277
223
-28
87
-244
-248
-126
-17
-47
130
115
89
235
100
111
40
-144
-184
-92
-29
-75
-58
129
-95
-228
-79
-44
-220
-13
-73
-189
-221
29
257
84
54
163
292
129
-12
103
193
-132
-158
317
179
39
260
163
-75
-217
-19
-81
-166
23
94
-111
-222
37
-110
-131
-25
86
46
-99
-95
85
129
-31
57
-58
-114
-8
77
29
17
160
-18
-14
82
86
101
3
-115
-314
-16
178
54
-11
39
73
51
33
41
-148
-214
-63
-100
60
-39
12
11
-114
-90
111
199
122
19
-38
7
-36
-17
-148
-93
35
99
86
76
167
-107
-29
10
-40
-106
-26
28
48
28
32
-148
-139
-71
102
73
15
-11
-145
-90
47
51
-56
-1
107
165
9
-42
-87
-4
95
172
100
-157
-128
29
74
-131
-30
190
112
-58
-17
43
-34
11
-19
-66
-2
101
86
-7
-14
57
92
53
-8
1
17
-29
-41
76
14
-52
16
19
-59
-6
13
-83
-11
33
-27
-7
17
-30
-96
-86
-76
-48
-14
-83
-110
-71
-36
22
15
-84
-68
23
-8
-127
-148
-48
-33
-31
3
-3
-22
-96
-46
0
4
-3
-69
-30
42
99
119
28
-3
68
69
37
47
144
143
66
63
137
193
150
98
109
204
225
190
119
94
76
126
146
163
164
178
165
154
129
127
99
78
145
144
7
-121
-138
-74
-70
-120
-137
-147
-129
-129
-147
-213
-241
-261
-323
-439
-470
-517
-631
-761
-783
-807
-820
-930
-1010
-1038
-915
-846
-804
-711
-593
-448
-239
-28
194
425
597
720
816
997
1083
1121
1112
1103
1076
1063
972
986
983
960
939
1050
1138
1172
1112
1068
984
1030
994
821
707
724
695
578
489
427
454
499
599
465
425
429
541
342
-349
-1383
-2097
-2714
-3759
-5087
-5777
-5985
-6226
-6106
-5296
-4256
-3306
-1912
-203
998
1580
2138
2610
2734
2495
2200
1909
1815
1731
1534
1300
1534
1788
1788
1555
1653
1497
1165
857
641
-129
-745
-684
-429
-648
-496
148
688
1095
1910
2598
2555
2423
2633
2633
2152
1723
1595
1583
1465
1356
1231
1211
1073
959
808
639
144
-157
-229
-155
-708
-1721
-2699
-3229
-4032
-5440
-6662
-7052
-7204
-7493
-7164
-6148
-5153
-4240
-2571
-710
490
1310
2388
3153
3259
3149
3093
2835
2568
2430
2360
2314
2342
2227
2018
1943
1925
1534
846
155
-394
-978
-1658
-2298
-2569
-2332
-1898
-1368
-541
571
1605
2583
3516
4073
4086
4048
4000
3673
3099
2718
2364
1855
1498
1504
1552
1457
1388
1441
1443
1146
705
331
74
-303
-528
-846
-1752
-2959
-3677
-4293
-5661
-6962
-7395
-7551
-7999
-7753
-6702
-5679
-4882
-3325
-1452
8
1022
2116
2900
3283
3437
3426
3193
3010
2845
2532
2297
2294
2240
1954
1687
1496
1212
623
4
-450
-939
-1596
-2012
-2180
-2544
-2697
-1994
-1076
-556
341
1821
2806
3286
4134
4906
4808
4484
4493
4241
3497
2870
2487
2102
1711
1456
1184
1036
933
866
675
633
348
186
277
348
-811
-2354
-3255
-3853
-5494
-7333
-8268
-8625
-9110
-9019
-7914
-6611
-5474
-3872
-1671
127
1300
2299
3335
3889
4056
3908
3513
2963
2690
2502
2310
2220
2321
2239
2064
1844
1495
909
330
-419
-1298
-2080
-2664
-3212
-3390
-3066
-2569
-1947
-823
542
1624
2576
3543
4258
4617
4909
4880
4430
3930
3615
3182
2710
2399
2202
2032
1927
1680
1327
1078
850
504
283
128
-129
-241
-346
-1352
-2848
-3635
-4226
-6020
-7981
-8650
-8819
-9313
-8967
-7551
-6283
-5121
-3045
-696
848
2022
3333
4281
4564
4576
4304
3729
3199
2847
2404
2000
1793
1642
1414
1339
1238
881
300
-273
-945
-1726
-2516
-3041
-3307
-3306
-3070
-2441
-1513
-362
879
2085
3101
3952
4702
5162
5149
4818
4535
4232
3775
3201
2764
2430
2111
1862
1722
1540
1259
1062
850
543
162
-2
-103
-43
-638
-2033
-3506
-4202
-5266
-7246
-8771
-9104
-9320
-9563
-8738
-7148
-5776
-4244
-1722
607
2104
3117
4352
4910
4937
4639
4282
3587
3077
2530
2027
1586
1464
1227
1124
1119
794
159
-316
-761
-1626
-2459
-2790
-3055
-3630
-3535
-2583
-1748
-1220
326
2328
3215
3679
4915
5791
5389
5033
5250
4849
3729
3030
2781
2244
1568
1365
1486
1475
1313
1175
1051
769
492
322
355
231
-404
-1834
-3290
-4228
-5201
-7007
-8723
-9270
-9239
-9403
-8939
-7377
-5818
-4467
-2191
551
2099
2854
3983
4963
4895
4606
4317
3715
2867
2432
1990
1586
1384
1420
1183
1027
824
303
-569
-1176
-1808
-2646
-3083
-3151
-3465
-3603
-2512
-1281
-472
781
2654
3570
3960
4811
5624
5297
4724
4390
4073
3373
2748
2231
1924
1746
1693
1736
1783
1607
1302
1056
851
470
106
-77
-121
-95
-856
-2377
-3586
-4009
-5328
-7633
-8800
-8757
-9271
-9703
-8434
-6610
-5688
-4053
-1099
1105
2035
3263
4786
5256
5105
4916
4287
3411
2998
2565
1768
1230
1179
1017
761
725
470
-100
-642
-1172
-1997
-2667
-2928
-3253
-3393
-2686
-1679
-980
-26
1575
2830
3558
4322
5086
5277
5076
4814
4403
3919
3383
2786
2140
1785
1623
1505
1336
1193
1130
1167
1023
692
336
198
84
152
-141
-1567
-3262
-3994
-4589
-6834
-8976
-9349
-9361
-10090
-9533
-7486
-6075
-5078
-2427
686
2313
3247
4622
5557
5466
5180
4584
3682
3000
2729
1942
1229
1087
1201
865
672
654
358
-306
-1072
-1887
-2620
-3165
-3465
-3583
-3205
-2418
-1355
-80
1374
2859
4044
4802
5328
5687
5637
4964
4240
3675
3108
2467
2022
1562
1189
1081
1241
1186
1118
1187
1162
833
433
119
-63
-113
28
-464
-1906
-3307
-3854
-4580
-6722
-8551
-8951
-8944
-9544
-9198
-7629
-6126
-4833
-2340
481
2148
3029
4430
5597
5707
5186
4630
3922
3265
2706
1978
1258
1008
1033
788
559
423
149
-589
-1295
-1741
-2118
-2686
-3024
-2957
-2656
-2102
-1054
177
1305
2547
3819
4682
5077
5374
5326
4889
4308
3794
3058
2208
1571
1174
972
882
867
784
825
878
799
640
536
359
11
71
384
181
-1410
-2934
-3561
-4172
-6332
-8382
-9012
-9101
-9725
-9358
-7676
-6168
-4995
-2710
221
2031
3088
4371
5515
5614
5379
4865
4069
3139
2671
2019
1418
1094
1082
862
773
631
233
-405
-910
-1509
-2207
-2889
-3256
-3307
-2890
-2246
-1435
-391
1040
2433
3504
4387
5133
5465
5420
5205
4660
3842
3125
2548
1853
1248
929
716
550
602
825
845
650
563
523
430
139
14
92
364
-508
-2232
-3294
-3468
-5123
-7784
-8938
-8775
-9270
-9619
-8393
-6780
-5640
-3787
-841
1308
2496
3690
5082
5445
5397
5004
4265
3282
2944
2425
1580
958
944
899
860
822
516
-29
-538
-1063
-1734
-2421
-2947
-3152
-3058
-2628
-1832
-766
386
1702
3006
4078
4805
5225
5366
5308
4857
4162
3590
3003
2115
1388
1078
794
453
385
569
700
674
636
651
460
182
107
347
544
438
-831
-2537
-3246
-3509
-5604
-8185
-8951
-8884
-9700
-9837
-8273
-6644
-5478
-3349
-342
1612
2665
3991
5283
5501
5338
4976
4105
3184
2906
2353
1412
977
1144
998
747
738
653
148
-473
-1079
-1755
-2474
-3004
-3260
-3187
-2796
-2046
-966
535
2100
3313
4167
5052
5675
5762
5516
5011
4172
3310
2650
1889
1095
551
261
143
175
318
405
496
538
780
792
526
202
315
504
458
-549
-2180
-3053
-3370
-4989
-7538
-8538
-8544
-9100
-9591
-8377
-6823
-5646
-3993
-1220
854
2001
3212
4762
5360
5181
4777
4238
3602
3259
2711
1773
1253
1333
1246
914
777
614
233
-158
-660
-1434
-2217
-2760
-3099
-3166
-2901
-2346
-1480
-278
1217
2648
3784
4656
5395
5696
5642
5285
4691
3804
2954
2054
1276
667
300
-13
-103
-67
134
373
597
682
726
734
690
530
488
606
81
-1571
-2893
-3145
-4138
-6673
-8311
-8248
-8507
-9388
-8843
-7231
-6149
-4938
-2363
139
1342
2337
3916
4997
5117
4910
4476
3816
3417
3118
2325
1568
1406
1323
983
944
970
574
-29
-395
-955
-1654
-2248
-2803
-3259
-2980
-2276
-1896
-1288
256
1849
2737
3723
4953
5476
5372
5374
5164
4362
3526
2795
1890
975
447
101
-176
-348
-286
-71
178
331
561
832
847
619
582
949
1071
156
-1585
-2602
-2926
-4194
-6819
-8401
-8452
-8575
-9350
-8889
-7365
-6017
-4773
-2336
140
1527
2446
3857
4860
5008
4761
4272
3619
3230
3000
2297
1641
1501
1545
1249
1146
1089
773
257
-105
-876
-1831
-2267
-2411
-3058
-3424
-2691
-1815
-1319
-199
1554
2638
3361
4590
5564
5463
5195
5154
4687
3756
2932
2136
1234
546
124
-133
-305
-345
-270
64
406
636
679
777
847
925
976
1002
257
-1396
-2646
-3075
-4229
-6636
-8111
-8251
-8532
-9288
-8763
-7299
-6024
-4804
-2477
-114
1238
2164
3571
4625
4739
4543
4266
3828
3381
2986
2259
1741
1664
1566
1187
1116
1090
735
297
-4
-606
-1585
-2205
-2471
-2885
-3292
-2870
-2064
-1411
-411
1254
2543
3337
4352
5354
5604
5380
5116
4591
3848
2929
2017
1178
601
73
-239
-316
-291
-301
-115
247
593
775
870
960
841
749
930
791
-697
-2287
-2752
-3318
-5566
-7658
-8054
-8083
-8897
-8977
-7757
-6523
-5559
-3691
-1226
395
1472
2861
4175
4644
4735
4508
4028
3662
3490
2801
2025
1847
1893
1514
1214
1224
1020
563
228
-248
-1228
-1970
-2179
-2519
-3128
-3007
-2292
-1774
-1095
370
1728
2519
3497
4695
5222
5125
5126
4961
4389
3557
2741
1843
1108
450
-136
-501
-543
-553
-508
-173
196
421
643
1020
1075
967
1102
1308
356
-1407
-2485
-2916
-4501
-6990
-8189
-8214
-8750
-9418
-8566
-7027
-5972
-4719
-2225
41
1242
2256
3791
4760
4883
4689
4272
3701
3443
3144
2355
1767
1767
1697
1353
1305
1325
1005
531
214
-377
-1404
-2222
-2543
-2919
-3325
-3072
-2341
-1761
-705
945
2199
2969
4106
5212
5467
5263
5158
4728
3968
3097
2209
1222
476
-28
-400
-698
-729
-548
-221
199
573
692
793
1200
1306
1108
1069
1137
-151
-1900
-2672
-3124
-5101
-7299
-7925
-7933
-8765
-9183
-8138
-6746
-5737
-4190
-1806
1
1189
2429
3826
4520
4765
4646
4191
3723
3586
3137
2443
2043
1950
1637
1397
1364
1097
561
144
-97
-566
-1253
-1990
-2521
-2743
-2817
-2800
-2425
-1582
-586
454
1625
2744
3607
4443
5142
5420
5161
4758
4299
3530
2542
1644
913
161
-385
-691
-873
-967
-637
-96
357
644
961
1351
1575
1485
1390
1258
108
-1684
-2700
-3261
-5266
-7686
-8290
-8161
-8946
-9327
-8021
-6581
-5705
-4006
-1484
249
1400
2760
4066
4508
4633
4505
3970
3541
3462
2925
2128
1881
1985
1622
1363
1584
1432
797
350
116
-407
-1199
-2004
-2542
-2837
-3023
-3155
-2718
-1856
-991
162
1676
2854
3678
4584
5357
5424
5231
5008
4401
3415
2485
1680
827
-19
-637
-913
-973
-887
-711
-242
313
773
955
1250
1518
1439
1122
1117
582
-1090
-2468
-2870
-3926
-6305
-7708
-7686
-7927
-8716
-8325
-7068
-5989
-5008
-3012
-1002
362
1384
2801
3899
4293
4302
4146
3944
3836
3591
2867
2339
2235
2098
1598
1520
1515
1167
619
431
128
-542
-1373
-2175
-2661
-2875
-3000
-3129
-2641
-1687
-667
481
1853
2974
3817
4668
5293
5350
5128
4813
4135
3249
2300
1492
595
-139
-687
-896
-933
-875
-674
-287
200
578
755
1029
1242
1150
765
778
473
-909
-2346
-2800
-3591
-5732
-7350
-7458
-7753
-8619
-8410
-6975
-5876
-5025
-3193
-1075
381
1470
2903
3943
4306
4412
4365
4027
3801
3498
2826
2161
2133
2041
1636
1466
1545
1284
901
679
227
-594
-1260
-1943
-2600
-2815
-2795
-3051
-2885
-1750
-566
277
1483
2829
3602
4258
5105
5401
4882
4491
4166
3450
2421
1584
672
-143
-606
-755
-987
-1010
-813
-483
-154
263
517
683
882
1005
946
1011
655
-766
-2144
-2528
-3271
-5527
-7263
-7441
-7660
-8468
-8145
-6766
-5766
-4933
-3063
-958
466
1558
2851
3860
4297
4516
4420
4043
3736
3441
2779
2177
2100
1983
1514
1343
1454
1300
892
625
269
-398
-1133
-1662
-2192
-2871
-3093
-2713
-2377
-2159
-1136
260
1041
1860
3329
4384
4529
4775
5265
4949
4110
3554
2955
1863
619
-72
-544
-1029
-1361
-1439
-1239
-951
-516
-42
397
780
991
1187
1395
1297
1027
190
-1114
-2259
-2768
-3899
-6156
-7370
-7235
-7412
-8054
-7455
-6155
-5351
-4244
-2059
-365
523
1508
2956
3810
4151
4274
4072
3674
3595
3382
2665
2130
2104
1962
1512
1544
1579
1174
700
567
122
-548
-1127
-1521
-2003
-2248
-2554
-2598
-2190
-1641
-1194
-310
991
1911
2729
3768
4411
4445
4661
4857
4293
3275
2626
1977
1036
121
-485
-1036
-1379
-1396
-1182
-968
-658
-222
221
711
1114
1260
1201
1245
1328
532
-938
-2024
-2603
-3821
-5819
-6981
-7140
-7473
-7984
-7570
-6278
-5291
-4279
-2469
-637
579
1637
3015
3910
4141
4114
3904
3608
3545
3206
2456
1964
2073
1952
1538
1513
1586
1257
950
851
521
-185
-820
-1316
-1770
-2045
-2542
-2855
-2442
-1703
-1376
-817
454
1524
2130
3222
4214
4394
4358
4650
4500
3653
2950
2321
1378
395
-295
-815
-1152
-1311
-1356
-1264
-847
-355
61
545
1088
1229
1123
1271
1558
796
-787
-1867
-2277
-3423
-5472
-6807
-7071
-7412
-7875
-7453
-6263
-5370
-4458
-2622
-694
523
1341
2515
3460
3885
4015
3861
3506
3357
3114
2537
2076
2139
2030
1616
1593
1774
1591
1224
1059
766
112
-525
-1012
-1723
-2297
-2481
-2537
-2745
-2360
-1368
-700
-162
1048
2345
3001
3467
4144
4479
4385
4224
3807
3143
2273
1394
618
83
-510
-1093
-1342
-1189
-1066
-872
-532
-62
288
581
950
1174
1148
1117
937
-240
-1555
-2022
-2609
-4622
-6238
-6414
-6576
-7481
-7454
-6434
-5565
-4827
-3269
-1486
-288
670
1932
3165
3766
3930
3785
3671
3616
3504
2810
2213
2073
2041
1670
1679
1822
1635
1270
1228
997
416
-256
-825
-1384
-1824
-2126
-2454
-2832
-2674
-1893
-1308
-1065
-73
1380
2119
2636
3682
4326
4228
4291
4363
3764
2935
2345
1556
665
-109
-677
-1120
-1254
-1311
-1295
-1005
-454
-15
374
882
1285
1340
1383
1556
815
-775
-1775
-2083
-3569
-5752
-6709
-6768
-7423
-7804
-7140
-6210
-5437
-4100
-2277
-685
573
1708
2856
3696
4081
3965
3750
3557
3430
2909
2283
2000
2105
1874
1608
1668
1760
1495
1315
1201
797
120
-528
-1080
-1599
-2072
-2548
-2865
-2838
-2307
-1716
-1315
-667
694
1888
2535
3234
4093
4355
4318
4392
4104
3237
2446
1778
989
229
-414
-995
-1319
-1334
-1270
-1080
-703
-227
305
806
1161
1331
1423
1520
1380
289
-1159
-1807
-2313
-4165
-6055
-6542
-6618
-7376
-7604
-6835
-5887
-5051
-3697
-1905
-443
596
1685
2945
3690
3938
3831
3707
3532
3440
2930
2344
2079
2101
1833
1663
1705
1635
1351
1196
1005
551
-64
-717
-1258
-1700
-2132
-2598
-2823
-2739
-2297
-1709
-1108
-335
790
1755
2479
3322
4076
4224
4184
4229
3903
3085
2366
1773
1062
259
-376
-791
-1052
-1198
-1152
-910
-644
-255
290
756
983
1126
1251
1347
1201
264
-1039
-1779
-2291
-3859
-5662
-6378
-6508
-7154
-7426
-6748
-5812
-5108
-3852
-2030
-456
573
1598
2829
3686
3931
3817
3759
3671
3491
2943
2356
2067
2081
1826
1587
1584
1588
1345
1171
1023
646
62
-567
-1146
-1662
-2117
-2565
-2840
-2818
-2420
-1862
-1274
-559
520
1675
2529
3168
3839
4296
4321
4109
3839
3322
2501
1712
1107
460
-313
-868
-1048
-1127
-1182
-1058
-732
-356
39
420
764
980
1073
1194
1213
479
-814
-1561
-2009
-3378
-5213
-5987
-6152
-6753
-7246
-6700
-5829
-5084
-3989
-2295
-825
266
1338
2536
3395
3840
3920
3808
3693
3604
3143
2442
2115
2075
1795
1431
1495
1555
1359
1113
1035
725
231
-380
-958
-1552
-2046
-2505
-2795
-2865
-2627
-2079
-1404
-704
191
1371
2326
2987
3678
4312
4403
4203
3962
3543
2793
1995
1218
491
-168
-746
-1140
-1288
-1287
-1229
-1000
-631
-180
240
623
902
1064
1131
1224
960
-71
-1176
-1665
-2391
-4126
-5577
-5915
-6136
-6805
-6889
-6174
-5318
-4451
-3116
-1596
-286
757
1812
2823
3491
3662
3591
3539
3453
3152
2609
2183
2039
1944
1697
1620
1696
1628
1396
1258
1011
490
-180
-745
-1296
-1880
-2427
-2722
-2786
-2666
-2360
-1764
-955
-75
790
1688
2574
3291
3802
4111
4137
3900
3589
3163
2456
1616
931
335
-282
-799
-1073
-1203
-1200
-1054
-782
-470
-84
322
733
1018
1085
1098
1210
897
-204
-1255
-1682
-2478
-4207
-5540
-5820
-6101
-6737
-6684
-5906
-5201
-4374
-2881
-1354
-317
627
1790
2772
3330
3496
3404
3295
3305
3117
2567
2136
2117
2084
1828
1748
1824
1646
1327
1163
878
274
-369
-939
-1527
-2049
-2443
-2758
-2834
-2595
-2155
-1560
-791
80
1043
2043
2809
3381
3942
4278
4108
3758
3449
2920
2077
1285
635
32
-514
-896
-1118
-1166
-1101
-964
-710
-334
51
385
702
965
1046
1022
1098
958
64
-1063
-1548
-2002
-3399
-4911
-5444
-5668
-6283
-6515
-5925
-5278
-4744
-3686
-2168
-912
7
981
2040
2832
3243
3356
3366
3371
3331
3021
2614
2459
2419
2179
1977
1998
1873
1467
1145
906
412
-243
-815
-1343
-1913
-2340
-2577
-2646
-2528
-2146
-1662
-1073
-277
685
1548
2237
2830
3319
3650
3806
3712
3359
2864
2316
1734
1126
533
-39
-488
-770
-911
-1015
-987
-821
-546
-212
217
529
722
904
1139
1245
1141
553
-512
-1349
-1715
-2650
-4415
-5584
-5734
-6023
-6656
-6525
-5687
-4953
-4182
-2821
-1369
-320
610
1740
2662
3159
3356
3453
3487
3479
3215
2745
2444
2397
2227
1944
1861
1823
1579
1250
1026
667
84
-588
-1136
-1664
-2149
-2547
-2668
-2522
-2217
-1872
-1258
-317
620
1338
2061
2870
3386
3610
3763
3773
3392
2894
2410
1840
1114
521
35
-436
-831
-982
-978
-933
-854
-694
-334
75
361
530
855
1008
880
867
1084
505
-836
-1632
-1740
-2716
-4501
-5433
-5501
-5977
-6578
-6230
-5496
-5036
-4256
-2735
-1392
-486
462
1628
2522
3110
3352
3364
3383
3526
3354
2891
2640
2653
2438
2119
2091
2059
1671
1198
916
538
-68
-737
-1286
-1733
-2143
-2537
-2641
-2370
-1983
-1629
-994
-161
583
1339
2266
2885
3133
3491
3851
3629
3137
2869
2492
1713
999
581
136
-378
-715
-829
-853
-828
-760
-572
-244
75
286
459
657
739
726
811
830
167
-983
-1703
-1983
-2930
-4472
-5417
-5629
-5970
-6377
-6131
-5465
-4865
-4075
-2727
-1355
-368
457
1484
2407
2976
3150
3196
3286
3439
3338
2975
2717
2736
2664
2400
2229
2099
1758
1280
890
440
-226
-943
-1451
-1809
-2146
-2445
-2467
-2217
-1814
-1280
-581
132
811
1573
2377
2903
3134
3353
3509
3393
3046
2638
2122
1531
1039
596
94
-345
-588
-690
-747
-739
-635
-499
-315
-87
173
364
484
552
580
629
669
222
-700
-1455
-1810
-2636
-4170
-5290
-5566
-5908
-6505
-6526
-5828
-5167
-4399
-3029
-1573
-519
416
1584
2572
3133
3408
3488
3486
3591
3506
3133
2779
2764
2688
2413
2217
2073
1717
1271
924
452
-319
-1045
-1503
-1942
-2412
-2657
-2540
-2291
-1926
-1269
-435
317
999
1783
2530
2996
3267
3442
3427
3196
2866
2493
2010
1476
1022
625
223
-146
-372
-474
-570
-644
-618
-571
-513
-385
-196
-41
134
308
400
550
736
384
-604
-1356
-1612
-2422
-4095
-5316
-5572
-5854
-6477
-6493
-5765
-5026
-4221
-2844
-1385
-350
555
1674
2660
3198
3380
3380
3375
3464
3359
2985
2674
2610
2533
2339
2193
2007
1646
1254
932
491
-167
-868
-1404
-1779
-2101
-2355
-2347
-2059
-1615
-1088
-525
76
850
1607
2037
2342
2819
3068
2931
2862
2874
2517
2041
1829
1605
1066
540
205
-1
-294
-624
-842
-851
-842
-779
-584
-290
-75
147
386
640
786
785
510
-328
-1340
-1913
-2404
-3885
-5541
-6083
-5998
-6393
-6508
-5838
-4992
-4226
-2875
-1315
-203
627
1590
2511
3085
3327
3257
3127
3118
3165
2915
2561
2479
2637
2587
2447
2307
2045
1593
1210
712
-60
-904
-1569
-2125
-2493
-2666
-2671
-2417
-1779
-1027
-302
549
1447
2140
2658
3101
3343
3328
3245
3103
2743
2200
1708
1335
993
647
298
-46
-313
-473
-603
-732
-828
-879
-885
-725
-513
-386
-289
11
261
406
629
838
235
-877
-1539
-1809
-2936
-4635
-5597
-5784
-6196
-6565
-6165
-5403
-4681
-3510
-1816
-466
432
1312
2219
2787
3117
3127
2902
2777
2942
2913
2676
2593
2754
2851
2895
2870
2605
2073
1524
990
304
-568
-1421
-2069
-2502
-2762
-2825
-2617
-2114
-1339
-485
271
955
1746
2476
2918
3115
3222
3124
2898
2733
2550
2111
1601
1292
1065
729
357
46
-300
-644
-828
-910
-1060
-1209
-1075
-796
-566
-398
-61
221
476
740
797
0
-1167
-1728
-1994
-3185
-4944
-5799
-5886
-6076
-6146
-5403
-4604
-3937
-2848
-1211
-134
530
1200
1941
2293
2546
2562
2385
2359
2695
2872
2782
2846
3064
3180
3191
3140
2684
1959
1284
679
-230
-1262
-2084
-2562
-2841
-2839
-2566
-2071
-1428
-605
244
971
1573
2123
2563
2778
2800
2720
2614
2460
2309
2174
1994
1690
1374
1099
794
438
52
-384
-844
-1141
-1370
-1546
-1600
-1371
-1029
-615
-204
222
570
854
1108
1287
962
-188
-1367
-1910
-2473
-4028
-5552
-6077
-6010
-6133
-5822
-4987
-4113
-3286
-1928
-545
245
639
1193
1726
2008
2078
2019
2059
2422
2975
3253
3418
3645
3862
3788
3646
3233
2417
1321
461
-359
-1281
-2203
-2666
-2813
-2803
-2624
-2074
-1353
-667
31
763
1312
1620
1994
2381
2499
2388
2438
2526
2497
2389
2368
2210
1944
1611
1164
564
50
-398
-904
-1379
-1651
-1766
-1774
-1554
-1165
-670
-152
311
645
949
1186
1291
1045
114
-1259
-2192
-2630
-3610
-5094
-5898
-5849
-5754
-5481
-4630
-3721
-3125
-2224
-942
-49
229
486
962
1436
1761
1903
1976
2315
2998
3576
3803
3903
3996
3876
3543
3050
2277
1197
186
-605
-1328
-2020
-2476
-2603
-2444
-2102
-1652
-1083
-394
222
638
1003
1397
1682
1865
2071
2205
2236
2377
2629
2656
2494
2371
2185
1680
1038
427
-132
-672
-1122
-1514
-1740
-1764
-1650
-1412
-975
-456
31
515
799
865
906
1097
987
425
-602
-1595
-2392
-2954
-3946
-5040
-5631
-5412
-5170
-4879
-4328
-3592
-3031
-2221
-1114
-324
-46
261
897
1424
1839
2170
2566
2965
3593
4010
4150
4033
3918
3539
3118
2550
1713
567
-288
-891
-1516
-2119
-2288
-2200
-2069
-1746
-1174
-716
-459
-1
638
1032
1103
1342
1780
2066
2152
2398
2738
2856
2733
2579
2322
1878
1348
819
220
-404
-945
-1316
-1535
-1589
-1516
-1305
-1052
-730
-300
214
494
601
731
857
750
611
184
-898
-2100
-2503
-2842
-3994
-5101
-5220
-5089
-5155
-4698
-3827
-3295
-2847
-1857
-946
-510
-181
379
825
1337
1892
2342
2637
3146
3623
3912
4102
4163
3774
3095
2505
1884
1066
183
-495
-1017
-1384
-1632
-1757
-1794
-1631
-1245
-778
-460
-248
28
423
740
1046
1472
1950
2269
2472
2680
2793
2765
2647
2480
2077
1473
850
303
-217
-702
-1093
-1423
-1560
-1506
-1303
-1141
-942
-702
-287
166
492
573
609
609
603
600
241
-779
-1809
-2137
-2537
-3715
-4852
-4968
-4813
-4886
-4705
-4035
-3550
-3040
-2075
-1059
-598
-260
313
888
1330
1797
2263
2685
3168
3558
3750
3914
4037
3763
3146
2530
1949
1193
391
-309
-904
-1326
-1459
-1466
-1499
-1417
-1160
-876
-624
-308
29
306
598
978
1352
1633
1934
2342
2708
2824
2761
2647
2405
1954
1421
864
277
-288
-709
-1095
-1437
-1603
-1487
-1298
-1099
-924
-685
-383
-45
139
265
481
644
623
633
561
-252
-1444
-2042
-2208
-3186
-4509
-4983
-4721
-4760
-4691
-4065
-3331
-2889
-2141
-1201
-688
-527
-114
509
1026
1544
2055
2539
2993
3483
3784
4031
4124
3861
3189
2576
1984
1262
521
2
-425
-832
-1094
-1241
-1289
-1271
-1165
-1059
-833
-570
-320
-68
339
778
1195
1641
2076
2343
2481
2637
2652
2484
2187
1838
1298
712
226
-156
-542
-888
-1060
-1111
-1105
-1153
-1079
-941
-729
-520
-233
-53
93
317
428
485
645
681
-383
-1575
-2058
-2273
-3685
-4876
-4936
-4534
-4720
-4421
-3568
-3040
-2714
-1773
-778
-591
-493
-70
472
775
1340
1897
2553
3157
3753
3968
4114
4052
3679
3092
2548
1799
845
176
-111
-429
-828
-986
-922
-887
-898
-889
-947
-962
-757
-375
-28
279
678
1151
1648
2060
2455
2712
2818
2635
2276
1810
1327
887
534
243
-150
-527
-812
-910
-1033
-1086
-1138
-1052
-1009
-847
-693
-400
-107
260
561
658
678
742
729
-175
-1433
-2235
-2412
-3262
-4374
-4885
-4617
-4518
-4181
-3484
-2875
-2714
-2244
-1445
-1035
-972
-687
18
673
1405
2021
2648
3185
3860
4227
4306
4065
3631
2928
2269
1664
1040
468
204
31
-308
-670
-844
-886
-949
-976
-1058
-1153
-1055
-636
-130
310
794
1349
1840
2188
2377
2434
2383
2271
2057
1765
1396
1001
664
437
190
-142
-438
-657
-929
-1212
-1331
-1323
-1279
-1159
-802
-337
102
316
433
525
605
666
749
371
-965
-2331
-2684
-2712
-3686
-4645
-4560
-4091
-4111
-3774
-3108
-2839
-2796
-2086
-1321
-1164
-1065
-451
377
1182
1988
2661
3249
3846
4236
4172
3937
3537
2990
2405
1995
1449
853
543
418
127
-273
-517
-717
-1043
-1325
-1487
-1427
-1243
-804
-233
297
670
1006
1545
1980
2172
2152
2147
2059
1896
1737
1493
1236
1090
964
640
121
-306
-715
-955
-1131
-1263
-1362
-1326
-1111
-864
-344
142
404
431
553
618
554
596
370
-684
-1932
-2317
-2344
-3260
-4436
-4619
-4222
-4081
-3863
-3170
-2898
-2973
-2559
-1649
-1242
-1170
-658
296
1182
1880
2435
2943
3465
3896
3994
3841
3533
3022
2470
2092
1808
1397
969
661
328
-114
-574
-929
-1240
-1473
-1503
-1308
-1028
-746
-362
139
620
989
1360
1717
1870
1720
1581
1653
1828
1833
1768
1663
1475
1149
814
367
-206
-682
-933
-1155
-1386
-1431
-1274
-1034
-671
-163
266
405
318
270
300
323
335
352
-254
-1525
-2400
-2310
-2647
-3879
-4548
-4075
-3802
-3867
-3384
-2836
-2941
-2774
-1773
-1123
-1146
-884
15
925
1744
2442
2926
3317
3790
4002
3886
3552
3056
2454
2099
1862
1426
961
690
437
33
-299
-637
-1096
-1492
-1553
-1390
-1204
-988
-639
-165
307
715
1165
1542
1633
1598
1704
1791
1670
1681
1855
1814
1478
1141
826
427
42
-362
-830
-1157
-1231
-1230
-1240
-1111
-846
-510
-85
238
233
88
153
278
222
281
341
-364
-1676
-2251
-2123
-2809
-4084
-4348
-3741
-3686
-3743
-3141
-2672
-2844
-2523
-1555
-1004
-901
-368
426
1090
1768
2454
2933
3376
3790
3783
3486
3155
2771
2358
2236
2090
1612
1035
728
447
23
-449
-840
-1148
-1351
-1418
-1342
-1143
-933
-547
28
541
732
819
920
1006
1213
1540
1786
1842
1936
1942
1743
1404
1049
648
253
-140
-553
-883
-1049
-1145
-1137
-939
-689
-566
-493
-356
-222
-130
7
177
233
297
479
312
-707
-1859
-2271
-2367
-3143
-3935
-3932
-3527
-3467
-3156
-2529
-2282
-2411
-2017
-1283
-972
-884
-455
327
1164
2004
2599
2972
3210
3354
3270
3104
2794
2406
2150
2161
2044
1636
1176
873
558
58
-532
-1022
-1354
-1540
-1466
-1191
-916
-664
-211
243
366
342
523
816
1018
1286
1586
1777
1876
1982
1890
1655
1379
983
466
79
-223
-614
-915
-976
-953
-948
-864
-785
-761
-741
-589
-336
-116
-18
102
296
426
516
447
-390
-1810
-2489
-2247
-2582
-3569
-3751
-3124
-2923
-2822
-2208
-1892
-2293
-2246
-1569
-1214
-1197
-682
234
1121
1945
2572
2829
2883
2932
2885
2861
2795
2545
2226
2172
2112
1810
1393
1059
590
-68
-635
-1012
-1302
-1515
-1344
-920
-552
-394
-179
28
74
81
250
562
829
1165
1485
1722
1747
1782
1766
1593
1172
740
354
-17
-356
-540
-615
-651
-684
-783
-942
-1104
-1121
-1045
-867
-681
-304
60
350
416
578
679
742
503
-299
-1496
-2235
-2195
-2434
-3024
-3304
-2900
-2754
-2596
-2245
-2086
-2484
-2530
-1867
-1285
-959
-436
479
1244
1941
2483
2786
2770
2786
2821
2768
2554
2359
2290
2305
2243
1944
1446
822
283
-191
-574
-980
-1237
-1274
-1011
-717
-549
-462
-322
-187
-146
-34
162
444
724
1170
1565
1729
1688
1672
1600
1347
996
600
225
-53
-168
-272
-417
-650
-922
-1139
-1241
-1303
-1363
-1239
-989
-673
-380
-15
245
461
559
579
450
393
200
-471
-1437
-1976
-1950
-2104
-2509
-2757
-2585
-2553
-2437
-2211
-1944
-2075
-1990
-1487
-831
-540
-214
466
1250
1797
2149
2480
2570
2529
2477
2573
2503
2389
2201
2102
1923
1715
1308
841
369
22
-320
-677
-945
-1012
-857
-679
-503
-458
-384
-281
-107
-32
138
411
722
959
1226
1452
1507
1363
1171
964
711
417
136
-60
-262
-409
-564
-643
-803
-892
-1021
-1108
-1160
-1028
-803
-585
-253
45
278
248
270
213
287
147
-469
-1408
-1934
-1842
-2008
-2288
-2404
-2095
-2092
-1950
-1740
-1631
-1845
-1768
-1292
-908
-558
-133
533
1042
1635
2010
2272
2287
2341
2308
2299
2241
2112
1991
1933
1871
1569
1159
693
320
10
-186
-408
-619
-719
-638
-495
-395
-342
-337
-330
-262
-100
38
171
393
761
1134
1316
1272
1116
984
808
626
416
214
-62
-252
-372
-486
-640
-764
-850
-911
-875
-841
-823
-733
-471
-261
-158
-78
95
159
122
104
238
157
-347
-1079
-1497
-1629
-1804
-2084
-2309
-2325
-2197
-1805
-1517
-1488
-1703
-1566
-1134
-651
-391
-65
449
1022
1462
1749
1976
2063
2101
2121
2169
2068
1947
1855
1857
1781
1619
1297
923
507
138
-171
-339
-434
-526
-554
-507
-380
-271
-173
-243
-316
-261
10
250
459
627
793
913
959
894
717
582
471
337
129
-26
-203
-338
-446
-466
-580
-720
-823
-813
-785
-713
-563
-394
-198
-70
12
-77
-110
-61
56
-231
-830
-1410
-1531
-1533
-1699
-1939
-1942
-1737
-1563
-1399
-1387
-1468
-1581
-1281
-831
-400
-158
267
695
1055
1278
1554
1772
1866
1880
1856
1858
1809
1776
1653
1580
1471
1356
1090
772
393
139
77
121
-12
-280
-392
-307
-272
-407
-497
-392
-141
91
247
346
458
555
651
679
636
544
510
451
287
90
30
67
29
-102
-305
-497
-654
-735
-828
-855
-765
-540
-359
-286
-278
-227
-140
-52
5
43
1
-322
-906
-1451
-1624
-1581
-1569
-1732
-1893
-1922
-1690
-1391
-1289
-1451
-1496
-1132
-534
-128
-2
174
597
1125
1449
1555
1545
1566
1624
1718
1760
1747
1721
1748
1760
1624
1337
1023
725
424
201
147
157
100
-29
-126
-160
-177
-244
-349
-417
-335
-113
127
270
357
490
674
782
722
511
277
176
206
241
165
36
-98
-180
-256
-338
-479
-602
-671
-621
-492
-347
-268
-257
-217
-188
-162
-189
-242
-561
-1126
-1697
-1901
-1825
-1726
-1740
-1773
-1702
-1555
-1362
-1333
-1465
-1573
-1305
-796
-344
-118
137
521
956
1260
1409
1479
1507
1562
1625
1697
1709
1733
1781
1834
1757
1535
1216
874
558
344
276
277
234
105
-36
-131
-185
-227
-283
-359
-351
-149
158
341
347
366
505
640
618
474
308
203
195
237
211
72
-57
-99
-135
-286
-484
-586
-574
-541
-527
-481
-403
-325
-299
-328
-396
-421
-340
-246
-359
-780
-1302
-1633
-1654
-1522
-1436
-1477
-1551
-1537
-1428
-1329
-1312
-1308
-1195
-939
-596
-263
12
250
540
891
1186
1311
1322
1356
1454
1564
1644
1712
1749
1740
1712
1646
1441
1107
819
674
561
388
238
198
211
152
18
-115
-205
-258
-265
-235
-189
-101
63
249
351
338
304
290
253
163
85
92
129
100
3
-95
-154
-205
-276
-373
-455
-464
-407
-378
-435
-501
-472
-362
-312
-380
-473
-471
-440
-560
-890
-1260
-1447
-1402
-1258
-1191
-1246
-1314
-1266
-1113
-1001
-1026
-1095
-1015
-724
-353
-59
134
323
550
780
953
1019
1019
1056
1181
1342
1453
1499
1538
1576
1555
1436
1258
1067
876
694
549
464
424
402
355
248
73
-125
-261
-293
-246
-163
-62
39
126
195
247
265
232
167
115
97
109
117
90
10
-72
-102
-97
-116
-180
-239
-285
-352
-426
-441
-397
-383
-421
-452
-423
-396
-477
-714
-1059
-1355
-1451
-1347
-1213
-1187
-1226
-1196
-1101
-1035
-1029
-1046
-1017
-905
-681
-400
-171
-30
120
345
568
704
783
884
1015
1135
1249
1356
1419
1425
1404
1377
1307
1172
1012
866
722
590
512
496
479
393
252
112
8
-52
-45
19
81
103
109
140
164
141
74
20
15
30
23
-10
-37
-33
-13
-21
-60
-118
-181
-235
-278
-294
-292
-289
-288
-287
-299
-337
-372
-370
-348
-353
-428
-575
-786
-1020
-1170
-1157
-1015
-875
-834
-871
-919
-939
-932
-912
-881
-811
-658
-444
-245
-123
-35
111
326
528
635
662
677
741
865
998
1106
1178
1233
1250
1183
1021
829
696
650
653
648
612
550
468
373
279
215
193
178
125
41
-11
11
72
115
125
134
152
150
95
4
-66
-54
18
64
17
-76
-119
-96
-82
-136
-243
-320
-324
-286
-276
-321
-372
-374
-330
-296
-325
-447
-646
-882
-1071
-1143
-1093
-996
-928
-910
-901
-875
-846
-853
-893
-869
-725
-509
-329
-232
-162
-32
164
350
459
522
616
755
886
952
964
989
1060
1123
1110
1010
881
784
748
740
729
688
605
496
380
287
236
214
201
174
146
128
117
106
83
67
88
127
126
57
-25
-44
0
46
45
12
-23
-45
-72
-100
-138
-168
-173
-165
-196
-296
-402
-435
-389
-331
-326
-371
-467
-624
-821
-992
-1078
-1066
-981
-882
-835
-868
-925
-930
-878
-814
-754
-664
-537
-426
-348
-246
-66
150
316
400
432
470
544
661
785
888
971
1031
1052
1000
893
793
768
798
812
774
690
596
522
495
491
461
377
272
194
145
112
83
86
128
188
238
228
150
43
-26
-23
3
-15
-64
-82
-38
22
42
-1
-84
-162
-201
-219
-249
-314
-387
-421
-420
-411
-422
-458
-494
-543
-627
-748
-902
-1041
-1091
-1008
-846
-715
-683
-725
-772
-784
-748
-684
-602
-496
-361
-216
-101
-22
48
153
308
472
585
619
603
603
665
788
914
975
956
893
825
768
720
669
634
635
653
636
557
443
348
317
339
362
337
245
132
56
44
76
120
147
152
135
93
45
5
-17
-28
-26
-23
-62
-140
-215
-227
-183
-114
-77
-114
-204
-309
-395
-455
-490
-516
-533
-545
-578
-659
-771
-863
-893
-877
-841
-814
-816
-830
-813
-760
-694
-634
-567
-462
-311
-164
-71
-36
-4
57
155
273
379
458
512
595
698
768
774
744
727
730
730
698
640
597
597
644
705
722
655
518
388
309
282
279
282
278
267
268
269
263
247
233
210
169
103
20
-53
-81
-55
9
65
70
4
-107
-211
-278
-299
-282
-260
-256
-296
-371
-463
-535
-560
-547
-530
-561
-644
-758
-851
-897
-876
-823
-769
-721
-689
-676
-675
-669
-635
-546
-413
-278
-170
-96
-35
43
166
318
435
495
504
487
483
510
558
609
657
697
719
716
695
660
618
581
548
498
443
409
405
424
459
492
483
427
350
272
206
170
168
165
143
109
63
23
11
30
56
57
26
-42
-130
-188
-192
-167
-139
-134
-165
-215
-262
-305
-349
-387
-426
-475
-533
-589
-653
-716
-753
-758
-754
-747
-752
-777
-798
-782
-717
-624
-529
-449
-390
-342
-281
-203
-109
-6
95
184
258
330
389
437
492
544
581
602
623
623
614
606
599
588
580
579
571
557
535
498
452
432
419
402
398
397
379
356
351
341
308
274
249
222
192
162
112
60
32
27
27
17
-15
-80
-147
-177
-193
-226
-273
-316
-361
-409
-458
-511
-568
-622
-675
-713
-747
-802
-880
-940
-940
-886
-820
-761
-711
-677
-660
-621
-527
-407
-308
-241
-178
-113
-47
32
153
307
452
549
587
585
557
538
562
620
679
697
677
637
602
589
603
641
664
642
567
460
361
296
285
342
428
476
459
406
350
300
265
260
269
239
145
32
-37
-56
-55
-41
-17
-19
-77
-174
-244
-276
-299
-331
-353
-376
-428
-501
-558
-571
-578
-616
-675
-725
-767
-812
-847
-844
-812
-784
-769
-760
-739
-700
-647
-564
-448
-330
-236
-161
-74
27
148
263
373
447
463
445
436
470
530
615
711
788
802
761
694
629
578
552
550
542
510
450
399
399
448
508
540
529
469
360
247
180
169
196
225
237
231
204
144
73
20
-14
-57
-113
-168
-209
-244
-269
-274
-269
-271
-308
-370
-447
-539
-629
-707
-750
-763
-772
-785
-799
-811
-816
-808
-791
-783
-774
-746
-697
-615
-511
-395
-280
-170
-70
26
114
192
269
346
422
491
549
597
636
665
682
685
669
642
626
619
610
590
558
510
464
432
413
385
343
303
282
279
292
317
344
354
345
331
303
244
163
95
55
36
29
28
17
-13
-52
-80
-100
-146
-211
-295
-385
-470
-532
-554
-547
-530
-498
-477
-498
-573
-678
-773
-829
-841
-826
-797
-774
-745
-684
-584
-472
-376
-302
-251
-216
-173
-117
-48
26
122
233
346
444
514
557
582
594
589
560
517
484
475
496
533
564
571
546
503
444
381
337
328
347
373
377
340
281
244
264
331
389
389
316
193
93
61
87
130
135
88
0
-85
-152
-183
-199
-210
-218
-222
-229
-253
-307
-375
-441
-486
-511
-531
-566
-614
-657
-684
-691
-683
-658
-634
-621
-623
-634
-635
-602
-519
-400
-281
-187
-129
-80
-13
80
175
246
272
260
256
286
356
443
516
549
537
508
490
482
484
478
461
426
385
358
353
367
384
393
377
345
321
299
282
258
232
212
201
209
220
219
195
163
139
130
120
91
35
-29
-90
-136
-157
-172
-193
-225
-269
-311
-341
-363
-383
-415
-457
-510
-565
-605
-624
-623
-614
-605
-598
-581
-548
-506
-455
-404
-360
-333
-309
-277
-227
-168
-115
-64
-4
57
124
186
235
269
292
314
340
368
391
416
435
453
468
480
482
473
456
438
422
414
410
413
408
382
345
310
284
269
258
239
202
154
113
96
114
137
137
103
51
3
-26
-42
-54
-77
-109
-134
-144
-147
-152
-177
-215
-259
-306
-360
-416
-462
-496
-514
-526
-536
-543
-551
-546
-542
-548
-557
-560
-544
-501
-441
-379
-328
-284
-226
-143
-52
22
65
86
113
160
228
297
346
362
357
363
383
409
418
417
402
385
385
394
404
412
420
427
423
406
388
378
364
354
352
351
328
290
255
227
192
148
111
76
40
6
-18
-35
-50
-59
-56
-59
-75
-104
-134
-161
-184
-204
-231
-266
-302
-337
-368
-398
-426
-452
-476
-506
-541
-562
-570
-565
-556
-542
-522
-499
-474
-436
-386
-335
-275
-217
-166
-122
-74
-22
29
79
124
167
203
238
272
306
333
358
380
395
397
388
386
391
401
411
422
423
424
425
423
420
413
403
386
360
330
309
291
278
272
262
241
207
165
121
82
48
13
-16
-43
-68
-86
-97
-100
-109
-129
-162
-203
-253
-304
-354
-396
-422
-434
-443
-448
-450
-458
-463
-478
-490
-499
-512
-521
-524
-515
-489
-447
-395
-336
-275
-218
-164
-113
-67
-28
8
45
75
107
134
162
195
230
264
293
311
322
331
335
340
343
346
352
366
382
397
420
438
456
465
463
454
434
403
372
338
308
278
253
226
195
171
143
111
82
43
2
-33
-65
-95
-119
-132
-143
-150
-164
-187
-213
-245
-272
-307
-345
-379
-411
-436
-462
-482
-493
-499
-500
-504
-504
-489
-469
-449
-431
-402
-367
-325
-279
-232
-189
-142
-97
-53
-15
18
53
87
123
154
182
205
227
249
269
281
296
313
333
353
367
381
396
412
421
421
412
409
406
396
381
368
363
358
338
315
294
274
251
215
174
139
106
70
34
3
-25
-43
-65
-86
-104
-129
-166
-198
-224
-253
-285
-313
-336
-353
-370
-392
-409
-420
-430
-439
-442
-441
-435
-427
-420
-403
-377
-352
-328
-309
-281
-243
-198
-165
-130
-87
-41
2
27
48
75
97
105
109
127
156
174
192
223
265
291
298
306
324
335
325
320
322
327
325
322
334
348
356
357
353
347
332
305
276
247
228
214
191
162
136
126
110
82
51
28
5
-31
-72
-98
-118
-150
-190
-224
-248
-274
-311
-347
-362
-370
-382
-392
-395
-390
-382
-381
-380
-373
-363
-350
-341
-317
-286
-257
-232
-202
-165
-130
-110
-103
-92
-75
-52
-33
-11
22
52
73
90
112
137
159
164
171
188
206
221
234
256
288
315
324
331
339
349
350
348
350
352
347
333
323
320
310
288
259
234
211
176
139
102
82
62
31
-4
-35
-60
-90
-118
-145
-164
-179
-206
-233
-249
-252
-261
-272
-281
-287
-296
-312
-325
-319
-306
-293
-287
-291
-290
-289
-282
-264
-237
-214
-205
-197
-187
-170
-143
-115
-84
-60
-39
-26
-15
5
35
67
96
118
129
144
156
170
190
212
229
234
237
242
248
245
250
256
268
273
272
264
256
255
258
270
273
264
239
213
196
184
179
167
149
117
76
32
0
-16
-30
-44
-66
-100
-143
-178
-202
-215
-221
-223
-224
-237
-256
-269
-274
-269
-260
-247
-242
-240
-245
-245
-246
-235
-217
-196
-178
-171
-172
-171
-164
-145
-113
-84
-65
-55
-43
-31
-16
8
44
75
90
100
110
123
136
155
179
191
192
193
200
204
207
210
202
188
175
171
177
180
172
163
150
135
124
119
120
113
106
102
94
76
59
57
54
42
33
30
22
12
0
-12
-27
-50
-70
-83
-94
-116
-136
-153
-161
-172
-178
-179
-194
-211
-215
-192
-166
-149
-146
-155
-174
-184
-163
-118
-76
-56
-47
-52
-57
-50
-29
-3
15
22
21
12
6
16
34
44
46
44
49
49
51
59
60
56
56
71
79
75
70
63
70
90
121
144
140
109
70
57
76
128
174
183
141
67
12
5
45
93
117
107
62
11
-16
-14
-6
-11
-27
-53
-70
-71
-59
-46
-48
-67
-94
-114
-113
-100
-85
-76
-75
-77
-87
-97
-100
-98
-85
-57
-22
8
17
-5
-46
-82
-88
-64
-19
19
34
23
-4
-25
-33
-19
1
16
15
3
-7
-2
11
25
32
23
8
0
7
31
55
63
61
47
32
31
47
68
82
79
57
37
28
39
49
45
42
41
43
43
35
23
8
-1
-3
-4
-4
-7
-10
-14
-13
-12
-17
-26
-36
-46
-54
-55
-42
-23
-15
-15
-30
-51
-59
-54
-34
-12
-5
-16
-42
-54
-36
1
36
42
20
-13
-33
-29
-7
19
36
34
18
-3
-13
-9
-4
12
18
14
-3
-24
-39
-36
-17
0
4
0
-6
-14
-22
-27
-20
-7
7
15
17
13
5
5
12
28
44
48
35
15
10
16
33
48
46
33
10
-8
-8
0
6
5
2
-1
-5
-15
-26
-24
-7
5
-1
-17
-32
-31
-15
-3
0
-1
-5
-8
-9
-10
-5
-2
5
10
13
9
-2
-9
-5
11
21
20
11
-7
-15
-11
5
18
13
0
-12
-15
-12
-7
-4
-3
-2
-4
-14
-24
-21
-7
7
14
9
-2
-16
-19
-11
4
14
14
6
-3
-5
3
12
16
15
12
9
0
-9
-11
-5
6
15
16
5
-10
-20
-11
6
15
11
1
-4
-7
-5
-2
0
6
9
9
0
-10
-16
-17
-5
11
17
9
-5
-19
-19
-8
3
9
7
-1
-10
-12
-9
-4
-2
1
3
3
-5
-10
-10
-2
11
17
9
-3
-11
-9
-1
8
10
8
5
1
4
5
7
5
7
9
10
5
-2
-4
-2
4
9
7
1
-6
-9
-3
7
13
8
-4
-11
-8
1
3
1
-3
-7
-6
-6
-7
-8
-7
-2
2
1
-2
-11
-15
-7
3
8
5
-7
-11
-9
-3
2
5
4
-1
-4
-5
-3
-2
1
5
6
5
2
-4
-5
0
5
9
6
3
-1
-4
-3
2
7
7
4
4
1
0
-3
-4
3
11
11
6
-3
-8
-3
1
7
10
10
3
-7
-9
-1
5
7
3
-4
-5
-4
-5
-5
0
6
4
-5
-10
-10
-8
-1
3
5
3
-7
-17
-15
-1
7
8
0
-4
-3
-9
-14
-6
5
11
8
-5
-11
-8
-6
-2
4
12
13
0
-13
-12
3
15
10
4
1
-3
-6
-10
-2
10
16
14
6
0
-4
-4
3
9
13
8
-5
-10
-7
-1
7
6
1
0
-4
-8
-9
0
6
4
-3
-6
-3
-3
-3
-1
5
11
4
-5
-13
-14
-3
3
3
2
3
7
0
-6
-5
0
7
7
9
4
-5
-13
-12
-5
5
9
0
-7
-10
-4
1
8
10
4
-1
-3
-3
0
0
-7
-5
1
4
3
-4
-2
7
12
8
-2
-4
-4
-2
-2
0
5
2
-2
-7
-7
3
6
4
1
2
3
0
-3
-2
1
5
4
3
3
-4
-8
-3
6
9
1
-7
-8
1
3
0
-1
5
8
2
-7
-12
-6
3
3
-2
-3
-1
-3
-7
-5
1
5
6
-2
-6
2
5
5
2
-1
-2
-6
-5
-4
0
-1
1
2
5
2
-5
-5
4
8
6
-1
-6
-4
-3
-1
-1
2
6
5
1
1
2
2
0
-3
0
4
0
-6
-10
-2
7
7
1
-4
-5
-4
-2
3
9
3
-2
-2
2
1
-5
-4
5
9
7
-3
-10
-3
3
4
2
1
-2
-5
-6
-3
4
