1
1
0
2
2
1
-1
0
-3
-2
1
0
-1
-3
-1
-2
-3
-3
0
0
-2
-3
-2
-1
2
0
-1
1
0
0
1
2
1
2
2
0
1
2
-3
0
-1
1
2
3
3
1
4
0
-1
0
1
0
3
0
-4
0
0
1
2
-1
2
3
1
0
3
3
1
1
1
1
0
-1
0
-1
0
-1
0
0
1
0
1
-1
-2
-1
0
3
0
1
1
0
-3
-4
-3
-3
-3
-2
-2
-2
-1
-3
-3
0
-2
-3
-2
-5
0
-1
-3
-1
1
2
1
2
0
0
-2
-1
0
1
3
1
2
5
5
5
3
4
-1
-2
0
1
-1
-2
1
2
3
5
3
-2
-1
0
0
0
1
3
1
2
3
0
-5
-4
-3
-1
-2
3
4
2
0
-3
0
0
-2
-2
-6
-5
1
3
4
3
0
0
-4
-4
-3
-1
0
4
2
2
1
2
-1
-3
-2
-1
0
-1
-1
-2
-2
-2
-4
-7
-4
0
2
1
1
3
3
3
2
3
2
2
2
0
2
1
-2
0
3
0
0
1
-1
-1
-4
0
1
2
2
1
1
1
0
-1
-2
-3
-1
3
3
6
3
1
-2
-4
2
0
0
1
-1
3
3
-1
-4
-4
-5
-1
1
-4
1
2
1
2
3
1
1
2
0
1
-3
-5
0
-1
-5
-2
-1
1
2
-1
1
-3
-5
-1
0
1
-1
1
-1
1
2
2
-1
-1
-2
0
5
6
5
3
1
-1
-2
1
-2
-5
-4
-3
-1
0
1
1
-4
-5
-1
-1
0
2
5
8
5
6
3
2
5
4
-2
-3
-3
-5
-4
-4
2
1
-3
-7
-8
-5
-3
4
1
-2
-1
3
0
0
-2
2
3
6
5
1
4
2
8
0
0
1
-3
-3
-6
-2
-4
-5
-2
1
4
2
-1
-4
-10
-3
4
3
6
7
6
5
-1
-2
-4
-6
-1
-1
-2
-2
2
0
-1
-2
3
0
-6
-5
-5
4
8
4
6
2
2
-1
-1
-3
-5
-2
1
2
0
-1
4
1
-2
-2
-5
-4
-6
-5
-6
0
6
2
4
4
0
1
3
3
4
4
3
1
4
2
2
7
4
7
7
2
-8
-8
-3
-11
-7
-6
-1
-3
3
-5
-21
-15
-14
1
0
2
-3
-8
13
17
28
16
5
-6
-32
-42
-32
-14
5
27
25
-8
-4
20
-5
-22
16
59
47
-8
-31
-32
-9
4
37
36
8
-2
-11
-15
18
49
16
-18
-15
-5
9
-19
-16
-32
-19
-10
-38
-26
-7
27
-19
-55
-20
26
36
48
75
42
-14
-22
-23
11
30
44
20
31
-20
-33
-65
-82
0
8
4
4
-16
-46
-62
21
7
11
8
3
51
22
45
-1
-72
-26
17
13
-37
-8
52
42
-3
9
37
44
10
-28
-28
-55
-20
-11
-16
14
74
98
8
-30
-35
-63
-43
-44
-10
15
56
99
99
9
-58
-56
-75
-89
-84
-24
49
91
95
54
1
21
-94
-76
22
44
9
12
47
5
-8
-43
-35
-34
-28
21
46
-6
7
8
9
3
32
29
32
-38
-32
1
-37
-57
-114
36
87
66
44
-75
-47
-15
50
38
53
-64
-119
-32
26
44
80
50
-40
-182
-23
72
36
-25
-10
-4
-33
131
-7
-71
-61
34
93
76
33
32
-25
6
27
16
96
74
3
-8
-42
-30
-162
-44
170
128
-66
-221
-22
-28
-72
-65
62
61
-31
96
16
-194
-183
90
47
45
75
-12
36
43
101
-6
-97
-35
59
20
-144
-174
33
73
181
117
123
7
76
85
-7
-77
-183
-257
-54
344
303
-85
-188
-23
83
-59
-195
-132
1
99
31
-54
-90
67
73
-48
0
54
96
-233
-202
-21
113
139
103
35
-155
108
148
-56
-168
-11
53
-60
30
98
7
-13
99
-18
-169
62
75
-83
-86
35
83
140
117
-165
49
30
-25
-199
-145
18
137
215
32
-18
-104
-125
-70
14
-66
50
192
17
-165
-95
-5
-20
88
159
95
-46
-45
-88
-47
-42
183
32
-246
19
75
63
50
-89
-34
42
204
37
-180
-268
-9
214
75
27
-29
22
0
-21
5
-157
-93
48
311
68
80
22
-86
-117
-39
-175
-108
30
-61
132
212
-8
-242
-87
-79
113
-17
86
55
20
39
-230
15
24
89
26
13
35
189
141
-128
-114
19
88
-141
-201
-55
39
119
-15
8
-58
128
31
-136
-137
-107
135
181
12
-96
-8
27
167
64
-89
-159
61
188
138
123
-35
-14
30
-197
-279
-291
3
241
205
22
18
10
124
-73
-249
-141
17
150
109
-99
-101
-49
67
195
235
135
-167
-127
-136
-39
-83
110
39
60
72
-89
-150
-104
27
67
89
-48
-86
-146
37
196
45
-50
33
65
-50
99
32
-199
-17
75
184
62
-110
-171
-177
-7
13
122
21
-25
90
43
90
-22
-162
-38
-3
-27
-8
171
98
-1
-23
-123
13
-62
-64
84
74
-72
58
25
-87
-148
75
96
-69
5
46
2
-31
79
138
-20
-47
-57
-126
-31
178
-26
-120
88
35
-48
5
27
-71
-4
79
-52
-113
47
111
2
-107
63
152
126
-121
10
-7
3
89
-140
-140
-179
-45
165
126
70
70
-23
-78
-76
125
-116
-110
97
157
56
-53
-171
49
-69
-176
132
60
-69
-88
100
96
146
37
32
-127
-145
-94
19
-15
-4
209
-11
36
-5
-58
-6
-123
-78
15
75
-78
130
130
-79
64
43
133
-138
-224
-120
12
123
-1
141
126
39
-98
-72
-22
-57
-105
-35
111
173
129
1
-150
47
-98
-185
-100
43
251
42
63
18
38
-98
-168
10
-3
67
-28
-102
-16
145
41
-61
105
-9
-29
77
55
26
-271
-404
-51
385
257
-14
102
45
-46
-186
12
-201
-172
32
82
266
119
84
-46
-7
-95
-186
-92
32
17
65
51
-90
82
96
-65
-48
108
-28
-40
-87
-166
-35
223
141
-6
2
-25
-82
-19
-102
3
87
121
20
-31
-75
-43
105
-41
-38
-74
-64
-30
180
136
56
44
40
-130
-241
17
70
-77
33
31
-79
182
235
93
-263
-254
14
18
65
35
89
-43
7
20
-84
-116
46
53
59
-20
-148
-62
185
129
-38
-26
-101
90
40
-96
-236
-75
303
90
-23
6
76
-37
-89
-33
-94
-43
169
-53
17
-88
16
192
235
-25
-334
-146
-77
181
79
48
90
-25
-155
-166
55
224
75
-114
-59
-50
90
89
63
-180
-191
84
-63
78
126
76
-56
-37
-12
184
-41
-171
-8
-217
95
172
188
-48
-102
107
-7
-35
-218
-207
192
159
-9
50
73
11
-102
-47
-124
82
155
-37
-97
-155
92
7
17
77
-33
34
103
95
-144
-336
-11
200
102
27
-76
-196
131
300
14
-135
-103
-162
115
-133
-129
274
227
-169
23
281
-11
-307
-260
-96
80
237
252
-111
54
-86
-42
-20
-150
39
64
49
25
57
-141
0
15
118
71
-193
-36
103
91
-106
-98
71
26
-15
70
75
34
-215
-85
-13
-226
192
228
90
34
-103
-88
8
-13
-93
-144
28
199
156
-45
-93
36
72
-49
-35
-80
-150
238
135
-129
-102
31
109
-59
-61
46
67
-155
149
-11
-123
-86
209
43
-96
35
-55
123
-95
-103
-40
196
94
9
-144
-8
84
18
-118
-132
108
112
-40
-231
-10
72
176
30
-130
-39
50
112
-102
-108
-59
32
-6
27
176
184
66
-11
-157
-163
-161
3
130
-39
20
125
216
-30
-229
-65
115
-62
-240
-23
360
34
0
-19
-108
98
39
97
-184
-128
101
-44
58
65
14
-144
97
-95
-61
49
1
-37
-135
168
4
-61
47
194
115
-78
-31
-126
-13
32
160
-21
-133
76
92
96
-17
-138
-133
-208
-255
-8
204
200
194
11
43
-28
-27
-170
-146
-180
194
262
12
157
-29
29
-79
-1
-133
-365
-39
265
28
-97
12
8
65
-139
-2
120
54
9
-19
109
51
6
-172
-14
223
16
-197
-185
-115
309
303
-38
-122
-24
81
-1
-156
-77
-20
18
-27
19
-13
130
-68
-137
-136
5
-44
75
273
86
105
0
-116
-261
89
386
120
-230
-257
146
249
-219
-279
21
166
51
120
15
-86
-62
29
-26
5
-84
-160
-33
28
93
-52
-115
-172
372
307
-187
-203
-124
242
-93
-22
-57
111
207
-29
25
-180
56
33
36
-136
15
286
-277
-161
149
167
29
130
70
-357
-305
29
298
172
-72
41
24
-143
-75
25
39
-78
33
61
-77
-56
74
95
-62
0
35
162
31
-228
10
95
7
-261
-277
113
201
112
171
98
-115
-116
-56
-2
-47
-41
162
112
-184
-54
64
13
-57
-125
46
7
204
-58
170
-5
-137
-199
-45
192
-102
77
54
-11
44
-120
63
-12
-51
100
11
-16
-24
60
-67
-10
24
-201
80
130
103
30
-38
28
-143
-102
-56
83
49
168
136
-194
-258
200
2
-172
5
72
67
91
-41
-90
-22
21
55
-162
-79
300
176
-245
-136
-38
146
-39
-68
237
36
-18
-179
3
-75
175
-57
86
-42
47
26
-117
-53
-107
-73
237
147
-192
12
-12
182
-62
-188
-65
60
272
293
-285
-248
39
95
-129
-55
52
-22
59
178
120
-37
25
27
-180
-124
-200
203
48
-135
-102
81
135
67
187
56
-197
-151
-30
101
71
107
-44
-318
-248
-118
241
178
336
-147
35
72
-71
-30
76
-234
-252
1
118
153
107
101
53
-227
-154
63
26
258
66
-216
-292
-180
260
147
-97
23
71
147
-135
128
-52
-40
39
7
84
-107
-140
-200
198
250
-254
-109
84
267
109
-160
-177
-51
74
38
-269
-171
115
319
22
94
19
78
-30
-50
7
-217
-123
180
342
106
-250
-345
295
-79
-146
-4
165
212
87
-84
-383
-80
138
-92
-228
25
357
281
-321
-160
398
59
-349
80
120
172
-139
-145
64
1
141
-74
0
-32
-25
82
-31
41
7
93
-28
-203
-22
117
-155
-39
80
111
-59
-141
31
67
398
-29
-228
-208
-324
32
208
274
-68
-206
12
-57
-45
-90
-131
-180
-22
135
112
284
123
-258
-214
-94
-358
-66
56
129
91
243
2
25
86
293
-119
104
25
-216
115
-341
-108
-70
97
568
203
29
-267
-12
242
14
150
-113
-227
20
186
198
-76
-75
214
92
-8
-79
223
-61
163
128
82
-107
-61
-167
-178
331
75
-419
-96
511
400
102
-436
-400
174
85
192
-209
22
18
123
-110
-606
-65
275
27
-112
-47
-56
-102
220
109
-451
-209
-14
89
24
-10
-158
-128
-365
49
120
194
-64
-67
136
18
196
-114
-303
-126
16
98
173
-32
-285
-166
-89
-44
103
161
182
208
104
190
266
24
-333
-260
-299
-361
229
545
344
-103
-40
174
118
-2
-95
151
7
-153
27
69
62
101
353
-38
-52
-97
-65
135
-63
-95
-53
-95
-128
247
150
161
82
-104
57
32
-275
-62
-136
83
93
-50
-139
-239
147
-142
-147
-375
215
74
-46
334
-4
232
63
-19
16
31
-270
-172
150
65
-220
-313
-29
-7
150
101
-111
264
340
-90
-185
124
92
-236
-99
-291
12
341
-306
-40
405
341
-79
-211
-176
-157
-201
-31
34
3
308
310
42
-185
-118
-201
-72
73
5
226
44
133
76
-192
-65
74
440
183
-60
-100
3
-100
-176
-219
-173
-36
60
35
-156
41
-172
203
-64
187
-226
-134
283
45
-12
-188
22
-233
80
441
-112
-116
-74
5
85
200
-229
-140
402
355
164
221
-84
-96
88
-145
-16
4
-148
124
63
-251
-317
-405
142
155
-175
-473
-134
297
336
35
-27
-299
31
30
-192
277
275
-92
-384
71
84
271
108
130
214
-354
-12
-126
-56
78
524
183
-70
-40
37
51
-373
-370
100
183
16
346
-205
247
57
-97
-144
-412
-462
-40
506
71
-379
114
151
278
18
104
18
-208
105
-56
-177
-198
237
80
329
151
-282
-365
201
307
199
-342
-644
197
261
343
-303
-142
-146
-99
90
118
173
160
49
-242
-19
-363
-84
-20
49
117
92
-75
-175
79
22
116
-138
-112
-32
106
245
-113
82
-152
110
5
14
-30
244
-15
136
-69
-63
6
225
50
-173
69
-125
568
-148
-84
-14
105
-43
-92
-238
-81
-98
245
422
72
-6
-382
-95
-37
-81
-151
30
366
-183
-190
-77
8
15
-162
-172
-237
89
212
240
86
33
109
-294
-377
-103
166
198
207
-147
-233
-17
122
-205
-304
77
-363
140
501
661
-71
-120
28
-56
192
-43
105
-209
-61
111
269
41
255
281
-36
-766
-279
121
272
-148
246
-67
-113
-54
272
176
73
-143
-581
-103
302
277
171
275
126
-455
-281
-141
-44
487
94
1
-125
76
-30
-84
-204
-43
226
-59
-652
95
-86
279
-194
-138
66
550
-69
-481
297
-46
-464
-27
60
44
57
219
175
-152
140
-180
-268
-205
114
82
74
45
396
-49
-414
-213
99
485
-23
-338
250
-12
242
10
194
-6
194
247
-102
-362
-602
-42
6
-37
396
470
-122
261
548
-340
-345
-263
4
3
78
-354
-391
194
65
55
105
-14
-136
-2
-77
-243
-75
22
-54
239
636
135
-46
70
-57
-129
275
-153
-566
274
302
-270
-292
81
270
300
-140
-220
-260
-180
316
13
181
-128
-117
59
-140
268
-21
-196
244
348
-239
-281
343
448
-212
-183
-15
-166
-428
-281
-86
-9
-49
402
-47
-70
30
-6
62
93
390
95
-246
-65
174
-359
-26
144
162
244
31
-125
-463
-256
206
454
153
-274
-101
-99
30
108
265
-20
-363
40
291
91
296
18
-269
-190
-66
-172
114
18
46
154
-45
81
-63
226
-26
-412
-207
-234
-478
96
223
158
136
109
33
-24
25
-49
-17
143
231
-62
-27
249
61
-116
-185
3
15
79
83
18
35
-64
-171
-97
40
78
142
24
134
189
184
-101
-163
-153
-177
33
102
154
111
-109
-231
-164
-31
-161
-62
-204
8
135
249
-218
-35
-139
-152
59
2
-69
-83
-35
59
68
-31
39
267
-54
-127
-106
-193
-9
45
174
197
222
140
-12
-208
-3
99
132
140
363
126
-36
-61
75
-32
-59
-238
-146
57
4
82
-4
-72
169
95
94
-29
83
248
42
-192
-209
-133
-92
101
68
-79
-43
-66
-26
59
111
-19
-152
-86
-249
-130
-28
-153
-83
2
25
-24
-170
-40
-71
-295
-164
-103
27
148
222
58
120
272
78
-13
-24
125
89
-57
-113
44
130
70
195
189
126
53
77
46
-124
97
164
71
173
257
36
-91
-81
-102
-243
-168
74
-57
-58
49
75
11
-83
-136
-127
-163
-80
-66
-94
-2
-80
-129
-113
0
37
-111
-130
-23
-21
-137
-58
-10
-116
-75
13
-37
-57
-43
-19
13
-20
-46
-93
-100
64
115
-16
35
95
75
147
225
245
311
288
314
324
316
349
364
331
295
419
444
409
372
301
388
347
233
201
222
174
161
258
115
60
18
-91
-224
-354
-440
-563
-615
-765
-898
-1022
-1209
-1368
-1604
-1802
-1913
-2030
-2101
-2065
-1844
-1585
-1258
-877
-384
119
573
966
1173
1410
1532
1576
1490
1520
1527
1435
1428
1455
1480
1515
1497
1539
1417
1424
1380
1246
1148
1050
1017
967
981
969
1075
1109
1003
942
965
853
690
639
616
438
179
93
73
-617
-1639
-2421
-2844
-3681
-5072
-5871
-5905
-6098
-6318
-5633
-4416
-3638
-2766
-1217
200
988
1506
2078
2464
2502
2392
2246
2052
1889
1740
1772
1821
1835
1725
1630
1485
1303
944
411
-60
-280
-545
-891
-773
-476
-280
179
953
1502
1777
2286
2666
2644
2602
2632
2485
2239
2222
2156
2016
1902
1763
1540
1315
1044
606
183
-160
-483
-817
-1000
-1279
-2202
-3217
-3656
-3974
-5080
-6223
-6541
-6427
-6565
-6219
-5171
-4147
-3365
-1996
-373
785
1439
2119
2680
2928
2919
2729
2388
2062
1879
1769
1532
1315
1210
1219
994
785
700
507
-128
-584
-515
-638
-1059
-1073
-594
-253
185
921
1599
2022
2599
3072
3319
3382
3332
3023
2897
2843
2636
2334
2195
1918
1673
1603
1408
844
526
368
12
-378
-428
-682
-1720
-2892
-3582
-4053
-5189
-6603
-7253
-7241
-7297
-7140
-6166
-4922
-3918
-2600
-801
695
1582
2276
2943
3279
3325
3051
2635
2265
2052
1759
1517
1365
1251
1086
1125
1136
869
444
110
-439
-1373
-1857
-1832
-2036
-2462
-1935
-702
152
849
2127
3315
3834
4221
4722
4635
4007
3475
3126
2684
2183
1851
1703
1677
1570
1525
1567
1398
910
570
359
-103
-610
-1113
-2297
-3790
-4440
-4775
-6146
-7600
-7768
-7348
-7356
-6878
-5540
-4217
-3265
-1786
33
1340
1974
2567
3196
3566
3520
3262
2868
2460
2182
2010
1683
1279
1067
944
777
589
309
-189
-690
-1108
-1407
-1627
-1752
-2012
-1901
-1173
-322
187
938
2048
2863
3336
3943
4300
4039
3709
3612
3339
2756
2279
2016
1820
1665
1463
1305
1192
1051
722
515
316
-5
-379
-459
-1062
-2503
-3747
-4090
-4831
-6574
-7762
-7626
-7433
-7629
-6930
-5379
-4091
-3047
-1219
715
1895
2504
3303
3901
4054
3773
3383
2869
2436
2056
1753
1418
1125
884
816
777
620
227
-164
-514
-982
-1549
-1873
-2028
-2181
-2213
-1573
-646
93
746
1816
2947
3589
3884
4296
4416
4024
3542
3381
2984
2321
1966
1857
1569
1253
1250
1222
953
679
567
374
166
-133
-191
-791
-2176
-3612
-4054
-4837
-6682
-8086
-7919
-7815
-8046
-7284
-5562
-4335
-3238
-1248
769
1955
2640
3469
4047
4224
3923
3441
2876
2519
2060
1766
1480
1246
989
985
933
745
276
-221
-739
-1177
-1769
-2170
-2259
-2235
-2200
-1581
-668
130
965
2081
2881
3442
4039
4395
4242
4050
3817
3327
2877
2585
2163
1753
1638
1487
1220
1088
996
749
478
281
31
-134
-206
-607
-1789
-3113
-3895
-4463
-5925
-7558
-8073
-7797
-7970
-7809
-6431
-4806
-3771
-2193
126
1822
2560
3343
4215
4486
4213
3768
3248
2713
2273
1804
1363
1037
831
695
680
595
332
-44
-418
-859
-1314
-1755
-2087
-2251
-2188
-1843
-1139
-426
291
1225
2371
3092
3593
4135
4443
4239
4021
3802
3221
2516
2190
1943
1506
1194
1124
998
818
769
674
514
388
268
154
135
-196
-1423
-2806
-3502
-4104
-5754
-7520
-8075
-7920
-8124
-7927
-6616
-5040
-3908
-2283
-32
1706
2532
3266
4063
4404
4206
3683
3006
2495
2174
1781
1285
1040
1017
979
930
876
630
110
-355
-689
-1193
-1930
-2360
-2371
-2233
-1994
-1267
-433
302
1197
2396
3248
3614
4004
4425
4418
4044
3692
3303
2751
2227
2019
1752
1339
1031
1066
1027
797
658
582
381
65
17
97
-140
-1381
-2713
-3481
-3949
-5588
-7284
-8001
-7947
-8305
-8071
-6855
-5403
-4381
-2700
-442
1410
2366
3194
4098
4568
4452
3896
3251
2598
2136
1697
1268
856
699
689
813
764
620
306
3
-335
-683
-1246
-2050
-2485
-2286
-1959
-1745
-1110
86
1046
1969
3140
4071
4243
4440
4755
4551
3805
3261
2666
2017
1559
1306
878
739
896
902
815
947
945
691
585
518
256
138
-353
-1873
-3235
-3690
-4425
-6448
-7800
-7881
-7943
-8264
-7622
-6187
-5007
-3862
-1934
118
1531
2327
3136
3956
4274
4082
3551
2998
2566
2251
1849
1282
1010
1049
964
829
832
684
222
-189
-417
-1005
-1623
-1834
-1850
-1914
-1707
-964
-214
430
1342
2395
3141
3569
3947
4329
4199
3802
3407
3073
2563
1962
1656
1446
1132
952
926
842
570
493
556
331
-1
-116
-24
-84
-893
-2199
-3159
-3540
-4619
-6650
-7832
-7811
-8015
-8421
-7636
-5960
-4833
-3607
-1401
750
1961
2779
3804
4554
4622
4262
3614
3022
2586
2089
1492
1014
899
847
761
825
901
711
378
167
-51
-619
-1127
-1341
-1499
-1718
-1652
-1179
-578
-4
708
1501
2249
2861
3361
3830
4079
3993
3726
3529
3160
2553
1924
1512
1081
714
431
203
17
63
152
85
82
266
452
519
295
-815
-2188
-3000
-3755
-5691
-7593
-8182
-8261
-8745
-8430
-6975
-5487
-4259
-2268
126
1840
2803
3668
4489
4788
4419
3712
3024
2449
1928
1469
1085
780
767
974
1082
1043
1004
809
366
-98
-541
-1243
-1897
-2202
-2289
-2210
-1699
-860
-27
930
2151
3113
3755
4286
4638
4569
4250
3792
3108
2380
1817
1206
730
540
454
301
355
515
520
546
648
484
226
226
233
-89
-1111
-2396
-3285
-3661
-4909
-6729
-7492
-7221
-7595
-7824
-6711
-5149
-4411
-3161
-978
824
1705
2548
3510
4077
4140
3803
3276
2861
2543
2031
1579
1261
1088
927
978
938
737
425
168
-105
-437
-911
-1328
-1528
-1568
-1540
-1232
-655
-260
174
1105
2117
2484
2751
3509
4000
3812
3704
3820
3368
2593
2236
1984
1318
720
477
302
-4
-137
-82
3
-26
47
254
416
402
339
-374
-1689
-2670
-3185
-4697
-6882
-7857
-7789
-8268
-8601
-7466
-5897
-4824
-3224
-730
1170
2221
3209
4269
4708
4599
4008
3294
2679
2250
1636
1088
753
719
791
972
1038
1008
866
674
362
-84
-710
-1355
-1844
-2047
-1971
-1700
-1315
-570
545
1630
2496
3352
4089
4432
4548
4487
4100
3421
2771
2036
1263
608
180
-160
-265
-174
-89
-9
217
467
542
571
538
470
474
366
-588
-1974
-2741
-3212
-4695
-6553
-7203
-7116
-7546
-7786
-6765
-5406
-4516
-3274
-1212
551
1480
2222
3158
3824
3885
3510
3088
2769
2426
1964
1575
1341
1236
1172
1225
1268
1216
915
591
326
-57
-753
-1295
-1492
-1654
-1769
-1478
-988
-541
112
1101
2007
2631
3107
3609
3981
3999
3707
3433
3069
2435
1845
1467
980
417
214
188
-62
-257
-104
98
75
129
347
486
458
479
157
-1013
-2220
-2822
-3625
-5571
-7104
-7383
-7488
-8168
-7815
-6487
-5294
-4372
-2382
-282
1088
1972
3155
3980
4257
4115
3753
3202
2778
2361
1810
1371
1144
1089
1089
1222
1166
1067
945
792
405
-30
-559
-1072
-1486
-1664
-1682
-1484
-1170
-717
104
1131
1874
2370
3056
3736
3957
3866
3776
3485
2914
2362
1831
1173
503
157
-65
-262
-413
-393
-244
25
204
362
519
635
646
809
600
-651
-2011
-2563
-3226
-5182
-6951
-7330
-7447
-8111
-7948
-6702
-5566
-4698
-2869
-705
733
1652
2772
3748
4197
4187
3819
3301
2971
2621
2040
1523
1231
1159
1198
1289
1228
1163
1127
903
524
108
-432
-1023
-1393
-1572
-1695
-1600
-1200
-688
35
915
1648
2222
2935
3561
3689
3608
3576
3335
2820
2290
1783
1153
576
299
111
-149
-304
-198
5
68
166
366
478
442
553
825
719
-199
-1353
-2073
-2642
-3958
-5769
-6809
-7093
-7476
-7848
-7331
-6271
-5325
-4129
-2206
-402
778
1697
2852
3738
4036
3846
3521
3202
2927
2480
1958
1551
1385
1287
1325
1415
1315
1111
1051
933
477
-53
-452
-831
-1250
-1455
-1448
-1277
-973
-509
60
724
1352
1892
2459
3037
3340
3399
3467
3451
3130
2602
2123
1617
1048
591
296
-42
-355
-459
-326
-238
-146
30
332
511
643
862
929
86
-1199
-1968
-2449
-4046
-6131
-7083
-7230
-7941
-8444
-7642
-6421
-5590
-4222
-2050
-277
873
2034
3273
4012
4283
4129
3710
3301
3009
2484
1820
1379
1262
1243
1323
1419
1415
1348
1291
1116
711
130
-486
-1022
-1429
-1756
-1945
-1843
-1467
-891
-75
883
1749
2504
3305
3957
4231
4205
4023
3626
3040
2318
1528
706
123
-284
-573
-779
-713
-552
-274
-13
284
470
768
840
759
747
791
-110
-1585
-2356
-2703
-4210
-6224
-6899
-6803
-7396
-7888
-7038
-5886
-5152
-4022
-2072
-510
523
1554
2696
3377
3733
3737
3467
3153
3055
2738
2205
1843
1809
1696
1551
1546
1510
1264
1074
958
556
-75
-479
-745
-1130
-1453
-1414
-1228
-994
-533
191
860
1401
1995
2682
3147
3251
3247
3246
3049
2592
2101
1592
1021
499
186
-86
-341
-471
-415
-255
-62
138
347
595
770
790
832
970
668
-409
-1522
-2066
-2806
-4557
-6197
-6775
-7055
-7807
-7984
-7170
-6215
-5460
-3958
-2006
-453
632
1853
3041
3858
4203
4123
3818
3682
3524
3001
2346
1965
1785
1563
1432
1337
1202
1050
1015
851
438
-79
-451
-843
-1283
-1631
-1757
-1707
-1402
-878
-240
494
1380
2180
2887
3565
3983
3970
3862
3739
3262
2443
1736
1067
421
-62
-362
-699
-842
-627
-322
-130
96
344
613
712
668
591
599
-101
-1495
-2361
-2652
-3793
-5770
-6743
-6776
-7191
-7668
-7123
-6095
-5278
-4175
-2390
-815
358
1334
2419
3295
3817
3798
3505
3329
3241
2887
2393
2005
1818
1747
1737
1678
1518
1406
1263
1012
627
187
-353
-811
-1168
-1375
-1552
-1533
-1317
-878
-312
349
1015
1660
2301
2899
3299
3500
3555
3463
3174
2739
2201
1584
996
504
57
-298
-494
-532
-540
-395
-205
14
202
419
455
467
554
494
-278
-1342
-2043
-2571
-3835
-5529
-6449
-6698
-7188
-7659
-7219
-6283
-5490
-4383
-2591
-958
196
1286
2527
3411
3888
3970
3795
3555
3423
3045
2485
2063
1897
1704
1603
1575
1472
1302
1260
1149
812
329
-104
-527
-947
-1371
-1587
-1570
-1455
-1201
-551
226
782
1416
2385
3076
3308
3583
3856
3646
3182
2883
2325
1468
769
359
-185
-644
-820
-841
-846
-667
-474
-248
68
337
400
480
621
544
170
-625
-1556
-2268
-2935
-4363
-5800
-6289
-6397
-7052
-7215
-6388
-5466
-4841
-3491
-1717
-444
476
1609
2718
3360
3620
3554
3427
3412
3251
2728
2312
2171
2054
1823
1773
1704
1520
1319
1220
957
475
-61
-454
-810
-1188
-1483
-1489
-1411
-1203
-675
10
425
907
1781
2457
2640
2929
3366
3326
3006
2946
2698
1942
1335
1008
502
-155
-460
-601
-753
-773
-667
-562
-321
5
208
316
511
606
532
207
-593
-1518
-2170
-2969
-4500
-5786
-6222
-6494
-7113
-7066
-6283
-5395
-4595
-3179
-1631
-340
670
1813
2770
3436
3700
3698
3578
3515
3253
2678
2209
2012
1842
1524
1432
1453
1408
1242
1176
1017
687
227
-159
-528
-902
-1213
-1312
-1298
-1194
-864
-329
237
802
1492
2214
2777
3118
3350
3488
3369
2979
2483
1902
1217
568
12
-493
-843
-980
-1020
-928
-723
-492
-237
120
446
546
569
649
702
224
-819
-1706
-2190
-3105
-4672
-5766
-6029
-6359
-6866
-6653
-5819
-5057
-4284
-2848
-1321
-173
715
1771
2687
3278
3452
3330
3198
3227
3022
2492
2129
2079
1963
1730
1723
1730
1597
1409
1350
1138
753
286
-121
-533
-877
-1162
-1325
-1319
-1127
-774
-279
232
681
1275
1929
2343
2501
2760
2949
2784
2481
2241
1857
1270
767
378
-30
-371
-589
-698
-712
-621
-588
-386
-59
225
263
388
582
681
350
-457
-1303
-1860
-2568
-3996
-5225
-5723
-5961
-6569
-6584
-5970
-5242
-4602
-3307
-1817
-638
294
1407
2411
3108
3424
3411
3343
3378
3249
2721
2274
2085
1976
1736
1635
1569
1513
1360
1297
1159
915
433
9
-291
-582
-1019
-1282
-1330
-1312
-1170
-747
-292
102
713
1475
2000
2350
2800
3088
3038
2898
2726
2256
1658
1167
672
56
-388
-640
-821
-907
-821
-695
-468
-101
189
352
510
716
748
580
-95
-981
-1705
-2282
-3559
-4959
-5707
-5939
-6512
-6757
-6266
-5494
-4874
-3785
-2251
-914
91
1106
2198
2995
3431
3470
3442
3385
3261
2808
2408
2125
1972
1790
1727
1641
1578
1541
1483
1300
1029
629
140
-242
-596
-1043
-1413
-1502
-1469
-1332
-968
-471
-12
534
1258
1931
2347
2595
2868
3061
2970
2620
2248
1828
1279
687
185
-274
-651
-845
-891
-869
-782
-567
-246
103
363
549
690
854
952
720
-97
-1024
-1574
-2237
-3665
-5088
-5646
-5908
-6510
-6731
-6138
-5452
-4876
-3721
-2135
-948
-72
1025
2176
2940
3336
3426
3362
3385
3353
2940
2455
2265
2168
1994
1915
1844
1650
1525
1487
1247
808
390
-26
-463
-833
-1174
-1481
-1591
-1497
-1323
-967
-424
101
629
1401
2136
2500
2720
3089
3207
2857
2465
2220
1732
1025
492
106
-347
-689
-805
-838
-850
-726
-503
-185
162
365
471
624
761
668
345
-418
-1274
-1891
-2488
-3808
-5065
-5558
-5711
-6235
-6366
-5843
-5145
-4475
-3329
-1949
-853
104
1125
2193
2913
3317
3334
3406
3461
3390
2940
2581
2327
2197
1996
1861
1666
1509
1407
1306
1100
768
392
6
-326
-683
-1040
-1347
-1447
-1428
-1244
-944
-503
-24
520
1126
1755
2185
2416
2580
2785
2733
2366
1976
1676
1233
704
309
-26
-367
-577
-598
-628
-615
-461
-248
-7
275
422
510
583
712
549
-153
-984
-1616
-2147
-3281
-4654
-5433
-5737
-6148
-6457
-6208
-5506
-4864
-3863
-2513
-1181
-141
808
1942
2905
3441
3511
3529
3631
3574
3149
2697
2363
2203
1991
1860
1675
1533
1477
1424
1229
883
491
109
-303
-730
-1136
-1451
-1629
-1696
-1481
-1123
-744
-287
435
1227
1817
2285
2765
3088
3221
3166
2907
2437
1943
1461
860
233
-297
-685
-932
-1029
-1075
-1052
-885
-567
-272
19
288
469
504
576
622
183
-735
-1496
-1904
-2762
-4108
-5124
-5425
-5761
-6136
-6051
-5448
-4821
-3999
-2780
-1481
-445
461
1453
2344
3018
3252
3269
3255
3371
3179
2808
2503
2420
2234
2075
2018
1949
1748
1561
1399
1089
644
136
-308
-748
-1121
-1469
-1599
-1610
-1454
-1156
-676
-232
282
925
1601
1982
2228
2537
2808
2753
2446
2177
1876
1443
935
495
15
-399
-633
-677
-806
-896
-853
-622
-388
-186
-15
235
469
588
643
680
341
-472
-1160
-1585
-2426
-3799
-4755
-5104
-5513
-6027
-6002
-5541
-4984
-4187
-2986
-1818
-779
289
1370
2247
2891
3237
3311
3375
3460
3292
2848
2521
2383
2234
2003
1860
1722
1555
1415
1284
988
516
72
-316
-733
-1194
-1522
-1708
-1774
-1676
-1329
-857
-337
288
1043
1783
2341
2743
3041
3251
3191
2866
2461
2072
1532
877
312
-145
-589
-927
-1064
-1108
-1076
-954
-718
-430
-98
181
375
459
539
609
502
-145
-1014
-1540
-1961
-3013
-4305
-4885
-5029
-5466
-5786
-5393
-4785
-4265
-3418
-2151
-1101
-280
601
1542
2252
2700
2858
2896
3014
3093
2864
2539
2416
2365
2202
2053
1995
1859
1649
1477
1284
885
366
-89
-462
-905
-1351
-1605
-1662
-1659
-1485
-1078
-608
-130
534
1274
1827
2225
2621
2922
2992
2835
2515
2167
1808
1290
657
164
-170
-504
-764
-860
-880
-876
-715
-455
-192
14
219
364
477
544
506
98
-657
-1330
-1763
-2460
-3653
-4601
-4963
-5191
-5559
-5521
-5048
-4442
-3771
-2703
-1558
-595
203
1111
1934
2530
2806
2862
2909
2988
2931
2585
2327
2264
2251
2030
1912
1851
1758
1519
1335
1058
665
187
-246
-664
-1075
-1413
-1644
-1679
-1582
-1313
-948
-399
159
784
1398
1989
2349
2638
2865
2890
2628
2291
1992
1558
1020
469
50
-309
-550
-769
-871
-863
-759
-612
-360
-45
199
403
527
609
646
604
44
-813
-1406
-1754
-2687
-3962
-4683
-4874
-5234
-5561
-5321
-4817
-4302
-3513
-2335
-1318
-490
313
1246
2010
2539
2676
2698
2822
2983
2801
2418
2258
2282
2202
1981
1895
1782
1621
1406
1240
868
424
-26
-410
-810
-1137
-1470
-1751
-1727
-1427
-1154
-922
-366
385
1031
1570
2164
2591
2813
2985
3044
2746
2265
1858
1455
905
315
-166
-504
-706
-813
-861
-839
-703
-444
-140
145
356
520
583
586
582
443
-216
-1122
-1666
-2006
-2930
-4186
-4818
-4907
-5159
-5459
-5188
-4620
-4053
-3280
-2145
-1151
-413
364
1271
2005
2392
2544
2609
2773
2862
2728
2427
2334
2367
2310
2142
2051
1978
1788
1526
1235
910
421
-93
-540
-849
-1220
-1527
-1634
-1530
-1367
-1044
-585
-122
376
1027
1644
2009
2300
2588
2742
2642
2426
2068
1652
1221
784
246
-211
-521
-706
-827
-866
-826
-711
-474
-231
24
259
486
556
591
615
568
197
-508
-1216
-1685
-2233
-3292
-4316
-4718
-4785
-5151
-5334
-4919
-4263
-3725
-2901
-1811
-909
-221
584
1446
2044
2347
2455
2614
2839
2904
2654
2473
2524
2552
2397
2260
2181
2022
1790
1518
1171
712
208
-278
-693
-1072
-1437
-1654
-1647
-1485
-1269
-897
-390
143
689
1272
1742
2022
2245
2437
2432
2217
1954
1660
1314
935
567
207
-55
-249
-427
-541
-502
-452
-467
-394
-187
32
150
298
406
418
400
432
83
-723
-1398
-1706
-2379
-3611
-4493
-4728
-4973
-5402
-5363
-4857
-4304
-3686
-2691
-1586
-715
36
902
1776
2357
2591
2667
2860
3051
2983
2704
2573
2599
2539
2387
2269
2130
1878
1624
1353
980
436
-131
-560
-876
-1261
-1645
-1770
-1623
-1377
-1074
-647
-141
447
1068
1586
1932
2211
2409
2473
2401
2204
1854
1466
1156
826
412
43
-156
-312
-457
-511
-475
-457
-435
-342
-197
-50
79
161
175
197
254
186
-259
-942
-1448
-1816
-2562
-3644
-4363
-4600
-4885
-5204
-5060
-4572
-4094
-3425
-2379
-1378
-651
98
994
1770
2246
2474
2624
2850
3021
2909
2680
2619
2618
2476
2319
2230
2057
1769
1509
1252
843
305
-208
-599
-918
-1235
-1496
-1545
-1370
-1104
-807
-384
121
583
1029
1515
1884
2029
2135
2291
2284
2033
1745
1498
1201
849
507
188
-93
-278
-385
-471
-523
-531
-522
-452
-290
-137
-77
-9
111
174
179
79
-370
-1078
-1532
-1860
-2725
-3874
-4415
-4506
-4847
-5174
-4899
-4349
-3870
-3141
-2064
-1109
-398
351
1226
1970
2379
2478
2546
2761
2910
2761
2490
2408
2456
2383
2221
2112
1983
1733
1463
1229
874
328
-166
-485
-828
-1217
-1477
-1458
-1364
-1215
-878
-386
69
517
1046
1558
1862
2078
2234
2269
2197
2007
1741
1405
1132
799
426
142
-52
-282
-400
-425
-464
-542
-431
-278
-281
-200
-2
135
86
66
141
96
-358
-1069
-1614
-1913
-2647
-3753
-4447
-4595
-4836
-5154
-4945
-4390
-3895
-3201
-2128
-1106
-371
338
1185
1906
2337
2466
2518
2701
2868
2741
2465
2424
2523
2447
2285
2209
2082
1835
1596
1370
966
406
-75
-406
-739
-1144
-1446
-1478
-1347
-1199
-955
-543
-83
330
798
1313
1689
1861
1986
2165
2243
2066
1763
1548
1372
1053
646
371
166
-132
-395
-461
-513
-664
-710
-579
-440
-340
-188
6
139
170
197
260
42
-668
-1398
-1719
-2184
-3280
-4305
-4624
-4725
-5004
-5020
-4580
-4022
-3355
-2402
-1401
-609
94
819
1480
1984
2251
2279
2315
2538
2655
2484
2348
2480
2617
2571
2490
2428
2239
1943
1650
1274
685
25
-461
-809
-1189
-1554
-1700
-1588
-1326
-1012
-624
-149
362
878
1383
1767
1933
2014
2150
2199
1994
1680
1427
1205
948
653
358
107
-87
-260
-382
-461
-575
-686
-681
-614
-555
-457
-310
-143
34
141
176
259
188
-397
-1148
-1499
-1902
-2969
-4063
-4435
-4569
-4953
-5058
-4624
-4091
-3515
-2592
-1534
-712
-15
757
1483
2006
2290
2382
2458
2634
2727
2611
2514
2609
2722
2687
2600
2508
2295
1963
1604
1165
557
-109
-658
-1045
-1348
-1616
-1755
-1630
-1296
-902
-448
48
451
838
1357
1762
1799
1764
1935
2036
1846
1617
1478
1287
1040
822
563
230
-74
-272
-405
-556
-760
-899
-855
-708
-614
-526
-299
5
182
265
425
562
289
-437
-1073
-1427
-2085
-3295
-4266
-4574
-4767
-5097
-5044
-4534
-3962
-3299
-2304
-1283
-543
107
827
1464
1905
2136
2167
2234
2481
2623
2541
2540
2717
2836
2855
2854
2722
2390
2007
1603
1034
287
-413
-954
-1386
-1760
-1960
-1909
-1651
-1271
-753
-170
378
925
1477
1881
2102
2247
2311
2252
2127
1936
1637
1353
1138
853
492
206
-29
-296
-530
-691
-843
-946
-969
-965
-927
-752
-523
-334
-133
104
249
359
448
217
-520
-1204
-1595
-2225
-3396
-4321
-4599
-4708
-4926
-4792
-4227
-3581
-2891
-1933
-946
-237
269
826
1401
1795
1931
1935
2038
2318
2569
2635
2669
2848
3037
3059
2952
2730
2336
1813
1297
713
-18
-722
-1194
-1504
-1724
-1752
-1549
-1246
-868
-331
273
720
1016
1373
1755
1933
1858
1801
1844
1833
1656
1452
1272
1119
939
700
388
75
-208
-454
-651
-810
-940
-996
-951
-815
-599
-357
-138
98
297
385
447
410
-96
-961
-1569
-1991
-2860
-3997
-4578
-4677
-4820
-4859
-4407
-3774
-3183
-2406
-1414
-588
-51
390
887
1353
1621
1689
1782
2058
2370
2602
2787
2967
3099
3175
3135
2912
2491
1940
1354
775
147
-567
-1151
-1441
-1527
-1583
-1490
-1159
-695
-222
265
726
1082
1344
1568
1738
1792
1743
1657
1613
1595
1538
1401
1211
1014
834
584
234
-170
-536
-799
-949
-1099
-1270
-1235
-1001
-794
-608
-286
36
252
451
579
586
565
197
-736
-1532
-1838
-2468
-3717
-4462
-4484
-4517
-4641
-4249
-3629
-3177
-2555
-1577
-754
-310
29
516
1026
1385
1546
1627
1942
2401
2806
3020
3184
3337
3375
3286
3018
2540
1877
1211
627
30
-613
-1121
-1376
-1422
-1405
-1220
-890
-528
-157
247
602
795
960
1139
1259
1323
1366
1392
1440
1559
1616
1515
1387
1254
1037
719
383
-43
-518
-837
-983
-1103
-1244
-1231
-1015
-736
-467
-175
139
382
517
579
576
496
226
-430
-1269
-1862
-2284
-3066
-3981
-4364
-4324
-4334
-4249
-3764
-3232
-2779
-2095
-1245
-653
-306
126
614
1051
1442
1719
1932
2290
2784
3113
3251
3338
3329
3170
2929
2576
1978
1278
726
261
-290
-826
-1146
-1248
-1253
-1155
-935
-650
-308
75
424
632
803
1046
1248
1336
1396
1545
1673
1686
1647
1617
1519
1243
924
630
303
-134
-568
-914
-1197
-1350
-1352
-1278
-1188
-967
-609
-261
26
277
474
567
578
567
513
196
-588
-1420
-1871
-2283
-3199
-4066
-4210
-4062
-4128
-4010
-3451
-2944
-2575
-1934
-1166
-670
-350
114
636
1097
1471
1757
2095
2566
2996
3218
3372
3464
3338
3068
2777
2344
1673
995
467
41
-390
-804
-1074
-1100
-995
-918
-775
-473
-175
46
305
568
711
846
1112
1365
1468
1549
1678
1759
1699
1549
1333
1040
703
352
-13
-386
-753
-1053
-1267
-1347
-1319
-1188
-986
-735
-482
-216
56
308
468
527
521
554
596
364
-340
-1118
-1566
-1975
-2830
-3752
-4125
-4116
-4156
-4065
-3646
-3166
-2730
-2079
-1319
-783
-423
29
511
904
1298
1681
2015
2396
2861
3229
3436
3530
3410
3110
2853
2525
1851
1041
490
90
-391
-795
-985
-1062
-1057
-914
-687
-468
-251
-13
233
435
588
749
996
1203
1343
1510
1716
1764
1700
1630
1504
1138
702
342
13
-405
-754
-1019
-1214
-1265
-1142
-1012
-910
-684
-430
-199
37
295
354
397
465
517
484
405
-123
-982
-1562
-1876
-2619
-3655
-4094
-4085
-4150
-4157
-3654
-3137
-2753
-2224
-1403
-842
-529
-168
344
814
1213
1604
2005
2529
2991
3299
3452
3594
3468
3139
2771
2393
1782
1062
492
56
-336
-688
-863
-922
-877
-805
-606
-404
-276
-202
44
316
455
562
842
1173
1377
1561
1712
1769
1687
1623
1443
1085
589
228
-42
-369
-782
-1017
-1059
-1078
-1072
-925
-716
-593
-450
-196
11
121
260
433
443
390
449
481
-20
-871
-1520
-1868
-2558
-3552
-4158
-4171
-4164
-4115
-3681
-3073
-2711
-2211
-1376
-737
-566
-273
326
836
1151
1543
2047
2543
3020
3386
3587
3618
3509
3148
2694
2197
1609
909
398
39
-312
-636
-691
-659
-684
-715
-582
-425
-330
-254
-80
116
337
613
941
1212
1433
1643
1788
1785
1666
1502
1241
876
494
182
-116
-429
-695
-841
-945
-1059
-1093
-972
-824
-731
-617
-437
-230
-34
167
354
530
587
602
640
516
-229
-1204
-1807
-2218
-3123
-4038
-4283
-4131
-4110
-3834
-3161
-2642
-2348
-1767
-992
-606
-479
-136
460
982
1419
1879
2433
2999
3472
3709
3723
3553
3238
2803
2264
1612
965
478
174
-105
-383
-549
-553
-565
-639
-685
-637
-607
-546
-373
-112
133
452
883
1272
1490
1664
1847
1900
1750
1521
1270
987
675
368
70
-207
-417
-604
-749
-920
-1048
-1115
-1032
-947
-839
-681
-411
-160
121
361
556
588
609
627
557
-4
-1008
-1821
-2194
-2704
-3686
-4247
-4101
-3802
-3699
-3228
-2626
-2314
-2032
-1339
-779
-661
-518
69
690
1203
1732
2367
2914
3359
3654
3704
3516
3136
2661
2198
1728
1167
656
469
322
19
-319
-388
-447
-635
-839
-841
-768
-691
-522
-169
186
496
872
1342
1658
1741
1770
1777
1661
1440
1239
962
629
372
231
0
-318
-604
-823
-1021
-1200
-1334
-1371
-1241
-1009
-765
-485
-164
123
425
657
715
613
534
501
342
-156
-1035
-1773
-2136
-2503
-3297
-3816
-3754
-3546
-3468
-3073
-2565
-2379
-2128
-1435
-824
-707
-487
148
835
1344
1860
2395
2833
3219
3490
3468
3200
2864
2476
2041
1648
1258
806
414
164
-24
-257
-504
-745
-878
-883
-822
-755
-579
-271
88
447
797
1117
1383
1568
1645
1628
1609
1529
1349
1140
974
739
456
207
-44
-381
-708
-926
-1119
-1292
-1352
-1284
-1148
-922
-634
-388
-172
97
367
514
570
613
581
472
349
28
-785
-1653
-2028
-2298
-3088
-3826
-3822
-3488
-3391
-3167
-2660
-2327
-2146
-1605
-946
-683
-570
-25
777
1422
1900
2406
2932
3332
3524
3485
3287
2902
2417
1964
1601
1154
671
331
184
-27
-363
-658
-768
-871
-1025
-1035
-801
-520
-262
139
588
901
1154
1454
1587
1562
1587
1625
1462
1290
1225
1111
827
555
269
-49
-355
-614
-961
-1274
-1410
-1396
-1329
-1191
-995
-737
-411
-154
39
222
430
525
618
588
502
443
358
-366
-1334
-1860
-2060
-2855
-3702
-3800
-3487
-3457
-3241
-2596
-2211
-2130
-1724
-1026
-768
-666
-211
615
1277
1849
2376
2920
3268
3438
3387
3173
2732
2211
1799
1521
1156
716
424
275
93
-198
-507
-772
-936
-959
-899
-770
-556
-201
226
649
909
1111
1314
1471
1464
1457
1509
1506
1398
1297
1162
890
566
241
-133
-566
-938
-1231
-1390
-1457
-1433
-1372
-1162
-931
-700
-473
-177
-22
114
293
542
679
769
725
650
618
387
-464
-1496
-2040
-2368
-3078
-3723
-3724
-3451
-3265
-2908
-2333
-2076
-1968
-1639
-1070
-742
-425
70
820
1549
2243
2740
3097
3300
3328
3148
2838
2409
1886
1516
1301
1065
728
499
309
34
-289
-569
-852
-1063
-1055
-897
-659
-358
65
475
835
1061
1190
1248
1322
1388
1426
1427
1396
1365
1299
1097
722
313
-104
-516
-859
-1080
-1306
-1439
-1357
-1193
-1112
-996
-762
-572
-411
-223
-32
92
323
591
821
841
779
674
585
20
-1036
-1984
-2337
-2723
-3409
-3720
-3413
-3128
-2986
-2510
-2082
-2054
-2003
-1439
-962
-669
-196
632
1371
2067
2649
3029
3144
3188
3029
2710
2353
2015
1647
1433
1338
1142
799
473
125
-246
-590
-908
-1142
-1108
-845
-532
-170
214
508
752
1003
1088
1070
1145
1250
1281
1414
1567
1482
1276
1172
914
367
-158
-526
-888
-1164
-1254
-1333
-1372
-1259
-1091
-1028
-898
-757
-651
-476
-154
69
260
610
937
1023
967
883
648
341
-268
-1284
-2235
-2502
-2710
-3283
-3626
-3290
-2963
-2855
-2523
-2141
-2094
-2018
-1432
-813
-378
122
940
1705
2326
2703
2906
2905
2852
2721
2518
2230
1926
1710
1576
1424
1125
751
294
-146
-510
-764
-998
-1088
-932
-631
-319
-7
288
519
737
881
948
1017
1160
1263
1386
1541
1593
1417
1203
937
540
45
-342
-677
-928
-1087
-1144
-1196
-1177
-1116
-1084
-1050
-1012
-906
-717
-349
-16
279
521
835
1018
1064
963
783
534
291
7
-738
-1734
-2402
-2427
-2672
-3228
-3526
-3230
-2996
-2840
-2485
-2116
-1974
-1680
-938
-267
153
546
1236
1899
2424
2659
2748
2735
2749
2655
2431
2143
1835
1548
1287
1060
690
257
-152
-399
-648
-867
-964
-825
-552
-263
-6
212
431
628
829
980
1093
1165
1274
1387
1475
1439
1275
1059
818
507
88
-299
-589
-796
-985
-1095
-1179
-1268
-1325
-1242
-1092
-1005
-877
-603
-261
15
320
632
825
925
1021
1027
872
677
471
233
-211
-1021
-1953
-2460
-2591
-2962
-3419
-3414
-3051
-2865
-2595
-2140
-1806
-1722
-1383
-768
-173
268
762
1425
2127
2584
2729
2790
2801
2674
2433
2207
1928
1576
1262
1038
829
460
-15
-407
-596
-787
-969
-958
-712
-463
-174
215
484
576
739
997
1042
990
1110
1351
1419
1420
1409
1262
926
616
350
-35
-492
-800
-892
-984
-1109
-1175
-1144
-1155
-1173
-1079
-922
-772
-537
-131
241
484
655
842
937
914
793
639
433
241
99
-180
-905
-1802
-2321
-2499
-2869
-3303
-3355
-3056
-2769
-2394
-1932
-1637
-1519
-1220
-675
-158
260
765
1451
2106
2530
2702
2778
2740
2559
2296
2049
1725
1388
1153
1009
780
435
56
-272
-542
-736
-850
-839
-699
-449
-159
144
431
645
777
879
969
1016
1081
1191
1257
1217
1197
1098
841
505
250
-91
-474
-720
-805
-957
-1059
-1044
-997
-1050
-1048
-967
-841
-667
-387
-61
216
402
558
723
801
771
684
618
474
324
176
-125
-919
-1828
-2351
-2482
-2803
-3166
-3190
-2870
-2601
-2263
-1825
-1575
-1538
-1272
-685
-153
300
872
1513
1989
2374
2610
2597
2398
2288
2150
1865
1557
1421
1297
1072
802
527
195
-184
-507
-707
-750
-682
-544
-317
-29
200
349
529
711
778
776
892
1083
1186
1206
1216
1176
983
719
453
185
-142
-406
-577
-698
-823
-875
-909
-1002
-1071
-1026
-919
-841
-637
-348
-76
97
332
524
646
666
688
649
577
436
272
132
-137
-802
-1701
-2250
-2448
-2700
-2986
-2895
-2635
-2494
-2249
-1748
-1446
-1455
-1295
-809
-308
149
714
1293
1748
2100
2298
2304
2212
2123
1971
1802
1684
1573
1389
1206
982
645
274
-27
-321
-546
-553
-399
-301
-188
58
274
337
405
530
570
577
713
905
1004
1037
1050
997
884
723
466
166
-72
-243
-402
-532
-631
-728
-844
-926
-975
-949
-881
-755
-597
-371
-142
74
254
428
561
574
466
363
357
323
207
49
-258
-931
-1686
-2099
-2234
-2452
-2607
-2509
-2341
-2245
-1971
-1594
-1444
-1440
-1213
-784
-349
145
704
1173
1531
1865
2079
2093
1998
1903
1815
1780
1757
1640
1411
1178
953
696
379
31
-275
-427
-397
-269
-144
-76
-51
35
216
348
333
303
400
574
746
906
993
936
804
700
597
437
244
88
-21
-122
-247
-393
-544
-673
-762
-792
-789
-754
-667
-511
-301
-93
69
185
270
309
262
198
180
157
106
94
25
-370
-1073
-1687
-1984
-2116
-2190
-2145
-2029
-1983
-1924
-1687
-1449
-1459
-1526
-1297
-824
-338
134
576
916
1207
1508
1691
1699
1663
1659
1688
1792
1874
1757
1514
1338
1193
926
580
284
74
-27
-8
38
11
-69
-113
-86
-17
21
39
114
245
377
506
626
673
641
601
555
448
333
255
183
100
37
-43
-178
-328
-468
-590
-660
-639
-583
-541
-483
-378
-262
-196
-192
-181
-122
-64
-44
-21
17
6
-40
-34
-128
-518
-1057
-1423
-1552
-1586
-1554
-1472
-1418
-1399
-1312
-1184
-1161
-1227
-1213
-980
-572
-158
150
400
638
844
999
1111
1152
1138
1202
1394
1553
1572
1501
1408
1289
1134
975
793
593
475
458
436
343
222
127
71
40
21
4
8
30
77
149
196
181
159
184
203
193
186
191
149
67
-4
-54
-107
-180
-253
-307
-338
-342
-307
-250
-215
-231
-278
-314
-346
-404
-470
-489
-442
-382
-361
-356
-354
-404
-516
-660
-809
-949
-1012
-950
-811
-683
-613
-563
-519
-499
-522
-545
-506
-395
-234
-40
144
257
309
342
368
375
372
407
516
659
773
841
870
858
818
779
764
749
720
708
707
689
648
600
552
485
408
340
294
261
216
135
42
-16
-34
-59
-99
-122
-138
-154
-156
-142
-160
-211
-240
-219
-189
-186
-196
-176
-137
-124
-151
-195
-237
-280
-318
-338
-355
-381
-382
-342
-301
-290
-292
-286
-281
-292
-305
-298
-268
-239
-219
-195
-173
-172
-185
-193
-202
-221
-228
-199
-161
-137
-119
-97
-82
-92
-103
-99
-100
-103
-90
-45
13
72
134
197
255
305
349
386
405
413
435
475
506
508
503
495
468
430
390
348
299
264
253
244
218
193
179
167
144
129
128
124
118
114
121
106
89
88
93
85
65
46
23
-10
-51
-99
-149
-190
-211
-218
-231
-256
-278
-292
-322
-370
-411
-438
-463
-487
-495
-484
-473
-465
-453
-445
-446
-453
-453
-438
-418
-398
-370
-318
-261
-217
-177
-135
-104
-79
-43
10
70
128
192
263
321
359
387
408
420
435
458
486
509
527
539
542
537
520
493
465
438
415
390
363
331
297
265
235
201
170
147
125
104
86
67
45
24
3
-15
-34
-50
-64
-81
-100
-125
-157
-189
-223
-254
-289
-325
-358
-388
-407
-423
-441
-456
-469
-479
-485
-487
-488
-488
-477
-454
-422
-382
-340
-297
-257
-217
-178
-140
-109
-75
-38
-6
29
56
82
104
122
140
161
187
212
245
275
299
324
342
354
367
373
386
400
417
435
450
460
460
451
430
404
369
331
288
248
207
172
142
114
91
68
40
7
-25
-54
-77
-92
-106
-117
-119
-122
-131
-146
-164
-181
-198
-215
-238
-259
-273
-291
-310
-330
-342
-340
-334
-325
-322
-325
-334
-345
-354
-365
-368
-348
-311
-265
-215
-171
-131
-91
-61
-34
-11
20
57
100
143
175
194
201
199
188
170
150
140
138
146
158
175
186
197
206
213
223
235
253
271
294
311
318
319
307
284
260
236
213
184
161
141
123
104
80
53
31
16
3
-17
-37
-49
-52
-53
-64
-83
-99
-119
-134
-153
-178
-196
-200
-190
-183
-188
-208
-229
-244
-253
-257
-259
-260
-256
-249
-249
-265
-296
-322
-326
-302
-265
-220
-172
-115
-65
-31
-16
-20
-16
9
49
95
140
172
203
214
205
177
146
129
131
146
167
187
203
211
206
189
169
154
157
170
195
219
236
241
235
223
208
194
185
185
187
188
173
143
103
60
22
-8
-22
-30
-39
-55
-75
-102
-133
-170
-203
-216
-206
-181
-157
-152
-165
-178
-187
-196
-209
-222
-211
-172
-119
-85
-91
-123
-159
-186
-200
-209
-204
-170
-110
-45
-15
-28
-71
-115
-132
-121
-91
-49
0
64
112
116
74
9
-28
-26
17
73
125
167
195
199
165
105
57
47
84
146
200
229
229
210
177
135
97
85
117
174
223
240
225
183
132
80
35
16
21
48
69
73
50
8
-41
-87
-122
-137
-128
-100
-68
-58
-69
-93
-120
-142
-155
-156
-132
-96
-59
-33
-31
-43
-66
-84
-99
-108
-105
-97
-78
-60
-64
-78
-105
-129
-141
-144
-138
-119
-84
-58
-42
-36
-40
-53
-59
-52
-37
-19
7
25
42
47
40
30
23
25
39
61
87
109
121
117
106
96
87
90
99
121
151
176
185
169
141
112
88
85
95
115
145
166
160
123
65
6
-52
-77
-67
-39
-1
24
25
-8
-66
-129
-179
-189
-157
-100
-39
-2
4
-22
-67
-112
-143
-149
-120
-73
-15
26
38
36
21
-3
-35
-59
-58
-32
5
43
61
61
37
-5
-60
-123
-161
-151
-107
-51
-10
3
-5
-31
-73
-125
-152
-131
-74
1
56
79
72
49
22
-3
-21
-17
23
81
131
148
141
127
115
110
101
91
84
95
109
106
85
60
49
53
59
49
33
17
2
-12
-34
-53
-57
-37
-10
7
-1
-26
-47
-63
-70
-80
-83
-65
-28
6
8
-23
-61
-74
-66
-54
-51
-45
-17
22
35
18
-21
-50
-44
-19
-5
-5
-2
18
50
59
33
-3
-22
-13
3
3
-7
-6
6
19
12
-13
-30
-31
-18
-10
-14
-14
-10
4
16
17
9
11
18
21
18
9
6
10
22
33
37
35
23
5
-10
-10
-6
1
8
6
0
-8
-19
-25
-29
-32
-27
-22
-16
-6
3
12
7
-3
-8
-9
5
22
38
46
45
31
16
11
11
10
8
-2
-2
7
13
9
-5
-21
-26
-22
-19
-16
-10
0
15
21
7
-9
-14
-8
-1
0
-6
-11
-9
4
7
-6
-20
-17
-5
1
1
-13
-17
-14
-6
-3
-4
-3
8
18
18
5
-8
-11
0
12
14
15
19
23
24
12
-7
-21
-23
-11
5
14
10
0
-7
-10
-16
-22
-20
-16
-9
-10
-15
-17
-10
3
10
6
-7
-11
-3
11
19
15
5
6
17
25
22
10
-1
1
10
9
4
4
13
20
15
-6
-17
-17
-6
7
7
3
-2
0
0
-14
-30
-29
-11
8
15
10
6
0
-3
-8
-13
-11
0
15
18
7
-4
-6
4
15
14
10
3
-4
0
-5
-16
-25
-14
2
13
13
2
-9
-9
-8
-13
-26
-36
-28
2
23
25
16
3
-7
-11
-9
-9
-6
10
28
44
37
18
1
-8
-4
-3
-4
-11
-3
18
35
31
14
-5
-13
-20
-29
-39
-43
-24
6
25
14
-6
-18
-26
-34
-42
-48
-40
-21
6
26
33
29
18
-2
-28
-43
-39
-19
12
50
70
71
55
35
11
-21
-34
-18
23
48
49
42
42
44
28
5
-16
-16
4
29
32
15
1
3
10
-4
-26
-23
6
25
17
-10
-46
-70
-68
-44
-20
1
22
36
31
-3
-52
-93
-106
-82
-36
12
43
55
50
33
-12
-64
-96
-86
-42
6
48
72
70
43
0
-38
-63
-66
-44
-3
41
70
69
34
-12
-43
-53
-45
-25
5
47
85
90
53
2
-39
-50
-36
-15
12
49
80
85
57
-1
-57
-84
-71
-27
10
33
47
53
42
2
-54
-94
-94
-51
9
55
73
71
57
27
-27
-85
-107
-77
-10
56
88
92
75
45
-4
-62
-98
-88
-29
41
86
93
74
46
6
-43
-76
-83
-51
4
45
63
51
25
-1
-28
-52
-67
-62
-39
-13
7
16
13
5
-4
-12
-21
-30
-35
-33
-23
-7
6
18
30
37
36
21
3
-15
-18
-5
13
33
40
46
48
37
15
-10
-26
-21
-6
11
24
28
24
14
-2
-25
-42
-51
-42
-23
-1
14
18
11
2
-12
-32
-43
-41
-23
2
21
30
26
18
10
-1
-11
-17
-13
4
26
37
33
17
5
1
-5
-12
-13
-5
7
22
29
23
6
-5
-13
-17
-15
-12
-3
6
12
16
8
-5
-15
-20
-20
-18
-14
-5
2
7
5
-3
-11
-12
-9
-7
-6
-6
-2
3
9
11
6
1
4
7
3
-3
-3
-1
7
13
13
8
8
6
2
-3
-11
-15
-11
-4
6
6
0
-2
-3
0
-4
-9
-12
-6
1
4
7
4
6
8
7
5
3
1
2
6
9
6
3
4
6
2
0
-4
-8
-7
-3
1
2
3
5
7
6
3
-3
-7
-10
-5
-1
-1
2
0
0
1
-4
-8
-8
-6
-2
-1
-2
-4
-1
-1
-3
-3
-6
-7
-3
2
4
3
1
3
3
2
-5
-5
0
3
3
4
5
8
10
5
0
-2
-1
2
1
0
-5
-1
5
4
-1
-3
-4
2
4
0
-2
-2
3
5
3
-2
-4
-2
-1
1
1
-2
0
0
0
1
-3
-4
-3
-1
0
-2
-4
-2
3
6
5
0
1
0
1
0
-1
2
2
4
7
7
3
0
-3
-3
-3
-3
-2
1
-1
-2
-1
-1
0
-2
-3
-2
-1
0
0
-2
-3
-1
1
3
3
2
0
0
-1
1
2
1
4
4
1
0
0
1
0
1
0
0
1
3
0
0
1
1
0
-1
-1
-1
-3
-3
-1
1
1
2
3
1
0
-2
-1
-2
-4
-4
-4
-1
-1
1
2
1
0
-3
0
0
-2
-1
0
1
-1
0
-1
0
-2
0
3
2
3
1
2
1
0
-1
0
3
0
1
0
-1
-1
0
1
1
2
-1
2
3
2
0
-1
2
3
2
-1
3
3
3
4
2
0
-2
2
-1
0
0
-3
0
-1
0
-1
1
0
0
-1
-3
-1
-3
-2
-3
