-3
2
2
2
3
3
1
-3
3
6
4
-1
3
-2
-9
1
0
-3
1
3
-4
-5
5
3
2
-1
4
1
3
0
2
3
2
0
-5
2
0
-3
-2
-1
0
6
10
3
-2
-1
1
-1
6
10
6
8
0
0
-3
-1
-1
2
4
0
0
-4
0
-3
-3
-5
-3
-5
-6
-3
-2
-4
-9
-5
2
4
4
3
5
-3
-6
1
1
4
2
-5
-2
2
3
-7
-9
-1
4
0
3
6
5
1
-5
-1
3
5
3
-2
-4
-1
-1
-4
-9
-2
2
-4
0
-2
-6
-5
-2
-7
-5
0
1
3
5
-2
2
3
4
5
9
4
4
2
-4
1
0
4
-5
-3
2
3
2
7
4
1
2
1
0
5
10
5
-3
-8
3
3
2
5
10
3
-7
-2
1
5
4
1
-7
-9
4
5
4
0
-3
-4
-1
-2
1
-1
-2
-1
-3
-8
-8
2
-2
-2
-3
-12
1
-2
-4
2
1
6
8
-6
2
23
-5
-33
-22
-13
0
-12
7
44
33
-17
6
-7
-8
-3
-2
-33
-4
-6
17
35
4
-8
13
19
10
-11
-70
-27
38
38
-12
-38
-46
41
60
22
0
-5
-31
-5
-51
-47
31
47
30
73
32
-38
-48
-56
-23
56
36
-54
-4
85
-3
-92
-22
81
68
-39
-10
-9
-40
-48
25
12
48
14
-8
4
-12
-33
-22
29
14
14
-56
-63
33
149
30
-81
-55
-19
-19
-13
6
34
4
20
31
-25
-30
39
-19
-37
41
-1
-81
-6
113
29
-76
-48
66
30
-56
-47
53
41
-41
-16
42
10
-31
-2
-15
-38
32
110
19
-88
-23
25
-2
-12
16
18
-2
-3
0
-35
-4
86
40
-43
-46
-30
-56
15
120
67
-56
-71
-64
-66
35
103
105
23
-97
-174
-81
112
170
25
-67
-103
-51
53
44
6
59
54
-118
-126
54
173
17
-64
-82
-36
-5
75
11
-38
-24
62
43
-51
-49
-32
-19
3
96
107
36
-122
-78
-36
11
2
90
21
-35
-16
68
17
-76
-6
-5
-32
41
184
78
-94
-128
-48
-31
39
58
95
43
-71
-121
-98
-35
38
101
93
66
2
-83
-55
-96
2
41
67
58
-14
-50
-17
-29
7
-30
19
52
-40
-1
-110
-20
25
91
62
47
-39
68
0
-13
-82
-44
-23
18
25
64
49
-46
-42
-103
4
39
100
-77
-104
8
111
11
-7
58
82
-40
-156
-4
39
89
-5
-28
-64
-47
-109
55
113
56
78
75
-98
-164
-39
33
60
43
134
31
-106
-82
19
-3
59
-40
-30
-54
4
-86
32
-37
-51
79
186
-19
-108
-12
79
23
57
153
58
-52
-178
-60
-52
54
-26
25
31
102
-113
-150
-133
-9
96
167
1
-14
130
34
-125
-68
-4
-47
-27
19
169
129
57
-141
-188
-85
15
-12
52
110
101
-61
-27
-37
-96
22
69
40
17
-28
-97
50
79
-35
-78
34
12
101
49
29
-117
-91
35
55
-122
-48
82
83
89
38
-47
-111
-118
-121
63
141
144
34
73
-19
-201
-211
-43
104
100
94
20
-1
-24
24
-79
-38
-73
29
73
46
1
-8
-35
-63
24
52
-19
47
-18
6
53
-14
-8
-9
-39
-11
22
-30
10
71
7
-73
103
26
-39
-115
-99
-50
140
123
22
-75
-12
-46
52
35
-27
29
-32
-31
-65
41
101
-67
-34
-17
120
-8
-30
-58
-28
4
-81
47
-6
-55
44
114
96
61
-10
-165
-212
-60
74
81
59
153
184
-59
-47
-119
-175
-104
96
111
6
26
88
20
56
-48
-5
-159
-28
28
-98
75
19
237
40
-16
-136
-93
-26
-107
124
-41
87
100
44
-67
-43
-34
-8
-15
-106
14
12
-6
91
101
-40
-13
-20
-96
-25
-7
53
50
56
-9
-161
-155
89
156
114
9
-92
-51
-31
34
3
51
-7
-66
11
19
24
39
19
13
-12
18
-78
-24
-50
60
140
-9
-97
18
-4
-16
-22
16
-14
-1
24
46
-26
-34
87
-4
-157
-145
143
94
84
17
3
-170
-75
95
201
8
-206
-1
-9
-24
5
156
18
-74
-34
-44
-2
-70
78
134
-24
-77
-47
10
-62
-25
43
48
36
75
29
-193
-93
-3
125
46
55
45
6
-141
-128
54
108
-3
126
96
-55
-130
-79
-15
69
88
-69
-33
-47
0
97
-25
-37
-93
82
-43
-84
159
-47
1
108
91
-46
-62
35
-191
72
116
105
71
-81
-138
-199
-20
17
-47
110
146
15
4
90
-234
-183
90
-9
-52
314
404
112
-188
-269
-82
-17
-75
-66
-50
109
187
82
54
-29
-164
-280
-126
30
168
126
115
222
-27
-106
-41
-193
-149
-7
35
-76
-11
196
121
-72
-236
-101
197
-30
11
17
46
-83
68
139
5
109
48
-22
-132
-140
23
-17
31
70
3
-105
-93
78
-8
-174
-221
-167
175
247
-60
90
51
-63
40
166
152
98
40
99
29
-186
-210
10
287
48
-123
30
-22
-42
-113
-169
-31
27
126
253
46
-168
3
131
49
-168
-63
-18
23
59
140
-88
-23
-109
-119
-200
18
73
201
99
69
-22
-123
-22
29
68
-91
-152
41
-67
149
200
-32
7
-6
-98
-56
41
127
-56
-104
-131
-94
115
3
187
-68
-134
-67
45
-79
-14
46
-175
-90
247
87
-28
122
154
88
-116
-174
-139
-182
-76
-56
117
5
288
157
-114
-44
-64
9
-64
-70
-61
-68
-33
164
137
150
34
164
-18
-72
-259
-400
-21
244
361
223
300
144
-278
-264
-165
-174
212
390
181
35
-70
-1
-116
-88
-184
-170
-238
-96
9
-142
-16
-20
103
118
52
-12
-145
-132
-66
27
158
203
359
167
-19
91
-157
-76
32
177
37
-59
-77
1
276
175
74
195
-30
-290
-421
-372
-134
17
12
-230
-179
-13
45
-61
-105
171
224
147
449
193
-118
-10
-168
-395
-498
-97
149
98
262
260
201
225
-157
39
104
-110
-233
-270
140
-126
11
-91
15
111
-48
-20
-267
-146
4
114
92
17
0
170
242
275
231
-167
94
199
-13
-169
27
37
-107
55
15
-67
-53
7
-67
-210
-77
-151
-34
-24
-71
-33
-36
42
11
-18
103
230
185
242
296
96
-159
-171
-152
-210
-246
-50
328
205
-61
56
-2
115
60
2
-213
-149
-143
-169
-53
-104
-46
-70
-184
-90
222
136
84
-26
83
109
140
113
-122
-294
-239
-251
-177
-98
111
144
291
358
173
98
-213
-140
-62
-263
-163
-90
30
245
146
96
-20
56
190
-47
-66
18
246
157
-15
-43
123
209
241
215
55
65
82
-63
-154
4
-38
-141
58
14
73
103
-196
-270
-43
-5
-125
-134
-103
-193
37
-117
-117
-43
155
36
-154
15
-122
-29
-267
35
11
190
64
81
228
62
1
-7
-145
-164
-55
59
-162
-64
-264
-92
135
144
-115
-180
-71
203
231
-24
43
185
30
-44
142
-14
-89
66
191
-24
-107
-100
52
-38
-87
-157
-166
55
88
76
-38
93
211
177
101
-48
15
52
115
72
-75
36
-16
-16
-62
-156
-106
-40
8
-106
-17
18
19
69
4
80
0
68
-55
-48
-47
26
130
31
85
76
19
-66
-115
-43
80
-16
33
25
29
-24
-40
-109
-130
57
81
-9
-188
-72
-16
39
-31
8
-16
5
14
-46
-134
-46
-30
0
-27
53
82
169
117
107
125
87
-28
-96
-48
2
97
77
108
61
69
-9
-29
-68
-27
-52
-86
-94
3
-24
-94
-84
-4
24
24
-33
-80
-46
-25
-33
-5
65
86
8
-26
-9
6
22
-44
-34
-26
66
-12
-28
6
2
22
20
-13
21
134
105
-54
-25
7
-25
-14
14
-3
-49
-28
-47
-19
-4
-18
-42
-8
26
17
34
8
-37
6
22
-20
1
65
72
43
33
-20
-13
2
-23
-26
2
13
-11
27
54
16
-15
-32
-4
9
-8
20
31
35
16
15
5
-14
2
-23
-31
-36
10
-12
-12
11
29
4
7
25
28
-14
-26
-12
-10
-15
-30
-10
38
74
10
-28
-4
-1
-27
-30
-35
-32
-19
-3
-8
-14
-19
5
9
-16
-10
-2
-31
-53
-11
16
6
-22
-5
22
15
-29
-38
-20
-10
-8
-5
0
-6
-14
-20
-16
2
10
3
-7
0
25
34
15
-6
18
36
18
1
-8
-11
-8
8
21
30
21
23
23
11
-8
-20
-4
0
9
5
21
27
27
13
9
2
0
-11
-7
-1
13
19
15
12
8
7
-4
-8
-8
4
8
8
2
4
2
-2
-10
-7
1
5
-2
-5
0
7
3
-2
6
4
-6
-20
-24
-19
-6
0
7
14
21
7
-10
-23
-19
-18
-18
-19
-8
0
-1
-10
-15
-9
-11
-15
-14
-10
-16
-22
-22
-14
-13
-9
-4
0
-10
-22
-23
-16
-15
-19
-12
-1
5
-4
-16
-8
0
-1
-7
0
16
19
13
6
13
19
16
14
30
41
38
30
34
40
44
37
43
51
51
43
29
40
48
46
36
41
50
46
21
10
25
38
30
19
24
40
25
-6
-19
-10
-5
-21
-34
-28
-18
-29
-54
-63
-49
-53
-75
-100
-91
-93
-110
-123
-122
-116
-117
-126
-129
-133
-135
-142
-153
-152
-152
-154
-160
-163
-146
-126
-123
-114
-78
-37
-7
12
48
87
117
135
163
202
219
235
252
275
305
322
331
347
362
388
400
393
400
410
417
408
402
425
430
413
409
421
423
381
328
312
294
227
141
79
32
-40
-125
-193
-233
-273
-334
-402
-483
-602
-774
-1021
-1345
-1692
-2025
-2370
-2701
-2894
-2908
-2816
-2601
-2174
-1590
-1001
-429
190
773
1194
1433
1603
1733
1742
1643
1577
1586
1559
1506
1550
1652
1666
1601
1572
1525
1383
1169
963
778
610
461
355
325
383
480
610
772
938
1088
1210
1270
1240
1161
1026
856
714
651
553
357
180
153
108
-336
-1205
-1973
-2487
-3285
-4547
-5540
-5876
-6084
-6349
-6067
-5161
-4267
-3429
-2166
-676
435
1188
1890
2507
2856
2942
2819
2598
2423
2330
2251
2185
2146
2116
2141
2211
2150
1862
1461
1019
497
-90
-699
-1405
-2025
-2259
-2172
-2069
-1744
-955
-29
760
1676
2638
3138
3241
3388
3407
2992
2431
1977
1543
1148
894
681
515
424
336
288
357
285
41
-70
-108
-320
-534
-811
-1591
-2483
-2840
-3203
-4295
-5266
-5378
-5308
-5544
-5306
-4436
-3673
-3084
-2042
-722
242
832
1390
1964
2365
2495
2410
2276
2127
1945
1793
1758
1692
1513
1402
1494
1539
1338
1040
825
523
43
-436
-800
-1162
-1494
-1644
-1532
-1150
-601
-78
534
1411
2253
2698
2985
3299
3349
3053
2759
2471
2041
1628
1409
1151
860
686
614
459
309
203
135
81
-53
-216
-210
-338
-1182
-2127
-2465
-2850
-4176
-5365
-5614
-5641
-6063
-5929
-5087
-4250
-3582
-2457
-1049
91
841
1500
2139
2607
2778
2672
2488
2274
2069
1844
1651
1468
1390
1311
1250
1238
1252
1024
767
599
310
-290
-653
-846
-1252
-1686
-1513
-1259
-1179
-754
186
831
1308
2094
2848
3088
3255
3426
3201
2768
2504
2127
1567
1212
950
545
231
155
46
-43
-61
-104
-101
43
49
-80
-309
-987
-1950
-2477
-2971
-4247
-5517
-5772
-5802
-6162
-5952
-4931
-4092
-3339
-2009
-466
543
1292
2015
2598
2918
3009
2789
2500
2265
1998
1710
1535
1365
1205
1202
1290
1260
1116
911
705
505
204
-239
-619
-887
-1115
-1191
-1153
-1238
-1184
-679
-162
60
572
1386
1862
2172
2852
3328
3180
3076
3192
2871
2233
1844
1460
866
404
134
-188
-334
-287
-314
-262
29
114
88
349
296
-677
-1623
-1941
-2683
-4300
-5551
-5918
-6238
-6654
-6373
-5435
-4544
-3646
-2223
-552
643
1373
2097
2797
3127
3062
2788
2417
2048
1766
1505
1258
1144
1119
1089
1113
1224
1193
888
458
178
-34
-426
-982
-1276
-1254
-1233
-1179
-756
-159
285
816
1617
2263
2576
2867
3170
3217
3045
2837
2588
2312
2006
1685
1387
1139
785
448
275
180
-82
-310
-401
-412
-417
-425
-842
-1622
-2192
-2484
-3280
-4545
-5353
-5543
-5804
-6105
-5746
-4908
-4168
-3393
-2074
-584
515
1253
2040
2793
3253
3279
3046
2712
2416
2076
1696
1296
982
775
728
743
714
596
501
376
220
27
-218
-561
-838
-971
-982
-866
-618
-369
-55
566
1290
1755
2028
2454
2836
2942
2879
2834
2647
2335
2021
1770
1443
1076
705
407
179
37
-93
-232
-324
-324
-287
-260
-305
-691
-1398
-1971
-2304
-3069
-4321
-5209
-5438
-5688
-6017
-5745
-4961
-4242
-3441
-2121
-684
369
1142
1949
2682
3165
3259
3045
2723
2470
2174
1792
1377
1053
868
841
854
831
780
710
558
363
183
-63
-468
-872
-1008
-937
-907
-864
-552
-64
393
912
1561
2043
2330
2692
3036
3069
2920
2796
2548
2153
1805
1497
1096
691
345
49
-121
-215
-373
-468
-395
-352
-336
-216
-421
-1194
-1833
-2030
-2719
-4136
-5128
-5342
-5661
-6153
-5978
-5227
-4540
-3728
-2381
-924
175
1076
1970
2727
3226
3383
3192
2876
2633
2316
1836
1397
1122
898
741
737
782
730
650
623
522
276
-13
-275
-575
-873
-984
-910
-818
-649
-240
285
736
1253
1863
2285
2504
2782
2999
2906
2693
2524
2211
1739
1387
1117
712
276
-25
-222
-352
-414
-477
-486
-393
-283
-156
-131
-581
-1340
-1755
-2087
-3169
-4529
-5132
-5322
-5852
-6175
-5671
-4911
-4310
-3317
-1812
-454
524
1446
2390
3111
3476
3476
3218
2931
2644
2200
1660
1250
975
764
694
743
751
722
751
751
588
345
99
-204
-559
-826
-919
-935
-928
-759
-350
141
596
1091
1666
2160
2520
2797
2947
2922
2789
2566
2195
1771
1403
1002
516
102
-145
-322
-465
-509
-448
-372
-313
-149
108
-5
-729
-1406
-1618
-2175
-3566
-4771
-5147
-5486
-6112
-6167
-5485
-4821
-4200
-3040
-1494
-183
752
1584
2477
3263
3572
3381
3101
2914
2566
2020
1533
1176
870
678
660
692
694
673
644
606
531
310
-47
-366
-565
-726
-863
-884
-802
-628
-251
293
750
1083
1560
2140
2464
2549
2717
2844
2629
2278
2081
1828
1352
917
625
281
-90
-294
-378
-445
-419
-295
-224
-149
109
355
19
-791
-1286
-1466
-2340
-3890
-4847
-5080
-5654
-6389
-6189
-5422
-4970
-4324
-2866
-1330
-269
748
1886
2772
3343
3636
3564
3297
3058
2663
2065
1580
1283
968
711
679
758
762
702
668
650
541
264
-55
-298
-531
-763
-854
-834
-775
-569
-195
180
565
1064
1560
1907
2216
2515
2687
2699
2595
2393
2128
1803
1376
944
612
252
-175
-435
-483
-531
-549
-421
-318
-265
-3
281
-17
-756
-1201
-1433
-2297
-3709
-4676
-5089
-5668
-6311
-6226
-5598
-5082
-4413
-3075
-1518
-338
652
1732
2733
3446
3755
3656
3430
3283
2950
2308
1745
1434
1130
825
739
775
701
594
623
647
463
187
-7
-222
-516
-671
-672
-725
-738
-489
-109
221
571
951
1335
1765
2108
2186
2253
2474
2467
2139
1932
1816
1419
961
736
427
-71
-367
-421
-511
-589
-500
-370
-271
-88
200
316
-89
-768
-1104
-1347
-2401
-3905
-4657
-4925
-5709
-6409
-6077
-5451
-5168
-4366
-2782
-1398
-416
743
1946
2825
3484
3817
3704
3547
3481
3058
2364
1900
1590
1184
902
828
718
596
628
667
563
398
199
-74
-348
-589
-801
-974
-1102
-1082
-781
-378
-114
251
937
1566
1860
2156
2584
2771
2665
2561
2438
2113
1703
1375
1033
615
237
-59
-315
-478
-517
-518
-519
-411
-233
-74
105
168
-242
-901
-1198
-1482
-2596
-4057
-4731
-4987
-5702
-6328
-6065
-5460
-5036
-4192
-2698
-1308
-308
767
2008
3013
3613
3836
3772
3650
3486
3033
2360
1817
1416
1011
721
635
590
517
514
580
616
534
315
77
-109
-344
-601
-713
-750
-780
-589
-202
42
309
921
1472
1650
1916
2386
2502
2339
2399
2407
1987
1562
1398
1108
628
283
17
-302
-475
-512
-599
-611
-428
-279
-229
-51
211
131
-412
-963
-1226
-1706
-2915
-4196
-4741
-5068
-5845
-6340
-5941
-5388
-5011
-4044
-2488
-1238
-290
914
2169
3058
3613
3828
3750
3711
3612
3067
2338
1933
1640
1172
818
728
642
481
452
547
560
408
184
28
-89
-315
-588
-733
-769
-760
-598
-260
75
381
805
1377
1854
2062
2182
2440
2597
2371
2089
2011
1755
1178
795
705
374
-192
-472
-464
-561
-735
-717
-525
-361
-288
-127
194
301
-173
-771
-971
-1310
-2459
-3731
-4311
-4713
-5492
-5985
-5727
-5319
-4989
-4196
-2902
-1651
-610
436
1546
2597
3340
3603
3613
3682
3632
3172
2560
2145
1799
1350
1009
856
723
585
549
546
486
393
277
102
-75
-220
-370
-563
-717
-701
-510
-390
-373
-70
537
918
1057
1490
2062
2227
2229
2463
2541
2214
1910
1734
1371
893
507
98
-323
-558
-701
-872
-931
-822
-658
-476
-282
-76
89
-100
-667
-1047
-1245
-2136
-3566
-4302
-4466
-5170
-5982
-5793
-5160
-4893
-4304
-2913
-1566
-637
440
1700
2732
3463
3850
3877
3889
3918
3493
2735
2219
1859
1304
802
599
442
245
207
287
312
302
270
197
117
13
-150
-297
-410
-520
-511
-367
-272
-143
237
695
991
1293
1692
1973
2110
2221
2201
2027
1851
1596
1183
825
568
155
-331
-588
-710
-880
-951
-847
-713
-549
-284
5
227
184
-240
-631
-774
-1377
-2704
-3719
-4035
-4609
-5546
-5784
-5362
-5127
-4805
-3726
-2381
-1364
-385
826
2015
2955
3542
3741
3835
3974
3802
3185
2574
2167
1705
1173
805
577
393
310
353
411
444
444
391
308
215
59
-154
-375
-532
-580
-561
-533
-404
-153
129
489
939
1273
1493
1864
2200
2183
2081
2138
1979
1491
1120
905
480
-68
-423
-620
-793
-924
-983
-866
-571
-386
-326
3
382
101
-505
-614
-722
-1752
-3050
-3618
-3983
-4823
-5520
-5521
-5258
-5007
-4394
-3337
-2205
-1148
-50
1123
2267
3157
3607
3792
4000
4081
3714
3060
2518
2093
1570
1007
616
409
257
156
163
248
305
301
274
235
157
4
-192
-364
-486
-567
-597
-536
-382
-113
227
525
828
1262
1671
1805
1852
2012
2058
1845
1608
1394
1024
636
385
86
-327
-607
-699
-763
-753
-600
-438
-312
-90
241
471
323
-158
-488
-614
-1251
-2509
-3432
-3760
-4348
-5239
-5515
-5218
-5069
-4791
-3826
-2637
-1721
-750
496
1686
2619
3265
3595
3821
4052
3937
3400
2908
2580
2108
1543
1176
923
644
445
377
358
329
244
103
12
-41
-229
-532
-738
-830
-928
-982
-918
-832
-648
-217
260
545
865
1420
1877
2033
2181
2401
2395
2152
1914
1676
1299
817
331
-73
-365
-636
-908
-991
-836
-662
-542
-355
-65
220
280
-28
-448
-644
-981
-1986
-3112
-3620
-3988
-4819
-5459
-5322
-5017
-4874
-4265
-3076
-1961
-1048
59
1327
2446
3241
3657
3887
4156
4206
3722
3075
2665
2227
1565
997
674
388
118
-3
-11
-9
-29
-74
-92
-72
-161
-361
-470
-522
-674
-763
-660
-553
-457
-126
359
726
1088
1589
2033
2281
2436
2540
2499
2308
1994
1610
1237
835
332
-130
-407
-623
-873
-997
-904
-761
-679
-557
-297
-58
-165
-581
-854
-985
-1585
-2658
-3431
-3772
-4310
-5009
-5229
-4993
-4753
-4361
-3488
-2382
-1378
-384
746
1892
2840
3441
3742
3961
4116
3924
3360
2775
2306
1776
1169
670
337
92
-77
-142
-112
-52
-63
-105
-63
9
-68
-253
-346
-336
-338
-370
-365
-277
-69
230
512
754
1067
1451
1737
1897
2026
2114
2047
1840
1590
1330
1013
610
192
-148
-407
-661
-867
-927
-862
-756
-639
-483
-227
85
127
-224
-515
-555
-958
-1985
-2889
-3288
-3790
-4581
-5004
-4894
-4741
-4522
-3829
-2788
-1813
-898
140
1245
2251
3007
3423
3636
3836
3858
3489
2939
2507
2059
1467
961
672
413
149
32
34
14
-13
-19
-53
-98
-133
-224
-385
-477
-490
-516
-514
-447
-331
-79
312
610
818
1210
1668
1859
1918
2114
2207
2000
1753
1593
1315
903
499
106
-245
-507
-739
-922
-935
-839
-756
-623
-384
-131
0
-137
-480
-699
-860
-1548
-2619
-3240
-3516
-4169
-4868
-4892
-4624
-4522
-4087
-3112
-2144
-1298
-261
839
1798
2658
3271
3526
3744
3960
3761
3201
2754
2395
1855
1270
831
501
245
69
-60
-103
-57
-75
-172
-178
-143
-263
-434
-469
-459
-516
-521
-417
-291
-89
235
509
702
1034
1456
1682
1743
1883
1982
1852
1644
1478
1205
803
439
150
-127
-388
-643
-840
-844
-710
-650
-609
-407
-132
76
261
287
-36
-368
-452
-854
-1883
-2772
-3119
-3600
-4379
-4746
-4646
-4604
-4432
-3712
-2782
-1993
-1133
-110
913
1889
2662
3057
3306
3644
3758
3430
3012
2714
2306
1757
1321
1000
647
325
158
86
19
-59
-128
-159
-159
-192
-309
-426
-471
-480
-506
-524
-471
-332
-114
147
414
706
1064
1422
1686
1874
2018
2076
2001
1815
1557
1254
910
499
94
-196
-438
-729
-913
-853
-729
-688
-589
-379
-143
94
177
-124
-509
-592
-839
-1771
-2761
-3147
-3474
-4227
-4779
-4691
-4473
-4334
-3825
-2923
-2025
-1171
-193
834
1796
2595
3074
3350
3660
3818
3522
3028
2694
2345
1775
1223
870
576
279
89
18
-19
-40
-52
-76
-78
-73
-141
-271
-334
-331
-368
-424
-382
-214
-1
195
371
598
946
1257
1364
1414
1576
1657
1514
1354
1253
1021
687
456
254
-27
-251
-401
-569
-634
-527
-448
-404
-222
-27
68
261
398
66
-418
-528
-736
-1632
-2588
-2973
-3322
-4041
-4548
-4535
-4464
-4396
-3938
-3153
-2368
-1562
-640
347
1347
2214
2741
3077
3475
3739
3587
3227
2940
2628
2163
1670
1271
943
620
333
162
113
41
-104
-195
-188
-192
-293
-433
-526
-529
-504
-529
-519
-397
-206
47
342
561
780
1182
1548
1607
1653
1898
1971
1712
1517
1455
1198
763
423
172
-99
-367
-627
-797
-766
-658
-633
-572
-401
-222
-84
-86
-388
-743
-891
-1263
-2149
-2907
-3197
-3631
-4315
-4557
-4352
-4256
-4050
-3330
-2444
-1719
-881
146
1103
1922
2596
3019
3324
3639
3672
3312
2923
2660
2265
1712
1214
838
547
301
76
-56
-49
-59
-164
-195
-123
-136
-274
-378
-395
-393
-406
-392
-305
-160
26
300
611
813
953
1216
1494
1554
1485
1476
1447
1298
1114
920
650
373
173
-10
-220
-400
-534
-588
-508
-396
-360
-276
-75
67
140
231
97
-347
-635
-754
-1345
-2316
-2877
-3117
-3695
-4314
-4389
-4247
-4216
-3885
-3109
-2327
-1627
-756
218
1099
1885
2485
2814
3092
3382
3377
3042
2746
2547
2194
1738
1388
1105
785
538
405
274
113
-6
-62
-103
-177
-305
-418
-462
-465
-477
-501
-478
-336
-82
145
307
554
886
1136
1301
1478
1582
1543
1498
1464
1294
1008
770
547
255
-33
-260
-460
-623
-714
-755
-733
-614
-445
-308
-196
-49
141
239
26
-383
-609
-768
-1375
-2284
-2827
-3073
-3566
-4115
-4211
-4047
-3933
-3574
-2828
-2072
-1397
-561
386
1205
1900
2449
2782
3030
3245
3182
2864
2605
2376
1964
1537
1288
1033
719
526
454
353
264
212
97
-14
-47
-126
-311
-472
-533
-552
-549
-526
-462
-261
49
322
563
884
1229
1484
1655
1765
1784
1714
1580
1351
1039
712
377
36
-246
-458
-667
-843
-872
-767
-674
-599
-420
-199
-94
1
179
154
-246
-612
-717
-1065
-1910
-2630
-2909
-3259
-3842
-4107
-3971
-3860
-3678
-3084
-2282
-1595
-887
-19
837
1576
2176
2539
2745
2975
3094
2851
2480
2290
2104
1689
1299
1144
989
721
566
560
502
358
244
170
69
-76
-271
-461
-560
-617
-723
-768
-636
-434
-263
-24
343
694
988
1291
1545
1673
1739
1794
1723
1513
1279
1058
783
461
150
-133
-366
-534
-665
-739
-712
-620
-511
-388
-254
-116
4
-61
-395
-713
-863
-1264
-2100
-2801
-3092
-3436
-3969
-4210
-4088
-3909
-3585
-2929
-2170
-1458
-635
274
1093
1826
2420
2745
2932
3158
3199
2891
2515
2267
1984
1594
1248
991
771
586
461
386
318
218
82
-16
-84
-198
-369
-520
-613
-646
-627
-595
-516
-324
-27
292
621
967
1284
1578
1852
2008
1992
1903
1783
1537
1177
797
392
-46
-392
-634
-895
-1141
-1205
-1107
-995
-885
-698
-427
-166
2
121
262
244
-110
-527
-734
-1110
-1948
-2714
-3015
-3294
-3796
-4035
-3842
-3583
-3271
-2657
-1878
-1178
-481
277
999
1649
2135
2344
2461
2689
2780
2519
2206
2078
1940
1652
1366
1192
1093
1005
866
723
682
641
440
200
68
-93
-358
-562
-672
-804
-881
-790
-609
-448
-232
108
506
876
1173
1406
1627
1823
1861
1736
1582
1412
1153
821
488
152
-140
-332
-500
-705
-809
-708
-557
-488
-393
-211
-44
80
165
34
-354
-686
-871
-1328
-2186
-2897
-3196
-3513
-4043
-4337
-4186
-3896
-3591
-3049
-2245
-1417
-632
196
1025
1756
2323
2666
2828
2950
3008
2835
2489
2184
1949
1687
1421
1201
983
807
733
675
546
379
226
62
-88
-246
-486
-729
-806
-795
-825
-785
-574
-299
-9
371
765
1092
1423
1750
1924
1954
1962
1895
1656
1332
1005
640
256
-118
-482
-775
-925
-1006
-1095
-1111
-950
-702
-495
-290
-39
175
287
400
457
168
-355
-660
-885
-1577
-2492
-2954
-3147
-3596
-4011
-3934
-3651
-3445
-3029
-2278
-1509
-853
-165
563
1245
1815
2153
2265
2393
2575
2533
2246
2031
1959
1828
1625
1483
1401
1292
1172
1078
978
795
533
278
73
-172
-490
-754
-890
-963
-990
-928
-771
-507
-164
187
541
928
1284
1539
1710
1809
1813
1728
1549
1252
940
687
397
-1
-341
-497
-589
-720
-826
-818
-692
-500
-329
-214
-83
59
148
184
95
-269
-755
-1038
-1318
-2019
-2845
-3216
-3347
-3702
-4007
-3863
-3510
-3187
-2688
-1955
-1201
-493
211
848
1431
1982
2321
2391
2431
2545
2512
2284
2066
1915
1753
1602
1495
1368
1211
1083
974
845
667
415
130
-89
-264
-511
-773
-880
-851
-836
-818
-661
-348
2
308
600
955
1331
1602
1732
1779
1770
1658
1437
1146
832
510
184
-144
-422
-586
-651
-719
-810
-798
-625
-411
-285
-185
-2
183
241
253
277
65
-439
-829
-1034
-1565
-2430
-2973
-3121
-3437
-3862
-3865
-3543
-3293
-2967
-2334
-1607
-977
-345
308
890
1427
1844
2010
2092
2275
2360
2203
2029
1988
1916
1766
1691
1651
1514
1348
1262
1162
929
611
326
79
-197
-502
-750
-905
-991
-994
-888
-692
-454
-174
178
578
940
1190
1378
1581
1720
1673
1507
1362
1187
890
573
326
71
-213
-412
-492
-563
-649
-676
-595
-441
-302
-232
-144
40
180
157
101
53
-216
-657
-968
-1260
-1870
-2547
-2875
-3084
-3454
-3690
-3540
-3281
-3057
-2626
-1950
-1274
-672
-94
477
1061
1578
1849
1905
2047
2282
2313
2137
2018
2010
1990
1916
1793
1630
1496
1417
1280
1009
690
407
168
-97
-434
-756
-931
-981
-1026
-1055
-929
-638
-315
-29
282
659
1022
1282
1424
1502
1544
1515
1379
1156
906
672
467
242
-27
-246
-332
-383
-484
-558
-535
-452
-338
-241
-177
-57
122
157
54
50
8
-383
-891
-1142
-1440
-2108
-2720
-2961
-3219
-3587
-3629
-3367
-3199
-2997
-2400
-1605
-992
-502
88
756
1360
1747
1872
1962
2201
2388
2289
2082
2026
2063
2048
1980
1856
1674
1553
1526
1375
976
551
304
92
-264
-674
-961
-1091
-1125
-1105
-1025
-853
-571
-216
134
493
853
1119
1257
1388
1532
1518
1317
1110
955
751
494
264
41
-180
-306
-353
-417
-487
-495
-454
-395
-304
-208
-128
-40
27
11
14
61
-113
-583
-951
-1085
-1445
-2157
-2712
-2904
-3110
-3410
-3486
-3321
-3094
-2740
-2178
-1581
-1046
-465
172
754
1226
1573
1790
2001
2245
2327
2201
2160
2280
2268
2079
1982
2005
1908
1671
1451
1255
995
647
251
-118
-418
-700
-973
-1137
-1169
-1122
-995
-748
-442
-144
187
563
894
1107
1225
1308
1377
1351
1175
953
786
625
421
218
42
-122
-225
-263
-330
-396
-387
-370
-378
-302
-169
-123
-119
-44
23
8
-11
-138
-504
-871
-1062
-1393
-2062
-2649
-2887
-3094
-3414
-3546
-3390
-3146
-2813
-2277
-1660
-1077
-462
168
714
1182
1590
1857
1998
2132
2234
2246
2230
2212
2148
2076
2076
2068
1912
1661
1478
1340
1082
651
210
-118
-372
-650
-936
-1126
-1156
-1042
-864
-668
-431
-109
256
594
853
1008
1100
1196
1251
1170
976
800
691
581
405
196
48
14
5
-102
-256
-294
-222
-205
-287
-338
-265
-134
-49
-73
-150
-95
46
-92
-566
-942
-1057
-1375
-2064
-2651
-2913
-3157
-3465
-3525
-3351
-3166
-2851
-2221
-1500
-944
-424
227
901
1391
1653
1804
2006
2229
2269
2126
2078
2185
2188
2055
2009
2031
1913
1688
1501
1279
915
505
148
-205
-558
-850
-1039
-1139
-1135
-1037
-852
-589
-302
-7
315
612
815
956
1081
1129
1095
1054
979
811
638
560
512
387
202
52
3
4
-84
-262
-389
-432
-443
-412
-369
-397
-399
-245
-76
-72
-90
-74
-301
-726
-975
-1139
-1682
-2406
-2761
-2863
-3119
-3339
-3202
-2928
-2667
-2194
-1526
-959
-479
93
650
1053
1379
1634
1756
1834
1948
2005
2001
2024
2035
1991
2016
2094
1999
1749
1559
1428
1166
754
328
-33
-324
-595
-885
-1079
-1082
-976
-836
-639
-395
-145
173
516
707
764
867
997
980
868
803
757
648
528
454
392
340
273
175
60
-16
-66
-178
-340
-461
-483
-452
-435
-418
-337
-232
-152
-66
-16
-200
-605
-900
-1089
-1546
-2251
-2741
-2961
-3229
-3422
-3274
-2972
-2720
-2281
-1556
-860
-339
157
673
1088
1378
1567
1672
1741
1795
1795
1816
1931
2027
2013
2018
2129
2181
2036
1779
1540
1284
884
365
-94
-449
-790
-1086
-1221
-1225
-1163
-986
-693
-389
-98
216
497
702
842
924
929
909
896
830
702
609
597
603
537
397
287
249
178
6
-152
-236
-366
-555
-597
-457
-384
-434
-375
-153
5
32
63
9
-322
-734
-967
-1262
-1907
-2577
-2866
-2981
-3196
-3274
-3008
-2646
-2281
-1727
-1047
-495
-38
452
837
1058
1247
1388
1449
1537
1647
1667
1732
1966
2118
2086
2143
2266
2152
1865
1640
1335
842
361
-58
-509
-875
-1040
-1155
-1265
-1201
-949
-624
-318
-81
123
424
753
853
774
802
912
867
715
624
609
604
584
525
455
410
356
249
128
-22
-218
-395
-493
-550
-598
-587
-513
-392
-212
-36
55
110
153
-16
-455
-833
-1010
-1395
-2181
-2821
-2941
-2902
-3022
-3035
-2745
-2329
-1873
-1299
-704
-269
46
329
618
942
1200
1239
1208
1368
1641
1814
1949
2142
2254
2256
2312
2352
2188
1852
1462
1036
579
163
-258
-691
-968
-1028
-991
-938
-800
-546
-238
47
229
337
429
510
553
584
599
541
487
571
731
782
704
633
626
593
465
248
7
-192
-356
-509
-630
-700
-744
-719
-604
-442
-296
-166
-45
43
84
80
-97
-544
-1031
-1336
-1658
-2228
-2734
-2869
-2856
-2902
-2779
-2383
-1971
-1601
-1123
-602
-224
59
316
504
663
866
1061
1222
1433
1712
1979
2198
2334
2393
2410
2409
2301
2042
1696
1269
824
453
121
-250
-593
-743
-711
-652
-630
-564
-351
-66
96
122
199
315
289
205
270
431
526
586
701
824
896
906
829
685
521
315
68
-111
-218
-411
-686
-850
-824
-709
-590
-463
-333
-206
-67
71
173
206
95
-310
-881
-1240
-1386
-1751
-2393
-2769
-2742
-2708
-2719
-2420
-1943
-1720
-1584
-1155
-617
-294
-104
103
261
445
739
1010
1215
1468
1752
1960
2196
2451
2505
2397
2304
2149
1812
1423
1044
588
178
-14
-169
-435
-554
-397
-262
-312
-302
-139
-17
-19
-24
45
101
152
232
335
419
485
597
734
838
869
830
741
601
438
276
56
-246
-504
-550
-511
-590
-658
-524
-312
-205
-137
-51
-35
-75
-77
-81
-160
-414
-838
-1154
-1218
-1468
-2122
-2577
-2496
-2400
-2555
-2458
-2023
-1737
-1583
-1185
-758
-582
-392
-25
229
368
650
997
1289
1616
1900
1986
2070
2295
2423
2289
2061
1824
1549
1272
1004
671
336
104
-99
-298
-377
-316
-250
-244
-230
-165
-95
-55
-9
64
85
56
176
460
636
637
684
798
853
864
860
679
400
201
48
-142
-303
-428
-540
-506
-435
-478
-513
-331
-130
-82
-83
-73
-70
-39
-7
-143
-405
-693
-959
-1142
-1315
-1723
-2241
-2459
-2423
-2472
-2483
-2245
-2014
-1869
-1461
-882
-646
-616
-325
110
389
642
938
1156
1383
1734
2031
2179
2288
2323
2272
2225
2082
1672
1248
1032
820
493
272
143
-72
-202
-153
-174
-318
-313
-193
-161
-154
-61
-8
-20
14
111
256
448
628
731
792
800
759
734
670
436
133
-23
-85
-220
-434
-615
-676
-609
-510
-456
-390
-300
-257
-249
-184
-79
-7
-8
-52
-29
38
-139
-613
-1003
-1198
-1562
-2098
-2357
-2379
-2465
-2432
-2081
-1815
-1767
-1510
-984
-628
-489
-309
-89
179
551
857
988
1224
1660
2000
2122
2198
2266
2257
2183
2020
1730
1451
1210
866
521
334
152
-120
-210
-112
-149
-321
-331
-234
-213
-235
-255
-289
-198
68
274
402
581
746
793
813
797
691
589
494
339
198
82
-180
-448
-489
-420
-464
-519
-482
-407
-336
-329
-345
-275
-126
-89
-100
-89
-88
-100
-151
-480
-965
-1213
-1396
-1865
-2284
-2313
-2371
-2498
-2245
-1757
-1596
-1499
-1101
-675
-481
-307
-134
-39
205
613
952
1219
1605
1956
2161
2245
2273
2198
2163
2079
1788
1424
1169
959
684
468
303
172
50
-5
-119
-266
-379
-398
-402
-432
-395
-241
-27
138
274
402
544
706
863
838
671
507
426
330
230
129
38
-53
-162
-287
-337
-334
-461
-630
-663
-564
-516
-446
-314
-150
-82
-69
-7
92
104
-46
-216
-496
-910
-1302
-1465
-1725
-2118
-2385
-2423
-2375
-2130
-1684
-1517
-1570
-1301
-707
-492
-581
-471
-47
300
540
879
1396
1877
2108
2225
2429
2568
2353
2041
1912
1759
1329
965
915
915
674
381
214
60
-154
-328
-406
-463
-477
-465
-404
-253
-62
55
166
370
550
641
729
760
662
558
547
462
311
236
215
76
-54
-69
-146
-403
-609
-617
-606
-659
-662
-519
-425
-387
-297
-78
61
84
16
-41
-24
-49
-396
-940
-1237
-1366
-1706
-2099
-2141
-2113
-2267
-2250
-1804
-1458
-1420
-1346
-1024
-786
-741
-599
-230
208
579
916
1262
1706
2120
2304
2209
2148
2166
2075
1848
1698
1565
1297
1003
821
695
522
305
23
-185
-262
-325
-471
-511
-400
-302
-180
82
325
381
407
532
611
549
522
580
624
576
496
433
400
360
207
-16
-181
-278
-435
-621
-746
-773
-709
-514
-330
-267
-243
-164
-94
-60
-19
-64
-139
-83
-13
-321
-888
-1257
-1425
-1763
-2121
-2213
-2148
-2167
-2084
-1759
-1505
-1469
-1378
-1044
-718
-559
-437
-182
158
603
1072
1460
1711
1944
2171
2258
2184
1983
1773
1604
1452
1251
1069
918
728
476
307
161
-60
-213
-218
-267
-435
-429
-201
-23
57
184
330
454
555
582
508
527
667
686
573
556
594
506
324
205
15
-267
-433
-467
-517
-648
-691
-596
-458
-379
-338
-294
-206
-101
-21
-7
-8
-12
8
117
123
-204
-740
-1116
-1333
-1649
-2032
-2217
-2238
-2203
-1989
-1582
-1361
-1407
-1347
-1048
-811
-727
-534
-143
307
698
1061
1424
1781
2040
2184
2250
2182
1873
1535
1462
1443
1154
839
802
777
550
321
164
-86
-356
-455
-438
-404
-316
-193
-60
108
221
218
279
480
560
430
373
509
660
702
604
434
342
340
256
52
-160
-397
-664
-799
-725
-610
-606
-632
-515
-247
-61
-99
-154
-16
102
8
-49
129
297
203
-140
-613
-1040
-1259
-1460
-1862
-2195
-2192
-2073
-1975
-1679
-1343
-1314
-1372
-1069
-652
-525
-542
-326
153
741
1249
1536
1710
1900
2055
2029
1897
1718
1514
1348
1305
1315
1232
986
661
443
344
174
-121
-295
-272
-287
-393
-341
-87
170
273
274
269
351
447
424
365
420
517
530
563
625
524
263
105
65
-92
-364
-604
-729
-747
-650
-553
-532
-520
-404
-242
-142
-124
-182
-202
-129
29
99
121
154
203
27
-397
-891
-1276
-1593
-1945
-2142
-2117
-1985
-1903
-1665
-1360
-1181
-1191
-1079
-882
-719
-551
-230
227
752
1268
1561
1708
1845
1979
1864
1680
1556
1435
1247
1204
1265
1204
982
752
597
443
262
-36
-319
-445
-350
-207
-88
-16
105
296
415
347
254
299
366
395
472
595
633
664
708
606
312
27
-179
-338
-425
-474
-567
-605
-509
-369
-286
-255
-278
-344
-339
-280
-242
-187
15
219
293
217
156
120
-90
-636
-1210
-1405
-1523
-1867
-2168
-2037
-1877
-1851
-1664
-1311
-1285
-1441
-1271
-935
-739
-539
-81
360
717
1066
1443
1665
1755
1710
1593
1508
1445
1321
1245
1355
1384
1203
955
827
627
351
71
-166
-348
-349
-174
-12
102
192
284
305
312
312
334
330
335
409
576
751
827
815
638
317
27
-46
-85
-303
-559
-583
-459
-391
-368
-365
-390
-385
-352
-415
-458
-296
-77
7
87
217
200
81
132
236
23
-499
-1004
-1288
-1471
-1704
-1929
-1985
-1914
-1862
-1723
-1437
-1266
-1320
-1295
-1025
-703
-448
-167
176
571
1009
1372
1521
1537
1563
1573
1486
1372
1352
1401
1384
1269
1152
1044
835
552
335
191
10
-177
-216
-119
-11
80
176
227
193
115
79
136
267
373
429
492
580
635
605
489
292
103
-27
-175
-317
-358
-329
-356
-378
-296
-253
-409
-592
-518
-227
-30
-60
-122
-66
18
51
137
256
226
17
-283
-602
-917
-1180
-1404
-1603
-1744
-1836
-1835
-1689
-1402
-1214
-1223
-1249
-1062
-772
-586
-478
-241
144
535
916
1306
1601
1619
1471
1361
1390
1424
1365
1276
1269
1268
1159
968
762
549
284
21
-179
-235
-163
-46
51
146
202
134
8
-14
43
61
110
259
391
420
482
607
615
424
205
46
-85
-214
-282
-257
-215
-216
-240
-248
-276
-339
-423
-459
-409
-219
24
102
-16
-94
23
156
141
55
-20
-228
-637
-1021
-1189
-1311
-1561
-1750
-1731
-1654
-1577
-1320
-1019
-1026
-1227
-1189
-862
-558
-382
-154
206
620
987
1230
1311
1298
1344
1466
1520
1419
1275
1229
1255
1242
1161
1035
854
583
280
79
3
-40
-83
-44
76
181
200
145
88
59
51
70
125
211
310
392
453
512
506
373
173
48
-11
-126
-240
-206
-115
-194
-425
-556
-491
-394
-385
-425
-428
-390
-318
-194
-29
65
47
1
-22
-67
-186
-299
-363
-461
-705
-1039
-1276
-1379
-1442
-1516
-1505
-1347
-1170
-1082
-1033
-933
-809
-709
-570
-348
-111
118
375
676
985
1211
1284
1228
1201
1265
1312
1292
1261
1273
1249
1144
1018
885
683
421
235
190
170
96
74
186
287
219
111
133
168
53
-105
-85
88
249
363
452
459
322
120
-23
-58
-51
-84
-139
-148
-123
-161
-254
-300
-311
-392
-507
-501
-356
-237
-248
-296
-278
-214
-188
-233
-308
-336
-318
-339
-463
-623
-797
-992
-1113
-1083
-986
-954
-938
-849
-731
-675
-657
-639
-616
-546
-371
-135
86
277
460
609
700
765
800
795
765
765
826
928
1014
1036
1013
953
827
674
567
515
452
385
387
422
388
303
270
288
244
123
47
80
131
122
112
151
173
109
17
-30
-87
-194
-293
-287
-214
-161
-136
-119
-146
-256
-355
-346
-288
-290
-321
-291
-204
-135
-130
-179
-252
-308
-327
-337
-354
-373
-388
-407
-445
-478
-482
-483
-502
-524
-493
-423
-386
-376
-344
-281
-232
-232
-264
-263
-165
3
129
158
137
162
257
354
368
311
306
411
518
520
449
436
511
567
528
438
400
401
385
367
379
397
397
382
387
399
370
307
241
218
225
217
172
118
75
28
-23
-69
-94
-99
-87
-66
-50
-58
-103
-159
-192
-205
-212
-191
-132
-74
-92
-190
-286
-303
-265
-261
-286
-288
-263
-311
-442
-532
-496
-414
-420
-500
-530
-475
-430
-439
-442
-393
-361
-381
-385
-297
-170
-91
-73
-54
-11
22
82
204
301
240
91
55
207
387
458
486
539
535
403
293
356
496
538
489
480
522
507
409
316
286
292
332
431
499
424
237
123
151
198
156
72
28
3
-56
-116
-102
-25
16
-44
-143
-188
-170
-153
-191
-256
-287
-268
-230
-204
-188
-195
-263
-393
-491
-478
-394
-332
-342
-384
-422
-450
-466
-459
-423
-366
-308
-285
-321
-384
-401
-298
-116
12
23
-21
-18
37
68
78
146
272
332
266
189
202
245
233
217
285
392
423
372
339
349
345
325
337
369
341
290
311
399
403
291
215
253
293
241
198
232
247
138
-1
-10
83
119
37
-62
-109
-150
-213
-244
-167
-43
-15
-120
-250
-282
-256
-273
-317
-300
-249
-258
-346
-400
-369
-330
-345
-361
-339
-344
-412
-449
-379
-271
-232
-249
-230
-164
-135
-146
-134
-84
-32
-3
48
142
232
251
203
175
218
259
235
197
243
336
344
254
193
213
224
167
134
199
262
227
152
137
168
203
260
343
349
235
116
143
251
296
285
297
309
214
48
-35
12
80
49
-28
-56
-59
-113
-210
-262
-257
-254
-271
-256
-224
-247
-325
-376
-342
-287
-286
-315
-314
-283
-289
-332
-349
-322
-288
-270
-239
-193
-174
-210
-239
-219
-162
-105
-47
22
79
73
19
-2
52
149
222
245
222
202
208
216
206
186
186
217
268
287
257
199
159
162
188
221
230
220
201
178
152
159
203
240
226
176
152
173
207
208
174
126
78
64
94
124
107
29
-60
-97
-94
-98
-110
-116
-113
-151
-241
-326
-340
-284
-244
-254
-293
-327
-353
-371
-359
-314
-253
-219
-218
-244
-281
-296
-242
-129
-42
-44
-112
-152
-125
-70
-21
-2
2
12
28
55
74
81
124
194
215
160
83
80
142
192
201
201
209
194
146
108
119
158
192
204
200
179
154
155
187
208
186
146
129
150
179
191
181
163
134
99
67
58
78
98
82
17
-59
-98
-88
-57
-41
-57
-118
-201
-258
-267
-237
-201
-175
-163
-177
-224
-280
-307
-300
-254
-189
-123
-105
-148
-200
-213
-196
-172
-130
-67
-14
-9
-29
-29
-11
-9
-9
43
116
133
93
73
108
134
106
80
111
148
136
93
67
49
25
14
30
49
59
72
92
75
-8
-61
-1
113
159
122
101
134
151
116
91
132
189
199
168
141
122
106
102
114
105
47
-22
-41
-6
5
-46
-93
-94
-96
-130
-150
-109
-75
-115
-196
-225
-183
-137
-107
-80
-58
-91
-159
-189
-142
-76
-60
-72
-52
-10
-11
-65
-110
-108
-66
-17
4
-10
-35
-45
-32
-1
32
48
32
-12
-39
0
77
119
83
42
40
31
-6
4
72
94
26
-43
-8
82
97
35
22
76
84
15
-22
39
107
118
121
133
116
44
-3
39
111
123
100
115
135
99
37
24
43
33
1
2
29
20
-16
-17
5
-33
-134
-164
-81
-15
-65
-155
-152
-83
-79
-127
-122
-38
0
-71
-146
-118
-26
19
8
-4
5
5
4
15
16
-22
-55
-12
74
95
27
-45
-46
-5
11
5
19
34
13
-34
-44
2
44
20
-41
-58
-18
25
19
-15
-31
-26
-11
6
23
35
37
24
10
0
-5
14
49
67
55
33
26
21
9
11
39
65
50
8
-13
4
13
-2
-8
10
35
17
-25
-45
-37
-24
-24
-21
0
19
-9
-61
-66
-25
14
4
-29
-29
-1
13
-7
-21
-7
14
14
0
12
33
29
10
-6
1
19
27
32
42
34
2
-27
-16
9
12
-1
1
13
8
-23
-45
-32
-7
0
-12
-18
-17
-19
-23
-24
-10
6
12
2
-15
-24
-19
-3
19
27
11
-9
-14
-1
14
17
16
9
-2
-11
-4
10
18
8
-7
-7
-8
-11
-7
1
0
-10
-13
-7
-9
-22
-22
4
24
10
-13
-14
-3
2
9
26
30
18
-1
-2
11
19
17
12
5
-1
0
6
14
20
19
7
-5
-18
-18
-3
10
6
-10
-19
-8
1
-2
-6
3
1
-19
-26
-9
16
19
1
-8
-2
3
-4
-8
4
4
-8
-13
2
24
14
-5
-8
-1
5
-2
-3
4
12
13
10
12
2
-14
-22
-5
14
16
9
-3
-8
-12
-16
-12
-4
-5
-11
-18
-13
-8
-13
-15
-18
-10
-4
-14
-8
-4
-2
3
8
21
14
0
0
1
11
12
2
6
16
16
8
11
26
21
5
-9
-9
5
9
13
15
9
6
-8
-17
-13
-6
5
1
-2
0
-1
2
1
2
12
2
-7
-13
-9
5
9
14
8
-4
-12
-20
-9
2
-4
-7
-4
6
0
-20
-27
-10
11
9
-17
-29
-17
8
19
9
1
-1
2
3
1
6
12
17
12
-7
-16
-10
15
30
13
-15
-20
-4
14
19
4
-5
0
5
-3
-19
-26
-8
27
38
12
-28
-41
-20
6
13
9
9
7
-6
-20
-14
-2
8
16
15
0
-16
-23
-12
5
1
-6
3
27
27
-1
-27
-26
-8
4
0
-3
8
21
16
-7
-18
-12
1
8
12
14
11
4
-4
-11
-18
-11
10
33
35
6
-32
-49
-34
-1
39
57
39
-4
-43
-39
-18
1
12
23
33
25
1
-14
-16
-9
-1
10
17
20
18
3
-18
-19
7
28
22
4
-20
-31
-20
6
20
13
-3
-9
3
-2
-26
-36
-18
3
7
7
7
10
5
-22
-43
-36
-6
18
31
32
9
-24
-28
-13
-4
-1
9
20
22
14
-15
-34
-18
12
32
31
18
-9
-30
-34
-12
19
26
14
4
3
-7
-33
-48
-27
2
10
4
1
9
8
-20
-42
-20
12
14
7
19
32
23
3
-6
9
27
30
29
33
32
14
-7
-4
21
34
28
21
14
3
-3
-4
6
14
5
-11
-17
-2
11
6
-11
-20
-15
-12
-9
-14
-15
-11
-15
-21
-24
-16
-7
-4
-18
-32
-31
-19
-8
-3
6
-2
-23
-40
-36
-11
7
2
-3
-5
-9
-19
-24
-7
10
13
6
13
22
6
-21
-22
9
36
23
-3
-4
16
13
-13
-21
6
36
32
4
-8
-3
0
-7
-1
16
19
10
8
17
9
-9
-15
3
31
35
20
8
2
-5
-11
1
24
29
19
6
1
-2
-14
-11
9
22
10
-9
-11
-9
-12
-18
-2
18
16
-9
-26
-24
-9
-2
-7
-5
-1
2
-2
-7
-16
-24
-13
6
11
-12
-23
-7
8
-6
-28
-22
-1
11
-2
-10
0
-1
-19
-20
3
20
9
-10
-5
6
4
-17
-16
11
33
26
1
-13
-7
4
9
8
10
15
12
6
0
-3
-7
-4
10
23
11
-16
-16
7
28
5
-21
-11
22
25
-3
-19
-6
11
5
-3
8
19
8
-14
-15
-2
5
4
8
9
-1
-14
-14
-2
2
-5
-8
10
17
6
-12
-18
-7
3
5
-3
0
-3
3
8
11
0
-14
-12
4
21
12
-9
-12
-7
-1
2
-4
-4
-7
-4
0
5
2
-9
-4
7
4
-13
-17
-4
16
12
0
-3
-1
0
-6
-12
-2
11
12
3
-2
-2
-4
-6
-6
1
-1
-8
0
19
20
-3
-14
1
10
-2
-17
-8
16
21
4
-9
1
12
4
-9
-12
-3
4
8
9
11
8
3
2
-3
-12
