10
17
21
30
37
11
-34
-51
-35
-18
0
18
26
8
-14
-30
-22
11
43
35
21
3
-11
-35
-39
-26
0
17
14
13
8
-21
-31
5
63
55
-5
-57
-49
-9
11
1
7
32
32
5
-14
-16
-16
-17
-6
3
19
23
17
-1
-23
-43
-29
13
35
27
19
14
3
-19
-34
-16
0
11
18
36
17
-6
-26
-26
-31
7
27
29
4
9
3
-19
-25
-13
1
7
16
-4
-20
-13
22
17
-12
-33
0
20
24
4
-6
-19
-3
13
2
-15
-2
16
11
-13
-18
-4
5
13
-4
-13
-9
13
-4
-17
-4
35
26
-7
-41
-18
13
17
12
18
9
-19
-18
-4
10
7
12
3
7
-12
-10
-11
2
0
7
16
16
-3
-9
-9
-9
5
3
6
-3
13
14
-8
-37
-19
2
13
13
3
11
12
-3
-35
-29
0
15
9
-2
14
3
-14
-10
19
4
-20
-19
17
22
8
-1
-9
-22
0
20
-4
-21
17
42
2
-29
-19
16
9
20
9
-9
-23
-2
3
8
6
5
-10
-16
2
5
-2
0
11
6
4
-8
-15
-4
14
6
2
-11
3
6
9
-3
-3
-12
-14
-6
3
9
6
8
-24
-24
-25
-11
-4
23
14
-7
1
5
-7
-4
28
8
-10
-8
13
-3
6
50
50
-2
-35
-33
-11
0
12
3
-9
2
8
-10
-36
-12
2
0
-5
19
16
11
-9
-18
-24
2
29
32
28
12
-3
-22
-10
-9
-8
-4
-1
-3
-7
-7
-21
-5
7
28
-3
-3
0
1
16
19
6
-10
7
10
1
-34
-6
19
28
-12
-32
-11
-18
-7
-5
9
43
17
9
-22
-10
5
6
-13
-25
-27
-12
5
42
31
8
-3
-36
-30
-18
1
24
11
18
9
-6
-2
-6
-25
-2
7
5
0
16
16
17
10
-26
-4
-25
-17
13
29
-13
23
40
35
-8
-5
-34
-33
10
-19
-49
-9
72
51
-7
-36
-1
-2
-16
-44
-47
-13
29
74
47
4
-39
-40
-28
19
29
17
-26
-11
-3
-14
-20
6
31
43
28
11
-35
-63
-4
23
2
-25
-26
60
65
-1
-88
-37
-9
17
44
50
22
-11
-8
16
-8
-41
-58
-70
-2
67
73
52
17
19
20
-58
-37
-39
-7
-18
-27
-2
19
14
29
53
62
22
-36
-64
-60
-18
-3
25
0
4
34
24
3
-25
-34
18
37
21
-19
-70
-11
22
21
2
-23
-39
-15
2
37
65
36
-4
-34
-33
-25
20
9
37
-11
-53
-32
-18
-9
45
29
11
-8
10
1
1
8
0
-39
-57
1
71
49
17
-16
-4
-10
-6
22
-10
-23
-19
-24
27
41
44
17
-53
-21
13
7
-19
-19
-14
32
22
-35
-27
23
13
29
-14
-35
-5
-25
-31
5
19
35
3
-8
-14
9
35
-15
-52
-17
16
54
32
2
10
-50
-32
-24
-13
12
28
21
41
35
20
-26
-17
-36
-36
21
31
-14
-65
-37
-5
88
72
26
-14
-7
-8
-6
-50
-92
0
49
58
57
34
-41
-62
-29
-6
12
-11
22
17
-15
-20
6
11
-17
-72
-9
71
49
21
4
-30
-34
-13
-2
20
-32
23
61
6
-70
6
3
-56
28
75
3
-51
48
64
36
-43
-89
-46
-50
-3
31
84
87
84
-16
-65
-55
-84
-38
25
4
-12
12
47
112
78
-72
-66
-62
-70
-3
53
-17
-44
33
106
106
-21
-19
-32
-43
-59
-29
-35
-19
6
51
73
-1
52
-45
-7
-43
-19
-37
28
85
19
-127
-115
-84
15
223
118
-12
-20
63
105
5
-1
-90
-138
-136
-1
65
94
-49
-4
-38
78
147
92
-8
-41
0
-160
-163
-83
-3
-58
-44
244
177
46
-25
102
65
-40
-129
-151
19
-142
-90
-36
132
87
131
120
-53
-62
-88
-39
67
63
-43
-142
-43
3
-15
65
206
71
-84
-16
33
55
32
-32
-71
-70
-72
-84
33
56
38
19
23
-79
-37
35
25
24
-54
-121
-151
35
125
93
82
124
19
-110
-42
-15
-7
-77
9
81
69
14
85
107
35
-74
-157
-177
-71
52
127
40
1
33
-25
-103
12
72
-28
-77
-18
-32
-6
18
70
38
5
-120
-117
-9
156
142
81
-18
-84
-92
-51
-52
-41
109
67
-9
-49
39
69
108
26
-58
-65
-28
-10
44
103
30
-156
-141
2
92
122
139
37
-97
-58
-14
-98
-117
2
83
111
102
-70
-169
-73
13
61
101
97
-100
-47
-40
27
-58
-83
-59
67
201
118
46
-123
-236
-137
65
112
-22
5
147
142
35
-129
-200
-131
-11
66
-2
164
114
-5
-48
64
60
-133
-61
-7
85
-41
-33
28
-72
-155
56
337
146
-109
-102
-65
11
95
33
-211
-242
-47
50
139
192
126
-11
-29
22
12
-52
-82
-108
-98
-40
48
79
26
77
26
-122
-82
229
271
-29
-92
-57
-157
-217
-20
44
24
-6
-1
122
208
99
-15
-39
-38
-59
-128
-207
-34
83
-13
24
89
106
104
146
6
-93
-74
-132
-104
-46
-82
-138
32
190
210
213
114
-56
-47
-173
-309
-197
68
62
77
174
105
-6
32
65
39
-51
-90
-123
-94
-115
-69
108
123
69
37
68
85
22
-60
-110
-35
12
-106
-100
14
32
72
86
-12
43
76
43
42
103
-57
-190
-240
-125
52
91
1
20
213
135
127
41
-44
-162
-144
-115
-131
-95
77
112
172
113
7
-9
-118
14
111
98
-79
-148
-57
-139
-6
-66
31
136
157
98
-44
72
16
-75
-152
-274
-122
113
73
121
51
260
64
-54
-63
-103
-10
-194
-98
3
63
-6
14
121
113
63
46
6
-92
52
-62
-108
-127
-114
-109
61
189
161
115
19
104
68
40
-185
-207
-205
-73
18
-30
99
195
175
211
-99
-73
-95
-87
-138
-197
-64
134
203
97
-88
-14
45
32
8
6
77
127
15
-152
-297
-47
-22
68
176
156
9
65
12
-48
-67
-33
-271
-195
79
188
114
-45
43
54
1
21
-74
0
39
5
19
-168
-170
-50
2
155
345
270
12
-152
-120
-163
-163
-160
15
122
256
90
33
-14
-55
-18
-35
-57
-83
-68
-14
34
6
-94
68
104
39
90
138
57
-246
-78
-89
-142
17
97
26
70
107
63
-72
18
-73
3
129
-40
-172
36
174
-46
-247
-90
-9
210
146
35
93
41
-212
-250
-62
-53
45
217
34
-96
51
41
-57
130
168
-67
-106
-111
-202
-112
178
108
66
126
87
-69
-31
-5
4
78
-13
-313
-185
-9
77
191
233
138
-82
-49
-21
-7
-73
-4
6
-87
-182
-133
7
201
243
173
-10
-128
-25
-45
-122
-116
61
51
-94
-7
65
75
32
-84
-47
132
204
17
-118
-132
-107
3
-22
-44
28
96
-11
36
152
97
-46
84
24
-233
-231
-86
-13
-21
178
172
104
108
42
-141
-14
5
-175
-218
-2
60
45
8
76
149
131
50
-90
-176
-141
-55
44
108
78
34
-102
-59
-51
12
66
121
88
22
-202
-55
70
56
14
1
-143
-123
19
-1
122
94
13
15
28
28
-88
-125
-15
-40
13
99
176
33
-115
-111
-1
49
-30
-49
16
20
73
95
70
-58
-87
-108
-19
54
26
-96
-7
78
173
140
69
-37
-191
-223
-158
-10
73
142
91
-7
-17
10
55
109
2
-30
-66
-144
-95
-28
12
-8
119
90
-62
-45
122
107
21
28
18
-151
-76
-69
-114
-114
53
65
40
107
170
215
82
-145
-250
-250
-139
100
217
54
-96
-29
35
118
51
-23
-10
100
75
-150
-136
-62
-63
-128
-121
-1
195
391
302
51
-83
-234
-166
-143
-192
-92
66
81
71
226
215
71
72
-58
-208
-153
-59
18
-86
-21
-53
-81
86
140
183
126
3
-48
-142
43
60
29
-76
-286
-193
-58
126
209
119
136
88
122
126
-17
-32
-202
-326
-396
-183
66
235
321
186
123
247
31
-271
-352
-253
-166
37
187
65
51
190
131
-31
-63
-33
32
-28
-101
-89
61
-18
-55
157
185
-78
-167
-85
-4
57
11
-129
0
247
202
86
-12
-128
-40
114
-21
-347
-193
152
298
254
17
-273
-226
-42
49
-15
22
-148
-48
147
67
-85
38
50
-42
-40
140
114
139
3
-93
30
53
-131
-135
-64
-43
15
24
-11
-45
6
-13
-34
95
122
76
68
-106
-207
-144
-30
-55
51
234
182
125
82
-109
-80
-92
-91
-50
59
-72
-166
95
154
108
88
-155
-141
113
169
122
-100
-181
-77
-15
-109
-91
149
272
195
-2
-41
-5
-158
-216
-16
51
5
-16
21
15
-55
-132
-64
135
208
45
-51
7
-83
-85
36
-6
-74
109
178
51
32
-15
-26
-86
-68
-71
-76
131
-24
-62
154
121
16
15
-33
-145
-121
-41
-68
10
56
69
2
-1
35
-16
58
-10
-88
-56
15
9
0
65
-20
46
20
40
2
-53
1
-29
44
13
3
36
13
-25
5
-38
-81
-16
55
46
33
19
-24
2
-57
-36
-45
-49
21
112
95
43
23
1
-4
-94
-45
-54
-8
-5
-47
-11
-25
12
39
81
27
8
15
21
-20
-62
-87
-66
33
71
106
51
54
52
-42
-90
-85
-61
-51
-33
16
42
33
-5
20
53
6
12
-2
18
4
-1
-34
-30
-66
-4
71
100
44
-36
-19
-30
3
-17
-17
-7
-12
42
2
-11
-54
-17
-34
-29
31
33
56
45
25
2
-20
-48
-68
-27
-13
35
53
32
3
0
26
0
-7
-29
-38
-19
-4
-9
-16
12
36
43
30
-13
-23
-38
-14
-10
10
7
16
30
22
2
-4
-5
-7
-25
-8
5
31
24
7
-8
-26
-34
-24
15
18
18
12
13
-4
-12
-11
-24
-3
11
9
-17
-7
-2
11
15
3
1
0
-4
-28
-19
-14
1
14
3
4
7
19
14
1
-11
-26
-16
-12
9
18
19
9
0
-2
-2
1
7
0
-4
-12
-2
17
21
10
-3
-3
-3
-2
-2
7
3
-11
-9
2
7
17
21
14
-11
-15
-13
-1
-5
-7
-3
0
1
0
8
1
-3
-6
-3
-9
-11
0
2
-2
-9
-7
-2
-4
2
6
7
-2
-8
-4
1
10
10
6
-6
-3
2
4
-4
-10
0
6
6
6
10
11
5
-5
-8
0
2
3
0
-2
-1
0
5
5
10
4
-6
-10
-7
0
0
1
-4
-1
4
-2
-3
0
5
-5
-8
-3
1
2
-3
-7
-8
-11
-5
1
13
10
2
-3
1
0
-1
-1
0
-1
-1
-1
2
3
0
-1
-1
-6
2
14
16
5
0
-5
-8
-7
0
7
6
1
2
0
-1
6
7
7
6
2
-5
-5
0
6
4
-4
-2
3
3
-1
-4
-5
-7
-1
-2
2
1
0
-3
-4
-8
-8
-6
-5
-3
-1
-5
-9
-6
0
-2
-8
-7
-4
0
0
2
1
0
-3
-4
-4
3
5
6
-1
-2
1
6
9
20
25
24
16
9
9
10
9
16
25
37
50
48
41
30
22
25
38
51
60
61
47
31
16
14
19
30
39
33
8
-22
-50
-74
-83
-74
-58
-44
-34
-43
-63
-97
-123
-138
-145
-135
-122
-124
-142
-182
-209
-216
-212
-191
-163
-140
-121
-121
-128
-135
-134
-108
-64
-15
32
73
97
100
96
104
138
194
252
308
339
340
325
317
330
360
402
442
449
433
391
331
276
263
276
303
342
388
397
363
324
282
238
191
171
143
97
16
-70
-167
-241
-290
-290
-275
-253
-250
-274
-348
-451
-577
-727
-879
-1033
-1181
-1338
-1471
-1608
-1720
-1791
-1757
-1656
-1471
-1217
-890
-561
-250
52
349
609
842
1050
1204
1315
1365
1358
1286
1241
1217
1210
1188
1223
1251
1239
1161
1083
987
885
780
712
682
648
622
607
611
597
640
693
736
712
715
662
589
478
421
343
341
307
225
73
-77
-445
-1027
-1589
-2086
-2753
-3522
-3986
-4272
-4522
-4627
-4290
-3865
-3368
-2685
-1736
-946
-241
403
1025
1425
1742
1903
1962
1953
1976
1950
1935
1942
1915
1858
1858
1882
1718
1452
1167
888
461
46
-317
-589
-842
-882
-733
-499
-284
44
481
895
1213
1505
1750
1860
1900
1896
1763
1531
1346
1249
1087
899
712
578
399
264
72
-67
-247
-415
-582
-699
-1078
-1713
-2185
-2478
-2974
-3651
-3903
-4030
-4186
-4189
-3675
-3320
-2996
-2364
-1386
-730
-175
428
961
1273
1603
1844
1819
1757
1765
1755
1628
1563
1420
1294
1247
1318
1230
1052
871
737
520
251
-20
-268
-521
-648
-540
-348
-248
-20
443
925
1238
1577
1858
1974
1989
2084
1997
1745
1535
1469
1296
1087
907
771
604
480
340
182
3
-236
-403
-502
-789
-1479
-1962
-2220
-2693
-3574
-4011
-4177
-4413
-4638
-4270
-3806
-3448
-2890
-1906
-1027
-344
331
994
1498
1876
2132
2121
2009
1881
1760
1574
1417
1204
1042
1022
1092
1037
941
884
789
598
427
192
-186
-530
-645
-710
-799
-732
-434
-132
223
720
1254
1588
1833
2101
2337
2357
2214
2032
1868
1639
1377
1124
858
556
353
267
137
-19
-69
-87
-187
-206
-234
-655
-1355
-1800
-2131
-2892
-3834
-4340
-4579
-4881
-4921
-4459
-3938
-3461
-2576
-1382
-425
271
1016
1652
2037
2309
2412
2188
1921
1808
1643
1355
1171
1074
968
989
1095
1059
912
862
745
475
202
-17
-380
-737
-879
-852
-867
-815
-561
-130
327
750
1179
1584
1902
2122
2331
2412
2278
2046
1932
1779
1469
1113
857
551
285
154
106
-33
-102
-97
-96
-81
-127
-629
-1382
-1800
-2092
-2968
-4031
-4455
-4614
-4999
-5091
-4509
-3922
-3463
-2559
-1252
-228
514
1254
1913
2321
2603
2622
2348
2052
1894
1642
1272
998
844
773
795
848
825
776
702
572
383
170
-170
-540
-758
-823
-897
-891
-738
-484
-140
354
872
1267
1645
2053
2371
2481
2488
2390
2201
1980
1780
1494
1126
792
547
371
213
14
-189
-218
-193
-230
-278
-227
-519
-1167
-1663
-1916
-2623
-3716
-4388
-4622
-5016
-5305
-4931
-4290
-3778
-2946
-1595
-412
424
1221
2042
2531
2790
2816
2549
2139
1879
1632
1269
920
688
593
651
780
791
746
724
652
461
276
46
-304
-614
-728
-758
-791
-720
-526
-201
228
722
1115
1474
1881
2251
2447
2489
2448
2311
2116
1882
1601
1248
878
515
226
11
-124
-254
-295
-266
-211
-136
-18
-126
-673
-1283
-1687
-2239
-3296
-4241
-4668
-4937
-5302
-5182
-4521
-3839
-3202
-2088
-759
218
902
1644
2286
2608
2735
2654
2359
2030
1820
1511
1117
835
709
586
556
607
598
487
454
439
293
42
-177
-374
-575
-692
-710
-691
-586
-294
111
485
880
1350
1776
2079
2297
2478
2501
2371
2166
1968
1674
1291
907
625
346
126
-13
-66
-116
-46
51
1
-56
-20
-199
-909
-1518
-1872
-2467
-3602
-4370
-4639
-4951
-5329
-5067
-4428
-3923
-3277
-2059
-808
58
841
1697
2364
2735
2938
2812
2523
2232
1963
1509
1131
858
639
462
531
615
559
491
542
542
384
159
-91
-347
-582
-696
-744
-719
-588
-263
162
591
1016
1484
1870
2105
2300
2454
2427
2212
2027
1846
1567
1203
907
616
330
83
-84
-231
-310
-335
-316
-302
-265
-171
-153
-479
-1093
-1469
-1810
-2637
-3783
-4349
-4615
-5061
-5336
-4845
-4213
-3719
-2830
-1452
-304
489
1335
2135
2634
2889
2958
2706
2368
2075
1758
1320
1004
760
580
518
612
623
568
557
584
506
341
122
-117
-343
-509
-603
-638
-590
-426
-133
232
638
1062
1486
1828
2101
2327
2450
2382
2222
2051
1785
1394
1043
732
355
-12
-221
-371
-471
-441
-320
-311
-264
-75
37
-269
-846
-1314
-1712
-2416
-3458
-4225
-4616
-4937
-5230
-5004
-4437
-3870
-3139
-1902
-642
277
1076
1954
2643
3026
3146
2975
2693
2411
2057
1511
1096
807
530
310
368
413
317
293
423
410
242
95
-74
-322
-522
-569
-637
-640
-485
-166
154
553
1005
1445
1779
2064
2273
2393
2383
2237
2032
1790
1494
1124
805
510
208
-102
-272
-342
-346
-347
-269
-179
-62
93
184
-140
-761
-1202
-1528
-2361
-3541
-4262
-4576
-5056
-5417
-5076
-4479
-4047
-3297
-1930
-659
175
992
1932
2616
2996
3124
2967
2646
2386
2041
1519
1061
800
544
348
358
445
407
376
451
498
416
241
20
-198
-354
-487
-604
-633
-513
-295
53
458
863
1252
1676
2009
2227
2362
2384
2234
2037
1821
1468
1048
742
461
102
-162
-261
-342
-391
-312
-223
-162
-66
81
140
21
-433
-997
-1424
-1899
-2841
-3813
-4325
-4635
-5072
-5179
-4778
-4346
-3866
-2844
-1499
-479
363
1334
2251
2789
3104
3146
2922
2601
2346
1906
1404
1026
783
526
447
537
550
472
533
637
547
364
211
-18
-298
-414
-456
-582
-639
-410
-129
88
390
830
1198
1532
1887
2159
2243
2279
2245
2067
1766
1461
1120
759
419
121
-186
-421
-505
-453
-373
-296
-192
-35
187
335
118
-494
-1027
-1384
-2059
-3209
-4118
-4565
-4972
-5399
-5292
-4799
-4342
-3702
-2476
-1163
-229
587
1580
2429
2960
3240
3244
3017
2806
2563
2062
1487
1083
781
490
378
367
302
241
369
474
424
252
131
-39
-250
-446
-570
-701
-742
-595
-265
111
472
868
1337
1846
2197
2355
2365
2368
2234
1965
1569
1200
810
472
169
-82
-325
-436
-418
-355
-284
-186
-81
7
212
353
112
-500
-892
-1153
-1817
-2980
-3818
-4279
-4765
-5261
-5218
-4844
-4470
-3829
-2641
-1377
-424
458
1471
2385
2971
3247
3206
3033
2845
2583
2072
1554
1165
856
585
509
484
364
249
353
465
373
165
38
-82
-238
-358
-437
-563
-637
-500
-236
-13
204
558
981
1364
1694
1989
2128
2168
2225
2228
1939
1480
1165
921
522
57
-205
-403
-564
-571
-389
-322
-232
-26
199
281
308
17
-609
-1093
-1401
-2193
-3386
-4083
-4357
-4857
-5334
-5119
-4671
-4345
-3672
-2383
-1243
-411
533
1647
2472
3018
3318
3343
3215
3093
2737
2129
1615
1270
860
504
404
359
233
223
393
449
342
239
155
-47
-261
-399
-521
-656
-658
-481
-219
38
348
754
1206
1583
1849
2077
2224
2232
2153
2035
1752
1333
1011
814
501
92
-189
-327
-452
-509
-473
-425
-353
-202
0
206
249
-109
-627
-923
-1294
-2281
-3408
-3977
-4331
-4938
-5282
-5011
-4623
-4252
-3413
-2219
-1231
-371
653
1657
2422
2993
3248
3222
3177
3103
2674
2072
1666
1325
873
562
461
294
110
131
247
214
126
81
23
-83
-191
-313
-399
-421
-420
-379
-214
4
197
490
910
1280
1556
1850
2097
2184
2170
2091
1874
1542
1221
908
557
214
-55
-272
-452
-551
-572
-538
-442
-309
-167
40
273
217
-231
-650
-884
-1460
-2554
-3482
-3944
-4421
-4979
-5096
-4777
-4451
-3979
-3008
-1831
-888
-58
893
1844
2570
2986
3146
3187
3171
2968
2536
2089
1719
1309
906
664
523
324
161
172
236
208
125
61
-4
-79
-156
-277
-406
-444
-399
-336
-214
-8
234
517
866
1208
1480
1720
1903
1977
1998
1959
1735
1380
1109
879
511
81
-222
-420
-570
-622
-610
-588
-474
-280
-119
44
187
-8
-486
-757
-941
-1695
-2800
-3428
-3739
-4335
-4889
-4856
-4574
-4337
-3713
-2610
-1576
-729
261
1348
2217
2842
3208
3305
3286
3243
2958
2419
1937
1581
1174
799
594
392
117
12
88
77
-36
-74
-55
-89
-97
-101
-195
-303
-260
-189
-189
-138
32
215
422
735
1077
1322
1515
1734
1913
1972
1885
1716
1487
1232
922
551
126
-253
-529
-705
-816
-838
-762
-581
-352
-146
37
219
202
-169
-556
-754
-1221
-2197
-2994
-3316
-3736
-4417
-4657
-4436
-4275
-4043
-3256
-2243
-1413
-570
511
1519
2309
2915
3236
3308
3336
3246
2799
2244
1838
1444
955
670
548
357
184
251
333
290
237
229
149
63
-11
-161
-324
-368
-374
-399
-302
-116
31
228
584
897
1081
1297
1539
1637
1679
1723
1618
1369
1200
1043
706
307
31
-220
-534
-739
-799
-844
-817
-583
-343
-218
-11
260
167
-262
-526
-721
-1397
-2381
-2982
-3327
-3901
-4438
-4466
-4267
-4152
-3733
-2824
-1915
-1198
-316
778
1700
2358
2855
3166
3301
3331
3140
2680
2234
1889
1450
981
720
544
292
159
239
261
179
200
276
205
79
31
-66
-257
-382
-408
-422
-382
-236
-61
142
442
753
964
1150
1369
1517
1575
1603
1564
1421
1270
1108
806
441
155
-117
-434
-649
-717
-772
-785
-645
-443
-284
-68
123
19
-255
-385
-596
-1280
-2117
-2640
-3102
-3778
-4298
-4383
-4333
-4239
-3772
-2945
-2109
-1315
-355
700
1601
2297
2810
3149
3373
3455
3249
2822
2437
2064
1562
1087
795
536
237
95
113
97
63
92
116
75
21
-57
-181
-270
-334
-439
-512
-451
-336
-224
-18
290
593
849
1124
1390
1575
1650
1613
1498
1342
1130
832
502
196
-96
-364
-565
-699
-754
-713
-626
-487
-285
-86
108
388
550
307
-63
-202
-488
-1306
-2152
-2596
-3065
-3761
-4165
-4155
-4148
-4059
-3493
-2655
-1923
-1180
-243
721
1552
2224
2645
2890
3142
3273
3039
2635
2331
1995
1563
1238
1016
710
437
388
396
269
140
84
-8
-128
-216
-334
-504
-592
-591
-606
-622
-555
-412
-209
66
340
561
812
1103
1319
1427
1508
1544
1461
1313
1164
965
702
448
212
-42
-269
-401
-463
-524
-543
-443
-307
-213
-50
214
273
-24
-306
-429
-839
-1666
-2341
-2715
-3267
-3948
-4213
-4129
-4112
-3955
-3324
-2503
-1809
-1040
-40
937
1712
2351
2843
3152
3336
3343
3099
2753
2416
1978
1468
1095
832
516
246
169
137
32
-47
-65
-111
-172
-237
-337
-415
-428
-462
-520
-471
-361
-314
-194
107
396
588
854
1187
1407
1527
1651
1704
1614
1489
1366
1173
902
633
382
113
-160
-382
-544
-665
-716
-669
-579
-479
-314
-154
-224
-432
-530
-724
-1322
-2024
-2436
-2846
-3501
-3965
-3989
-3978
-4004
-3626
-2877
-2174
-1502
-605
383
1222
1952
2549
2946
3227
3400
3296
2973
2680
2355
1851
1348
997
648
266
40
-47
-142
-200
-172
-150
-149
-97
-65
-119
-168
-167
-199
-262
-273
-233
-176
-65
122
332
549
808
1095
1317
1456
1560
1627
1587
1438
1235
990
703
402
110
-179
-426
-583
-679
-738
-694
-565
-480
-414
-198
2
-128
-417
-500
-623
-1209
-1914
-2295
-2650
-3268
-3714
-3741
-3727
-3753
-3431
-2755
-2098
-1479
-688
209
1028
1728
2280
2683
3006
3205
3139
2891
2641
2333
1898
1483
1133
750
386
194
74
-115
-251
-259
-255
-272
-249
-241
-267
-243
-182
-189
-222
-182
-118
-68
56
225
348
486
723
970
1112
1194
1278
1354
1385
1309
1126
926
767
563
278
2
-212
-390
-505
-549
-551
-508
-432
-333
-167
-6
-84
-340
-451
-534
-1021
-1731
-2155
-2457
-3017
-3534
-3646
-3641
-3701
-3462
-2850
-2240
-1695
-938
-15
796
1462
2033
2508
2883
3108
3092
2919
2739
2475
2044
1616
1294
927
496
213
74
-102
-285
-344
-332
-344
-338
-305
-290
-271
-218
-171
-149
-114
-70
-11
103
245
353
460
629
817
957
1072
1160
1199
1213
1203
1109
938
769
594
369
122
-81
-243
-383
-483
-505
-473
-457
-460
-357
-199
-254
-502
-603
-631
-999
-1598
-1961
-2213
-2717
-3217
-3372
-3400
-3484
-3348
-2884
-2359
-1842
-1176
-371
434
1179
1801
2297
2753
3108
3187
3053
2893
2648
2224
1776
1408
997
554
259
115
-54
-231
-289
-265
-251
-239
-219
-224
-214
-160
-128
-147
-149
-110
-60
23
157
284
377
521
744
937
1021
1053
1107
1166
1153
1057
908
764
649
510
312
87
-95
-231
-359
-440
-446
-471
-527
-457
-262
-246
-495
-654
-651
-882
-1428
-1882
-2182
-2627
-3127
-3370
-3457
-3598
-3572
-3169
-2615
-2099
-1493
-704
146
924
1605
2148
2580
2924
3097
3051
2895
2681
2348
1955
1609
1262
872
543
330
138
-36
-116
-165
-240
-251
-185
-185
-243
-229
-181
-209
-228
-149
-87
-54
73
259
381
494
683
854
938
1014
1110
1151
1132
1098
1024
886
743
616
447
230
37
-105
-220
-308
-352
-399
-470
-443
-296
-284
-538
-756
-750
-895
-1424
-1941
-2190
-2512
-3012
-3300
-3341
-3450
-3509
-3170
-2610
-2156
-1674
-954
-118
644
1305
1837
2296
2732
3007
3017
2915
2795
2533
2156
1840
1528
1091
681
450
271
28
-180
-282
-325
-342
-355
-371
-337
-255
-217
-213
-143
-64
-41
-16
62
132
215
352
480
599
772
937
1030
1157
1291
1285
1189
1152
1087
877
626
419
199
-28
-197
-327
-442
-518
-559
-546
-467
-467
-661
-840
-857
-1019
-1503
-1972
-2236
-2569
-3011
-3284
-3386
-3477
-3433
-3098
-2615
-2120
-1541
-841
-65
736
1421
1919
2354
2794
3057
3056
2951
2805
2537
2187
1851
1480
1040
673
437
219
-7
-163
-253
-313
-308
-262
-268
-306
-281
-195
-153
-180
-192
-137
-70
-37
27
157
287
420
618
832
970
1086
1248
1365
1345
1266
1199
1092
902
653
392
151
-44
-209
-370
-494
-558
-576
-542
-464
-488
-690
-849
-867
-1051
-1570
-2051
-2298
-2619
-3088
-3370
-3441
-3521
-3472
-3101
-2613
-2177
-1603
-811
-16
681
1331
1923
2411
2804
3052
3078
2966
2822
2591
2210
1793
1434
1066
682
401
220
31
-123
-157
-151
-173
-172
-135
-124
-138
-137
-143
-161
-173
-183
-183
-132
-9
111
189
344
626
842
944
1112
1324
1377
1345
1367
1310
1109
897
704
454
184
-68
-305
-459
-536
-622
-699
-671
-560
-525
-664
-840
-893
-1021
-1467
-1988
-2284
-2576
-3048
-3414
-3495
-3508
-3481
-3224
-2726
-2138
-1534
-852
-42
762
1416
1949
2445
2833
3040
3075
2960
2774
2563
2225
1790
1440
1139
777
464
293
140
-11
-75
-90
-119
-126
-120
-135
-139
-163
-239
-286
-286
-310
-325
-287
-213
-76
114
288
512
792
992
1146
1372
1518
1475
1421
1380
1214
965
708
421
150
-83
-326
-496
-550
-618
-678
-615
-491
-443
-515
-692
-822
-915
-1264
-1844
-2250
-2521
-2965
-3398
-3553
-3600
-3625
-3411
-2920
-2337
-1742
-1061
-249
595
1306
1866
2349
2735
2977
3057
2946
2719
2476
2165
1782
1451
1161
828
568
453
336
196
135
123
86
58
23
-43
-89
-142
-244
-330
-354
-380
-417
-397
-280
-120
20
195
495
803
982
1171
1442
1584
1561
1537
1484
1273
992
743
473
155
-145
-373
-521
-609
-661
-668
-637
-595
-492
-398
-522
-774
-890
-1009
-1461
-2040
-2398
-2706
-3154
-3494
-3550
-3538
-3507
-3184
-2557
-1947
-1394
-672
177
931
1555
2060
2407
2675
2887
2874
2640
2418
2206
1877
1538
1296
1026
739
604
566
468
341
274
259
244
171
36
-74
-127
-223
-374
-458
-472
-520
-559
-453
-260
-150
-13
318
677
876
1080
1373
1562
1606
1628
1575
1384
1148
892
569
240
-40
-290
-490
-594
-619
-593
-540
-485
-387
-268
-303
-534
-756
-921
-1279
-1882
-2391
-2706
-3101
-3546
-3712
-3627
-3557
-3379
-2869
-2198
-1571
-902
-129
635
1312
1871
2272
2581
2838
2900
2724
2534
2384
2096
1718
1448
1253
995
774
675
608
524
458
376
269
185
83
-97
-260
-389
-567
-715
-724
-708
-733
-594
-315
-123
82
473
829
1017
1267
1567
1639
1589
1631
1598
1336
1039
818
542
213
-68
-300
-476
-573
-640
-667
-582
-493
-483
-404
-304
-487
-840
-982
-1141
-1715
-2362
-2662
-2947
-3429
-3692
-3605
-3511
-3377
-2914
-2257
-1639
-979
-223
510
1170
1742
2124
2359
2572
2679
2556
2339
2170
1975
1699
1471
1336
1181
1000
899
875
817
696
561
434
309
142
-82
-283
-425
-582
-750
-785
-726
-730
-673
-399
-96
76
328
719
1012
1203
1447
1608
1592
1583
1572
1393
1107
862
610
317
53
-158
-327
-438
-484
-469
-380
-314
-325
-287
-189
-289
-669
-1000
-1186
-1599
-2297
-2819
-3082
-3443
-3817
-3855
-3671
-3490
-3141
-2505
-1792
-1121
-427
283
965
1561
1949
2153
2353
2514
2453
2245
2098
1979
1771
1560
1452
1351
1222
1152
1133
1054
903
740
576
374
114
-179
-419
-586
-746
-871
-894
-838
-727
-514
-272
-50
259
599
813
1013
1317
1459
1396
1435
1525
1377
1111
966
800
521
272
70
-143
-299
-376
-441
-454
-397
-336
-279
-209
-156
-157
-308
-650
-986
-1235
-1694
-2407
-2915
-3134
-3443
-3785
-3763
-3484
-3263
-2897
-2180
-1439
-865
-229
509
1115
1553
1898
2085
2171
2274
2268
2071
1917
1878
1754
1596
1575
1555
1400
1289
1275
1155
900
668
452
173
-114
-350
-575
-798
-941
-968
-932
-881
-785
-571
-259
55
336
629
927
1151
1309
1439
1476
1380
1266
1213
1091
829
582
433
295
134
-12
-119
-171
-162
-138
-118
-89
-80
-101
-120
-171
-417
-853
-1220
-1493
-1944
-2584
-3054
-3271
-3476
-3659
-3592
-3320
-3014
-2597
-1937
-1227
-658
-125
482
1060
1475
1723
1845
1945
2072
2099
1968
1867
1852
1788
1700
1709
1674
1481
1334
1303
1155
825
512
255
-41
-327
-556
-774
-944
-999
-967
-869
-699
-526
-332
3
389
613
766
1020
1250
1316
1326
1339
1255
1117
1043
957
744
527
417
333
196
40
-86
-168
-201
-224
-241
-245
-284
-354
-345
-328
-538
-951
-1241
-1401
-1776
-2370
-2792
-2983
-3219
-3435
-3378
-3143
-2937
-2599
-1975
-1297
-775
-274
312
869
1280
1558
1730
1841
1965
2047
2010
1936
1930
1941
1908
1882
1853
1740
1585
1456
1276
987
656
313
-36
-334
-574
-826
-1030
-1046
-950
-877
-745
-459
-186
-1
275
615
779
830
1009
1188
1148
1067
1106
1075
903
812
783
630
437
365
299
135
-3
-75
-168
-256
-268
-268
-324
-404
-426
-407
-531
-893
-1253
-1429
-1715
-2311
-2813
-2988
-3185
-3470
-3454
-3168
-2965
-2682
-2047
-1329
-829
-344
271
826
1208
1483
1641
1727
1856
1954
1911
1877
1945
1976
1980
2056
2074
1913
1745
1646
1431
1032
648
306
-54
-386
-623
-813
-948
-961
-879
-737
-530
-326
-147
113
406
574
655
816
981
1008
1002
1061
1069
994
951
945
850
697
572
472
347
178
-8
-169
-259
-320
-387
-441
-458
-481
-495
-479
-502
-731
-1097
-1350
-1523
-1932
-2545
-2925
-3037
-3214
-3399
-3244
-2911
-2646
-2249
-1538
-874
-460
-30
528
986
1257
1435
1518
1590
1727
1844
1828
1824
1905
1978
2030
2079
2007
1818
1655
1479
1161
760
387
-2
-362
-582
-725
-896
-963
-841
-668
-505
-282
-81
49
264
530
617
591
706
861
863
856
951
957
861
883
964
872
662
551
493
355
150
-56
-232
-328
-355
-387
-430
-407
-339
-292
-254
-259
-453
-841
-1168
-1388
-1809
-2469
-2938
-3071
-3199
-3376
-3269
-2894
-2552
-2145
-1471
-813
-421
-44
468
861
1034
1151
1259
1341
1481
1634
1686
1747
1922
2074
2120
2148
2108
1938
1734
1520
1165
729
368
18
-348
-587
-690
-788
-815
-678
-496
-339
-124
73
149
265
460
507
440
527
674
676
707
885
956
886
934
1019
886
665
548
408
162
-47
-204
-385
-524
-543
-508
-488
-420
-336
-281
-228
-198
-369
-793
-1187
-1425
-1808
-2475
-2968
-3054
-3098
-3238
-3082
-2610
-2244
-1917
-1283
-594
-251
-19
389
747
892
997
1089
1146
1302
1543
1658
1743
1968
2167
2225
2275
2274
2047
1744
1505
1160
656
231
-98
-418
-627
-676
-716
-725
-567
-355
-190
-35
63
90
201
348
328
281
417
553
584
723
947
981
929
1010
1075
930
695
486
307
143
-39
-265
-438
-467
-432
-381
-328
-264
-205
-136
-111
-161
-378
-822
-1282
-1562
-1880
-2533
-3076
-3150
-3077
-3173
-3023
-2538
-2150
-1850
-1268
-620
-366
-230
109
452
582
722
902
1051
1281
1616
1877
2043
2228
2354
2404
2429
2322
1987
1658
1393
1021
563
210
-91
-391
-540
-532
-504
-471
-355
-213
-37
89
46
-40
43
119
19
34
286
478
562
812
1089
1137
1086
1117
1031
769
491
252
7
-176
-297
-438
-526
-485
-360
-243
-151
-120
-45
31
-12
-180
-340
-704
-1291
-1680
-1812
-2253
-2901
-3027
-2780
-2779
-2803
-2350
-1910
-1765
-1459
-866
-579
-548
-339
29
252
459
727
977
1294
1690
2001
2201
2434
2531
2487
2443
2358
2016
1622
1325
1013
641
349
103
-161
-298
-288
-288
-336
-303
-223
-162
-107
-69
-100
-176
-161
-64
34
86
233
489
714
886
1040
1116
995
864
758
577
247
-16
-187
-281
-311
-319
-344
-307
-143
-58
0
24
72
-28
-107
-220
-321
-604
-1051
-1464
-1637
-1850
-2382
-2713
-2671
-2584
-2752
-2561
-2200
-1995
-1906
-1451
-1025
-853
-677
-327
19
302
651
920
1235
1587
1954
2159
2391
2504
2497
2437
2404
2171
1807
1530
1262
917
587
395
150
-82
-211
-213
-285
-357
-373
-335
-306
-276
-239
-232
-170
-57
95
197
370
549
708
832
971
1034
947
830
717
602
390
193
21
-47
-65
-74
-121
-141
-104
-87
-97
-136
-152
-207
-289
-405
-444
-557
-925
-1360
-1538
-1672
-2177
-2644
-2678
-2601
-2774
-2737
-2337
-2036
-1898
-1527
-984
-703
-521
-231
114
353
622
883
1135
1448
1788
2051
2226
2372
2384
2346
2234
2022
1688
1398
1113
808
536
339
144
-36
-106
-130
-173
-256
-270
-261
-234
-268
-292
-265
-185
-128
-49
134
321
448
590
811
930
929
904
871
731
551
407
251
92
-17
-37
-46
-31
-38
-48
-42
-37
-70
-104
-106
-215
-330
-365
-361
-677
-1129
-1403
-1527
-1915
-2459
-2695
-2677
-2717
-2804
-2528
-2184
-1966
-1741
-1217
-795
-619
-431
-53
316
574
868
1144
1460
1802
2144
2277
2353
2391
2359
2186
1998
1730
1395
1127
917
665
409
294
136
-37
-140
-134
-261
-376
-402
-394
-411
-389
-337
-308
-165
9
161
299
531
690
797
918
1008
967
859
760
597
437
313
164
-33
-93
-48
-75
-135
-146
-142
-182
-183
-203
-233
-238
-300
-382
-377
-379
-773
-1239
-1441
-1563
-2070
-2549
-2624
-2552
-2576
-2478
-2117
-1856
-1639
-1358
-959
-738
-610
-464
-156
206
497
751
1074
1508
1838
2073
2212
2299
2231
2133
2001
1792
1477
1206
1047
917
726
506
385
303
161
-40
-136
-221
-352
-462
-386
-298
-283
-246
-59
106
177
284
441
538
562
706
826
811
729
745
676
527
401
319
146
-7
-18
-6
-73
-183
-189
-153
-129
-180
-185
-166
-203
-320
-346
-372
-728
-1264
-1577
-1665
-2039
-2534
-2710
-2587
-2537
-2451
-2116
-1817
-1670
-1481
-1052
-785
-678
-575
-257
129
533
907
1230
1602
1969
2275
2350
2360
2240
2088
1871
1708
1465
1197
990
872
748
566
409
216
16
-197
-306
-442
-569
-643
-530
-383
-264
-167
28
249
362
419
521
640
643
685
764
798
716
713
702
580
418
333
197
-6
-112
-135
-214
-309
-296
-271
-236
-188
-134
-132
-104
-162
-273
-325
-442
-884
-1387
-1530
-1662
-2121
-2507
-2442
-2378
-2421
-2222
-1862
-1785
-1737
-1345
-960
-860
-758
-416
-62
333
784
1169
1426
1760
2105
2243
2217
2124
1989
1805
1687
1508
1286
1103
1019
884
710
529
294
39
-163
-289
-464
-552
-543
-438
-336
-185
-48
57
168
279
370
413
522
622
733
813
923
928
864
771
636
407
159
17
-124
-276
-377
-309
-265
-255
-272
-252
-251
-234
-228
-257
-242
-234
-245
-273
-256
-509
-959
-1295
-1400
-1728
-2231
-2431
-2330
-2303
-2266
-1949
-1681
-1586
-1406
-994
-760
-648
-445
-93
263
673
1048
1317
1612
1927
2089
2067
2070
1957
1760
1586
1520
1296
1057
908
823
643
430
233
-4
-185
-347
-443
-574
-574
-539
-390
-270
-119
-31
64
212
371
456
475
639
822
945
942
1011
964
824
636
501
274
35
-123
-197
-187
-177
-159
-196
-152
-159
-184
-230
-246
-313
-352
-333
-361
-363
-479
-844
-1309
-1416
-1537
-1996
-2375
-2270
-2152
-2198
-1900
-1483
-1426
-1473
-1062
-700
-654
-601
-255
85
460
930
1310
1544
1777
2023
2072
2028
1864
1659
1462
1405
1268
1082
933
836
656
463
291
23
-257
-434
-474
-537
-494
-426
-255
-98
76
127
193
269
233
223
345
511
467
623
857
963
806
806
702
403
111
-44
-216
-421
-386
-395
-329
-226
-84
-181
-185
-168
-248
-310
-224
-147
-219
-111
-33
-18
-209
-527
-1073
-1393
-1566
-1965
-2401
-2367
-2086
-2085
-1867
-1435
-1207
-1376
-1158
-803
-683
-725
-401
96
540
1014
1433
1791
1982
2153
2101
2032
1809
1599
1413
1404
1314
1148
1033
916
733
440
193
-147
-393
-560
-536
-510
-414
-286
-96
83
163
186
117
85
92
231
316
465
676
910
1009
1046
998
728
409
136
-77
-366
-458
-474
-433
-351
-148
-96
-174
-228
-310
-418
-461
-375
-372
-244
-33
119
86
97
-173
-813
-1330
-1469
-1773
-2325
-2413
-2099
-1907
-1825
-1439
-1202
-1319
-1355
-1059
-882
-861
-630
-142
413
940
1413
1678
1824
1916
1926
1774
1572
1403
1318
1325
1368
1353
1257
1112
880
576
259
-73
-400
-590
-564
-442
-316
-168
12
161
223
204
198
219
138
81
276
574
623
662
902
993
754
589
535
211
-186
-267
-223
-347
-399
-302
-260
-287
-250
-274
-414
-489
-453
-344
-197
-41
78
213
285
232
109
-196
-803
-1366
-1500
-1631
-1996
-2158
-1897
-1739
-1698
-1466
-1293
-1458
-1544
-1284
-1045
-858
-518
-39
415
959
1415
1602
1622
1670
1641
1550
1517
1472
1402
1418
1515
1468
1304
1073
767
386
121
-66
-266
-432
-411
-276
-141
-42
-3
-28
-80
-82
-41
39
43
88
321
673
798
773
810
819
595
389
328
129
-184
-256
-123
-148
-241
-265
-279
-331
-296
-307
-392
-409
-295
-175
-24
152
228
213
194
161
30
-221
-682
-1159
-1401
-1490
-1728
-1948
-1907
-1763
-1742
-1661
-1465
-1421
-1513
-1410
-1047
-723
-497
-182
272
696
1012
1252
1447
1521
1515
1561
1658
1635
1506
1483
1543
1480
1277
1067
815
488
211
61
-84
-248
-315
-224
-88
-26
-42
-54
-44
-46
-31
58
125
95
190
483
655
576
611
750
643
386
339
294
4
-194
-118
-101
-253
-286
-229
-268
-304
-251
-263
-322
-287
-179
-71
47
127
120
109
114
55
-86
-362
-809
-1205
-1358
-1509
-1796
-1926
-1834
-1808
-1786
-1542
-1364
-1480
-1484
-1173
-903
-740
-422
-7
334
715
1121
1327
1380
1472
1557
1585
1623
1622
1549
1535
1554
1413
1163
939
666
332
101
-34
-192
-289
-256
-194
-151
-78
-43
-83
-104
-70
-30
25
155
268
259
265
419
544
468
381
431
408
263
240
250
23
-209
-156
-99
-246
-305
-185
-130
-99
27
48
-78
-66
85
126
87
99
78
25
52
-10
-385
-856
-1145
-1329
-1542
-1707
-1793
-1842
-1789
-1596
-1431
-1441
-1513
-1445
-1227
-975
-696
-378
-31
365
817
1171
1320
1356
1398
1460
1524
1554
1520
1469
1473
1467
1362
1161
891
586
333
156
-18
-177
-238
-217
-168
-100
-66
-113
-162
-153
-158
-184
-147
-54
65
251
444
514
508
509
464
360
270
177
74
61
133
146
89
50
-7
-105
-163
-192
-252
-282
-213
-125
-71
-27
-13
-50
-84
-107
-159
-224
-343
-584
-868
-1071
-1216
-1354
-1421
-1414
-1408
-1344
-1204
-1135
-1212
-1254
-1134
-924
-689
-434
-194
49
362
674
871
953
994
1050
1153
1260
1276
1221
1215
1261
1260
1181
1038
841
652
528
423
291
180
142
142
140
120
67
-8
-49
-54
-70
-97
-93
-80
-82
-47
34
97
143
212
252
224
172
119
32
-59
-91
-71
-50
-35
-26
-45
-84
-117
-151
-200
-240
-238
-202
-164
-147
-152
-175
-197
-216
-242
-295
-388
-506
-644
-774
-869
-926
-924
-861
-760
-653
-558
-500
-514
-554
-565
-510
-405
-262
-104
32
160
267
330
335
320
318
356
435
529
600
638
671
700
690
637
567
508
486
497
526
545
558
574
580
547
475
371
260
167
101
57
26
21
38
63
75
48
-10
-79
-147
-212
-264
-286
-280
-250
-192
-141
-114
-108
-114
-120
-124
-125
-122
-112
-88
-66
-65
-84
-118
-158
-191
-211
-230
-247
-257
-252
-241
-238
-244
-250
-246
-234
-221
-209
-195
-174
-149
-128
-117
-121
-123
-118
-117
-116
-121
-122
-113
-101
-81
-64
-56
-47
-29
-9
9
21
30
39
61
94
129
166
202
242
279
314
337
349
348
347
349
351
350
344
331
313
292
267
236
202
168
144
124
113
107
103
93
82
71
56
43
35
31
33
41
54
53
48
36
18
-5
-36
-68
-104
-137
-170
-204
-238
-268
-297
-322
-343
-360
-376
-388
-398
-400
-398
-396
-390
-381
-369
-350
-325
-295
-261
-222
-179
-138
-100
-70
-48
-28
-13
5
23
42
62
87
110
137
162
188
218
246
274
305
334
357
366
375
377
374
371
363
357
348
335
316
287
247
202
157
115
84
62
50
44
43
41
36
24
10
-8
-25
-36
-46
-46
-45
-42
-38
-41
-48
-67
-90
-114
-145
-176
-202
-228
-250
-267
-279
-292
-302
-307
-315
-316
-313
-307
-296
-284
-261
-235
-211
-184
-162
-145
-128
-112
-95
-75
-45
-12
27
63
96
122
135
138
134
130
129
136
150
169
194
216
235
246
245
241
233
225
222
226
235
242
247
244
230
209
183
150
120
90
60
38
20
0
-14
-32
-43
-53
-63
-70
-74
-70
-65
-59
-57
-51
-46
-47
-49
-59
-68
-76
-92
-109
-128
-149
-165
-178
-188
-198
-205
-209
-218
-229
-238
-245
-241
-233
-211
-185
-157
-127
-98
-71
-48
-25
-6
18
37
54
72
90
107
123
138
153
164
172
176
177
179
181
184
186
193
197
203
201
192
179
165
154
142
140
142
147
148
146
132
106
74
38
2
-33
-53
-64
-67
-62
-59
-63
-78
-99
-128
-155
-172
-181
-178
-168
-148
-126
-105
-95
-92
-94
-107
-122
-140
-151
-157
-159
-156
-150
-143
-136
-123
-111
-103
-99
-91
-86
-79
-71
-58
-42
-27
-13
-4
9
19
29
35
48
69
96
120
133
147
162
180
189
187
183
183
193
203
197
182
169
162
154
134
102
75
62
67
77
72
62
60
71
85
81
58
34
19
12
-1
-28
-49
-51
-37
-28
-39
-62
-84
-105
-126
-152
-173
-172
-149
-112
-81
-65
-59
-60
-64
-83
-118
-149
-154
-132
-104
-78
-66
-50
-37
-40
-59
-87
-104
-101
-89
-79
-75
-66
-47
-32
-28
-39
-52
-58
-48
-36
-19
2
25
53
79
93
101
108
114
123
127
133
143
155
165
168
159
146
134
125
117
101
87
79
74
63
59
58
61
63
57
51
43
35
23
8
-6
-9
-8
-9
-13
-15
-20
-27
-47
-80
-97
-109
-120
-127
-124
-109
-99
-96
-89
-77
-67
-58
-54
-47
-33
-27
-28
-22
-14
-1
0
-6
-4
-7
-13
-22
-28
-31
-32
-32
-27
-16
-9
-6
-1
0
1
4
9
17
25
37
43
45
42
21
7
4
4
1
0
17
43
53
46
37
32
26
10
-2
4
20
35
51
62
70
65
53
39
28
13
2
10
27
39
39
38
35
21
-8
-48
-71
-84
-88
-84
-70
-49
-36
-37
-45
-67
-98
-117
-109
-85
-60
-35
3
45
66
56
26
2
2
7
-3
-16
-9
27
62
74
58
31
6
-19
-42
-58
-54
-6
67
122
115
63
23
10
-11
-71
-110
-88
-17
38
50
45
21
-15
-66
-120
-162
-155
-62
76
128
46
-37
-16
-9
-269
-681
-792
-411
113
266
92
69
381
652
520
180
96
403
751
776
516
281
238
227
48
-244
-398
-281
-63
9
-87
-179
-156
-114
-180
-325
-395
-327
-201
-128
-113
-87
-27
25
2
-79
-127
-73
42
109
87
54
83
139
107
-19
-128
-117
-28
30
3
-43
-37
1
-23
-133
-228
-210
-108
-45
-47
-59
-19
34
10
-62
-94
-23
97
163
126
61
79
132
96
-23
-42
118
303
287
113
44
158
246
136
-30
-1
168
234
104
-31
-12
70
61
-46
-116
-68
29
54
-21
-118
-133
-88
-89
-176
-240
-165
-39
-35
-154
-217
-138
-55
-111
-217
-194
-35
77
37
-55
-60
23
77
21
-60
-46
54
108
37
-74
-68
52
129
87
33
87
195
197
82
6
59
156
149
66
41
108
146
68
-47
-57
26
51
-52
-163
-122
23
83
-23
-147
-124
-17
-23
-171
-248
-105
123
190
75
-8
68
180
128
-42
-101
43
194
153
-14
-71
40
123
15
-143
-132
28
103
-26
-188
-170
-25
25
-77
-159
-94
15
10
-104
-181
-133
-31
17
-1
-9
30
84
79
-2
-78
-67
11
59
25
-14
25
99
72
-63
-165
-121
-11
14
-40
-26
117
227
158
-4
-54
35
100
37
-45
-4
125
173
65
-70
-99
-31
-7
-89
-177
-135
8
83
8
-94
-50
90
140
41
-31
43
158
145
28
-21
55
128
94
12
-15
17
27
-13
-56
-61
-33
4
13
-18
-60
-72
-59
-62
-96
-122
-87
-24
0
-29
-47
-22
14
23
9
18
62
108
112
83
55
52
61
49
6
-25
-9
28
27
-20
-54
-41
-3
2
-36
-66
-47
0
10
-37
-85
-66
-6
22
-15
-57
-46
-8
-1
-48
-93
-79
-25
7
-14
-41
-26
9
16
-8
-33
-14
29
55
45
35
50
72
74
50
33
39
60
62
47
35
43
57
40
4
-24
-34
-38
-52
-65
-54
-27
-6
-5
-8
0
8
2
-18
-25
-12
5
3
-9
-10
5
9
-9
-28
-25
-5
6
6
13
42
66
65
47
33
33
30
8
-18
-25
-15
-3
-1
-14
-19
-14
-10
-22
-45
-50
-35
-12
-6
-10
-5
12
19
3
-23
-28
-24
-17
-19
-21
-13
-4
2
0
-2
-8
-13
-10
-5
7
14
20
31
38
36
22
2
-7
-8
-8
-11
-11
3
10
8
0
-9
-13
-19
-23
-18
-8
11
26
33
34
28
24
17
6
-1
2
15
28
34
30
23
14
7
-5
-18
-24
-18
1
17
17
6
0
-2
-6
-19
-28
-27
-10
4
10
0
-9
-11
-11
-20
-33
-37
-26
-11
-8
-11
-20
-17
-13
-14
-18
-16
-5
-2
-2
-3
-7
-5
-2
4
8
7
5
7
11
16
16
13
17
25
28
16
7
5
7
5
0
-2
-2
-1
2
0
-10
-18
-16
-7
-2
1
1
8
15
19
17
11
5
6
8
7
5
4
11
16
15
6
0
-3
-5
-6
-8
-5
-5
-4
1
-1
-6
-10
-7
-4
-5
-4
1
6
7
2
-5
-18
-19
-6
2
-3
-3
6
9
-3
-17
-14
-6
-2
-1
5
6
4
0
-1
-3
-7
0
3
3
1
7
13
5
-3
-3
0
-8
-18
-15
-5
2
1
-2
-2
2
-2
-8
-15
-17
-10
-3
5
7
11
15
14
6
0
0
6
8
8
4
9
16
8
-2
-6
-1
1
-11
-13
-6
8
7
1
4
8
11
5
-4
-5
-1
6
4
-1
-1
5
7
-5
-9
-7
-2
-1
-6
-12
-9
-2
3
3
1
8
17
18
9
-4
-1
7
11
2
-6
6
20
20
-3
-23
-19
-5
-8
-29
-29
-4
18
12
-12
-20
-5
1
-14
-30
-16
10
21
11
2
7
18
12
-8
-17
-6
5
6
-1
-2
5
11
7
-6
-11
-4
0
0
0
1
8
13
11
8
5
5
5
1
-4
-6
-12
-13
-10
-10
-9
-10
-7
-4
2
0
-6
-10
-12
-5
-3
-4
-1
9
21
23
12
9
10
11
7
9
12
11
10
14
10
-1
-6
-3
1
-7
-6
1
2
-5
-20
-20
-9
-5
-10
-13
-2
8
3
-9
-7
7
13
12
11
12
14
7
-5
-8
-3
8
6
-1
-3
2
-4
-15
-19
-14
-8
-4
-4
1
6
3
-7
-11
-12
-7
-1
8
15
19
14
3
-2
-10
-14
-17
-10
-1
8
10
7
2
-7
-8
-6
-5
0
7
13
16
11
1
-6
-3
1
0
-3
0
10
5
0
-10
-8
-5
-6
-9
-8
-2
6
14
7
7
9
12
12
8
4
-3
-4
-2
-2
-3
-6
-1
1
-5
-15
-15
-16
-20
-23
-16
0
10
12
15
17
11
0
-7
0
10
13
17
29
30
18
5
-2
-3
-11
-15
-4
11
11
0
-9
-18
-31
-41
-35
-23
-8
1
13
19
10
-10
-19
-10
5
12
19
42
61
51
23
6
4
-9
-33
-45
-28
-1
1
-12
-15
-12
-23
-57
-79
-66
-40
-17
1
27
55
59
40
18
9
5
1
9
27
50
55
48
34
13
-10
-35
-46
-38
-17
0
11
20
21
10
-9
-36
-48
-47
-33
-12
4
22
36
36
23
4
-12
-21
-19
-11
1
17
35
39
32
15
-2
-16
-29
-35
-29
-13
1
12
13
10
2
-9
-18
-19
-9
4
15
21
25
22
12
1
-9
-11
-9
-4
-2
0
6
4
-2
-9
-13
-12
-11
-9
-8
-1
1
4
1
-2
2
4
3
-2
-3
-2
1
-2
0
0
1
3
-1
-5
-7
-5
-7
-8
-6
-1
5
12
11
10
13
9
9
4
4
7
6
5
5
7
3
3
2
2
-1
-2
-5
-5
-7
-9
-6
-5
-3
0
-1
0
0
0
-3
-2
0
3
2
1
1
2
2
-2
-2
-4
-7
-7
-8
-7
-6
-5
-6
-5
-5
