-1
2
-1
1
1
3
3
0
1
-1
0
-2
-1
-1
0
2
5
2
6
4
0
-2
1
1
0
1
0
2
2
1
-3
-8
-5
-4
-2
2
2
2
3
5
4
6
4
-8
-5
-2
-3
4
5
3
1
2
4
0
-3
-9
-13
-5
0
1
0
2
1
1
3
1
0
-2
-2
-7
-4
4
4
-1
-2
-1
0
1
-1
1
-1
2
4
1
-2
3
6
2
-3
-7
-1
-5
-1
2
2
3
0
-2
-3
-7
-6
0
3
0
2
0
-1
2
4
3
-1
2
3
-5
-2
5
4
3
4
1
5
4
0
0
-1
2
-2
-2
2
-3
0
4
7
3
-3
-4
1
-1
-2
-2
0
3
0
-4
-4
0
5
-2
-7
-2
4
5
2
-1
1
5
4
0
-7
-4
3
6
-1
-6
-2
0
0
-5
-4
2
0
-2
0
1
-1
0
4
2
1
2
1
0
-3
-1
-2
-2
1
-1
-3
-1
0
2
3
2
1
0
-2
-5
-2
1
0
6
2
1
0
-5
-5
0
8
4
-5
-6
1
4
3
1
4
8
5
1
-2
-1
1
-5
-5
2
3
3
-2
-3
2
3
-5
-8
-4
2
5
8
5
0
2
-1
-6
-8
-1
-2
-6
-4
-1
5
4
-2
0
-5
0
1
-2
-1
1
6
4
6
3
-3
0
4
-1
-4
-2
2
3
-2
-5
2
1
-3
-2
2
1
-1
4
1
4
1
-2
0
0
0
-6
0
3
1
-2
0
2
-1
-6
-5
3
3
0
1
-1
1
5
0
-2
0
-2
-7
-6
1
2
-2
-5
-2
2
2
-3
2
0
-4
-1
2
4
3
3
-2
0
-2
1
2
5
4
5
6
5
-1
-7
-2
2
-3
-9
-1
1
0
4
3
2
-1
1
-2
-4
-4
-1
0
3
1
1
4
3
-2
-4
0
-6
-4
-3
6
-3
-6
-3
1
5
0
-4
-5
2
1
4
0
1
4
2
4
-2
-3
1
0
-5
-1
1
4
-5
-4
-1
0
-3
-1
6
-1
-6
6
8
1
4
10
5
-3
-4
0
4
-8
-3
6
9
3
2
1
-1
0
-3
3
-1
1
-3
0
-1
-2
-4
-4
0
-2
-2
0
-3
-1
2
-1
-2
-6
-4
0
-3
-7
3
5
3
-2
-1
4
-3
-5
-2
1
1
1
0
0
3
3
5
-1
-4
-2
4
-1
-5
-1
4
8
6
1
-3
1
1
-4
-5
0
4
1
4
3
5
-1
-5
-6
-1
6
0
-5
0
5
-1
-7
-5
-4
-6
-3
3
-1
2
2
2
6
1
1
-3
-4
-2
3
3
4
5
5
0
-5
-3
-3
0
-3
-2
0
-3
9
4
-10
-10
0
7
1
0
0
6
5
-1
-2
-3
1
1
4
-1
3
4
-7
-14
-1
23
7
3
-2
-15
8
-2
0
-23
-13
24
25
28
2
-41
-31
-11
7
26
-7
-6
-11
-1
23
20
-18
-61
-16
53
46
-41
-68
64
54
-45
-22
2
-34
8
7
29
-15
-33
38
32
31
-40
-35
-4
-46
62
30
7
32
-48
15
-6
-6
14
-59
8
12
-19
73
51
5
-92
-22
106
-15
-74
-83
29
42
-49
80
136
6
-42
-103
-42
-22
-18
-55
88
56
27
84
61
-90
-170
18
11
-71
-54
152
168
-21
-66
-55
-26
-9
-28
-16
-14
179
0
-83
-92
0
54
24
108
8
-119
-18
125
-76
-178
8
141
91
-23
-11
-57
28
-12
-26
-112
-1
168
127
-28
-196
-80
56
42
80
15
-18
-33
-126
-12
103
41
22
6
45
24
-161
-104
38
120
45
-21
-13
3
62
-69
-35
-58
97
59
17
-98
-19
83
-39
-38
75
24
-129
1
155
32
-52
-117
-36
23
29
29
84
-43
-126
118
59
-19
-158
88
36
-77
-52
-39
208
125
-8
-209
-145
-27
87
221
-4
-90
-47
8
-62
-62
109
121
84
-155
-155
-2
87
83
47
14
-100
-45
-14
-35
17
92
99
-62
-92
-36
43
10
-40
104
-4
-72
-1
60
14
-68
39
-29
-7
58
-23
-40
-19
91
-5
-2
-65
-13
-9
52
39
19
-47
-64
73
-16
-11
12
87
-38
-46
-18
-25
23
53
24
-40
-37
-23
-7
61
23
34
-6
-24
-93
-55
63
22
63
-42
-9
30
38
-49
-60
36
89
-101
-70
85
56
-71
-33
102
48
-90
-68
-15
33
49
47
105
-70
-135
-95
27
91
4
101
56
-33
-116
-102
32
93
112
-7
-57
-75
-24
-12
62
-67
-6
78
105
60
-36
-41
-28
-94
-138
-82
156
87
67
91
4
6
-91
-100
-86
-26
30
35
74
68
70
29
-56
-175
-154
129
244
27
-110
-117
-83
54
58
25
-12
8
23
36
-17
-49
-56
45
26
-87
20
84
43
-84
-92
86
81
-28
-12
-59
-39
43
149
-1
-52
-145
-49
50
146
50
-117
-45
53
79
-154
6
123
129
-146
-77
83
29
-22
-53
-82
1
36
152
42
-84
46
-64
-135
57
68
21
-43
36
26
-86
-51
144
102
-150
-128
-50
45
122
35
-19
157
41
-268
-214
10
242
115
-92
81
-24
-171
-126
121
210
53
-41
-90
-150
-116
84
71
87
132
-21
-62
-174
-55
54
50
121
59
-78
-88
-17
-1
123
19
-144
92
38
-73
-111
-112
216
293
-10
-278
-172
-21
105
71
53
125
-21
66
-149
-183
-73
-11
256
173
29
-164
-120
13
86
-115
-56
83
112
39
-61
-44
-1
-118
72
38
-30
60
22
47
-124
-66
-112
133
220
63
-101
-136
-139
-56
195
175
-12
-63
-70
-33
9
-18
-61
106
48
28
-135
68
15
-39
17
-51
7
13
135
-62
-69
-34
-14
-29
58
201
-8
-201
-106
48
116
88
-28
-180
54
34
-43
11
22
189
-232
-29
-2
22
123
29
58
-135
-47
92
-56
-265
213
251
-104
-52
-69
10
158
-28
-58
-176
-15
238
-38
-157
-43
268
8
39
2
-144
-144
-107
211
35
-2
129
14
-101
10
-74
-43
5
-54
32
120
60
-4
-27
-74
-33
-64
129
35
-191
27
87
138
-74
-118
93
40
-87
-92
21
-25
-23
255
89
-115
-122
-286
172
297
64
-227
-175
95
-34
81
195
17
-159
-65
136
2
-195
15
99
-23
-57
47
148
-96
-77
186
62
-40
-215
-184
13
79
310
237
-125
-224
-351
26
294
256
-137
-168
52
35
-53
-69
59
-4
147
20
-222
-57
45
37
118
135
-120
-107
-86
31
80
5
-73
-9
147
3
-171
14
162
-39
-171
-83
152
196
109
-239
-191
-72
209
178
39
-149
-217
-15
145
195
0
-44
-68
-101
23
-6
23
135
1
-90
4
-21
-38
130
-74
-138
97
219
17
-264
-87
79
21
124
177
-189
-197
87
41
-14
61
106
-109
-207
18
267
-12
24
14
-209
-76
73
79
-41
70
39
157
-157
-139
-39
-109
237
166
-63
-175
18
60
-151
92
188
-14
-126
-130
-21
106
119
-84
-18
100
-128
-56
147
32
-32
-68
-104
72
43
-85
-1
213
165
-38
-252
-298
120
103
-64
71
159
159
227
-427
-438
-48
280
243
-84
115
2
-28
-125
-25
-53
77
-32
-122
239
136
12
-174
-136
14
-35
198
-121
-126
190
156
60
-199
-100
-19
-62
-19
156
278
-41
-202
-76
-5
70
96
-160
-198
54
247
363
-96
-356
-25
23
17
-198
62
89
84
329
-62
-219
-27
47
-419
23
290
123
126
-145
-6
22
-123
-66
-58
129
54
7
98
-203
-86
98
183
-90
-10
-41
-73
-82
97
301
-158
-118
-130
78
179
185
-308
-108
213
-6
-13
-260
-37
315
173
-95
-277
150
287
-270
-470
-90
480
541
-38
-502
-217
61
235
-23
-69
160
0
9
-231
-75
163
214
-31
-74
-56
-185
162
80
-141
-64
252
96
-283
3
-6
128
-15
-37
-72
-19
238
-134
-209
102
246
69
-407
-105
226
220
50
-158
-139
-129
167
78
-97
66
-64
34
43
1
115
-51
-149
-43
-105
75
152
-17
113
116
-46
-364
-12
177
-47
-32
170
-13
-70
-33
202
-18
-270
120
97
-119
-153
91
216
29
-108
74
4
-234
-17
-78
74
389
-4
-178
-214
75
-66
60
277
-80
-217
-18
165
-101
90
70
-164
5
148
-185
-174
213
360
-61
-251
-274
-1
222
-76
105
227
69
-137
-358
-39
104
208
181
-245
-86
164
-77
-62
131
-162
-240
275
173
-30
70
-115
-179
-21
81
265
-47
-256
61
157
-165
-143
217
348
-191
-408
94
47
31
187
17
127
113
-190
-328
15
110
-243
-23
269
331
-350
-110
94
272
176
-130
-285
-373
251
230
96
-472
24
242
45
82
-89
7
-59
151
211
-9
-278
-572
-69
401
200
238
72
-222
-142
-68
102
174
-30
-213
-152
187
308
-76
-470
-49
219
136
127
-75
-214
389
-28
-266
-151
-34
156
240
81
-148
98
-254
-227
130
419
173
-279
-565
-266
612
467
-138
-312
-110
-16
-12
277
251
-372
17
379
-277
-484
104
216
35
-93
344
138
-316
-126
-87
-37
155
66
-37
84
475
-112
-516
-356
71
372
27
19
64
105
30
-137
-80
126
339
-624
-784
199
1000
389
-415
-327
-189
302
458
1
-673
-281
209
599
-187
-408
-15
414
-28
-151
-260
127
468
62
-512
-173
225
231
61
14
-148
-595
-130
349
-32
-55
525
196
-230
37
248
-512
-143
528
391
-424
-226
-63
-232
-26
391
23
-236
30
162
82
-121
239
-309
-298
17
390
282
108
122
-229
-253
-124
-47
130
260
-221
-438
-203
98
148
47
26
140
258
120
-478
388
414
-146
-231
-281
-84
-5
187
391
-138
-821
-159
638
215
-415
-1
166
164
166
141
-117
106
214
-385
-368
124
541
-148
-402
275
301
-181
-938
-57
1004
194
-540
-483
-151
5
230
142
311
-211
94
350
9
-215
6
-138
-223
-53
88
-38
91
261
242
-96
-400
-564
-374
60
462
133
1
254
283
94
87
-106
-270
192
197
-128
37
259
8
-186
-320
67
412
153
-259
-509
-243
578
428
108
205
-64
-604
-136
599
87
-518
-436
-141
423
406
166
-119
-422
-444
163
10
-138
222
163
-302
-142
314
407
-183
-409
-129
-232
41
308
-314
217
30
51
-40
69
-52
-47
127
205
241
163
144
-168
-294
-258
265
133
108
206
-248
-239
-175
-182
-139
366
122
-82
-370
-264
-61
134
103
96
157
267
615
534
487
-305
-693
-933
-372
354
345
409
278
-6
246
137
122
117
-933
-385
-443
-582
-98
242
330
83
326
-147
32
-364
-248
414
437
159
-396
-193
-261
166
381
183
-72
300
-326
-4
-522
135
-101
389
424
-259
-342
-78
220
286
197
-73
-11
-558
-183
-55
490
697
11
-2
-5
88
-104
-70
130
-149
-266
-116
-458
188
62
-108
394
-123
53
-131
289
-493
-615
269
-229
218
433
443
-274
-516
376
-238
254
79
209
79
223
-41
-140
365
-54
-217
-154
-20
-262
34
-658
-220
366
350
7
175
521
313
-8
-504
-460
-177
275
278
701
36
-876
-106
29
-277
-404
33
473
-104
194
-13
-316
176
199
574
-128
-532
-627
38
-162
-237
903
592
-710
-374
-275
-912
-759
-142
1120
579
702
696
-60
-245
-61
22
488
499
-412
5
-366
-399
360
174
50
-71
381
-28
-83
-37
18
246
139
-468
-269
247
57
-170
260
353
-360
-175
36
-61
-34
181
112
-333
-20
-142
-401
89
42
96
-90
-16
295
273
-8
-380
215
16
125
-250
-212
9
-710
-178
-306
-33
-32
364
477
-113
134
-12
368
-377
-446
257
-205
413
236
-11
-468
38
661
557
-266
-217
382
-303
-286
-26
-4
300
597
199
-33
-698
-372
-118
-360
21
313
348
159
317
-131
-351
-551
284
260
-154
-257
280
436
-308
-130
258
574
-204
-731
-550
-45
268
563
214
-33
403
-227
-102
40
-613
241
644
-196
-186
340
130
-401
-165
-11
-365
-103
305
477
397
-447
-123
-976
-2583
-1547
-226
815
281
619
726
239
998
836
323
-131
540
1297
661
-276
58
871
672
-555
-522
251
551
214
98
-786
-939
-471
-201
118
-450
-729
164
1
-428
680
349
-1040
-1277
149
698
288
543
-207
165
-720
-534
92
66
-272
-381
425
-83
-1020
-239
1201
-158
-463
527
368
-599
61
300
-404
-588
-63
581
349
343
594
198
-593
-677
695
892
-531
-300
636
513
-209
104
-179
-263
228
227
-53
-14
-62
-56
512
313
-128
-285
128
-315
85
431
-151
-481
583
600
-642
-154
464
319
174
392
-363
-130
-52
-597
23
187
-122
-775
-43
215
78
653
345
-332
-591
21
-242
-166
-129
-539
-127
686
834
-253
-183
-87
-234
-148
-41
-468
-756
-9
453
615
149
330
-443
-776
-152
516
419
-805
-880
-104
703
608
73
-715
-391
458
819
583
390
38
-679
-363
258
162
-260
658
393
40
-870
-353
740
-36
309
-540
-233
17
170
325
-302
-5
381
232
-330
-834
-621
369
698
-58
47
167
14
-89
303
264
-615
-416
102
323
208
208
573
-188
-403
-425
-318
53
138
534
514
-421
-92
143
-94
-319
-390
236
24
-154
-43
362
295
-131
-258
177
-95
72
302
-27
54
124
144
181
105
-131
37
169
-223
-67
-16
-151
224
36
-326
142
78
-328
-486
144
519
5
-318
-253
-198
-186
110
-58
208
84
-184
38
152
98
19
10
-367
-100
-211
-153
-212
-257
-241
64
93
209
237
430
238
-33
153
7
44
-40
105
-230
-152
-15
33
99
187
328
189
-37
-357
-171
-19
-78
-129
-50
210
290
136
202
186
-142
-227
-163
-85
-122
-54
16
47
38
179
98
-65
-350
-15
158
-233
-119
209
289
31
25
-144
-276
-64
-22
-72
44
328
169
35
-1
-84
-96
65
73
2
16
-127
-118
-33
-15
-78
-29
-95
-82
135
267
30
19
196
67
130
333
154
-169
-62
-33
8
23
131
-10
-11
19
-75
-127
-49
-36
-2
9
-34
65
7
144
-15
44
196
178
117
74
-59
-275
-303
-125
-6
54
146
46
-36
-92
54
-178
-246
-146
-256
-363
-287
-80
35
23
-67
-118
-143
-242
-336
-152
-175
-265
-175
-147
-197
-306
-244
-127
-43
56
63
129
216
183
178
210
245
257
268
404
280
131
287
367
314
315
382
396
394
468
548
538
474
457
475
489
386
225
345
552
519
448
273
190
109
9
-162
-187
-167
-206
-187
-202
-251
-381
-474
-628
-756
-997
-1243
-1500
-1707
-1881
-2080
-2166
-2186
-1940
-1731
-1427
-1083
-781
-498
-189
22
79
217
378
476
561
805
1024
1157
1407
1570
1667
1711
1738
1708
1603
1482
1475
1396
1242
1232
1251
1244
1192
1136
1108
1177
1147
1066
1047
880
760
718
641
485
228
148
85
-44
-19
68
-50
-243
-647
-1211
-1615
-2040
-2859
-3627
-4093
-4242
-4558
-4587
-4231
-3738
-3276
-2597
-1784
-1059
-509
-55
296
572
632
689
726
871
917
1029
1315
1480
1614
1833
2271
2238
2115
1917
1743
1491
1135
770
614
564
577
573
759
952
1033
1167
1396
1433
1356
1386
1440
1389
1345
1379
1371
1276
1224
1182
1107
874
613
506
397
194
-154
-203
-298
-403
-749
-1272
-1838
-2197
-2599
-3422
-4125
-4418
-4585
-4848
-4814
-4478
-4109
-3613
-2817
-1981
-1288
-654
3
534
999
1202
1332
1275
1289
1363
1428
1266
1194
1350
1531
1583
1666
1812
1723
1555
1491
1432
1058
692
618
603
461
444
628
713
888
1172
1375
1493
1612
1746
1814
1964
1949
1844
1772
1726
1534
1352
1293
1105
801
634
561
281
-56
-109
-48
-355
-1081
-1664
-2018
-2484
-3533
-4419
-4849
-5230
-5839
-5925
-5520
-5125
-4741
-3886
-2798
-1884
-1059
-140
620
1165
1625
1868
1900
1921
1994
1983
1985
1957
1880
1845
2065
2134
1905
1612
1611
1503
1132
726
429
-99
-560
-619
-421
-526
-493
135
836
1163
1604
2156
2405
2426
2680
2765
2468
2207
2128
2054
1935
1794
1510
1367
1269
933
642
559
318
-105
-200
-95
-735
-1764
-2356
-2613
-3614
-4962
-5700
-5990
-6517
-6866
-6608
-6032
-5578
-4726
-3452
-2139
-1120
-135
832
1599
2170
2541
2615
2556
2530
2519
2376
2291
2205
2131
2185
2326
2263
1955
1721
1556
1174
585
102
-268
-845
-1541
-1660
-1346
-1230
-1223
-417
660
1231
1753
2774
3333
3250
3417
3779
3388
2837
2696
2580
2048
1724
1597
1496
1351
1154
929
870
723
300
113
159
-750
-2184
-2933
-3363
-4796
-6431
-7103
-7451
-8024
-8108
-7443
-6670
-5782
-4369
-2793
-1331
-12
1075
1902
2639
3245
3310
3180
3068
3014
2802
2594
2396
2323
2284
2267
2106
1885
1497
1174
786
271
-380
-884
-1291
-1636
-1950
-2087
-1793
-1199
-729
-216
848
1863
2383
2949
3835
4087
3930
4083
4233
3717
3262
3052
2647
2013
1742
1416
996
641
466
197
59
-145
-361
-475
-965
-2245
-3309
-3753
-4832
-6631
-7601
-7731
-8241
-8495
-7762
-6673
-5804
-4257
-2385
-760
554
1935
2872
3573
4039
4107
3649
3372
3095
2687
2255
2093
1894
1781
1848
1894
1675
1361
1023
579
84
-542
-1257
-1834
-2049
-2335
-2520
-2105
-1251
-702
-24
1284
2500
3004
3599
4441
4713
4446
4396
4276
3634
3039
2708
2297
1744
1419
1148
918
656
338
143
139
-115
-534
-590
-1106
-2558
-3725
-3981
-5059
-7028
-7928
-7767
-8163
-8508
-7567
-6218
-5298
-3854
-1823
-183
1053
2281
3223
3694
4056
4049
3612
3175
2935
2523
2087
1826
1699
1585
1652
1703
1554
1205
772
314
-150
-782
-1520
-2014
-2061
-2070
-2193
-1973
-1098
-147
468
1269
2508
3362
3594
4026
4625
4489
3954
3845
3700
2952
2338
2195
1851
1259
965
871
586
262
106
11
-87
-285
-466
-737
-1559
-2722
-3484
-4071
-5544
-7099
-7565
-7649
-8185
-8081
-6885
-5767
-4833
-3121
-1159
187
1280
2491
3285
3647
3888
3729
3206
2847
2648
2227
1856
1743
1663
1611
1762
1814
1532
1161
846
298
-383
-999
-1508
-1974
-2126
-1999
-1830
-1475
-669
289
991
1776
2811
3528
3768
4070
4346
4163
3749
3527
3136
2545
2126
1871
1477
1140
956
715
477
335
206
31
-132
-369
-508
-739
-1635
-2919
-3593
-4134
-5565
-7073
-7470
-7542
-7959
-7788
-6708
-5639
-4594
-2962
-1174
179
1326
2424
3145
3554
3765
3598
3139
2798
2548
2197
1880
1726
1627
1635
1747
1680
1351
1004
761
399
-210
-908
-1328
-1497
-1615
-1598
-1270
-924
-546
301
1310
1798
2128
2899
3492
3538
3628
3835
3522
3076
3036
2887
2241
1736
1537
1251
877
635
323
19
-64
-77
-265
-427
-395
-365
-808
-1804
-2744
-3295
-4207
-5828
-7046
-7340
-7625
-8083
-7672
-6508
-5509
-4407
-2568
-723
523
1629
2800
3493
3756
3839
3590
3098
2793
2540
2138
1844
1747
1671
1743
1928
1807
1491
1332
1129
529
-187
-756
-1219
-1662
-1921
-1847
-1499
-1221
-791
164
1233
1696
2157
3138
3779
3643
3675
4002
3664
2933
2715
2567
1898
1354
1195
950
539
384
248
57
-39
-106
-286
-363
-365
-474
-1002
-1885
-2800
-3356
-4104
-5550
-6757
-7036
-7138
-7503
-7254
-6163
-5173
-4185
-2581
-856
410
1365
2411
3146
3585
3712
3448
3044
2847
2598
2204
1887
1865
1727
1741
1860
1816
1489
1256
1058
633
-6
-592
-1199
-1562
-1717
-1777
-1804
-1470
-775
-50
696
1520
2314
2984
3527
3898
4015
3912
3681
3292
2873
2387
1886
1387
1002
720
491
268
100
36
37
4
-69
-198
-330
-334
-643
-1662
-2776
-3209
-3810
-5325
-6669
-6885
-7021
-7485
-7280
-6198
-5306
-4418
-2826
-1088
83
1089
2195
2952
3367
3619
3517
3073
2842
2681
2316
1930
1801
1630
1563
1754
1798
1393
1113
1173
912
172
-424
-643
-1013
-1470
-1560
-1295
-1109
-842
-261
535
1180
1719
2284
2912
3324
3438
3505
3567
3338
2868
2554
2216
1616
1112
938
644
146
-116
-150
-228
-320
-340
-392
-334
-173
-179
-601
-1317
-2049
-2645
-3482
-4843
-6054
-6554
-6842
-7307
-7202
-6387
-5502
-4626
-3171
-1557
-268
762
1857
2714
3347
3611
3499
3176
3053
2816
2354
1962
1859
1743
1689
1816
1895
1763
1643
1562
1235
685
102
-422
-936
-1347
-1614
-1630
-1510
-1257
-746
87
782
1331
2095
2967
3347
3493
3747
3810
3392
2991
2674
2101
1392
936
613
232
-78
-278
-387
-334
-201
-161
-140
-62
10
45
-167
-1038
-2056
-2586
-3159
-4657
-6046
-6469
-6584
-7120
-7111
-6379
-5511
-4700
-3292
-1810
-557
480
1591
2401
3035
3356
3288
2975
2868
2738
2358
1983
1836
1834
1843
1938
1926
1852
1686
1569
1320
908
225
-335
-671
-976
-1430
-1539
-1328
-1113
-772
5
712
1131
1768
2638
3077
3164
3365
3433
3127
2807
2564
2007
1378
1028
763
369
114
-29
-213
-244
-43
7
-100
-97
-25
-43
-106
-497
-1414
-2210
-2598
-3387
-4863
-5916
-6195
-6486
-6915
-6740
-6057
-5293
-4361
-3010
-1685
-495
530
1527
2329
3023
3289
3207
3043
3027
2843
2502
2188
1997
1912
1982
2034
1921
1764
1634
1507
1251
829
152
-330
-603
-917
-1382
-1468
-1327
-1219
-912
-151
428
816
1549
2510
2917
3083
3444
3588
3258
2933
2709
2121
1442
1004
686
264
-27
-230
-355
-316
-114
-53
33
114
158
147
184
-347
-1435
-2186
-2541
-3577
-5215
-6124
-6311
-6754
-7205
-6864
-6089
-5367
-4361
-2900
-1542
-390
663
1659
2443
3097
3306
3169
3018
3040
2832
2458
2167
2053
1961
2016
2080
1998
1822
1784
1645
1245
738
258
-302
-847
-1137
-1352
-1577
-1587
-1168
-682
-217
414
1243
1897
2466
3073
3528
3546
3433
3300
2990
2405
1810
1283
825
441
137
-105
-223
-224
-201
-106
71
172
114
111
223
117
-509
-1411
-2086
-2612
-3611
-5036
-5961
-6210
-6549
-7025
-6824
-6008
-5276
-4459
-3092
-1650
-595
406
1509
2369
2889
3182
3194
3080
3046
2919
2539
2224
2122
2055
1992
2005
1927
1765
1674
1599
1268
746
251
-136
-519
-906
-1229
-1369
-1300
-1055
-672
-267
159
765
1487
1994
2325
2752
3108
3084
2944
2879
2591
2034
1590
1306
885
453
173
8
-109
-137
-195
-156
21
155
78
108
221
72
-529
-1227
-1834
-2515
-3593
-4853
-5727
-6171
-6648
-7071
-6879
-6171
-5400
-4534
-3243
-1813
-558
478
1522
2442
3127
3398
3432
3394
3333
3074
2709
2382
2124
1968
1953
1946
1795
1708
1726
1622
1259
899
470
-91
-607
-897
-1298
-1691
-1658
-1251
-1023
-740
53
968
1507
2022
2809
3323
3358
3331
3378
3058
2509
1984
1501
931
529
213
-84
-290
-272
-215
-157
-39
81
139
135
100
18
-174
-803
-1678
-2319
-2804
-3891
-5203
-5884
-6086
-6535
-6802
-6392
-5719
-5083
-4036
-2651
-1464
-416
724
1752
2510
3147
3448
3374
3284
3318
3060
2605
2292
2157
1990
1938
1917
1807
1671
1665
1519
1130
689
336
-91
-607
-1031
-1243
-1353
-1396
-1192
-754
-345
103
860
1608
2037
2417
2965
3169
3049
2983
2838
2267
1735
1431
1015
464
176
-7
-210
-246
-173
-256
-211
63
170
8
22
135
-31
-599
-1284
-1896
-2442
-3359
-4605
-5496
-5789
-6184
-6707
-6585
-5863
-5205
-4458
-3183
-1849
-772
274
1407
2224
2846
3264
3391
3303
3367
3229
2803
2443
2363
2152
1935
1904
1856
1624
1565
1575
1278
790
422
93
-387
-839
-1185
-1381
-1456
-1317
-1019
-583
-162
424
1192
1868
2225
2659
3136
3246
3050
2994
2796
2211
1650
1337
878
340
21
-176
-405
-459
-418
-462
-368
-91
14
-94
-5
146
-103
-843
-1540
-2068
-2751
-3989
-5161
-5758
-6050
-6581
-6764
-6254
-5511
-4850
-3755
-2339
-1108
-79
1046
2050
2769
3296
3514
3461
3394
3369
2981
2519
2249
2099
1811
1741
1743
1626
1446
1545
1490
1107
698
467
72
-482
-848
-1058
-1300
-1440
-1228
-897
-548
-97
575
1222
1816
2295
2723
2985
3113
3002
2754
2392
1964
1432
920
482
88
-253
-446
-516
-559
-544
-426
-204
10
153
170
210
289
129
-560
-1365
-1882
-2498
-3701
-4880
-5446
-5783
-6321
-6510
-6100
-5488
-4857
-3818
-2547
-1378
-339
754
1705
2485
3067
3348
3321
3328
3352
3090
2642
2367
2212
1996
1876
1861
1731
1551
1575
1556
1218
775
447
16
-467
-821
-1133
-1522
-1575
-1248
-950
-718
-170
589
1225
1759
2303
2728
2961
3011
2915
2737
2395
1824
1264
922
534
0
-338
-403
-491
-575
-489
-366
-279
-45
197
173
91
198
126
-510
-1283
-1795
-2394
-3463
-4558
-5201
-5593
-6038
-6256
-5989
-5404
-4727
-3827
-2690
-1497
-404
604
1532
2332
2937
3243
3305
3316
3282
3047
2693
2442
2268
2051
1922
1903
1797
1618
1567
1499
1172
746
424
37
-451
-869
-1160
-1401
-1494
-1387
-1143
-780
-297
269
888
1510
2042
2451
2747
2893
2859
2692
2375
1935
1473
1032
558
141
-147
-401
-595
-599
-532
-525
-387
-76
164
223
300
405
416
86
-607
-1307
-1798
-2540
-3758
-4739
-5129
-5553
-6118
-6143
-5648
-5200
-4609
-3498
-2307
-1331
-289
833
1709
2410
2989
3227
3244
3355
3341
2997
2665
2535
2342
2117
2034
1949
1746
1658
1660
1448
1044
705
387
-55
-551
-974
-1328
-1577
-1647
-1540
-1328
-997
-477
202
872
1450
2010
2553
2935
3064
3018
2870
2586
2114
1558
1032
527
18
-392
-631
-763
-834
-787
-619
-376
-97
170
316
368
445
475
105
-671
-1374
-1841
-2627
-3880
-4886
-5306
-5646
-6109
-6215
-5767
-5090
-4332
-3334
-2136
-959
80
1065
1987
2724
3123
3257
3310
3365
3249
2917
2590
2426
2284
2132
2038
1961
1799
1665
1619
1437
1028
562
169
-225
-658
-1112
-1506
-1696
-1629
-1492
-1326
-924
-279
333
891
1534
2162
2544
2767
2953
2959
2702
2319
1920
1448
914
397
-37
-370
-609
-722
-711
-648
-551
-297
80
319
399
514
629
595
346
-254
-1097
-1725
-2243
-3322
-4651
-5270
-5413
-5939
-6394
-6017
-5296
-4791
-4021
-2753
-1553
-621
387
1441
2259
2842
3225
3377
3448
3511
3365
3021
2750
2599
2418
2236
2070
1863
1685
1580
1383
1012
603
241
-135
-554
-988
-1350
-1538
-1586
-1566
-1395
-1009
-555
-67
591
1299
1822
2225
2641
2910
2923
2804
2569
2152
1667
1241
790
293
-84
-301
-470
-577
-564
-487
-373
-204
-4
205
319
261
246
350
102
-718
-1463
-1782
-2400
-3668
-4689
-5028
-5412
-6016
-6115
-5668
-5203
-4630
-3634
-2461
-1396
-331
726
1644
2462
3084
3323
3394
3560
3565
3211
2851
2698
2495
2195
2033
1946
1721
1518
1483
1344
926
496
206
-147
-662
-1140
-1444
-1618
-1694
-1663
-1480
-1071
-495
62
596
1270
1957
2399
2692
2989
3092
2895
2638
2354
1864
1278
810
355
-126
-438
-579
-715
-807
-701
-484
-284
-82
126
272
360
423
396
127
-469
-1185
-1712
-2283
-3346
-4512
-5076
-5305
-5794
-6137
-5791
-5174
-4635
-3795
-2575
-1454
-514
519
1525
2295
2864
3225
3318
3360
3429
3272
2881
2618
2535
2392
2195
2067
1928
1747
1613
1437
1033
504
78
-269
-744
-1331
-1719
-1787
-1762
-1772
-1583
-1039
-403
154
789
1575
2221
2574
2892
3248
3290
2945
2572
2295
1832
1186
643
228
-202
-544
-687
-768
-848
-815
-648
-434
-224
-42
105
201
268
282
158
-345
-1087
-1635
-2063
-2968
-4172
-4879
-5087
-5466
-5879
-5759
-5194
-4618
-3870
-2798
-1696
-726
274
1283
2090
2689
3095
3245
3320
3419
3310
2941
2666
2606
2479
2241
2080
1962
1800
1639
1451
1072
567
135
-227
-672
-1217
-1635
-1753
-1707
-1661
-1497
-1056
-457
153
794
1433
2008
2477
2836
3045
3089
2923
2563
2157
1758
1241
625
110
-249
-551
-773
-864
-881
-842
-669
-411
-189
1
217
357
387
379
331
-20
-717
-1397
-1840
-2517
-3626
-4577
-4908
-5159
-5594
-5740
-5272
-4673
-4083
-3226
-2103
-1105
-218
717
1609
2264
2735
3025
3149
3242
3300
3132
2826
2682
2625
2463
2233
2059
1859
1652
1430
1103
610
142
-245
-622
-1079
-1486
-1711
-1698
-1586
-1435
-1117
-554
68
644
1268
1909
2370
2679
2953
3069
2900
2575
2220
1795
1260
714
218
-198
-527
-723
-818
-833
-783
-636
-443
-211
8
190
318
397
370
291
174
-249
-1002
-1607
-1981
-2775
-3911
-4595
-4797
-5220
-5630
-5481
-4970
-4537
-3855
-2842
-1827
-953
8
945
1695
2299
2746
2965
3097
3244
3229
3015
2838
2771
2637
2459
2301
2117
1847
1629
1394
1015
490
36
-322
-710
-1183
-1536
-1650
-1611
-1528
-1316
-926
-416
169
802
1367
1849
2303
2633
2787
2795
2654
2323
1937
1560
1112
591
179
-143
-405
-561
-593
-632
-623
-473
-286
-123
49
225
307
355
377
323
114
-389
-1076
-1620
-2069
-2902
-4035
-4677
-4847
-5183
-5637
-5506
-4916
-4428
-3809
-2785
-1707
-896
-33
987
1773
2298
2680
2946
3103
3229
3230
2989
2820
2779
2670
2446
2282
2120
1829
1565
1351
939
368
-88
-422
-892
-1354
-1610
-1685
-1703
-1542
-1169
-720
-191
430
1068
1609
2110
2512
2702
2752
2730
2561
2189
1792
1433
999
583
251
-20
-280
-402
-400
-441
-454
-395
-251
-126
-34
70
117
136
67
25
-138
-669
-1341
-1794
-2173
-3071
-4140
-4582
-4791
-5225
-5608
-5291
-4771
-4404
-3669
-2543
-1538
-797
118
1210
1914
2385
2736
3035
3165
3228
3203
2961
2786
2727
2622
2405
2183
2015
1735
1492
1232
811
281
-169
-466
-848
-1263
-1554
-1598
-1505
-1332
-1025
-596
-98
476
1126
1691
2069
2377
2664
2804
2707
2491
2165
1797
1430
1025
561
115
-127
-305
-489
-582
-611
-551
-505
-339
-200
-121
17
141
174
57
19
-28
-546
-1252
-1750
-2046
-2875
-3988
-4550
-4715
-5048
-5509
-5362
-4792
-4345
-3742
-2802
-1735
-913
-87
877
1645
2242
2607
2865
3058
3228
3241
3031
2900
2889
2777
2594
2399
2242
1942
1649
1368
950
400
-110
-473
-806
-1241
-1559
-1591
-1408
-1290
-1099
-576
23
468
915
1546
2027
2199
2389
2599
2578
2313
2090
1873
1481
1103
784
482
140
-98
-227
-369
-468
-534
-524
-478
-439
-361
-269
-131
-92
-132
-131
-133
-381
-990
-1549
-1904
-2482
-3464
-4305
-4635
-4911
-5349
-5462
-5079
-4573
-4049
-3214
-2149
-1207
-352
580
1478
2164
2620
2923
3106
3247
3313
3161
2919
2797
2756
2602
2373
2196
1992
1731
1481
1161
678
158
-225
-566
-989
-1371
-1553
-1531
-1406
-1223
-889
-382
178
682
1231
1816
2204
2390
2575
2722
2596
2274
1993
1695
1268
830
492
177
-152
-374
-495
-576
-625
-623
-588
-518
-379
-244
-147
-55
21
16
-43
-104
-414
-1040
-1628
-2011
-2608
-3587
-4367
-4670
-4906
-5243
-5274
-4863
-4336
-3726
-2857
-1854
-951
-139
715
1487
2085
2479
2713
2852
2977
3049
2985
2842
2768
2755
2695
2575
2406
2164
1895
1620
1233
672
105
-335
-744
-1178
-1506
-1613
-1567
-1420
-1109
-661
-178
313
861
1422
1838
2111
2323
2474
2467
2306
2082
1819
1481
1084
739
456
148
-175
-370
-430
-519
-643
-658
-591
-563
-518
-403
-291
-209
-100
-50
-62
-74
-216
-744
-1361
-1757
-2239
-3217
-4138
-4546
-4744
-5137
-5283
-4944
-4363
-3765
-2925
-1943
-1016
-208
637
1413
1999
2351
2560
2731
2900
2978
2890
2799
2802
2869
2808
2703
2538
2352
2035
1685
1235
705
33
-528
-956
-1286
-1682
-1891
-1787
-1429
-1085
-668
-73
605
1182
1710
2175
2470
2579
2651
2611
2375
2024
1687
1343
955
576
230
-35
-252
-448
-592
-647
-683
-740
-740
-689
-631
-558
-441
-314
-256
-224
-204
-176
-365
-908
-1451
-1786
-2237
-3195
-3991
-4290
-4472
-4859
-4898
-4483
-4041
-3536
-2653
-1662
-901
-235
666
1407
1914
2247
2496
2663
2767
2928
2862
2795
2777
2819
2784
2677
2503
2203
1869
1569
1080
477
-196
-636
-1009
-1345
-1635
-1730
-1541
-1228
-806
-355
117
686
1292
1774
2022
2216
2415
2440
2317
2123
1878
1551
1226
926
584
301
38
-220
-404
-500
-592
-716
-738
-713
-701
-611
-501
-382
-272
-106
-84
-115
-32
-217
-849
-1485
-1758
-2302
-3384
-4170
-4404
-4631
-5008
-4950
-4443
-3949
-3323
-2426
-1476
-722
-3
808
1423
1847
2125
2354
2528
2632
2755
2748
2772
2850
2924
2903
2778
2629
2308
1927
1540
971
289
-373
-824
-1217
-1566
-1788
-1808
-1469
-1064
-711
-236
444
993
1370
1853
2249
2249
2243
2364
2296
1906
1609
1446
1118
766
516
274
-16
-258
-364
-499
-647
-790
-854
-802
-792
-744
-654
-469
-288
-152
-55
8
107
-88
-705
-1229
-1547
-2122
-3217
-3973
-4199
-4472
-4846
-4816
-4324
-3844
-3284
-2385
-1467
-722
-92
664
1294
1690
1945
2148
2334
2472
2601
2701
2744
2820
2872
2932
2876
2672
2323
1962
1579
1013
291
-368
-811
-1160
-1544
-1758
-1639
-1307
-965
-544
5
550
1031
1449
1785
1928
1979
1997
1965
1791
1554
1362
1217
1004
789
598
413
187
9
-177
-392
-604
-733
-811
-848
-884
-861
-682
-440
-244
-73
117
217
281
241
-212
-985
-1499
-1893
-2798
-3940
-4415
-4463
-4749
-4949
-4520
-3864
-3349
-2596
-1566
-775
-252
386
1067
1453
1644
1857
2034
2185
2409
2634
2730
2853
3038
3151
3111
2945
2615
2150
1673
1136
435
-295
-826
-1183
-1472
-1625
-1562
-1344
-991
-488
47
419
759
1201
1568
1657
1643
1711
1738
1656
1575
1495
1352
1211
1110
941
668
384
120
-154
-443
-708
-901
-1004
-1023
-995
-891
-705
-496
-277
-23
190
221
199
247
77
-582
-1316
-1756
-2264
-3223
-4073
-4353
-4402
-4574
-4494
-3976
-3350
-2776
-2028
-1198
-555
-93
422
918
1259
1471
1677
1909
2182
2481
2721
2882
3062
3221
3277
3165
2889
2435
1914
1424
840
85
-581
-921
-1124
-1369
-1465
-1228
-879
-585
-225
250
600
824
1085
1345
1404
1355
1421
1522
1473
1349
1329
1344
1251
1052
854
613
313
5
-296
-628
-927
-1104
-1134
-1129
-1090
-984
-711
-407
-140
90
325
378
325
329
216
-451
-1297
-1732
-2084
-2986
-3955
-4193
-4158
-4331
-4369
-3803
-3247
-2787
-2149
-1280
-783
-418
72
639
902
1178
1506
1868
2151
2541
2898
3138
3296
3433
3448
3285
2997
2556
2000
1400
836
209
-377
-820
-1065
-1231
-1251
-1093
-833
-562
-221
168
460
654
854
1054
1114
1147
1226
1334
1352
1378
1397
1401
1315
1187
936
645
327
4
-371
-697
-939
-1098
-1178
-1145
-1024
-875
-655
-412
-123
112
285
263
208
173
16
-628
-1395
-1863
-2212
-2993
-3824
-4090
-4012
-4085
-4064
-3592
-3024
-2576
-2011
-1268
-770
-453
-30
507
846
1117
1454
1894
2284
2661
2970
3252
3441
3477
3347
3154
2827
2315
1738
1199
623
64
-344
-662
-941
-1028
-910
-782
-631
-364
-73
151
372
585
701
797
943
1067
1148
1245
1340
1390
1433
1420
1275
1040
808
512
134
-249
-581
-860
-1052
-1133
-1136
-1052
-876
-652
-439
-214
-20
171
302
263
93
60
4
-559
-1392
-1812
-2002
-2691
-3578
-3871
-3784
-3908
-3957
-3568
-3104
-2776
-2206
-1446
-958
-666
-159
460
853
1130
1509
1943
2318
2681
2999
3205
3322
3387
3318
3066
2694
2234
1706
1175
651
101
-330
-566
-714
-851
-804
-632
-494
-337
-28
174
193
311
593
713
700
859
1114
1236
1316
1474
1516
1415
1290
1147
857
489
106
-245
-549
-797
-1021
-1127
-1087
-1001
-874
-660
-439
-298
-111
97
208
182
121
45
-12
-233
-840
-1535
-1865
-2171
-2965
-3742
-3889
-3815
-3977
-3908
-3417
-2950
-2580
-1909
-1160
-721
-405
157
745
1125
1418
1801
2215
2597
2914
3148
3300
3357
3316
3165
2859
2393
1890
1398
864
299
-133
-420
-653
-809
-804
-705
-600
-484
-311
-120
28
143
302
507
691
861
1080
1298
1431
1537
1626
1586
1423
1251
1017
647
244
-85
-397
-685
-882
-996
-1030
-925
-757
-652
-534
-343
-178
-62
65
127
55
-9
11
-123
-643
-1317
-1768
-2090
-2744
-3581
-3993
-3945
-3968
-3983
-3612
-3042
-2624
-2073
-1290
-732
-488
-66
575
989
1206
1558
2055
2458
2791
3088
3315
3402
3394
3255
2962
2494
1960
1455
966
394
-144
-442
-559
-700
-810
-715
-552
-464
-331
-96
-9
-1
202
517
643
733
1038
1382
1542
1656
1786
1766
1592
1390
1103
674
207
-178
-515
-774
-998
-1098
-1086
-900
-754
-595
-475
-305
-192
-59
-24
-9
4
-27
-96
-145
-275
-864
-1497
-1862
-2155
-3033
-3763
-3953
-3845
-4029
-3854
-3327
-2774
-2381
-1648
-933
-534
-278
243
745
1050
1326
1730
2192
2622
3018
3254
3392
3397
3326
3053
2629
2034
1489
1011
532
-10
-384
-535
-638
-724
-689
-560
-488
-352
-155
-23
35
228
499
712
902
1177
1463
1685
1806
1837
1754
1591
1301
984
609
181
-241
-464
-622
-873
-1061
-1025
-950
-957
-881
-721
-655
-603
-410
-212
-108
-30
140
163
146
113
3
-647
-1392
-1859
-2174
-3011
-3839
-4042
-3815
-3795
-3617
-3022
-2433
-2079
-1506
-808
-529
-469
-51
555
892
1221
1775
2402
2855
3289
3574
3618
3454
3234
2846
2289
1663
1103
646
257
-96
-337
-438
-492
-549
-531
-488
-522
-535
-390
-197
-79
100
474
894
1200
1436
1709
1901
1916
1797
1647
1404
1042
691
431
135
-208
-443
-544
-710
-901
-1006
-997
-1036
-1003
-914
-759
-649
-393
-126
140
250
372
352
345
246
-35
-849
-1674
-2117
-2433
-3204
-3974
-4030
-3741
-3516
-3335
-2765
-2399
-2021
-1586
-937
-798
-635
-233
538
1035
1573
2121
2778
3234
3596
3663
3535
3216
2812
2342
1846
1333
822
537
343
113
-198
-311
-426
-586
-730
-712
-725
-669
-390
30
322
551
959
1425
1701
1700
1708
1733
1697
1489
1310
1113
875
616
450
244
-131
-506
-750
-950
-1254
-1465
-1479
-1333
-1178
-912
-585
-302
-100
149
399
412
340
278
329
230
50
-564
-1350
-1944
-2166
-2821
-3705
-4080
-3774
-3648
-3552
-3103
-2561
-2324
-1886
-1120
-717
-618
-190
694
1270
1711
2224
2882
3235
3525
3637
3531
3118
2698
2295
1852
1320
814
505
279
54
-186
-328
-526
-703
-743
-670
-683
-600
-301
60
376
709
1103
1353
1559
1708
1791
1664
1568
1484
1351
1109
877
642
331
21
-324
-621
-963
-1220
-1429
-1470
-1444
-1351
-1161
-858
-464
-211
10
182
468
547
552
446
419
325
279
-85
-968
-1847
-2228
-2505
-3372
-4044
-4080
-3701
-3585
-3198
-2697
-2284
-2002
-1361
-764
-522
-258
387
1161
1710
2254
2750
3191
3465
3615
3448
3061
2574
2136
1749
1335
875
501
309
98
-128
-379
-587
-842
-892
-851
-775
-659
-316
132
464
813
1145
1477
1564
1645
1658
1683
1608
1491
1370
1223
1034
676
376
14
-396
-819
-1035
-1238
-1439
-1473
-1339
-1184
-983
-671
-436
-244
-35
201
298
392
399
508
583
588
398
295
-166
-1251
-2221
-2535
-2887
-3917
-4315
-3926
-3454
-3409
-2826
-2236
-2062
-1908
-1254
-760
-568
-101
719
1465
2133
2753
3187
3434
3565
3428
3034
2599
2126
1680
1375
1166
857
550
365
169
-131
-477
-815
-1037
-1074
-958
-782
-440
9
461
851
1158
1327
1433
1564
1581
1480
1477
1544
1519
1400
1278
949
507
103
-283
-763
-1122
-1313
-1441
-1434
-1334
-1171
-1023
-700
-558
-397
-240
50
101
293
544
714
712
714
717
498
159
-784
-1861
-2620
-2777
-3432
-4127
-4126
-3519
-3301
-3071
-2443
-2065
-2095
-1799
-1022
-625
-374
314
1332
2008
2531
3012
3308
3290
3185
2991
2621
2184
1855
1688
1530
1267
909
580
271
-110
-562
-958
-1159
-1161
-987
-685
-289
128
505
828
1034
1148
1191
1302
1399
1471
1534
1679
1733
1595
1322
967
469
-109
-547
-857
-1139
-1378
-1399
-1301
-1214
-1183
-1097
-976
-867
-721
-530
-247
61
434
732
952
1020
1004
891
672
379
-95
-851
-1871
-2498
-2718
-3004
-3657
-3848
-3516
-3147
-3007
-2647
-2305
-2143
-1842
-1160
-546
-108
495
1314
2040
2539
2861
3019
3094
3068
2897
2574
2296
2054
1845
1587
1279
801
321
-52
-345
-736
-1077
-1180
-1071
-867
-575
-215
100
391
703
974
1105
1197
1353
1516
1599
1635
1643
1586
1404
1119
732
304
-140
-485
-733
-913
-1144
-1242
-1238
-1199
-1253
-1205
-1105
-949
-706
-380
-57
200
563
781
935
921
975
749
510
281
172
-414
-1443
-2300
-2524
-2688
-3355
-3805
-3619
-3192
-3090
-2747
-2273
-2031
-1943
-1382
-666
-205
260
995
1772
2312
2738
2961
3049
3039
2954
2676
2319
2007
1745
1477
1154
742
287
-70
-350
-669
-952
-1079
-997
-811
-527
-220
92
403
711
926
1018
1149
1300
1430
1479
1567
1582
1500
1300
1075
764
358
-54
-393
-648
-897
-1089
-1202
-1222
-1253
-1247
-1186
-1075
-982
-798
-496
-153
135
409
685
877
974
917
815
647
462
237
103
-271
-1193
-2204
-2575
-2634
-3175
-3679
-3558
-3147
-3009
-2592
-1986
-1794
-1836
-1313
-512
-118
257
972
1754
2221
2637
2907
2910
2794
2708
2516
2124
1763
1450
1286
1099
824
423
102
-187
-523
-745
-837
-839
-783
-437
-77
180
369
613
751
825
961
1106
1226
1348
1494
1526
1439
1242
961
629
262
-108
-451
-671
-829
-958
-1031
-1072
-1137
-1174
-1088
-967
-856
-660
-375
-70
179
452
600
679
687
708
609
403
258
142
-129
-983
-1848
-2349
-2398
-2885
-3314
-3326
-2919
-2758
-2476
-2035
-1834
-1783
-1408
-722
-341
112
759
1505
1952
2366
2586
2643
2579
2517
2317
2076
1870
1667
1475
1282
1006
621
277
-16
-342
-650
-774
-737
-605
-401
-132
69
234
430
636
711
766
956
1196
1291
1314
1370
1320
1106
889
687
318
-55
-249
-386
-660
-855
-897
-953
-1059
-1094
-1053
-1038
-924
-744
-507
-274
26
247
409
529
649
641
529
444
397
306
197
6
-628
-1614
-2316
-2477
-2670
-3033
-3139
-2849
-2624
-2403
-2035
-1703
-1626
-1419
-945
-452
-2
602
1247
1726
2102
2357
2411
2359
2349
2220
1999
1844
1765
1605
1401
1159
830
475
164
-164
-496
-650
-598
-459
-289
-97
80
215
365
485
550
583
709
888
1073
1201
1262
1203
1051
866
627
317
15
-169
-312
-488
-624
-698
-779
-881
-923
-935
-927
-862
-736
-596
-413
-113
140
300
400
501
456
402
410
398
243
102
-98
-678
-1545
-2177
-2361
-2483
-2649
-2644
-2424
-2280
-2152
-1887
-1612
-1541
-1477
-1139
-622
-95
405
938
1407
1761
1966
2084
2092
1999
1891
1880
1920
1868
1738
1560
1308
964
642
350
29
-260
-373
-297
-190
-105
-13
89
144
208
283
293
284
421
683
886
986
1034
1009
883
735
576
353
106
-43
-99
-157
-245
-364
-505
-635
-717
-765
-776
-739
-650
-529
-384
-226
-83
31
97
108
98
125
129
61
-15
-36
-236
-824
-1544
-1973
-2104
-2166
-2151
-2007
-1880
-1841
-1722
-1495
-1384
-1454
-1447
-1145
-616
-81
342
683
989
1281
1526
1657
1623
1533
1561
1734
1892
1902
1783
1584
1361
1140
911
625
318
127
115
188
208
166
126
83
39
34
73
93
116
220
382
503
563
585
559
490
414
322
204
94
17
-46
-95
-118
-180
-302
-413
-463
-490
-515
-505
-464
-423
-372
-302
-246
-227
-226
-220
-219
-217
-199
-192
-219
-275
-358
-498
-746
-1051
-1302
-1419
-1408
-1308
-1164
-1035
-941
-863
-801
-798
-853
-860
-731
-473
-165
114
321
444
531
623
697
707
694
768
935
1083
1146
1141
1101
1026
944
886
826
763
735
738
734
715
681
608
513
440
390
335
272
231
198
149
104
70
22
-60
-150
-200
-203
-181
-159
-148
-143
-139
-138
-161
-208
-246
-252
-233
-211
-207
-224
-247
-262
-283
-319
-360
-404
-434
-418
-379
-367
-376
-370
-366
-375
-365
-336
-327
-325
-299
-256
-231
-220
-209
-210
-205
-188
-191
-222
-245
-233
-208
-186
-163
-152
-155
-147
-123
-103
-96
-78
-34
23
82
136
195
270
342
387
422
462
490
512
536
558
557
550
550
543
511
461
405
351
308
274
245
220
213
209
199
191
187
183
175
167
158
145
125
108
96
86
82
90
89
73
44
0
-65
-145
-220
-280
-331
-362
-375
-390
-417
-425
-421
-430
-454
-468
-467
-457
-443
-424
-406
-403
-398
-380
-369
-375
-382
-380
-360
-334
-315
-300
-285
-264
-239
-217
-202
-185
-151
-94
-20
57
130
196
261
325
378
417
448
471
494
524
555
580
590
584
570
555
530
496
446
388
338
300
273
247
225
200
186
184
179
165
141
118
102
92
87
81
70
57
43
31
9
-29
-76
-128
-176
-216
-254
-292
-319
-339
-351
-361
-377
-399
-423
-443
-456
-462
-457
-442
-413
-379
-346
-316
-293
-280
-271
-264
-257
-242
-225
-207
-186
-169
-152
-134
-116
-103
-89
-72
-45
-5
39
90
137
185
230
269
299
321
342
361
379
399
415
427
438
438
433
419
400
376
350
319
294
272
251
233
210
187
163
145
123
100
83
69
65
63
60
51
34
15
-8
-33
-68
-100
-128
-150
-165
-189
-221
-255
-290
-316
-335
-342
-334
-317
-299
-291
-286
-291
-299
-304
-300
-285
-260
-223
-186
-152
-129
-119
-115
-112
-106
-89
-67
-42
-18
-2
2
0
-12
-27
-35
-31
-5
28
66
105
136
146
141
124
105
99
120
163
220
276
318
338
336
313
279
251
235
226
225
227
222
217
203
177
138
95
62
40
31
26
30
50
74
88
75
35
-11
-39
-43
-39
-40
-49
-63
-84
-110
-154
-198
-222
-220
-208
-217
-251
-291
-297
-274
-241
-225
-227
-232
-225
-210
-201
-200
-180
-116
-33
18
5
-48
-85
-70
-23
16
30
45
72
88
58
-12
-63
-53
13
80
103
86
68
69
81
76
69
88
146
214
244
228
196
176
171
167
148
139
156
185
192
152
80
18
-6
6
37
70
93
99
72
20
-24
-26
14
63
88
76
41
-5
-55
-93
-115
-123
-162
-241
-338
-405
-400
-331
-246
-178
-120
-46
49
128
176
206
254
317
346
322
261
203
168
126
43
-66
-164
-224
-258
-295
-342
-378
-393
-390
-387
-384
-359
-297
-214
-138
-79
-34
14
66
111
135
153
175
196
206
198
184
173
161
143
112
77
57
56
59
51
35
15
9
15
29
40
51
70
92
118
133
141
142
157
192
216
218
207
215
239
242
206
146
109
100
100
79
40
16
16
-2
-56
-131
-155
-124
-102
-149
-242
-294
-275
-229
-226
-268
-297
-263
-207
-205
-269
-317
-273
-183
-139
-175
-235
-230
-163
-114
-130
-196
-216
-152
-66
-33
-58
-72
-32
38
70
56
43
68
136
198
218
209
208
233
257
264
264
275
288
287
264
244
242
245
240
237
245
260
263
236
184
142
132
142
145
133
125
125
129
108
51
-20
-73
-89
-82
-75
-73
-71
-67
-72
-102
-169
-252
-325
-354
-337
-298
-265
-242
-235
-249
-275
-319
-371
-413
-415
-362
-288
-223
-193
-184
-179
-179
-192
-222
-238
-212
-138
-43
26
60
81
106
124
111
81
73
113
192
257
284
287
295
317
325
300
259
246
277
330
362
354
331
316
318
319
290
242
198
186
194
197
175
139
118
118
121
88
14
-65
-114
-125
-121
-124
-130
-121
-100
-88
-116
-180
-247
-286
-288
-259
-219
-182
-160
-163
-188
-239
-295
-334
-347
-322
-263
-200
-154
-147
-169
-206
-231
-232
-215
-188
-149
-95
-45
-15
-17
-37
-53
-46
-14
35
85
126
158
169
159
133
107
101
122
168
214
248
264
258
229
196
169
164
183
222
262
290
294
275
239
193
152
126
111
106
108
117
121
113
80
22
-42
-98
-127
-134
-112
-78
-47
-34
-58
-107
-161
-199
-205
-179
-139
-102
-80
-72
-80
-102
-128
-148
-158
-149
-134
-116
-97
-82
-75
-82
-109
-140
-160
-158
-136
-102
-63
-38
-27
-43
-63
-81
-84
-63
-29
14
34
36
23
3
-8
-3
24
53
80
95
91
84
76
76
91
116
146
170
189
188
176
160
135
116
102
102
120
136
145
131
98
57
14
-9
-14
2
24
38
37
14
-18
-44
-57
-60
-57
-50
-56
-69
-83
-92
-87
-77
-60
-53
-58
-72
-85
-88
-73
-50
-18
-2
-3
-23
-52
-70
-76
-62
-34
-8
10
2
-21
-53
-84
-96
-82
-52
-15
17
24
12
-16
-44
-64
-60
-31
9
49
72
68
38
1
-34
-47
-36
-9
27
55
62
50
26
2
-6
0
23
55
86
105
109
94
75
60
48
44
45
55
63
67
63
44
22
-1
-18
-33
-41
-34
-24
-13
-7
-11
-24
-31
-38
-44
-41
-30
-13
3
13
13
11
3
0
-1
-6
-8
-4
-1
0
-3
-11
-20
-23
-28
-31
-36
-41
-36
-31
-30
-35
-34
-32
-25
-23
-22
-21
-21
-17
-12
-18
-20
-19
-9
-4
-3
-5
-6
0
4
11
17
20
33
47
53
52
53
54
56
58
53
47
40
40
42
39
28
17
15
11
-3
-14
-23
-22
-21
-13
-12
-14
-14
-13
-19
-29
-34
-35
-21
-9
0
2
-1
-4
-14
-28
-37
-33
-17
-9
1
2
-5
-15
-18
-13
-17
-18
0
13
10
7
9
6
-5
-6
-5
-4
-4
2
9
1
-4
0
2
-3
1
9
10
9
14
17
9
6
15
20
16
18
26
25
15
14
16
11
4
8
12
12
13
15
13
0
-11
-12
-14
-18
-13
-2
3
2
4
3
-11
-20
-19
-20
-21
-14
-2
7
8
6
2
-6
-10
-14
-10
-14
-10
-5
-2
-1
2
4
-1
-9
-13
-16
-19
-18
-9
1
9
14
15
8
0
-5
-12
-16
-10
-5
3
11
16
13
9
1
-7
-12
-9
-4
4
13
20
24
17
12
5
-1
1
6
11
19
21
21
20
14
9
2
2
1
8
9
10
7
1
-2
-7
-9
-13
-12
-13
-11
-9
-10
-10
-11
-9
-12
-15
-15
-10
-8
-5
-3
1
1
-1
1
1
0
1
5
9
6
3
0
1
1
0
2
1
2
6
5
3
-3
-8
-5
-7
-3
-4
-2
