-7
-5
-4
1
4
7
3
2
3
1
-1
-1
-1
-1
0
-5
-6
6
10
9
6
1
-1
1
1
1
3
0
2
4
0
-3
-8
-1
-1
-5
-4
-1
4
2
1
-4
-2
-1
-2
-8
-6
3
1
0
-3
0
1
1
0
-2
1
-2
2
1
2
3
-1
-2
-2
-1
0
-1
1
10
4
-2
-2
1
1
-2
-3
0
1
-3
-3
-4
3
10
5
4
5
4
4
1
-1
-4
-7
-3
1
3
3
2
-1
0
-3
-3
2
2
-6
-1
-4
-7
2
5
3
3
2
-5
-6
-4
-1
2
7
6
3
1
-2
-5
1
-3
-8
-3
-3
1
4
7
4
2
-8
-11
0
2
1
-1
2
1
0
-1
-4
-3
-7
-5
1
3
4
8
9
6
-3
-5
-3
-2
-4
4
7
6
6
6
2
1
-1
0
-2
5
-8
-11
-3
9
13
0
-5
-7
-1
1
-3
0
5
1
2
-4
-1
8
16
6
-17
-20
-4
2
9
24
22
-1
-28
-36
-12
9
22
11
21
7
-8
-8
-24
-24
-3
21
3
-25
13
14
17
-3
-4
-41
-8
46
7
-8
-17
0
-21
-19
29
37
35
10
8
-31
-44
-32
-13
21
20
50
29
-2
-21
-20
-21
-25
-7
2
40
46
-10
-39
-29
13
-9
-1
3
5
10
6
-28
-42
0
21
49
25
-8
-34
-13
-6
-50
-25
28
57
31
30
2
-50
5
63
17
-72
-77
2
27
13
38
69
44
25
-59
-106
-35
21
3
9
31
32
8
-25
-71
-107
27
91
43
0
-42
-34
-64
13
75
82
5
-34
7
3
51
-85
-143
-22
139
197
77
-87
-160
29
16
-29
43
44
18
16
3
-133
18
151
-27
-91
17
37
-71
-15
-69
-112
43
123
45
-57
-3
40
40
-72
-49
-30
-104
61
117
27
-67
41
31
3
75
17
-18
-54
-28
-2
18
16
21
96
9
21
-42
-95
-92
121
118
-45
-87
-123
52
41
-106
-60
39
20
-39
92
34
-19
-49
-63
60
19
25
1
-127
-75
92
27
28
-34
27
62
-35
-13
-60
-50
22
24
88
-11
60
-13
-84
21
2
-16
8
16
0
80
173
-54
-59
-14
-46
41
26
25
-26
-41
102
79
-42
-71
60
-25
-118
24
71
-65
-81
-14
13
-10
-4
118
113
-36
-22
-107
-214
-56
6
46
152
156
162
-32
-51
-21
-177
-217
-140
26
51
149
108
94
62
23
94
-47
-47
-98
-130
-209
-23
200
53
23
76
124
-48
-114
-31
-17
71
-66
19
10
-25
-46
39
147
40
-51
-128
-1
-64
-35
155
63
48
63
-5
-141
-203
-48
-90
-18
124
191
100
38
-65
-126
15
110
13
81
86
-85
-262
-105
25
-39
1
92
163
63
17
-62
19
49
-109
-103
-32
33
-24
-11
85
5
83
4
-68
23
66
70
-34
-36
-117
-150
-163
-55
125
174
192
62
36
-75
-190
-56
50
24
31
134
131
-54
-142
20
-92
-103
-191
-49
168
132
74
122
115
-60
-12
8
-191
9
49
-46
-51
-6
35
-35
-55
8
12
74
143
31
-70
40
-36
-126
23
71
-78
-118
-72
38
-10
3
190
104
65
43
-40
31
-148
-343
-102
168
230
26
-93
77
210
-26
-106
-195
-190
39
1
38
177
49
6
133
22
-51
-58
-165
0
14
44
-58
-82
83
54
-25
-17
53
139
6
-87
-103
30
-61
110
19
80
17
-204
-76
-26
-62
17
143
181
97
-20
-59
-25
-143
-127
46
3
30
55
81
-13
-36
21
99
68
-136
-40
-26
-18
-11
-75
24
98
28
-103
-19
29
8
104
101
-108
-220
24
189
-28
-109
-21
141
22
-100
13
-179
8
193
104
120
49
-119
-99
-37
-159
-19
136
120
-81
-175
121
168
77
-111
-164
-151
76
137
-56
-23
57
83
-82
-8
28
-71
-59
129
191
14
5
-68
-53
-95
-75
18
142
122
-125
-56
97
16
-235
90
211
-114
-138
-132
-36
53
156
54
-110
49
153
-36
-142
-71
10
92
-92
-108
189
197
9
-232
-113
61
196
93
-128
-99
-31
18
98
46
-70
65
48
12
-25
-218
-90
50
191
199
107
-284
-237
-81
40
150
227
192
-137
-242
-170
-4
35
101
178
-33
-56
-105
25
76
10
-10
-6
44
-125
-103
5
228
128
-84
-41
-30
10
-34
-51
-4
-48
71
-24
-14
82
87
69
22
-199
-252
14
143
165
40
-55
-23
4
5
-50
-71
-92
73
160
24
-16
-64
-68
73
76
-66
-150
-20
77
89
-95
76
87
42
-47
3
-130
-165
24
253
159
-79
-147
-57
2
13
47
-22
97
61
-7
-100
-85
-86
112
61
-64
-43
73
126
-64
-43
41
-121
-116
91
113
-164
132
142
-77
-34
-23
-87
-91
46
69
42
208
-5
-170
-148
28
112
-17
-57
-10
114
71
108
-182
-111
8
-4
95
-8
73
-16
-15
-129
-8
30
-58
160
144
-64
-176
-69
-30
13
184
84
-78
-17
3
-56
-167
71
112
171
2
-29
-263
-123
166
147
51
-39
98
-284
-97
43
140
83
-5
-119
-173
8
92
129
38
9
164
93
-21
-262
-143
4
82
43
-96
-79
56
-34
-9
88
99
151
32
-25
-195
-149
32
0
90
59
34
101
-45
-153
-207
-66
-20
48
271
376
75
-20
-179
-101
-140
-88
-16
-118
-74
-164
109
281
298
80
-124
-114
34
-37
-124
27
151
-140
-83
115
111
-44
-222
-183
130
112
-33
68
108
62
55
62
-89
-166
-161
-122
263
104
-149
-225
74
431
6
-136
-220
16
88
20
27
-101
-27
27
170
-28
84
79
-140
-190
-41
96
165
78
-140
-202
-142
120
236
-30
-42
8
149
74
-8
-122
-70
112
-20
-84
-87
-197
-58
159
134
200
42
124
-44
-298
-94
-194
-151
46
190
336
-8
196
25
-167
-49
-35
-238
-106
37
94
-32
54
66
100
122
12
-124
-280
20
-92
-112
284
235
185
-184
-84
79
73
-56
-191
-116
-46
-9
242
-69
205
222
-330
-166
-52
-18
-11
158
216
31
-9
37
-43
-192
-144
-200
27
130
-55
0
76
290
255
109
-207
-245
-195
-24
-140
98
127
159
98
-106
-67
85
-1
-53
-152
122
153
197
-47
-297
-251
-111
151
20
52
89
157
152
-151
-263
181
-23
103
-208
119
139
-5
-65
-205
-181
-135
198
242
-32
272
121
-33
-162
67
111
-120
-167
-260
-110
128
35
-139
14
-11
190
67
37
92
51
-279
-247
8
7
-10
148
-91
126
170
-6
17
-75
-107
-35
189
39
21
238
158
229
-142
-110
32
-148
-113
-212
-113
176
27
267
130
-68
-96
-23
88
92
-228
-127
-140
5
-112
-143
131
147
14
-194
-164
31
301
27
-114
151
134
27
-144
-232
-96
39
18
21
38
-30
-79
-5
153
128
215
38
-46
143
-153
-104
-135
-43
-77
-233
-74
62
319
202
310
-10
6
86
91
-197
-600
-130
-261
14
520
154
-50
-113
40
189
1
151
-17
-162
-285
-140
84
-17
45
56
-63
-1
80
82
-106
-239
218
56
148
82
94
98
3
50
-108
-365
-269
-53
59
-89
-27
376
-76
589
113
-1
-153
-289
-102
-149
27
81
182
115
-154
-5
2
2
22
-187
-21
-121
280
61
69
-136
-364
131
-45
45
-36
75
82
138
278
-141
-216
79
146
-108
-69
-58
-290
141
80
25
147
-163
-87
-96
-125
-284
-51
-130
177
394
408
133
56
93
91
87
206
-271
-491
27
-122
-111
-17
89
74
-29
149
-307
-150
252
184
-140
-361
-11
241
66
-61
-87
269
-40
-115
132
71
294
12
-40
-78
-40
60
33
-384
-104
27
180
-201
-34
144
137
34
-50
-3
-69
42
3
-34
-4
-128
-130
209
-18
-51
-54
190
169
-83
120
-156
-102
-40
24
50
-6
-224
234
164
196
71
-117
-156
-101
-43
-201
-19
-291
122
3
-53
-163
-32
291
344
38
191
21
-199
199
121
-48
-68
-248
-154
292
294
269
-327
-66
190
88
-164
-157
107
24
-117
-294
164
-82
-191
-404
-437
-78
292
338
2
-259
20
421
144
-169
-100
-66
115
120
2
66
21
-100
476
90
-232
-160
197
72
-204
-164
293
43
-31
-45
128
31
-351
-75
-125
68
42
81
91
58
61
-136
-141
-143
80
307
-284
-6
322
103
178
18
92
-82
-241
-185
-148
217
406
67
-121
105
-155
-149
-61
185
-200
-124
11
131
-212
-344
-299
-98
37
203
264
-2
-36
-367
-207
59
179
0
318
153
-61
134
53
21
-13
213
30
100
-25
-114
-78
-12
-16
126
91
-226
44
86
-133
-78
223
48
-181
-254
59
305
341
-11
-295
-171
-77
112
80
-48
7
31
33
-236
-167
20
-53
-176
96
116
161
47
8
-82
-35
-7
-62
124
60
93
16
-186
-42
-54
-24
87
90
-74
-142
138
228
-123
-122
-41
76
103
7
90
152
84
-183
80
-1
-18
-5
-96
24
116
99
-126
1
122
-79
-86
-155
-47
20
59
-103
-56
-85
-57
-142
150
130
14
14
-54
-62
-74
-188
-110
38
-13
90
-11
165
-59
-97
-91
-42
-52
-3
138
114
192
208
86
98
72
5
-7
-105
35
-45
-132
-78
-49
108
174
27
-59
49
103
50
-2
-8
-13
27
50
163
38
-22
29
25
29
-49
-38
-12
-13
28
-19
-118
-160
-75
52
-47
-132
-77
47
56
-46
-82
-75
-72
19
45
104
-14
61
61
17
-62
-163
-209
-230
-169
-36
48
62
142
72
45
1
-32
-58
-32
-18
-39
61
157
157
77
-29
5
28
-87
-120
-72
-59
-37
76
118
68
69
52
-13
-63
-22
32
-1
72
65
67
98
47
134
-4
-65
38
38
38
-51
-120
-125
-108
-34
24
-36
-14
105
95
5
-29
-3
15
21
15
36
-21
9
77
16
-82
-13
29
51
7
-11
-57
-94
-85
-149
-152
-108
-37
-11
15
38
35
14
58
48
40
20
5
-1
-26
-27
5
15
31
28
61
70
49
16
34
17
-36
4
59
29
24
37
-25
-28
38
66
16
62
80
48
64
74
37
30
29
10
7
22
19
-20
-28
-82
-142
-87
-50
-92
-129
-99
-113
-119
-89
-50
-96
-83
-16
-35
-88
-88
-83
-139
-126
-116
-110
-79
-16
-9
-7
17
52
28
50
47
23
-5
5
-3
-8
-32
-9
10
80
112
131
200
263
255
234
253
228
188
214
213
155
173
236
218
206
251
254
245
301
309
210
209
212
130
-6
-61
-92
-119
-135
-173
-228
-216
-191
-237
-275
-313
-322
-373
-416
-474
-497
-533
-593
-608
-624
-693
-805
-850
-929
-1041
-1112
-1060
-1053
-997
-852
-653
-457
-212
58
310
573
800
992
1158
1292
1316
1290
1270
1237
1166
1104
1069
1050
1063
1085
1091
1066
1060
1058
1064
1015
972
980
1021
994
951
924
866
781
702
617
466
452
466
510
452
527
560
498
-145
-1158
-2054
-2703
-3921
-5571
-6620
-6985
-7336
-7529
-6785
-5654
-4567
-3231
-1253
520
1764
2685
3655
4300
4424
4037
3619
3255
2744
2074
1625
1416
1170
1031
1173
1333
1217
959
770
670
417
-112
-612
-748
-771
-851
-590
55
590
1077
1901
2655
2915
3170
3610
3667
3263
2996
2771
2312
1690
1265
802
374
-63
-366
-600
-683
-661
-579
-865
-2010
-3124
-3544
-4070
-5860
-7422
-7781
-7773
-8162
-7696
-6300
-5076
-3905
-1879
451
1939
2964
3982
4812
4989
4756
4139
3418
2676
2034
1370
805
365
173
295
477
398
80
99
199
-64
-670
-832
-862
-1119
-1239
-565
150
346
769
1914
2793
2863
2994
3458
3528
3096
2842
2754
2496
2069
1857
1770
1578
1110
833
761
555
64
-149
-197
-489
-529
-115
-329
-1772
-2562
-2498
-3187
-5244
-6419
-6654
-7128
-7816
-7295
-6187
-5484
-4498
-2560
-468
861
1994
3169
4142
4533
4531
4142
3542
2913
2312
1577
875
436
282
94
44
132
270
149
72
18
-124
-435
-768
-991
-1021
-765
-645
-497
50
998
1624
2065
2730
3349
3558
3665
3854
3693
3324
3088
2849
2311
1768
1325
877
512
295
-12
-222
-247
-116
25
171
-560
-1813
-2506
-2880
-4499
-6767
-7703
-7983
-8656
-9048
-7804
-6454
-5336
-3620
-889
1263
2640
3842
4963
5582
5550
5046
4208
3382
2503
1566
781
319
15
-195
-201
-37
163
197
-86
-372
-453
-667
-1329
-1790
-1770
-1605
-1436
-842
58
943
1855
2837
3660
4168
4377
4237
3908
3492
2829
2029
1395
1032
592
344
283
303
244
441
603
509
508
645
634
442
599
48
-1380
-2566
-2750
-3800
-5945
-7202
-7156
-7498
-8165
-7379
-5874
-4907
-3845
-1580
544
1664
2559
3720
4479
4578
4380
3890
3260
2715
2197
1524
976
757
527
303
285
409
111
-351
-496
-502
-1002
-1625
-1827
-1805
-1866
-1641
-1126
-556
205
1239
2130
2820
3568
4072
4234
4352
4344
3794
3184
2916
2538
1856
1381
1096
708
472
550
419
247
224
390
384
516
-153
-1555
-2687
-3048
-4390
-6736
-8022
-8124
-8540
-9134
-8128
-6468
-5184
-3744
-1131
1305
2765
3773
4918
5667
5728
5217
4356
3411
2535
1689
864
238
-183
-442
-518
-379
-205
-253
-523
-731
-845
-1148
-1626
-1919
-2002
-1979
-1616
-872
-141
671
1804
2924
3613
4249
4803
4813
4358
4001
3516
2571
1591
988
637
264
-28
-221
-159
147
426
517
624
893
874
759
936
1144
131
-1517
-2336
-2565
-4054
-6366
-7363
-7242
-7637
-8218
-7314
-5785
-4743
-3577
-1309
740
1883
2756
3878
4596
4730
4417
3780
3100
2616
2095
1347
815
588
382
171
291
430
133
-432
-714
-844
-1256
-1881
-2196
-2133
-1975
-1674
-1049
-319
278
1122
2216
2990
3319
3819
4344
4327
3987
3789
3452
2788
2322
2072
1627
1019
661
547
460
356
201
220
351
553
670
595
-380
-1733
-2516
-3160
-5087
-7279
-8061
-8212
-8925
-9027
-7603
-6123
-4938
-2852
-17
1894
3191
4579
5717
5950
5864
5283
4156
2958
2136
1158
172
-405
-702
-937
-799
-376
-217
-336
-456
-528
-746
-1128
-1693
-2124
-2229
-2026
-1663
-996
-116
941
2107
3243
4038
4648
5070
5060
4606
4069
3365
2362
1431
827
312
-158
-352
-346
-232
83
473
684
900
1209
1190
1068
1308
1245
-217
-1890
-2493
-3035
-5090
-7098
-7565
-7551
-8276
-8305
-6907
-5436
-4495
-2820
-376
1354
2264
3255
4371
4817
4742
4233
3511
2809
2445
1796
979
480
398
130
13
259
375
-120
-535
-514
-601
-1227
-1839
-2004
-1940
-1837
-1509
-911
-255
639
1736
2610
3011
3528
4092
4222
3903
3746
3382
2672
2130
2004
1552
904
680
740
496
324
458
507
429
542
587
566
825
637
-777
-2148
-2456
-3284
-5645
-7445
-7654
-7946
-8869
-8596
-7133
-5929
-4807
-2575
-21
1691
2890
4216
5327
5811
5680
4975
4114
3373
2608
1497
556
2
-318
-631
-616
-399
-297
-480
-554
-499
-612
-1162
-1726
-1950
-1825
-1716
-1514
-939
56
1093
2024
3012
3921
4461
4694
4866
4669
3984
3222
2659
1943
1118
515
180
-162
-340
-257
-78
37
171
516
751
730
704
1038
692
-901
-2275
-2511
-3358
-5798
-7505
-7522
-7725
-8593
-8099
-6485
-5396
-4375
-2046
330
1743
2793
4198
5087
5378
5213
4608
3741
3104
2435
1352
455
114
-11
-311
-347
-101
50
-163
-200
-74
-205
-855
-1305
-1451
-1653
-1891
-1678
-1179
-736
-21
1035
1993
2760
3550
4141
4344
4454
4380
3810
3080
2505
1865
1065
495
107
-312
-479
-317
-223
-251
33
582
766
846
1274
1666
862
-729
-1547
-1940
-3544
-6187
-7531
-7686
-8372
-9256
-8489
-6816
-5744
-4471
-1823
658
2095
3263
4816
5676
5813
5511
4808
3906
3195
2318
1018
133
-142
-441
-738
-524
-186
-198
-290
-101
-73
-314
-849
-1398
-1881
-2007
-1995
-1897
-1580
-835
189
1283
2339
3396
4367
5012
5202
5169
4917
4264
3307
2486
1711
789
-72
-505
-736
-902
-841
-607
-372
18
566
834
1008
1432
1397
46
-1302
-1718
-2557
-5023
-7091
-7523
-7796
-8840
-8849
-7387
-6023
-5014
-2944
-238
1597
2699
4043
5290
5713
5514
4900
4023
3155
2411
1300
183
-346
-421
-698
-787
-429
-27
-43
-18
199
234
-291
-953
-1199
-1189
-1447
-1769
-1416
-650
-21
722
1876
2790
3319
4015
4660
4547
4133
3905
3433
2481
1749
1224
512
-84
-288
-404
-616
-528
-308
-36
402
741
737
974
1601
1182
-424
-1397
-1533
-2917
-5622
-7100
-7197
-7949
-9116
-8702
-7106
-6090
-5013
-2713
-173
1416
2625
4190
5337
5736
5561
5051
4274
3513
2607
1388
366
-71
-398
-792
-832
-386
-139
-174
2
375
315
-373
-852
-850
-1000
-1680
-1969
-1388
-740
-401
420
1709
2587
3118
4030
4793
4682
4295
4138
3775
2817
1900
1148
514
-144
-568
-915
-1047
-1007
-694
-309
192
555
802
1151
1688
1575
328
-905
-1407
-2283
-4588
-6599
-7223
-7587
-8672
-8843
-7611
-6297
-5440
-3572
-979
975
2093
3542
4963
5629
5525
5127
4490
3741
2877
1744
675
104
-150
-533
-759
-499
-128
-74
-9
222
128
-322
-539
-703
-1223
-1623
-1382
-1123
-997
-402
697
1451
2039
2969
3840
4010
3997
4154
4028
3359
2641
2044
1462
844
246
-222
-419
-560
-769
-661
-206
90
215
540
958
1269
1296
527
-692
-1325
-1882
-3827
-6155
-6916
-7085
-8219
-8930
-7857
-6573
-5883
-4276
-1621
321
1508
3076
4745
5580
5771
5540
4942
4270
3604
2424
1077
318
-48
-615
-999
-819
-480
-356
-145
185
310
155
-76
-439
-907
-1147
-1285
-1635
-1786
-1102
-234
209
810
2121
3216
3631
4038
4712
4686
4025
3517
3149
2194
1112
424
-85
-715
-1125
-1297
-1255
-935
-510
-197
302
940
1291
1577
1938
1439
20
-829
-1220
-2932
-5488
-6633
-6901
-8011
-8997
-8223
-6978
-6338
-5072
-2576
-462
885
2353
4014
5003
5427
5347
4844
4189
3670
2706
1473
631
289
-169
-520
-431
-134
-21
112
404
608
500
149
-172
-532
-937
-1353
-1541
-1637
-1449
-968
-292
362
1302
2348
3110
3544
4130
4518
4304
3747
3359
2757
1823
981
395
-246
-803
-1054
-1138
-1101
-816
-429
-31
495
932
1258
1662
1785
779
-417
-887
-1649
-3936
-5967
-6574
-7102
-8415
-8695
-7735
-6894
-6193
-4282
-1949
-310
1027
2793
4323
5151
5480
5332
4905
4420
3800
2600
1460
766
353
-275
-557
-467
-201
-153
65
311
472
313
84
-234
-504
-877
-1362
-1680
-1463
-1117
-1019
-598
495
1576
2190
3007
3963
4398
4323
4450
4333
3559
2551
1889
1099
169
-534
-958
-1474
-1701
-1419
-1030
-808
-368
350
897
1326
1795
1815
879
-102
-601
-1545
-3794
-5842
-6632
-7174
-8414
-8924
-8080
-7074
-6332
-4586
-2121
-314
993
2772
4492
5352
5647
5623
5212
4641
3981
2830
1573
855
445
-241
-674
-501
-240
-313
-156
270
478
257
98
16
-207
-630
-922
-1090
-1160
-1121
-804
-307
276
964
1799
2632
3225
3647
3958
4064
3810
3345
2735
1948
1109
458
-122
-757
-1259
-1399
-1281
-1038
-757
-409
154
785
1208
1503
1882
1628
521
-427
-879
-2212
-4615
-6230
-6693
-7515
-8686
-8644
-7625
-6869
-5913
-3850
-1643
-86
1379
3225
4584
5284
5539
5454
5012
4527
3794
2612
1572
1029
514
-153
-432
-316
-299
-352
-33
330
346
104
25
-138
-416
-749
-1037
-1266
-1218
-865
-489
-49
643
1488
2220
2831
3428
3888
4022
3880
3566
3163
2485
1686
904
331
-230
-766
-1183
-1279
-1108
-865
-636
-200
300
732
1138
1530
1139
47
-631
-994
-2416
-4746
-6062
-6478
-7425
-8553
-8358
-7462
-6860
-5823
-3609
-1537
-100
1427
3397
4743
5442
5757
5722
5283
4821
4037
2763
1610
981
315
-479
-744
-615
-610
-645
-197
170
214
127
267
131
-133
-405
-580
-889
-940
-731
-469
-258
303
1136
1856
2363
2905
3469
3746
3703
3441
3089
2511
1753
929
277
-313
-894
-1354
-1436
-1326
-1191
-902
-376
163
541
928
1400
1708
1370
423
-384
-836
-1910
-4012
-5696
-6179
-6673
-7826
-8227
-7387
-6460
-5768
-4216
-2134
-516
712
2345
3890
4809
5170
5230
5013
4746
4199
3141
2051
1480
985
238
-201
-188
-151
-244
-32
215
254
127
111
-46
-315
-634
-857
-1069
-1095
-972
-695
-384
170
884
1599
2128
2653
3229
3578
3584
3436
3289
2854
2185
1550
1015
359
-253
-657
-919
-1131
-1055
-875
-688
-433
22
329
613
920
709
-139
-737
-993
-2180
-4191
-5453
-5840
-6746
-7859
-7875
-7101
-6641
-5765
-3893
-1893
-570
920
2786
4328
5140
5537
5580
5407
5123
4350
3075
2045
1510
730
-187
-586
-494
-611
-706
-449
-69
22
11
63
117
6
-247
-501
-565
-581
-668
-603
-256
149
544
1189
1882
2361
2796
3343
3595
3421
3169
2949
2398
1594
897
338
-321
-963
-1338
-1517
-1602
-1557
-1262
-830
-312
120
554
1080
1545
1288
453
-134
-479
-1716
-3749
-5121
-5620
-6462
-7617
-7750
-6971
-6372
-5712
-4034
-2034
-632
572
2286
3841
4683
4997
5132
5054
4790
4127
3081
2139
1587
970
171
-259
-263
-285
-383
-199
59
149
166
287
271
96
-112
-294
-514
-605
-556
-504
-417
-60
533
1122
1629
2132
2622
2998
3209
3221
3025
2630
2121
1534
929
333
-232
-765
-1140
-1310
-1355
-1334
-1116
-705
-291
-3
349
889
1221
801
-22
-439
-791
-2119
-3970
-4977
-5377
-6325
-7315
-7196
-6480
-6080
-5342
-3660
-1876
-594
751
2411
3825
4684
5054
5091
5026
4863
4156
3037
2210
1722
968
149
-151
-184
-406
-485
-174
63
46
79
224
216
52
-145
-327
-438
-442
-436
-410
-219
110
530
1018
1479
1831
2236
2670
2835
2683
2513
2314
1851
1228
704
244
-265
-740
-1046
-1183
-1242
-1241
-1070
-708
-309
-6
309
752
1171
1164
598
-27
-337
-954
-2490
-4070
-4769
-5250
-6316
-7019
-6654
-6048
-5737
-4764
-3015
-1504
-488
866
2493
3652
4219
4545
4740
4714
4389
3660
2891
2314
1738
939
429
327
226
-78
-86
202
360
239
200
270
202
-43
-302
-472
-613
-710
-779
-730
-559
-195
273
732
1087
1576
2194
2601
2594
2595
2696
2489
1943
1497
1159
603
22
-337
-589
-965
-1191
-1144
-912
-733
-518
-232
202
663
987
766
175
-186
-407
-1403
-3066
-4201
-4690
-5504
-6610
-6950
-6570
-6192
-5729
-4420
-2764
-1474
-355
1359
3015
4003
4457
4867
5070
5069
4646
3762
2870
2366
1755
864
289
162
-1
-254
-160
101
197
105
143
164
77
-196
-472
-730
-834
-916
-972
-934
-623
-193
308
862
1431
1956
2480
2899
3031
2959
2828
2553
2018
1402
800
184
-455
-945
-1272
-1522
-1723
-1674
-1342
-920
-568
-125
420
912
1279
1537
1258
550
35
-339
-1567
-3312
-4353
-4793
-5769
-6761
-6761
-6257
-6011
-5335
-3809
-2306
-1197
89
1707
2969
3775
4241
4526
4587
4541
4025
3257
2652
2275
1628
991
746
683
425
237
380
513
383
139
80
26
-203
-604
-863
-993
-1056
-1153
-1089
-849
-477
-80
449
1045
1588
2026
2454
2766
2863
2801
2618
2252
1774
1295
749
156
-354
-705
-985
-1217
-1338
-1223
-915
-597
-331
44
469
818
1056
1025
467
-190
-545
-1200
-2723
-4153
-4737
-5243
-6239
-6766
-6406
-5960
-5540
-4407
-2837
-1618
-506
1024
2560
3546
4154
4558
4789
4806
4538
3831
3077
2538
1983
1231
701
484
267
11
-7
141
181
103
9
-23
-58
-230
-589
-835
-842
-854
-1006
-970
-606
-182
167
633
1236
1778
2180
2498
2728
2790
2660
2376
2007
1566
1030
466
-38
-466
-829
-1105
-1289
-1336
-1172
-875
-591
-264
159
529
850
1141
1011
324
-228
-466
-1318
-2920
-4091
-4558
-5281
-6241
-6484
-6124
-5862
-5365
-4081
-2580
-1440
-296
1185
2592
3568
4150
4419
4539
4607
4319
3553
2825
2398
1892
1211
761
601
448
287
297
390
364
203
86
13
-209
-608
-930
-1091
-1241
-1371
-1348
-1171
-865
-395
177
747
1334
1928
2456
2863
3108
3121
2936
2643
2227
1670
1009
327
-291
-769
-1135
-1435
-1620
-1617
-1434
-1151
-814
-390
96
479
740
1055
1341
1079
280
-306
-602
-1525
-3130
-4259
-4650
-5219
-6027
-6218
-5788
-5332
-4671
-3449
-2134
-1082
37
1384
2539
3286
3741
3963
4056
4082
3800
3128
2532
2276
1936
1372
1011
974
923
763
696
677
577
401
176
-102
-418
-772
-1126
-1359
-1477
-1586
-1568
-1283
-849
-383
223
952
1569
2100
2702
3150
3144
2931
2811
2521
1828
1058
503
-64
-729
-1185
-1357
-1496
-1617
-1501
-1168
-805
-452
-53
391
769
993
1140
1318
1253
582
-259
-670
-1133
-2421
-3877
-4479
-4716
-5410
-6008
-5796
-5244
-4798
-4029
-2831
-1683
-687
415
1553
2489
3164
3494
3587
3757
3872
3481
2820
2510
2415
2022
1505
1291
1226
1020
831
769
651
403
152
-56
-284
-575
-912
-1181
-1283
-1297
-1294
-1161
-849
-454
1
555
1087
1507
1918
2330
2556
2537
2435
2285
1980
1553
1132
690
190
-242
-503
-678
-882
-1049
-1033
-796
-529
-357
-128
251
556
677
822
834
308
-446
-847
-1331
-2581
-3958
-4571
-4883
-5579
-6119
-5916
-5396
-4860
-3961
-2707
-1537
-459
771
1977
2895
3524
3869
3981
4042
3976
3516
2854
2422
2131
1674
1196
943
803
649
576
548
439
286
149
-3
-213
-495
-803
-1035
-1146
-1215
-1234
-1109
-822
-429
57
617
1170
1681
2158
2562
2807
2845
2717
2469
2069
1536
979
425
-172
-718
-1052
-1218
-1357
-1432
-1320
-1027
-654
-299
39
413
746
920
1049
1155
840
51
-584
-937
-1758
-3144
-4147
-4526
-4999
-5622
-5720
-5332
-4943
-4336
-3214
-2020
-1102
-168
958
2000
2752
3163
3274
3363
3558
3477
2943
2460
2320
2138
1748
1474
1392
1276
1111
1014
906
689
409
102
-211
-517
-859
-1210
-1410
-1427
-1400
-1345
-1101
-646
-139
350
856
1386
1884
2273
2492
2563
2546
2395
2073
1655
1245
807
337
-89
-427
-660
-768
-822
-881
-795
-510
-248
-97
154
465
565
574
722
609
-113
-838
-1097
-1604
-2873
-4043
-4454
-4744
-5352
-5682
-5416
-4971
-4420
-3475
-2323
-1303
-325
758
1797
2626
3163
3362
3407
3534
3540
3140
2588
2314
2187
1885
1536
1366
1273
1106
970
885
689
356
30
-217
-458
-799
-1209
-1460
-1438
-1354
-1359
-1241
-801
-236
242
732
1302
1823
2236
2577
2778
2745
2565
2346
2026
1537
979
481
27
-406
-747
-963
-1091
-1138
-1080
-934
-705
-396
-81
182
393
557
676
749
536
-156
-894
-1243
-1721
-2912
-4095
-4478
-4605
-5094
-5414
-5080
-4503
-3932
-3077
-2015
-1055
-153
805
1651
2299
2784
2984
2979
3055
3115
2818
2397
2251
2216
1996
1760
1685
1609
1463
1341
1184
895
528
148
-207
-535
-910
-1334
-1584
-1553
-1433
-1363
-1175
-749
-169
400
908
1362
1807
2240
2549
2631
2526
2360
2152
1822
1355
878
462
83
-286
-524
-632
-730
-842
-776
-513
-294
-205
-36
232
349
342
436
379
-238
-1019
-1352
-1683
-2751
-4002
-4534
-4670
-5107
-5470
-5244
-4728
-4188
-3332
-2219
-1243
-380
603
1541
2241
2763
3060
3116
3173
3260
3042
2608
2368
2288
2064
1801
1676
1566
1397
1299
1184
872
472
116
-238
-646
-1089
-1509
-1750
-1747
-1664
-1540
-1200
-644
-57
552
1219
1799
2233
2624
2948
3027
2847
2570
2267
1865
1313
705
182
-229
-592
-896
-1053
-1072
-1050
-985
-800
-535
-317
-117
114
240
217
280
393
35
-789
-1345
-1506
-2134
-3366
-4194
-4318
-4503
-4918
-4899
-4386
-3860
-3254
-2306
-1298
-523
185
971
1671
2172
2431
2464
2503
2665
2700
2458
2242
2257
2282
2182
2090
2026
1899
1717
1530
1253
832
327
-169
-607
-999
-1400
-1757
-1904
-1761
-1474
-1194
-818
-205
508
1101
1623
2144
2521
2670
2730
2716
2476
2015
1532
1119
719
279
-174
-501
-626
-660
-733
-767
-696
-582
-449
-255
-109
-25
89
167
146
169
82
-511
-1274
-1585
-1865
-2847
-3959
-4324
-4353
-4697
-4923
-4605
-4081
-3567
-2812
-1864
-1009
-260
498
1227
1866
2342
2508
2514
2673
2886
2802
2528
2451
2566
2570
2434
2303
2160
1938
1654
1277
751
186
-324
-798
-1239
-1573
-1794
-1912
-1823
-1488
-1078
-697
-226
449
1146
1669
2065
2439
2698
2737
2621
2396
2040
1590
1148
743
356
26
-216
-386
-502
-577
-671
-780
-816
-741
-610
-510
-414
-213
-9
31
67
223
-9
-834
-1457
-1512
-1923
-3100
-3994
-4098
-4174
-4546
-4613
-4257
-3851
-3309
-2430
-1512
-769
-39
745
1461
2065
2448
2512
2509
2675
2767
2571
2380
2413
2471
2444
2435
2347
2071
1759
1534
1175
566
-116
-679
-1107
-1441
-1702
-1867
-1838
-1569
-1132
-669
-198
351
967
1499
1890
2243
2529
2546
2326
2118
1957
1650
1197
820
563
295
-30
-320
-489
-588
-698
-806
-869
-878
-814
-656
-468
-323
-133
121
297
356
304
-125
-887
-1351
-1469
-2121
-3372
-4104
-4091
-4235
-4639
-4562
-4060
-3639
-3056
-2029
-1006
-318
305
1033
1710
2173
2320
2191
2153
2358
2470
2385
2440
2672
2749
2678
2641
2517
2144
1681
1273
800
179
-492
-1057
-1448
-1696
-1854
-1917
-1797
-1393
-762
-155
292
756
1330
1756
1877
1937
2055
2031
1847
1738
1648
1385
1044
815
620
342
44
-200
-374
-459
-510
-629
-746
-773
-732
-669
-533
-358
-147
66
272
468
554
150
-669
-1223
-1459
-2204
-3514
-4287
-4348
-4520
-4866
-4655
-4040
-3500
-2827
-1729
-720
-87
469
1130
1656
1948
2015
1916
1935
2193
2402
2430
2568
2790
2836
2778
2808
2669
2188
1603
1139
627
-47
-765
-1314
-1622
-1722
-1721
-1581
-1282
-851
-353
167
580
911
1229
1478
1589
1669
1746
1663
1531
1546
1565
1335
1066
942
817
546
222
-80
-334
-538
-744
-933
-1014
-982
-897
-709
-426
-186
32
224
357
494
614
194
-764
-1464
-1682
-2374
-3683
-4491
-4513
-4533
-4655
-4263
-3563
-2982
-2279
-1219
-344
92
422
856
1185
1359
1442
1518
1702
2045
2341
2581
2920
3237
3262
3155
3078
2812
2166
1413
793
168
-522
-1136
-1524
-1708
-1682
-1509
-1206
-844
-388
54
462
752
954
1067
1194
1302
1343
1322
1348
1462
1551
1581
1476
1327
1112
907
542
80
-410
-745
-1032
-1261
-1377
-1316
-1154
-984
-708
-374
-35
156
430
610
652
555
582
180
-742
-1499
-1661
-2212
-3400
-4086
-3935
-3897
-4136
-3784
-3122
-2750
-2401
-1522
-852
-625
-410
182
624
954
1250
1610
1983
2465
2835
3039
3303
3525
3466
3181
2979
2603
1951
1195
596
18
-506
-955
-1256
-1395
-1307
-1135
-954
-723
-434
-158
82
301
453
615
810
995
1183
1450
1691
1808
1857
1845
1678
1379
1045
691
330
-66
-504
-833
-976
-1085
-1220
-1158
-921
-721
-506
-210
1
108
269
383
332
381
310
-372
-1297
-1688
-1915
-2821
-3762
-3934
-3775
-3948
-3961
-3468
-3046
-2740
-2095
-1203
-670
-396
69
565
938
1183
1463
1791
2280
2833
3140
3353
3552
3583
3285
2901
2573
2040
1354
726
220
-292
-804
-1104
-1252
-1216
-1129
-962
-763
-517
-250
-34
164
340
579
814
1000
1117
1325
1551
1696
1726
1789
1726
1491
1135
733
245
-266
-616
-915
-1099
-1180
-1100
-1045
-895
-706
-522
-418
-227
-6
191
327
357
360
474
578
27
-848
-1396
-1540
-2303
-3402
-4003
-3913
-3914
-3957
-3619
-3147
-2788
-2315
-1486
-921
-666
-401
233
783
1187
1437
1844
2340
2878
3200
3415
3642
3744
3533
3129
2771
2221
1473
732
261
-242
-700
-979
-1031
-1072
-1039
-911
-796
-646
-424
-242
-181
-70
184
485
776
1010
1251
1556
1870
1948
1829
1677
1421
1060
704
395
-61
-441
-662
-788
-972
-1015
-953
-883
-778
-653
-484
-343
-136
2
185
237
244
288
446
73
-804
-1395
-1525
-2081
-3187
-3789
-3828
-3888
-4043
-3646
-3156
-2802
-2341
-1456
-792
-530
-298
179
713
1088
1384
1724
2284
2818
3219
3461
3676
3662
3433
3089
2684
2093
1361
706
267
-59
-445
-762
-823
-751
-731
-718
-677
-680
-608
-419
-285
-249
-53
297
606
889
1201
1410
1528
1707
1799
1573
1226
1026
774
341
-84
-333
-527
-691
-774
-795
-772
-695
-587
-537
-498
-408
-238
-82
78
250
326
327
457
507
-143
-1129
-1604
-1782
-2699
-3821
-4136
-3934
-4025
-3914
-3244
-2712
-2453
-1824
-921
-566
-521
-227
353
837
1266
1625
2076
2715
3321
3580
3651
3721
3559
3153
2722
2263
1564
881
442
144
-205
-491
-655
-704
-683
-666
-716
-764
-765
-740
-653
-513
-348
-105
284
692
1059
1422
1689
1752
1769
1765
1527
1086
768
530
195
-148
-336
-529
-695
-709
-696
-810
-867
-776
-708
-653
-512
-323
-158
158
433
478
428
638
584
-191
-1194
-1605
-1904
-2827
-3801
-3987
-3758
-3750
-3491
-2861
-2389
-2193
-1633
-938
-672
-685
-415
86
582
1076
1580
2091
2658
3233
3588
3687
3584
3322
2949
2580
2112
1533
981
635
379
120
-137
-343
-501
-645
-740
-839
-934
-1010
-942
-762
-520
-252
127
536
878
1184
1448
1578
1545
1482
1385
1204
963
749
520
278
40
-161
-386
-618
-838
-973
-1039
-1076
-1082
-979
-782
-577
-368
-107
173
373
516
519
483
509
403
-310
-1216
-1563
-1709
-2498
-3419
-3546
-3318
-3354
-3207
-2628
-2340
-2300
-1804
-1059
-819
-871
-552
77
702
1247
1742
2212
2760
3257
3475
3486
3393
3143
2743
2416
2121
1705
1189
803
568
315
-48
-425
-688
-921
-1125
-1248
-1252
-1240
-1084
-745
-403
-113
244
644
850
1023
1295
1456
1350
1321
1462
1404
1094
864
791
584
200
-179
-427
-605
-792
-943
-974
-925
-897
-841
-669
-445
-293
-197
-60
118
215
202
232
161
-393
-1193
-1558
-1657
-2233
-3044
-3249
-2970
-2838
-2707
-2312
-1996
-1921
-1651
-1157
-895
-854
-627
-133
456
1075
1618
2053
2506
2966
3174
3121
3002
2801
2463
2150
1902
1597
1249
955
686
406
153
-133
-487
-773
-897
-945
-981
-968
-826
-549
-274
-98
105
397
653
771
881
1055
1167
1193
1211
1172
1028
867
728
529
242
-57
-315
-527
-653
-723
-799
-864
-828
-685
-527
-384
-242
-141
-82
7
75
72
82
82
-256
-934
-1430
-1581
-1948
-2625
-2991
-2871
-2754
-2664
-2256
-1824
-1748
-1685
-1276
-917
-819
-693
-283
276
896
1476
1916
2292
2662
2887
2872
2747
2513
2210
1961
1836
1638
1321
1005
778
603
371
25
-349
-620
-787
-858
-850
-759
-635
-433
-187
2
91
247
485
677
781
859
922
948
1030
1105
1050
861
708
550
268
-103
-332
-418
-534
-687
-719
-642
-615
-618
-539
-394
-305
-261
-208
-111
9
130
223
272
49
-581
-1209
-1441
-1672
-2256
-2784
-2842
-2700
-2610
-2322
-1927
-1809
-1837
-1527
-1064
-845
-805
-516
5
584
1161
1652
2029
2333
2603
2715
2610
2378
2126
1900
1795
1729
1595
1377
1142
907
670
381
44
-302
-564
-740
-814
-774
-648
-478
-326
-206
-101
88
291
442
513
652
796
870
925
990
965
829
679
513
281
-3
-196
-334
-487
-644
-680
-613
-566
-546
-467
-366
-334
-324
-244
-143
-118
-99
-20
89
52
-326
-901
-1280
-1427
-1781
-2357
-2623
-2486
-2370
-2261
-1908
-1575
-1575
-1589
-1270
-907
-749
-594
-245
206
733
1325
1836
2090
2224
2405
2520
2407
2179
2015
1883
1734
1608
1514
1341
1094
842
574
239
-133
-455
-667
-743
-722
-666
-544
-334
-166
-85
26
160
201
200
291
456
585
707
849
917
871
776
671
537
297
17
-206
-388
-512
-532
-440
-403
-474
-528
-507
-462
-378
-299
-278
-272
-179
13
153
166
-150
-753
-1248
-1467
-1746
-2228
-2583
-2609
-2503
-2321
-1946
-1637
-1585
-1563
-1284
-950
-804
-627
-234
245
701
1184
1663
1973
2085
2184
2288
2306
2182
1997
1936
1916
1768
1569
1436
1292
952
555
309
-12
-390
-604
-591
-573
-623
-506
-314
-266
-217
-87
64
109
177
383
510
604
752
886
868
753
668
584
346
142
-37
-219
-389
-493
-501
-509
-448
-362
-346
-401
-334
-223
-183
-220
-138
-20
-27
7
99
-81
-664
-1184
-1369
-1618
-2089
-2382
-2413
-2398
-2325
-1961
-1639
-1618
-1639
-1421
-1132
-975
-730
-383
27
519
1110
1623
1876
2040
2143
2198
2170
2141
2015
1873
1878
1898
1821
1572
1415
1106
678
277
-31
-345
-662
-683
-555
-510
-473
-310
-153
-181
-234
-125
-54
35
165
460
633
728
811
840
775
570
410
220
86
-94
-169
-211
-231
-309
-365
-358
-341
-349
-402
-434
-370
-263
-168
-106
27
115
78
-5
-274
-755
-1359
-1651
-1871
-2191
-2399
-2229
-1980
-1878
-1685
-1467
-1465
-1580
-1411
-1109
-970
-799
-343
241
716
1160
1624
1894
1933
1940
2038
2107
2038
1963
1973
2058
1993
1758
1435
1128
813
451
155
-129
-341
-468
-433
-370
-365
-310
-235
-165
-170
-148
-143
-136
-50
154
425
604
691
731
788
741
514
230
55
38
24
-24
-103
-188
-287
-393
-411
-380
-398
-455
-404
-267
-183
-156
-83
-8
0
83
157
-123
-771
-1348
-1553
-1734
-2030
-2189
-2066
-1902
-1909
-1823
-1646
-1618
-1756
-1685
-1274
-900
-689
-377
142
636
1000
1378
1750
1928
1923
1934
2066
2120
2012
1905
1915
1935
1765
1498
1195
839
517
260
47
-219
-364
-306
-292
-330
-352
-294
-274
-338
-282
-160
16
172
292
503
686
777
688
605
632
506
308
155
138
92
-43
-96
-140
-167
-242
-353
-439
-481
-434
-402
-372
-245
-120
-74
-184
-269
-172
-73
-295
-881
-1290
-1354
-1516
-1917
-2098
-1890
-1775
-1936
-1900
-1605
-1483
-1625
-1567
-1144
-774
-578
-258
285
772
1050
1264
1510
1704
1815
1908
2020
2028
1886
1716
1672
1692
1604
1331
1036
850
640
283
-107
-227
-111
-76
-215
-298
-241
-232
-355
-418
-312
-174
-100
33
324
659
824
749
603
600
699
684
461
221
121
28
-112
-188
-121
-94
-205
-320
-363
-431
-504
-462
-290
-139
-130
-187
-182
-103
-85
-215
-624
-1186
-1577
-1627
-1655
-1843
-1915
-1796
-1794
-1882
-1716
-1402
-1354
-1517
-1408
-1039
-727
-471
-42
530
995
1207
1293
1430
1536
1610
1801
1988
1947
1803
1868
1959
1747
1407
1143
878
591
376
221
134
34
-170
-383
-418
-236
-146
-203
-245
-274
-270
-101
125
196
302
543
673
551
424
436
394
299
244
218
212
215
168
11
-169
-270
-258
-298
-430
-399
-179
-99
-333
-449
-214
-72
-149
-98
19
-220
-786
-1240
-1445
-1614
-1759
-1770
-1748
-1755
-1777
-1774
-1713
-1641
-1559
-1414
-1199
-885
-564
-272
178
677
912
998
1239
1570
1672
1631
1727
1755
1631
1665
1826
1829
1591
1303
1114
897
583
343
264
248
139
-40
-119
-116
-149
-267
-474
-523
-261
-29
-17
58
331
509
462
449
525
544
556
533
297
31
49
179
88
-93
-88
-53
-202
-394
-489
-506
-418
-245
-187
-268
-262
-146
-184
-376
-399
-289
-392
-749
-1127
-1310
-1385
-1594
-1729
-1600
-1476
-1496
-1480
-1380
-1389
-1491
-1371
-1092
-920
-598
-59
338
586
783
932
1107
1320
1540
1619
1544
1591
1709
1741
1734
1597
1433
1297
1049
866
680
384
232
142
35
11
17
23
-88
-266
-245
-263
-363
-139
183
309
283
224
262
234
191
338
390
308
296
238
194
148
21
-22
-66
-92
-85
-243
-359
-355
-436
-539
-489
-259
-132
-285
-339
-272
-414
-543
-626
-825
-1087
-1309
-1339
-1382
-1476
-1391
-1332
-1350
-1216
-1043
-996
-999
-903
-701
-609
-444
34
412
530
631
800
967
945
914
1105
1275
1346
1429
1455
1446
1435
1373
1207
908
710
717
643
477
401
330
202
140
148
75
-63
-69
-10
-70
-78
128
291
240
182
250
247
54
-102
-104
-86
-123
-150
-108
-84
-87
-93
-228
-394
-404
-416
-476
-432
-311
-266
-363
-415
-356
-385
-429
-390
-378
-386
-400
-469
-624
-829
-891
-812
-779
-734
-613
-557
-674
-781
-688
-606
-637
-530
-282
-94
27
194
311
265
282
489
572
513
568
710
781
785
847
887
795
755
753
644
580
619
631
580
584
681
623
382
270
277
235
173
158
247
286
206
169
128
41
-16
-52
-65
-50
-38
-58
-167
-222
-163
-196
-262
-203
-209
-342
-369
-267
-283
-436
-409
-197
-162
-278
-268
-185
-219
-359
-439
-377
-336
-417
-518
-576
-525
-454
-505
-568
-495
-339
-325
-493
-531
-402
-379
-372
-217
-31
36
11
41
78
70
148
206
197
322
513
576
519
483
565
562
473
502
519
487
491
507
497
444
467
530
364
223
343
375
225
139
276
446
346
213
227
194
170
170
82
14
24
91
55
-97
-61
22
-112
-273
-260
-166
-171
-251
-288
-319
-356
-326
-341
-460
-452
-308
-339
-565
-696
-623
-577
-673
-657
-519
-488
-535
-565
-580
-553
-506
-459
-460
-397
-158
-27
-84
-52
106
240
254
293
423
426
368
401
434
463
515
584
632
595
610
589
407
320
426
535
493
385
426
470
388
326
250
198
234
270
237
159
220
290
124
3
134
264
168
-16
-47
-58
-192
-256
-255
-231
-127
-41
-79
-221
-270
-208
-270
-350
-319
-322
-357
-401
-454
-531
-605
-582
-581
-644
-627
-588
-670
-763
-699
-500
-379
-390
-397
-377
-348
-295
-203
-106
-53
-13
94
217
253
260
312
373
474
621
726
664
511
535
653
653
632
627
610
590
569
529
387
277
344
398
417
505
520
378
190
167
270
227
97
50
44
78
107
68
0
-85
-70
18
-12
-71
-130
-262
-316
-289
-253
-217
-227
-231
-327
-531
-623
-702
-836
-858
-771
-651
-653
-770
-819
-847
-824
-729
-691
-655
-584
-457
-313
-287
-236
-99
-40
4
121
280
354
304
310
394
474
634
715
636
615
680
653
501
429
552
667
658
645
622
551
465
353
326
397
395
351
353
423
492
364
114
7
86
217
249
193
193
113
-66
-78
-29
-10
6
-56
-109
-117
-141
-230
-400
-442
-388
-461
-539
-611
-704
-709
-674
-662
-719
-788
-780
-774
-774
-790
-833
-739
-586
-486
-355
-232
-237
-314
-255
-32
141
227
230
185
274
441
490
453
483
578
556
475
463
442
418
443
494
530
528
485
415
374
393
394
345
299
320
390
409
344
264
242
226
187
199
258
298
322
254
106
56
132
160
53
-40
-42
-109
-232
-288
-335
-359
-373
-431
-485
-537
-548
-582
-694
-718
-640
-609
-628
-643
-582
-553
-666
-698
-593
-465
-356
-323
-334
-352
-306
-132
-50
-111
-40
170
332
336
263
289
315
295
355
415
467
566
595
540
427
356
388
406
485
625
556
346
240
299
406
395
345
296
220
271
388
365
230
106
91
156
228
279
221
73
-22
-46
-25
-4
-22
-93
-214
-250
-186
-204
-323
-388
-368
-347
-360
-402
-490
-582
-547
-398
-331
-413
-535
-622
-588
-495
-449
-446
-475
-432
-321
-286
-293
-275
-229
-162
-102
10
117
108
94
151
202
194
181
249
363
407
401
366
270
226
307
434
495
437
339
271
261
363
404
293
215
232
281
290
277
294
214
114
138
189
251
284
246
164
57
62
107
42
21
75
66
-55
-183
-171
-112
-145
-182
-235
-337
-367
-321
-308
-351
-385
-404
-488
-568
-484
-351
-351
-380
-399
-428
-420
-363
-270
-238
-219
-141
-132
-152
-62
58
87
52
23
34
61
154
285
294
227
188
169
184
247
329
334
247
203
217
251
319
350
274
152
95
183
306
327
249
128
99
163
201
202
183
154
145
129
115
117
121
88
17
11
83
101
27
-16
-8
-27
-82
-117
-160
-202
-138
-71
-171
-353
-430
-372
-307
-303
-328
-423
-494
-417
-330
-340
-355
-317
-307
-362
-312
-125
-47
-114
-154
-114
-44
18
75
78
29
70
147
118
80
147
214
168
109
149
193
160
143
178
196
209
227
207
141
108
176
268
291
253
203
173
164
196
233
209
142
116
163
222
216
133
29
-26
7
84
114
90
48
-22
-126
-147
-23
93
25
-163
-253
-182
-90
-80
-150
-214
-205
-190
-241
-300
-277
-226
-266
-327
-279
-196
-189
-227
-242
-240
-223
-166
-130
-130
-57
72
85
-16
-68
-8
82
131
153
168
184
188
134
65
94
197
219
122
54
113
165
112
68
93
118
99
64
47
78
126
96
-3
-25
77
130
60
2
20
28
-30
-51
32
113
87
-4
-39
11
65
18
-73
-46
67
86
4
-22
25
2
-85
-106
-48
-12
-39
-76
-74
-48
-63
-127
-158
-102
-44
-82
-158
-173
-117
-67
-58
-80
-113
-122
-92
-77
-118
-149
-82
34
43
-55
-111
-33
71
50
-45
-54
63
153
137
126
181
176
37
-56
64
267
285
135
57
129
180
102
6
0
60
87
61
36
48
54
2
-55
-60
-21
1
12
41
49
10
-29
-20
-8
-17
-12
11
-12
-51
-20
66
75
-33
-108
-69
-9
-32
-94
-77
6
31
-44
-116
-102
-66
-106
-154
-75
32
-7
-145
-181
-79
-19
-71
-122
-66
21
23
-48
-91
-38
40
30
-20
-14
63
86
13
-14
51
96
53
0
24
93
129
79
-4
-27
29
108
118
76
47
50
35
0
-4
48
101
95
49
21
13
4
-19
-23
29
83
59
-46
-113
-56
28
26
-42
-59
-1
28
-22
-89
-89
-46
-25
-22
-11
10
13
-13
-57
-90
-76
-29
22
49
33
-13
-77
-84
-31
23
19
-51
-70
-20
41
44
-20
-64
-62
-16
11
28
47
47
26
-14
-12
24
46
31
-3
10
42
56
36
23
46
46
19
-10
5
45
57
39
14
25
29
-5
-46
-42
15
43
3
-54
-55
4
38
7
-56
-83
-47
3
29
25
2
-25
-59
-60
-27
20
28
-1
-6
16
34
9
-29
-13
35
55
-4
-73
-53
20
64
17
-46
-53
-23
-7
-34
-34
5
16
-13
-41
11
72
60
-25
-86
-42
25
44
3
-6
30
33
-17
-69
-53
10
58
66
42
21
10
8
12
10
-7
-61
-95
-58
23
71
27
-58
-88
-44
20
45
32
22
36
60
91
114
107
50
-25
-56
-34
-11
-12
5
62
108
57
-54
-110
-67
2
16
-11
-25
7
50
55
24
-25
-79
-120
-103
-14
84
90
11
-55
-47
10
26
-30
-99
-94
-23
22
-3
-41
-28
6
11
-25
-54
-51
-31
-6
12
27
30
15
-5
0
34
42
3
-39
-19
64
116
85
16
-18
5
50
65
46
26
14
-2
-11
4
32
39
6
-23
-11
14
11
-23
-40
-16
-4
-29
-68
-65
-26
-5
-29
-52
-40
-15
-6
-18
-17
-4
4
-1
2
24
54
51
7
-34
-28
6
21
11
1
5
9
2
-12
-4
17
24
0
-29
-25
5
25
22
13
1
-13
-29
-29
-14
0
-5
-20
-16
11
40
43
19
-6
-11
-4
-2
3
11
16
16
3
-6
-10
-8
-15
-16
-5
8
13
6
20
42
37
-1
-39
-34
5
33
30
14
3
-3
-8
-11
-7
-1
-6
-18
-11
19
40
23
-13
-34
-30
-21
-12
2
17
24
10
-15
-31
-20
5
8
-12
-16
-1
15
13
1
1
2
-5
-22
-22
7
32
25
-8
-28
-18
-2
0
1
4
1
-10
-20
-10
13
20
7
-14
-20
-5
7
6
-6
-2
12
14
6
-3
0
10
8
-9
-20
-10
14
21
2
-11
-7
3
6
10
12
-2
-17
-21
-6
18
27
12
-13
-17
-1
7
3
0
9
9
-4
-14
-7
11
16
-4
-28
-14
12
19
10
4
8
-7
-32
-27
15
42
25
-19
-35
-17
7
20
7
-3
1
-3
