4
3
-2
-7
-5
10
1
-2
1
2
5
4
6
7
6
-2
3
4
6
4
0
-1
-2
4
2
-1
-5
-4
-3
4
2
-3
-1
2
-6
-3
0
-2
-1
-2
-4
-3
2
-1
1
5
4
6
4
2
-9
-4
7
-2
-3
-7
-2
-3
-7
-8
-3
1
-1
1
2
-2
-3
-2
4
-10
1
2
1
1
-1
6
1
-2
-4
1
3
5
-4
4
3
-2
3
1
6
3
6
1
6
10
-1
0
-6
-10
6
3
0
-5
-21
14
-4
8
-2
-7
-1
-11
2
2
11
-30
-5
12
6
13
4
-11
-5
9
16
-2
-2
11
-30
-14
28
-2
-10
8
-18
-26
21
34
7
-34
-15
36
6
-29
-6
-5
2
27
32
-7
-66
-11
2
57
34
0
-28
-45
15
22
39
16
-46
-97
18
34
53
83
-58
-55
-51
11
41
63
-41
-37
-82
23
117
34
-11
-31
-85
44
46
9
29
-46
-20
-31
42
32
-28
1
26
-64
-32
127
-21
-115
-21
64
28
15
-65
-43
26
48
9
-62
-31
31
4
52
-8
-37
-74
60
76
-30
-13
-30
22
-42
26
101
13
-108
-37
60
35
60
43
-84
-134
62
45
123
44
-50
-67
-74
105
67
-27
-9
-59
-34
65
65
25
-62
-41
-111
-35
68
23
-17
-25
-67
-21
-15
70
10
-160
1
-46
12
84
39
47
-120
37
143
-42
-35
9
-8
77
70
47
-27
-98
55
70
37
-3
-78
-79
0
60
32
27
-37
-23
12
-12
-29
-4
-1
-56
-22
47
28
-18
54
16
-83
-60
63
-6
-10
13
18
-2
11
57
-95
-13
-12
-9
3
68
-7
-38
5
63
-27
-56
-6
-10
50
-18
-11
85
5
-83
15
60
-67
15
38
14
-1
-54
18
8
2
-31
47
53
-23
-71
25
-43
-89
70
68
20
84
-35
-63
7
17
-88
19
-12
-7
90
-29
-31
18
-18
5
52
50
-61
-34
12
-8
-76
18
81
27
34
16
-35
-83
-91
28
62
4
25
-2
42
59
-20
-31
-12
-122
-84
83
53
-48
52
34
44
70
-18
-11
-69
-115
-43
-46
74
62
33
103
-17
-14
-3
-102
-40
-16
-4
31
33
69
29
-13
-51
36
1
-63
58
3
-43
83
-27
77
4
-129
-20
-11
-67
14
109
43
64
28
-54
-46
-43
-45
-30
-49
5
78
38
4
54
44
21
-119
-102
-39
-53
93
110
70
-56
-37
90
-8
-28
-46
44
-71
-78
34
13
50
-24
33
48
-51
-2
-91
-52
57
97
26
-75
8
70
63
-15
-88
-26
-4
5
58
38
18
-60
-46
49
36
19
-127
-135
111
59
119
-60
-185
132
88
-19
-107
60
80
-106
0
8
-17
21
131
-164
-71
130
-18
12
-63
28
22
70
-13
-65
78
-12
59
17
-119
14
58
-44
-39
-27
-24
-46
31
16
-36
-10
70
35
-47
-82
-51
80
-12
-43
117
80
-27
56
39
-162
-49
-19
81
108
-54
-1
11
8
-19
-64
-34
19
79
90
-28
-90
-18
-3
-74
14
114
23
-35
-36
-21
28
52
76
24
-31
-27
-15
-40
-51
38
59
75
-31
-13
67
-75
-68
-53
-17
-31
-2
115
-77
-71
53
73
19
-69
102
-5
-117
-188
-92
186
74
-11
115
110
-55
-14
-71
-177
1
88
-47
-31
139
154
44
-111
18
-73
-19
-51
-172
107
167
42
40
170
7
-152
-70
-79
-147
-42
85
82
74
90
105
-30
-99
-17
3
-137
-125
-112
-8
194
140
142
-16
-59
26
-178
-120
-79
-3
146
160
6
-29
103
-51
-110
-116
-75
52
99
118
-42
-21
-39
76
127
-101
-149
-52
60
67
7
1
27
46
29
-19
-28
-148
49
86
28
27
-72
-69
13
-20
-42
71
-80
20
120
-18
79
-96
-118
-44
121
-48
-81
59
46
69
-64
-44
155
22
-179
-118
-117
123
2
-48
169
79
68
70
109
-82
-59
-54
-262
-29
-131
107
257
196
247
168
-21
-121
-234
-224
-245
-110
97
322
219
236
164
-95
-354
-221
-74
131
-94
123
200
39
-50
-105
-154
-143
-132
-19
0
-135
213
114
17
-87
-158
-64
-41
149
6
-48
9
-5
86
60
191
54
78
-155
-151
-121
-81
205
121
-123
-132
93
200
25
1
-113
-22
66
40
-79
43
-19
166
134
-64
-98
-15
-7
-93
-136
46
61
30
-135
15
128
89
65
36
-169
-192
-4
64
-41
-31
11
5
102
125
188
-32
-219
-65
22
-165
-18
-34
185
55
70
-70
118
92
-144
-60
46
-42
66
-4
-79
104
-113
-14
-23
-44
-99
-23
109
-73
145
236
51
47
-40
-150
-286
-57
13
-1
-166
-72
217
368
-39
-145
161
79
-165
-35
173
84
-63
-103
-191
-27
-105
120
0
22
49
6
-154
-196
203
151
289
120
166
-136
-298
-373
44
106
147
-24
53
63
-8
73
-386
-401
5
355
405
-12
-33
179
196
-5
-343
-283
-75
14
-12
-92
70
183
208
41
-113
246
46
138
85
-92
-271
-93
-229
-230
-33
13
48
-24
-46
178
64
235
-31
284
89
49
-191
-103
-295
-168
181
-59
-101
-94
-274
-61
66
204
137
178
180
147
-13
-201
82
154
251
-247
-233
-165
-46
180
243
-190
-160
205
313
37
148
-301
29
-464
-118
-282
-53
76
30
103
-77
15
53
266
132
-39
-237
24
63
59
22
64
10
-45
212
254
166
-7
60
-62
-349
-168
80
187
11
-19
100
100
13
23
-189
-222
-217
28
71
56
58
253
-22
-165
-102
-222
-230
-137
-34
97
293
141
378
326
-16
-23
-226
-233
-87
-303
66
30
61
-82
-21
22
-131
-6
43
-132
-19
-158
-52
-72
179
110
136
115
133
-27
-362
-177
-169
103
-31
155
67
523
305
185
130
-209
110
-16
-296
-282
23
148
85
97
2
-8
-103
-182
-89
57
-37
30
92
11
108
114
-149
70
24
-241
-179
-19
121
-72
-53
234
136
71
75
158
177
-4
-71
-372
-87
-103
-187
119
65
-98
-303
-120
-133
-103
80
158
104
91
-80
220
10
-87
63
-116
-42
37
-67
-118
157
194
-36
-283
78
42
-164
239
-76
-17
-93
100
220
71
500
365
-162
-377
-152
-48
-54
-345
38
-74
-129
197
241
-113
-27
4
-39
16
-69
-23
-82
24
-94
68
82
36
-44
-70
102
-54
-164
-88
65
230
209
99
265
80
280
242
105
-228
-150
39
-58
-44
40
228
394
132
-153
-144
-30
39
4
-38
-122
-131
-77
-284
-183
12
-179
-64
-42
-59
-257
-6
-94
-207
-143
-1
-283
54
-168
106
85
123
54
78
143
228
-102
-134
9
6
27
-48
208
91
20
-16
-22
-69
-143
-52
2
-174
-11
-12
125
-27
70
171
157
119
24
41
-24
37
86
85
200
188
160
-8
6
-175
-81
-14
-72
52
-40
-70
-9
89
141
190
116
153
88
-89
2
-87
-61
-47
127
78
-30
-134
-68
30
-219
-191
-135
-113
-55
-62
-58
-13
-44
-206
-194
-3
-70
13
42
70
13
-85
48
14
-31
2
177
93
35
95
135
243
186
42
58
-97
-43
86
84
-21
15
53
-141
-30
-82
-95
-266
-116
-203
-180
-85
-151
-150
-8
10
-138
18
170
299
141
55
95
-3
-48
4
70
133
24
74
80
66
171
129
21
-143
-78
-33
-72
-6
73
46
68
61
19
44
-77
-79
78
37
-102
-28
10
40
-48
7
2
93
31
-78
-64
10
38
-10
-30
5
94
-25
-26
-103
14
26
-66
-30
29
45
31
-52
-143
-74
-30
-90
-126
-17
-79
-125
-53
24
-24
-117
-22
-72
-36
-35
-51
-66
10
51
78
84
72
113
30
-45
60
94
37
23
28
18
62
-32
16
40
-8
8
27
106
82
56
-16
77
24
55
134
106
87
126
100
48
20
87
66
-24
16
17
-30
-33
-10
-55
-119
-54
-66
-66
-124
-66
-38
-102
-99
-93
-44
-29
-39
-21
10
15
7
-42
-51
-58
-110
-141
-177
-189
-170
-176
-181
-113
-52
-38
-33
46
16
-40
-10
-12
-24
-56
-22
-49
24
15
8
68
157
97
109
196
199
204
191
277
218
240
282
316
274
317
326
361
314
347
391
353
334
358
372
346
331
289
288
216
175
98
61
-5
-74
-149
-248
-256
-317
-402
-454
-488
-542
-679
-784
-880
-1066
-1262
-1470
-1664
-1846
-1996
-2082
-2067
-1944
-1754
-1468
-1076
-628
-118
333
721
1094
1394
1568
1665
1697
1704
1656
1603
1589
1573
1572
1555
1557
1578
1636
1595
1453
1361
1311
1214
1051
877
787
666
610
644
628
551
499
605
630
677
660
756
630
559
487
516
35
-790
-1563
-2003
-2720
-4059
-5151
-5685
-5996
-6485
-6416
-5938
-5238
-4545
-3211
-1818
-631
209
1209
2051
2668
2851
2824
2575
2482
2385
2228
1884
1796
1905
2005
1981
2045
1988
1775
1541
1331
909
368
18
-200
-426
-507
-341
-56
284
752
1227
1660
2061
2407
2573
2680
2674
2579
2445
2283
1995
1631
1345
1012
710
436
197
-123
-365
-559
-651
-873
-1624
-2620
-3137
-3528
-4748
-6107
-6581
-6679
-7183
-7242
-6460
-5609
-4946
-3642
-1848
-405
560
1609
2713
3486
3751
3690
3487
3223
2845
2364
1918
1582
1332
1130
1100
1196
1261
1129
1029
969
747
315
-10
-320
-719
-913
-707
-483
-288
244
1060
1714
2206
2764
3231
3405
3394
3327
3164
2863
2497
2153
1868
1483
1047
738
623
332
47
-86
-123
-311
-408
-796
-1705
-2587
-3037
-3930
-5515
-6613
-6938
-7329
-7802
-7432
-6565
-5745
-4684
-2939
-1283
-35
1093
2321
3241
3780
3909
3774
3505
3246
2827
2274
1748
1475
1293
1117
973
1028
960
762
630
593
177
-336
-655
-891
-1222
-1309
-1206
-1004
-502
292
956
1627
2450
3135
3500
3811
3991
3847
3589
3314
2943
2507
2095
1583
1079
738
497
189
19
-136
-271
-326
-215
-472
-1365
-2265
-2827
-3582
-5051
-6475
-7178
-7535
-7973
-7938
-7175
-6149
-5088
-3445
-1446
144
1306
2512
3704
4355
4460
4297
3959
3578
3051
2421
1794
1324
1011
816
781
787
729
718
688
540
245
-146
-602
-1146
-1558
-1817
-1886
-1781
-1486
-864
44
991
1830
2724
3602
4134
4376
4575
4491
4034
3474
3037
2507
1884
1241
682
379
286
41
-139
-86
6
-127
40
-65
-1144
-2389
-2805
-3516
-5509
-7153
-7544
-7868
-8618
-8307
-7127
-6086
-5020
-2860
-657
859
2014
3423
4400
4817
4797
4548
3939
3326
2701
2067
1383
922
665
512
442
550
612
483
318
297
20
-539
-1055
-1290
-1672
-2085
-2129
-1739
-1361
-899
-4
1150
2086
2859
3750
4462
4686
4682
4656
4355
3689
3061
2518
1906
1213
659
310
66
-138
-286
-77
56
18
18
332
-288
-1608
-2454
-2814
-4400
-6548
-7506
-7666
-8334
-8720
-7835
-6623
-5595
-3967
-1645
237
1534
2815
4085
4801
4948
4679
4155
3509
2920
2227
1520
935
639
440
427
499
574
466
425
372
164
-305
-783
-1299
-1695
-1874
-1841
-1873
-1640
-947
31
824
1660
2601
3461
4009
4469
4688
4507
4056
3648
3161
2500
1877
1384
914
425
128
3
-4
-89
-119
-80
60
146
241
-220
-1388
-2483
-2949
-3975
-5952
-7376
-7588
-7878
-8395
-7861
-6477
-5372
-4141
-2003
147
1466
2530
3792
4657
4842
4605
4119
3511
2972
2346
1564
940
677
503
369
396
531
493
436
376
178
-308
-717
-1068
-1456
-1805
-1756
-1568
-1322
-797
134
929
1539
2325
3289
3872
4085
4228
4277
3964
3472
2999
2506
1888
1307
848
516
213
-17
-122
-105
-85
-15
106
225
294
73
-807
-1928
-2582
-3317
-5039
-6807
-7394
-7551
-8132
-8156
-7085
-5902
-4803
-2952
-760
775
1920
3246
4303
4687
4636
4302
3721
3159
2618
1887
1165
784
649
526
438
472
549
517
428
309
33
-506
-982
-1273
-1547
-1814
-1788
-1509
-1034
-322
537
1288
2076
2991
3724
4073
4269
4377
4204
3738
3191
2605
1986
1432
955
518
167
17
-42
-103
-96
25
103
143
344
489
-143
-1420
-2279
-2706
-3971
-6068
-7306
-7473
-7838
-8335
-7795
-6587
-5568
-4196
-1985
7
1276
2480
3787
4566
4767
4624
4131
3492
3006
2401
1614
1037
743
467
353
484
503
410
498
532
225
-169
-462
-912
-1428
-1666
-1655
-1602
-1351
-777
43
861
1623
2396
3285
3951
4190
4292
4402
4120
3476
2942
2410
1592
924
631
312
-187
-375
-345
-311
-298
-121
-27
135
326
425
-151
-1217
-2191
-2822
-4007
-5887
-7213
-7462
-7730
-8248
-7784
-6463
-5337
-4138
-1974
132
1392
2438
3841
4699
4826
4562
4182
3611
3131
2476
1657
1041
831
565
352
436
574
434
385
499
393
-91
-529
-845
-1190
-1501
-1518
-1376
-1215
-785
1
816
1462
2235
3070
3691
3973
4200
4257
3973
3417
2849
2279
1595
935
429
73
-330
-595
-628
-484
-463
-312
-36
223
382
617
374
-698
-1697
-2190
-3179
-5227
-6763
-7161
-7492
-8232
-8059
-6935
-5808
-4694
-2680
-537
955
2090
3489
4460
4804
4736
4420
3799
3268
2672
1834
1096
830
553
242
296
593
551
433
559
559
141
-258
-517
-966
-1455
-1548
-1384
-1335
-1101
-390
509
1179
1897
2746
3489
3838
4063
4151
4022
3586
3056
2399
1758
1140
629
104
-261
-553
-679
-651
-443
-288
-112
95
346
616
715
4
-1213
-1946
-2420
-3888
-5910
-6899
-7085
-7619
-8027
-7327
-6159
-5217
-3794
-1667
138
1268
2429
3710
4462
4608
4397
3962
3438
2933
2186
1359
838
673
370
175
351
630
543
489
623
545
60
-299
-518
-927
-1332
-1351
-1179
-1080
-702
15
785
1441
2201
2959
3534
3856
4011
3991
3782
3337
2690
2056
1417
781
184
-168
-488
-764
-783
-510
-265
-138
141
403
604
739
684
-232
-1369
-2032
-2659
-4445
-6266
-6923
-7118
-7888
-8111
-7127
-6017
-5155
-3516
-1326
263
1388
2683
3889
4486
4632
4360
3870
3461
2995
2139
1332
1000
858
561
433
584
747
737
713
712
564
144
-234
-549
-932
-1363
-1451
-1348
-1235
-872
-130
560
1194
2053
2904
3381
3693
4018
4026
3721
3301
2777
2066
1386
816
232
-252
-589
-791
-798
-598
-417
-161
232
513
594
908
978
-28
-1302
-1795
-2437
-4434
-6369
-6915
-7188
-8078
-8265
-7263
-6205
-5328
-3587
-1409
173
1320
2720
3973
4634
4719
4532
4115
3676
3059
2249
1487
1040
734
505
448
566
659
709
753
701
507
132
-281
-713
-1075
-1378
-1552
-1566
-1348
-949
-342
316
1048
1845
2708
3357
3694
3929
4106
3920
3405
2806
2234
1489
773
246
-163
-558
-816
-828
-605
-318
-84
182
555
833
1004
1094
518
-681
-1575
-2044
-3491
-5671
-6767
-6887
-7593
-8327
-7664
-6390
-5667
-4446
-2230
-354
740
1987
3442
4271
4530
4505
4132
3673
3280
2635
1769
1191
999
764
536
493
599
670
657
616
535
241
-198
-542
-832
-1256
-1590
-1564
-1399
-1154
-605
120
745
1496
2414
3054
3378
3774
4070
3886
3500
3143
2595
1856
1172
547
-52
-448
-706
-943
-927
-660
-414
-76
369
574
683
1126
1194
75
-1086
-1430
-2158
-4157
-5854
-6345
-6812
-7719
-7829
-6993
-6176
-5379
-3790
-1836
-286
915
2193
3379
4175
4434
4211
3844
3559
3140
2359
1618
1239
1027
750
618
693
755
691
718
740
551
157
-187
-515
-877
-1201
-1390
-1470
-1355
-1001
-494
75
736
1495
2261
2915
3371
3667
3816
3770
3458
2983
2418
1771
1072
460
-13
-412
-735
-873
-769
-552
-312
-2
411
659
778
984
1043
275
-822
-1462
-2114
-3759
-5520
-6294
-6684
-7525
-7905
-7228
-6328
-5592
-4228
-2284
-696
479
1777
3107
3953
4297
4255
4024
3752
3408
2718
1965
1487
1239
957
770
686
636
640
717
658
468
236
-82
-462
-717
-934
-1278
-1504
-1352
-977
-591
-128
489
1237
2048
2735
3179
3494
3742
3760
3492
3078
2536
1868
1184
585
56
-377
-686
-871
-851
-608
-329
-97
281
649
803
856
988
536
-569
-1475
-2010
-3279
-5142
-6211
-6515
-7189
-7852
-7380
-6404
-5683
-4643
-2731
-995
232
1420
2848
3820
4304
4341
4186
3905
3635
3001
2180
1611
1358
1019
714
658
693
678
744
845
702
416
150
-116
-535
-919
-1206
-1387
-1476
-1254
-859
-405
89
817
1604
2316
2875
3306
3555
3683
3587
3191
2637
2084
1444
724
164
-256
-635
-876
-861
-772
-618
-306
95
346
514
702
869
682
-106
-1090
-1734
-2449
-3977
-5571
-6233
-6495
-7156
-7444
-6771
-5830
-5031
-3678
-1882
-381
742
1984
3209
4013
4282
4168
3923
3712
3328
2584
1860
1475
1266
998
858
851
825
805
895
872
539
171
-60
-361
-826
-1176
-1345
-1446
-1413
-1092
-645
-168
458
1242
1988
2580
3060
3424
3614
3568
3294
2902
2452
1837
1150
594
167
-306
-673
-797
-784
-760
-596
-291
42
280
405
512
652
444
-433
-1340
-1863
-2659
-4274
-5606
-6066
-6424
-7138
-7184
-6435
-5584
-4759
-3290
-1597
-258
860
2162
3298
3939
4160
4126
3950
3690
3275
2564
1918
1536
1316
975
820
818
822
686
732
746
514
43
-239
-464
-803
-1202
-1382
-1408
-1306
-997
-516
-29
533
1242
1994
2600
3032
3318
3516
3536
3296
2819
2328
1776
1110
457
38
-334
-700
-889
-844
-792
-648
-350
-54
123
318
533
612
433
-202
-1043
-1707
-2365
-3700
-5141
-5876
-6127
-6710
-6966
-6459
-5579
-4809
-3521
-1902
-514
531
1775
2945
3669
3920
3940
3815
3637
3300
2644
1979
1619
1422
1071
826
799
825
737
747
758
599
260
11
-199
-489
-844
-1075
-1165
-1099
-866
-538
-203
319
1031
1708
2203
2684
3110
3351
3377
3257
2902
2390
1835
1249
599
7
-451
-784
-979
-1088
-1073
-878
-570
-370
-77
331
523
450
552
429
-496
-1549
-1992
-2730
-4400
-5682
-5915
-6177
-6830
-6722
-5874
-5116
-4279
-2740
-1201
-103
994
2306
3243
3759
4007
3955
3707
3535
3159
2437
1849
1625
1391
1081
992
1010
954
948
1029
916
619
349
116
-255
-663
-939
-1100
-1240
-1223
-926
-496
-123
362
1088
1814
2263
2598
3010
3259
3127
2799
2499
2085
1477
854
334
-150
-557
-788
-888
-981
-959
-743
-429
-151
116
318
390
504
611
186
-806
-1514
-1912
-2874
-4417
-5319
-5594
-6073
-6599
-6281
-5573
-4982
-4092
-2552
-1176
-165
921
2124
2970
3482
3716
3642
3499
3426
3056
2376
1976
1849
1558
1203
1191
1233
1064
958
1058
979
625
277
61
-197
-554
-902
-1105
-1155
-1042
-816
-514
-170
321
975
1592
1974
2293
2683
2934
2865
2654
2407
2041
1539
1030
499
20
-341
-620
-882
-983
-927
-803
-647
-365
-61
158
271
433
585
349
-445
-1179
-1525
-2252
-3724
-4891
-5213
-5584
-6252
-6324
-5699
-5118
-4439
-3171
-1743
-689
320
1495
2538
3190
3512
3545
3527
3526
3257
2649
2195
2025
1785
1435
1285
1282
1214
1130
1098
1010
838
603
289
-40
-338
-673
-1007
-1153
-1166
-1143
-968
-569
-130
342
949
1566
2018
2417
2789
2956
2877
2685
2388
1960
1441
868
295
-150
-502
-828
-1043
-1049
-975
-839
-567
-228
44
215
392
585
556
-6
-787
-1298
-1810
-2992
-4326
-5010
-5324
-5912
-6257
-5913
-5305
-4737
-3719
-2284
-1052
-126
957
2156
3012
3378
3466
3488
3458
3265
2803
2265
1900
1697
1479
1312
1266
1244
1171
1154
1167
1052
744
367
36
-251
-589
-972
-1275
-1353
-1265
-1102
-841
-415
120
723
1328
1872
2315
2705
2949
2949
2779
2548
2181
1680
1130
578
28
-372
-634
-868
-1052
-1043
-876
-642
-312
59
287
333
495
799
680
-207
-1119
-1453
-1958
-3340
-4712
-5194
-5480
-6087
-6295
-5765
-5220
-4660
-3482
-1963
-862
29
1166
2306
3052
3443
3530
3469
3470
3362
2860
2298
2089
1936
1609
1432
1470
1363
1175
1206
1212
889
464
199
-72
-468
-882
-1246
-1479
-1458
-1294
-1155
-918
-396
297
940
1489
1967
2417
2833
3047
2932
2674
2408
2003
1446
906
390
-146
-561
-771
-887
-980
-969
-792
-482
-140
136
333
449
539
639
485
-251
-1152
-1598
-2023
-3223
-4588
-5089
-5184
-5665
-6019
-5622
-4954
-4342
-3370
-2061
-984
-125
905
1998
2747
3095
3206
3275
3393
3322
2870
2378
2216
2112
1817
1563
1517
1422
1262
1208
1148
873
498
193
-113
-471
-858
-1193
-1406
-1446
-1366
-1166
-829
-397
125
775
1428
1897
2275
2679
2935
2879
2681
2448
2070
1559
1075
582
60
-353
-563
-711
-860
-927
-796
-523
-271
-95
104
289
341
379
366
-120
-1023
-1589
-1888
-2811
-4209
-4919
-5037
-5435
-5887
-5625
-5010
-4457
-3597
-2303
-1179
-310
692
1790
2595
3032
3208
3265
3360
3333
2959
2457
2230
2121
1863
1603
1534
1451
1318
1248
1203
973
614
271
-33
-374
-781
-1168
-1420
-1491
-1436
-1240
-938
-554
-47
636
1288
1762
2153
2563
2834
2861
2707
2463
2133
1704
1203
693
250
-160
-515
-738
-833
-914
-912
-729
-469
-298
-85
144
233
227
305
67
-723
-1418
-1702
-2332
-3624
-4567
-4801
-5089
-5570
-5549
-5037
-4523
-3820
-2631
-1469
-595
322
1427
2316
2836
3126
3225
3255
3277
3092
2622
2248
2145
1984
1705
1543
1509
1403
1258
1193
1016
679
300
2
-339
-783
-1180
-1425
-1518
-1513
-1388
-1115
-697
-135
481
1100
1650
2125
2567
2888
2965
2813
2605
2333
1888
1332
790
297
-179
-578
-812
-920
-1009
-1058
-888
-524
-261
-106
112
326
387
413
351
-192
-1013
-1520
-1904
-2865
-4079
-4708
-4909
-5272
-5522
-5223
-4688
-4143
-3227
-1990
-962
-177
738
1733
2447
2817
2941
2957
3007
2983
2664
2254
2090
2041
1867
1716
1718
1686
1548
1455
1359
1050
579
178
-165
-602
-1108
-1471
-1615
-1608
-1502
-1292
-932
-379
260
844
1394
1941
2367
2636
2831
2853
2610
2259
1929
1491
920
402
-9
-393
-692
-817
-846
-862
-783
-576
-314
-69
135
264
344
384
364
191
-322
-1071
-1603
-1978
-2816
-3961
-4554
-4643
-4941
-5263
-5010
-4432
-3907
-3127
-2025
-1097
-367
524
1464
2093
2460
2689
2797
2882
2938
2757
2416
2262
2275
2153
1920
1799
1739
1573
1344
1160
892
438
-11
-319
-637
-1086
-1445
-1528
-1473
-1388
-1179
-801
-327
233
830
1345
1757
2132
2456
2644
2634
2423
2132
1873
1523
982
443
66
-261
-572
-750
-812
-863
-801
-576
-385
-246
1
287
379
354
428
465
93
-626
-1216
-1594
-2275
-3368
-4210
-4485
-4708
-5073
-5077
-4612
-4095
-3483
-2524
-1502
-718
34
914
1689
2203
2468
2574
2691
2843
2778
2480
2290
2277
2185
2022
1937
1841
1649
1471
1324
1055
629
163
-250
-580
-935
-1362
-1636
-1611
-1467
-1327
-1034
-528
20
556
1149
1709
2102
2379
2611
2722
2629
2363
2026
1663
1248
769
294
-102
-426
-662
-755
-780
-812
-740
-499
-261
-103
102
297
335
305
352
260
-286
-1048
-1493
-1817
-2663
-3761
-4280
-4397
-4745
-5027
-4760
-4300
-3891
-3134
-2071
-1225
-568
273
1182
1855
2253
2443
2561
2737
2836
2650
2349
2246
2259
2149
1974
1886
1796
1629
1461
1266
921
476
58
-315
-677
-1064
-1415
-1582
-1495
-1328
-1168
-853
-299
309
821
1296
1788
2200
2446
2569
2575
2404
2097
1774
1423
967
488
100
-203
-446
-622
-734
-759
-674
-549
-425
-222
29
196
300
392
403
314
181
-224
-969
-1551
-1850
-2517
-3624
-4296
-4373
-4574
-4933
-4839
-4346
-3884
-3265
-2299
-1384
-720
17
902
1612
2038
2292
2437
2587
2758
2713
2479
2379
2433
2383
2223
2132
2040
1842
1596
1318
964
514
31
-392
-725
-1059
-1395
-1522
-1377
-1172
-996
-651
-113
418
883
1347
1750
2023
2211
2330
2316
2143
1852
1523
1212
896
524
146
-154
-348
-433
-474
-548
-594
-510
-375
-266
-122
32
94
109
191
265
177
-168
-748
-1283
-1612
-2124
-3106
-3978
-4249
-4385
-4747
-4859
-4496
-4061
-3568
-2715
-1747
-1041
-377
501
1340
1869
2187
2419
2613
2781
2825
2671
2507
2512
2513
2361
2218
2141
1987
1739
1461
1105
654
204
-229
-653
-1025
-1322
-1497
-1483
-1319
-1107
-816
-380
117
611
1091
1479
1749
1987
2185
2218
2104
1921
1684
1411
1143
848
493
177
-37
-215
-390
-502
-550
-585
-602
-527
-356
-187
-98
-21
97
164
167
104
-258
-925
-1430
-1687
-2307
-3357
-4061
-4228
-4435
-4738
-4672
-4285
-3868
-3246
-2292
-1398
-750
-43
824
1579
2051
2302
2456
2656
2868
2844
2603
2496
2566
2496
2262
2126
2047
1826
1511
1223
911
481
6
-397
-705
-1012
-1318
-1452
-1368
-1206
-1018
-716
-302
154
651
1117
1447
1712
1999
2209
2234
2107
1908
1690
1464
1178
793
410
117
-119
-327
-485
-622
-728
-729
-653
-573
-437
-269
-175
-70
99
143
40
-34
-309
-963
-1517
-1760
-2337
-3383
-4040
-4121
-4331
-4660
-4526
-4067
-3660
-3032
-2053
-1180
-542
193
1029
1683
2115
2356
2436
2557
2750
2708
2425
2294
2367
2336
2185
2073
1962
1789
1612
1395
1022
532
66
-314
-654
-1043
-1408
-1574
-1490
-1277
-1037
-743
-315
256
818
1250
1595
1914
2145
2280
2310
2172
1898
1661
1455
1105
662
321
70
-201
-451
-601
-694
-757
-770
-738
-656
-514
-384
-268
-99
21
-14
-9
106
-170
-944
-1493
-1628
-2186
-3308
-4033
-4136
-4325
-4633
-4490
-4025
-3600
-2986
-2032
-1143
-501
143
877
1522
1963
2150
2192
2340
2556
2543
2333
2299
2457
2489
2373
2327
2306
2150
1900
1611
1196
672
165
-313
-796
-1202
-1493
-1678
-1644
-1374
-1063
-760
-282
343
884
1313
1698
1975
2133
2244
2248
2057
1791
1541
1253
939
642
324
2
-227
-371
-522
-669
-767
-817
-810
-764
-702
-597
-442
-304
-182
-69
-23
-19
-89
-489
-1127
-1499
-1747
-2523
-3525
-3914
-3906
-4169
-4382
-4053
-3544
-3111
-2382
-1417
-742
-263
417
1150
1610
1838
1969
2077
2277
2457
2430
2347
2447
2587
2585
2560
2539
2344
2001
1700
1362
809
147
-419
-846
-1192
-1482
-1662
-1644
-1404
-1032
-617
-166
321
807
1266
1650
1867
1946
1988
1998
1884
1654
1400
1154
909
671
421
136
-116
-288
-440
-619
-779
-878
-896
-850
-832
-782
-570
-301
-163
-67
87
181
184
39
-436
-1061
-1417
-1767
-2653
-3572
-3856
-3909
-4211
-4287
-3860
-3391
-2918
-2104
-1187
-596
-100
574
1208
1596
1796
1889
2010
2267
2468
2439
2401
2566
2739
2744
2669
2523
2227
1862
1518
1046
358
-305
-747
-1083
-1430
-1639
-1595
-1399
-1086
-629
-121
319
739
1199
1562
1717
1751
1783
1786
1663
1445
1243
1073
882
671
465
254
42
-138
-313
-510
-712
-870
-951
-968
-1004
-1020
-862
-575
-354
-160
118
285
312
447
432
-196
-976
-1250
-1598
-2638
-3597
-3809
-3924
-4276
-4213
-3692
-3287
-2810
-1877
-973
-466
32
680
1183
1489
1686
1735
1799
2054
2269
2273
2327
2550
2720
2777
2791
2654
2312
1946
1592
1046
336
-307
-771
-1110
-1364
-1510
-1460
-1188
-799
-363
111
528
831
1135
1418
1469
1339
1294
1292
1150
988
930
849
729
689
635
438
231
90
-134
-432
-665
-849
-1029
-1118
-1120
-1060
-860
-581
-327
-10
346
465
427
566
528
-200
-1075
-1407
-1779
-2812
-3736
-3896
-3890
-4123
-4006
-3378
-2837
-2399
-1621
-737
-246
48
493
937
1187
1327
1428
1553
1842
2199
2382
2494
2731
2944
2947
2856
2671
2243
1705
1249
736
58
-522
-852
-1088
-1266
-1233
-1017
-776
-471
-61
308
548
738
903
1004
1037
1010
957
974
1039
1054
1056
1095
1083
986
873
675
343
9
-268
-585
-918
-1111
-1160
-1158
-1106
-954
-699
-393
-112
140
399
528
440
360
335
-107
-983
-1582
-1817
-2430
-3373
-3780
-3689
-3775
-3833
-3383
-2813
-2463
-1948
-1159
-568
-268
56
465
832
1128
1333
1504
1805
2199
2497
2702
2891
2985
2962
2905
2732
2311
1751
1273
856
347
-209
-613
-818
-937
-974
-861
-675
-510
-264
87
329
416
537
719
810
833
915
1009
1043
1107
1223
1258
1168
1045
915
690
332
-59
-359
-638
-974
-1222
-1255
-1211
-1183
-1032
-756
-528
-303
40
345
470
471
449
437
346
-136
-964
-1521
-1716
-2250
-3164
-3619
-3526
-3519
-3529
-3143
-2678
-2394
-1880
-1104
-628
-465
-160
293
645
946
1242
1479
1803
2292
2690
2883
3019
3105
3050
2913
2660
2170
1571
1072
639
171
-261
-591
-780
-805
-734
-656
-536
-358
-194
-34
129
236
296
394
541
705
883
1029
1126
1272
1428
1399
1206
1029
818
438
21
-297
-620
-954
-1111
-1128
-1147
-1070
-819
-586
-462
-274
-8
166
232
284
269
175
126
76
-287
-936
-1398
-1564
-1995
-2795
-3307
-3313
-3313
-3407
-3206
-2825
-2525
-2084
-1373
-823
-551
-194
372
877
1229
1524
1831
2180
2543
2801
2915
2964
2939
2801
2587
2329
1919
1385
924
601
246
-174
-471
-594
-671
-720
-667
-560
-488
-396
-206
-11
112
227
417
635
831
1007
1153
1267
1345
1369
1292
1116
873
606
291
-55
-392
-661
-852
-991
-1061
-1028
-899
-784
-639
-471
-280
-166
-23
148
270
254
202
236
211
-120
-793
-1315
-1624
-2086
-2913
-3430
-3512
-3498
-3497
-3153
-2688
-2333
-1820
-1107
-569
-326
-2
376
749
1074
1390
1607
1969
2416
2754
2936
3107
3129
2957
2765
2486
1961
1330
848
421
-12
-360
-566
-680
-675
-570
-455
-359
-278
-191
-81
26
65
96
241
445
648
859
1090
1257
1377
1468
1450
1248
951
636
298
-111
-515
-803
-949
-1072
-1149
-1059
-845
-676
-551
-403
-245
-108
7
72
125
134
67
25
52
-259
-997
-1520
-1639
-2082
-2976
-3414
-3295
-3250
-3282
-2877
-2383
-2095
-1666
-954
-517
-360
-77
354
711
1056
1417
1727
2117
2550
2852
2970
3059
2978
2724
2414
2106
1629
1096
670
364
70
-162
-313
-408
-461
-477
-466
-451
-450
-440
-338
-180
-12
186
483
758
994
1236
1441
1468
1403
1325
1164
871
570
304
35
-209
-409
-552
-633
-674
-739
-768
-715
-668
-693
-694
-593
-482
-391
-234
4
169
178
191
267
86
-616
-1335
-1684
-2081
-2908
-3520
-3532
-3372
-3299
-2894
-2277
-1895
-1545
-920
-386
-298
-206
107
496
826
1249
1632
2035
2550
3019
3188
3183
3114
2835
2437
2036
1567
943
510
285
42
-244
-329
-348
-427
-475
-455
-479
-538
-486
-369
-217
-52
199
518
864
1094
1251
1428
1532
1447
1296
1177
942
632
416
248
-79
-400
-562
-663
-865
-1015
-1068
-1042
-964
-814
-679
-561
-394
-220
-42
125
239
137
35
78
81
-409
-1110
-1521
-1701
-2179
-2820
-3058
-2993
-2973
-2864
-2406
-2063
-1930
-1604
-1003
-674
-551
-256
269
761
1266
1758
2171
2560
2925
3103
3037
2870
2563
2199
1860
1539
1084
734
546
395
181
38
-110
-308
-453
-515
-621
-730
-703
-556
-328
-68
223
527
878
1157
1324
1417
1477
1388
1240
1113
953
677
441
277
55
-240
-484
-689
-889
-1050
-1167
-1254
-1234
-1073
-916
-797
-615
-336
-120
75
287
457
385
310
373
306
-313
-1056
-1401
-1614
-2228
-2868
-2998
-2942
-2946
-2723
-2226
-2045
-1949
-1484
-873
-699
-600
-213
296
745
1272
1761
2082
2431
2803
2966
2869
2711
2451
2147
1877
1597
1181
840
655
456
165
-65
-222
-413
-573
-635
-627
-607
-490
-266
1
216
428
697
948
1063
1068
1110
1178
1154
1042
959
838
650
469
314
24
-367
-664
-865
-1051
-1223
-1314
-1327
-1207
-992
-753
-549
-368
-207
-9
235
395
409
344
319
320
204
-309
-1015
-1443
-1664
-2205
-2815
-2938
-2837
-2855
-2655
-2150
-1919
-1867
-1468
-916
-734
-606
-191
320
780
1330
1835
2165
2495
2805
2871
2726
2548
2276
1945
1694
1489
1186
907
749
621
415
165
-102
-348
-530
-666
-741
-734
-625
-426
-79
269
508
712
989
1166
1183
1189
1199
1086
930
863
758
521
256
54
-156
-404
-669
-908
-1058
-1112
-1137
-1081
-918
-762
-639
-449
-220
-104
-32
106
269
317
286
282
283
-10
-682
-1254
-1536
-1976
-2673
-2983
-2841
-2768
-2726
-2294
-1852
-1764
-1648
-1186
-840
-767
-605
-169
348
880
1409
1880
2280
2591
2783
2853
2748
2409
2088
1965
1841
1508
1204
1042
849
552
268
-31
-377
-629
-716
-693
-666
-563
-360
-29
229
410
547
703
747
800
899
973
943
961
1031
986
810
596
375
63
-273
-570
-772
-936
-1033
-1076
-1024
-896
-716
-584
-481
-400
-326
-249
-111
13
69
158
282
327
278
104
-446
-1144
-1560
-1827
-2413
-2879
-2825
-2587
-2510
-2189
-1735
-1604
-1652
-1379
-1036
-916
-781
-364
209
848
1487
1997
2340
2592
2696
2644
2482
2226
1904
1724
1657
1549
1339
1142
891
595
250
-89
-450
-696
-802
-735
-573
-352
-133
115
317
422
495
567
585
592
734
922
1040
1130
1215
1147
919
669
385
2
-389
-682
-846
-921
-920
-903
-852
-737
-605
-546
-518
-479
-433
-340
-149
51
217
344
396
374
321
-16
-775
-1462
-1723
-2032
-2626
-2868
-2615
-2453
-2419
-2039
-1669
-1750
-1834
-1464
-1085
-958
-685
-74
611
1233
1790
2206
2422
2516
2514
2431
2261
2023
1845
1829
1867
1772
1541
1262
930
525
81
-335
-699
-938
-931
-702
-464
-298
-83
147
233
250
338
396
411
574
866
1050
1111
1183
1182
991
670
352
73
-167
-394
-570
-641
-642
-685
-764
-801
-798
-796
-754
-645
-518
-371
-167
67
242
371
425
356
197
55
-316
-1021
-1636
-1794
-1923
-2293
-2475
-2219
-1983
-1967
-1856
-1712
-1790
-1906
-1682
-1303
-945
-565
34
749
1415
1851
2144
2349
2430
2366
2300
2240
2045
1844
1787
1752
1515
1210
925
641
303
29
-171
-318
-398
-360
-239
-171
-184
-199
-156
-115
-64
35
238
517
816
1054
1215
1245
1121
939
713
350
-43
-230
-277
-386
-491
-476
-443
-489
-596
-719
-816
-819
-778
-699
-583
-449
-301
-85
104
186
227
254
203
127
-95
-649
-1241
-1483
-1709
-2209
-2490
-2344
-2250
-2261
-1990
-1696
-1686
-1590
-1157
-799
-610
-259
256
698
1081
1465
1728
1886
2021
2125
2135
2127
2104
2026
1934
1853
1660
1291
899
569
230
-127
-352
-437
-454
-376
-191
-43
-6
8
29
26
14
55
155
292
500
758
961
1009
977
929
827
615
379
166
-18
-198
-333
-478
-649
-790
-863
-917
-887
-736
-576
-457
-284
-102
-28
12
49
71
50
36
-18
-80
-305
-798
-1301
-1471
-1658
-2092
-2301
-2093
-2013
-2111
-1917
-1688
-1784
-1802
-1343
-895
-632
-246
363
870
1242
1544
1748
1818
1831
1843
1878
1904
1846
1819
1887
1922
1721
1437
1174
848
419
81
-142
-350
-497
-465
-344
-270
-232
-156
-24
73
130
229
414
543
609
709
798
726
588
533
469
290
140
129
120
-1
-140
-247
-395
-594
-792
-915
-930
-850
-726
-547
-319
-153
-65
54
167
177
136
119
65
-85
-381
-856
-1319
-1558
-1755
-2043
-2114
-1898
-1748
-1693
-1491
-1344
-1459
-1483
-1216
-966
-792
-443
68
550
1011
1399
1624
1779
1886
1884
1853
1838
1736
1612
1630
1646
1455
1187
980
753
477
246
70
-59
-113
-116
-106
-99
-146
-226
-202
-80
17
134
366
597
725
824
877
772
594
480
374
215
97
27
-68
-158
-238
-373
-517
-581
-644
-736
-705
-542
-466
-486
-449
-337
-273
-238
-146
-17
63
77
104
70
-282
-917
-1385
-1550
-1778
-2090
-2089
-1850
-1726
-1597
-1315
-1203
-1357
-1370
-1118
-852
-632
-306
134
585
992
1300
1507
1645
1706
1735
1815
1886
1848
1761
1742
1664
1416
1101
833
587
336
152
72
38
2
-7
19
1
-103
-190
-175
-124
-79
54
297
498
614
738
843
800
651
532
419
243
57
-67
-170
-288
-398
-477
-526
-564
-606
-618
-529
-424
-404
-419
-398
-379
-340
-266
-210
-161
-32
112
152
92
-144
-649
-1162
-1404
-1605
-1940
-2107
-1965
-1811
-1687
-1445
-1266
-1294
-1264
-990
-660
-395
-120
241
648
972
1150
1271
1390
1443
1475
1625
1795
1814
1797
1855
1800
1506
1161
885
591
279
59
-39
-69
-68
-31
22
35
-1
-39
-10
30
38
78
184
306
411
499
535
504
454
433
405
338
229
124
28
-92
-252
-425
-586
-725
-786
-740
-596
-427
-330
-292
-230
-128
-100
-151
-154
-107
-98
-108
-68
-132
-508
-1039
-1360
-1439
-1575
-1779
-1778
-1584
-1465
-1395
-1246
-1186
-1317
-1345
-1076
-734
-446
-102
330
752
1113
1337
1409
1445
1497
1494
1482
1554
1619
1597
1580
1587
1452
1167
895
703
512
306
154
81
25
-71
-151
-178
-211
-249
-189
-28
133
276
436
565
615
589
510
412
332
264
189
125
80
13
-50
-92
-171
-302
-412
-483
-536
-548
-520
-502
-529
-547
-516
-465
-421
-368
-262
-117
-8
30
-12
-213
-638
-1120
-1413
-1548
-1689
-1759
-1619
-1404
-1295
-1201
-1075
-1054
-1116
-1039
-776
-480
-216
95
454
761
967
1120
1265
1376
1452
1538
1651
1710
1677
1611
1529
1377
1127
858
662
532
404
279
208
172
104
24
-10
-54
-160
-227
-173
-74
-6
81
208
315
378
437
471
434
365
316
272
191
107
21
-88
-193
-265
-335
-429
-501
-512
-485
-448
-391
-340
-333
-361
-375
-343
-295
-263
-218
-131
-55
-76
-188
-391
-710
-1051
-1261
-1360
-1444
-1475
-1402
-1331
-1303
-1246
-1180
-1192
-1182
-989
-691
-423
-120
248
558
774
970
1146
1239
1301
1394
1500
1574
1614
1610
1561
1476
1334
1126
900
711
537
375
269
202
118
22
-37
-83
-153
-195
-162
-98
-33
48
140
218
279
330
364
379
384
375
353
323
258
151
43
-42
-151
-265
-328
-360
-397
-413
-386
-375
-392
-412
-427
-448
-445
-410
-378
-336
-278
-262
-341
-507
-753
-1039
-1257
-1339
-1350
-1338
-1295
-1232
-1180
-1133
-1096
-1105
-1102
-977
-724
-443
-147
166
429
625
817
991
1077
1124
1225
1346
1428
1497
1541
1502
1412
1322
1206
1038
871
732
597
479
400
315
201
94
15
-61
-121
-138
-129
-111
-62
21
88
132
165
178
171
165
173
177
174
163
148
107
49
-18
-99
-200
-295
-355
-392
-417
-407
-391
-409
-428
-414
-385
-359
-327
-281
-245
-227
-226
-271
-381
-559
-778
-974
-1087
-1108
-1104
-1075
-1031
-1010
-1008
-1000
-984
-988
-956
-812
-582
-327
-64
181
375
534
680
808
904
991
1090
1180
1254
1292
1292
1264
1216
1154
1077
994
906
804
699
591
467
328
199
93
17
-26
-33
-19
5
36
72
114
140
147
138
120
104
84
61
39
15
-4
-21
-30
-41
-66
-98
-126
-166
-216
-273
-331
-385
-431
-469
-491
-494
-483
-455
-411
-365
-344
-358
-420
-532
-677
-818
-922
-975
-972
-917
-839
-761
-693
-646
-611
-582
-533
-455
-347
-220
-87
43
159
259
347
433
522
622
720
819
900
953
972
955
910
844
768
692
629
581
548
527
512
495
471
442
404
367
330
292
256
222
194
163
133
102
72
39
9
-18
-49
-82
-120
-160
-199
-238
-278
-311
-339
-363
-377
-378
-369
-352
-333
-315
-295
-277
-264
-263
-270
-284
-293
-299
-306
-305
-297
-287
-274
-255
-236
-223
-216
-224
-234
-256
-282
-307
-328
-337
-333
-312
-277
-229
-177
-122
-69
-23
19
53
83
105
117
126
133
145
161
192
238
295
354
413
463
497
512
511
502
488
474
460
446
433
424
412
402
394
389
386
379
363
337
291
224
146
62
-15
-85
-128
-151
-155
-145
-131
-123
-120
-128
-147
-172
-195
-213
-232
-243
-255
-264
-273
-280
-281
-282
-282
-280
-279
-282
-299
-326
-361
-403
-448
-484
-508
-516
-504
-473
-429
-382
-333
-284
-236
-192
-147
-105
-64
-23
22
63
103
140
182
219
258
301
337
367
389
399
402
395
388
385
385
394
405
428
448
462
466
458
438
408
375
341
308
272
243
215
191
165
140
113
84
60
26
-15
-57
-107
-158
-205
-248
-280
-301
-305
-297
-281
-263
-253
-245
-247
-261
-283
-311
-338
-359
-374
-375
-363
-344
-319
-291
-263
-241
-226
-222
-228
-241
-255
-264
-269
-265
-249
-215
-162
-101
-33
35
95
148
181
200
204
200
194
188
193
208
231
262
296
327
355
370
373
367
349
326
299
273
253
236
227
230
239
250
261
268
271
263
248
216
178
134
82
36
-3
-30
-53
-64
-69
-71
-81
-97
-117
-149
-187
-225
-257
-280
-292
-290
-283
-268
-251
-234
-229
-228
-234
-248
-262
-274
-279
-289
-283
-266
-240
-206
-177
-144
-119
-106
-100
-106
-117
-128
-138
-138
-118
-88
-41
18
79
135
179
210
220
214
192
163
139
123
116
119
141
180
223
262
297
321
331
321
291
251
205
156
110
84
77
87
112
150
196
233
255
255
232
190
123
45
-31
-93
-143
-173
-177
-157
-127
-95
-55
-31
-30
-54
-90
-133
-185
-241
-284
-304
-300
-284
-250
-195
-135
-92
-64
-45
-41
-60
-97
-137
-175
-209
-226
-214
-182
-141
-92
-42
11
60
88
93
70
32
-14
-58
-85
-98
-89
-58
-8
58
126
189
231
235
211
166
113
62
13
-22
-49
-42
3
71
150
210
237
245
252
249
225
162
80
16
-3
13
36
54
68
98
150
203
219
180
104
30
-12
-35
-78
-160
-236
-254
-198
-108
-48
-47
-79
-82
-38
3
-11
-101
-215
-275
-247
-171
-124
-127
-143
-110
-9
98
140
90
-2
-64
-71
-57
-73
-127
-182
-172
-86
25
103
118
98
84
85
78
35
-43
-121
-163
-152
-106
-51
-2
46
96
148
179
177
144
97
49
7
-24
-46
-47
-30
12
74
133
183
209
217
217
196
154
84
6
-57
-92
-94
-88
-78
-58
-17
47
95
103
75
27
-17
-64
-123
-187
-231
-234
-200
-152
-100
-45
17
78
112
103
75
47
13
-22
-60
-81
-83
-54
-9
30
60
93
128
141
116
65
18
-16
-50
-85
-113
-120
-87
-34
6
20
28
53
79
77
30
-35
-77
-90
-95
-106
-123
-123
-94
-37
27
58
55
54
66
67
40
1
-27
-41
-52
-44
-17
24
74
126
148
137
127
147
158
96
-2
-68
-65
-58
-69
-88
-89
-70
-14
42
62
49
48
52
20
-49
-93
-98
-107
-148
-172
-138
-65
10
56
81
83
104
140
145
83
17
-12
-22
-44
-63
-59
-40
-13
31
66
74
74
95
99
52
-8
-34
-47
-74
-104
-108
-103
-88
-55
-23
-9
-8
11
32
22
-1
-12
-12
-16
-22
-21
-20
-12
18
49
53
41
42
49
51
39
17
-9
-23
-3
15
2
-12
0
24
35
26
11
-3
-2
1
-32
-71
-71
-33
-8
-12
-22
-6
46
85
70
20
-5
10
9
-34
-73
-74
-41
-10
5
8
17
56
100
93
46
10
6
8
-24
-78
-110
-87
-34
-14
-21
-2
52
94
95
69
40
11
-16
-39
-70
-104
-112
-80
-31
5
29
60
104
134
117
78
45
18
-27
-78
-111
-119
-107
-77
-23
26
56
78
118
141
111
51
2
-27
-66
-108
-130
-128
-114
-80
-25
29
62
80
102
107
75
21
-29
-64
-91
-127
-143
-132
-92
-45
-15
10
44
74
88
80
52
24
8
0
-12
-40
-53
-35
10
39
40
41
69
109
113
79
40
29
33
26
-3
-36
-40
-13
19
13
-12
-21
-5
12
0
-35
-49
-32
-6
0
-17
-28
-8
24
36
17
-13
-9
12
19
-1
-22
-21
10
39
33
16
15
37
59
45
1
-30
-31
-19
-32
-68
-87
-71
-32
-7
-8
-19
-17
5
8
-13
-50
-70
-63
-51
-52
-56
-44
-13
19
42
51
56
65
68
57
29
1
-15
-16
-13
-12
-10
3
29
47
58
61
59
45
23
4
-13
-30
-39
-44
-41
-32
-12
19
41
46
39
36
31
22
3
-18
-37
-51
-57
-58
-44
-16
6
19
22
24
35
43
34
8
-18
-33
-36
-34
-30
-20
-13
-10
0
13
36
51
43
19
-2
-9
-5
-5
-20
-37
-40
-24
0
22
30
23
18
18
18
18
9
-6
-19
-22
-16
-10
0
9
18
23
21
16
10
11
10
-1
-16
-25
-21
-8
-2
0
-5
-11
-8
-2
-1
-9
-19
-22
-19
-15
-14
-13
-14
-10
-6
-2
0
-4
-5
-3
-2
0
0
0
3
9
14
21
26
22
23
19
14
14
10
7
3
-1
0
3
5
1
-2
0
1
5
0
-5
-2
-7
-9
-8
-13
-15
-13
-10
-6
-3
-6
-1
7
8
5
6
8
7
6
3
3
5
0
-1
0
-1
3
5
5
8
9
4
2
-1
-1
-5
-9
-5
-8
-11
-12
-11
-13
-15
-12
-8
-2
4
6
5
11
10
5
-1
-1
-3
-6
-4
-4
1
5
7
12
15
14
17
16
12
9
7
2
-5
-12
-16
-20
-19
-15
-12
-8
1
7
12
13
10
6
1
-2
-7
-11
-13
-14
-13
-9
-6
2
10
13
12
12
11
9
7
-2
-7
-8
-11
-8
-6
-5
-2
-1
4
10
11
12
10
9
6
6
-1
-6
-10
-10
-10
-10
-6
-4
0
5
6
9
8
5
1
0
1
0
-4
-6
-7
-7
-11
-8
-4
-1
2
6
6
8
12
11
8
6
5
1
-1
-4
-3
-4
-5
-4
-2
4
5
5
5
5
4
3
0
-2
-3
-9
-14
-15
-18
-14
-8
-4
0
2
5
7
8
7
3
0
0
-3
-7
-7
-6
-5
-2
0
2
6
11
10
9
9
8
6
3
0
-1
0
-2
-3
-6
-3
0
1
3
3
2
-2
-1
0
-4
-6
-6
-4
-6
-3
3
2
1
1
0
-1
-1
-3
-2
-1
1
2
2
3
3
-1
0
0
3
1
0
2
0
-3
-3
1
-1
-4
-1
0
1
0
1
-1
-2
2
3
0
0
4
2
1
-1
0
-1
2
5
5
3
1
4
4
2
2
6
3
0
0
-1
-4
-2
-1
-5
-4
-2
-1
2
0
1
1
0
0
-4
-3
-6
-11
-10
-6
-3
-1
-2
3
6
5
6
5
4
2
0
-1
-1
-6
-12
-13
-7
-6
-3
2
7
9
10
11
8
3
-3
-8
-9
-14
-14
-8
-3
-2
0
2
8
11
12
10
9
8
3
0
-6
-9
-9
-9
-5
-3
1
7
12
10
10
12
7
7
3
-1
-4
-5
-6
-5
-3
0
2
2
3
5
6
5
2
-1
-4
-4
-7
-6
-6
-7
-6
-5
-3
-3
-4
-4
0
0
1
-1
-1
2
0
1
1
-1
-1
-5
-1
2
-1
2
2
1
3
2
4
7
6
6
2
-2
-1
2
-1
-3
-2
-3
-3
-3
-3
-2
0
3
2
0
-1
-2
-1
-4
-6
