1
-3
-4
-1
3
2
-3
2
2
2
-2
-1
-1
2
0
-1
4
4
0
0
0
-1
-3
-1
1
0
1
3
0
-2
-4
-1
-1
0
3
4
1
1
3
0
0
1
0
-1
-1
0
1
1
3
4
4
1
-2
-1
-1
0
1
3
1
1
3
3
-1
-4
-5
-1
0
-2
0
2
1
-3
2
2
1
1
1
-1
-3
-1
1
2
0
1
-1
0
-4
-9
-5
-5
-5
-2
1
2
-2
2
4
-2
-6
-4
1
0
-1
0
1
2
1
6
1
-2
-1
-6
-5
1
2
2
5
5
2
1
3
-3
-6
-5
2
4
5
7
10
5
5
0
-3
-3
0
-1
-3
1
0
0
1
2
5
1
-6
-4
-7
-8
-3
2
1
-1
5
4
-1
-1
-6
-10
-7
-1
2
6
4
3
3
1
0
0
-4
-6
-1
2
3
2
1
-2
-1
4
2
-5
-4
-3
1
3
5
7
1
4
1
-2
-2
-3
-3
1
5
3
1
2
6
-2
-6
-6
-2
-6
-1
1
5
12
4
3
1
-3
-8
-6
-8
1
6
2
2
7
7
3
-5
-4
-1
-1
0
2
0
0
2
-2
-5
-1
1
-1
3
1
0
-4
-5
-4
-7
-5
0
-1
-3
1
-1
-6
-1
2
7
4
3
0
-2
-4
-1
-1
3
11
9
8
-1
-6
-7
-6
4
9
0
-7
-5
-4
3
4
-9
-14
-6
10
4
0
4
0
-1
2
4
1
-2
-4
5
7
3
2
4
8
6
-4
-12
-23
-28
-8
8
16
5
-8
-13
5
24
12
1
-12
-2
-9
-12
0
9
10
24
41
34
0
-38
-31
-24
-13
16
29
20
22
18
7
-12
-33
-37
-33
-18
11
25
18
6
-3
-7
-13
-14
15
20
35
49
9
-30
-30
-10
-12
-9
0
-16
-43
-16
29
25
17
-3
-16
-28
-29
-21
-2
7
19
9
-37
-12
43
40
-16
-22
-13
-57
-43
51
107
69
13
-26
-51
-50
-11
60
68
32
27
23
-50
-92
-66
4
54
54
20
-24
-5
11
10
-33
-112
-91
30
128
103
14
-50
-122
-97
13
78
82
43
52
39
-21
-81
-83
18
64
51
21
-11
-7
34
60
-38
-125
-77
24
74
35
-16
-43
-37
-20
-15
4
-8
-35
-13
26
47
-4
-18
2
40
70
21
-35
-84
-40
60
89
49
-2
-2
-44
-53
20
44
8
-71
-63
-10
70
109
50
-65
-68
19
70
-30
-47
-58
-103
-68
39
100
28
14
56
23
9
4
-45
-135
-118
42
82
29
45
58
4
-48
-9
-60
-60
16
15
36
74
142
19
-55
-105
-47
22
44
-30
-48
-75
-6
79
87
10
-36
43
-25
-23
74
51
-63
-96
-35
-47
-32
29
24
-3
64
104
94
16
-73
-83
-151
-42
15
96
77
59
61
-17
-69
-83
-107
-35
30
94
110
63
61
-75
-66
-35
7
14
-22
21
-97
-114
70
113
16
-37
49
64
-32
-23
46
85
-39
-148
-125
-85
91
54
-39
10
139
98
-59
-8
71
-60
-100
-31
36
-17
8
-17
-92
14
76
38
-2
25
12
-158
-14
97
61
0
8
-39
21
49
-16
-61
-76
-20
52
23
-63
11
23
102
-18
-1
65
25
40
9
-140
-144
52
39
11
98
91
-43
-103
-86
-22
30
37
81
35
90
-57
-66
-74
-24
13
63
114
-26
-84
-57
2
-8
-72
-17
24
71
114
-31
-48
4
1
8
-64
-45
-23
40
24
-68
17
72
-2
4
120
15
-63
-24
-62
-18
65
-39
-40
-54
92
129
-1
-125
-36
15
12
139
37
-115
-10
66
-66
-59
9
5
-99
82
90
-46
-18
177
78
-101
-149
-112
17
92
2
70
10
-70
-2
67
-71
-14
41
-69
10
72
68
33
15
-20
-187
-112
-1
102
67
-50
61
36
62
10
19
-119
-206
88
74
73
18
-1
-152
-38
148
75
-32
23
-43
-102
-116
65
6
46
146
52
47
-50
-67
-121
-53
14
-6
78
52
38
34
-64
-91
-16
-43
83
114
-11
-67
15
41
-14
-7
-61
-90
8
128
-7
-3
34
-3
-80
-47
-42
28
42
196
59
-41
-6
-57
-137
-187
44
109
37
82
47
3
-62
-99
-103
31
176
86
-31
53
34
-3
-31
-106
-229
-92
-31
67
53
43
133
130
81
-6
-48
-92
3
43
95
-59
-115
-101
-197
57
131
-2
24
-3
-17
127
37
179
25
-38
-176
-40
-57
-67
31
-33
42
-53
59
50
137
74
-154
-201
-93
106
186
302
105
-193
-20
-117
-307
-214
76
58
100
62
-70
-31
195
149
-20
29
39
46
192
95
-402
-346
-102
-128
-74
181
158
27
45
179
19
36
128
74
-171
-50
28
99
-31
-70
-92
-169
-173
31
9
-114
13
193
53
249
73
106
36
-77
-75
-51
-13
-168
141
-178
-97
-150
112
78
110
179
-101
-111
79
158
-33
56
79
-111
-3
-176
65
36
-218
-133
-24
-67
-196
203
323
370
41
-78
-99
-66
58
63
-144
-37
-51
-102
-186
-93
-113
247
153
-17
124
155
134
-33
-224
-219
132
129
0
-170
18
197
-153
-241
-69
228
105
35
42
46
46
51
-153
-149
113
41
-78
-9
21
-125
-93
55
-65
58
152
44
-50
107
86
-107
-140
-85
45
-125
87
-30
28
55
79
-46
13
114
98
-35
-130
52
-24
-102
38
14
66
-232
-47
-20
-167
21
-62
205
12
88
200
210
38
-46
35
-146
-131
36
78
-120
115
170
-184
-235
68
16
-86
97
192
30
115
234
1
-178
-177
-69
-44
-9
75
-22
60
326
52
-70
18
114
20
-210
71
153
152
8
28
-109
-130
-132
-79
-324
-329
-1
-126
164
-102
126
97
-165
-183
-226
-67
-126
221
76
189
117
116
-12
-258
-111
-144
-28
192
74
-63
78
257
-12
-325
-131
30
44
60
-18
92
63
74
-80
-9
188
253
-56
-109
128
-42
-96
76
203
48
67
167
-42
-172
-345
-283
-141
-2
-88
-127
113
243
154
-43
-118
119
99
156
106
-134
7
-20
258
56
-38
-41
65
30
16
164
-62
-464
-293
-12
133
353
81
-120
29
191
238
-34
-30
-179
-193
241
113
27
-380
9
-19
-60
209
-23
-5
81
-88
26
-302
-484
126
155
418
21
100
-45
-168
-78
88
188
-61
-286
-75
178
31
-153
-489
-1
108
377
-80
-362
51
137
34
-27
5
149
154
-79
-139
-151
-224
36
237
186
148
226
82
-79
-173
-215
-298
-40
98
218
56
-33
150
-62
102
22
-96
89
226
101
-24
-148
-9
320
197
-47
-36
-52
-148
-110
-33
-15
111
78
-35
30
-78
-284
-264
-115
-100
-210
-62
94
163
314
-158
-96
-22
114
-1
150
41
27
149
106
56
31
123
17
-37
-60
-274
-106
35
61
-34
122
-167
5
123
-147
-143
-75
115
-61
-32
-25
-129
90
368
202
-50
39
-92
3
47
11
-113
-422
53
2
359
180
-58
132
-106
-40
-193
-239
-181
124
256
-104
-121
50
121
-232
-69
90
179
196
-57
153
162
8
142
115
103
-65
-16
197
-62
-109
-129
-92
-152
-70
-267
-252
-203
-184
-47
-171
-25
308
27
121
-210
105
413
461
-25
-268
-240
66
92
169
-79
-50
228
138
31
63
126
43
-186
-443
-168
-113
140
169
201
-77
-126
2
-33
-173
113
29
41
-165
239
49
-117
168
116
-85
-95
-68
213
86
150
136
91
-59
155
148
-118
-32
-39
187
-244
-541
-395
69
-214
-146
-164
-17
141
374
132
113
93
-165
-139
-358
-355
-337
20
164
350
556
162
-44
170
335
-182
-45
-12
-267
21
135
29
-209
278
102
-101
37
104
-130
-11
92
-56
146
-17
-144
-183
-106
5
-173
-162
-110
83
128
36
133
87
105
-112
111
-164
-72
325
336
28
138
-169
-233
-237
62
2
245
203
100
234
115
67
-41
-95
-340
-304
-168
85
37
-32
-200
-147
-75
-216
-248
-201
-120
282
141
-12
-141
-34
188
112
-175
223
246
12
-162
4
-64
-116
-227
14
273
133
-73
-46
16
103
-30
-119
199
294
102
99
-268
-264
64
19
-31
84
362
308
196
-179
-43
-145
0
32
38
-34
-19
-76
86
166
138
209
98
-169
-133
131
-17
-150
33
109
-30
-61
-282
-396
-38
63
-284
183
221
162
163
-92
-15
-71
1
-283
-182
22
136
90
70
120
-205
-156
-186
-175
-163
72
272
281
292
33
-53
-156
-261
-183
-49
-17
215
287
59
-134
-210
-376
-330
-131
90
176
273
303
200
81
-43
-90
-151
-84
-168
-266
-94
111
238
103
248
30
-117
-181
-76
-91
12
116
219
123
199
4
26
-19
-136
62
61
196
167
242
-8
-5
19
152
-18
-238
-101
50
-102
42
-22
-51
23
81
121
97
-31
-181
-24
4
-14
-106
-82
85
176
-15
-61
-8
-106
-38
-47
-192
-180
-34
-14
-26
41
-82
-134
-11
95
24
71
-61
-124
3
15
-245
-73
17
-44
-55
-4
68
-33
-77
-78
56
57
193
167
39
55
101
-8
19
-34
60
52
40
-8
173
132
-136
-227
-123
-9
-113
-71
100
13
-53
49
83
53
114
-27
-85
99
58
2
70
45
-85
-5
6
3
-112
-2
134
34
12
72
65
105
-56
-84
-29
-12
-31
-20
-17
-36
-41
-78
-75
38
75
33
-36
-21
-22
58
13
-42
0
145
125
6
-60
-117
-46
-36
-84
2
65
14
58
-11
-92
-113
-2
46
35
55
23
-16
71
82
27
6
110
-63
-63
-44
-92
-116
39
-60
-78
105
51
-36
10
28
-18
-95
-36
-30
-37
-15
-42
-34
26
125
48
31
78
29
23
64
50
-19
-15
-10
-51
-8
-18
-43
10
51
-33
-35
-25
-5
1
35
32
37
32
51
-4
-11
-4
0
61
107
-1
-87
-64
-65
-90
-29
-13
-52
6
66
44
-7
38
59
30
-27
11
25
-3
-44
43
38
-25
-55
-1
-43
-80
-69
-46
-45
11
56
82
92
78
41
21
-35
-61
-50
-38
-58
-25
19
25
0
29
22
15
15
30
29
3
-4
-12
-25
-55
-55
-39
-6
-4
24
39
44
32
47
19
-24
-15
1
-40
-45
-25
-25
-43
-48
-18
-13
-31
-30
-27
-47
-59
-51
-28
-22
-31
10
32
22
26
47
28
9
22
60
70
77
101
122
107
109
106
110
104
71
50
67
67
65
91
115
129
126
126
122
121
108
107
92
96
98
89
72
57
12
-36
-42
-67
-87
-85
-80
-113
-127
-156
-215
-271
-339
-413
-478
-510
-579
-634
-662
-725
-841
-836
-854
-879
-884
-834
-789
-705
-557
-383
-226
-12
225
440
626
800
929
1025
1073
1095
1105
1170
1158
1140
1126
1105
1077
1066
1086
1086
1067
1038
1054
1045
1038
951
907
900
933
826
741
703
650
513
481
487
467
455
411
297
178
-101
-964
-1871
-2431
-3074
-4424
-5413
-5700
-5826
-6241
-5915
-4998
-4056
-3254
-1866
-409
656
1386
2188
2758
2990
2990
2810
2515
2305
2168
1867
1639
1648
1725
1594
1551
1526
1293
876
664
362
-125
-497
-518
-614
-644
-363
70
393
923
1566
1978
2225
2539
2710
2670
2546
2378
2181
2027
1828
1559
1300
999
635
479
346
-9
-426
-484
-494
-749
-1542
-2537
-3301
-3724
-4679
-6044
-6776
-6717
-6827
-6911
-6153
-5002
-4114
-2954
-1187
303
1235
2044
2903
3370
3546
3397
3102
2779
2570
2202
1847
1616
1479
1214
991
886
841
524
95
-147
-315
-753
-1149
-1158
-1154
-1181
-783
-31
516
1066
1917
2657
3032
3342
3620
3539
3316
3121
2829
2418
2121
1832
1566
1379
1144
832
710
649
315
56
-76
-250
-520
-604
-1285
-2421
-3160
-3370
-4437
-5996
-6684
-6546
-6766
-6977
-6277
-5179
-4342
-3276
-1551
-103
799
1598
2629
3246
3455
3347
3146
2800
2591
2344
1945
1473
1286
1193
1025
801
601
206
-122
-285
-545
-1116
-1434
-1474
-1517
-1533
-1146
-621
-48
662
1537
2228
2833
3343
3700
3802
3787
3574
3219
2840
2454
2038
1675
1401
1086
889
794
666
382
260
203
23
-276
-347
-398
-1009
-2090
-2887
-3289
-4259
-5740
-6644
-6687
-6869
-7051
-6479
-5334
-4405
-3215
-1500
104
1137
2088
2999
3560
3749
3672
3318
2906
2672
2346
1870
1467
1291
1108
961
827
677
362
55
-307
-694
-1170
-1542
-1820
-2050
-2118
-1743
-1163
-712
-129
934
1929
2529
3159
3905
4112
3952
3934
3847
3211
2575
2259
1950
1424
1097
904
689
482
469
403
277
185
129
31
-69
-482
-1504
-2598
-3230
-3967
-5465
-6813
-7223
-7214
-7429
-7109
-5998
-4714
-3530
-1844
0
1329
2200
3127
3805
4009
3879
3600
3095
2638
2288
1897
1410
1141
1066
939
719
559
398
27
-369
-739
-1190
-1817
-2054
-2090
-2159
-2113
-1404
-719
-146
796
2007
2588
3012
3815
4279
4042
3904
3900
3373
2733
2431
2060
1485
1180
1021
733
558
493
398
324
289
52
-33
62
-37
-684
-1555
-2489
-3229
-4030
-5344
-6712
-7183
-7076
-7262
-7033
-5877
-4574
-3583
-1924
30
1359
2119
3154
3879
4039
3852
3594
3011
2550
2217
1805
1236
983
901
802
591
451
360
145
-328
-775
-995
-1394
-1888
-2011
-1911
-1994
-1613
-656
-40
343
1360
2507
2930
3400
4152
4337
3966
3934
3822
3127
2466
2115
1657
1093
837
556
325
224
270
165
216
230
176
218
347
-72
-1190
-2187
-2922
-3803
-5408
-6746
-7405
-7456
-7692
-7386
-6319
-4882
-3650
-1955
90
1611
2500
3407
4218
4361
4078
3602
2993
2419
2035
1553
1017
750
721
690
628
533
362
128
-184
-627
-1094
-1630
-2087
-2274
-2152
-2034
-1620
-821
162
1062
2059
2869
3375
3847
4307
4247
3837
3520
3182
2537
1984
1566
1128
728
668
583
420
389
492
507
385
416
292
247
173
240
-510
-1701
-2686
-3072
-4153
-5920
-7022
-7065
-7147
-7483
-6859
-5607
-4506
-3351
-1393
376
1443
2341
3411
4013
4116
3946
3501
2931
2608
2246
1619
1099
964
889
749
638
524
287
31
-271
-609
-1030
-1412
-1791
-1855
-1716
-1551
-1433
-769
154
900
1453
2300
3069
3522
3876
4190
4062
3669
3423
3125
2463
1738
1335
1014
609
289
152
22
11
94
126
120
228
327
426
339
-517
-1875
-2639
-3109
-4657
-6673
-7459
-7401
-7753
-7880
-6857
-5499
-4380
-2791
-607
1099
2147
3119
4073
4495
4417
3979
3352
2763
2340
1810
1174
769
706
727
629
538
491
335
25
-260
-585
-1127
-1607
-1855
-1964
-1976
-1654
-1173
-554
340
1383
2164
2845
3594
4174
4330
4302
4136
3739
3171
2586
1950
1313
800
433
220
95
-37
-103
34
153
85
145
362
346
304
325
-443
-1902
-2783
-3129
-4673
-6663
-7336
-7127
-7595
-7824
-6781
-5371
-4391
-2842
-724
958
1970
3010
3943
4342
4358
4028
3401
2879
2558
2027
1308
913
889
800
675
637
629
397
57
-189
-497
-1087
-1603
-1794
-1817
-1884
-1555
-1025
-591
66
1236
2124
2457
2998
3846
4038
3785
3777
3678
2994
2360
2080
1552
781
430
325
96
-181
-170
-79
23
85
233
406
533
586
761
317
-978
-2081
-2428
-3569
-5843
-7166
-7104
-7452
-8146
-7522
-6073
-5096
-3804
-1568
345
1458
2600
3833
4437
4583
4432
3793
3116
2778
2263
1416
847
809
685
573
630
705
524
313
126
-180
-767
-1369
-1930
-2154
-2237
-2187
-1926
-1241
-329
552
1560
2661
3409
3873
4360
4661
4404
3914
3525
2876
1991
1295
807
323
-102
-228
-233
-207
-114
99
372
555
624
695
816
904
460
-754
-1963
-2606
-3389
-5244
-6922
-7326
-7233
-7687
-7632
-6471
-5095
-4061
-2399
-342
1126
1949
2979
3904
4243
4089
3730
3175
2775
2469
1902
1194
930
953
877
770
780
700
438
197
-79
-598
-1256
-1618
-1747
-1944
-2019
-1510
-825
-348
226
1290
2234
2706
3105
3731
4016
3789
3544
3503
3097
2316
1661
1349
943
406
68
20
-74
-199
-108
149
242
293
499
582
591
741
601
-603
-1866
-2302
-2915
-4927
-6730
-7056
-7094
-7896
-7970
-6789
-5618
-4765
-3052
-848
627
1616
2855
3951
4404
4425
4110
3596
3212
2892
2202
1485
1201
1155
915
738
784
790
510
259
73
-289
-960
-1472
-1736
-1905
-2079
-1935
-1488
-825
-61
839
1736
2607
3366
3977
4314
4332
4094
3779
3336
2603
1745
1076
556
39
-348
-508
-570
-568
-335
4
217
398
681
794
760
879
803
-273
-1657
-2258
-2738
-4505
-6454
-6980
-6863
-7496
-7776
-6763
-5469
-4642
-3223
-1167
382
1269
2382
3499
4030
4070
3910
3484
3105
2856
2340
1578
1251
1321
1163
900
950
1010
677
387
271
-129
-866
-1282
-1463
-1730
-1941
-1680
-1252
-770
-203
504
1268
2081
2631
2997
3442
3751
3564
3352
3325
2868
2023
1552
1378
806
157
-63
-92
-309
-373
-216
0
142
437
658
780
876
1041
552
-669
-1713
-2138
-3267
-5461
-6957
-7034
-7341
-8262
-8041
-6616
-5508
-4556
-2557
-391
863
1898
3317
4273
4518
4482
4172
3588
3219
2802
1986
1267
1130
1046
791
666
739
701
589
363
26
-432
-877
-1352
-1759
-2067
-2132
-1912
-1462
-887
-72
886
1732
2558
3457
4091
4220
4289
4334
4033
3315
2646
1938
1119
409
-28
-481
-857
-895
-766
-637
-350
94
353
627
938
1078
1013
996
343
-1026
-2034
-2454
-3742
-5848
-6891
-6825
-7190
-7821
-7227
-5945
-4973
-3900
-1983
-202
919
1856
3035
3836
4103
3945
3610
3233
3010
2587
1910
1414
1352
1282
1093
974
966
846
628
341
-32
-510
-995
-1415
-1714
-1879
-1877
-1670
-1232
-544
211
924
1714
2595
3227
3563
3855
4019
3805
3457
3109
2500
1678
1067
639
112
-379
-552
-556
-554
-446
-130
216
452
631
854
1035
1115
932
131
-1105
-1935
-2507
-3971
-5986
-6882
-6913
-7448
-7997
-7286
-6046
-5176
-3915
-1861
-138
912
2065
3373
4104
4266
4208
3926
3518
3208
2713
1945
1400
1255
1083
794
679
715
649
487
279
-22
-446
-877
-1237
-1576
-1854
-1882
-1667
-1341
-777
45
808
1499
2408
3275
3712
3970
4196
4092
3688
3278
2667
1809
1072
578
-13
-520
-715
-746
-785
-579
-238
20
337
756
864
789
996
1106
315
-1002
-1792
-2274
-3474
-5327
-6508
-6777
-7067
-7601
-7357
-6324
-5299
-4295
-2590
-725
551
1520
2704
3694
4123
4112
3844
3531
3331
2943
2188
1610
1510
1390
1040
925
1055
976
695
586
434
-73
-689
-1031
-1342
-1749
-1987
-1879
-1638
-1197
-479
338
1070
1902
2786
3471
3821
3982
3993
3837
3448
2812
2082
1416
784
152
-324
-593
-768
-852
-696
-412
-131
159
513
762
829
877
941
655
-328
-1485
-2152
-2789
-4316
-6033
-6686
-6719
-7214
-7529
-6784
-5633
-4732
-3443
-1595
-29
1043
2144
3280
4005
4240
4071
3737
3521
3276
2613
1834
1507
1454
1212
966
972
1003
876
713
535
201
-312
-901
-1380
-1669
-1910
-2137
-2054
-1543
-964
-386
503
1544
2289
2960
3782
4233
4116
4036
3977
3414
2543
1902
1262
464
-163
-508
-789
-930
-877
-726
-448
-40
209
392
744
924
752
708
651
-352
-1724
-2265
-2712
-4484
-6254
-6562
-6509
-7275
-7464
-6503
-5426
-4618
-3140
-1347
44
1101
2284
3283
3910
4127
3954
3606
3459
3270
2578
1847
1598
1594
1305
1049
990
1035
880
666
443
214
-405
-1134
-1411
-1440
-1968
-2387
-1930
-1223
-916
-295
855
1752
2377
3224
3975
4128
4048
4016
3801
3222
2426
1599
932
396
-262
-876
-1076
-1056
-1158
-1036
-591
-261
-104
307
722
723
701
879
715
-188
-1175
-1841
-2466
-3755
-5284
-6137
-6223
-6572
-6971
-6553
-5480
-4594
-3547
-1971
-483
568
1565
2659
3390
3722
3683
3504
3386
3313
2792
2065
1725
1722
1483
1143
1102
1153
1015
787
669
470
58
-529
-996
-1219
-1409
-1754
-1900
-1529
-1025
-578
51
991
1816
2550
3245
3804
3956
3907
3743
3409
2781
1979
1200
561
-39
-636
-1019
-1121
-1111
-1067
-831
-437
-66
198
468
724
827
757
684
361
-594
-1700
-2251
-2879
-4419
-5857
-6104
-6048
-6584
-6723
-5843
-4829
-4034
-2758
-1175
-23
896
2003
2935
3387
3597
3571
3367
3253
3112
2516
1887
1734
1723
1401
1166
1189
1154
985
871
705
311
-171
-663
-1030
-1289
-1529
-1824
-1737
-1247
-760
-375
337
1242
1897
2446
3073
3503
3512
3489
3419
3045
2319
1690
1124
516
-140
-609
-865
-959
-1004
-951
-674
-316
-101
47
443
728
654
573
746
308
-920
-1802
-2025
-2976
-4805
-5829
-5806
-6072
-6690
-6388
-5400
-4541
-3654
-2201
-774
327
1290
2281
3023
3531
3615
3372
3211
3260
2911
2167
1723
1727
1621
1274
1103
1161
1163
992
830
672
348
-140
-550
-870
-1294
-1638
-1614
-1481
-1405
-985
-226
334
864
1704
2433
2731
3061
3415
3393
3065
2797
2334
1682
1093
549
-90
-483
-651
-885
-1024
-877
-646
-474
-146
161
413
596
718
689
761
481
-544
-1565
-1842
-2448
-4148
-5496
-5582
-5693
-6441
-6486
-5613
-4824
-4171
-2853
-1379
-284
589
1659
2593
3223
3414
3336
3249
3337
3150
2540
2029
1972
1904
1553
1310
1354
1327
1111
968
871
546
67
-304
-643
-1116
-1491
-1574
-1620
-1634
-1264
-607
-114
433
1276
2060
2525
2973
3386
3489
3310
3023
2628
2108
1458
729
144
-263
-615
-935
-1029
-981
-876
-686
-328
33
252
478
701
825
788
631
-112
-1107
-1716
-2145
-3499
-5043
-5630
-5620
-6121
-6505
-6056
-5155
-4384
-3388
-1991
-673
330
1271
2335
3133
3472
3413
3339
3320
3205
2695
2122
1872
1867
1656
1408
1357
1382
1246
1060
860
606
177
-324
-757
-1070
-1426
-1704
-1791
-1673
-1376
-869
-352
244
1057
1854
2438
2963
3389
3511
3465
3288
2841
2234
1667
991
294
-207
-575
-922
-1095
-1075
-1014
-818
-447
-60
180
504
814
879
794
874
478
-706
-1695
-1916
-2719
-4478
-5626
-5612
-5784
-6371
-6238
-5402
-4625
-3789
-2450
-1104
-72
837
1886
2728
3263
3412
3323
3178
3219
3038
2455
1952
1947
1906
1614
1417
1410
1313
1160
957
642
265
-136
-609
-1027
-1340
-1633
-1800
-1760
-1534
-1145
-608
-61
632
1463
2152
2580
3050
3439
3478
3226
2957
2559
1950
1262
659
97
-415
-771
-947
-1030
-1017
-836
-570
-233
151
480
648
760
875
905
601
-282
-1297
-1843
-2364
-3763
-5264
-5711
-5685
-6169
-6427
-5799
-4927
-4191
-3036
-1575
-407
508
1518
2495
3189
3503
3439
3302
3336
3270
2742
2149
1959
1935
1675
1405
1336
1297
1141
997
785
453
46
-376
-865
-1250
-1479
-1704
-1906
-1787
-1316
-832
-390
238
1096
1843
2416
2910
3311
3444
3401
3191
2786
2208
1586
944
338
-210
-676
-961
-1070
-1082
-1007
-754
-428
-99
236
611
780
704
715
861
358
-873
-1698
-1870
-2767
-4478
-5426
-5426
-5752
-6289
-6035
-5241
-4575
-3739
-2404
-1062
-42
848
1816
2693
3288
3434
3269
3196
3309
3082
2448
2041
2035
1896
1591
1471
1424
1264
1138
1019
718
307
-110
-530
-969
-1382
-1683
-1853
-1958
-1804
-1282
-772
-368
387
1381
2050
2514
3109
3526
3558
3445
3225
2757
2162
1549
875
247
-259
-668
-948
-1023
-1038
-987
-749
-352
-19
229
446
597
656
682
491
-320
-1353
-1884
-2273
-3575
-5096
-5616
-5556
-5995
-6275
-5739
-4889
-4138
-2990
-1559
-391
525
1504
2503
3189
3472
3409
3315
3246
3121
2680
2139
1840
1811
1616
1332
1280
1331
1170
961
839
586
144
-324
-714
-1157
-1605
-1856
-1856
-1828
-1681
-1132
-415
183
935
1858
2474
2937
3496
3763
3558
3340
2983
2404
1777
1156
320
-277
-600
-910
-1248
-1243
-1109
-942
-667
-271
75
340
604
684
681
665
560
-321
-1370
-1866
-2142
-3466
-4916
-5379
-5292
-5701
-5944
-5502
-4733
-3941
-2930
-1682
-552
386
1215
2157
2877
3227
3162
3099
3102
3117
2733
2209
1963
2033
1883
1586
1447
1450
1342
1081
781
452
50
-430
-878
-1318
-1686
-1866
-1897
-1830
-1545
-1009
-456
179
991
1768
2287
2817
3305
3475
3381
3213
2849
2274
1734
1174
463
-193
-549
-819
-1079
-1178
-1079
-956
-730
-360
61
286
451
621
773
753
583
-66
-988
-1624
-2001
-3027
-4443
-5201
-5266
-5484
-5801
-5571
-4858
-4033
-3101
-1871
-708
224
1062
2026
2754
3114
3150
3086
3031
3046
2784
2266
1940
1982
1905
1628
1462
1444
1301
1061
817
478
10
-454
-878
-1300
-1631
-1814
-1897
-1837
-1477
-930
-417
153
931
1725
2303
2719
3087
3299
3295
3051
2665
2177
1637
1024
446
-81
-530
-868
-1006
-1039
-1021
-934
-708
-415
-94
220
467
573
621
716
751
365
-518
-1302
-1686
-2288
-3583
-4743
-5114
-5201
-5546
-5645
-5172
-4431
-3645
-2561
-1346
-316
520
1410
2251
2853
3096
3047
2938
3019
3008
2596
2112
2044
2109
1903
1627
1550
1476
1269
986
650
225
-252
-728
-1160
-1556
-1921
-2070
-1950
-1726
-1432
-849
-104
585
1274
2099
2730
3057
3281
3507
3408
2986
2472
2003
1419
777
158
-339
-718
-938
-1070
-1096
-1006
-857
-630
-257
119
307
472
658
726
673
560
-55
-1053
-1678
-1952
-2995
-4505
-5199
-5122
-5425
-5831
-5486
-4650
-3932
-3031
-1746
-578
256
1076
1979
2674
3031
3049
2942
2964
3038
2754
2280
2090
2124
1960
1718
1615
1517
1275
1008
731
337
-192
-696
-1096
-1476
-1901
-2128
-2019
-1803
-1575
-1048
-268
405
1057
1911
2623
2947
3229
3525
3472
3108
2726
2229
1609
1034
469
-152
-593
-822
-1025
-1149
-1054
-900
-746
-420
12
299
485
699
792
759
765
507
-415
-1387
-1735
-2196
-3544
-4849
-5171
-5191
-5597
-5749
-5218
-4494
-3778
-2713
-1457
-469
325
1227
2092
2672
2932
2942
2878
2955
2983
2655
2231
2150
2214
2026
1763
1672
1548
1215
907
626
170
-446
-918
-1239
-1574
-1950
-2081
-1873
-1537
-1219
-728
39
808
1425
2050
2684
3055
3183
3271
3258
2906
2364
1864
1382
814
244
-284
-691
-888
-962
-1051
-1020
-789
-562
-362
-3
415
612
667
743
828
842
559
-290
-1221
-1629
-2051
-3295
-4652
-5109
-5140
-5508
-5732
-5317
-4664
-3985
-2974
-1756
-753
60
900
1774
2508
2902
2888
2846
3043
3151
2846
2473
2383
2376
2188
1975
1833
1621
1281
952
635
185
-422
-963
-1283
-1558
-1958
-2178
-1941
-1567
-1326
-868
-69
640
1213
1954
2644
2938
3095
3319
3332
2977
2487
1960
1433
886
276
-326
-699
-911
-1077
-1094
-925
-796
-634
-270
152
381
558
780
815
681
696
634
-144
-1261
-1774
-1988
-3022
-4485
-5117
-5068
-5329
-5668
-5357
-4640
-3996
-3141
-1937
-845
-61
724
1583
2302
2762
2893
2792
2859
3108
3024
2578
2385
2517
2460
2182
2014
1864
1507
1101
731
246
-388
-984
-1422
-1713
-1966
-2151
-2069
-1653
-1147
-646
-11
759
1448
2034
2567
2928
3045
3033
2969
2728
2262
1712
1222
780
303
-176
-558
-760
-847
-883
-845
-730
-598
-442
-129
232
396
413
532
710
707
578
175
-662
-1478
-1832
-2408
-3778
-4967
-5198
-5224
-5635
-5708
-5104
-4403
-3675
-2530
-1260
-361
391
1330
2187
2725
2967
2991
2950
3079
3160
2904
2567
2491
2522
2409
2197
1942
1625
1270
839
316
-261
-867
-1458
-1855
-2060
-2186
-2134
-1805
-1314
-707
64
824
1466
2076
2637
2966
3080
3020
2837
2548
2178
1649
1136
745
388
-14
-298
-449
-570
-613
-558
-513
-528
-416
-224
-9
143
293
346
414
494
608
389
-335
-1199
-1622
-2015
-3138
-4519
-5157
-5234
-5540
-5785
-5436
-4723
-4035
-3009
-1712
-595
165
1010
1895
2599
2915
2967
2878
2964
3081
2946
2587
2430
2458
2410
2222
1995
1696
1326
941
436
-172
-780
-1331
-1818
-2049
-2144
-2165
-1935
-1331
-734
-132
668
1468
1973
2482
2983
3129
2997
2938
2749
2291
1815
1406
936
492
176
-130
-374
-484
-535
-565
-485
-426
-425
-335
-69
135
180
234
342
385
430
390
-259
-1258
-1731
-1948
-3065
-4517
-5146
-5222
-5599
-5792
-5396
-4747
-4108
-3066
-1752
-645
130
954
1811
2497
2904
3035
2920
2916
3121
3101
2765
2548
2564
2484
2331
2116
1762
1252
843
401
-200
-939
-1483
-1823
-2065
-2242
-2057
-1647
-1217
-688
172
980
1511
1963
2507
2834
2866
2756
2583
2294
1935
1574
1169
760
435
232
62
-127
-310
-387
-373
-381
-466
-505
-475
-400
-241
-10
145
216
367
584
703
494
-207
-1102
-1654
-2146
-3352
-4844
-5523
-5568
-5807
-5952
-5435
-4617
-3773
-2586
-1165
-78
676
1458
2226
2768
3010
2939
2708
2732
2912
2837
2553
2504
2583
2534
2399
2233
1817
1212
669
194
-453
-1216
-1801
-2072
-2188
-2162
-1861
-1357
-829
-171
672
1403
1831
2164
2512
2674
2601
2411
2194
1934
1682
1435
1189
920
671
483
337
98
-204
-420
-530
-662
-790
-845
-838
-715
-421
-99
134
337
494
640
805
527
-499
-1479
-1865
-2576
-4118
-5316
-5544
-5679
-5950
-5595
-4706
-3945
-3049
-1671
-380
406
1013
1627
2115
2449
2565
2379
2266
2498
2741
2708
2686
2825
2898
2824
2679
2344
1735
1018
391
-205
-915
-1637
-2077
-2175
-2129
-1912
-1445
-898
-363
340
1070
1521
1772
2042
2188
2182
2157
2090
1906
1785
1751
1621
1415
1269
1054
732
447
140
-258
-576
-732
-910
-1047
-999
-819
-576
-177
182
369
470
653
753
483
-414
-1506
-2171
-2655
-3805
-5182
-5695
-5521
-5486
-5325
-4560
-3643
-2819
-1748
-505
289
725
1121
1558
1881
2116
2096
2056
2257
2686
2935
3072
3171
3172
3040
2872
2505
1773
899
146
-454
-1061
-1649
-2087
-2148
-1930
-1597
-1214
-661
-76
432
882
1316
1616
1703
1692
1756
1882
1905
1810
1802
1895
1892
1759
1612
1357
938
509
112
-368
-842
-1138
-1288
-1343
-1269
-1073
-764
-304
158
531
817
960
892
882
764
-161
-1560
-2296
-2577
-3653
-5090
-5538
-5262
-5261
-5117
-4318
-3458
-2874
-2013
-912
-167
222
571
941
1343
1787
2042
2163
2521
3075
3424
3576
3690
3622
3259
2859
2427
1708
723
-101
-610
-1057
-1559
-1871
-1849
-1668
-1389
-953
-481
-196
106
564
966
1091
1182
1407
1645
1823
2025
2211
2279
2268
2254
2144
1816
1304
784
317
-190
-711
-1108
-1341
-1443
-1350
-1115
-903
-661
-222
249
550
664
701
630
619
418
-416
-1672
-2378
-2680
-3544
-4788
-5219
-4940
-4850
-4723
-4002
-3204
-2757
-2064
-1026
-304
-24
341
815
1261
1712
2114
2341
2668
3181
3597
3720
3717
3515
3087
2576
2131
1461
540
-270
-649
-906
-1258
-1568
-1628
-1486
-1204
-851
-615
-395
-59
365
631
887
1131
1385
1650
2062
2359
2473
2477
2493
2348
2024
1548
1033
495
-5
-462
-823
-1120
-1359
-1368
-1165
-923
-823
-563
-230
132
293
521
519
422
338
481
46
-1087
-2012
-2215
-2724
-4051
-4859
-4793
-4653
-4805
-4202
-3435
-2982
-2560
-1435
-607
-257
40
601
1025
1509
2018
2290
2532
3000
3475
3620
3730
3598
3166
2610
2297
1726
830
-23
-472
-785
-1125
-1403
-1533
-1494
-1319
-995
-714
-504
-271
134
512
745
940
1293
1679
1993
2254
2495
2585
2505
2323
2075
1674
1090
534
95
-287
-762
-1088
-1237
-1228
-1212
-1030
-818
-619
-417
-96
206
332
397
409
522
590
452
-416
-1368
-1913
-2230
-3258
-4340
-4723
-4622
-4648
-4407
-3740
-3231
-2827
-2082
-1106
-605
-322
12
510
937
1463
1881
2292
2751
3303
3645
3807
3774
3444
2910
2414
1946
1206
401
-189
-512
-818
-1021
-1150
-1255
-1271
-1060
-812
-725
-595
-291
98
450
853
1260
1631
2003
2362
2606
2652
2591
2386
2058
1652
1233
742
194
-215
-502
-749
-1028
-1093
-1078
-1040
-981
-823
-666
-456
-126
78
208
324
480
456
487
190
-758
-1867
-2295
-2633
-3703
-4690
-4749
-4412
-4371
-3950
-3182
-2658
-2376
-1625
-878
-588
-441
15
515
1006
1618
2173
2672
3223
3730
3859
3851
3676
3205
2485
1940
1406
761
158
-191
-470
-721
-819
-825
-910
-1052
-1011
-829
-668
-571
-279
151
546
924
1441
1873
2106
2341
2549
2484
2202
1974
1634
1174
778
479
68
-326
-572
-797
-999
-1119
-1104
-1085
-937
-817
-618
-336
41
194
276
399
439
429
441
94
-1113
-2160
-2422
-2626
-3782
-4613
-4465
-4015
-3960
-3484
-2793
-2500
-2312
-1597
-906
-740
-521
-1
642
1230
1929
2467
3001
3494
3833
3778
3645
3333
2759
2090
1651
1232
683
235
56
-123
-477
-729
-807
-966
-1271
-1299
-1079
-880
-671
-152
403
770
1206
1801
2156
2161
2201
2269
2153
1829
1581
1315
1036
726
503
210
-118
-466
-776
-1056
-1245
-1275
-1232
-1074
-930
-644
-329
100
314
465
417
424
469
476
-182
-1380
-2178
-2362
-2761
-3763
-4251
-4101
-3787
-3649
-3089
-2685
-2575
-2369
-1631
-1123
-947
-607
48
758
1456
2193
2675
3123
3495
3701
3494
3263
2884
2359
1814
1514
1233
832
510
301
134
-234
-572
-891
-1077
-1317
-1360
-1150
-755
-377
89
662
1101
1438
1761
2023
1965
1881
1880
1877
1720
1561
1346
1075
836
603
204
-290
-703
-1049
-1299
-1365
-1294
-1170
-933
-615
-339
-36
281
399
338
320
310
230
202
-183
-1210
-2151
-2285
-2506
-3441
-4141
-3972
-3728
-3691
-3276
-2744
-2658
-2520
-1810
-1148
-905
-604
38
780
1510
2187
2628
2975
3303
3483
3366
3156
2782
2304
1924
1708
1397
962
646
402
117
-297
-627
-902
-1101
-1309
-1231
-925
-549
-211
324
824
1118
1335
1608
1697
1644
1697
1775
1748
1674
1637
1451
1216
861
469
26
-323
-787
-1190
-1364
-1319
-1273
-1136
-851
-636
-412
-141
164
212
289
335
377
367
573
435
-519
-1691
-2164
-2292
-3152
-4124
-4361
-3986
-3834
-3443
-2854
-2574
-2598
-2106
-1362
-1040
-884
-400
369
1133
1919
2494
2946
3350
3635
3545
3323
2977
2485
2038
1839
1650
1280
937
687
437
-2
-508
-958
-1229
-1425
-1399
-1097
-724
-374
167
771
1054
1200
1452
1617
1555
1587
1711
1740
1699
1714
1598
1323
955
572
129
-351
-841
-1165
-1301
-1351
-1301
-1081
-811
-701
-558
-294
3
52
63
167
363
415
561
704
156
-1186
-2136
-2177
-2588
-3710
-4292
-3886
-3619
-3470
-2893
-2415
-2598
-2538
-1859
-1368
-1245
-841
-45
786
1652
2394
2847
3131
3407
3429
3177
2873
2520
2117
1910
1921
1783
1398
1022
715
261
-339
-857
-1184
-1391
-1411
-1100
-594
-192
122
514
843
897
916
1100
1242
1262
1470
1833
1969
1913
1870
1669
1163
631
173
-321
-789
-1052
-1160
-1161
-1055
-903
-725
-598
-578
-594
-321
-103
-95
-85
316
473
507
673
674
-552
-1989
-2448
-2458
-3337
-4225
-4032
-3462
-3260
-2905
-2263
-2292
-2620
-2375
-1695
-1458
-1207
-507
482
1433
2342
2879
3060
3186
3287
3087
2787
2513
2236
2044
2177
2235
1895
1274
774
308
-202
-777
-1228
-1428
-1304
-958
-538
-147
91
331
542
668
611
707
908
1190
1472
1818
1947
1920
1781
1512
996
463
-31
-450
-685
-744
-808
-876
-794
-745
-763
-809
-791
-812
-678
-395
-32
243
479
674
763
767
708
374
-785
-2178
-2734
-2528
-2964
-3699
-3695
-3133
-3081
-2972
-2578
-2564
-3002
-2727
-1897
-1331
-883
-26
937
1728
2495
2905
2942
2911
3056
2936
2808
2718
2599
2344
2335
2254
1810
1052
355
-236
-673
-945
-1128
-1171
-1028
-668
-343
-74
34
124
172
306
457
716
1007
1361
1714
2000
2058
1871
1555
1151
752
370
38
-259
-386
-439
-549
-710
-804
-902
-1019
-1030
-938
-826
-601
-229
136
324
505
544
428
323
398
-225
-1630
-2615
-2434
-2401
-3132
-3514
-3180
-3012
-3104
-2649
-2351
-2661
-2876
-2091
-1282
-779
-299
519
1203
1856
2397
2607
2551
2595
2798
2822
2802
2675
2508
2250
2211
1943
1349
560
109
-205
-458
-663
-735
-744
-643
-379
-179
-69
-89
-1
121
372
593
895
1157
1464
1658
1720
1577
1354
1080
818
557
271
-5
-159
-224
-385
-622
-809
-925
-1076
-1103
-977
-788
-681
-381
-12
258
247
352
426
375
206
330
199
-761
-2047
-2424
-2252
-2741
-3512
-3503
-3105
-3220
-3066
-2430
-2234
-2667
-2350
-1470
-895
-589
188
996
1634
2223
2694
2755
2745
2808
2777
2722
2661
2428
2117
2104
2004
1534
837
382
0
-273
-532
-662
-743
-679
-547
-320
-138
-157
-177
-3
248
370
641
1006
1285
1447
1672
1719
1532
1293
1047
719
400
186
-30
-195
-355
-557
-795
-925
-1012
-1041
-963
-823
-663
-432
-69
100
162
215
395
319
256
303
253
-713
-1986
-2522
-2314
-2564
-3215
-3331
-3025
-2968
-2884
-2333
-2217
-2551
-2422
-1465
-832
-486
44
866
1447
2015
2440
2576
2533
2617
2685
2684
2666
2503
2283
2182
2062
1609
1019
447
-75
-394
-411
-532
-752
-737
-497
-450
-396
-258
-228
-274
3
408
652
913
1283
1540
1610
1649
1499
1236
978
783
459
225
74
-79
-289
-465
-692
-929
-1044
-1081
-1032
-885
-637
-457
-157
132
288
213
230
239
193
195
296
-174
-1367
-2278
-2255
-2198
-2845
-3313
-3056
-2754
-2787
-2449
-2058
-2236
-2497
-1870
-1054
-675
-323
508
1239
1771
2241
2514
2437
2456
2597
2614
2576
2521
2318
2111
2094
1853
1259
587
100
-308
-471
-554
-663
-755
-632
-471
-317
-201
-189
-216
-46
303
600
872
1138
1389
1567
1640
1499
1250
1005
764
539
413
261
9
-203
-349
-601
-901
-1097
-1184
-1173
-1015
-807
-572
-282
-28
72
125
113
76
103
221
270
158
-417
-1450
-2176
-2155
-2213
-2877
-3256
-2920
-2634
-2659
-2389
-2069
-2170
-2205
-1620
-916
-467
38
734
1398
1934
2287
2386
2424
2510
2557
2566
2588
2495
2262
2109
1967
1620
1040
467
-5
-268
-426
-558
-650
-600
-533
-483
-326
-205
-221
-194
112
411
616
848
1200
1405
1465
1448
1332
1132
943
827
612
408
202
15
-289
-534
-793
-1051
-1249
-1242
-1113
-974
-720
-437
-205
-134
-4
36
41
40
140
192
279
199
-555
-1738
-2348
-2178
-2321
-2885
-3059
-2660
-2522
-2438
-2081
-1825
-2107
-2131
-1492
-758
-316
191
870
1432
1884
2205
2336
2317
2384
2446
2507
2582
2530
2203
1901
1721
1361
756
274
-18
-258
-394
-385
-394
-413
-362
-338
-350
-287
-161
-48
156
459
790
1076
1284
1377
1408
1360
1209
1045
908
720
495
335
148
-114
-376
-609
-883
-1090
-1151
-1104
-1016
-864
-687
-489
-298
-185
-135
-65
42
88
130
206
323
159
-596
-1706
-2305
-2238
-2300
-2705
-2810
-2515
-2384
-2279
-1995
-1908
-2201
-2136
-1534
-872
-367
221
829
1385
1927
2247
2231
2145
2241
2331
2414
2514
2471
2186
1933
1748
1359
783
311
45
-145
-266
-281
-257
-305
-357
-320
-284
-294
-223
-13
192
404
726
1031
1162
1218
1271
1226
1113
998
840
670
548
393
119
-153
-391
-668
-919
-1033
-1077
-1065
-947
-756
-604
-509
-432
-349
-237
-105
33
112
120
176
349
236
-591
-1713
-2261
-2176
-2140
-2357
-2456
-2370
-2289
-2126
-1863
-1852
-2115
-2067
-1480
-813
-327
180
766
1279
1678
1939
2001
1985
2064
2214
2354
2446
2377
2146
1920
1717
1362
867
447
191
47
-23
-50
-127
-260
-320
-265
-239
-297
-276
-89
148
394
673
892
975
1012
1064
1056
955
846
758
663
537
343
110
-109
-347
-609
-801
-914
-1010
-1036
-928
-817
-758
-646
-508
-441
-324
-152
-87
-60
86
238
289
174
-417
-1436
-2105
-2042
-1863
-1966
-2077
-2077
-2076
-1946
-1743
-1834
-2119
-2008
-1425
-813
-351
129
643
1061
1360
1555
1619
1617
1695
1925
2178
2321
2351
2261
2042
1767
1487
1154
784
483
290
226
260
192
-38
-219
-253
-279
-310
-287
-213
-78
180
446
602
688
758
781
776
774
754
702
625
503
378
246
27
-252
-453
-583
-737
-838
-819
-767
-745
-685
-594
-530
-490
-437
-364
-305
-239
-104
78
201
139
-276
-1098
-1893
-2104
-1841
-1675
-1783
-1927
-1949
-1771
-1509
-1530
-1849
-1913
-1480
-908
-423
22
398
711
1034
1271
1347
1422
1591
1780
1981
2168
2214
2126
1983
1769
1500
1264
1042
786
564
444
405
335
132
-111
-229
-222
-200
-169
-141
-120
10
265
450
504
535
532
494
548
636
594
501
483
437
296
135
-51
-262
-410
-493
-593
-672
-677
-651
-630
-592
-544
-497
-435
-390
-372
-333
-254
-156
-64
-134
-592
-1316
-1877
-1999
-1793
-1574
-1568
-1723
-1779
-1608
-1390
-1383
-1564
-1606
-1255
-650
-172
87
307
570
846
1086
1206
1223
1332
1621
1901
2031
2058
2029
1914
1718
1491
1253
1019
831
705
621
535
412
251
72
-86
-164
-164
-150
-148
-98
22
185
330
377
344
349
425
503
535
515
456
369
271
161
35
-98
-226
-335
-421
-496
-550
-556
-551
-562
-568
-545
-507
-454
-405
-390
-396
-345
-227
-145
-200
-484
-1020
-1586
-1819
-1679
-1464
-1385
-1430
-1508
-1493
-1352
-1269
-1357
-1432
-1279
-907
-473
-112
117
284
504
765
971
1093
1210
1386
1595
1792
1917
1929
1836
1712
1591
1441
1269
1101
937
799
698
576
409
240
94
-42
-136
-154
-110
-25
70
136
177
223
273
304
309
293
285
316
329
280
191
105
28
-57
-151
-269
-357
-387
-393
-418
-452
-477
-505
-523
-523
-513
-496
-489
-493
-473
-395
-291
-256
-385
-726
-1179
-1498
-1514
-1322
-1149
-1120
-1206
-1273
-1214
-1105
-1089
-1170
-1174
-964
-577
-190
48
141
229
404
640
835
954
1067
1239
1445
1594
1634
1575
1475
1391
1322
1226
1112
1017
950
891
796
647
475
322
188
80
11
-12
13
74
128
143
147
159
167
176
190
197
188
176
147
80
-2
-75
-141
-201
-263
-323
-370
-385
-392
-419
-451
-463
-435
-365
-308
-315
-358
-371
-336
-281
-228
-233
-327
-534
-822
-1110
-1283
-1264
-1115
-970
-922
-965
-1013
-1023
-1024
-1059
-1090
-1017
-798
-483
-199
-37
25
105
275
492
691
845
1010
1211
1406
1510
1488
1401
1332
1299
1266
1184
1062
946
860
771
632
453
278
158
113
124
162
194
207
201
174
137
88
51
41
58
91
131
145
128
87
30
-35
-94
-149
-195
-226
-243
-259
-281
-312
-341
-349
-337
-330
-350
-386
-410
-399
-353
-294
-259
-266
-314
-415
-584
-792
-966
-1042
-1010
-930
-876
-886
-932
-971
-997
-1026
-1033
-976
-826
-610
-389
-220
-110
-8
127
294
472
645
809
970
1117
1218
1251
1222
1173
1138
1113
1093
1049
984
911
824
720
593
466
364
296
271
270
268
258
234
190
149
131
138
154
165
157
142
128
114
86
30
-32
-92
-138
-173
-203
-231
-254
-278
-307
-337
-356
-354
-347
-347
-354
-339
-302
-256
-242
-277
-327
-362
-377
-409
-512
-677
-847
-949
-956
-910
-881
-887
-910
-908
-879
-850
-831
-821
-764
-635
-457
-276
-129
-8
118
267
428
574
702
822
935
1030
1092
1122
1134
1137
1122
1071
991
893
783
677
573
471
388
347
348
362
346
295
237
198
194
207
216
221
229
247
246
210
151
84
13
-49
-98
-133
-162
-181
-200
-232
-260
-272
-277
-287
-294
-304
-313
-302
-292
-295
-306
-316
-328
-335
-323
-325
-349
-406
-520
-662
-781
-845
-865
-850
-827
-810
-796
-773
-770
-790
-799
-771
-690
-556
-388
-234
-100
39
179
308
441
578
686
785
876
935
956
969
978
959
934
901
837
757
678
592
508
454
435
421
416
408
371
312
266
237
219
225
244
248
240
231
201
150
104
63
17
-7
-17
-47
-94
-145
-202
-260
-296
-316
-337
-351
-345
-340
-333
-311
-300
-308
-321
-336
-348
-348
-343
-362
-406
-464
-533
-612
-687
-741
-766
-770
-763
-767
-776
-786
-782
-757
-705
-629
-524
-398
-264
-136
-18
89
192
309
428
546
661
754
818
865
889
881
866
851
823
783
748
696
624
565
516
467
440
426
401
370
349
322
288
270
269
257
254
261
243
206
164
112
52
4
-27
-63
-91
-121
-159
-199
-227
-254
-284
-298
-302
-301
-285
-264
-255
-250
-242
-244
-249
-258
-278
-306
-340
-373
-415
-459
-507
-563
-614
-662
-705
-738
-754
-756
-745
-716
-674
-621
-557
-481
-398
-313
-215
-112
-7
98
201
295
376
454
527
586
632
668
693
706
705
694
674
647
617
585
557
529
501
473
449
426
407
393
382
369
358
349
334
313
288
259
227
194
157
115
75
29
-9
-47
-87
-115
-143
-172
-193
-212
-231
-242
-251
-253
-258
-264
-267
-271
-280
-298
-315
-333
-350
-368
-391
-423
-461
-499
-534
-570
-608
-640
-657
-665
-662
-647
-631
-603
-559
-505
-436
-365
-288
-198
-106
-7
85
168
247
324
394
457
504
537
560
578
592
595
591
578
563
557
549
536
520
507
501
500
497
488
476
462
447
431
404
370
332
291
249
206
162
115
66
19
-22
-56
-90
-119
-146
-170
-188
-210
-232
-247
-250
-258
-266
-287
-309
-322
-326
-329
-348
-375
-409
-432
-444
-461
-487
-524
-555
-574
-580
-585
-592
-597
-594
-576
-544
-497
-446
-391
-333
-269
-194
-114
-32
49
124
194
264
329
394
446
488
513
533
553
574
592
595
584
566
551
542
539
526
499
471
444
431
425
410
379
337
303
282
269
248
212
161
111
82
69
52
17
-31
-75
-99
-103
-107
-130
-170
-211
-240
-246
-244
-251
-278
-316
-345
-359
-358
-362
-385
-418
-446
-462
-460
-460
-473
-495
-515
-522
-513
-500
-488
-473
-456
-429
-392
-347
-293
-237
-184
-125
-63
-2
61
124
189
243
290
333
375
418
453
479
500
508
507
508
510
514
503
483
455
434
423
416
400
372
338
308
292
291
282
257
217
177
156
152
140
107
58
16
-8
-19
-33
-63
-107
-144
-161
-162
-165
-182
-210
-236
-249
-245
-243
-256
-281
-312
-335
-347
-353
-366
-390
-418
-438
-442
-432
-425
-426
-425
-424
-411
-381
-344
-319
-294
-269
-237
-187
-133
-82
-41
-2
41
89
145
199
246
280
306
329
356
385
409
415
401
387
380
386
390
378
349
314
296
292
301
299
274
243
222
228
242
241
213
165
132
127
142
141
105
48
5
-3
12
17
-16
-80
-127
-129
-104
-92
-120
-178
-227
-236
-211
-192
-214
-268
-311
-318
-292
-265
-270
-305
-336
-336
-305
-276
-273
-294
-320
-320
-293
-259
-241
-242
-246
-228
-194
-150
-115
-92
-67
-32
13
58
99
128
148
170
190
212
232
250
272
290
301
302
300
294
291
290
291
289
282
277
273
267
240
206
174
159
165
174
162
133
107
91
91
90
72
40
16
22
45
59
38
-8
-47
-60
-53
-49
-66
-106
-132
-139
-135
-133
-159
-198
-231
-246
-243
-231
-228
-246
-271
-291
-302
-299
-291
-289
-292
-292
-277
-248
-219
-201
-194
-190
-172
-136
-91
-41
-2
22
43
61
82
108
128
146
159
173
192
208
221
226
224
217
209
207
214
226
237
239
222
201
182
176
179
175
162
139
118
111
126
136
120
76
32
17
38
66
69
39
2
-17
-10
6
0
-37
-80
-99
-88
-57
-41
-62
-110
-148
-158
-145
-132
-133
-148
-166
-166
-147
-134
-142
-168
-198
-208
-190
-166
-152
-152
-162
-168
-166
-150
-136
-122
-114
-98
-76
-52
-33
-12
4
14
25
39
56
78
104
116
116
114
110
117
133
150
155
144
134
131
140
155
161
146
118
102
98
107
121
118
98
68
55
58
79
91
78
53
32
24
32
48
48
27
4
-5
0
12
17
8
-13
-26
-29
-24
-17
-25
-44
-62
-70
-71
-70
-75
-94
-117
-130
-131
-126
-124
-131
-147
-156
-156
-145
-133
-124
-124
-129
-124
-107
-88
-69
-57
-51
-41
-23
-3
18
36
42
44
51
64
83
99
106
101
92
92
104
114
110
90
74
68
69
71
69
55
35
25
25
23
16
7
-7
-14
-14
-3
8
8
-2
-6
1
14
24
29
30
29
28
32
40
48
46
40
35
35
35
31
28
23
6
-7
-10
-12
-17
-21
-29
-40
-53
-64
-72
-73
-70
-77
-80
-82
-84
-78
-75
-75
-77
-76
-63
-47
-40
-31
-22
-10
-11
-10
2
9
20
31
38
37
38
41
43
37
29
31
33
33
34
38
35
28
22
16
7
2
3
7
5
0
3
6
1
0
2
-1
2
6
14
21
20
21
19
16
14
15
22
23
23
20
20
14
8
7
5
0
-1
4
2
-2
-1
-6
-15
-22
-25
-26
-29
-30
-25
-25
-32
-32
-33
-34
-36
-43
-40
-31
-26
-26
-20
-13
-11
-15
-13
-6
1
6
12
26
25
22
21
25
26
21
16
19
23
21
13
10
15
11
4
4
9
7
-3
0
1
-2
-9
-5
3
1
-4
-7
-5
-5
-10
-12
-6
0
1
-3
-2
4
2
-2
-1
5
8
4
1
2
7
6
-2
-1
3
3
-3
-2
0
0
-7
-9
-5
-2
-6
-12
-10
-6
-11
-17
-15
-9
-10
-7
-6
2
7
4
6
8
14
12
9
11
14
14
13
15
14
12
6
6
9
6
3
6
6
10
6
3
0
-2
0
0
-1
-6
-3
-3
-11
-13
-11
-11
-13
-12
-9
-7
-5
-10
-14
-9
-5
-12
-16
-10
-3
-6
-8
-7
-1
-3
-3
-2
2
5
0
1
5
5
4
1
4
8
6
2
-2
1
-1
-2
-4
1
5
0
0
2
4
-1
-3
0
2
0
1
2
7
7
4
4
3
4
2
5
5
4
3
-1
-1
-1
-1
0
1
2
3
5
6
1
0
3
4
2
1
7
6
2
0
1
0
-2
1
1
4
0
-2
1
-1
-4
-4
-4
-4
-4
-5
-3
-1
-3
-4
-5
-8
-3
-4
-4
-3
-1
-2
-4
-4
-3
-4
-6
-3
-3
0
-1
0
2
-1
-3
-1
1
-4
-6
-3
-2
-2
-2
0
-2
-4
-3
2
0
-1
2
3
7
3
5
6
5
4
4
4
0
2
4
6
5
8
5
5
5
8
7
5
2
2
2
-2
-2
-4
-4
-6
-6
-5
-5
-7
-5
-4
-3
-3
-4
-2
-3
0
0
0
2
0
0
-3
-1
-1
0
5
2
1
0
4
5
3
4
3
3
4
2
-2
-4
0
-1
-4
-3
-3
-3
-2
-2
-2
-1
0
0
2
0
3
3
4
2
2
2
1
1
1
1
2
2
-1
-1
-5
-3
-4
-3
-1
1
3
0
-2
-1
-1
0
-5
-4
-2
0
-3
-3
-4
-4
-3
-4
-1
0
0
-1
1
0
0
-1
-3
-1
-1
1
3
4
4
3
2
1
0
5
3
2
4
1
2
0
0
3
1
-2
1
2
2
4
2
4
3
4
3
1
2
2
2
-1
0
2
1
1
0
1
3
1
-2
-4
-4
-2
0
-1
-1
1
-1
-2
-3
-5
-7
-6
-5
0
-1
0
-3
-4
-4
-1
-1
-4
-1
-2
-1
1
1
-3
-4
-1
3
3
1
2
4
4
5
5
3
-2
-1
2
3
0
-1
-1
0
1
-1
-1
-1
-1
-1
1
0
-1
-1
-2
-1
-1
1
0
0
1
1
0
3
0
0
-2
1
2
-1
-4
-3
-1
-3
-1
2
5
2
2
3
1
0
0
1
-2
-1
3
3
1
2
3
4
2
4
2
1
3
2
1
1
-2
0
1
-1
-1
-2
1
0
-3
-2
-1
-1
1
-1
1
-1
0
1
-1
1
-2
-2
-1
-4
-3
1
-1
-2
-1
0
0
-3
0
0
1
2
2
1
1
1
1
1
-1
0
0
2
1
2
1
2
2
