4
-13
10
-1
-9
6
-5
11
-13
5
1
0
2
0
9
-7
12
-7
2
9
-3
9
-9
10
-6
1
1
4
-7
3
-1
-8
-3
-5
12
-8
1
-4
5
-9
5
1
-5
9
-10
10
-18
3
8
-9
-8
8
5
-14
2
-5
0
4
-8
5
0
-6
19
3
-4
8
11
-3
6
2
2
15
-12
9
-8
-8
10
-2
-9
2
-2
-3
9
-8
12
-5
-4
5
-7
0
-1
-8
1
10
-2
-6
10
-5
-5
-2
2
4
-15
0
5
-3
-10
0
11
-8
-8
7
5
-4
-11
9
5
-12
3
12
-3
-10
6
2
-6
1
6
7
-11
5
10
-13
-6
18
2
-11
-1
7
6
-11
9
11
-11
3
3
8
-6
5
3
6
6
-12
1
6
-3
-7
7
5
-14
-2
9
-8
-7
-2
11
-7
-19
13
-1
-9
1
-6
9
1
-5
-1
0
5
-14
5
3
-5
-1
2
7
-13
5
0
4
0
-4
5
-1
9
-1
1
3
12
-5
4
2
-12
2
-10
16
-14
-3
5
-4
5
-6
5
5
-7
7
6
-6
7
-15
14
6
-4
6
-12
4
0
-6
4
1
-6
12
-13
1
2
-7
6
-13
8
-6
-5
-5
4
-5
2
-5
-1
2
-16
16
-9
-3
1
6
-1
-10
5
4
0
5
8
-2
-6
4
2
1
-1
5
0
0
4
2
4
4
5
0
1
4
1
3
2
4
0
-1
-2
-1
0
0
7
-6
-2
3
-9
-6
4
-8
-2
-1
3
1
-9
4
2
-3
-2
-5
5
-8
9
-4
-9
7
-8
-1
-12
8
-6
-6
-1
2
-4
-5
10
-12
-1
-1
10
1
-3
14
-5
14
-1
-2
7
-14
10
5
2
0
6
5
-3
-1
7
7
-1
-5
-3
-6
5
5
-6
-1
2
7
-9
6
-4
0
0
3
6
-5
4
-5
-2
-8
6
6
-13
2
-11
8
-6
-3
8
-4
-7
10
0
-9
5
-1
0
-5
0
7
-5
1
-1
2
10
-12
3
-1
3
2
0
-3
-1
7
0
9
-5
11
-7
-8
10
-9
7
-5
1
4
-5
7
-4
-3
6
-3
0
-3
-6
8
-11
1
4
-1
-9
1
2
2
-7
0
-3
-2
2
-5
9
-10
6
0
-2
4
-1
6
0
-3
8
-4
8
3
0
3
-7
6
-6
1
3
-9
0
1
2
3
4
-1
0
6
-3
3
7
-2
5
-5
0
1
-3
-2
-2
3
0
-1
-4
-2
-3
7
-6
1
-6
-5
5
0
-1
-7
3
-2
5
10
-4
1
-11
6
2
-15
8
-7
2
0
-7
5
-3
-3
-5
3
5
-3
5
1
-2
2
-1
-7
8
6
6
1
-8
10
-2
-2
-2
-2
5
-11
2
-4
7
-5
-1
6
1
0
-4
4
-5
7
0
1
1
-3
4
-9
11
-1
-3
2
1
8
-11
12
-4
-2
1
5
1
0
3
-2
-1
-1
-3
1
0
-1
-9
0
5
-7
6
-3
8
-5
2
-1
-3
-4
4
-4
-4
-3
-10
11
-9
-5
1
-1
6
-8
8
2
0
-3
-2
1
4
-7
-3
0
0
2
-2
10
1
-4
9
-5
5
-3
6
3
-10
10
-8
7
0
14
-12
2
6
-3
11
-10
5
-8
-3
-1
3
-2
-6
5
-1
4
2
-4
11
-3
0
-6
4
-3
-6
3
-5
5
-6
5
3
-3
9
-3
-5
-10
-1
8
-1
-3
0
-6
6
-6
13
1
-1
6
3
6
-4
3
1
7
-3
6
2
-3
-1
1
-2
0
0
-3
-3
-6
0
-2
-6
-4
1
-3
5
-11
-1
3
4
-4
3
1
0
1
-9
1
-2
3
-2
-7
1
1
-3
6
-4
-6
7
-3
6
-2
5
0
1
-5
11
7
-3
1
-8
21
-7
0
0
1
1
-3
5
1
-1
-5
4
-2
-3
6
7
1
-4
-5
9
-7
5
-8
2
-6
2
12
3
8
-12
-2
-3
-1
1
-4
4
2
-14
-8
3
8
-4
10
3
-5
-1
-3
12
-6
-5
1
-6
-8
-4
-2
-2
-2
6
-3
-6
3
-2
3
-2
1
2
2
-10
1
-11
1
2
5
6
-11
15
-4
13
-6
8
1
-7
13
-2
11
4
11
-4
-11
-5
0
5
4
12
-7
0
2
-7
5
1
5
-8
-3
1
-2
0
1
0
-6
11
3
-6
-4
-7
-4
-11
0
13
3
-13
-4
-7
-7
20
-1
1
1
-13
9
-6
-3
1
5
7
0
1
-3
-2
-7
7
-1
4
5
-6
10
-12
5
-8
-6
17
7
3
-15
14
0
0
2
-17
5
-3
4
-3
-3
6
3
7
-5
-7
-5
-2
4
-5
5
14
-8
-2
-4
-2
7
-8
2
-3
-2
-1
-1
10
-4
1
-4
-7
-4
4
2
-3
10
-7
-5
-3
-3
14
-3
6
-5
-1
5
-3
8
-8
-1
7
-3
8
11
0
4
-12
3
9
0
9
-2
1
0
-1
-2
7
2
-6
-2
-4
8
1
7
-13
2
11
-13
-4
-3
0
-11
-2
5
-4
1
4
-5
-2
0
-9
6
-16
3
11
2
0
-8
-4
-5
4
5
-5
-11
-1
-5
3
7
1
-5
-1
6
4
-4
-3
-3
-2
5
0
14
2
-3
2
-5
11
11
8
6
-9
4
0
1
-1
3
-3
-9
-3
1
7
-6
8
-4
-5
2
3
7
2
4
-2
1
6
-1
-3
7
-11
-2
-6
0
4
-1
-6
-14
1
-10
2
-6
-1
8
-7
-2
6
-2
-8
0
3
9
-4
-9
1
4
4
6
0
-3
-2
0
-11
7
6
-5
9
7
-1
-9
3
-10
-3
9
8
1
5
8
11
-1
-1
13
-2
7
1
-15
-4
-2
-9
-6
-9
8
-9
2
6
4
10
-15
19
-7
-8
13
-14
1
-4
-1
12
-11
-1
4
3
1
2
1
-7
-2
3
-4
-1
-3
0
4
-10
-8
-1
5
-12
8
5
6
2
-9
19
0
0
-5
-1
4
-6
9
-6
9
-3
-4
15
-8
-1
9
9
-9
-1
-6
-5
15
-2
3
-6
-1
10
-11
3
-6
-5
-4
3
1
-10
17
6
3
3
-3
0
-4
15
2
-3
4
-11
2
0
-7
4
-10
-3
-1
-16
-4
-1
-3
-2
-9
19
1
-12
-1
-17
2
14
7
-6
7
-10
3
-2
-7
25
0
10
2
-6
7
0
-7
1
0
12
-5
-12
7
8
0
2
8
5
-9
-10
11
12
5
-2
-7
4
-1
-5
0
-19
3
-2
-9
6
-3
25
-4
-5
14
-9
-9
-3
-1
-8
9
-6
4
-7
-6
19
-7
-2
-13
-2
-4
-10
8
6
-1
0
27
6
-2
13
-2
-10
4
-4
4
4
4
2
-9
-13
-10
-12
8
10
10
-4
-16
3
-14
0
-1
8
0
7
0
-16
-2
13
2
3
-2
-7
17
-4
5
-15
-4
-3
2
-6
-4
-5
-16
14
0
5
-12
5
11
-8
-7
13
0
-4
-32
-98
-50
-13
10
25
30
13
24
46
57
75
66
49
19
28
26
29
29
-3
-19
-12
-40
6
-7
-26
-17
-48
-10
-37
-18
-19
-28
-18
-25
-29
23
15
-28
-11
-12
19
-9
8
17
27
10
4
-2
-9
8
0
-18
-50
-44
-36
-22
-40
-6
-10
-13
15
8
19
-10
-18
3
-15
9
-15
-64
-81
-79
-50
-25
23
22
8
25
41
78
120
126
111
105
72
76
63
58
60
20
15
-1
6
-14
-31
-40
-40
-37
-62
-33
-32
-44
-37
-56
-46
-13
12
13
-1
-9
-6
-6
13
21
2
-9
-5
-9
-31
-36
-41
-41
-11
-16
-13
-18
-38
-32
-36
-4
20
27
29
-3
-12
-16
-10
29
32
41
18
-7
14
9
24
31
25
24
8
-2
21
9
15
16
16
21
-1
18
-3
-8
6
-5
22
10
15
-20
-41
-7
-19
3
7
-1
-2
-17
-4
-2
-13
4
-6
8
20
5
4
0
-19
-18
-13
-1
-13
-26
-19
-24
-6
-4
-2
0
-7
-5
-10
1
6
-2
26
15
-10
-1
3
7
2
14
5
1
24
6
-6
-2
-8
3
9
-2
-1
-19
-7
3
10
15
-6
2
5
6
17
20
10
6
-3
1
-9
-8
-8
-15
-5
-22
-12
-16
-20
-7
-4
7
9
1
10
10
15
12
6
8
-3
7
-1
-5
11
5
4
-3
1
-1
-10
-6
-6
-9
4
-1
-4
-9
-7
3
-1
14
13
-4
8
4
9
17
-2
8
6
2
-3
-7
1
-8
-2
4
-2
-10
-12
-4
-2
-2
9
1
0
2
-7
-1
-4
3
13
4
-2
-14
-9
-3
-4
8
3
-8
-8
-9
-6
-4
-6
-3
0
5
-1
-3
3
-2
0
-1
6
7
6
7
3
4
8
6
3
7
6
11
5
-3
-8
-6
-2
-6
-3
-8
-6
-7
-4
-4
-5
-3
-4
-2
-4
-3
3
5
-1
8
10
8
10
9
4
2
5
5
6
12
12
5
10
6
3
6
7
7
6
9
5
4
8
13
13
14
11
8
5
2
3
-1
-5
-11
-15
-21
-23
-31
-47
-53
-60
-61
-77
-93
-92
-90
-85
-87
-107
-102
-87
-79
-62
-58
-52
-47
-47
-31
-8
30
66
90
107
120
145
176
211
250
279
323
346
333
338
341
373
423
438
445
431
409
410
383
360
339
301
275
201
91
-39
-175
-302
-429
-543
-674
-824
-991
-1210
-1341
-1414
-1473
-1485
-1568
-1604
-1541
-1476
-1346
-1226
-1082
-855
-624
-378
-128
135
406
649
879
1079
1328
1540
1670
1734
1726
1696
1679
1709
1759
1776
1737
1623
1493
1491
1660
1955
2182
2196
1994
1710
1527
1570
1717
1738
1362
449
-757
-1859
-2501
-2697
-2759
-3038
-3733
-4736
-5648
-6051
-5771
-4953
-3976
-3252
-2935
-2857
-2662
-2041
-911
484
1730
2494
2701
2556
2429
2614
3094
3606
3820
3530
2759
1818
1061
694
687
794
729
374
-131
-509
-467
100
1035
2017
2751
3103
3180
3256
3532
4020
4507
4618
4047
2773
1085
-576
-1855
-2682
-3342
-4199
-5446
-6952
-8312
-9071
-8965
-8143
-6976
-5868
-5069
-4504
-3830
-2740
-1119
834
2681
3996
4630
4762
4717
4756
4927
5058
4924
4411
3465
2212
933
-97
-740
-1046
-1245
-1559
-1966
-2266
-2232
-1748
-840
338
1576
2733
3683
4398
4967
5507
6044
6516
6773
6590
5785
4243
2004
-472
-2536
-3859
-4641
-5496
-6971
-9008
-10875
-11737
-11286
-9846
-8037
-6437
-5219
-4214
-3168
-1753
232
2582
4759
6199
6641
6361
5987
5884
5922
5734
5035
3844
2435
1030
-310
-1434
-2166
-2504
-2620
-2793
-3135
-3363
-3025
-1971
-482
1005
2228
3250
4278
5386
6412
7123
7363
7162
6739
6327
5896
5065
3270
302
-3125
-5797
-7008
-7159
-7392
-8611
-10651
-12356
-12682
-11461
-9256
-6792
-4552
-2747
-1396
-374
765
2544
4949
7227
8419
8094
6767
5464
4828
4706
4458
3569
1969
-13
-1866
-3136
-3599
-3334
-2804
-2551
-2753
-3046
-2801
-1700
48
1856
3273
4263
4966
5522
6060
6706
7418
7835
7396
5950
4173
3019
2696
2208
175
-3619
-7609
-9734
-9484
-8256
-7925
-9193
-11006
-11676
-10543
-8162
-5388
-2720
-421
1220
1990
2197
2757
4382
6641
8198
7986
6145
3904
2482
2136
2219
1955
971
-626
-2426
-3849
-4321
-3665
-2328
-1200
-944
-1385
-1637
-916
796
2813
4373
5156
5368
5376
5440
5750
6323
6811
6579
5256
3251
1649
1201
1370
587
-2255
-6313
-9366
-9881
-8390
-6913
-7036
-8584
-9936
-9719
-7908
-5283
-2559
-146
1651
2503
2392
2100
2734
4592
6598
7229
5859
3388
1403
787
1100
1354
964
-39
-1336
-2653
-3648
-3801
-2736
-916
469
539
-391
-1012
-230
1806
3861
4859
4808
4427
4310
4533
4862
5189
5467
5304
4177
2203
479
162
1085
1525
-401
-4578
-8551
-9796
-8086
-5588
-4764
-6227
-8414
-9265
-8104
-5614
-2794
-327
1374
2002
1569
862
1132
2918
5283
6504
5598
3173
945
172
738
1595
1785
1046
-283
-1686
-2707
-2964
-2274
-909
366
762
170
-642
-627
623
2509
3929
4204
3635
3092
3189
3883
4640
5005
4847
4186
3034
1650
705
837
1732
1963
11
-4011
-7865
-9114
-7413
-4858
-4020
-5677
-8275
-9485
-8311
-5519
-2501
-212
1026
1270
843
490
1139
3043
5220
6112
4999
2694
851
516
1334
2122
2001
918
-554
-1774
-2287
-1990
-1203
-519
-449
-881
-1141
-681
426
1627
2402
2682
2744
2861
3127
3605
4277
4834
4874
4263
3344
2584
2150
1877
1686
1665
1542
459
-2301
-5953
-8359
-8011
-5694
-3928
-4601
-7236
-9400
-9089
-6448
-3139
-627
659
1022
925
741
1036
2305
4300
5766
5493
3514
1195
94
632
1765
2105
1197
-349
-1603
-2059
-1857
-1412
-1042
-803
-588
-397
-184
201
873
1771
2626
3088
3003
2717
2773
3391
4220
4591
4117
3142
2392
2164
2108
1764
1246
1002
959
135
-2373
-5816
-8003
-7454
-5077
-3439
-4308
-6961
-8862
-8169
-5317
-2174
-158
624
785
809
892
1323
2451
4036
5060
4537
2633
689
5
645
1518
1562
636
-574
-1384
-1561
-1214
-606
-116
-168
-719
-1088
-611
694
2011
2476
2050
1541
1683
2361
3020
3361
3483
3520
3326
2722
2014
1821
2199
2470
2088
1346
904
812
38
-2375
-5510
-7176
-6317
-4221
-3253
-4649
-7296
-8633
-7344
-4498
-1874
-361
152
224
330
590
1177
2415
3960
4654
3817
2010
479
164
929
1636
1322
176
-950
-1486
-1373
-934
-610
-588
-672
-576
-260
283
962
1513
1818
2005
2194
2379
2629
2964
3337
3711
3903
3599
2911
2430
2433
2564
2369
1848
1441
1448
1166
-716
-4174
-7064
-7356
-5349
-3371
-3661
-6270
-8783
-8761
-6285
-3246
-1129
-180
47
136
316
656
1548
3126
4458
4347
2788
916
-34
313
1210
1490
780
-337
-1163
-1400
-1029
-349
129
50
-417
-681
-281
756
1777
2150
1920
1680
1857
2323
2810
3210
3584
3881
3826
3225
2495
2287
2626
2778
2247
1460
1149
1355
850
-1592
-5240
-7589
-7053
-4776
-3430
-4620
-7409
-9165
-8235
-5418
-2621
-950
-255
26
220
465
1035
2279
3890
4804
4136
2289
641
288
1027
1747
1530
470
-653
-1217
-1143
-712
-271
-68
-230
-571
-645
-168
693
1396
1581
1418
1410
1829
2441
2878
3101
3339
3652
3737
3334
2667
2287
2398
2509
2130
1529
1346
1587
1131
-1206
-4832
-7423
-7183
-4937
-3317
-4233
-7055
-9209
-8739
-5989
-2863
-844
-125
-64
-54
252
1099
2582
4283
5182
4503
2602
898
542
1386
2175
1891
614
-725
-1373
-1327
-977
-573
-233
-208
-673
-1395
-1534
-536
1115
2219
2071
1233
888
1652
2947
3797
3904
3727
3665
3547
3122
2584
2414
2521
2335
1573
839
846
1229
427
-2534
-6280
-8113
-6856
-4241
-3167
-4925
-7907
-9221
-7615
-4373
-1606
-189
253
448
681
991
1639
2994
4642
5312
4171
1894
174
91
1124
1757
1084
-393
-1532
-1816
-1523
-1068
-559
-103
-13
-532
-1197
-1029
295
1953
2732
2320
1538
1443
2207
3136
3675
3915
4052
3848
3065
2048
1629
2089
2628
2266
1196
534
768
739
-1162
-4641
-7333
-7166
-4844
-3137
-4045
-6764
-8618
-7807
-4986
-2154
-492
164
492
748
928
1276
2229
3694
4682
4185
2328
456
-153
515
1288
1057
-175
-1433
-1851
-1445
-819
-395
-146
30
-15
-363
-789
-610
558
2067
2805
2346
1428
1109
1772
2842
3507
3600
3433
3129
2561
1893
1647
2036
2467
2222
1450
999
1252
1180
-689
-4094
-6754
-6696
-4547
-2888
-3684
-6375
-8422
-7903
-5277
-2473
-774
-137
93
297
526
936
1893
3398
4568
4312
2595
682
-73
538
1466
1460
322
-1028
-1646
-1489
-1041
-631
-301
-106
-262
-848
-1359
-960
473
1986
2482
1854
1066
1123
2129
3293
3889
3905
3679
3305
2737
2256
2282
2727
2861
2182
1173
836
1361
1334
-833
-4575
-7262
-6946
-4491
-2702
-3649
-6653
-8841
-8150
-5244
-2257
-542
-53
-45
83
418
974
2035
3566
4620
4190
2437
603
-105
461
1331
1341
319
-918
-1599
-1579
-1081
-400
49
-50
-728
-1518
-1586
-470
1235
2285
2100
1269
887
1487
2688
3680
4034
3978
3808
3445
2880
2577
2836
3197
3017
2218
1389
1228
1499
640
-2269
-5741
-7257
-6151
-4095
-3402
-5181
-8040
-9182
-7454
-4359
-1808
-485
-188
-230
93
824
1673
2830
4146
4647
3725
2002
585
187
767
1385
999
-306
-1542
-2061
-1865
-1182
-486
-265
-610
-1211
-1591
-1195
141
1682
2408
2120
1532
1452
2155
3257
4105
4422
4387
4068
3376
2626
2450
2908
3249
2681
1385
506
838
1517
501
-2847
-6535
-7816
-6122
-3649
-3119
-5241
-8010
-8798
-6893
-3865
-1519
-371
40
288
513
755
1299
2518
4056
4787
3919
1907
178
-199
631
1477
1264
30
-1290
-1902
-1783
-1334
-882
-497
-217
-260
-782
-1418
-1262
109
1975
3084
2852
1911
1425
2067
3433
4630
5042
4626
3672
2652
2147
2339
2800
2757
1991
1139
852
855
-107
-2656
-5618
-6958
-6002
-4165
-3600
-5152
-7495
-8457
-7109
-4467
-2106
-786
-271
-26
231
588
1240
2438
3878
4658
4043
2349
752
247
790
1427
1240
185
-1006
-1704
-1803
-1527
-1099
-679
-447
-567
-976
-1195
-680
558
1850
2491
2402
2112
2219
2836
3635
4252
4553
4505
4027
3209
2476
2244
2388
2302
1659
868
621
793
225
-2025
-5189
-7214
-6747
-4633
-3154
-3893
-6289
-8178
-7864
-5465
-2544
-517
241
216
78
212
812
1921
3335
4397
4362
3070
1270
102
132
931
1451
1036
-130
-1329
-1991
-1993
-1511
-818
-245
-173
-742
-1514
-1607
-515
1265
2638
2907
2355
1873
2073
2877
3792
4457
4717
4462
3664
2627
1937
1921
2248
2277
1878
1444
1157
464
-1403
-4180
-6345
-6439
-4751
-3185
-3525
-5756
-8061
-8446
-6477
-3518
-1247
-341
-324
-419
-182
472
1487
2769
3974
4500
3881
2392
965
427
842
1501
1570
732
-615
-1753
-2199
-1941
-1331
-831
-748
-1042
-1363
-1301
-671
356
1420
2198
2606
2728
2723
2793
3167
3952
4835
5194
4574
3247
2081
1750
2077
2282
1888
1207
787
523
-461
-2670
-5272
-6616
-5931
-4170
-3185
-4105
-6272
-7862
-7465
-5314
-2751
-960
-224
-111
-81
185
720
1540
2625
3690
4169
3675
2417
1083
373
522
1139
1491
1070
-52
-1335
-2153
-2206
-1677
-1097
-875
-973
-1076
-922
-476
175
940
1780
2602
3157
3256
3046
3023
3543
4422
4990
4708
3668
2522
1844
1686
1665
1494
1254
1054
566
-816
-3146
-5450
-6438
-5720
-4176
-3286
-3948
-5723
-7197
-7187
-5625
-3347
-1325
-114
267
184
95
353
1109
2303
3543
4224
3930
2795
1426
516
434
968
1482
1368
473
-832
-1925
-2320
-1971
-1254
-707
-619
-853
-1033
-856
-244
674
1661
2487
2991
3133
3060
3077
3448
4106
4608
4514
3769
2771
1994
1600
1418
1228
1030
844
437
-633
-2442
-4381
-5519
-5373
-4380
-3493
-3542
-4544
-5755
-6245
-5615
-4153
-2442
-1016
-118
243
241
128
215
756
1795
2931
3536
3218
2156
1004
411
579
1141
1477
1212
445
-429
-1043
-1252
-1137
-892
-678
-552
-465
-336
-115
241
735
1301
1840
2274
2576
2778
2954
3146
3281
3238
2979
2613
2273
1971
1618
1183
767
532
461
232
-539
-1851
-3209
-3962
-3858
-3242
-2766
-2917
-3598
-4288
-4491
-4122
-3404
-2592
-1841
-1211
-758
-508
-429
-347
-66
476
1116
1600
1791
1716
1481
1232
1077
1048
1104
1165
1136
953
633
286
35
-87
-127
-135
-118
-54
71
243
441
661
902
1145
1356
1518
1679
1883
2100
2226
2177
1973
1717
1489
1290
1102
968
930
929
767
242
-621
-1529
-2094
-2183
-1982
-1853
-2041
-2507
-3008
-3291
-3284
-3088
-2844
-2578
-2243
-1830
-1421
-1140
-1043
-1016
-845
-417
197
761
1099
1199
1175
1166
1225
1321
1406
1454
1439
1341
1141
871
618
435
311
191
44
-64
-33
170
462
692
761
705
676
816
1133
1484
1707
1725
1593
1455
1391
1389
1359
1234
1055
902
805
684
398
-134
-805
-1395
-1757
-1865
-1834
-1826
-1948
-2196
-2486
-2724
-2846
-2803
-2575
-2249
-1930
-1703
-1573
-1478
-1329
-1080
-742
-352
63
478
858
1158
1333
1380
1344
1284
1260
1305
1382
1414
1329
1100
765
438
234
225
379
579
704
706
625
554
588
737
940
1116
1219
1245
1236
1228
1226
1207
1134
996
844
740
719
733
679
444
-5
-552
-1020
-1285
-1349
-1325
-1353
-1526
-1827
-2168
-2453
-2643
-2714
-2663
-2491
-2235
-1983
-1807
-1738
-1709
-1586
-1269
-752
-147
397
789
1002
1100
1182
1304
1461
1597
1647
1584
1435
1250
1088
953
832
691
532
403
356
411
532
654
712
683
612
559
581
691
850
1010
1110
1105
998
843
690
610
628
715
808
815
658
322
-122
-550
-837
-949
-953
-968
-1099
-1388
-1779
-2150
-2397
-2462
-2374
-2209
-2043
-1926
-1849
-1768
-1627
-1398
-1087
-730
-363
-23
274
530
763
958
1100
1177
1188
1161
1125
1116
1136
1157
1133
1025
844
638
484
449
532
677
801
825
722
553
403
338
400
550
706
801
797
710
597
507
477
510
578
633
626
550
403
201
-34
-274
-490
-675
-841
-989
-1128
-1268
-1412
-1566
-1715
-1849
-1947
-1975
-1903
-1752
-1552
-1352
-1198
-1097
-1012
-882
-662
-352
0
322
560
688
741
777
835
934
1050
1138
1162
1124
1041
943
862
793
732
671
614
573
556
555
553
522
461
385
333
328
378
467
551
589
573
520
457
409
401
428
464
474
433
330
169
-32
-230
-400
-538
-638
-726
-814
-924
-1060
-1214
-1362
-1473
-1534
-1542
-1505
-1442
-1374
-1309
-1248
-1187
-1097
-963
-785
-559
-317
-84
132
322
478
611
733
845
944
1036
1100
1124
1113
1066
987
889
787
693
612
546
491
449
404
351
290
229
191
197
254
335
419
484
509
503
494
498
509
529
543
536
493
419
317
183
26
-129
-271
-398
-516
-633
-759
-902
-1052
-1199
-1333
-1434
-1493
-1508
-1482
-1438
-1386
-1322
-1244
-1134
-982
-796
-586
-365
-144
63
257
430
577
697
789
857
906
938
946
928
870
783
685
586
508
454
413
372
324
273
236
214
214
232
262
309
358
398
434
471
508
545
582
614
634
638
620
592
544
480
401
291
158
15
-139
-298
-450
-607
-769
-936
-1091
-1227
-1343
-1431
-1489
-1515
-1502
-1456
-1384
-1281
-1154
-999
-818
-617
-404
-192
9
198
369
520
648
744
804
832
832
807
763
698
612
520
427
333
247
178
125
81
54
44
53
83
130
190
263
350
444
536
621
695
764
819
857
878
880
859
808
733
635
515
376
217
41
-136
-312
-488
-655
-821
-970
-1102
-1215
-1295
-1349
-1382
-1388
-1364
-1308
-1217
-1101
-975
-836
-686
-527
-362
-197
-37
105
227
325
406
460
494
506
499
475
433
390
339
285
235
194
163
149
147
153
175
211
257
317
385
453
523
589
656
724
777
817
843
853
856
840
806
758
690
597
496
382
254
118
-31
-181
-324
-460
-586
-701
-802
-901
-985
-1052
-1099
-1129
-1145
-1140
-1114
-1076
-1019
-944
-858
-765
-661
-553
-439
-321
-204
-96
6
96
167
229
274
312
335
350
354
346
333
320
307
299
297
305
315
328
338
358
385
424
467
507
542
578
610
639
669
688
706
717
718
705
681
642
594
534
462
383
295
190
70
-56
-183
-305
-426
-541
-651
-759
-862
-954
-1029
-1089
-1127
-1148
-1148
-1125
-1083
-1021
-940
-842
-735
-611
-485
-349
-215
-92
23
123
205
270
323
356
372
373
364
346
328
308
285
264
253
251
254
268
287
313
343
375
417
454
496
544
591
634
660
679
696
702
705
707
694
662
618
556
478
394
309
215
103
-19
-146
-279
-406
-527
-638
-742
-835
-920
-993
-1051
-1092
-1105
-1097
-1063
-1017
-956
-878
-784
-682
-572
-456
-340
-231
-124
-32
44
112
162
201
228
239
243
240
237
228
220
213
212
225
243
269
294
326
361
404
448
496
545
593
635
667
696
719
734
739
735
726
710
675
630
568
503
431
352
266
167
60
-57
-164
-269
-371
-473
-569
-662
-755
-835
-908
-965
-1007
-1034
-1044
-1039
-1020
-984
-928
-856
-771
-675
-573
-469
-363
-261
-160
-67
18
92
153
200
238
265
284
297
309
319
324
328
343
360
385
415
445
471
500
535
567
600
630
653
676
696
706
710
703
694
679
663
633
589
541
480
411
335
251
154
39
-76
-192
-307
-423
-535
-639
-747
-846
-930
-1009
-1076
-1126
-1153
-1157
-1139
-1102
-1049
-988
-913
-819
-706
-579
-448
-316
-197
-88
14
108
195
264
325
366
394
412
418
419
416
416
415
417
422
429
435
442
458
474
492
514
536
560
589
613
635
653
668
676
683
687
680
659
630
588
537
469
383
274
144
12
-123
-256
-392
-530
-670
-803
-923
-1029
-1116
-1181
-1228
-1254
-1254
-1230
-1182
-1113
-1021
-918
-800
-665
-525
-384
-240
-100
23
140
241
322
382
431
460
475
480
472
460
436
407
386
370
361
355
358
362
367
376
393
414
442
479
517
557
593
627
651
669
686
699
701
691
668
626
562
480
390
284
153
4
-145
-299
-450
-603
-745
-883
-1020
-1135
-1227
-1294
-1339
-1360
-1350
-1312
-1247
-1159
-1053
-926
-784
-630
-466
-301
-141
5
140
265
374
460
526
570
595
605
602
584
553
517
479
448
419
392
373
360
357
364
376
393
419
453
496
545
590
628
662
691
713
725
735
735
717
679
619
543
452
338
203
50
-122
-294
-459
-620
-781
-933
-1082
-1215
-1324
-1412
-1474
-1503
-1504
-1479
-1423
-1341
-1235
-1107
-954
-786
-602
-408
-217
-29
147
311
455
583
683
755
801
819
821
798
754
693
623
553
491
435
383
343
312
293
289
299
329
378
437
496
556
615
672
725
772
810
833
840
822
781
724
640
528
404
249
66
-142
-347
-545
-733
-915
-1098
-1267
-1423
-1555
-1654
-1713
-1741
-1731
-1687
-1608
-1497
-1356
-1190
-1000
-782
-550
-310
-70
159
368
558
724
867
982
1057
1094
1093
1056
992
909
812
700
584
470
367
273
192
139
108
101
124
171
235
316
404
502
611
722
822
906
972
1021
1043
1036
996
920
805
658
479
248
-23
-304
-568
-821
-1067
-1307
-1540
-1763
-1952
-2091
-2171
-2193
-2168
-2100
-1982
-1825
-1636
-1407
-1137
-831
-499
-165
159
456
717
950
1161
1344
1478
1552
1564
1517
1421
1293
1141
968
786
589
388
205
43
-84
-167
-202
-186
-136
-59
41
164
320
497
694
900
1082
1221
1315
1360
1364
1334
1281
1199
1085
899
614
229
-221
-653
-996
-1248
-1476
-1728
-2037
-2377
-2684
-2874
-2893
-2767
-2554
-2322
-2116
-1937
-1748
-1492
-1122
-618
-67
436
821
1082
1240
1377
1567
1803
2020
2129
2070
1857
1565
1264
1023
862
726
546
294
-6
-312
-532
-598
-512
-339
-165
-55
-3
70
221
500
894
1296
1598
1737
1713
1588
1477
1449
1499
1547
1458
1120
529
-212
-899
-1345
-1533
-1621
-1802
-2192
-2772
-3356
-3708
-3720
-3429
-2990
-2595
-2339
-2209
-2111
-1886
-1414
-701
133
873
1360
1564
1600
1668
1907
2305
2695
2879
2744
2345
1836
1394
1107
953
836
634
268
-225
-716
-1052
-1124
-932
-617
-353
-237
-243
-212
13
486
1112
1707
2105
2244
2186
2057
1952
1938
2005
2063
1946
1486
635
-442
-1392
-1914
-2012
-2002
-2257
-2923
-3845
-4620
-4901
-4623
-4015
-3399
-2983
-2771
-2625
-2395
-1933
-1166
-150
918
1760
2193
2251
2168
2241
2623
3180
3575
3532
3023
2276
1592
1147
941
822
619
219
-371
-1017
-1518
-1695
-1497
-1048
-602
-397
-433
-476
-230
415
1283
2065
2544
2721
2726
2699
2680
2643
2610
2623
2588
2276
1420
43
-1368
-2246
-2372
-2142
-2258
-3098
-4449
-5646
-6052
-5574
-4668
-3902
-3540
-3447
-3296
-2889
-2201
-1262
-139
1035
2031
2610
2721
2602
2641
3073
3752
4238
4146
3456
2499
1685
1225
1043
899
587
37
-698
-1471
-2047
-2208
-1883
-1252
-701
-547
-743
-869
-467
542
1773
2669
2972
2880
2801
2941
3159
3189
2977
2731
2564
2233
1324
-276
-2025
-3073
-3056
-2542
-2522
-3553
-5253
-6568
-6654
-5537
-4038
-3030
-2777
-2875
-2732
-2083
-1022
211
1409
2386
2950
2998
2655
2311
2336
2783
3276
3268
2517
1295
194
-336
-298
-69
-91
-517
-1168
-1701
-1852
-1566
-953
-224
405
766
819
751
909
1546
2558
3480
3804
3431
2781
2426
2564
2847
2736
2057
1216
696
487
83
-995
-2526
-3646
-3689
-2971
-2524
-3061
-4352
-5401
-5317
-4103
-2608
-1699
-1559
-1726
-1617
-1052
-248
559
1280
1835
2061
1838
1301
845
838
1243
1609
1448
678
-281
-874
-898
-583
-318
-316
-526
-737
-819
-752
-508
-51
575
1191
1559
1585
1434
1446
1848
2536
3143
3298
2946
2395
2079
2169
2415
2376
1811
987
459
454
595
215
-987
-2459
-3217
-2846
-1998
-1741
-2534
-3845
-4646
-4285
-3060
-1875
-1373
-1508
-1745
-1655
-1199
-546
155
799
1211
1199
759
222
51
416
999
1249
854
39
-650
-811
-514
-134
5
-153
-411
-561
-525
-350
-52
359
808
1163
1330
1343
1367
1583
2004
2460
2725
2684
2445
2256
2269
2425
2459
2145
1506
895
725
978
1104
479
-960
-2464
-3054
-2476
-1550
-1395
-2386
-3864
-4690
-4249
-2911
-1654
-1193
-1473
-1903
-1934
-1447
-633
259
944
1181
899
303
-149
-56
531
1102
1121
489
-383
-918
-871
-474
-153
-120
-311
-526
-616
-544
-297
134
655
1070
1244
1244
1294
1569
2013
2403
2573
2549
2473
2430
2416
2412
2407
2325
2015
1427
816
622
909
1112
495
-1047
-2613
-3089
-2284
-1241
-1201
-2424
-3987
-4627
-3878
-2415
-1332
-1149
-1561
-1932
-1838
-1297
-525
273
864
982
549
-113
-451
-146
547
978
708
-116
-873
-1070
-725
-275
-111
-269
-524
-628
-518
-266
65
462
852
1110
1217
1309
1547
1952
2354
2531
2464
2357
2404
2562
2632
2490
2223
1964
1715
1382
1028
881
943
838
88
-1256
-2443
-2647
-1897
-1187
-1476
-2770
-4103
-4402
-3442
-2019
-1176
-1257
-1801
-2116
-1858
-1136
-291
392
712
553
8
-530
-586
-58
627
842
346
-497
-1035
-915
-381
24
4
-300
-531
-486
-227
74
323
580
863
1105
1259
1416
1687
2033
2286
2320
2225
2189
2292
2399
2351
2173
2017
1917
1696
1228
753
709
1086
1215
394
-1235
-2558
-2569
-1510
-692
-1178
-2726
-4091
-4206
-3127
-1829
-1201
-1371
-1835
-2075
-1893
-1355
-580
214
651
441
-258
-839
-744
-10
723
805
163
-651
-1009
-737
-197
125
40
-260
-461
-382
-94
239
488
649
791
959
1180
1469
1793
2023
2075
2017
2034
2235
2500
2580
2393
2116
1978
1964
1810
1393
961
924
1201
1116
96
-1502
-2511
-2212
-1164
-704
-1549
-3136
-4230
-4026
-2835
-1663
-1272
-1612
-2117
-2278
-1957
-1260
-390
340
566
127
-602
-947
-529
323
861
614
-196
-902
-996
-548
-47
107
-104
-400
-505
-343
-36
272
525
738
890
984
1110
1380
1774
2097
2194
2110
2068
2207
2429
2508
2373
2173
2086
2060
1855
1386
941
924
1215
1148
161
-1362
-2309
-2033
-1107
-787
-1657
-3119
-4025
-3768
-2734
-1778
-1475
-1738
-2113
-2218
-1934
-1307
-479
229
429
-10
-690
-943
-462
352
768
438
-314
-849
-819
-408
-49
-8
-206
-394
-412
-243
25
310
548
717
842
989
1223
1552
1870
2027
2000
1940
2024
2254
2444
2410
2184
2000
1999
2046
1866
1405
1004
1006
1260
1136
192
-1192
-2065
-1851
-1067
-828
-1643
-2985
-3847
-3676
-2746
-1866
-1596
-1847
-2201
-2308
-2036
-1403
-604
34
199
-192
-759
-915
-433
321
697
399
-286
-768
-700
-258
104
103
-152
-369
-350
-130
139
357
518
667
801
923
1101
1405
1798
2074
2091
1940
1881
2089
2425
2577
2409
2116
1970
1966
1838
1436
1038
1028
1310
1249
314
-1150
-2087
-1828
-913
-593
-1466
-2922
-3821
-3601
-2686
-1914
-1729
-1942
-2178
-2248
-2104
-1678
-939
-165
174
-158
-802
-1059
-586
243
671
366
-320
-746
-619
-190
104
56
-164
-290
-242
-74
143
387
608
738
770
818
1032
1444
1865
2039
1916
1737
1779
2073
2401
2488
2285
2021
1931
1978
1910
1571
1155
1037
1232
1285
683
-528
-1601
-1823
-1256
-795
-1177
-2268
-3324
-3650
-3173
-2376
-1850
-1794
-2032
-2284
-2295
-1895
-1145
-361
55
-97
-598
-926
-703
-71
439
424
-45
-546
-694
-450
-100
63
-26
-200
-270
-168
59
318
538
689
779
856
975
1210
1558
1887
2040
1986
1863
1860
2053
2334
2498
2451
2264
2057
1839
1564
1297
1231
1402
1473
974
-190
-1438
-1935
-1448
-730
-788
-1818
-3110
-3757
-3447
-2576
-1842
-1664
-1939
-2323
-2480
-2196
-1471
-597
-38
-91
-607
-1061
-954
-316
319
414
-42
-586
-774
-536
-165
27
-45
-229
-310
-212
57
392
645
734
725
790
1030
1398
1737
1931
1966
1917
1895
1951
2105
2297
2412
2344
2119
1902
1791
1701
1492
1212
1096
1186
1124
504
-627
-1594
-1724
-1109
-660
-1117
-2281
-3326
-3562
-3001
-2196
-1736
-1768
-2063
-2344
-2371
-1991
-1247
-467
-86
-296
-833
-1146
-890
-245
252
227
-186
-591
-681
-469
-165
21
19
-70
-119
-26
222
513
706
772
822
981
1240
1502
1692
1793
1835
1866
1907
1971
2058
2153
2205
2159
2052
1938
1813
1620
1368
1200
1218
1278
1031
278
-743
-1414
-1372
-935
-828
-1396
-2363
-3149
-3297
-2842
-2199
-1829
-1865
-2174
-2467
-2427
-1934
-1171
-546
-374
-638
-1009
-1091
-741
-198
133
72
-227
-503
-558
-366
-74
129
147
50
-18
73
344
646
802
837
898
1067
1308
1524
1660
1737
1811
1895
1940
1947
1985
2067
2124
2079
1963
1855
1763
1608
1353
1132
1096
1147
964
311
-637
-1309
-1333
-988
-927
-1458
-2310
-2977
-3128
-2797
-2310
-1986
-1929
-2102
-2363
-2420
-2028
-1295
-648
-454
-715
-1075
-1115
-736
-249
-4
-53
-217
-339
-360
-265
-75
131
248
222
127
161
414
731
869
832
840
1041
1360
1604
1686
1669
1691
1792
1890
1944
1988
2040
2055
1986
1877
1796
1748
1638
1417
1177
1075
1080
937
411
-431
-1136
-1329
-1098
-942
-1271
-2015
-2784
-3145
-2962
-2430
-1926
-1753
-1973
-2375
-2557
-2241
-1520
-809
-494
-647
-1016
-1204
-1016
-562
-131
55
-11
-218
-389
-386
-195
84
315
417
402
360
396
513
679
876
1091
1290
1397
1410
1400
1447
1584
1781
1935
1969
1896
1798
1754
1787
1877
1931
1847
1614
1321
1123
1092
1135
1037
645
-1
-660
-1033
-1050
-960
-1110
-1586
-2222
-2708
-2835
-2615
-2251
-2010
-2002
-2199
-2392
-2361
-2004
-1441
-949
-748
-851
-1046
-1080
-848
-443
-73
98
48
-128
-263
-239
-32
264
495
558
451
318
305
472
758
1039
1212
1239
1188
1173
1270
1483
1741
1913
1918
1790
1662
1656
1785
1951
2015
1906
1646
1359
1158
1122
1185
1169
908
362
-309
-819
-971
-885
-882
-1195
-1769
-2354
-2678
-2648
-2359
-2049
-1932
-2052
-2305
-2467
-2316
-1830
-1245
-884
-872
-1077
-1225
-1101
-706
-243
59
105
-51
-233
-260
-70
258
548
652
545
369
312
449
722
985
1135
1150
1096
1083
1167
1350
1576
1749
1805
1737
1640
1604
1664
1784
1871
1860
1720
1497
1264
1097
1043
1043
972
726
295
-227
-660
-866
-887
-919
-1137
-1538
-2005
-2356
-2452
-2316
-2096
-1972
-2008
-2163
-2300
-2251
-1967
-1548
-1196
-1020
-1006
-1044
-996
-795
-491
-198
-2
70
37
-12
2
111
284
455
560
576
539
513
542
647
830
1031
1175
1241
1248
1248
1300
1430
1604
1749
1805
1768
1668
1573
1541
1577
1616
1576
1421
1173
918
738
646
571
424
153
-216
-584
-842
-970
-1052
-1161
-1354
-1624
-1900
-2062
-2076
-1994
-1884
-1825
-1852
-1932
-1947
-1828
-1599
-1325
-1094
-958
-919
-886
-773
-571
-317
-69
96
142
119
120
198
354
542
683
723
679
630
641
739
903
1060
1144
1139
1092
1068
1106
1213
1335
1398
1368
1281
1190
1136
1137
1167
1162
1091
954
799
665
583
540
488
381
207
-8
-205
-351
-457
-548
-664
-826
-1019
-1209
-1347
-1426
-1466
-1488
-1512
-1555
-1604
-1617
-1573
-1481
-1357
-1226
-1112
-1017
-918
-803
-658
-498
-335
-191
-82
-1
61
129
203
279
350
403
422
426
430
444
475
521
572
611
636
655
680
723
783
850
914
959
985
1005
1029
1060
1098
1128
1135
1123
1088
1041
999
953
899
822
711
574
423
269
118
-28
-181
-347
-532
-719
-886
-1029
-1140
-1234
-1323
-1403
-1470
-1516
-1530
-1510
-1461
-1401
-1337
-1269
-1192
-1099
-990
-874
-757
-649
-557
-473
-391
-307
-226
-150
-81
-22
33
88
143
205
269
337
409
479
553
631
713
800
885
968
1053
1131
1205
1270
1327
1376
1415
1443
1453
1451
1423
1378
1316
1231
1130
1009
863
702
527
334
139
-58
-255
-451
-641
-817
-978
-1122
-1248
-1350
-1427
-1481
-1513
-1525
-1520
-1493
-1447
-1389
-1314
-1236
-1155
-1070
-984
-898
-810
-723
-642
-563
-493
-430
-366
-300
-229
-162
-92
-23
48
127
209
297
391
484
580
676
773
875
973
1068
1156
1236
1309
1373
1424
1467
1495
1506
1495
1467
1425
1358
1276
1182
1067
936
784
621
453
274
96
-86
-267
-449
-623
-785
-931
-1058
-1169
-1262
-1337
-1394
-1429
-1442
-1438
-1418
-1384
-1335
-1278
-1213
-1143
-1071
-1000
-923
-848
-778
-713
-649
-582
-520
-455
-390
-321
-247
-176
-94
-9
85
187
286
391
500
614
726
834
940
1039
1130
1217
1293
1357
1411
1447
1467
1476
1473
1457
1424
1375
1307
1223
1126
1017
898
764
616
458
296
126
-42
-213
-381
-548
-710
-858
-994
-1111
-1215
-1301
-1372
-1425
-1458
-1471
-1463
-1433
-1395
-1345
-1285
-1218
-1145
-1068
-988
-904
-823
-745
-668
-593
-520
-443
-365
-286
-205
-125
-43
44
138
237
338
438
541
643
747
851
951
1044
1129
1205
1275
1332
1382
1421
1446
1456
1453
1434
1399
1353
1294
1224
1137
1033
913
778
630
476
318
157
-9
-180
-349
-518
-671
-810
-936
-1051
-1152
-1238
-1311
-1365
-1400
-1418
-1421
-1409
-1382
-1349
-1304
-1251
-1196
-1132
-1062
-992
-921
-850
-773
-698
-620
-539
-456
-368
-277
-182
-84
16
119
224
329
436
542
640
741
838
927
1011
1091
1162
1226
1283
1334
1375
1402
1420
1428
1424
1408
1378
1333
1271
1196
1102
999
880
746
597
436
271
103
-67
-239
-408
-572
-725
-864
-990
-1099
-1192
-1267
-1329
-1375
-1405
-1419
-1415
-1402
-1377
-1339
-1296
-1247
-1189
-1123
-1051
-978
-903
-825
-745
-664
-580
-491
-403
-316
-225
-127
-26
80
186
292
396
503
610
718
820
916
1005
1088
1162
1230
1289
1341
1379
1411
1424
1424
1416
1393
1360
1314
1251
1174
1086
982
867
738
602
458
306
151
-10
-166
-322
-474
-619
-753
-876
-985
-1086
-1171
-1247
-1307
-1352
-1384
-1399
-1405
-1400
-1385
-1358
-1320
-1274
-1218
-1161
-1096
-1026
-949
-867
-780
-690
-595
-493
-386
-280
-169
-56
58
175
292
412
527
639
749
857
954
1043
1125
1200
1265
1324
1370
1401
1423
1434
1435
1425
1403
1367
1319
1260
1187
1105
1007
899
782
654
515
372
223
74
-78
-235
-392
-543
-686
-822
-945
-1064
-1169
-1260
-1333
-1396
-1442
-1472
-1484
-1477
-1458
-1427
-1381
-1324
-1256
-1182
-1098
-1009
-916
-821
-721
-625
-527
-427
-327
-226
-126
-26
67
162
255
355
453
550
642
736
826
914
997
1074
1150
1221
1281
1333
1372
1400
1417
1424
1420
1399
1361
1310
1242
1164
1075
969
850
717
572
423
272
117
-43
-201
-365
-526
-674
-813
-937
-1051
-1153
-1240
-1314
-1373
-1413
-1436
-1446
-1435
-1415
-1385
-1338
-1288
-1224
-1152
-1073
-993
-910
-824
-738
-649
-560
-470
-377
-282
-185
-91
5
104
204
310
413
520
629
728
830
928
1020
1108
1186
1257
1317
1370
1408
1435
1448
1444
1432
1402
1357
1302
1228
1145
1048
936
818
684
541
394
245
89
-68
-225
-383
-532
-673
-808
-930
-1040
-1141
-1229
-1300
-1356
-1394
-1420
-1431
-1425
-1405
-1375
-1332
-1278
-1219
-1150
-1075
-995
-910
-825
-735
-646
-555
-461
-366
-270
-170
-73
20
116
211
308
406
504
602
695
786
870
953
1039
1113
1184
1246
1296
1337
1369
1393
1403
1400
1385
1354
1307
1249
1177
1093
999
890
763
626
479
327
172
15
-141
-296
-454
-603
-746
-876
-988
-1091
-1183
-1260
-1320
-1366
-1393
-1405
-1397
-1379
-1350
-1308
-1258
-1197
-1130
-1058
-981
-897
-815
-736
-654
-572
-489
-403
-319
-235
-153
-70
16
104
195
287
379
472
567
660
755
849
941
1030
1110
1188
1257
1317
1370
1408
1433
1445
1436
1412
1377
1321
1248
1160
1054
935
798
653
495
335
176
12
-151
-313
-470
-614
-748
-864
-972
-1066
-1147
-1212
-1261
-1297
-1317
-1326
-1321
-1301
-1278
-1244
-1201
-1150
-1094
-1032
-970
-903
-830
-758
-683
-608
-534
-455
-368
-284
-198
-107
-14
79
176
277
379
485
590
695
796
894
990
1081
1165
1239
1304
1356
1397
1427
1441
1441
1423
1389
1340
1272
1192
1097
991
871
739
595
441
285
126
-28
-185
-338
-489
-631
-763
-882
-987
-1076
-1154
-1218
-1271
-1309
-1332
-1340
-1332
-1312
-1283
-1247
-1202
-1151
-1094
-1031
-961
-886
-819
-744
-670
-597
-518
-435
-348
-262
-174
-84
7
101
197
297
401
503
605
705
805
901
997
1085
1167
1239
1298
1349
1388
1417
1428
1428
1411
1377
1329
1267
1194
1107
1006
894
767
628
484
336
186
31
-121
-270
-422
-564
-697
-819
-930
-1029
-1113
-1186
-1244
-1290
-1319
-1335
-1335
-1323
-1303
-1275
-1238
-1193
-1148
-1090
-1030
-961
-894
-822
-750
-676
-596
-514
-429
-338
-246
-151
-54
47
154
260
371
481
590
698
804
904
1003
1094
1171
1243
1302
1349
1389
1414
1425
1422
1401
1367
1317
1258
1186
1103
1004
898
779
651
515
375
233
90
-55
-199
-339
-478
-608
-729
-838
-937
-1026
-1105
-1169
-1226
-1262
-1289
-1304
-1306
-1300
-1282
-1256
-1218
-1177
-1125
-1071
-1005
-941
-868
-793
-716
-632
-544
-457
-365
-268
-170
-70
34
139
242
345
450
553
657
757
854
948
1035
1117
1189
1256
1310
1351
1384
1400
1405
1398
1374
1339
1285
1214
1132
1039
935
821
695
560
419
274
123
-21
-164
-301
-436
-566
-691
-804
-905
-992
-1069
-1140
-1192
-1236
-1268
-1288
-1294
-1288
-1273
-1245
-1214
-1175
-1128
-1076
-1019
-952
-884
-811
-734
-657
-573
-486
-393
-298
-200
-101
-1
104
211
315
421
524
624
722
817
906
992
1070
1140
1200
1251
1292
1323
1346
1354
1349
1332
1300
1252
1197
1125
1043
947
844
727
602
475
341
203
63
-77
-215
-348
-478
-599
-713
-818
-915
-997
-1072
-1136
-1187
-1222
-1249
-1266
-1269
-1259
-1245
-1220
-1184
-1139
-1087
-1030
-965
-894
-822
-743
-664
-578
-490
-397
-305
-207
-110
-17
83
185
286
386
481
575
665
753
837
918
991
1058
1117
1171
1212
1243
1271
1283
1287
1280
1256
1221
1177
1119
1052
969
876
775
661
541
408
270
135
-3
-141
-279
-415
-547
-668
-782
-883
-976
-1052
-1122
-1174
-1219
-1251
-1264
-1267
-1256
-1239
-1213
-1173
-1127
-1075
-1013
-946
-875
-800
-721
-643
-560
-476
-393
-303
-211
-122
-30
61
153
247
341
434
525
616
704
788
870
945
1018
1082
1133
1178
1216
1245
1261
1267
1261
1243
1213
1171
1117
1051
978
892
791
682
563
439
310
177
43
-91
-225
-354
-481
-606
-719
-821
-912
-994
-1069
-1128
-1175
-1211
-1235
-1242
-1239
-1222
-1195
-1163
-1121
-1071
-1014
-949
-881
-810
-736
-661
-585
-503
-423
-340
-253
-169
-84
1
89
175
265
352
440
527
615
701
783
868
945
1016
1081
1134
1180
1216
1242
1257
1258
1247
1222
1182
1132
1070
995
911
817
710
597
475
351
221
92
-38
-165
-288
-409
-525
-634
-732
-823
-899
-967
-1022
-1065
-1103
-1130
-1146
-1152
-1145
-1132
-1108
-1079
-1044
-1002
-959
-906
-851
-791
-728
-664
-593
-523
-445
-363
-281
-197
-106
-14
80
180
280
377
475
571
664
754
840
924
996
1061
1116
1161
1200
1223
1236
1239
1222
1196
1155
1104
1041
967
882
791
690
584
473
356
238
121
6
-109
-221
-332
-435
-531
-619
-700
-771
-835
-889
-934
-971
-1001
-1021
-1031
-1034
-1032
-1026
-1012
-991
-964
-933
-900
-859
-813
-762
-709
-646
-581
-512
-440
-365
-284
-200
-115
-22
75
172
270
372
471
567
662
754
840
920
990
1054
1108
1148
1181
1201
1210
1202
1185
1156
1110
1053
985
905
815
722
619
505
394
276
159
40
-76
-185
-296
-396
-497
-589
-673
-749
-818
-878
-927
-967
-999
-1023
-1035
-1040
-1038
-1024
-1006
-983
-954
-917
-877
-824
-773
-718
-657
-593
-523
-455
-382
-305
-223
-140
-52
36
124
214
308
401
491
582
670
753
831
905
974
1031
1081
1121
1146
1160
1165
1154
1129
1094
1047
989
919
837
747
650
544
434
319
208
92
-23
-134
-246
-351
-448
-542
-626
-699
-768
-825
-872
-914
-946
-967
-982
-988
-985
-972
-956
-933
-906
-874
-832
-784
-734
-682
-625
-568
-508
-443
-376
-305
-234
-159
-82
-6
75
158
243
327
413
496
580
661
737
805
866
922
972
1009
1038
1053
1060
1056
1040
1014
975
926
867
797
725
641
548
450
348
245
138
32
-70
-175
-276
-370
-458
-542
-621
-688
-746
-795
-837
-872
-898
-918
-927
-925
-916
-904
-880
-852
-818
-779
-736
-689
-640
-582
-526
-466
-401
-336
-264
-195
-127
-53
21
96
175
251
326
401
476
546
612
678
738
791
839
882
916
941
954
956
950
938
916
882
839
783
722
652
577
495
408
322
226
129
33
-63
-156
-248
-334
-418
-499
-570
-638
-693
-741
-782
-813
-839
-858
-867
-869
-866
-854
-836
-812
-783
-747
-707
-666
-615
-563
-509
-449
-388
-320
-253
-179
-105
-30
48
126
204
282
360
437
511
580
643
701
758
803
843
873
893
904
906
897
881
854
816
771
719
656
585
511
431
348
264
178
92
3
-83
-167
-245
-318
-392
-457
-517
-573
-620
-660
-696
-723
-741
-750
-757
-758
-747
-729
-710
-684
-655
-621
-585
-544
-501
-456
-407
-354
-299
-243
-187
-126
-65
-1
66
133
200
266
333
395
458
517
573
625
670
709
743
768
782
789
786
776
760
731
696
652
598
543
479
410
340
265
186
108
33
-46
-124
-199
-272
-338
-400
-457
-512
-560
-599
-635
-665
-686
-701
-709
-710
-705
-694
-676
-654
-625
-596
-557
-520
-474
-428
-379
-325
-273
-218
-164
-108
-50
9
71
132
195
254
315
373
430
487
536
583
627
661
692
715
733
741
742
734
717
693
662
625
577
523
469
406
341
270
198
123
49
-24
-97
-161
-227
-287
-344
-397
-445
-489
-526
-558
-583
-604
-621
-630
-638
-633
-626
-615
-598
-575
-550
-522
-490
-455
-417
-378
-337
-294
-247
-199
-148
-98
-45
7
59
112
166
223
277
330
382
428
471
513
550
583
612
632
646
651
647
639
622
596
568
531
487
437
383
326
270
212
150
84
21
-41
-101
-156
-210
-261
-308
-349
-389
-420
-451
-475
-491
-506
-516
-523
-522
-517
-508
-498
-482
-468
-450
-427
-405
-375
-345
-312
-276
-241
-201
-161
-119
-75
-29
18
63
112
154
202
249
293
340
380
417
453
486
513
536
554
566
572
574
569
554
534
506
471
432
389
340
287
230
174
117
56
-4
-64
-120
-173
-221
-266
-310
-349
-385
-415
-441
-461
-479
-487
-493
-495
-491
-482
-471
-459
-441
-419
-398
-373
-345
-317
-289
-256
-223
-187
-150
-112
-73
-34
6
46
87
131
169
214
255
292
331
364
394
424
451
474
491
503
513
514
511
503
486
468
439
409
373
331
287
233
183
130
76
23
-31
-86
-137
-187
-232
-273
-308
-341
-371
-395
-414
-431
-443
-451
-453
-450
-444
-433
-421
-405
-386
-366
-340
-315
-288
-256
-226
-188
-153
-121
-86
-50
-15
20
58
93
131
166
199
228
259
289
316
340
359
377
390
401
404
401
405
400
391
377
354
333
310
287
257
219
184
146
106
71
29
-12
-52
-88
-126
-158
-187
-215
-241
-264
-285
-301
-312
-324
-335
-340
-340
-337
-338
-332
-324
-315
-298
-283
-270
-251
-231
-202
-175
-150
-122
-96
-66
-36
-9
23
52
83
109
135
161
185
208
231
248
266
282
294
301
306
312
313
310
303
293
280
267
249
232
210
182
159
132
106
77
47
18
-9
-36
-62
-85
-109
-130
-148
-164
-179
-190
-205
-214
-223
-226
-226
-231
-230
-229
-227
-219
-214
-210
-204
-196
-178
-167
-155
-138
-122
-104
-85
-65
-44
-24
-5
16
38
60
81
98
115
130
146
161
174
185
192
201
209
214
215
212
210
205
198
192
178
164
151
135
116
97
73
55
38
19
-2
-21
-39
-58
-74
-91
-103
-114
-124
-134
-143
-148
-151
-156
-160
-161
-162
-157
-152
-150
-146
-144
-137
-130
-122
-114
-105
-93
-77
-62
-47
-32
-18
-1
12
29
44
59
73
82
95
105
118
125
126
133
138
140
142
138
140
137
133
130
121
109
101
92
80
71
57
48
33
21
6
-6
-20
-31
-40
-52
-59
-67
-77
-82
-88
-93
-95
-97
-98
-98
-99
-95
-94
-92
-88
-84
-78
-70
-65
-59
-54
-47
-39
-35
-28
-22
-16
-7
2
10
15
22
30
35
42
48
53
57
62
64
65
67
68
67
67
66
68
65
62
60
57
51
49
44
38
35
29
23
18
12
5
0
-8
-15
-19
-22
-26
-33
-37
-39
-45
-49
-50
-51
-49
-51
-50
-49
-47
-46
-43
-39
-36
-33
-32
-27
-25
-21
-21
-18
-11
-8
-4
-3
3
6
7
9
13
18
19
22
26
31
32
35
38
41
40
39
41
40
39
35
35
33
31
25
22
19
16
16
11
9
8
2
-1
-4
-8
-10
-12
-15
-20
-20
-22
-24
-26
-26
-29
-29
-26
-25
-27
-28
-26
-26
-25
-21
-20
-19
-17
-18
-15
-13
-12
-8
-7
-6
-1
-1
2
6
8
10
11
16
15
13
13
13
17
15
18
20
21
21
18
19
18
16
17
15
13
15
11
10
6
6
6
4
4
2
2
0
-2
-3
-3
-3
-4
-5
-6
-7
-9
-7
-7
-8
-8
-9
-9
-9
-10
-8
-10
-9
-9
-10
-12
-12
-12
-12
-9
-9
-9
-9
-8
-9
-6
-5
-2
-3
0
0
-2
0
2
6
8
11
8
8
9
10
11
12
12
12
10
9
12
10
11
9
9
7
2
2
1
0
0
-2
-2
-1
-2
-2
-2
-1
-2
-3
-5
-3
-4
-4
-4
-5
-5
-6
-7
-4
-4
-2
-1
-4
-3
-2
-3
-1
-2
-2
-3
-5
-4
-3
-3
-1
0
0
1
1
-1
0
1
2
5
5
2
2
5
6
7
7
7
6
8
4
3
4
4
4
1
0
-5
-3
-3
-4
-1
-1
-3
-4
-4
-5
-2
-1
-1
0
-2
1
0
0
0
0
2
-1
3
1
0
1
2
0
0
-2
-1
0
-1
-1
0
2
-3
-3
1
-3
-2
-1
0
0
-2
-3
-2
-1
-1
0
-1
0
-1
-1
2
2
3
3
3
1
1
4
2
2
2
2
2
1
-2
0
-1
1
0
1
1
-1
0
1
1
1
2
2
0
-1
2
3
2
1
2
-1
-1
-1
-2
0
0
1
0
-3
-2
-1
-1
-1
-3
-3
-4
-4
-4
-3
-1
-3
-1
-2
-1
1
2
1
0
2
2
3
3
1
0
1
3
3
3
2
2
1
3
0
-3
0
-2
-2
-2
-3
-2
1
-2
-3
-2
-4
1
0
0
-2
0
2
1
3
4
2
3
4
5
3
1
1
3
3
1
2
-2
-2
-3
-2
-2
-4
-2
-1
-1
0
0
-2
-2
0
0
0
-1
-1
-3
-3
0
-1
0
2
3
3
1
2
4
0
2
0
-2
-1
-3
-2
-3
-3
-3
-3
-4
-5
-1
0
0
0
0
-2
0
-1
0
2
1
2
3
1
0
2
2
4
4
4
4
4
4
5
3
3
4
2
-1
-1
-2
-1
-3
-3
-3
-4
-3
-1
-1
-1
-1
-1
1
-2
-2
-1
-2
-4
-4
-3
-2
1
-1
1
1
0
1
2
2
2
0
0
0
-2
-2
-3
-1
-2
-2
-1
-2
-2
-2
0
-1
0
2
2
2
3
3
1
1
0
1
1
3
3
2
1
2
0
-1
0
1
1
1
-1
-1
-3
2
2
0
1
-1
1
1
0
2
6
4
1
1
0
0
1
1
0
-2
-3
-3
-4
-4
-4
0
-2
-1
0
1
1
1
-2
-1
1
0
1
0
0
0
1
1
-1
0
1
0
3
3
0
-1
-2
-2
-1
-3
-3
-1
-1
2
2
0
1
0
1
0
-1
-1
-1
-1
-2
-2
-3
-3
-3
-1
-3
-1
-1
-2
1
0
1
2
1
0
2
1
2
3
4
3
4
3
1
0
-1
-1
-2
1
1
-3
-1
1
2
1
-1
2
2
3
5
2
4
3
-2
0
-4
2
2
-1
0
-2
0
2
1
-1
-1
-2
-1
0
-1
2
2
3
1
2
1
0
-1
-3
-3
-1
-1
-4
-4
-3
-1
-3
-3
-4
-1
-1
-2
-1
0
-1
-2
0
-1
0
1
0
2
2
1
0
-2
-2
-4
-4
-5
-5
-2
-3
-2
0
0
1
2
3
4
6
6
7
4
3
5
6
5
4
4
2
0
2
1
4
5
0
2
1
2
1
-1
-1
1
0
-2
-2
-2
-3
-4
-3
-3
-5
-6
-6
-5
-4
-3
0
-1
-1
0
0
1
1
1
1
1
0
0
-1
0
0
1
2
0
2
0
2
4
-1
-4
-3
-2
0
-1
1
2
2
0
1
1
0
1
1
4
2
2
1
-1
3
0
1
4
1
-1
-3
-4
-4
-2
-4
-1
-1
0
1
1
1
2
2
1
2
2
2
2
-1
-2
-3
-2
-1
-2
-1
0
-5
-5
-4
-4
-2
-1
2
-1
-2
0
-1
2
1
2
3
2
4
3
1
2
1
-1
-1
1
1
1
1
2
2
-2
2
5
2
2
1
3
3
3
3
3
1
2
1
-1
0
-3
-2
-4
0
-2
-3
-1
-1
0
-1
-2
-1
-1
1
2
1
-1
-2
-4
-1
-3
-2
-2
-4
-3
-4
-3
-3
-2
-2
-4
-3
-2
1
2
4
4
2
3
4
3
2
0
-1
-1
-2
-1
0
1
1
0
0
0
-1
1
1
2
2
2
4
4
2
2
3
1
2
2
0
2
1
-3
-3
-2
-2
-2
-3
-4
-4
-3
-1
-4
-3
-3
-3
-4
-4
0
0
-1
-1
1
2
2
0
0
-1
2
2
0
1
2
2
4
4
3
0
3
4
3
3
3
4
3
2
1
0
1
0
-1
0
-2
-4
-5
-6
-6
-7
-6
-3
-2
0
0
2
4
4
3
2
4
2
2
3
0
0
1
-1
-2
-2
-2
-1
-1
-3
-2
-2
-1
-3
0
-1
-1
-2
-5
-2
-1
-1
-1
0
-1
0
1
-3
-3
1
3
0
0
-1
0
-1
1
-1
0
1
2
4
4
4
4
2
2
1
1
0
0
-1
0
-1
-2
-5
-2
-1
-1
1
-1
0
1
-1
0
-2
1
3
3
4
2
3
-3
1
2
1
0
-1
-2
-1
0
-1
-3
-2
-5
-3
-5
-4
-1
0
0
1
3
3
4
2
5
3
1
4
2
0
1
2
1
0
0
-1
-1
-1
0
0
-3
-2
1
0
0
0
-2
-1
-1
-2
-1
1
0
-2
-4
-2
0
0
0
-1
1
-1
-1
-1
0
0
0
-1
0
2
1
1
1
0
-2
0
1
2
0
0
1
-2
-1
-1
-2
-3
0
2
0
0
1
2
3
1
2
0
0
1
1
2
2
0
1
-1
-1
1
-2
-3
-3
-2
-3
-2
-2
-1
0
1
1
0
-1
3
5
0
1
-1
-1
1
-2
1
-1
-2
-2
-4
-3
-5
-5
-2
-1
0
-1
-1
0
2
3
1
2
2
1
4
3
2
0
1
0
-1
-1
1
0
-3
-1
0
1
-1
3
-1
-1
1
2
1
1
2
4
3
1
2
2
2
1
1
0
-1
-1
1
-1
-1
1
-1
0
2
2
2
0
-2
-2
-3
-1
-2
-3
-3
-4
-3
-4
-5
-4
-6
-5
-5
-7
-4
-6
-3
-2
1
2
1
5
2
3
4
5
3
5
4
6
5
4
2
2
2
0
1
-2
-1
-2
-2
-1
0
2
1
1
0
1
1
1
3
3
1
2
1
1
3
1
2
2
0
-1
-2
-3
-3
-3
-1
-1
-2
-3
-2
1
-1
1
0
-1
-2
-1
0
-2
0
-2
-3
-3
-3
-3
-3
-3
-4
-2
-1
0
1
1
3
5
4
2
5
2
2
3
1
1
0
1
-1
0
0
-3
-2
-1
-2
2
0
-2
0
2
1
2
2
3
4
3
3
2
1
1
0
0
2
-1
-2
-4
-4
-1
-2
-3
-3
-3
-5
-3
-4
-5
-3
-4
-4
-4
-5
-1
-1
1
2
4
1
2
0
2
2
1
0
0
2
1
2
1
0
3
1
5
4
4
4
4
2
1
4
2
1
2
0
0
0
-2
-1
-2
-1
0
0
-2
-2
-1
-1
2
0
-1
0
2
2
0
-1
-1
-1
-1
0
-1
-1
0
-2
-2
-4
-3
-1
-3
-3
-3
-3
-2
-2
-3
-2
0
-3
-4
-3
-1
1
0
1
0
0
1
2
1
2
0
3
4
3
1
0
-2
-2
1
1
3
5
3
4
3
3
3
2
5
2
1
1
1
0
1
1
-2
-3
-2
0
0
0
0
-1
-1
-1
-1
0
-1
-2
-1
0
-2
-3
-3
-2
-2
-3
-2
1
0
-2
-2
-1
-2
-1
-1
-1
-2
-1
1
2
0
0
0
-1
1
0
2
2
0
2
-1
-1
-1
-1
-1
0
-1
-1
1
0
-1
0
1
0
-2
2
0
0
1
0
0
-1
-1
0
2
1
0
0
-1
-1
0
3
1
-1
1
-1
2
4
2
2
3
1
0
-1
0
-1
0
-1
-1
1
-1
-1
0
1
4
3
2
1
2
0
2
-1
-1
-2
-3
-5
-5
-3
-3
-2
-1
-2
-1
-2
-1
1
1
2
3
0
-2
-2
0
1
0
0
-2
-1
0
