-2
-1
-2
-2
-1
2
1
3
4
2
2
0
2
0
3
6
2
1
2
4
2
1
1
2
2
1
1
1
0
-3
-2
-1
0
0
-3
-3
-5
0
-3
-1
-1
-2
-1
-2
1
-1
1
-1
-3
-2
-2
0
0
-2
-1
-2
-2
1
1
1
2
2
2
3
0
1
-1
-2
-1
-2
2
3
1
-2
-3
-1
-1
0
1
-1
-2
0
0
-1
0
1
-1
3
3
2
3
2
3
3
2
4
5
2
2
1
1
1
-1
1
-2
-3
-1
-1
-1
-2
-1
-1
-1
1
-1
-2
-1
-1
-3
-2
-2
-3
-3
-3
-1
-1
-2
-3
0
0
-2
1
1
2
1
3
0
2
3
1
1
1
1
0
1
-2
-2
0
-2
-2
-3
1
2
-1
-1
0
0
1
-1
-1
-1
-2
-2
0
0
-1
-1
-1
-1
2
5
4
4
2
3
4
3
1
0
0
1
1
-1
0
-1
-2
-2
-2
-1
0
0
0
0
-2
0
0
-2
-1
-1
-4
0
-4
-3
-2
-3
-1
1
2
1
1
2
2
0
0
0
-1
0
2
1
1
3
1
1
2
3
1
3
2
2
1
-1
-1
-1
-1
0
-1
-2
0
-2
-1
-2
-4
-2
-1
-1
-1
-1
-1
1
2
2
1
-2
-1
-1
1
1
2
0
-3
-1
1
1
0
0
0
2
2
0
0
1
-2
-1
0
-1
1
0
-1
-1
0
-1
-1
3
0
0
-1
-3
-3
-1
1
-1
-2
1
0
-2
1
0
2
0
-1
2
2
1
1
1
-1
3
4
3
0
-3
0
0
0
0
-2
-3
-2
-4
-1
-3
-5
-4
-5
-3
-1
1
0
0
-1
0
2
4
6
3
2
2
1
3
1
2
2
2
1
3
0
0
-1
-1
2
1
-1
-1
-1
-3
-3
-2
2
1
2
1
0
0
1
0
-3
-2
-2
0
0
-1
2
-1
-1
0
-1
-1
-4
-2
1
-1
1
2
1
0
0
-1
-1
0
1
1
-1
4
3
2
2
1
0
-1
-3
0
-2
-3
-2
-4
-1
0
0
-1
-1
-2
1
1
3
1
2
0
0
3
1
0
2
1
0
2
1
0
-1
-2
-3
-2
1
1
0
1
0
4
5
6
4
3
0
0
2
3
2
-1
-1
-3
-1
-1
-1
-1
0
-2
-3
-2
-1
-1
-5
-4
-2
0
-1
-1
-1
2
-1
-2
1
3
4
3
4
2
1
0
0
0
-2
-3
-3
-2
-2
-4
-4
-3
-3
0
3
4
3
1
2
1
3
3
4
0
3
2
1
0
0
0
-1
0
1
2
0
-2
-1
0
0
0
-2
0
-1
0
2
0
1
1
2
2
2
-1
0
-2
-3
-2
-2
-1
-3
-5
-2
-2
-2
-1
-1
-2
-1
-1
1
1
1
1
2
2
0
3
0
3
3
2
2
1
1
-1
-1
-3
-4
2
0
0
0
0
0
-1
2
2
-1
0
-1
2
2
-1
-1
1
1
2
1
0
1
3
0
0
1
-1
2
-1
-2
1
1
-2
-3
-4
-1
0
2
0
0
0
-1
1
-3
0
2
0
0
0
-2
0
-1
-2
-1
-3
-4
-1
-1
2
1
0
-2
-2
0
1
0
0
0
-2
1
2
1
-1
0
1
1
3
1
2
1
0
1
2
2
1
1
-1
0
-1
-2
-1
-2
-4
-5
0
0
-1
-1
1
1
0
1
1
2
1
1
1
1
3
0
2
0
1
2
1
0
0
-2
-1
1
0
1
0
0
-1
0
0
1
0
-1
-3
-2
-1
-1
0
0
0
0
1
0
2
1
0
-1
0
-1
-2
1
1
0
-1
-3
0
0
0
1
1
1
0
-2
-2
-5
-2
0
-3
-1
-2
-2
0
-1
1
-1
0
-1
-2
1
1
1
1
2
-1
-1
0
4
2
2
0
-2
1
1
3
2
1
0
1
3
2
3
3
1
0
0
-2
0
-3
0
1
2
4
3
2
0
-1
-2
-3
-3
-2
-3
-4
-4
-4
-1
-2
-2
-1
-2
-2
0
-2
1
1
-1
-1
-1
0
0
-2
-2
1
1
2
1
2
3
2
2
0
2
1
0
1
1
1
-1
-1
1
0
1
-1
0
0
-1
-1
0
0
2
2
2
1
1
3
1
1
-1
-4
-3
-2
-2
-1
0
-2
0
-2
-3
-1
-3
0
-1
0
0
2
2
1
3
1
1
0
1
0
1
0
0
1
2
0
1
1
0
1
1
1
0
0
-2
0
0
-1
0
0
0
1
1
2
2
1
0
1
0
-2
-1
-3
1
0
-2
0
-3
-1
-1
-3
-1
-1
0
0
0
-1
-2
-1
0
1
1
0
0
-1
0
2
1
0
1
-1
0
2
1
-1
0
2
1
2
1
1
3
2
1
3
2
1
1
2
1
-1
1
-1
-1
0
1
-1
-2
-3
-3
-2
-1
-3
-2
-1
0
0
1
1
0
0
0
0
-2
-2
-3
0
-1
-1
0
-2
-3
0
-1
1
1
2
1
0
1
1
1
1
1
1
-1
1
1
2
3
0
2
3
2
3
2
1
2
2
0
0
0
-2
-2
-2
-1
-1
-2
-5
-2
0
0
1
-1
0
0
0
0
1
2
2
1
2
2
3
0
-1
-3
-1
0
-2
-3
-5
-2
-5
-3
-2
0
1
1
2
1
0
0
2
2
2
2
0
1
-1
-2
0
0
-1
-2
-1
-2
0
1
0
-1
0
1
2
2
2
3
2
2
0
2
2
2
2
2
0
-2
1
1
-2
0
-2
-2
-1
-2
-1
0
-1
-3
-1
0
-2
-1
0
1
1
2
1
0
-2
-1
-1
-1
-1
-1
0
-1
0
0
0
0
0
0
0
1
-1
0
1
2
1
0
0
2
1
-2
0
0
1
3
1
2
2
1
0
-2
2
1
-1
0
0
-1
1
-2
-3
-3
-1
0
-2
-2
0
-1
-2
0
0
-1
1
2
1
0
1
-1
1
0
0
0
-1
-1
-2
-1
0
1
0
-1
0
1
1
0
0
2
2
5
3
2
0
1
0
2
5
3
1
0
0
-3
1
1
0
-2
-1
-2
-3
-4
-2
-1
-5
0
0
0
-1
-1
0
0
1
0
-1
-2
-1
0
2
1
1
0
1
2
2
0
-1
-3
-5
-2
-1
-1
1
-1
1
0
0
3
2
2
2
3
2
2
5
3
1
-1
1
-1
0
1
-1
-3
-2
1
0
-2
0
0
-1
-1
0
3
0
0
0
1
2
2
1
0
2
2
1
0
0
-2
-1
0
0
-1
0
0
-1
-1
-2
0
-1
0
-1
1
-1
-1
1
2
3
2
0
0
0
0
-1
1
3
2
2
1
2
0
-2
-3
1
0
-1
0
-2
-2
-2
1
-1
-1
-1
-2
-1
-1
-1
-2
-2
-3
-4
-1
-2
0
-1
0
-1
-1
3
3
3
2
0
1
0
2
1
4
2
3
2
2
0
1
3
2
0
2
2
0
-1
-1
-1
2
1
-1
1
2
1
-1
1
-1
2
1
1
1
0
1
-1
0
-2
-2
-2
-2
-2
-2
-3
-1
-2
-4
-4
-4
0
-2
-1
0
-2
-1
0
-1
-1
1
1
3
2
4
5
2
2
1
2
-1
-1
-1
-1
-1
0
1
3
2
0
2
0
1
2
3
1
2
2
1
0
-1
0
-3
1
0
-1
-1
-3
-3
-1
-2
-3
-1
-1
-2
0
-3
-3
-1
-1
-1
0
-3
0
0
2
1
2
3
3
2
-1
2
1
1
4
4
0
-1
-3
-2
1
1
1
1
0
1
3
2
2
4
2
-1
-2
-2
-3
-1
1
1
-1
-2
-1
2
-1
-2
1
2
2
0
1
0
-1
-1
-2
-3
-1
-1
-3
-4
-4
-4
-1
-1
-1
1
1
2
1
0
0
3
0
1
0
-1
1
2
2
5
4
2
2
4
1
-1
3
1
3
2
3
0
0
-1
-1
0
0
1
-1
-1
-1
0
-3
-4
-3
-4
-2
1
-1
0
-1
-2
0
-1
0
-1
0
-1
0
0
0
0
-1
0
-1
0
2
2
2
-1
-1
-2
-2
-1
1
0
1
1
1
0
-1
0
-2
-1
0
1
-2
0
0
0
0
0
1
-1
2
1
-1
1
0
2
3
1
1
4
2
1
1
0
1
0
3
0
2
0
-1
0
-1
-1
-1
-1
-1
-3
-1
-1
-3
-3
-2
0
-1
2
1
2
2
2
2
-1
0
-2
1
0
1
2
1
0
0
-1
-2
-1
0
0
1
0
-2
-5
-3
-3
-4
-1
-1
0
1
0
0
1
-1
1
0
-2
-2
0
-1
1
1
2
4
1
2
1
1
2
2
1
0
1
1
2
3
-1
0
0
2
-1
1
3
3
1
1
2
1
-1
0
1
1
1
0
0
-1
2
-1
-1
-1
-3
0
0
1
-1
-1
0
1
-1
-2
0
-2
-3
-2
-3
-2
-1
-1
-1
0
0
-2
-2
1
1
-1
-3
-2
-2
-1
1
2
1
0
-1
-2
0
0
1
4
2
0
1
3
2
1
-2
0
2
0
0
-2
1
2
0
-1
2
-1
0
1
4
2
1
3
0
2
2
2
-1
-4
-4
-1
1
1
0
-1
-2
-1
-4
-1
-1
1
-1
-2
0
-1
-2
0
0
0
0
-1
3
0
2
2
3
3
3
2
-1
0
-1
-2
-3
0
-1
0
-3
-3
2
1
1
-1
-1
-1
0
1
3
1
-1
1
-1
0
-1
-2
-1
-3
-1
1
1
0
-3
2
2
1
0
2
1
0
1
3
1
-1
-1
-1
0
0
-2
-3
-3
-1
0
-1
-2
-1
-2
1
1
1
-1
-1
2
1
1
2
2
0
0
-1
-2
0
0
1
2
1
2
1
0
-1
2
0
2
2
2
3
0
2
2
2
1
1
2
-1
-3
-2
-2
-2
-2
0
-3
-2
-2
0
-1
-1
-1
-1
0
-1
-3
-3
-1
-1
1
2
-2
0
0
2
3
3
5
6
3
1
2
1
4
0
-6
-5
-3
0
-5
-6
-5
-6
-3
1
-2
-8
-8
-3
1
4
7
5
2
3
-1
-2
0
4
6
6
-2
-3
4
3
5
8
12
14
7
4
7
-2
-2
9
1
-7
-5
-6
-11
-6
-12
-16
-9
-8
-3
-5
-8
-6
-5
-1
11
6
-4
1
0
5
9
2
-3
2
9
-3
-2
6
3
5
5
0
-1
1
0
10
17
18
25
8
-1
-14
-10
30
-20
35
-61
-798
-791
44
-17
-238
114
72
-115
39
202
456
567
428
432
385
250
345
478
421
293
210
95
-82
-128
-64
-133
-185
-155
-252
-341
-353
-411
-349
-204
-183
-174
-146
-133
-134
-108
15
80
144
183
31
-42
2
11
12
-4
7
-94
-215
-243
-365
-226
-110
-258
-45
13
-189
-82
-65
-21
147
132
169
159
66
72
88
96
92
113
75
32
113
34
-21
43
-20
69
147
34
98
104
-60
-20
88
108
150
176
94
-22
10
72
75
141
136
25
-17
-70
-99
-1
44
24
39
-5
-102
-102
-66
-70
1
75
-31
-98
-14
-57
-142
-49
38
-10
-15
26
-42
-129
-70
11
-1
13
114
110
-85
-105
97
62
-13
151
155
-11
-19
58
24
-50
26
71
-54
-89
-13
-25
-140
-121
36
-10
-115
-1
13
-140
-88
61
34
-58
-17
53
-49
-111
32
71
-60
-37
98
-6
-140
19
57
-98
-5
116
7
-51
27
27
-66
-10
107
58
15
32
25
-44
-93
35
58
-63
-2
23
-122
-130
0
8
-70
6
91
-47
-67
84
86
7
28
159
117
-50
90
165
-60
-7
142
44
-1
92
79
-56
-4
76
-7
54
93
8
27
-11
-9
34
-58
-11
44
-58
-41
-20
-90
-84
-55
-43
-9
5
-52
-80
-5
-36
-58
70
24
-57
5
-29
-3
38
-34
67
41
-97
56
71
-36
64
44
-42
12
-4
-13
39
1
-58
-7
-14
-72
5
9
-34
1
-32
-7
32
-24
15
2
-35
33
-14
0
46
-76
-44
23
-54
4
40
-37
-32
-22
-10
39
-8
-6
59
-41
-22
82
-4
19
35
-37
42
18
-1
79
-25
-42
41
-8
17
43
-17
0
11
-22
21
48
18
13
-19
-5
21
-24
21
33
-44
-6
-22
-55
0
-24
7
31
-53
-31
2
-25
3
40
29
-2
-7
-11
-3
22
19
-1
15
24
-29
11
33
-46
-7
39
6
3
13
-26
-30
13
19
15
42
-19
-63
12
-8
11
52
13
-23
-48
-15
11
11
26
3
0
-17
-27
23
4
-15
-2
26
3
-20
0
-21
-32
0
26
40
-27
-33
22
-50
15
50
-16
19
0
-33
10
23
-17
-17
23
25
1
8
-16
-16
-5
5
34
12
-36
-19
-17
-18
38
-4
-8
2
-28
9
7
15
-14
-14
50
-27
-14
33
-6
12
-23
19
32
-43
0
-9
13
32
-32
20
-10
-36
26
-15
26
50
-39
-1
12
-20
17
13
11
-6
-6
33
-31
-29
26
4
13
-16
-18
33
-17
-37
18
17
21
-27
-16
39
-38
-8
16
-22
44
-28
-26
57
-61
-1
17
-44
68
8
-65
10
15
-12
-17
36
43
-63
3
37
-19
-15
32
6
-13
26
-10
-12
-37
26
24
-16
14
26
-19
-111
45
74
-38
32
-28
1
5
-92
79
34
-35
29
-74
47
36
-101
46
58
-53
18
41
-46
-23
-7
28
73
-49
-43
48
-31
-25
70
20
-56
6
60
-36
-66
108
27
-128
21
100
-20
-72
35
47
-68
-6
68
-34
-31
-23
46
5
-28
71
-129
25
118
-156
25
141
-82
-97
68
91
-83
-66
92
-8
-34
37
9
-48
1
38
-8
-21
36
-15
-24
4
0
79
-84
-38
91
-69
16
37
-56
44
-36
24
1
-52
79
-39
18
3
-22
50
-76
-16
94
-10
-41
30
-16
18
-20
-20
71
-53
31
5
-47
31
1
25
-33
-3
49
-11
-19
-49
72
5
-84
24
53
10
-78
35
-22
36
25
-85
69
32
-62
-42
80
34
-126
108
8
-96
30
40
-6
-97
70
44
-116
130
-91
-102
197
-68
-27
21
39
-60
-36
107
-26
-41
30
-12
72
-119
46
114
-103
-28
10
162
-152
-138
296
-66
-167
94
13
45
-19
-107
61
79
-47
-71
21
86
-33
-158
158
98
-315
196
19
-31
-13
-78
147
-58
-66
98
-27
-59
44
-13
85
-160
102
35
-55
-37
97
-49
-78
201
-158
-27
106
-17
-4
-39
35
34
-177
218
-63
7
-42
-92
278
-206
-90
245
-82
-96
109
-84
132
-214
58
187
-108
-13
-57
55
52
-50
-75
146
-54
21
-44
62
-22
-210
352
-43
-240
162
-18
79
-122
-131
352
-263
59
198
-396
253
-22
-84
67
-84
144
-119
-48
126
-82
-16
39
-86
163
45
-312
111
139
-48
-33
-80
134
36
-198
112
75
-177
149
-23
57
-201
41
247
-288
96
17
3
68
-106
-8
30
53
25
-202
216
10
-181
159
-163
215
-84
-146
174
15
-55
-39
-42
206
-106
-133
211
-140
101
-79
30
72
-144
133
-51
-15
99
-220
161
98
-211
62
33
9
-12
-70
133
-80
-57
111
14
-101
-4
14
188
-202
-121
370
-288
114
-40
-22
115
-191
155
-6
-144
139
-26
1
-47
15
82
-122
75
15
-96
80
-75
166
-206
-22
301
-305
82
43
10
-87
68
41
-144
143
-11
-124
139
-48
-39
37
7
9
-28
24
-10
34
-82
85
-7
-126
183
-156
40
118
-216
182
-89
46
43
-211
255
-14
-164
39
142
-62
-115
76
37
-5
-114
74
76
-98
-3
33
41
-9
-66
29
112
-134
22
20
10
40
-178
143
96
-237
44
196
-137
-50
51
52
-27
-27
-23
20
90
-130
1
124
-74
-63
101
-3
-67
40
-7
-18
85
-165
95
100
-207
79
69
7
-159
143
21
-129
126
-47
1
5
-5
4
-18
21
-13
-18
51
-43
-8
56
-20
-47
56
-16
-19
35
-39
19
-41
74
-44
-34
71
-59
64
-66
36
28
-55
42
-34
52
-40
-24
43
-6
2
-49
60
-33
25
-20
-35
75
-68
32
-25
19
-31
16
-2
9
17
-79
111
-51
-10
37
-50
76
-57
1
48
-49
3
17
-22
47
-45
-11
19
25
-22
-49
69
-33
5
-18
22
-33
39
-25
-13
31
-2
-17
-11
40
-21
4
-26
61
-29
-15
24
19
-24
11
-4
7
32
-67
42
2
1
-15
-4
24
6
-27
3
45
-42
3
40
-42
18
13
-28
17
-30
14
15
-42
22
8
-20
-8
11
-16
-5
29
-54
32
0
-28
31
-10
2
-19
23
-3
3
-13
26
5
-50
58
-43
17
-5
-15
27
-11
-2
-4
12
-19
23
-3
-9
-8
62
-63
15
40
-53
34
-22
28
-25
13
-6
6
12
-12
-4
13
15
-28
18
-17
25
-21
-6
25
-30
31
5
-27
33
-19
-14
40
-40
4
9
-1
-17
-8
37
-45
1
35
-18
-21
1
13
1
1
-15
29
-7
-27
49
-40
13
-7
-6
13
-14
-2
-4
11
-10
44
-80
49
27
-54
45
-18
18
-26
25
2
-32
29
-1
-21
19
-17
-15
29
-22
2
-3
3
15
-8
-7
1
15
1
-14
19
-6
-10
6
-7
5
12
-11
-2
24
0
-13
5
20
-33
45
-50
41
8
-32
68
-111
98
-24
-44
42
-57
72
-24
-25
-6
23
6
-55
60
-69
48
-10
-43
52
-75
101
-85
12
43
-69
81
-77
11
50
-24
-8
-19
47
29
-80
-2
99
-76
17
21
-48
69
-75
63
-23
-37
69
-71
74
-88
44
37
-70
68
-30
-6
23
28
-62
40
7
37
-45
-39
107
-57
9
-41
80
-35
-19
21
-74
132
-94
-2
30
17
-80
35
35
-109
126
-85
24
34
-97
81
-42
6
26
-37
65
-84
27
40
-58
10
27
16
8
-66
51
20
-46
46
-20
11
0
16
-74
60
4
-41
34
-25
34
-13
-81
98
-24
-43
55
-101
111
-52
-46
17
54
-16
-53
47
29
-41
-18
54
-22
64
-98
54
-3
8
9
-44
49
49
-54
-43
114
-73
38
-82
84
75
-164
55
68
-37
-108
82
80
-152
70
-41
43
25
-179
179
-52
-24
6
-10
-7
46
-37
-39
47
-14
53
-67
48
-20
8
-3
19
-12
-32
-18
104
-23
-54
-24
23
105
-103
5
45
-11
-117
189
-76
-62
49
-63
216
-165
-122
207
-36
-76
91
-126
86
-19
28
-33
-43
161
-142
19
3
68
-124
63
103
-140
-30
138
-20
-190
195
32
-145
-25
166
-5
-221
173
13
-140
179
-28
-111
27
134
-105
-25
64
39
4
-204
179
0
-98
70
-22
39
-72
24
12
-49
82
-8
-98
125
-27
-2
-130
133
26
-78
169
-273
110
-86
162
-26
-45
78
-86
-78
31
117
-93
78
-49
62
-164
228
-160
-187
333
-77
28
79
-331
136
126
-39
87
-130
385
-256
-288
319
-84
-111
94
174
61
-307
-44
-90
1
206
87
-28
-286
85
-161
-134
315
-109
51
107
-279
230
-234
6
190
-39
167
-44
-170
-6
88
-130
312
-139
-138
207
94
-35
-27
41
307
-94
-123
354
-498
-16
-41
-18
253
-329
183
-1
-292
-8
-118
415
39
-499
527
-236
-43
78
-362
464
-96
-168
245
-444
-191
-374
-1793
-1484
-910
-255
7
220
255
162
451
648
1230
1679
1221
1273
1057
545
980
304
914
579
235
515
-162
-382
-332
50
-115
-203
-316
-307
-713
-904
-819
-576
-643
-440
-80
-589
-853
-403
-222
-98
303
152
192
-14
-12
-112
-281
-191
-47
8
-96
-314
-375
-541
-414
119
-23
-154
-391
33
-44
-192
219
234
62
159
139
24
224
-47
228
250
243
336
63
101
128
267
366
245
208
68
155
198
168
265
232
182
82
122
254
130
-153
163
46
273
222
-90
140
-100
78
-116
-110
-84
-138
103
148
24
-244
-57
-25
60
-214
-287
-80
-137
-51
-13
-156
-311
-297
-195
-172
-112
141
-29
-124
1
-69
-190
22
165
211
76
165
11
-300
-29
68
118
268
129
-48
-211
-411
-150
-111
118
102
-57
-6
-120
-197
-184
41
248
83
22
13
-134
-131
-109
267
185
187
193
-6
-20
19
-21
-33
1
29
74
-358
-346
-163
-126
53
208
164
-77
-204
-72
-17
163
219
74
38
-54
50
-44
-112
32
204
152
-97
-213
-53
60
58
136
115
167
38
-55
-44
23
197
178
213
190
46
-10
15
115
191
214
99
-79
-112
33
163
122
44
-20
-70
-111
-120
-41
20
7
30
-16
-55
-30
-74
-182
-190
-153
-84
-15
-84
-190
-306
-222
-158
-173
-80
-62
-96
-69
-20
-65
-194
-129
-7
64
153
115
71
32
56
78
46
72
131
130
170
117
-22
1
32
161
219
121
98
71
105
197
169
77
-3
-10
67
52
26
-41
-120
-83
-129
-133
-155
-220
-180
-181
-176
-174
-221
-232
-232
-185
-130
-78
-101
-154
-112
-110
-26
39
39
84
63
84
144
135
143
141
180
203
225
213
164
210
239
259
251
239
262
324
365
319
276
273
254
278
251
231
161
26
53
38
-7
-36
-171
-305
-374
-399
-385
-428
-432
-514
-647
-729
-751
-689
-652
-596
-569
-606
-621
-633
-633
-546
-441
-293
-200
-128
-102
-105
-14
90
258
397
502
558
552
590
619
646
742
821
906
954
975
1026
1057
1133
1165
1154
1084
1042
1082
1086
1041
894
675
558
494
480
413
155
-102
-378
-661
-1030
-1552
-2042
-2451
-2663
-2683
-2727
-2836
-2992
-3041
-2930
-2675
-2189
-1704
-1242
-749
-373
-24
331
704
1117
1516
1881
1995
1867
1731
1589
1575
1703
1747
1547
1194
877
583
396
406
430
455
612
725
706
790
976
1245
1682
2111
2334
2382
2361
2234
2061
2167
2302
2178
1739
568
-1188
-2688
-3393
-3463
-3354
-3434
-4245
-5541
-6305
-6405
-5960
-4962
-3810
-2931
-2300
-1705
-1306
-872
109
1406
2654
3650
4020
3690
3195
3037
3090
3201
3269
2881
2031
1055
103
-735
-1245
-1308
-1215
-1209
-1308
-1583
-1813
-1575
-815
234
1247
1992
2375
2524
2762
3210
3708
4122
4348
4222
3721
3008
2299
1737
1399
1117
204
-1643
-3761
-5296
-5792
-5391
-4839
-5005
-5908
-6652
-6675
-5981
-4730
-3308
-2083
-1014
-46
608
961
1438
2257
3273
4197
4557
4067
3129
2375
2021
1941
1875
1525
811
-22
-783
-1508
-2080
-2236
-1998
-1512
-1006
-778
-832
-760
-216
750
1904
2887
3362
3441
3420
3428
3577
3800
3799
3542
3153
2501
1609
859
395
142
99
-395
-2108
-4324
-5734
-5933
-5109
-3895
-3588
-4512
-5411
-5486
-4864
-3573
-1953
-773
40
771
1019
825
932
1532
2378
3294
3631
2906
1718
866
530
702
1080
1042
475
-204
-777
-1175
-1310
-1252
-1021
-574
-108
99
84
80
354
1079
1990
2623
2844
2787
2648
2611
2738
2860
2778
2471
2055
1659
1263
838
510
310
204
171
-345
-1943
-3918
-4938
-4723
-3806
-2815
-2759
-3896
-4928
-4910
-4158
-2939
-1510
-579
-152
231
381
239
466
1223
2086
2792
2912
2136
1107
586
613
986
1331
1176
557
-114
-609
-812
-794
-752
-612
-357
-233
-224
-126
63
450
1165
1855
2183
2276
2307
2362
2577
2890
3018
2841
2424
1938
1587
1355
1105
842
607
439
309
-285
-1888
-3863
-4983
-4813
-3799
-2774
-2733
-3882
-5058
-5218
-4383
-2966
-1439
-397
66
278
264
134
414
1267
2251
2938
2929
2058
937
385
494
928
1299
1159
499
-222
-734
-930
-752
-486
-335
-175
-83
-197
-170
212
757
1411
2025
2205
2072
2089
2262
2466
2730
2842
2591
2145
1694
1350
1226
1169
932
579
270
138
6
-972
-3017
-4760
-4996
-4094
-2944
-2382
-3222
-4826
-5416
-4542
-3129
-1711
-600
-138
47
335
404
381
915
1830
2539
2805
2328
1167
279
248
669
1056
1111
576
-258
-787
-874
-700
-436
-291
-245
-126
-24
-1
199
696
1312
1915
2294
2301
2160
2170
2354
2633
2860
2824
2475
1882
1264
955
973
953
788
500
71
-201
-389
-1440
-3381
-4750
-4737
-3824
-2700
-2290
-3381
-4924
-5252
-4259
-2692
-1073
-23
188
115
89
68
379
1210
2101
2615
2509
1652
505
-63
157
712
1106
943
186
-634
-997
-881
-433
85
244
0
-199
-176
34
542
1308
1986
2346
2338
1986
1691
1833
2297
2722
2865
2534
1829
1173
875
910
1087
1170
949
459
8
-81
-129
-1055
-2933
-4519
-4701
-3761
-2742
-2543
-3467
-4781
-5174
-4142
-2492
-1164
-397
-46
62
160
353
593
1014
1726
2314
2271
1601
676
27
64
585
902
687
121
-487
-806
-676
-255
189
433
295
5
-21
259
769
1469
2084
2281
2141
1883
1706
1872
2311
2629
2564
2177
1620
1094
751
690
790
881
897
669
110
-202
10
-619
-2678
-4428
-4582
-3839
-2857
-2153
-2958
-4807
-5486
-4455
-2905
-1392
-257
-32
-225
-109
60
277
1026
1977
2450
2345
1698
609
-112
105
733
1031
894
361
-449
-908
-680
-175
217
548
604
232
-9
177
663
1390
2158
2455
2188
1813
1528
1545
1980
2427
2412
2045
1507
964
663
711
939
1026
992
733
412
110
229
307
-993
-3270
-4791
-4554
-3524
-2494
-2357
-3684
-5225
-5352
-4026
-2415
-1021
-227
-33
3
90
120
373
1172
2091
2547
2258
1328
233
-215
168
722
872
588
-29
-678
-874
-576
-93
350
544
264
-80
32
595
1395
2167
2500
2267
1914
1772
1955
2349
2655
2566
2139
1593
1142
915
860
980
1076
927
586
242
-107
-90
408
-90
-2344
-4627
-5201
-4397
-3059
-2042
-2620
-4505
-5594
-4865
-3187
-1400
-86
270
23
-55
96
292
787
1547
2058
2026
1468
483
-353
-342
304
799
818
398
-313
-737
-462
162
682
1013
1000
671
515
752
1175
1736
2328
2514
2187
1757
1538
1600
1961
2306
2192
1630
1050
687
572
684
860
865
681
526
361
144
204
490
-303
-2585
-4684
-5090
-4134
-2839
-2139
-3120
-5069
-5919
-4927
-3119
-1365
-176
25
-197
-148
172
501
1098
1882
2369
2274
1573
532
-211
-64
613
1031
852
269
-421
-704
-302
329
758
1011
1087
797
543
682
1152
1857
2485
2604
2123
1579
1331
1507
1977
2255
2032
1394
726
327
355
635
915
981
734
422
211
235
638
992
-126
-2766
-4962
-5320
-4128
-2586
-1989
-3430
-5516
-6190
-5041
-3118
-1290
-124
-9
-151
-139
81
444
1246
2125
2607
2458
1621
509
-126
141
832
1303
1143
418
-476
-807
-454
278
833
1080
710
86
26
725
1659
2246
2484
2086
1637
1563
1874
2113
2307
2263
1754
1143
758
599
612
762
847
763
578
398
24
-20
313
933
11
-2518
-5015
-5699
-4517
-2903
-1844
-3075
-5203
-6306
-5134
-3115
-1216
114
225
-20
-117
288
575
1259
2123
2572
2384
1562
450
-343
-120
696
1184
1004
274
-616
-957
-483
447
1058
1306
861
184
86
814
1826
2393
2593
2146
1691
1446
1602
1871
2192
2339
1916
1271
568
290
485
1016
1258
1060
648
222
-212
-157
462
1054
33
-2711
-5261
-5877
-4477
-2820
-1945
-3094
-5101
-6122
-5063
-3060
-1271
96
471
338
125
272
426
1053
2124
2817
2537
1541
283
-555
-403
498
1088
918
307
-516
-840
-502
355
994
1379
1318
657
192
452
1394
2153
2562
2404
1716
1119
1051
1513
1959
2215
2004
1295
619
312
481
805
1207
1304
832
333
14
168
623
1395
792
-1901
-4795
-5762
-4603
-3125
-2105
-2936
-5019
-6404
-5649
-3655
-1758
-218
237
73
-56
284
599
1135
1946
2471
2417
1789
727
-229
-319
301
858
894
463
-292
-724
-467
309
975
1334
1191
598
232
551
1416
2157
2581
2411
1872
1425
1364
1680
2048
2257
1942
1380
760
349
347
596
871
823
681
378
126
-22
269
1116
1216
-638
-3780
-5640
-5388
-3778
-2216
-2071
-3817
-5930
-6319
-4914
-2663
-641
461
380
-82
-243
-10
611
1598
2551
2855
2321
1153
-25
-440
111
986
1414
1098
236
-656
-867
-272
690
1332
1354
729
58
108
946
1882
2384
2421
2046
1552
1307
1482
1848
2190
2190
1733
994
416
188
467
920
1141
928
559
190
-128
170
937
1393
9
-2773
-5230
-5583
-4154
-2629
-2112
-3245
-5145
-6344
-5366
-3157
-1175
-12
343
63
-376
-185
433
1274
2199
2772
2418
1317
276
-238
-3
779
1385
1274
467
-358
-758
-413
498
1295
1336
650
128
179
801
1602
2227
2315
1953
1618
1393
1429
1761
2194
2228
1817
1224
674
437
582
887
1060
957
588
162
6
230
776
1230
338
-2270
-4894
-5502
-4287
-2715
-1983
-2872
-4963
-6434
-5770
-3678
-1592
-297
49
-267
-588
-373
260
1130
2055
2692
2641
1866
813
83
110
751
1379
1460
860
-59
-714
-617
175
1017
1321
926
274
-82
234
1079
1916
2275
2050
1582
1196
1134
1408
1869
2160
2008
1454
788
365
382
758
1129
1163
852
489
229
140
452
1205
1473
89
-2599
-4795
-5180
-3983
-2432
-1927
-3166
-5250
-6358
-5652
-3738
-1730
-388
-46
-338
-565
-337
294
1190
2180
2818
2769
2045
1077
402
382
905
1470
1591
1036
54
-726
-782
-192
552
954
688
-11
-391
21
928
1692
2054
2001
1692
1426
1473
1778
2050
2185
2151
1843
1262
729
499
532
712
887
826
486
73
-147
155
894
855
-1068
-3838
-5269
-4677
-3144
-1924
-2033
-3743
-5728
-6084
-4542
-2422
-840
-172
-348
-789
-729
-76
725
1467
2142
2505
2357
1802
1086
532
543
1153
1779
1791
1079
29
-703
-623
120
852
995
478
-236
-480
-9
803
1479
1853
1911
1694
1403
1298
1475
1846
2230
2358
1985
1223
574
379
554
880
1126
1001
461
-84
-240
106
756
844
-616
-3113
-4745
-4577
-3455
-2414
-2136
-3175
-4999
-5846
-4890
-3213
-1867
-929
-474
-610
-709
-211
477
962
1567
2350
2686
2317
1654
1062
744
956
1583
1930
1490
545
-216
-457
-277
127
475
401
-100
-481
-325
214
819
1388
1772
1796
1634
1602
1740
1927
2150
2321
2208
1786
1321
982
742
661
776
879
771
473
135
64
446
579
-619
-2819
-4375
-4464
-3687
-2730
-2186
-2915
-4662
-5679
-5021
-3620
-2356
-1204
-473
-535
-776
-450
99
503
1142
2082
2672
2538
2007
1398
933
958
1570
2147
2007
1212
313
-306
-501
-221
235
283
-161
-512
-410
-71
316
825
1327
1569
1610
1724
1892
1957
2035
2245
2373
2213
1899
1542
1090
688
615
781
825
598
215
-56
41
105
-845
-2801
-4289
-4320
-3524
-2735
-2284
-2739
-4228
-5406
-4971
-3487
-2152
-1218
-645
-674
-981
-775
-64
540
974
1570
2163
2293
1958
1510
1176
1069
1354
1905
2155
1687
780
53
-204
-70
226
342
33
-414
-452
-33
416
673
873
1070
1241
1501
1872
2080
1989
1849
1860
1912
1860
1687
1369
971
698
647
689
655
420
50
-119
-24
-307
-1466
-2921
-3731
-3685
-3178
-2573
-2361
-2980
-4066
-4609
-4124
-3113
-2200
-1531
-1131
-1061
-1064
-710
-94
342
617
1094
1723
2101
2135
1992
1741
1514
1637
2080
2287
1930
1299
763
402
244
231
85
-298
-561
-396
-22
200
248
296
402
632
1055
1518
1732
1662
1566
1600
1657
1617
1493
1294
994
703
627
727
691
366
-15
-144
-41
-68
-618
-1681
-2740
-3217
-3037
-2501
-2037
-2068
-2683
-3400
-3585
-3154
-2478
-1864
-1411
-1178
-1109
-979
-686
-375
-129
219
774
1371
1787
1932
1836
1626
1524
1655
1890
1964
1765
1390
972
593
293
58
-154
-315
-314
-157
30
120
117
118
226
485
849
1175
1327
1308
1243
1243
1281
1279
1216
1133
1052
982
915
760
473
174
41
69
155
112
-309
-1171
-2055
-2461
-2366
-2061
-1801
-1766
-2106
-2650
-2925
-2732
-2340
-2017
-1750
-1495
-1327
-1183
-926
-616
-381
-140
285
838
1295
1562
1677
1656
1563
1538
1631
1691
1567
1304
1042
808
549
273
38
-168
-293
-201
89
325
336
234
193
283
523
856
1102
1151
1092
1050
1030
1016
1021
1008
918
784
684
614
507
356
178
-5
-104
-41
-11
-325
-971
-1590
-1914
-1962
-1805
-1531
-1405
-1634
-2036
-2278
-2302
-2226
-2035
-1711
-1405
-1235
-1066
-817
-610
-507
-326
90
613
1050
1341
1468
1400
1216
1128
1207
1298
1252
1103
920
683
418
230
141
65
13
103
328
496
501
436
410
443
546
741
940
1000
939
889
879
829
763
754
779
735
647
569
446
229
43
-3
30
71
112
-4
-474
-1139
-1577
-1629
-1488
-1319
-1229
-1361
-1742
-2072
-2085
-1905
-1749
-1600
-1382
-1193
-1099
-955
-684
-447
-322
-147
170
496
694
810
877
843
765
802
943
1014
936
803
688
549
390
300
302
332
376
481
582
565
453
397
465
593
721
819
838
767
690
709
788
820
781
704
595
482
426
437
423
321
186
86
56
81
95
-54
-441
-921
-1258
-1358
-1285
-1125
-1024
-1110
-1350
-1557
-1608
-1559
-1481
-1372
-1239
-1121
-1014
-893
-771
-705
-663
-534
-285
-1
230
391
485
510
513
579
697
775
768
738
723
676
582
502
469
459
489
597
716
732
637
544
517
542
608
701
770
743
667
630
649
673
681
678
629
523
420
380
373
339
299
267
214
117
1
-149
-378
-640
-824
-896
-920
-936
-961
-1027
-1150
-1278
-1353
-1393
-1446
-1481
-1434
-1312
-1195
-1126
-1101
-1094
-1050
-885
-566
-205
71
227
319
389
468
600
765
883
894
830
750
678
655
698
747
732
648
566
530
531
547
559
531
479
475
560
658
693
679
652
625
609
640
702
725
700
676
644
541
399
312
307
323
314
241
29
-338
-699
-869
-850
-786
-786
-894
-1118
-1382
-1535
-1517
-1437
-1435
-1501
-1544
-1515
-1411
-1239
-1057
-947
-893
-781
-537
-222
64
273
395
444
472
542
655
746
770
733
666
580
491
443
459
503
540
563
547
482
407
399
489
617
720
768
748
688
671
754
886
962
946
872
770
672
639
675
668
558
416
312
246
197
156
59
-206
-598
-915
-1032
-1017
-957
-908
-963
-1189
-1476
-1615
-1574
-1474
-1382
-1289
-1236
-1266
-1291
-1201
-1030
-875
-703
-463
-224
-67
51
200
344
451
555
669
709
639
553
529
542
543
540
540
506
459
453
501
534
508
471
479
535
618
717
794
813
778
759
805
885
939
943
907
836
755
700
671
612
489
344
233
141
13
-173
-410
-666
-882
-982
-986
-988
-1054
-1158
-1253
-1331
-1373
-1373
-1359
-1363
-1363
-1302
-1199
-1112
-1050
-971
-862
-712
-496
-232
-7
110
162
245
378
522
640
685
621
487
386
384
431
453
448
432
406
389
418
480
535
576
638
731
819
884
936
983
1014
1038
1063
1058
992
892
819
773
729
662
547
371
169
39
0
-18
-79
-220
-465
-765
-994
-1070
-1031
-981
-982
-1054
-1185
-1314
-1360
-1321
-1273
-1249
-1221
-1168
-1108
-1029
-933
-843
-772
-664
-471
-233
-32
103
200
269
326
395
467
485
438
372
354
368
378
395
420
442
455
489
545
598
648
720
805
863
883
896
925
960
995
1011
989
918
830
760
712
654
566
459
350
257
175
107
45
-19
-83
-168
-302
-502
-714
-862
-910
-877
-839
-877
-1025
-1220
-1360
-1393
-1336
-1253
-1197
-1184
-1183
-1153
-1078
-972
-844
-690
-500
-294
-119
1
62
98
161
259
356
397
365
309
290
341
441
531
570
561
553
589
667
751
809
841
879
932
987
1004
969
898
830
812
831
850
825
748
638
538
459
404
357
303
249
210
182
120
0
-171
-363
-536
-654
-714
-755
-817
-914
-1028
-1140
-1234
-1290
-1317
-1331
-1335
-1312
-1251
-1163
-1071
-990
-912
-822
-696
-521
-322
-146
-29
44
103
181
279
380
438
438
412
414
463
529
577
583
564
559
596
668
737
760
747
723
717
739
774
803
826
821
793
757
714
682
667
667
657
602
507
385
267
179
143
148
150
98
-48
-300
-598
-833
-923
-875
-784
-768
-890
-1113
-1334
-1441
-1406
-1299
-1197
-1146
-1124
-1096
-1047
-974
-894
-805
-678
-493
-278
-92
22
73
124
223
371
521
607
600
554
540
582
641
667
647
598
570
591
633
647
624
595
597
648
719
769
765
727
705
717
739
731
684
612
556
545
567
560
481
339
198
118
110
127
79
-94
-369
-653
-841
-899
-878
-866
-936
-1090
-1260
-1364
-1390
-1370
-1348
-1342
-1314
-1240
-1133
-1031
-964
-917
-823
-634
-359
-84
94
164
189
256
394
566
687
698
622
550
546
601
654
666
639
595
570
570
568
546
526
556
644
751
803
780
721
671
668
712
756
747
660
545
478
466
475
475
453
376
262
167
120
90
6
-158
-393
-653
-861
-955
-960
-978
-1069
-1223
-1379
-1479
-1485
-1418
-1352
-1326
-1322
-1280
-1183
-1049
-901
-740
-561
-345
-106
118
273
355
415
517
652
758
783
704
586
506
514
576
604
561
482
429
441
506
578
604
596
600
650
726
780
768
710
641
605
633
684
700
655
579
515
483
461
425
360
288
245
225
178
37
-216
-522
-773
-896
-917
-922
-995
-1156
-1357
-1517
-1586
-1578
-1534
-1484
-1423
-1346
-1247
-1136
-1036
-934
-801
-596
-312
-2
256
409
468
490
547
654
769
818
760
634
520
479
503
547
560
531
497
503
555
624
668
664
648
650
678
714
724
715
700
706
741
778
780
740
691
666
656
635
571
467
360
291
251
177
-8
-327
-720
-1043
-1179
-1151
-1085
-1111
-1284
-1557
-1792
-1859
-1750
-1549
-1386
-1312
-1296
-1278
-1219
-1087
-888
-661
-421
-171
76
282
414
503
598
708
816
897
925
859
718
574
498
483
495
513
529
521
482
452
457
475
472
481
533
596
632
655
684
697
706
751
844
903
865
803
775
762
719
643
548
426
302
232
172
-46
-471
-933
-1240
-1335
-1283
-1177
-1171
-1387
-1727
-1958
-1959
-1820
-1663
-1516
-1388
-1302
-1225
-1095
-922
-765
-591
-307
70
408
601
655
643
652
760
983
1194
1237
1082
839
634
528
517
560
584
530
420
301
204
146
144
223
366
519
622
641
626
657
776
947
1095
1150
1083
953
854
831
813
719
562
415
323
273
199
-18
-455
-1002
-1411
-1528
-1424
-1278
-1266
-1479
-1845
-2157
-2240
-2104
-1878
-1666
-1499
-1379
-1281
-1162
-1009
-820
-568
-224
172
505
689
731
724
782
949
1167
1321
1336
1224
1063
920
794
655
493
351
290
306
347
341
264
155
97
156
306
467
574
618
641
682
756
855
956
1032
1063
1039
975
873
745
621
522
448
395
354
279
49
-406
-961
-1402
-1592
-1552
-1415
-1361
-1553
-1966
-2360
-2485
-2322
-2030
-1734
-1501
-1361
-1297
-1220
-1035
-769
-480
-148
258
642
849
866
825
842
944
1125
1323
1396
1250
964
729
601
488
353
254
231
252
285
315
303
241
222
388
706
971
1042
987
935
942
1012
1152
1286
1271
1102
932
855
787
651
531
491
460
381
316
231
-84
-714
-1377
-1765
-1844
-1746
-1568
-1502
-1807
-2391
-2805
-2741
-2368
-1964
-1627
-1402
-1356
-1404
-1311
-1002
-652
-357
-10
428
758
825
737
680
727
884
1149
1391
1373
1056
699
528
510
485
405
321
269
261
301
370
393
374
417
625
926
1124
1141
1095
1110
1170
1250
1366
1484
1463
1282
1098
1020
956
793
622
555
491
345
226
140
-232
-1035
-1830
-2128
-2016
-1840
-1718
-1746
-2150
-2823
-3177
-2883
-2290
-1834
-1548
-1334
-1289
-1384
-1283
-835
-313
50
375
733
909
793
628
670
860
1058
1237
1311
1103
664
337
315
410
388
265
171
135
136
202
326
436
502
641
897
1136
1227
1246
1349
1520
1618
1606
1572
1529
1425
1307
1282
1290
1118
768
509
456
439
382
314
-32
-965
-2088
-2612
-2398
-1965
-1703
-1766
-2309
-3169
-3678
-3345
-2498
-1781
-1447
-1338
-1349
-1422
-1316
-869
-284
154
474
788
952
808
547
479
705
1058
1323
1341
1041
555
183
155
383
547
416
101
-105
-55
163
428
660
776
809
922
1189
1467
1590
1598
1646
1748
1786
1736
1657
1524
1305
1128
1107
1084
846
524
368
337
294
273
146
-529
-1715
-2589
-2602
-2167
-1854
-1800
-2119
-2890
-3600
-3520
-2729
-1974
-1602
-1423
-1343
-1422
-1430
-1071
-503
-65
242
603
878
808
520
398
594
922
1198
1294
1065
534
52
-17
242
445
370
128
-30
31
268
558
793
913
979
1120
1365
1586
1678
1701
1762
1860
1890
1810
1703
1606
1444
1268
1226
1244
1067
691
411
373
431
455
256
-536
-1865
-2859
-2786
-2086
-1679
-1842
-2376
-3123
-3714
-3537
-2603
-1719
-1433
-1474
-1454
-1450
-1472
-1201
-581
-16
252
407
515
347
-24
-97
337
858
1037
902
606
185
-147
-55
368
635
528
279
143
185
426
860
1298
1498
1475
1465
1582
1689
1711
1747
1856
1927
1865
1703
1509
1323
1181
1172
1280
1273
982
604
429
454
550
698
636
-152
-1566
-2614
-2583
-1933
-1489
-1560
-2154
-3135
-3904
-3733
-2756
-1875
-1606
-1658
-1712
-1812
-1848
-1477
-757
-159
124
280
326
86
-255
-224
254
739
904
768
402
-70
-285
18
544
783
651
415
244
234
533
1082
1521
1636
1602
1619
1652
1667
1782
2015
2168
2088
1856
1641
1510
1433
1389
1361
1314
1153
859
597
528
573
582
612
568
-91
-1465
-2571
-2531
-1865
-1522
-1680
-2196
-3103
-3945
-3866
-2901
-1995
-1706
-1745
-1794
-1876
-1886
-1522
-827
-224
73
209
216
-26
-328
-237
298
804
917
671
270
-105
-231
52
528
775
637
347
189
253
565
1093
1591
1757
1627
1527
1569
1672
1865
2157
2290
2078
1731
1480
1361
1384
1519
1597
1486
1236
918
631
545
673
825
901
739
-89
-1537
-2636
-2604
-1883
-1377
-1475
-2181
-3265
-4047
-3827
-2793
-1846
-1559
-1729
-1981
-2164
-2148
-1713
-938
-258
70
138
8
-319
-559
-329
324
890
998
682
173
-253
-280
173
709
872
681
407
214
242
624
1225
1681
1810
1729
1596
1491
1554
1874
2252
2343
2074
1656
1311
1195
1366
1625
1629
1352
1058
854
718
745
913
996
945
801
177
-1159
-2392
-2539
-1850
-1336
-1432
-2101
-3180
-4063
-3947
-2929
-1981
-1704
-1904
-2197
-2363
-2226
-1703
-969
-361
-82
-95
-259
-464
-531
-237
370
860
863
483
74
-142
-71
309
741
846
591
309
236
366
712
1243
1699
1809
1631
1460
1464
1659
2007
2347
2404
2077
1602
1303
1321
1562
1754
1650
1320
1001
774
645
725
947
999
857
712
205
-1045
-2297
-2421
-1624
-1128
-1425
-2179
-3105
-3883
-3851
-2881
-1893
-1697
-2044
-2283
-2303
-2214
-1838
-1086
-365
-83
-137
-280
-468
-563
-254
400
870
793
372
-36
-231
-110
314
754
860
651
409
303
380
711
1268
1760
1887
1679
1443
1416
1623
1937
2164
2143
1835
1418
1133
1099
1282
1503
1540
1290
935
693
617
717
961
1105
953
684
431
-186
-1270
-2040
-1894
-1388
-1351
-1819
-2507
-3274
-3744
-3414
-2532
-1931
-1947
-2186
-2293
-2276
-2051
-1467
-716
-261
-220
-331
-417
-452
-300
145
616
741
518
255
108
83
230
535
762
709
504
376
404
589
988
1494
1805
1767
1584
1531
1640
1813
2015
2166
2065
1698
1327
1194
1269
1413
1494
1370
1055
773
666
684
795
925
875
661
553
368
-463
-1702
-2252
-1788
-1265
-1437
-2076
-2828
-3533
-3750
-3106
-2174
-1863
-2128
-2302
-2240
-2206
-1978
-1282
-532
-247
-299
-369
-475
-539
-238
362
743
655
362
122
-20
13
323
732
849
615
377
366
508
784
1277
1759
1876
1678
1532
1585
1736
1944
2153
2173
1893
1499
1245
1216
1373
1566
1552
1254
897
731
730
798
948
1052
898
613
443
90
-818
-1778
-1979
-1567
-1366
-1695
-2332
-3049
-3544
-3405
-2694
-2082
-2030
-2278
-2386
-2290
-2106
-1727
-1111
-561
-365
-427
-516
-560
-453
-67
433
645
470
183
30
23
171
452
692
704
567
483
514
657
954
1369
1709
1795
1663
1542
1579
1752
1934
2019
1949
1710
1448
1332
1349
1385
1409
1394
1238
983
814
774
754
781
877
866
655
426
74
-727
-1628
-1827
-1384
-1254
-1754
-2388
-2905
-3315
-3303
-2727
-2212
-2210
-2372
-2310
-2178
-2050
-1650
-1007
-534
-423
-506
-616
-645
-440
-14
348
425
290
122
30
96
334
589
723
737
682
596
568
734
1059
1353
1522
1603
1604
1560
1589
1717
1846
1909
1916
1821
1601
1373
1281
1335
1407
1341
1090
825
718
752
806
859
883
767
611
553
229
-717
-1672
-1798
-1400
-1355
-1744
-2252
-2897
-3402
-3226
-2587
-2220
-2173
-2129
-2176
-2314
-2200
-1718
-1108
-583
-334
-458
-702
-737
-513
-91
362
554
395
148
32
48
220
531
770
787
691
582
535
696
1088
1464
1592
1563
1558
1598
1643
1766
1937
1973
1832
1679
1572
1406
1281
1331
1421
1318
1063
829
683
654
738
872
897
699
449
439
373
-368
-1432
-1776
-1401
-1272
-1638
-2067
-2595
-3196
-3283
-2735
-2282
-2283
-2335
-2232
-2141
-2095
-1858
-1315
-720
-431
-498
-646
-698
-561
-161
291
440
284
125
74
94
240
501
693
706
603
515
542
686
889
1192
1550
1691
1563
1490
1629
1802
1940
2072
2061
1831
1571
1434
1373
1350
1388
1402
1241
925
666
632
739
819
837
747
482
277
286
-42
-997
-1694
-1455
-1107
-1475
-2072
-2455
-2857
-3100
-2721
-2186
-2166
-2350
-2274
-2185
-2243
-2029
-1449
-934
-748
-743
-766
-761
-598
-213
187
306
156
16
46
131
228
426
642
680
587
561
592
634
821
1182
1468
1548
1578
1646
1699
1771
1914
2042
2023
1880
1717
1568
1454
1416
1404
1282
1043
840
778
763
694
640
706
731
543
359
431
349
-451
-1478
-1737
-1328
-1231
-1640
-2067
-2529
-3089
-3181
-2610
-2164
-2241
-2306
-2141
-2121
-2186
-1905
-1332
-855
-616
-570
-678
-746
-549
-98
312
413
286
242
317
308
298
518
781
801
708
657
600
641
938
1328
1577
1657
1608
1532
1613
1811
1957
2041
2048
1854
1528
1329
1269
1237
1238
1200
980
648
438
431
528
618
637
553
400
299
270
-10
-758
-1495
-1575
-1206
-1185
-1683
-2240
-2622
-2820
-2711
-2354
-2188
-2313
-2326
-2113
-2028
-2073
-1796
-1189
-762
-691
-710
-665
-581
-344
67
359
362
300
363
390
298
319
565
779
772
670
614
598
705
1022
1424
1682
1726
1663
1638
1717
1838
1952
2044
2033
1829
1538
1322
1192
1128
1138
1107
894
595
427
448
535
614
633
512
311
252
278
-87
-917
-1519
-1427
-1212
-1454
-1881
-2220
-2653
-3036
-2889
-2434
-2251
-2285
-2180
-2099
-2218
-2172
-1706
-1092
-709
-595
-600
-621
-549
-268
155
440
458
404
409
355
288
428
696
820
777
720
676
649
766
1101
1563
1885
1866
1630
1539
1682
1860
1992
2065
1958
1657
1366
1179
1052
1031
1100
1064
789
407
192
262
481
607
603
504
301
147
165
-28
-722
-1326
-1269
-1085
-1427
-1946
-2215
-2464
-2724
-2649
-2381
-2371
-2463
-2303
-2108
-2119
-2048
-1640
-1153
-908
-838
-726
-592
-481
-241
139
365
350
364
473
467
395
498
697
760
741
775
795
795
925
1223
1541
1744
1771
1681
1645
1725
1828
1900
1944
1850
1598
1373
1242
1114
1018
1025
970
722
449
355
409
485
517
491
398
269
210
223
10
-621
-1229
-1310
-1146
-1351
-1814
-2105
-2340
-2667
-2779
-2578
-2458
-2496
-2361
-2141
-2122
-2104
-1768
-1304
-1007
-819
-673
-615
-530
-260
56
210
280
384
459
457
470
540
634
739
829
869
866
871
926
1144
1516
1748
1674
1557
1625
1729
1785
1898
1992
1885
1674
1528
1360
1165
1101
1112
1001
775
551
383
325
406
469
432
375
300
205
187
90
-425
-1078
-1248
-1112
-1318
-1737
-1959
-2210
-2600
-2697
-2489
-2462
-2498
-2230
-1986
-2103
-2163
-1854
-1493
-1245
-942
-696
-675
-646
-394
-91
97
249
388
450
451
446
498
635
792
876
897
863
764
756
1017
1382
1547
1522
1522
1588
1637
1701
1796
1838
1797
1704
1551
1343
1180
1136
1135
1063
896
697
553
497
488
457
411
394
373
290
184
44
-312
-854
-1175
-1135
-1156
-1500
-1869
-2086
-2332
-2563
-2544
-2399
-2368
-2315
-2138
-2080
-2148
-1984
-1542
-1186
-1020
-857
-699
-590
-396
-111
39
82
248
465
494
418
450
564
667
786
873
847
796
880
1097
1321
1467
1504
1483
1506
1589
1663
1698
1744
1769
1675
1476
1282
1166
1138
1148
1108
948
706
504
444
518
589
535
407
299
194
88
5
-181
-593
-999
-1138
-1171
-1390
-1703
-1924
-2157
-2392
-2431
-2308
-2276
-2293
-2155
-1998
-1989
-1931
-1662
-1363
-1167
-967
-760
-626
-495
-296
-129
-27
133
347
475
491
487
522
615
764
891
897
835
849
966
1121
1279
1416
1478
1484
1514
1585
1639
1670
1702
1682
1559
1394
1264
1179
1106
1051
984
850
665
508
431
409
382
303
196
93
-13
-121
-252
-481
-795
-993
-1013
-1096
-1370
-1618
-1737
-1867
-2006
-2026
-2008
-2051
-2002
-1830
-1773
-1844
-1770
-1505
-1259
-1086
-912
-770
-669
-521
-311
-134
3
169
314
353
349
393
489
602
695
707
656
657
777
950
1071
1152
1229
1286
1318
1367
1448
1523
1576
1599
1557
1425
1300
1268
1276
1222
1118
1004
861
704
603
563
496
400
320
233
95
-54
-164
-321
-549
-729
-825
-940
-1118
-1275
-1399
-1549
-1685
-1733
-1722
-1727
-1721
-1680
-1669
-1698
-1672
-1550
-1391
-1251
-1122
-1000
-912
-810
-657
-484
-330
-192
-62
32
106
199
313
412
481
544
611
677
755
844
917
968
1024
1077
1121
1163
1226
1296
1335
1339
1324
1297
1268
1257
1249
1212
1138
1055
983
900
805
717
649
575
497
420
321
204
102
18
-92
-231
-385
-525
-657
-786
-907
-1036
-1182
-1313
-1390
-1441
-1487
-1514
-1528
-1549
-1561
-1540
-1493
-1440
-1372
-1282
-1194
-1121
-1033
-920
-799
-670
-529
-400
-301
-208
-107
-5
92
193
291
375
460
553
647
735
829
912
989
1063
1138
1214
1280
1329
1357
1365
1363
1369
1374
1369
1350
1309
1255
1179
1100
1037
986
939
864
758
633
500
386
294
190
55
-109
-284
-458
-611
-733
-839
-949
-1082
-1230
-1370
-1477
-1534
-1551
-1557
-1587
-1628
-1658
-1658
-1620
-1551
-1453
-1350
-1255
-1167
-1078
-980
-858
-728
-598
-477
-371
-258
-143
-21
95
197
288
389
504
627
745
846
929
1002
1076
1161
1256
1349
1418
1456
1467
1466
1477
1500
1514
1504
1464
1396
1320
1249
1194
1143
1073
980
855
717
588
469
362
240
83
-96
-281
-447
-586
-708
-839
-991
-1157
-1312
-1430
-1512
-1556
-1592
-1644
-1704
-1757
-1781
-1761
-1698
-1613
-1532
-1466
-1406
-1335
-1231
-1097
-943
-788
-653
-536
-431
-319
-194
-54
87
223
343
454
565
679
798
918
1026
1125
1211
1294
1374
1439
1488
1514
1522
1521
1521
1523
1518
1493
1444
1375
1308
1253
1210
1158
1083
976
847
718
606
512
413
286
116
-84
-284
-454
-589
-708
-843
-1009
-1199
-1376
-1506
-1574
-1604
-1631
-1670
-1728
-1780
-1797
-1766
-1694
-1612
-1534
-1473
-1415
-1346
-1250
-1126
-984
-838
-699
-572
-453
-331
-204
-71
70
211
347
473
583
682
775
874
984
1105
1221
1315
1383
1428
1465
1506
1550
1601
1635
1640
1615
1564
1500
1440
1390
1344
1287
1205
1092
955
808
675
560
462
351
217
46
-155
-353
-515
-638
-743
-856
-998
-1167
-1341
-1473
-1551
-1586
-1600
-1630
-1679
-1734
-1772
-1769
-1718
-1635
-1543
-1465
-1399
-1335
-1256
-1146
-1008
-857
-710
-573
-451
-331
-207
-76
65
209
350
478
593
700
799
897
1001
1106
1208
1294
1360
1409
1444
1474
1506
1537
1559
1563
1545
1504
1456
1407
1364
1319
1262
1191
1098
986
868
748
635
521
399
256
94
-87
-264
-425
-570
-703
-836
-980
-1134
-1282
-1408
-1503
-1566
-1610
-1645
-1681
-1714
-1739
-1743
-1718
-1663
-1587
-1507
-1425
-1348
-1269
-1179
-1071
-945
-809
-662
-523
-395
-275
-160
-34
110
266
419
555
674
777
879
987
1105
1222
1324
1403
1459
1503
1538
1576
1612
1634
1637
1618
1575
1518
1459
1407
1355
1294
1212
1102
975
844
721
609
505
391
254
86
-97
-273
-429
-551
-659
-779
-923
-1090
-1255
-1389
-1479
-1530
-1563
-1602
-1658
-1719
-1764
-1773
-1733
-1660
-1578
-1501
-1437
-1378
-1307
-1205
-1082
-937
-788
-650
-527
-415
-306
-188
-51
95
250
395
517
622
715
809
920
1046
1170
1272
1343
1382
1408
1442
1495
1552
1597
1605
1575
1522
1465
1424
1395
1365
1312
1229
1115
985
857
747
646
545
429
286
122
-49
-215
-360
-487
-605
-728
-867
-1014
-1162
-1295
-1393
-1461
-1512
-1555
-1598
-1645
-1683
-1699
-1680
-1634
-1565
-1492
-1418
-1348
-1271
-1179
-1067
-937
-797
-657
-525
-407
-296
-178
-52
91
235
369
481
578
669
764
867
980
1083
1170
1234
1283
1326
1369
1416
1463
1503
1519
1516
1487
1450
1413
1376
1338
1291
1223
1129
1016
889
767
654
545
433
310
161
-2
-171
-328
-465
-584
-696
-816
-951
-1096
-1232
-1339
-1415
-1464
-1497
-1535
-1580
-1622
-1647
-1642
-1603
-1539
-1462
-1388
-1325
-1261
-1186
-1087
-965
-829
-699
-576
-467
-364
-261
-141
-7
131
267
380
481
577
674
781
898
1012
1111
1196
1260
1311
1369
1432
1491
1540
1567
1566
1548
1519
1487
1451
1407
1349
1271
1178
1073
958
840
718
595
468
334
191
42
-106
-256
-398
-532
-664
-797
-929
-1056
-1177
-1284
-1375
-1441
-1502
-1551
-1596
-1635
-1656
-1656
-1629
-1583
-1526
-1462
-1396
-1324
-1239
-1133
-1013
-882
-753
-629
-512
-398
-277
-149
-11
125
255
371
479
582
691
807
920
1033
1129
1204
1273
1331
1388
1442
1482
1510
1521
1515
1495
1468
1430
1382
1324
1257
1182
1101
1008
912
809
697
584
467
348
227
103
-31
-168
-309
-448
-581
-706
-830
-950
-1069
-1180
-1284
-1371
-1446
-1504
-1551
-1586
-1607
-1614
-1608
-1590
-1550
-1496
-1422
-1339
-1248
-1150
-1050
-945
-831
-705
-578
-450
-322
-197
-79
45
164
286
411
531
649
763
871
976
1075
1166
1245
1314
1375
1432
1481
1516
1537
1542
1531
1505
1474
1439
1395
1340
1268
1179
1074
961
850
738
625
509
377
239
94
-55
-201
-340
-471
-589
-713
-835
-964
-1094
-1216
-1318
-1394
-1445
-1486
-1524
-1568
-1607
-1625
-1615
-1574
-1507
-1422
-1346
-1278
-1212
-1133
-1028
-898
-750
-607
-481
-376
-283
-183
-64
74
214
339
447
534
610
696
794
903
1007
1096
1161
1207
1245
1282
1326
1370
1409
1432
1435
1415
1382
1342
1297
1249
1199
1135
1057
963
852
731
613
495
384
276
161
29
-114
-259
-395
-520
-628
-732
-844
-959
-1078
-1186
-1275
-1340
-1385
-1425
-1462
-1496
-1520
-1527
-1510
-1470
-1416
-1355
-1294
-1229
-1152
-1060
-946
-821
-693
-577
-468
-365
-260
-136
-2
141
269
379
473
563
659
766
885
994
1088
1156
1204
1241
1282
1331
1383
1423
1436
1424
1387
1342
1298
1261
1229
1187
1124
1041
942
838
738
645
557
462
354
230
91
-52
-192
-320
-441
-560
-682
-815
-947
-1078
-1190
-1282
-1356
-1417
-1469
-1516
-1555
-1578
-1580
-1561
-1520
-1462
-1394
-1323
-1245
-1156
-1054
-937
-808
-677
-552
-435
-324
-205
-82
46
169
284
392
490
585
687
788
886
979
1059
1124
1184
1237
1285
1329
1364
1383
1389
1379
1359
1335
1303
1266
1219
1161
1091
1014
926
837
740
638
533
423
306
177
45
-89
-221
-349
-477
-604
-728
-847
-968
-1079
-1178
-1260
-1326
-1383
-1429
-1465
-1492
-1504
-1501
-1473
-1427
-1370
-1305
-1237
-1161
-1074
-977
-866
-750
-637
-521
-410
-299
-185
-67
55
168
273
376
471
565
660
755
842
922
993
1058
1115
1170
1221
1263
1298
1316
1325
1321
1311
1291
1264
1226
1177
1117
1047
967
882
793
703
600
495
381
268
153
33
-86
-204
-326
-446
-563
-677
-786
-886
-977
-1064
-1143
-1215
-1279
-1334
-1371
-1396
-1409
-1412
-1403
-1383
-1353
-1308
-1249
-1180
-1099
-1013
-920
-819
-718
-606
-492
-374
-260
-143
-28
86
202
313
424
530
631
727
819
907
991
1069
1133
1191
1242
1284
1319
1347
1360
1363
1356
1338
1312
1278
1233
1182
1120
1049
970
879
785
687
577
462
341
209
76
-63
-204
-347
-486
-625
-755
-883
-1001
-1112
-1208
-1289
-1360
-1413
-1456
-1484
-1494
-1491
-1474
-1441
-1392
-1333
-1266
-1192
-1110
-1022
-927
-829
-726
-623
-520
-415
-310
-202
-91
15
119
224
328
436
539
641
737
828
916
998
1072
1138
1197
1247
1286
1316
1338
1349
1350
1336
1315
1281
1238
1188
1126
1053
974
886
793
691
587
480
367
250
128
3
-127
-254
-376
-499
-619
-737
-850
-955
-1054
-1140
-1219
-1283
-1335
-1378
-1403
-1415
-1419
-1406
-1379
-1339
-1287
-1227
-1157
-1079
-993
-903
-808
-707
-599
-490
-381
-270
-161
-49
62
174
280
386
488
589
681
772
861
941
1014
1078
1134
1182
1222
1257
1282
1296
1302
1296
1281
1256
1219
1175
1123
1057
984
900
809
715
609
501
385
265
138
14
-112
-242
-368
-494
-610
-725
-832
-930
-1024
-1104
-1172
-1233
-1277
-1311
-1332
-1337
-1336
-1321
-1293
-1252
-1206
-1149
-1081
-1010
-930
-846
-754
-660
-563
-460
-363
-261
-160
-60
40
139
236
333
426
516
601
686
769
848
919
985
1048
1099
1147
1187
1222
1243
1257
1260
1253
1237
1208
1172
1123
1064
997
919
833
740
638
527
413
293
168
40
-86
-211
-339
-464
-583
-695
-801
-900
-990
-1070
-1140
-1198
-1243
-1278
-1299
-1310
-1311
-1302
-1281
-1247
-1204
-1156
-1094
-1027
-955
-875
-792
-701
-610
-514
-417
-319
-218
-116
-11
92
192
297
400
500
599
694
786
869
951
1026
1093
1151
1199
1237
1264
1282
1290
1288
1273
1246
1209
1163
1104
1041
968
888
801
706
608
501
389
276
162
42
-80
-198
-318
-434
-550
-657
-759
-857
-947
-1029
-1097
-1159
-1208
-1245
-1274
-1290
-1294
-1288
-1270
-1246
-1208
-1163
-1111
-1048
-977
-903
-820
-733
-644
-546
-448
-345
-239
-135
-25
86
195
305
411
513
613
711
802
884
961
1030
1090
1143
1187
1219
1242
1257
1262
1258
1244
1218
1183
1139
1086
1024
958
883
796
704
605
499
387
272
150
25
-102
-225
-352
-477
-594
-706
-808
-904
-990
-1064
-1129
-1183
-1224
-1251
-1265
-1272
-1265
-1249
-1223
-1186
-1142
-1091
-1029
-961
-888
-810
-730
-641
-547
-451
-354
-253
-150
-45
56
156
258
355
453
545
631
717
795
871
938
1000
1056
1103
1142
1172
1198
1210
1212
1202
1184
1157
1117
1068
1006
938
862
774
676
573
466
355
240
119
-4
-125
-247
-368
-479
-587
-687
-780
-864
-940
-1006
-1061
-1102
-1134
-1155
-1162
-1161
-1154
-1137
-1110
-1076
-1037
-989
-933
-873
-810
-743
-669
-589
-508
-421
-330
-234
-138
-41
63
165
266
363
459
553
645
732
813
888
953
1011
1059
1102
1134
1156
1164
1161
1149
1126
1093
1048
995
934
864
787
701
605
508
409
305
198
91
-15
-122
-225
-328
-425
-518
-607
-690
-767
-839
-903
-956
-1001
-1036
-1061
-1080
-1090
-1089
-1080
-1060
-1033
-995
-948
-897
-842
-776
-709
-635
-556
-471
-386
-295
-205
-113
-18
77
171
264
354
442
526
611
689
759
828
890
946
992
1032
1063
1087
1099
1105
1097
1081
1050
1010
962
907
844
764
681
588
489
385
280
169
58
-51
-160
-267
-371
-467
-559
-643
-720
-784
-843
-895
-937
-966
-987
-998
-1001
-1000
-991
-977
-952
-923
-888
-846
-802
-748
-693
-633
-571
-499
-426
-351
-270
-188
-104
-20
70
156
244
335
419
504
580
658
732
800
858
912
957
996
1024
1042
1052
1049
1039
1019
990
949
899
842
773
696
615
524
429
329
224
117
12
-95
-200
-300
-396
-485
-572
-652
-724
-787
-844
-890
-929
-958
-977
-990
-991
-983
-965
-942
-912
-874
-829
-774
-716
-652
-584
-512
-436
-359
-280
-200
-116
-38
41
120
195
271
345
417
484
546
607
658
709
756
793
824
853
875
892
902
903
897
881
857
829
790
747
693
631
562
485
402
314
226
133
35
-64
-161
-255
-344
-428
-506
-581
-645
-703
-745
-779
-807
-821
-828
-829
-821
-810
-792
-766
-737
-703
-668
-630
-590
-548
-502
-458
-403
-352
-300
-244
-187
-129
-68
-5
62
126
192
257
324
389
452
514
570
623
671
714
751
783
807
823
832
832
820
804
781
750
711
660
609
551
483
413
340
263
185
104
23
-60
-140
-219
-291
-364
-429
-490
-549
-601
-651
-692
-725
-754
-776
-789
-792
-795
-792
-775
-758
-731
-698
-664
-621
-574
-524
-469
-409
-345
-285
-214
-146
-78
-9
60
129
201
268
334
399
461
521
577
629
672
708
739
764
786
798
806
802
791
774
749
717
682
639
587
532
472
405
339
268
196
123
47
-30
-104
-177
-249
-319
-386
-444
-501
-552
-604
-648
-682
-717
-737
-755
-765
-766
-766
-753
-737
-716
-686
-654
-616
-574
-529
-479
-424
-369
-312
-251
-190
-129
-62
4
73
139
201
267
327
385
445
497
545
591
632
665
692
715
734
749
755
755
753
740
721
700
668
631
586
533
478
412
343
271
196
118
36
-43
-123
-199
-275
-344
-409
-471
-525
-575
-619
-655
-684
-705
-720
-728
-733
-731
-717
-698
-673
-646
-613
-579
-537
-491
-442
-393
-341
-287
-232
-176
-120
-63
-9
48
107
163
219
275
327
377
429
476
520
563
600
633
661
686
703
714
719
716
710
692
669
639
602
557
507
448
383
315
244
169
93
18
-58
-131
-204
-273
-338
-396
-449
-496
-535
-573
-601
-624
-641
-650
-655
-654
-647
-636
-621
-602
-573
-549
-517
-485
-447
-409
-368
-327
-284
-239
-190
-140
-89
-37
10
59
110
161
212
259
305
350
391
429
467
504
533
561
585
603
616
622
621
622
613
596
576
551
526
491
452
407
360
310
257
203
145
86
27
-31
-85
-144
-199
-247
-300
-348
-391
-430
-468
-498
-526
-550
-571
-584
-595
-600
-597
-593
-584
-571
-551
-527
-501
-473
-438
-400
-359
-312
-266
-218
-169
-121
-70
-20
36
86
137
188
237
285
328
371
413
451
484
514
540
561
577
589
595
596
589
578
563
543
518
491
454
415
375
327
280
227
176
122
66
12
-43
-99
-152
-203
-253
-301
-345
-384
-422
-459
-490
-513
-535
-549
-559
-566
-564
-560
-551
-537
-521
-499
-472
-441
-407
-370
-330
-288
-245
-202
-155
-109
-61
-9
38
88
134
180
227
270
311
351
387
423
456
481
509
532
546
557
566
569
565
556
542
521
495
464
428
387
344
298
246
193
142
84
30
-25
-79
-134
-187
-233
-282
-325
-366
-400
-434
-459
-478
-496
-510
-517
-517
-516
-510
-500
-487
-472
-455
-426
-401
-372
-340
-308
-278
-243
-209
-171
-133
-96
-57
-19
21
60
99
143
183
225
265
302
340
374
407
433
461
483
498
511
516
519
515
506
492
475
449
420
388
353
316
274
231
185
144
98
52
4
-44
-89
-136
-178
-217
-257
-293
-324
-353
-379
-399
-417
-434
-444
-453
-455
-450
-446
-438
-425
-409
-389
-369
-344
-315
-287
-256
-224
-191
-156
-118
-79
-42
-3
30
68
106
140
174
206
236
268
293
319
342
363
381
393
404
408
413
411
405
397
385
369
347
326
295
265
237
199
165
128
93
53
13
-22
-61
-93
-125
-158
-187
-217
-242
-263
-286
-299
-312
-324
-335
-343
-346
-346
-347
-342
-336
-327
-318
-303
-289
-269
-247
-225
-200
-173
-147
-119
-93
-65
-33
-4
24
49
79
105
131
158
183
206
228
252
273
292
307
321
332
339
345
345
343
338
328
316
305
289
269
247
223
199
171
145
115
85
55
25
-4
-32
-57
-83
-110
-135
-159
-182
-203
-223
-240
-255
-274
-288
-300
-309
-316
-321
-326
-331
-327
-322
-314
-306
-294
-278
-261
-238
-219
-194
-168
-143
-114
-85
-54
-24
7
36
66
97
129
158
186
216
240
263
286
307
324
338
348
352
353
351
344
334
323
307
291
269
244
217
192
163
136
109
78
50
22
-5
-29
-53
-79
-102
-124
-145
-163
-183
-200
-215
-231
-242
-253
-262
-271
-277
-283
-288
-288
-286
-282
-271
-264
-254
-239
-223
-200
-178
-155
-129
-103
-76
-50
-24
10
38
66
91
117
138
159
183
199
219
234
246
256
265
269
272
271
269
265
253
243
231
214
200
180
161
138
114
89
63
41
19
-3
-25
-47
-66
-82
-96
-114
-127
-140
-152
-160
-171
-178
-185
-190
-192
-193
-193
-190
-188
-182
-177
-172
-163
-154
-142
-129
-114
-101
-87
-72
-57
-40
-24
-6
10
25
37
51
62
75
89
102
113
122
129
137
144
150
151
155
155
154
153
146
142
135
128
120
106
93
80
69
56
44
29
15
1
-11
-21
-33
-41
-50
-58
-65
-71
-72
-79
-82
-86
-89
-90
-91
-93
-96
-101
-102
-102
-100
-99
-97
-89
-87
-82
-76
-70
-61
-54
-43
-34
-26
-17
-7
3
12
18
30
36
44
52
56
60
67
73
76
79
80
85
89
92
93
93
95
92
93
92
87
85
82
75
70
60
53
42
33
25
15
2
-10
-20
-32
-40
-49
-59
-67
-76
-82
-88
-89
-90
-94
-93
-95
-95
-95
-92
-89
-86
-80
-78
-76
-70
-64
-57
-51
-45
-37
-31
-22
-14
-9
-3
8
17
23
32
35
40
47
51
55
62
67
70
72
78
81
84
86
87
87
84
84
83
82
76
72
67
61
57
49
44
35
27
17
9
2
-6
-13
-22
-27
-36
-44
-48
-52
-57
-58
-64
-67
-69
-72
-74
-76
-79
-82
-83
-83
-80
-77
-79
-75
-71
-62
-55
-48
-41
-33
-23
-17
-9
-3
3
12
21
28
35
40
50
53
57
63
63
65
68
65
69
68
64
62
57
54
52
49
46
42
35
34
31
27
22
17
10
4
0
-5
-10
-13
-20
-24
-29
-31
-32
-32
-35
-37
-36
-33
-34
-34
-33
-35
-34
-37
-34
-33
-33
-30
-27
-27
-25
-21
-18
-15
-13
-11
-10
-8
-8
-2
-3
0
3
4
7
12
16
16
20
22
25
24
26
24
22
21
21
22
22
24
23
23
23
22
23
19
15
14
10
6
2
-2
-4
-6
-8
-9
-10
-10
-9
-10
-9
-8
-7
-8
-9
-10
-10
-11
-8
-11
-11
-7
-6
-7
-8
-5
-4
-5
-4
-7
-9
-8
-8
-5
-6
-5
-3
-6
-2
-1
0
3
5
5
6
4
5
3
6
6
6
4
2
1
2
2
-1
-1
-2
-1
2
2
2
2
3
4
5
6
4
6
8
5
3
6
5
6
5
4
3
1
2
0
-1
-3
-3
-6
-4
0
-1
0
-1
-5
-5
-7
-8
-4
-5
-5
-6
-5
-6
-7
-5
-5
-6
-5
-6
-8
-8
-7
-5
0
0
-1
-1
0
1
0
2
2
2
2
2
4
7
5
8
11
9
11
11
9
10
10
9
10
11
9
4
6
3
4
6
5
6
4
1
-1
-1
-1
-1
-3
-6
-7
-8
-8
-7
-7
-7
-9
-9
-8
-7
-7
-10
-8
-12
-14
-12
-13
-11
-11
-10
-11
-7
-5
-2
-1
-2
0
-1
0
2
3
2
3
5
6
8
8
8
9
11
8
7
7
8
7
9
8
9
9
10
11
12
10
10
10
6
7
7
5
5
5
-1
-2
-2
-6
-6
-7
-8
-10
-9
-12
-13
-12
-13
-12
-11
-9
-9
-10
-9
-8
-6
-4
-4
-3
-3
-1
0
2
2
4
2
4
3
2
4
3
5
6
3
4
7
5
5
3
4
2
3
4
3
3
3
2
0
2
2
2
2
2
0
-1
-3
-2
-2
-3
1
2
-1
-3
-1
-2
-3
-1
-1
0
-1
-1
-3
-1
-1
0
-1
-1
-1
-2
-1
-2
-1
-3
-2
-2
-2
-1
1
1
-3
-3
-2
-1
-1
-1
-1
0
-1
-2
0
-1
0
2
3
1
1
1
4
2
2
2
3
2
1
-1
-1
-2
-2
-2
1
0
-2
1
1
1
0
2
0
2
1
3
4
2
5
2
3
4
3
1
0
-2
-3
0
-1
0
0
-3
0
-2
1
0
-1
-1
-1
-3
-3
-2
-1
-1
-1
-2
-2
0
-2
-2
0
-2
1
0
-1
-2
-3
-2
-2
-1
-3
-1
-1
-1
-1
-1
2
0
0
4
3
2
2
1
3
2
3
2
2
2
0
0
0
3
2
2
1
1
1
-2
1
0
-1
0
-1
1
1
1
2
1
2
1
-1
1
-2
-2
-4
-4
-4
-3
-2
-3
-3
-2
-1
-2
-2
-3
-2
1
-1
1
2
2
2
-1
0
-2
-4
-2
0
1
2
1
3
4
3
2
1
3
1
2
0
0
2
3
3
3
2
1
4
2
2
1
-1
-1
-2
-5
-3
0
-2
-4
-5
-4
-2
-2
-2
-2
-1
-1
-1
-3
-1
-4
-4
-4
-4
-3
-2
1
4
4
2
2
5
8
5
5
1
0
2
1
1
3
2
2
3
1
2
2
0
-1
-4
-4
-1
-1
-2
-2
-1
0
0
0
3
1
-2
0
0
0
0
-1
-2
-2
-1
0
-5
-6
-3
-3
-2
-4
0
-1
-1
0
-2
1
2
3
4
3
3
2
1
1
1
0
-1
1
0
1
1
0
0
0
1
1
0
1
-2
1
1
0
-2
-1
0
-1
0
-1
0
1
2
3
2
0
0
1
-1
-2
-3
-3
-3
-3
-1
0
-1
-2
2
1
3
3
2
0
1
-1
-3
1
1
1
3
2
2
0
-1
1
0
2
-2
-2
-1
-2
-2
-1
-1
0
0
1
1
2
2
-1
-1
1
2
-2
0
-2
-3
-3
0
1
0
0
-1
1
0
-1
-1
-3
-2
-2
-2
-3
-2
0
-1
-2
-1
-2
1
1
4
4
3
5
4
2
0
4
3
2
2
0
3
2
1
1
1
-2
-1
-1
-1
2
1
1
0
-1
-3
-2
-2
1
2
-2
1
1
-1
-2
1
0
1
1
-1
-3
-2
0
-2
-1
2
2
2
4
4
5
5
3
4
3
-1
-2
-1
0
-1
-4
-3
-5
-4
-4
-2
-1
0
-1
0
-3
-1
-2
-2
-3
-2
-2
-4
-4
-3
-3
0
3
2
2
3
3
3
2
0
-1
-2
0
0
1
1
3
1
2
3
2
2
4
5
2
3
4
4
3
2
0
1
2
2
4
2
4
1
-1
-1
-2
-2
-2
-2
-3
-3
-3
-5
-4
-2
-2
0
0
-2
1
-2
-1
0
-1
-2
-4
-4
-4
-1
-3
-4
-5
-3
-3
-2
-1
0
0
-2
-1
-2
-2
0
0
0
0
4
4
4
7
5
7
7
6
4
2
2
1
3
2
1
3
3
1
0
1
-1
-1
-1
0
2
0
-2
0
-1
1
1
2
0
-1
-1
2
1
-1
-1
-1
-1
0
-1
-4
-3
-5
-3
-4
-2
1
2
1
0
2
0
1
0
1
1
0
-1
-1
-1
-2
-1
0
-2
-4
-2
-2
0
3
0
3
0
0
1
2
1
0
0
-2
-3
-3
0
1
-1
1
0
2
-1
-1
0
-3
-4
-5
-6
-2
-1
0
2
1
1
1
2
2
2
2
2
3
2
3
3
2
2
3
3
4
3
2
1
0
-1
0
-2
-1
-2
-1
3
2
3
4
2
3
1
2
2
-1
-1
-1
-3
-2
0
-1
0
-2
-1
0
0
0
-2
-1
-3
-2
-1
-1
-2
-1
-3
-4
0
0
-2
-2
-1
-1
-3
-3
1
-1
-2
-1
0
-1
-1
0
3
1
2
-1
0
0
-2
-1
-1
-2
-4
-3
-1
-1
0
0
2
0
2
4
4
2
3
3
1
-3
-1
1
-1
-3
0
0
0
-1
-1
2
2
2
1
4
5
5
2
1
2
1
2
2
4
3
-2
0
2
1
3
0
1
1
-2
-2
-2
-2
-3
-3
-4
-4
0
-4
-1
0
0
2
2
0
0
1
0
-2
-1
-2
-4
-4
-3
-5
-4
-2
-2
-2
-1
-1
-1
1
-1
-1
0
1
2
3
3
3
5
6
3
5
6
3
3
3
1
2
2
1
1
0
-2
-1
-1
-2
1
1
1
1
-3
-1
-2
-1
0
-4
-2
-4
-3
-3
-1
2
1
-1
0
0
0
-1
-2
-2
-1
1
2
2
2
2
0
2
1
1
-3
-2
0
-2
-3
-2
-2
0
-1
-2
1
1
1
3
3
2
5
5
1
2
0
-2
-1
-4
-1
2
1
1
0
0
-1
-2
-1
3
0
-2
-1
-2
0
0
-3
0
-1
0
-1
-1
0
1
2
-1
1
3
2
3
2
0
1
-2
0
-1
2
2
4
4
3
4
2
4
3
2
1
0
-1
-4
-6
-6
-4
-4
-4
-2
-4
-1
0
-4
-2
-3
0
-1
-1
0
1
1
-1
1
-1
-2
-2
0
2
2
3
1
1
0
-3
-1
-1
-1
1
-1
2
1
2
1
0
0
2
3
4
0
2
3
4
2
3
3
1
1
-1
-1
0
0
0
-1
-1
-2
-3
0
-1
-2
-2
-2
-3
-2
0
2
1
1
0
1
2
2
1
1
0
-1
-1
-2
-2
-2
0
0
2
2
3
5
1
1
2
0
-2
-2
0
-1
-1
-1
-1
1
0
0
1
1
0
1
1
-1
1
1
-1
1
1
0
0
-3
-3
-3
-3
-3
-1
1
0
0
-1
0
-1
0
0
2
0
-1
0
0
-2
0
2
0
-2
0
-2
0
-1
-1
1
-1
-1
0
1
1
0
0
-1
2
2
1
1
0
1
1
0
-1
0
0
2
1
1
3
2
2
0
-1
-1
-1
2
2
-2
-2
-1
-1
1
1
2
2
1
3
1
2
2
2
2
2
2
0
0
0
-1
-1
-1
-2
-1
0
0
-2
-2
-1
-2
-2
-4
-2
-3
-1
1
1
0
1
0
0
1
3
3
3
1
1
0
0
2
0
1
-3
-2
-2
-4
-4
-5
-2
-1
-2
-3
-2
-1
0
2
2
0
3
3
4
4
2
2
1
0
-1
1
0
-1
1
-1
1
1
-2
-1
0
2
2
-1
-1
-2
-1
3
4
2
4
4
4
2
-1
2
2
3
2
0
-2
-1
1
1
-2
0
-2
-4
-1
0
-4
-3
-4
-3
-2
-2
-2
-2
1
-1
-1
-4
1
1
1
2
2
4
1
3
2
1
-1
0
0
