0
-1
0
1
1
-2
-2
-3
-3
-3
-3
0
2
2
2
2
3
2
1
0
0
1
-1
2
-1
2
0
0
-2
-1
1
3
2
-1
1
2
1
1
2
2
2
0
0
0
0
0
1
0
1
2
1
1
0
-1
-1
1
-3
-2
-3
-2
-2
-2
-3
-3
-2
-2
-1
-2
1
2
1
-2
-2
-1
2
3
-1
-2
-3
-3
-1
2
0
1
1
-1
2
1
2
2
1
0
1
0
0
-2
-2
-2
0
-2
-3
-1
0
1
-1
-2
-2
-1
2
2
2
2
0
1
2
2
1
2
1
0
1
-1
-1
-2
-2
-2
-1
-1
1
0
1
0
0
4
4
4
2
2
3
0
4
2
-1
-1
-1
-2
-2
0
-1
-1
0
-1
-3
-1
-1
-1
-1
-2
0
-1
1
-2
-2
-2
-1
-1
0
-3
-1
1
2
0
-1
2
0
-1
-1
1
-1
1
1
0
0
0
0
-2
-1
0
2
3
1
0
0
1
-1
-2
-1
-2
0
-2
1
0
0
2
0
2
2
1
2
0
-1
-1
2
3
1
0
2
1
2
0
0
2
-2
0
2
0
0
2
1
2
2
3
3
-1
-1
-3
-4
-4
0
2
0
-1
-1
-2
-2
-2
-1
-2
-1
-1
-1
-1
1
3
0
1
1
0
-1
1
0
0
0
-4
-3
0
-3
-1
0
-3
-1
-2
-2
-1
0
0
1
0
1
0
1
1
1
3
3
1
2
2
3
3
4
2
2
1
0
-2
-2
-1
-2
-3
-2
-1
0
0
1
1
2
1
3
1
2
1
0
0
-1
0
0
0
1
-1
-1
-1
-4
-2
0
0
-1
-3
-3
-2
-3
-3
-1
0
1
-2
0
2
0
2
0
0
1
2
-1
-1
0
0
1
1
0
-1
-1
1
2
2
2
3
2
1
4
-1
-1
-1
0
-1
-1
0
-1
-1
0
2
0
-3
-2
0
-1
0
-1
0
-1
-1
3
1
0
-1
0
0
0
2
2
2
2
-2
0
0
0
1
-2
0
0
1
1
1
0
2
2
2
0
0
-1
-1
0
-2
-4
-5
-3
-1
-2
-3
-1
0
1
0
2
4
2
2
3
0
-1
-3
-3
-2
0
0
0
1
-2
-2
-1
0
0
0
-1
0
-2
-2
0
-1
-2
-3
-3
-2
-3
-2
1
-3
0
2
1
3
4
4
4
2
4
1
3
3
4
4
4
3
2
3
2
1
2
1
0
1
-1
-1
-2
1
-1
-2
-2
-1
0
-1
-2
-2
-1
0
-4
-5
-4
-3
-4
-2
-1
-3
-2
-3
-3
0
1
1
1
3
3
2
3
1
-1
1
-1
0
3
1
0
1
1
0
-1
-2
0
0
1
-1
0
1
-1
-1
0
-1
0
0
-1
-2
-1
2
0
1
2
0
2
2
2
2
2
4
4
4
3
2
-1
0
0
0
-1
0
1
-1
-2
-2
0
-1
0
0
0
4
4
2
0
1
1
0
-1
-2
-1
-1
-2
-3
-3
-4
-4
-3
-4
-4
-4
-3
-2
-4
-4
0
-1
-1
0
0
0
0
0
3
4
2
1
4
0
0
1
0
1
-1
0
-1
2
1
3
3
3
4
4
6
5
3
3
4
3
2
1
-3
-3
-3
-3
-4
-4
-5
-3
-3
-3
-2
-2
-1
-1
0
0
1
2
2
0
-1
0
2
0
-2
2
1
1
0
0
1
1
0
0
2
1
3
2
4
1
2
1
-1
-1
-2
1
0
-1
-2
-2
-1
1
-3
-5
-3
-3
-1
-1
-3
-1
0
-1
-2
-3
-2
-3
-2
0
-2
-1
1
1
1
-1
-1
-3
-1
0
-1
-2
-1
-1
1
0
-1
1
2
1
2
3
1
1
2
0
2
0
1
0
1
-1
2
4
4
6
5
2
3
3
1
3
4
2
2
1
0
1
2
2
1
2
1
1
0
0
-1
-2
-2
-3
-2
-2
-4
-3
-4
-5
-3
0
1
0
-1
0
-2
-4
0
-2
-3
-2
-4
-5
-2
-2
-2
-3
-2
-2
-2
-2
-2
2
1
1
-1
-1
0
1
3
2
4
3
6
6
5
4
3
4
3
1
0
0
0
-1
-1
0
0
1
2
2
0
0
2
2
2
0
0
1
-1
0
-1
0
-2
-4
0
-2
-1
-1
-2
-3
-1
-2
-2
-2
-1
0
-2
-2
-1
1
1
0
-2
-1
0
0
-1
2
-2
0
-1
0
1
0
2
0
2
3
3
0
0
2
3
2
0
1
3
2
1
0
0
0
0
0
0
0
0
-1
-1
-1
0
1
0
0
0
-2
-3
0
0
-4
-4
-4
-6
-4
-3
-3
-3
-2
0
-1
1
1
1
2
2
2
2
0
3
2
-1
-1
0
0
1
3
4
6
4
4
2
2
1
2
2
0
1
1
3
1
3
2
0
0
0
0
-1
-2
-3
-3
-2
-3
0
0
-3
-3
-3
-2
-1
-3
-3
-2
-1
-1
-4
-2
-1
-3
-1
2
1
1
2
1
1
-1
0
-1
-2
0
-2
-1
1
1
1
2
1
1
1
1
0
-1
-1
1
0
3
2
2
0
-1
1
0
1
1
-1
-1
-1
-2
-1
-1
1
-1
2
2
0
3
4
4
2
2
2
0
-2
-3
-3
-4
-4
-3
-2
-3
-3
-2
3
0
0
-2
-3
-2
-2
2
2
3
0
0
-1
-1
2
2
1
-1
-1
-2
3
2
0
1
0
-3
0
0
1
0
-1
2
2
3
2
2
2
3
-1
0
1
1
-1
-2
0
1
0
-2
-1
-2
-3
-3
-4
-3
-2
-1
1
-2
-1
0
-1
0
-1
1
0
2
4
0
2
4
2
1
1
2
2
-1
1
1
1
0
0
0
0
-1
0
2
0
-1
0
-2
-2
-2
-3
-4
-1
-1
-2
-2
-2
-1
-1
-1
-1
-1
0
1
0
0
0
-1
0
-2
0
0
-2
-1
-1
-1
-3
-2
-1
-1
2
1
1
0
3
1
5
2
3
4
3
6
2
2
1
1
-1
-1
1
-2
-3
-1
-1
-1
-1
-2
0
0
-2
2
1
3
3
0
0
0
0
1
1
-2
2
-1
0
1
0
2
1
4
0
-1
-2
-1
-1
-5
-7
-11
-13
-8
-3
-12
-17
-16
-13
-9
-6
-2
-6
0
-3
-4
15
15
7
3
6
-2
-2
9
6
16
-4
-15
-2
-7
-3
-16
-21
-6
12
-9
-27
-7
1
-1
6
2
9
18
2
25
33
18
14
19
14
-13
-1
-6
20
36
18
32
8
-5
2
20
31
26
5
-19
5
3
14
19
22
-25
-581
-1007
-472
-21
-129
-16
134
84
82
198
507
725
700
685
633
521
466
399
362
300
206
121
-62
-143
-157
-261
-311
-325
-374
-325
-420
-564
-367
-447
-441
-247
-355
-301
-138
-30
-184
-54
117
104
217
-48
140
172
-164
111
56
-211
-67
99
-288
-187
176
-281
-19
78
-43
182
-28
284
160
-76
346
159
28
217
83
52
68
55
35
-69
52
35
13
-34
18
75
-164
137
89
-150
191
40
-49
180
21
10
84
38
169
-41
12
210
-132
24
108
-210
43
74
-214
67
-53
-159
78
-188
18
-51
-179
192
-223
-65
239
-277
94
149
-306
282
-46
-168
328
-339
147
58
-308
377
-294
2
253
-385
290
9
-165
405
-299
68
176
-332
343
-153
-140
250
-359
67
104
-242
240
-67
-100
261
-224
89
68
-195
255
-135
-35
200
-255
131
-20
-279
266
-161
-76
99
-306
130
-210
-159
191
-350
142
-1
-248
312
-191
77
171
-181
381
-119
46
273
-297
289
-61
-31
357
-298
252
52
-228
379
-221
81
151
-275
300
-170
-36
186
-323
252
-65
-155
347
-285
151
93
-229
373
-268
101
145
-371
339
-234
-38
238
-381
269
-95
-150
251
-311
238
-58
-152
256
-353
151
-99
-163
229
-332
166
-68
-170
253
-312
218
-6
-205
353
-306
197
36
-197
345
-277
190
17
-131
282
-248
199
-5
-132
229
-208
156
-58
-75
184
-247
229
-131
7
230
-338
334
-124
6
243
-308
344
-157
-8
202
-265
277
-206
23
98
-288
262
-307
64
5
-291
282
-376
134
-83
-167
237
-328
276
-168
13
183
-254
330
-196
129
128
-159
291
-188
141
13
-76
181
-126
161
-112
66
16
-112
212
-261
200
-29
-132
198
-235
164
-101
-1
61
-125
157
-184
118
-45
-48
87
-129
101
-109
85
-75
-12
79
-175
184
-181
73
60
-172
195
-208
166
-73
-82
225
-257
227
-130
-20
193
-267
257
-153
55
50
-128
216
-267
257
-110
-43
178
-226
260
-229
170
-11
-101
222
-217
187
-83
34
7
-15
51
-113
146
-143
59
-26
-33
40
-121
112
-128
67
-57
-38
109
-213
214
-186
62
93
-231
266
-237
194
-106
-24
191
-264
254
-169
118
-49
-3
129
-173
187
-161
157
-85
-16
101
-109
158
-256
217
-50
-100
86
-123
227
-266
89
83
-134
125
-173
164
-32
-83
85
-89
187
-199
35
172
-160
59
-52
162
-129
28
30
-9
128
-317
328
-129
-36
112
-247
336
-262
43
2
13
68
-273
347
-281
102
74
-223
294
-276
195
-94
-22
161
-254
252
-189
131
-20
-136
218
-173
137
-185
210
-110
-42
187
-305
354
-277
130
19
-119
189
-198
194
-175
153
-98
31
53
-141
203
-215
204
-173
77
71
-213
256
-184
63
-23
29
15
-123
101
-4
44
-207
199
-22
-98
99
-191
308
-205
-31
141
-139
192
-240
173
-48
-42
105
-182
201
-87
-75
60
86
-110
-57
200
-175
56
73
-147
134
-63
-15
94
-125
92
-13
-4
-44
99
-39
-130
256
-158
-17
103
-84
34
21
-16
-31
45
-83
125
-26
-140
174
-98
18
27
-61
69
-32
-65
65
142
-296
154
116
-291
297
-192
35
94
-207
248
-163
-4
58
-13
-34
36
33
-178
273
-211
9
173
-201
127
-141
184
-81
-88
96
-70
98
-94
65
-36
-5
33
-79
164
-129
3
94
-62
19
-26
99
-191
244
-131
-100
279
-337
280
-149
44
78
-230
227
-78
7
-46
73
-31
-81
170
-147
100
-28
-51
67
-29
-3
-39
142
-148
107
-77
-55
151
-170
141
-27
-87
100
-100
58
2
18
-33
-10
94
-175
123
-39
53
-77
23
78
-178
161
-123
121
-138
50
113
-152
79
-69
82
-83
102
-99
91
16
-172
305
-219
9
30
-47
135
-43
-95
112
60
-254
247
-132
-19
102
-49
87
-131
70
-56
6
-2
72
-113
134
-26
-64
54
-180
225
-83
-74
122
8
-107
113
-137
33
54
-81
116
18
-160
75
146
-320
172
-12
76
-1
-184
256
-70
-236
171
126
-216
108
116
-101
-52
-3
33
46
-205
222
101
-236
126
-21
-17
-28
-127
205
92
-302
297
-44
-118
51
-237
323
-76
-202
242
65
-229
119
-64
-74
250
-324
224
114
-287
209
-46
-105
34
-11
69
57
-182
90
198
-343
131
28
-64
143
-117
17
51
39
-192
150
-88
13
225
-353
242
23
-208
189
-161
176
-120
-24
193
-193
73
-146
206
-134
32
69
-170
300
-281
106
-4
-58
125
-139
170
-123
64
-55
63
-18
-213
313
-125
43
-44
-26
80
-159
183
-159
70
77
-120
205
-298
112
66
-76
82
-127
258
-221
62
-25
-14
84
-175
337
-283
45
66
-10
-23
-195
426
-235
-69
187
-132
92
-131
46
138
-201
85
55
-63
-36
18
49
-10
-98
4
107
-83
78
-198
237
-52
-164
271
-261
156
-65
-35
207
-206
99
-120
107
18
-150
245
-208
-28
200
-92
0
-88
8
167
-66
-59
-53
139
-56
-7
24
-49
41
12
-21
-12
83
-167
90
137
-181
12
138
-140
51
9
-63
122
-94
54
-69
79
-19
-96
152
-109
-23
98
30
-55
6
14
-90
93
50
-158
142
-34
-54
85
-57
59
-142
-28
251
-60
-162
15
114
9
-230
218
86
-242
133
-43
-95
208
-171
51
167
-179
32
-49
62
-111
78
63
-23
-10
-5
83
-223
19
55
33
90
4
-74
-30
-115
52
126
-101
93
67
-25
-64
-128
-1
209
-112
153
128
-289
-28
-78
129
22
3
176
-34
-198
13
11
-157
171
200
-1
-67
-131
-65
97
-135
151
239
-215
35
-100
-66
70
5
-39
55
62
-99
-38
-44
121
27
-74
51
64
-127
-49
174
27
61
-146
-51
90
-156
3
178
19
-161
30
14
-19
-11
-59
258
-13
-248
185
-88
-28
131
-55
59
3
-153
-91
113
-82
61
20
9
-5
-218
107
55
33
50
81
-3
-117
7
-22
-36
15
69
0
-129
42
-63
-213
40
54
63
53
99
-81
-57
37
-70
67
148
53
-51
108
31
24
58
196
111
-80
122
31
-73
43
-176
-461
-478
-397
-115
-35
-143
-109
-77
96
245
222
755
641
508
665
370
305
319
403
359
201
104
-38
-207
-233
-382
-408
-313
-306
-410
-538
-650
-775
-659
-444
-310
-196
-123
-113
-93
-42
55
190
389
434
360
320
145
9
-59
43
21
-48
-54
-192
-328
-402
-387
-379
-221
-130
-84
-55
-47
-52
0
224
291
321
454
435
386
373
353
317
364
378
286
186
134
87
66
76
6
-65
-66
-86
-99
-44
-32
-27
-81
-32
-43
-17
25
-22
-27
-27
-26
-140
-134
-122
-181
-123
-114
-191
-235
-231
-194
-207
-196
-190
-174
-144
-143
-168
-108
-71
-33
51
23
46
36
89
176
139
169
180
163
251
185
204
223
204
230
215
229
184
159
150
193
174
148
124
34
20
30
-14
-31
-37
-88
-141
-174
-240
-243
-190
-234
-220
-247
-324
-325
-301
-278
-306
-252
-231
-212
-218
-201
-159
-208
-123
-101
-82
-37
17
16
19
86
101
137
158
176
200
229
233
273
305
335
329
351
332
377
419
460
540
450
453
428
326
400
448
377
334
294
196
46
46
27
-56
-137
-219
-283
-454
-496
-546
-588
-598
-671
-710
-799
-808
-830
-775
-777
-742
-689
-698
-582
-564
-494
-455
-310
-192
-83
38
26
130
170
284
377
427
499
474
528
540
528
568
590
692
692
736
735
719
806
814
934
954
968
940
906
902
876
879
795
782
628
545
414
185
34
-228
-449
-685
-930
-1308
-1673
-1921
-2100
-2189
-2237
-2255
-2350
-2300
-2079
-1878
-1594
-1235
-945
-589
-215
101
301
566
888
1076
1296
1383
1349
1275
1256
1178
974
875
731
500
390
297
170
137
153
170
216
342
492
680
844
1016
1189
1370
1627
1784
1890
1966
1907
1739
1543
1357
1104
884
551
-1
-817
-1711
-2336
-2756
-2890
-2893
-3071
-3455
-3753
-3798
-3673
-3262
-2591
-2013
-1459
-838
-456
-151
222
731
1318
1847
2216
2185
1955
1740
1596
1511
1439
1249
891
510
82
-330
-628
-725
-719
-667
-527
-488
-431
-191
163
567
1032
1452
1766
2035
2246
2371
2414
2425
2360
2248
2103
1771
1317
905
572
217
-128
-613
-1562
-2480
-3000
-3245
-3264
-3051
-2991
-3346
-3493
-3377
-3154
-2633
-1803
-1050
-544
-79
192
283
536
1027
1458
1782
1976
1789
1387
1107
883
729
742
691
428
77
-287
-604
-795
-731
-530
-375
-247
-195
-154
-7
363
860
1336
1681
1864
1959
2002
2047
2117
2201
2171
1969
1660
1275
903
627
460
351
96
-185
-586
-1339
-2170
-2783
-2854
-2693
-2401
-2233
-2614
-2992
-3074
-2758
-2243
-1591
-934
-564
-260
-122
-114
7
374
899
1303
1456
1221
764
492
452
562
714
721
528
261
20
-205
-318
-272
-92
150
278
192
4
23
329
851
1382
1652
1624
1552
1596
1684
1828
1969
1980
1825
1530
1158
830
616
531
533
502
341
51
-448
-1276
-2124
-2581
-2603
-2339
-2057
-2108
-2564
-3030
-3165
-2878
-2260
-1576
-1024
-628
-427
-423
-376
-110
289
821
1309
1377
1041
661
473
483
690
868
788
535
251
-14
-209
-240
-147
19
162
169
50
-58
44
403
943
1403
1608
1613
1559
1592
1730
1932
2031
2025
1933
1664
1250
884
652
504
474
498
322
-16
-438
-1245
-2306
-2915
-2816
-2425
-2009
-1880
-2461
-3300
-3450
-2920
-2180
-1339
-595
-376
-445
-374
-333
-215
304
1030
1392
1386
1049
487
123
257
599
791
827
572
86
-295
-351
-260
-19
298
416
284
94
-14
106
561
1199
1615
1742
1650
1473
1418
1639
1944
2036
1992
1755
1343
892
618
501
511
597
513
164
-219
-368
-629
-1379
-2202
-2672
-2671
-2338
-1899
-2041
-2779
-3262
-3113
-2542
-1842
-1116
-778
-618
-368
-180
-181
-22
471
959
1251
1168
732
297
229
419
572
625
530
282
67
-17
-32
-34
120
333
478
466
333
257
458
958
1434
1696
1675
1512
1458
1620
1815
1888
1870
1704
1421
1102
736
390
251
310
329
215
-47
-303
-331
-391
-1026
-2026
-2697
-2790
-2384
-1749
-1617
-2298
-3024
-3140
-2710
-1964
-1142
-682
-538
-382
-268
-364
-340
59
649
1111
1226
849
266
-20
140
504
770
785
500
192
17
5
113
378
625
807
857
610
158
83
612
1370
1938
2011
1535
946
923
1342
1750
1873
1733
1315
895
636
403
236
315
535
537
276
-112
-327
-312
-474
-1227
-2168
-2691
-2679
-2289
-1866
-2045
-2766
-3211
-2925
-2326
-1654
-1058
-791
-607
-327
-118
-219
-79
364
881
1193
1121
594
63
101
426
703
803
685
306
51
116
180
218
436
740
921
868
600
176
332
983
1676
1932
1776
1329
923
1100
1401
1584
1519
1417
1096
798
563
246
22
124
386
428
264
-15
-162
-125
-305
-1186
-2175
-2560
-2296
-1933
-1821
-2281
-3034
-3333
-2952
-2313
-1701
-1191
-943
-735
-429
-221
-235
-10
487
959
1129
963
551
265
376
637
758
713
570
346
158
177
252
366
538
664
697
647
556
305
430
916
1503
1796
1758
1412
1011
1059
1321
1544
1540
1400
1018
701
535
370
169
175
305
378
325
75
-144
-161
-128
-850
-1832
-2518
-2577
-2300
-1960
-1957
-2698
-3240
-3243
-2638
-1992
-1397
-1075
-950
-642
-393
-191
-58
311
740
1094
1149
797
415
338
561
825
966
837
529
329
368
510
577
632
743
854
811
465
227
416
1002
1569
1775
1511
1089
998
1223
1512
1573
1442
1156
900
788
624
361
176
255
415
330
96
-145
-181
94
98
-908
-2279
-2870
-2819
-2435
-1931
-1989
-2935
-3613
-3306
-2714
-2123
-1335
-845
-755
-520
-246
-278
-129
480
1075
1333
1233
839
329
288
688
1019
1101
956
635
300
260
390
499
644
833
868
706
531
207
167
696
1424
1790
1695
1326
871
893
1325
1632
1549
1282
955
683
607
524
293
260
326
308
106
-25
-49
75
81
-805
-2068
-2992
-2962
-2473
-1850
-1866
-2742
-3485
-3547
-2829
-2091
-1274
-844
-557
-310
-181
-141
-125
389
988
1503
1449
953
348
114
412
767
978
876
588
206
25
90
264
528
776
818
554
273
254
574
1118
1599
1737
1520
1198
1003
1055
1384
1658
1639
1351
950
553
312
373
446
483
314
82
-62
-69
31
156
267
-511
-1848
-2760
-2844
-2510
-2114
-1821
-2437
-3248
-3497
-3083
-2406
-1593
-835
-586
-381
-331
-350
-225
355
1051
1463
1515
1033
416
136
437
884
1172
1135
761
315
36
57
268
536
825
940
787
312
-38
142
753
1481
1780
1590
1018
745
909
1248
1505
1510
1314
965
798
614
400
231
194
269
312
273
126
39
112
308
227
-724
-2068
-2813
-2686
-2120
-1733
-1978
-2907
-3586
-3557
-2976
-2197
-1443
-913
-623
-418
-418
-400
-122
530
1202
1573
1424
904
501
491
807
1060
1124
946
606
279
124
146
264
523
692
531
209
57
160
514
1073
1471
1486
1299
1092
976
1060
1395
1641
1586
1330
924
559
384
463
474
481
473
289
23
-140
9
270
585
161
-1288
-2780
-3187
-2597
-2023
-1738
-2163
-3136
-3836
-3497
-2529
-1718
-957
-502
-438
-533
-420
-241
86
903
1588
1598
1093
574
224
305
888
1281
1187
779
331
-38
-94
236
483
584
621
597
326
-41
40
546
1262
1754
1796
1372
906
958
1283
1653
1724
1451
961
553
405
318
409
464
430
325
138
-52
-142
100
475
788
393
-1071
-2690
-3348
-2817
-1990
-1507
-1927
-3048
-3882
-3829
-2975
-1934
-984
-524
-409
-417
-496
-464
-101
721
1487
1832
1533
805
227
233
769
1272
1402
1027
399
-99
-238
-37
253
526
642
524
118
-244
-142
442
1259
1798
1773
1317
983
1035
1353
1751
1930
1786
1399
974
662
546
555
495
474
465
320
91
-75
-40
220
482
-130
-1662
-2952
-3201
-2651
-2004
-1765
-2399
-3384
-3807
-3428
-2583
-1679
-928
-590
-455
-390
-397
-288
169
951
1559
1729
1330
653
257
408
922
1252
1192
736
167
-161
-153
61
267
457
518
362
32
-195
-2
613
1363
1780
1702
1311
1012
1065
1420
1842
1938
1682
1250
871
616
494
532
592
635
475
137
-160
-232
29
420
469
-434
-1924
-2925
-2929
-2341
-1900
-1953
-2571
-3298
-3555
-3153
-2383
-1665
-1085
-654
-359
-298
-398
-310
193
993
1580
1685
1285
685
329
440
913
1212
1146
731
239
-148
-307
-151
88
364
535
541
191
-212
-138
441
1305
1884
1919
1427
987
1000
1340
1803
1967
1769
1269
835
586
475
473
451
512
453
193
-160
-323
-152
246
630
137
-1327
-2755
-3111
-2579
-1959
-1674
-2086
-2945
-3590
-3424
-2660
-1840
-1194
-826
-563
-452
-398
-301
22
635
1243
1590
1422
1011
624
505
728
1050
1219
960
484
20
-198
-142
7
182
301
397
268
-36
-114
272
970
1568
1892
1777
1380
1143
1282
1637
1840
1803
1508
1096
758
546
449
371
366
350
274
158
5
-96
-62
166
-46
-1098
-2341
-2835
-2517
-2118
-1887
-2047
-2697
-3368
-3361
-2688
-2014
-1462
-1010
-722
-626
-508
-287
-77
343
973
1472
1463
1086
717
575
751
1062
1230
1032
592
132
-159
-149
20
119
107
174
260
136
-20
131
634
1247
1766
1950
1717
1369
1249
1444
1776
1979
1855
1425
938
576
409
326
256
251
229
70
-168
-307
-347
-211
59
-98
-1086
-2249
-2748
-2567
-2101
-1667
-1693
-2391
-3096
-3140
-2619
-1984
-1383
-928
-717
-587
-454
-360
-256
85
645
1173
1431
1311
943
627
632
869
1107
1161
963
575
183
-30
-65
-5
106
260
333
197
0
13
340
886
1439
1729
1633
1380
1244
1312
1486
1632
1642
1458
1137
817
608
427
250
198
244
212
84
-69
-236
-284
-175
-321
-1069
-1958
-2382
-2358
-2139
-1819
-1726
-2159
-2730
-2865
-2521
-1994
-1426
-969
-745
-673
-601
-484
-300
8
437
856
1111
1135
977
766
622
687
960
1175
1094
768
412
119
-5
79
251
362
382
299
135
109
346
739
1140
1456
1556
1406
1203
1123
1184
1304
1378
1339
1146
847
560
362
228
124
65
21
-55
-154
-233
-270
-242
-244
-511
-1121
-1770
-2073
-1955
-1659
-1490
-1630
-2023
-2381
-2417
-2090
-1623
-1207
-949
-844
-790
-694
-517
-287
21
382
701
880
885
774
650
642
773
957
1057
961
717
459
320
321
382
417
409
405
367
273
227
357
632
915
1136
1214
1100
932
909
1024
1097
1054
953
821
658
514
390
239
86
24
65
98
58
-34
-107
-151
-197
-306
-569
-975
-1378
-1603
-1618
-1506
-1419
-1486
-1676
-1833
-1822
-1691
-1498
-1280
-1098
-965
-827
-647
-477
-351
-223
-26
226
457
642
749
759
722
738
831
891
846
739
636
545
468
439
417
314
177
172
331
526
662
725
724
696
718
805
894
915
866
805
775
765
746
724
668
544
408
348
346
291
149
15
-41
-84
-184
-315
-463
-682
-963
-1171
-1256
-1307
-1370
-1378
-1346
-1408
-1578
-1649
-1515
-1310
-1158
-1037
-908
-809
-720
-558
-359
-215
-89
115
339
460
501
540
594
647
702
745
745
703
638
578
540
524
486
398
311
311
411
557
658
637
516
434
491
644
791
866
873
858
843
814
741
643
567
533
543
533
437
261
85
-30
-99
-169
-237
-317
-445
-633
-859
-1083
-1244
-1289
-1246
-1202
-1219
-1294
-1396
-1469
-1441
-1326
-1186
-1053
-931
-837
-769
-679
-554
-411
-270
-101
91
271
404
488
555
636
721
772
776
757
732
701
685
676
618
489
368
362
451
548
593
580
510
448
487
651
816
868
832
790
767
755
763
781
760
663
548
467
381
241
97
-1
-80
-180
-275
-343
-430
-568
-724
-891
-1056
-1174
-1208
-1169
-1131
-1146
-1221
-1309
-1350
-1305
-1226
-1159
-1082
-972
-850
-754
-672
-569
-446
-288
-69
169
321
377
412
475
531
573
649
745
758
681
611
577
512
404
346
390
478
545
598
598
509
431
521
762
953
974
886
807
791
839
904
914
816
656
543
479
379
225
104
75
57
-45
-200
-335
-424
-488
-550
-651
-823
-1013
-1120
-1121
-1109
-1140
-1202
-1245
-1254
-1237
-1177
-1093
-1023
-965
-887
-783
-673
-566
-452
-320
-191
-67
60
179
274
337
380
428
494
560
601
581
515
447
416
421
439
463
483
505
530
564
613
682
779
892
967
980
939
875
816
771
747
725
676
575
443
307
214
170
137
78
-30
-147
-228
-286
-348
-437
-535
-622
-712
-818
-942
-1041
-1067
-1006
-937
-951
-1055
-1156
-1153
-1041
-899
-812
-794
-794
-736
-602
-445
-310
-205
-93
43
171
260
304
332
378
432
467
464
440
417
410
417
434
467
511
548
572
588
620
677
734
761
748
746
782
829
828
751
641
556
522
514
488
427
343
264
191
111
32
-28
-57
-90
-171
-302
-432
-527
-581
-637
-732
-854
-958
-1000
-1010
-1017
-1032
-1039
-1023
-996
-975
-951
-895
-789
-644
-507
-422
-387
-349
-260
-115
40
163
233
265
288
326
374
412
437
440
423
404
410
453
508
543
541
534
563
636
726
788
811
817
827
834
817
770
718
679
636
576
483
363
254
186
157
126
63
-31
-137
-227
-295
-346
-400
-466
-541
-600
-636
-674
-739
-824
-895
-926
-911
-882
-875
-908
-955
-955
-884
-774
-678
-617
-576
-523
-439
-322
-187
-72
6
62
117
168
212
253
306
360
393
420
474
544
608
649
674
696
705
720
761
806
829
830
822
785
700
597
540
539
543
515
468
418
332
215
118
70
36
-15
-78
-150
-236
-319
-378
-427
-501
-601
-677
-702
-699
-700
-697
-698
-731
-796
-848
-849
-797
-716
-647
-610
-613
-618
-570
-454
-303
-169
-71
-6
48
107
180
254
311
352
389
424
442
446
446
442
444
459
479
497
498
501
524
565
592
582
543
503
472
456
467
494
498
466
415
347
241
109
14
-3
9
-14
-71
-155
-263
-369
-421
-416
-421
-472
-531
-555
-573
-610
-637
-640
-651
-686
-697
-669
-626
-586
-538
-476
-419
-376
-320
-247
-182
-133
-76
8
76
112
150
207
254
271
272
275
278
297
351
414
418
378
375
434
502
523
507
500
529
572
605
592
524
426
367
385
448
466
390
259
131
57
48
73
78
18
-80
-156
-181
-201
-263
-352
-415
-439
-440
-433
-460
-545
-659
-725
-714
-678
-667
-662
-623
-578
-567
-564
-518
-427
-327
-236
-145
-86
-80
-76
-9
99
156
151
151
183
199
182
194
273
364
390
365
362
392
425
468
534
587
571
525
539
592
571
490
460
503
489
379
298
307
308
222
134
99
55
-13
-33
-29
-118
-266
-305
-240
-250
-383
-490
-493
-498
-543
-552
-527
-557
-616
-598
-527
-532
-598
-584
-481
-409
-390
-348
-293
-284
-292
-227
-96
15
74
113
125
116
147
253
358
352
279
262
342
418
413
354
309
316
376
439
452
395
351
390
446
434
377
358
386
400
356
291
244
223
215
192
142
56
-41
-103
-116
-115
-144
-199
-272
-355
-421
-428
-390
-374
-424
-493
-528
-527
-514
-489
-457
-449
-464
-463
-425
-396
-386
-347
-255
-172
-154
-173
-161
-117
-53
37
135
181
155
129
174
270
339
364
386
421
443
457
467
449
415
424
492
536
480
380
328
321
299
276
293
320
295
225
169
127
103
114
135
96
2
-60
-80
-122
-221
-301
-315
-306
-327
-381
-442
-500
-541
-548
-536
-524
-502
-469
-463
-530
-593
-561
-438
-317
-270
-278
-281
-262
-217
-131
-16
83
120
121
130
155
200
266
344
386
349
313
358
433
444
404
402
450
478
450
417
405
398
402
417
394
298
202
206
291
322
238
125
74
89
103
88
50
3
-30
-47
-81
-168
-272
-330
-321
-299
-334
-421
-523
-602
-630
-606
-549
-504
-513
-554
-583
-572
-519
-419
-312
-253
-259
-268
-207
-104
-39
-11
50
152
207
183
171
240
322
345
342
357
371
354
347
387
413
379
348
386
456
470
428
384
358
346
367
399
381
298
211
190
193
170
131
97
56
2
-33
-43
-73
-158
-240
-264
-264
-294
-345
-387
-434
-502
-540
-515
-481
-499
-542
-552
-522
-494
-482
-464
-424
-368
-301
-236
-197
-178
-142
-76
-12
35
92
156
196
201
207
230
274
339
372
363
377
427
433
367
347
412
468
493
513
464
314
242
354
470
406
290
250
212
148
167
214
126
3
20
81
10
-98
-112
-117
-184
-198
-152
-204
-344
-396
-361
-389
-448
-428
-413
-522
-644
-610
-505
-480
-519
-523
-504
-502
-476
-388
-303
-288
-270
-171
-72
-81
-128
-64
105
222
237
222
218
216
246
340
435
468
461
475
489
467
449
488
574
648
659
600
520
471
469
484
494
496
474
392
249
146
154
194
154
68
4
-74
-192
-266
-252
-262
-353
-431
-459
-543
-687
-761
-714
-664
-691
-745
-792
-845
-873
-788
-637
-558
-560
-540
-457
-374
-310
-218
-92
30
129
191
205
204
253
344
426
470
483
476
453
437
442
463
505
553
572
535
476
477
551
617
594
533
515
527
537
536
521
470
396
360
354
311
200
104
74
44
-64
-224
-353
-413
-450
-518
-630
-748
-871
-976
-1008
-961
-925
-954
-998
-1010
-1006
-954
-795
-596
-481
-467
-445
-339
-185
-46
59
156
233
286
331
363
357
354
415
501
521
464
412
414
451
494
515
519
544
589
626
658
693
713
722
757
798
773
722
710
699
614
496
431
393
325
217
86
-78
-233
-337
-408
-506
-648
-791
-903
-1019
-1149
-1227
-1208
-1143
-1096
-1072
-1075
-1089
-1042
-893
-703
-550
-451
-356
-273
-236
-220
-159
-8
155
240
238
210
190
178
208
298
389
405
374
359
359
346
357
451
597
716
765
769
781
829
925
1029
1076
1046
999
962
890
760
626
553
531
494
413
319
253
211
124
-29
-183
-259
-294
-375
-532
-768
-1052
-1272
-1308
-1216
-1165
-1200
-1260
-1315
-1376
-1363
-1217
-1025
-898
-836
-771
-707
-662
-581
-409
-205
-52
61
163
226
211
194
261
386
471
478
422
327
255
265
370
483
538
547
545
556
594
686
850
1036
1159
1158
1070
1008
1046
1129
1165
1122
1024
893
732
602
554
558
528
431
276
43
-199
-328
-331
-396
-685
-1065
-1306
-1357
-1345
-1352
-1385
-1466
-1554
-1565
-1434
-1235
-1085
-1016
-970
-868
-756
-682
-614
-500
-372
-275
-194
-115
-66
-40
19
127
250
332
350
329
314
329
360
414
507
598
643
672
719
790
858
935
1067
1227
1335
1329
1241
1145
1090
1089
1121
1120
1019
860
725
628
558
486
392
276
181
92
-48
-205
-379
-665
-1059
-1351
-1408
-1363
-1353
-1416
-1576
-1818
-1955
-1839
-1572
-1315
-1139
-1053
-1036
-1031
-983
-854
-632
-384
-209
-143
-148
-182
-172
-63
111
281
381
373
283
199
212
332
520
694
753
697
651
709
862
1055
1234
1355
1416
1441
1432
1389
1337
1329
1369
1386
1290
1090
888
741
658
623
622
577
416
208
81
24
-71
-191
-321
-581
-1010
-1392
-1519
-1494
-1491
-1542
-1627
-1763
-1933
-1975
-1805
-1560
-1400
-1308
-1185
-1101
-1111
-1090
-918
-679
-499
-344
-210
-152
-158
-112
32
197
318
394
436
441
461
533
587
550
538
665
862
989
1049
1079
1068
1081
1212
1410
1519
1513
1469
1442
1395
1292
1170
1089
1071
1066
1003
855
660
492
413
412
426
386
235
-1
-247
-497
-822
-1200
-1466
-1531
-1508
-1575
-1785
-2042
-2209
-2196
-1991
-1700
-1498
-1462
-1478
-1385
-1193
-1009
-855
-673
-493
-391
-343
-252
-114
-7
50
138
255
311
293
286
336
405
484
602
687
611
452
487
830
1239
1423
1373
1260
1222
1315
1539
1763
1795
1618
1395
1264
1202
1145
1107
1082
997
825
642
516
412
306
239
209
142
-29
-290
-623
-1003
-1325
-1477
-1493
-1528
-1671
-1883
-2069
-2153
-2104
-1946
-1741
-1566
-1451
-1380
-1300
-1194
-1059
-893
-695
-495
-364
-328
-330
-279
-154
14
168
271
301
289
288
349
465
571
637
707
797
814
728
715
959
1342
1589
1602
1475
1327
1270
1396
1631
1720
1530
1221
1023
974
953
914
856
756
599
459
409
411
383
302
203
108
-25
-297
-727
-1178
-1428
-1442
-1413
-1522
-1769
-2039
-2226
-2250
-2089
-1848
-1664
-1565
-1491
-1421
-1354
-1233
-1014
-742
-525
-415
-390
-372
-310
-198
-47
123
276
341
331
326
374
460
569
712
816
757
596
588
840
1165
1355
1398
1354
1274
1264
1392
1574
1645
1585
1486
1383
1257
1131
1064
1060
1047
957
797
605
437
350
359
374
289
90
-170
-487
-886
-1265
-1454
-1459
-1475
-1632
-1859
-2059
-2187
-2190
-2046
-1841
-1690
-1602
-1527
-1433
-1335
-1223
-1048
-799
-538
-364
-323
-355
-342
-233
-47
143
248
243
197
211
285
387
509
648
733
708
663
756
1006
1273
1437
1469
1409
1334
1358
1504
1655
1692
1606
1460
1314
1180
1104
1115
1145
1067
864
651
515
434
361
318
292
203
16
-221
-495
-836
-1177
-1365
-1381
-1394
-1530
-1740
-1921
-2032
-2053
-1962
-1787
-1626
-1531
-1490
-1452
-1384
-1279
-1109
-888
-698
-609
-590
-572
-505
-372
-192
-7
136
213
240
263
334
456
600
757
895
936
846
757
855
1149
1441
1579
1543
1403
1273
1285
1454
1625
1627
1451
1235
1092
1031
1024
1037
1004
887
723
587
520
497
470
436
375
237
15
-238
-516
-851
-1163
-1320
-1365
-1500
-1745
-1954
-2093
-2201
-2220
-2070
-1876
-1770
-1730
-1648
-1506
-1360
-1202
-990
-753
-608
-579
-534
-385
-206
-75
33
150
238
264
294
399
556
679
755
823
844
768
717
851
1111
1305
1363
1344
1285
1248
1329
1509
1633
1599
1448
1291
1209
1187
1171
1146
1098
984
798
618
525
509
515
503
423
217
-91
-337
-467
-632
-957
-1284
-1444
-1525
-1710
-1953
-2098
-2164
-2161
-2028
-1837
-1784
-1844
-1776
-1515
-1238
-1083
-1001
-898
-727
-534
-404
-359
-319
-228
-92
40
125
164
223
344
463
538
592
645
719
819
861
790
789
1029
1338
1451
1396
1326
1301
1383
1608
1775
1694
1482
1349
1296
1237
1173
1112
1037
900
705
507
372
322
354
427
401
174
-140
-352
-504
-776
-1112
-1302
-1338
-1437
-1674
-1916
-2101
-2232
-2194
-1928
-1695
-1707
-1760
-1636
-1447
-1320
-1171
-972
-809
-678
-558
-513
-514
-410
-169
52
158
177
172
212
328
480
589
650
722
807
822
734
689
874
1217
1462
1488
1378
1248
1242
1437
1707
1797
1633
1378
1175
1076
1071
1115
1131
1076
925
687
469
386
418
451
437
346
106
-241
-524
-678
-831
-1066
-1310
-1483
-1621
-1776
-1928
-2011
-2017
-1978
-1907
-1795
-1681
-1605
-1528
-1390
-1222
-1087
-952
-776
-602
-505
-479
-437
-317
-158
-38
53
151
228
267
328
434
515
583
707
802
720
626
796
1148
1390
1447
1416
1328
1281
1427
1671
1752
1645
1517
1411
1268
1130
1059
1058
1070
1022
843
585
422
426
489
474
334
92
-152
-306
-413
-618
-958
-1267
-1407
-1461
-1598
-1825
-1991
-2047
-2045
-2006
-1899
-1775
-1699
-1621
-1475
-1314
-1218
-1099
-890
-691
-615
-616
-569
-453
-298
-133
8
103
168
242
333
415
498
607
745
858
870
807
800
963
1232
1435
1495
1445
1357
1340
1492
1701
1749
1623
1457
1312
1184
1108
1102
1063
941
773
601
454
371
369
374
321
209
49
-135
-289
-416
-596
-860
-1134
-1367
-1562
-1707
-1773
-1827
-1933
-2031
-2034
-1951
-1841
-1727
-1611
-1475
-1340
-1236
-1145
-997
-814
-677
-554
-409
-309
-268
-151
47
192
258
328
395
439
543
673
734
780
887
910
813
857
1121
1352
1430
1476
1473
1361
1317
1488
1673
1655
1498
1329
1171
1037
974
958
941
884
747
560
411
351
365
399
346
136
-117
-281
-411
-597
-796
-1007
-1269
-1472
-1536
-1634
-1871
-2010
-1939
-1862
-1890
-1890
-1806
-1720
-1597
-1424
-1300
-1248
-1147
-941
-724
-582
-510
-445
-304
-101
29
72
140
268
392
479
545
599
679
827
945
921
868
968
1188
1367
1434
1408
1330
1310
1431
1598
1641
1550
1430
1314
1207
1115
1059
1032
995
887
686
482
375
369
410
405
265
20
-177
-246
-310
-460
-686
-978
-1297
-1471
-1468
-1530
-1746
-1898
-1902
-1912
-1942
-1860
-1736
-1671
-1577
-1423
-1319
-1254
-1091
-873
-718
-610
-511
-437
-313
-114
44
123
223
324
353
397
526
651
724
797
811
741
760
957
1152
1227
1285
1343
1311
1271
1360
1487
1520
1506
1498
1404
1205
1050
1033
1083
1074
940
696
463
370
403
422
339
185
42
-97
-266
-445
-567
-642
-795
-1080
-1378
-1539
-1584
-1617
-1664
-1736
-1829
-1869
-1791
-1682
-1623
-1530
-1334
-1164
-1119
-1114
-1051
-923
-720
-474
-331
-327
-304
-188
-51
75
225
350
404
456
535
600
685
812
868
848
938
1141
1253
1275
1351
1416
1372
1378
1525
1606
1522
1423
1346
1220
1086
1032
1000
925
823
682
512
397
346
305
260
204
78
-128
-309
-401
-443
-523
-743
-1042
-1217
-1250
-1349
-1546
-1652
-1678
-1750
-1794
-1731
-1679
-1675
-1571
-1383
-1279
-1234
-1131
-1011
-876
-668
-502
-473
-420
-231
-59
22
140
275
337
393
498
573
629
758
851
793
733
846
1030
1143
1192
1196
1158
1183
1337
1464
1445
1369
1341
1316
1249
1169
1080
979
903
840
714
541
429
383
324
257
202
96
-81
-238
-336
-432
-541
-656
-857
-1144
-1354
-1420
-1456
-1548
-1630
-1683
-1756
-1783
-1688
-1572
-1505
-1397
-1251
-1163
-1102
-981
-845
-715
-527
-342
-288
-279
-171
-13
116
230
343
406
440
497
563
624
695
779
856
923
978
1011
1044
1126
1259
1373
1410
1405
1400
1373
1323
1293
1278
1226
1131
1022
878
706
596
573
546
448
322
186
53
-55
-138
-247
-375
-486
-594
-766
-995
-1180
-1267
-1295
-1339
-1414
-1515
-1608
-1643
-1601
-1530
-1468
-1405
-1312
-1214
-1144
-1085
-985
-829
-655
-499
-387
-321
-254
-150
-16
99
188
266
344
418
478
529
575
643
740
838
910
947
976
1029
1105
1190
1248
1268
1278
1294
1304
1287
1233
1172
1122
1080
1011
886
745
629
548
466
365
248
137
37
-63
-180
-311
-406
-472
-549
-675
-833
-969
-1062
-1108
-1148
-1219
-1308
-1367
-1385
-1382
-1376
-1358
-1320
-1254
-1165
-1082
-1014
-937
-833
-704
-571
-456
-355
-255
-156
-61
13
82
162
257
346
401
430
467
529
615
702
770
830
890
957
1011
1054
1100
1153
1193
1204
1181
1134
1090
1065
1036
970
871
766
672
597
519
423
327
247
168
75
-24
-111
-174
-229
-302
-400
-514
-606
-668
-730
-799
-876
-949
-1002
-1035
-1073
-1121
-1151
-1148
-1124
-1093
-1068
-1040
-997
-925
-847
-772
-682
-574
-463
-378
-316
-259
-181
-85
4
72
113
153
205
265
319
376
439
509
577
629
671
713
782
865
941
991
1014
1027
1042
1063
1074
1072
1053
1017
968
902
830
757
686
621
545
454
350
255
170
94
15
-72
-159
-246
-332
-428
-527
-625
-709
-780
-846
-914
-988
-1053
-1100
-1127
-1140
-1140
-1130
-1117
-1098
-1075
-1042
-984
-911
-831
-764
-712
-654
-582
-495
-400
-318
-237
-159
-80
-5
67
150
246
350
448
527
589
658
745
846
944
1021
1072
1107
1141
1175
1197
1206
1202
1193
1177
1137
1067
984
918
869
820
750
645
530
434
353
270
174
63
-43
-144
-255
-383
-513
-623
-716
-804
-903
-1006
-1096
-1159
-1203
-1240
-1272
-1288
-1286
-1271
-1251
-1227
-1184
-1125
-1056
-985
-909
-825
-733
-641
-553
-468
-372
-260
-153
-57
26
107
196
298
404
506
600
688
773
858
940
1018
1091
1159
1214
1245
1255
1242
1231
1221
1201
1166
1110
1045
974
906
836
766
696
625
549
458
353
240
128
24
-80
-188
-302
-427
-552
-676
-783
-865
-928
-991
-1060
-1133
-1202
-1245
-1259
-1252
-1237
-1229
-1226
-1218
-1189
-1137
-1067
-988
-901
-813
-727
-641
-566
-482
-384
-265
-151
-53
23
97
183
288
397
496
594
700
812
905
976
1033
1105
1189
1258
1290
1284
1264
1248
1239
1214
1163
1105
1052
1002
939
848
755
678
615
546
443
312
185
80
-12
-121
-256
-394
-515
-614
-719
-832
-939
-1018
-1072
-1123
-1182
-1242
-1271
-1264
-1241
-1227
-1223
-1206
-1165
-1103
-1037
-978
-919
-844
-750
-658
-581
-507
-418
-304
-189
-93
-15
65
167
286
400
490
570
659
764
860
937
989
1047
1113
1170
1201
1203
1200
1206
1214
1200
1161
1106
1052
1013
964
895
807
722
644
557
456
345
230
122
18
-99
-233
-363
-483
-589
-692
-798
-902
-995
-1068
-1131
-1185
-1231
-1263
-1277
-1277
-1268
-1253
-1228
-1184
-1127
-1067
-1000
-929
-845
-752
-662
-576
-481
-376
-261
-151
-52
46
151
261
368
464
546
634
727
819
893
949
1000
1059
1116
1154
1172
1184
1202
1213
1210
1181
1140
1100
1056
1005
933
840
747
655
559
444
318
188
67
-47
-167
-295
-424
-542
-642
-731
-818
-907
-986
-1048
-1088
-1119
-1150
-1172
-1178
-1162
-1144
-1125
-1101
-1061
-1002
-945
-891
-837
-767
-684
-600
-524
-451
-361
-262
-155
-64
17
114
222
333
430
514
600
693
787
864
927
978
1033
1091
1131
1149
1146
1146
1152
1148
1117
1065
1008
957
909
841
750
646
552
469
379
268
145
28
-72
-169
-277
-398
-514
-606
-686
-768
-858
-940
-1001
-1042
-1075
-1114
-1146
-1157
-1147
-1126
-1108
-1087
-1048
-992
-928
-864
-800
-733
-652
-558
-466
-379
-294
-202
-100
5
98
185
278
374
470
554
627
702
782
854
916
962
1007
1050
1085
1106
1111
1113
1109
1094
1062
1018
971
919
858
786
698
606
513
415
310
201
81
-34
-147
-255
-371
-483
-589
-679
-759
-837
-905
-968
-1014
-1037
-1052
-1066
-1072
-1060
-1034
-1004
-970
-936
-893
-839
-779
-724
-667
-604
-536
-464
-390
-316
-242
-166
-82
6
89
172
259
346
430
519
598
669
746
818
881
932
979
1017
1046
1069
1079
1076
1059
1036
1004
962
913
850
778
699
616
528
430
330
226
118
15
-90
-197
-304
-409
-502
-589
-672
-753
-825
-886
-931
-970
-1001
-1023
-1034
-1034
-1024
-1007
-981
-945
-906
-858
-803
-742
-682
-616
-545
-471
-392
-315
-236
-156
-73
15
103
182
262
345
426
504
578
644
709
771
828
877
916
950
975
999
1012
1014
1005
986
959
926
883
830
765
694
617
532
441
345
250
153
48
-60
-163
-257
-350
-442
-529
-612
-684
-751
-814
-869
-913
-950
-973
-991
-1003
-1006
-1000
-981
-955
-919
-877
-828
-771
-707
-636
-564
-491
-413
-327
-242
-157
-72
10
96
177
258
336
410
482
551
613
674
729
781
829
866
902
929
949
963
968
963
950
927
896
859
809
754
688
617
538
454
365
270
174
76
-21
-119
-214
-306
-397
-483
-561
-631
-698
-759
-812
-857
-890
-914
-932
-942
-943
-937
-921
-893
-863
-828
-785
-734
-679
-620
-555
-488
-419
-348
-271
-193
-119
-45
32
109
185
260
332
400
469
533
593
651
706
754
797
832
862
883
898
908
909
902
885
859
828
787
739
684
625
556
482
404
318
233
140
50
-39
-130
-220
-308
-391
-471
-542
-611
-672
-725
-774
-813
-844
-867
-885
-893
-896
-893
-878
-859
-831
-799
-756
-713
-663
-606
-548
-482
-413
-341
-266
-190
-111
-28
54
137
219
296
374
447
520
586
649
707
757
804
839
866
890
901
907
905
893
869
842
802
756
706
644
581
513
439
361
281
201
118
39
-43
-124
-204
-280
-357
-427
-493
-555
-610
-661
-705
-744
-779
-804
-820
-835
-839
-834
-821
-803
-777
-745
-707
-662
-613
-558
-502
-441
-374
-309
-240
-169
-102
-32
37
104
172
234
295
356
412
466
519
562
605
646
680
712
737
756
773
785
788
787
777
763
742
711
676
634
586
530
466
397
324
246
161
80
-3
-90
-172
-254
-331
-407
-477
-540
-593
-642
-680
-715
-740
-755
-766
-770
-767
-758
-746
-726
-699
-673
-642
-607
-566
-525
-480
-432
-382
-325
-271
-217
-156
-96
-38
26
86
148
211
276
336
394
453
507
559
607
651
687
716
741
760
771
774
775
764
748
725
690
655
612
566
509
449
383
317
249
178
109
37
-33
-105
-170
-238
-299
-360
-419
-471
-519
-562
-602
-638
-668
-692
-711
-724
-730
-732
-730
-721
-705
-681
-657
-624
-587
-547
-500
-452
-396
-340
-277
-215
-153
-88
-23
46
111
179
245
306
369
426
478
531
576
617
655
686
709
728
742
750
747
741
729
706
681
649
610
567
516
463
403
339
273
207
140
71
1
-66
-134
-198
-262
-323
-382
-436
-486
-532
-572
-610
-640
-666
-685
-697
-704
-706
-701
-689
-674
-651
-625
-590
-552
-512
-466
-416
-363
-312
-254
-195
-135
-74
-13
47
105
162
216
272
325
378
428
473
516
554
588
618
641
664
680
689
693
693
679
665
647
619
585
549
506
455
399
337
274
211
146
82
14
-58
-128
-198
-262
-324
-378
-432
-481
-526
-564
-599
-625
-641
-656
-664
-667
-666
-659
-643
-625
-597
-566
-534
-500
-463
-422
-380
-330
-278
-226
-178
-128
-75
-21
35
93
153
208
260
311
363
415
464
510
552
587
616
637
654
666
674
676
670
649
623
595
565
529
491
444
394
341
284
228
172
116
60
1
-58
-115
-174
-230
-279
-327
-372
-415
-459
-496
-528
-554
-579
-597
-607
-618
-622
-619
-616
-606
-586
-565
-538
-510
-478
-442
-401
-357
-310
-261
-210
-159
-104
-48
9
65
123
182
235
289
341
391
438
478
516
546
575
597
614
627
631
634
628
618
601
582
554
523
488
450
405
360
311
258
202
146
91
32
-23
-79
-133
-188
-239
-291
-338
-382
-423
-461
-495
-526
-553
-572
-586
-597
-597
-593
-588
-579
-565
-543
-517
-486
-452
-414
-372
-329
-286
-239
-189
-140
-88
-41
9
60
108
155
200
248
291
331
369
408
441
470
495
518
539
555
567
572
577
574
568
556
537
513
487
456
417
373
325
272
217
159
103
43
-16
-75
-132
-186
-238
-287
-331
-370
-408
-442
-470
-490
-510
-522
-529
-536
-535
-533
-523
-512
-497
-477
-457
-430
-398
-367
-336
-304
-264
-226
-185
-143
-100
-57
-14
32
76
122
162
205
243
283
322
356
392
426
450
475
491
508
521
530
533
528
521
506
489
467
439
407
374
336
295
253
206
158
114
63
14
-35
-81
-128
-173
-217
-259
-300
-336
-371
-403
-429
-452
-472
-486
-498
-506
-507
-505
-501
-493
-476
-457
-437
-410
-381
-348
-313
-276
-236
-192
-150
-108
-58
-14
29
72
119
161
204
245
280
315
347
376
402
426
443
458
468
476
478
477
472
462
453
437
417
393
366
338
306
272
236
197
157
115
74
29
-13
-56
-101
-142
-184
-223
-262
-296
-328
-358
-386
-411
-433
-450
-463
-471
-476
-479
-473
-464
-449
-430
-406
-379
-348
-317
-282
-244
-204
-162
-121
-81
-39
3
45
85
120
158
190
222
257
284
311
334
354
372
386
400
410
416
421
420
419
412
403
392
377
360
338
313
283
252
218
182
145
101
62
18
-26
-70
-115
-155
-193
-233
-267
-302
-331
-355
-378
-393
-406
-413
-414
-413
-409
-399
-390
-373
-355
-337
-314
-291
-265
-237
-209
-181
-155
-125
-94
-67
-38
-8
20
49
77
103
131
155
183
210
233
260
278
300
321
336
352
366
375
380
382
385
379
369
358
341
323
299
271
242
209
176
138
98
59
19
-19
-59
-97
-133
-166
-200
-229
-257
-280
-301
-322
-335
-347
-355
-360
-361
-361
-357
-348
-338
-324
-308
-290
-269
-246
-221
-197
-170
-140
-109
-77
-45
-13
16
46
76
103
131
156
180
200
220
236
249
257
265
271
273
272
272
264
258
250
240
228
216
200
186
173
156
139
121
104
86
69
50
33
14
-6
-29
-47
-65
-84
-101
-119
-134
-152
-172
-187
-198
-208
-217
-227
-235
-238
-239
-235
-233
-227
-220
-208
-196
-181
-168
-152
-132
-115
-96
-76
-58
-39
-18
2
21
42
62
80
98
112
128
145
162
176
188
197
208
216
223
228
230
229
227
224
216
208
197
184
168
152
132
110
87
62
37
8
-15
-42
-66
-91
-112
-130
-149
-162
-176
-183
-189
-194
-196
-194
-191
-188
-180
-176
-169
-162
-156
-149
-138
-128
-123
-110
-101
-89
-79
-69
-57
-47
-35
-22
-9
6
19
33
50
66
83
97
114
131
144
158
172
184
190
195
197
195
192
188
181
169
155
138
120
100
83
65
47
28
11
-8
-24
-36
-50
-58
-65
-71
-77
-81
-85
-88
-92
-97
-98
-101
-105
-109
-114
-119
-124
-128
-131
-134
-132
-128
-122
-115
-106
-96
-86
-72
-58
-43
-30
-15
3
13
27
39
50
58
63
70
74
80
84
88
90
89
86
86
87
89
86
85
81
78
75
72
71
67
62
54
47
41
41
33
24
15
4
-1
-8
-10
-18
-25
-34
-42
-47
-50
-52
-54
-55
-61
-64
-64
-64
-61
-60
-54
-50
-48
-43
-39
-33
-33
-33
-28
-26
-23
-21
-21
-20
-24
-25
-22
-22
-22
-17
-12
-12
-12
-11
-4
3
8
16
22
25
35
43
50
52
60
66
73
77
75
76
74
72
68
61
54
48
44
38
26
17
8
1
-3
-12
-18
-24
-27
-29
-30
-35
-39
-42
-39
-40
-42
-42
-39
-33
-31
-34
-36
-34
-27
-23
-26
-27
-28
-25
-21
-24
-26
-26
-19
-14
-14
-17
-15
-9
-1
3
5
5
8
17
21
20
19
23
29
30
30
27
26
32
31
25
17
18
21
22
18
10
10
14
17
13
5
2
6
10
9
8
5
5
10
8
5
0
-3
-2
-3
-7
-12
-16
-16
-13
-14
-14
-17
-17
-16
-18
-19
-19
-15
-10
-12
-14
-13
-13
-9
-5
-6
-6
-5
-2
-1
2
3
1
5
8
11
6
7
4
7
10
8
8
5
4
5
4
3
4
5
5
2
-1
-2
-2
1
1
0
-5
-3
0
3
1
0
-2
0
1
1
-1
-2
-1
2
4
0
2
0
1
4
2
2
2
1
2
3
5
4
4
4
2
-1
-1
-1
2
2
1
-4
-6
-5
-3
-4
-4
-2
-4
-5
-3
-1
-4
-1
0
2
2
1
3
1
5
6
2
-2
2
1
3
1
1
-1
0
2
-1
-5
-6
-3
-3
-2
-2
-6
-5
-3
-2
-4
-3
2
1
3
2
-1
-2
-1
2
1
0
2
1
0
3
2
-1
3
4
4
1
2
3
4
8
9
2
5
5
1
0
1
2
0
1
-1
-4
-3
-1
-3
-2
0
1
1
0
-2
-5
-7
-4
-2
-3
-1
-1
-3
-3
-3
-1
-1
1
0
0
-1
0
1
1
2
4
3
3
2
2
1
2
5
3
2
1
-1
-1
2
2
1
2
0
0
0
1
2
3
3
-1
-3
-5
-1
0
-1
0
-3
-2
-4
-4
-4
-3
-3
-5
-5
-2
-2
-4
-2
-1
0
2
0
2
1
1
0
-1
1
0
2
2
1
2
3
6
4
4
0
0
0
1
1
1
2
0
-2
0
1
2
3
2
1
2
1
-1
-1
2
1
0
0
1
2
0
1
1
1
1
1
1
1
-2
-1
-3
-3
-2
-2
0
0
0
-2
-1
-1
-2
0
0
1
3
3
2
-2
-2
-2
-4
-3
-2
-3
-2
-1
1
-1
-3
-3
-4
0
0
0
2
2
1
2
2
1
4
4
4
3
2
4
3
3
2
0
-2
0
-4
-1
0
-2
-2
1
-2
-4
-1
-1
-1
-1
-2
-1
-1
-2
1
-1
3
1
1
2
4
0
0
0
1
0
0
-1
0
1
0
-3
-1
-1
-1
-2
1
1
0
0
-1
0
1
3
2
5
5
3
2
1
1
0
-2
-2
0
-2
0
-3
0
0
-1
2
2
1
1
0
-3
0
0
0
1
0
-2
-1
-4
-1
-1
1
2
3
3
1
4
-1
0
-2
-3
-1
-3
-1
-1
-2
0
0
3
1
2
2
2
2
2
3
0
-1
0
1
0
3
2
1
3
-1
0
0
-1
-1
-1
-3
-4
-3
-1
-2
-3
-4
1
0
-2
0
-2
-2
-1
-1
-2
2
2
2
2
3
3
3
3
4
2
-2
0
-1
-1
0
-3
-5
-4
-3
-2
-2
-1
2
2
3
4
4
1
1
2
1
3
1
1
1
1
1
0
0
2
1
2
-3
-4
0
-1
-2
0
-1
1
1
-1
0
2
2
3
1
1
1
0
0
-5
-4
-2
2
1
1
-2
-4
-3
-1
1
0
2
2
0
0
-1
-1
-1
-2
-2
-1
-1
0
0
0
-2
-2
-1
-1
-1
-1
-3
-1
2
1
4
2
4
4
4
4
2
1
1
1
0
-1
-3
-4
-5
-3
-2
-3
-1
-1
0
-1
1
-3
-1
3
3
-1
2
0
4
4
1
5
3
4
3
-1
-1
0
0
-1
0
-2
0
2
-1
-1
-2
-2
2
2
1
1
-2
-3
-2
-3
-4
-2
-1
-4
-2
0
-1
-1
0
1
2
1
2
-1
-2
1
-2
-3
0
2
1
2
4
0
4
2
1
2
1
3
-1
1
0
0
1
2
5
5
5
4
-1
-1
-3
-5
-5
-6
-3
-2
-2
-2
-1
0
2
4
3
2
0
3
-2
-1
1
-1
2
0
-2
-2
0
-1
1
3
-2
1
1
-1
-2
-2
-1
0
-2
-4
1
-1
2
4
4
2
0
-1
-1
1
-1
-2
-2
-2
-3
-2
0
-1
0
-1
-2
0
-1
0
-2
1
-3
-6
-5
-3
-1
2
4
5
6
3
4
5
2
1
0
0
3
3
4
4
5
5
5
4
3
4
0
-4
-4
-1
-3
-1
-2
-2
1
-1
-2
-2
-3
0
-2
-3
-1
0
-1
-4
-1
-4
-3
-3
-5
-6
-5
-1
4
4
2
1
0
-3
-1
1
-1
3
1
1
1
-1
1
1
1
4
3
3
0
2
-3
-5
-3
-4
-1
1
3
4
2
2
0
-2
-3
-6
-2
1
-2
1
1
0
1
2
4
5
7
6
3
2
-3
-3
-1
-2
-3
-2
-1
-2
-4
0
-1
0
4
2
2
-1
-2
0
-1
-1
0
2
0
3
4
4
7
3
3
-1
1
-1
-1
-1
0
-1
-3
0
1
-1
-1
0
4
6
4
0
-3
-4
-4
-8
-9
-3
0
0
-1
-3
-1
3
2
-4
-1
-1
-2
-4
-6
-2
2
2
-1
-1
3
2
2
-2
-6
-3
-2
-1
-1
1
1
1
2
3
4
2
3
6
6
1
-1
-2
0
1
2
1
5
6
3
2
0
3
5
6
6
6
4
-1
-4
-3
-1
0
-1
2
3
2
-1
-1
3
3
0
-4
-3
-5
-8
-15
-16
-11
-10
-3
1
3
6
5
5
4
4
2
1
-3
-3
-4
-2
0
3
8
12
10
6
3
0
-4
-10
-10
-11
-6
-3
-4
1
2
1
1
-1
-1
-2
-4
-1
-1
1
2
5
5
4
4
3
0
2
4
4
2
0
2
-1
-4
-3
-1
-1
1
-1
-1
2
-1
1
0
3
4
6
4
1
-2
-7
-5
-4
-1
3
6
4
1
0
1
-2
-3
0
0
0
-3
-6
-4
-2
0
1
6
9
9
5
2
-1
-1
-2
-4
-4
-4
-2
-2
-3
-3
-1
1
1
0
1
-2
-3
-6
-6
-3
-3
-2
0
-1
1
0
0
1
4
3
0
2
2
0
-3
-3
-3
0
5
6
2
-1
3
2
0
4
5
4
3
3
4
0
-1
0
3
5
3
1
2
2
2
2
-1
-1
-2
-3
-4
-4
-6
-7
-5
-3
-2
-2
0
0
-4
-5
-6
-2
-3
1
2
1
-3
0
1
1
5
3
3
1
-4
-3
1
0
0
0
0
1
4
0
1
2
3
3
4
3
4
2
-1
-5
-3
0
2
4
4
0
0
0
-3
-1
1
-1
-1
-4
-6
-6
-2
2
0
5
1
-2
-1
-3
2
4
3
2
1
1
-4
-4
-4
-2
0
1
1
0
2
1
-3
-4
-4
-1
4
2
0
-4
-5
-6
-2
1
3
5
3
1
-2
3
3
2
6
1
2
3
0
2
0
4
3
6
1
-2
2
-1
2
0
0
-2
-5
-4
-5
-3
2
-1
-1
2
1
2
2
2
-1
1
0
-2
-5
-3
-2
-3
-1
-4
-3
2
3
2
2
3
-3
-5
-5
-4
0
2
2
1
0
-1
2
-1
4
3
1
4
-1
-1
-2
2
-1
1
7
4
4
1
0
3
2
1
0
-1
-2
-3
-5
-5
-3
-4
1
0
-2
1
2
0
-2
-1
1
1
-1
-2
-4
-2
-2
1
0
1
3
2
2
2
0
1
0
0
2
-1
-3
-2
-3
-6
-2
-1
1
3
2
3
2
1
1
-1
1
3
0
0
3
3
0
3
0
1
3
0
3
2
-1
-2
-2
-2
-1
-4
-5
-3
-2
0
2
1
0
1
0
-1
1
2
6
3
2
2
1
4
3
1
2
5
1
-3
-3
-3
-2
-1
-3
-3
-4
-3
-2
-2
1
-2
-3
-3
-3
-3
-3
-2
-2
-2
-1
0
-1
-3
-1
0
1
-1
3
5
3
4
3
2
0
-1
-1
3
2
2
4
1
4
1
0
1
1
2
-1
1
2
2
-1
0
2
4
4
5
1
-2
-2
-1
-3
-5
-4
-3
-2
1
1
1
1
0
2
3
1
1
-1
0
0
-3
-2
-1
-2
-1
-1
-1
0
-2
-3
-3
-2
0
-1
-5
-4
-5
0
1
-1
1
2
3
2
4
3
1
2
1
-2
-3
-2
-2
-1
2
4
2
3
1
1
3
3
2
3
1
2
1
1
0
1
-1
3
3
1
2
1
-1
-5
-3
-5
-4
-3
-2
1
-2
1
1
2
1
0
1
-1
0
-1
-3
-4
-1
-3
1
4
2
0
0
0
2
0
-3
-2
-2
-4
-3
2
3
4
0
0
-2
-3
1
-1
1
1
1
-1
-2
-3
-3
-2
1
1
0
1
1
3
1
0
0
0
2
-1
-3
-4
-2
-1
1
-2
-2
1
2
3
2
0
3
3
2
2
1
1
-2
-3
2
1
