2
2
3
4
2
2
1
-1
3
4
1
1
0
0
-1
0
-4
-3
-2
-1
-3
-3
-3
-3
-2
-2
-2
-2
-1
-2
1
-1
2
3
-1
3
5
2
1
3
2
0
0
-1
-2
0
1
-1
-1
-2
0
0
-2
0
-1
0
-1
-1
0
0
1
-2
-1
-4
-2
-3
-2
1
0
-1
0
-1
0
2
1
0
0
-2
0
2
1
2
2
1
1
2
4
2
0
2
2
1
2
-2
1
1
1
-1
2
1
0
2
0
2
1
3
-1
1
4
0
-1
2
2
0
-1
-2
-5
-3
-2
-4
-2
-4
-4
-5
-2
-1
-1
0
1
2
-1
-2
-2
-2
-1
1
1
0
1
1
3
1
-1
-2
-1
0
-1
1
3
2
2
3
2
4
4
1
1
-1
1
1
-1
0
0
0
-1
-1
-1
-1
-1
0
-1
-1
0
1
2
2
3
2
1
1
1
2
2
1
1
2
0
-1
-1
-2
-3
-3
-5
-3
-3
-3
1
-1
-2
0
1
1
0
1
2
-1
1
0
-1
1
0
2
0
-1
0
0
0
2
4
4
4
3
2
3
0
-2
0
1
-1
-2
-3
-1
0
-2
-1
-2
-3
-4
-2
-1
-2
-2
-1
-2
-2
-1
-1
1
2
2
0
1
0
2
1
3
4
1
2
0
-1
-2
0
2
0
-1
-3
-1
-5
-4
-3
0
-2
-3
-5
-3
1
1
2
2
3
2
2
1
4
2
2
5
5
4
3
3
4
4
0
-1
-2
-1
1
-2
0
0
-1
-3
-3
-2
0
-2
-3
-3
-3
-3
-2
-3
-2
-1
-2
-1
1
-1
-1
2
0
0
1
0
0
1
-1
1
1
1
3
0
2
2
1
0
1
2
1
1
-3
-3
-1
0
-2
-3
0
-1
-2
1
-1
-3
-3
-3
-1
-1
-1
-1
0
0
1
2
0
2
0
2
1
-1
3
4
2
1
1
0
2
0
-1
-1
0
0
2
3
0
1
0
-2
1
0
0
0
-1
0
1
-1
-2
-2
0
1
2
1
1
0
1
3
1
0
-2
0
-1
-1
-1
-1
0
-3
-2
-1
1
0
-1
0
-1
-2
-1
0
1
1
1
1
1
-1
0
1
-3
0
-2
-1
0
1
1
0
0
0
1
-2
-1
-2
0
2
1
-1
0
2
1
2
0
1
2
2
-1
0
0
0
-1
-1
-1
-1
-1
0
3
1
0
2
1
1
2
0
2
2
0
2
3
1
1
1
-2
-1
-1
-1
-2
-1
2
0
-3
0
0
-1
1
-1
-1
-2
0
1
2
5
0
0
1
4
3
1
0
-1
0
-1
-1
-1
-3
-4
-3
-3
-3
-5
-1
0
-1
-1
-2
-3
1
1
-1
-1
-1
0
-1
1
1
1
2
1
1
1
2
1
1
2
1
2
1
1
1
1
2
-1
-1
0
0
1
4
2
1
-1
-2
-2
-1
-2
0
-2
0
3
0
-1
0
4
3
2
2
0
1
1
3
2
2
0
0
0
0
-1
-1
-2
-3
-1
-2
-1
-2
-3
-3
-2
1
0
-1
0
0
0
-1
0
0
0
-1
-3
0
-2
-1
1
-1
0
0
-2
0
-1
-1
0
-2
-1
-2
-1
1
1
1
0
0
0
-1
1
1
1
0
1
1
2
2
1
0
-1
1
2
1
4
4
1
-1
-2
2
1
1
2
1
-1
0
0
-1
-1
-1
0
0
0
-1
-1
-1
-1
-2
1
-1
0
-2
-1
-1
-2
1
0
2
-1
0
0
1
-2
2
-1
0
0
0
2
-1
0
0
-2
-1
0
0
-2
0
0
-2
-2
-1
1
-1
1
-1
-3
1
-1
1
2
3
3
3
3
0
2
1
2
2
2
1
1
1
-2
0
1
-1
-1
-4
-5
-1
0
0
2
0
-3
-2
0
1
0
-2
-1
-1
0
0
-1
-3
-1
-3
0
-2
-2
-1
0
2
3
2
3
2
2
1
0
1
1
0
-1
0
0
1
0
-3
-3
-1
-2
-4
-1
-2
1
0
-1
1
2
-1
0
2
2
2
1
1
2
3
4
2
1
1
-1
-3
-1
1
2
3
2
0
-1
-1
-1
1
-1
0
-2
-3
0
0
3
2
0
2
1
1
0
-1
-2
-3
-1
1
-3
-3
-1
-2
-2
0
2
2
1
0
3
1
4
2
2
-1
-2
-2
0
0
0
-2
-2
-1
-1
0
0
0
-3
-2
-2
-2
-1
0
0
-1
-2
-2
0
-1
0
0
1
0
-1
-1
0
0
0
0
-2
0
-2
-2
-1
0
2
0
1
1
-1
0
-1
1
3
2
0
2
2
1
2
4
3
1
2
2
1
0
3
1
-1
1
0
4
1
0
2
1
-1
-3
0
1
-1
-1
-1
0
1
0
1
-1
0
0
-1
-1
-2
-2
-1
-3
-1
0
-2
-1
-1
-1
-1
-1
-1
-2
-1
-1
1
0
-2
-1
2
1
1
0
-1
-1
0
1
2
2
3
1
2
2
3
0
-1
-2
-1
0
0
1
1
-2
-1
-2
-2
-2
-2
-1
-1
0
2
0
1
0
0
1
3
3
0
1
4
2
1
1
3
2
2
1
0
3
2
1
2
2
2
1
0
1
-1
-1
-3
-5
-2
0
0
-2
1
1
-2
-1
-1
-1
1
0
-4
-4
-6
-5
-1
0
2
1
1
1
1
-2
0
0
1
-1
0
3
2
3
2
2
2
-1
0
0
1
3
3
0
1
0
-2
0
-3
0
0
-1
0
0
1
0
-2
-2
-1
-2
0
-1
0
1
1
0
0
0
2
2
1
-3
-3
-2
-2
-1
0
1
-1
0
-1
0
2
1
3
1
1
1
1
2
0
0
0
1
0
0
3
1
1
-1
-2
0
0
-1
0
1
-1
-1
1
1
1
2
0
-1
-1
-2
1
1
2
2
2
4
0
1
0
-1
-1
-1
2
3
1
-1
-1
0
2
-1
0
-1
-3
-2
-3
-2
-2
0
1
-2
-2
-5
-4
-2
-4
-2
-1
-1
-3
-1
2
4
5
3
2
0
1
5
9
8
6
4
5
2
1
1
-2
-2
-4
-6
-6
-5
-2
-1
3
-1
-6
-7
-7
-5
1
5
7
6
0
-5
-6
-5
-4
-5
-4
-3
-4
-1
-1
0
0
-1
-2
0
1
4
10
9
10
7
0
-1
3
6
10
10
5
1
-4
-3
-2
2
2
-1
-3
-5
-2
0
0
0
1
1
1
4
1
-1
-4
-4
-2
-3
-5
-12
-10
-6
-4
-9
-23
-25
-16
9
29
4
-52
-158
-234
-206
-140
-61
-10
1
0
6
47
116
175
203
208
192
176
174
170
167
157
130
108
75
44
22
-6
-28
-60
-83
-104
-130
-136
-135
-139
-137
-136
-139
-117
-120
-81
-54
-32
12
4
20
23
-14
21
8
12
53
-25
40
-33
-36
19
-69
33
-11
-41
33
-52
-13
38
-39
76
24
11
72
-29
33
21
-6
31
9
-12
3
-11
-22
9
-2
-18
29
-27
-7
42
-39
75
34
10
108
-12
50
63
-23
98
18
13
87
-39
46
19
-40
52
-29
-15
25
-52
1
6
-43
24
-9
-32
32
-40
-17
24
-62
25
-11
-58
50
-63
-11
28
-87
50
-35
-43
56
-77
28
13
-59
60
-37
-12
54
-61
41
15
-54
71
-39
-13
55
-88
46
-10
-72
71
-92
7
22
-96
60
-61
-19
45
-80
41
-21
-39
46
-60
17
7
-46
45
-36
-9
33
-55
42
-7
-33
69
-54
26
30
-62
82
-44
-1
66
-93
84
-27
-34
97
-106
82
6
-58
125
-92
69
53
-74
144
-64
45
97
-93
134
-42
-3
105
-108
95
-32
-51
84
-118
49
-21
-65
70
-86
18
2
-62
49
-45
-7
27
-51
25
-1
-41
53
-42
-16
67
-85
74
-1
-57
124
-109
75
40
-104
160
-110
37
83
-150
157
-87
-24
109
-162
125
-55
-58
98
-149
93
-49
-43
73
-117
89
-65
-11
49
-97
88
-77
8
39
-88
95
-68
29
42
-66
102
-65
54
22
-47
116
-89
97
-7
-40
142
-140
124
-41
-49
134
-172
140
-71
-37
107
-163
136
-96
5
56
-118
125
-118
67
-8
-61
108
-122
98
-50
-22
61
-89
81
-51
21
6
-29
37
-44
45
-47
30
-5
-32
63
-72
63
-35
0
44
-67
78
-68
38
2
-54
85
-87
63
-15
-41
90
-98
74
-26
-28
80
-90
81
-45
9
41
-61
71
-70
48
6
-45
64
-67
55
-20
-16
42
-68
78
-73
22
37
-83
104
-87
42
17
-70
82
-87
57
-16
-32
67
-72
69
-40
-11
51
-53
43
-46
23
10
-30
28
-35
46
-20
-16
21
-24
27
-32
-4
37
-23
1
10
-9
9
-1
-30
32
13
-37
23
10
14
-11
15
13
0
22
-67
50
12
-46
35
-29
32
2
-38
-6
39
-9
-52
52
-43
44
-2
-79
97
-37
1
-6
-25
38
-23
26
-70
65
29
-84
62
-35
24
26
-89
34
75
-73
-9
29
-10
69
-88
8
56
-22
-1
-34
57
-34
41
-35
-15
73
-89
75
-44
1
9
-20
59
-106
77
-49
55
-6
-123
156
-62
22
-49
12
72
-44
-5
-71
159
-86
-24
55
-50
87
-84
9
15
51
-70
21
49
-102
119
-96
60
-18
-41
105
-101
70
-99
90
18
-113
99
-62
70
-62
-17
47
3
-36
-32
80
-85
87
-94
50
34
-100
125
-120
88
-35
1
-8
-9
76
-121
111
-76
49
8
-58
78
-82
66
-9
-35
14
39
-38
-5
62
-85
85
-61
34
18
-70
105
-77
58
-69
67
-12
-62
100
-82
37
-26
39
-35
23
-49
70
-18
-106
174
-145
58
-16
19
-8
-53
92
-80
40
-32
39
-23
-24
16
25
-23
-36
71
-45
-7
22
3
-40
50
-18
-16
20
-29
64
-77
23
46
-62
26
-25
29
-5
-33
50
-15
-16
19
8
-26
18
8
4
-15
2
21
-2
-8
7
21
-34
40
-21
-27
68
-51
-9
71
-95
74
-30
-28
62
-84
70
-44
0
12
-14
3
-4
7
-4
-2
-12
10
5
2
-38
59
-30
-8
26
-21
24
-18
-7
19
-11
-1
21
-29
40
-24
-2
45
-37
-3
51
-42
-13
41
-28
23
-38
26
17
-50
46
-12
-37
55
-43
-3
46
-68
49
-12
-34
34
-25
17
-28
1
16
-20
3
10
-19
14
-9
5
-8
-14
38
-31
-6
30
-29
18
12
-36
57
-50
37
-4
-16
31
-30
40
-37
34
-5
5
-11
28
-10
-6
11
-5
14
-33
60
-60
17
44
-47
-3
39
-43
42
-48
5
36
-57
39
-35
35
-38
39
-29
10
7
0
9
-38
41
7
-44
0
61
-59
20
-23
32
-32
-8
31
-15
-35
56
-43
0
24
-47
58
-69
52
-4
-51
50
37
-80
38
9
48
-66
4
40
-9
-11
-28
60
-56
52
-57
14
38
-44
14
46
-62
20
30
-19
21
-52
94
-80
42
29
-114
125
-51
-13
28
-47
46
-2
-62
75
-88
72
-13
-98
119
-65
15
-30
50
-19
-45
54
-7
-25
28
-32
21
26
-54
24
16
-24
-3
37
-68
94
-68
40
-19
-16
127
-168
73
79
-108
50
-25
47
22
-144
192
-137
78
-30
-67
182
-205
109
29
-134
138
-77
13
19
-89
197
-263
178
48
-243
227
-94
29
-51
-27
180
-202
44
111
-155
164
-184
128
29
-164
163
-74
38
-40
8
43
-31
-20
60
-73
54
16
-84
39
50
-61
9
-19
34
25
-100
82
-74
102
-52
-78
69
60
-63
-57
103
10
-69
23
41
-69
111
-103
36
16
-9
34
-81
63
40
-107
37
96
-100
23
-45
137
-94
-48
62
5
35
-117
45
34
29
-105
31
38
16
-77
-8
38
30
-29
-114
197
-111
8
50
-76
70
-25
-7
30
-12
-50
96
-39
-17
55
-69
115
-50
-61
130
-66
10
-8
-18
82
-79
-9
42
-24
44
-52
-27
92
-79
8
12
-5
24
-74
37
22
-36
-30
59
-41
-27
70
-73
62
-87
22
81
-117
82
-82
66
12
-108
110
-45
0
-1
-2
37
-17
-72
142
-51
-77
112
-72
126
-175
109
37
-107
140
-166
154
-73
12
27
-70
100
-51
20
-47
52
14
-73
25
75
-111
60
-14
3
57
-144
131
6
-121
103
-50
6
82
-166
147
-31
-59
77
-44
25
-5
-17
-5
65
-96
36
26
-22
12
-59
50
33
-69
-29
75
0
-40
-79
121
-21
-87
58
-55
124
-142
66
2
-32
128
-195
156
-63
21
15
-87
119
-43
-10
-29
48
20
-3
-128
115
103
-154
-29
108
87
-195
81
-12
88
-56
-94
114
-80
117
-150
69
-1
0
11
-31
32
-40
58
-58
77
-152
163
-75
-3
54
-140
203
-159
23
40
18
-65
25
45
-80
139
-145
7
111
-16
-45
-105
174
22
-167
79
9
22
23
-100
63
9
68
-136
-3
233
-226
29
43
-15
18
-30
39
-50
32
-3
9
-64
47
-8
20
-49
-75
140
-50
1
-109
107
29
-92
37
-46
115
-97
-11
54
16
11
-76
18
77
-16
-78
111
-21
-73
81
-50
12
62
-61
30
-30
-55
68
34
5
-51
-25
30
83
-50
-96
141
-33
-33
-22
52
9
-56
38
-32
82
-145
83
59
-78
38
-112
73
33
16
-63
-38
104
-42
-79
100
14
-84
51
-5
-21
-6
42
-10
22
-69
-38
106
10
-57
-14
50
-20
25
-84
60
13
1
-12
-50
71
-16
-35
12
75
-127
36
66
-92
12
94
-56
-28
-36
71
82
-143
65
-17
25
-46
23
96
-54
-88
43
81
-28
-23
-78
166
-100
-42
86
-22
14
-53
3
17
75
-108
-5
30
30
20
-24
-64
35
70
-81
62
-89
83
-55
18
3
12
30
-97
99
-109
128
-48
-21
-16
6
60
-48
-20
6
76
-124
40
102
-109
28
21
-69
107
-11
-87
5
79
-38
25
-87
74
61
-132
27
97
-67
-53
88
-27
-3
-70
135
-117
-13
127
-86
-22
11
70
-89
30
14
-27
101
-143
33
129
-121
-4
29
100
-127
-22
139
-50
-76
60
75
-146
97
-58
9
44
-63
27
18
-5
-42
35
-41
135
-159
-11
177
-122
-38
23
85
-51
39
-72
25
117
-181
111
-61
20
42
-50
10
-33
90
-108
99
-78
-41
97
23
-153
1
215
-180
45
-68
99
27
-177
182
-143
90
11
-108
80
15
28
-98
107
-46
54
-49
-28
125
-188
172
-3
-112
54
93
-27
-115
95
-77
147
-180
-28
110
59
-130
-76
253
-220
210
-196
-13
215
-121
-94
104
23
-65
105
-131
81
37
-58
7
-48
111
-13
-177
225
-138
74
2
-106
153
-98
23
-87
105
-14
-70
10
-6
105
-76
-58
86
-10
-3
-66
93
-56
-32
102
-111
62
-14
37
-102
116
-18
-66
22
12
37
-85
90
-91
15
143
-129
-62
194
-112
13
-15
53
-24
-28
5
40
54
-188
199
-108
20
22
-32
7
-50
129
-84
2
-32
83
-12
-58
29
-37
87
-42
-101
151
-37
-97
62
12
24
-87
71
-28
42
4
-144
128
42
-43
-71
49
64
-59
-45
9
43
45
-60
-99
124
14
-79
-5
57
46
-194
71
109
-13
-37
-167
234
9
-140
55
10
-8
72
-6
-118
54
20
24
-23
21
-66
9
93
-97
40
11
13
-49
-15
102
-37
-68
45
37
-42
-5
-31
101
-102
49
36
-89
8
-1
107
-91
26
-39
17
-44
-77
155
-26
77
-108
-133
198
-75
-53
32
106
22
-68
-156
-51
282
90
-61
-81
88
-65
-30
26
16
57
-62
129
-87
-67
90
39
130
7
-51
-38
-24
-25
8
146
-88
-155
197
-35
-220
-213
52
310
-90
-241
196
-23
-117
213
-154
-80
11
95
104
-272
141
-30
-110
216
-51
-358
-835
-461
-147
141
45
112
367
-175
224
597
540
358
349
313
367
287
267
359
158
-89
2
-98
-259
-165
-390
-231
-374
-295
-336
-111
-221
-363
-213
-260
-27
-258
201
280
31
66
34
106
371
241
259
223
-144
-38
-13
-16
-139
-103
29
-223
-381
162
-80
-249
162
35
-14
-258
255
175
-22
322
96
52
12
159
-43
41
202
-23
-37
-37
-151
-81
17
40
-78
0
22
-694
-1102
-1106
-618
-197
18
447
497
349
410
362
682
866
757
902
588
149
251
314
340
367
87
2
-269
-383
-404
-687
-421
-32
-146
-268
-411
-454
-473
-246
-156
-108
178
33
-153
-114
74
36
154
240
200
172
-66
-283
22
117
126
10
-252
-244
-674
-240
-12
-149
56
81
81
-41
154
58
28
201
222
20
114
163
-234
-22
-32
50
103
79
127
-341
-76
-3
75
296
181
168
19
22
-168
-30
229
240
1
-3
60
-129
70
-86
1
162
103
210
-53
3
1
-18
78
-61
78
23
-169
-83
91
-37
1
54
85
90
-101
65
-62
-60
117
-112
-137
-14
-22
-106
-163
-157
-182
-185
-36
-4
-103
-75
-48
-137
-141
7
24
98
70
-27
-46
-56
31
78
202
154
12
39
45
-18
35
90
74
52
-31
-29
-65
57
40
-116
3
-8
-14
-30
6
40
23
104
68
-20
-12
51
-7
-35
-17
16
39
0
44
52
81
66
-33
-55
-84
-83
-8
27
34
-10
-52
-29
-53
-59
-12
25
5
-3
-26
-16
44
68
62
13
23
-18
-47
-16
4
27
26
29
-40
-55
-25
-11
9
31
30
-19
-67
-93
-83
-67
5
58
56
14
-45
-50
-31
3
49
39
20
18
0
25
-22
-50
-26
-22
-1
-16
4
18
6
40
48
35
11
-12
-3
4
24
34
20
-3
-23
-16
4
-2
5
34
33
33
12
-27
-61
-44
48
100
106
71
-8
-53
-50
-10
24
22
-6
-51
-95
-132
-149
-117
-64
-21
20
8
-56
-97
-74
-20
41
90
87
50
24
15
3
5
40
65
69
51
8
-31
-49
-21
25
49
58
42
5
-16
0
36
86
123
136
120
86
74
80
113
137
132
108
61
29
25
29
29
18
-5
-47
-86
-124
-161
-179
-176
-168
-184
-217
-271
-313
-309
-269
-225
-201
-225
-275
-290
-270
-216
-155
-118
-133
-171
-195
-192
-145
-61
8
26
28
24
39
105
218
334
413
457
467
480
538
636
738
809
839
823
787
752
717
691
679
659
596
478
304
118
-23
-95
-123
-168
-276
-460
-671
-866
-1007
-1076
-1128
-1195
-1316
-1457
-1595
-1707
-1753
-1743
-1653
-1477
-1254
-1075
-937
-781
-567
-278
47
332
536
707
893
1065
1183
1265
1352
1480
1620
1697
1683
1639
1663
1760
1806
1708
1521
1412
1480
1622
1643
1490
1283
1149
1113
1163
1272
1375
1388
1109
217
-1228
-2556
-3114
-2933
-2594
-2670
-3466
-4689
-5564
-5618
-5057
-4283
-3489
-2793
-2271
-1870
-1504
-1063
-312
850
2122
3036
3352
3179
2891
2856
3111
3394
3442
3137
2454
1500
547
-126
-421
-427
-364
-544
-1059
-1587
-1708
-1252
-364
640
1435
1878
2033
2106
2415
3127
3972
4501
4543
4141
3506
2959
2461
1336
-565
-2392
-3452
-3877
-4129
-4689
-5979
-7488
-8137
-7691
-6786
-5809
-4854
-4034
-3169
-2057
-958
-10
1128
2538
3869
4791
5122
4829
4369
4243
4305
4141
3640
2816
1726
635
-329
-1306
-2181
-2605
-2571
-2433
-2425
-2546
-2582
-2146
-1116
168
1280
2084
2683
3282
3922
4410
4685
4927
5126
5037
4593
3872
2967
2185
1628
575
-1518
-3917
-5519
-6081
-5921
-5624
-6049
-7255
-8093
-7769
-6666
-5258
-3730
-2369
-1254
-131
887
1518
2133
3180
4401
5264
5428
4783
3716
2952
2699
2527
2129
1457
501
-558
-1488
-2281
-2850
-2907
-2474
-1974
-1696
-1640
-1600
-1166
-105
1269
2445
3217
3643
3929
4280
4610
4697
4595
4501
4251
3657
2789
1797
950
497
-7
-1562
-3971
-5925
-6599
-6276
-5583
-5285
-5964
-6887
-6893
-5881
-4548
-3065
-1524
-245
749
1562
1992
2126
2657
3677
4587
4842
4305
3132
1989
1447
1272
1006
612
90
-644
-1342
-1856
-2341
-2651
-2282
-1445
-773
-491
-427
-396
4
1049
2280
3135
3543
3662
3587
3597
3751
3786
3625
3443
3086
2410
1610
853
289
118
-204
-1824
-4359
-6133
-6268
-5364
-4273
-3957
-4970
-6209
-6194
-4973
-3451
-1860
-472
386
943
1459
1576
1536
2156
3311
4162
4188
3357
1940
860
687
988
1078
811
162
-758
-1464
-1746
-1848
-1867
-1536
-1019
-622
-460
-401
-220
362
1345
2247
2753
2914
2972
3039
3287
3593
3651
3388
2970
2489
1952
1548
1159
760
558
363
-874
-3342
-5562
-6228
-5393
-4030
-3226
-3931
-5561
-6424
-5741
-4157
-2358
-727
289
714
933
1041
1068
1563
2708
3888
4317
3649
2182
833
457
868
1289
1248
702
-259
-1215
-1668
-1598
-1346
-1085
-821
-759
-881
-881
-516
143
960
1800
2339
2485
2483
2565
2765
3107
3434
3451
3103
2577
1998
1537
1402
1325
1085
871
460
-1106
-3646
-5489
-5665
-4727
-3601
-3072
-3954
-5682
-6489
-5599
-3793
-1883
-304
432
466
518
780
1084
1784
3015
4001
4044
3187
1834
667
445
1022
1443
1188
452
-516
-1419
-1774
-1524
-1148
-957
-865
-891
-1105
-1151
-602
360
1259
1876
2135
2094
2098
2391
2798
3152
3395
3311
2894
2422
1977
1580
1490
1543
1323
1065
753
-683
-3315
-5294
-5484
-4578
-3425
-2793
-3751
-5752
-6681
-5769
-3932
-1875
-163
499
443
489
568
737
1702
3114
3919
3851
3012
1552
412
456
1110
1398
1145
412
-680
-1533
-1716
-1451
-1039
-639
-556
-834
-1099
-1069
-583
426
1525
2082
2079
1922
1888
2162
2801
3414
3565
3265
2775
2232
1747
1535
1617
1687
1452
1132
869
-138
-2420
-4797
-5640
-4823
-3424
-2590
-3326
-5399
-6891
-6341
-4326
-2182
-620
56
128
247
553
827
1406
2519
3552
3834
3172
1756
380
35
629
1194
1138
463
-604
-1460
-1618
-1298
-895
-523
-353
-507
-715
-810
-650
125
1396
2301
2430
2145
1863
1924
2586
3381
3625
3291
2727
2149
1727
1549
1462
1467
1359
1049
833
668
-650
-3316
-5429
-5655
-4535
-3234
-2626
-3749
-5868
-6815
-5631
-3518
-1581
-190
351
327
351
665
1038
1811
2913
3742
3641
2629
1169
110
100
743
1176
890
106
-893
-1570
-1636
-1172
-598
-136
-9
-314
-705
-784
-237
811
1923
2386
2271
1947
1747
1882
2442
2980
3039
2846
2457
1885
1303
1068
1000
1167
1353
1197
862
620
-440
-2976
-5205
-5529
-4278
-2903
-2250
-3316
-5585
-6826
-5780
-3482
-1359
127
537
267
159
582
1110
1904
2955
3612
3371
2367
1035
0
7
710
1145
772
-38
-1025
-1697
-1638
-1069
-515
-171
-37
-422
-874
-867
-230
768
1907
2540
2239
1665
1518
1917
2585
3233
3240
2627
2003
1699
1513
1374
1257
1224
1249
1243
1196
1110
213
-2294
-4937
-5716
-4417
-2822
-2104
-3040
-5331
-6984
-6346
-3929
-1593
-64
443
267
38
290
876
1663
2671
3460
3444
2489
1101
1
-152
464
1050
889
96
-941
-1691
-1736
-1155
-454
-52
35
-266
-598
-594
-124
645
1653
2475
2519
2017
1612
1658
2093
2826
3178
2767
2020
1520
1279
1242
1402
1424
1273
1017
792
824
1139
288
-2483
-5199
-5703
-4347
-2806
-2113
-3330
-5909
-7251
-5889
-3374
-1390
-146
247
57
144
710
1154
1720
2737
3546
3422
2453
1033
-170
-276
524
1084
795
-60
-1137
-1878
-1739
-1040
-469
-150
7
-257
-625
-524
92
1044
2217
3066
2884
2183
1812
2055
2693
3400
3506
2791
1837
1157
970
1209
1444
1192
849
675
576
643
636
-939
-3967
-5858
-5262
-3595
-2462
-2440
-4255
-6570
-6787
-4560
-2195
-687
220
324
8
184
824
1280
2076
3100
3348
2453
1154
-41
-595
-35
804
810
5
-834
-1495
-1613
-1027
-250
181
372
369
0
-201
173
968
1837
2700
2992
2444
1786
1684
2089
2614
2947
2567
1711
1085
916
919
1047
1111
851
674
730
738
896
1307
260
-2763
-5284
-5302
-3879
-2543
-2000
-3396
-6013
-7049
-5378
-3026
-1286
-93
237
-102
-76
483
889
1550
2670
3343
2918
1795
445
-520
-305
659
1101
613
-276
-1225
-1745
-1363
-465
183
490
485
62
-287
36
810
1635
2554
3109
2763
1967
1599
1792
2381
3054
2996
1964
845
415
544
1009
1368
1042
421
310
574
811
1127
471
-2119
-4863
-5336
-4001
-2764
-2239
-3092
-5302
-6744
-5645
-3392
-1728
-519
170
-17
-341
84
730
1406
2467
3308
2983
1831
686
-125
-113
728
1396
1032
109
-748
-1322
-1221
-432
369
602
523
253
-110
-147
384
1253
2063
2653
2549
1940
1444
1551
2062
2531
2655
2091
1334
773
713
814
992
983
727
593
518
707
1102
1355
-413
-3686
-5794
-5116
-3163
-1986
-2131
-4190
-6578
-7088
-4905
-2420
-864
-54
43
-259
-244
587
1251
2011
2908
3434
2774
1499
455
-54
284
979
1297
589
-453
-1253
-1390
-927
-217
262
263
202
39
-52
84
808
1765
2491
2741
2361
1757
1479
1967
2566
2754
2276
1493
837
561
658
817
929
742
672
742
804
847
1221
896
-1441
-4330
-5330
-4136
-2774
-2167
-2935
-5024
-6826
-6406
-4207
-2191
-889
-308
-279
-407
39
724
1386
2255
3128
3308
2583
1467
425
125
645
1272
1191
471
-467
-1210
-1317
-754
-63
276
320
172
-26
-50
302
1002
1850
2497
2626
2269
1803
1667
2034
2563
2663
2138
1357
781
577
736
988
935
490
208
283
460
845
1432
937
-1639
-4552
-5476
-4323
-2725
-1883
-2703
-5022
-6838
-6418
-4261
-2041
-578
-93
-240
-360
-46
561
1320
2222
3005
3298
2757
1555
362
-25
466
1204
1452
848
-309
-1301
-1476
-890
-62
453
526
291
-61
-254
8
829
1862
2662
2881
2476
1781
1421
1744
2392
2755
2449
1646
842
401
405
692
883
692
483
545
601
711
1246
1069
-1307
-4426
-5469
-4262
-2813
-2169
-2804
-4940
-6977
-6725
-4472
-2282
-941
-264
-195
-321
3
715
1415
2212
3085
3493
3053
1930
718
127
479
1214
1482
939
-142
-1149
-1524
-1109
-360
172
277
56
-241
-330
62
878
1815
2507
2687
2371
1911
1777
2066
2559
2853
2590
1816
993
557
545
791
930
671
266
108
167
460
1095
899
-1454
-4560
-5645
-4404
-2816
-2038
-2535
-4509
-6534
-6490
-4439
-2253
-832
-114
-36
-212
-56
416
933
1706
2731
3373
3113
2010
631
-184
145
1155
1785
1446
322
-935
-1572
-1209
-285
451
649
389
-59
-376
-237
464
1492
2394
2779
2582
2002
1478
1479
2056
2664
2727
2170
1271
444
124
417
818
856
701
565
334
176
595
1032
-185
-2981
-4990
-4815
-3538
-2468
-2183
-3370
-5588
-6678
-5424
-3208
-1577
-607
-180
-343
-446
108
863
1431
2185
3069
3239
2456
1397
631
401
850
1567
1660
860
-238
-1030
-1235
-751
39
438
269
-64
-274
-292
88
911
1760
2272
2409
2234
1858
1642
1866
2339
2592
2326
1628
883
433
361
556
751
669
364
95
-31
149
717
716
-1071
-3698
-4890
-4164
-2961
-2135
-2123
-3594
-5696
-6123
-4377
-2400
-1256
-532
-258
-608
-676
72
817
1197
1886
2777
2863
2062
1198
683
597
1103
1858
1959
1115
-22
-720
-740
-226
372
530
155
-357
-571
-350
218
877
1413
1783
1966
1893
1657
1587
1871
2324
2586
2407
1841
1180
780
781
962
954
680
368
161
174
584
831
-398
-3054
-5010
-4755
-3283
-2203
-2076
-3159
-5198
-6482
-5496
-3190
-1506
-842
-639
-753
-923
-486
473
1220
1701
2329
2825
2585
1804
1150
915
1075
1571
2037
1834
843
-220
-597
-355
-17
192
256
2
-531
-825
-554
30
646
1294
1793
1851
1610
1524
1722
2000
2242
2343
2136
1660
1237
1046
973
879
760
645
518
350
316
629
831
-197
-2491
-4364
-4461
-3358
-2309
-1899
-2575
-4356
-5908
-5599
-3776
-2099
-1254
-878
-869
-1138
-986
-135
744
1228
1767
2493
2786
2385
1774
1352
1201
1484
2140
2472
1869
718
-126
-382
-298
-73
109
-52
-570
-1004
-981
-598
-91
477
1042
1424
1545
1537
1532
1586
1782
2139
2435
2399
2017
1519
1087
773
651
755
916
827
478
251
209
-335
-1782
-3300
-3806
-3389
-2791
-2336
-2325
-3236
-4644
-5179
-4301
-2931
-1948
-1370
-1076
-1093
-1089
-614
135
674
1069
1668
2309
2496
2170
1720
1433
1426
1785
2332
2494
1908
941
233
-43
-53
120
286
41
-637
-1153
-1039
-512
14
459
798
925
933
1116
1482
1729
1773
1860
2058
2083
1809
1423
1117
895
761
762
743
496
142
32
79
-328
-1426
-2608
-3171
-3086
-2667
-2174
-2022
-2606
-3607
-4127
-3786
-3041
-2366
-1796
-1329
-1111
-1029
-782
-376
-44
298
900
1625
2071
2093
1900
1676
1532
1638
1992
2269
2117
1590
1034
659
453
324
156
-141
-481
-616
-445
-178
-54
-78
-17
255
626
952
1177
1256
1188
1129
1240
1427
1458
1303
1111
925
746
636
611
522
282
90
123
172
-224
-1093
-1928
-2293
-2225
-1957
-1677
-1704
-2237
-2918
-3166
-2927
-2541
-2176
-1811
-1539
-1415
-1283
-1002
-679
-418
-113
350
912
1384
1644
1697
1636
1595
1677
1869
2011
1949
1695
1381
1089
798
471
128
-173
-342
-305
-106
69
71
-43
-113
-31
228
601
901
989
912
835
841
924
1037
1103
1067
961
858
766
636
453
258
135
142
176
-50
-671
-1421
-1917
-2046
-1904
-1616
-1436
-1630
-2110
-2472
-2501
-2335
-2122
-1836
-1521
-1306
-1172
-991
-758
-571
-387
-35
506
1062
1448
1596
1514
1336
1286
1482
1773
1845
1565
1111
745
566
472
313
75
-149
-225
-100
121
241
165
22
7
182
445
683
833
873
832
807
875
997
1042
972
871
809
745
625
476
329
172
43
4
-56
-357
-907
-1420
-1672
-1685
-1538
-1339
-1288
-1508
-1853
-2042
-2017
-1895
-1745
-1562
-1383
-1242
-1073
-843
-642
-518
-350
-13
448
863
1128
1217
1167
1059
1003
1056
1127
1114
1017
880
682
408
140
8
47
182
325
412
378
259
178
246
456
696
846
870
821
790
821
905
997
998
877
716
638
631
576
414
195
0
-126
-127
-36
-20
-256
-718
-1150
-1347
-1304
-1127
-947
-922
-1153
-1519
-1751
-1721
-1557
-1401
-1271
-1150
-1069
-1010
-881
-704
-566
-458
-238
103
400
549
590
593
580
586
644
703
675
579
505
455
361
234
156
179
278
423
561
636
620
564
554
627
761
893
964
945
859
774
735
748
777
771
667
493
344
268
232
200
171
131
61
8
19
-2
-183
-478
-739
-888
-931
-883
-804
-840
-1041
-1271
-1384
-1396
-1378
-1344
-1260
-1161
-1078
-987
-890
-842
-821
-706
-449
-142
78
179
208
221
276
407
571
657
625
565
547
534
491
462
491
552
625
688
696
605
482
442
511
598
652
670
650
596
545
547
576
586
589
605
598
543
483
452
415
363
354
392
400
339
215
30
-224
-473
-622
-672
-688
-707
-740
-811
-940
-1082
-1177
-1209
-1204
-1172
-1116
-1074
-1081
-1121
-1142
-1124
-1041
-875
-638
-395
-219
-114
-35
50
154
272
383
455
481
482
475
459
456
487
564
644
682
659
595
543
551
605
656
657
628
624
658
702
708
665
604
580
619
669
665
589
503
480
520
536
467
328
192
126
139
154
38
-230
-527
-700
-701
-610
-548
-605
-788
-1005
-1151
-1205
-1206
-1217
-1243
-1255
-1230
-1163
-1080
-1011
-959
-887
-756
-564
-347
-166
-38
49
129
228
342
445
504
519
510
514
541
571
579
555
504
462
455
480
511
520
501
488
505
556
613
632
605
559
550
612
714
795
806
747
660
596
564
546
516
461
394
322
256
170
43
-124
-306
-462
-569
-642
-703
-789
-917
-1086
-1255
-1383
-1447
-1437
-1373
-1294
-1226
-1177
-1139
-1084
-987
-827
-611
-366
-146
4
71
100
142
232
359
467
514
490
424
369
353
376
414
442
444
415
374
352
369
440
522
583
591
573
582
639
737
817
832
791
745
732
771
812
815
760
658
564
508
481
445
360
224
53
-112
-250
-375
-505
-638
-771
-881
-944
-970
-981
-1005
-1052
-1107
-1147
-1155
-1125
-1069
-1000
-932
-868
-812
-759
-696
-601
-470
-321
-181
-85
-33
-2
49
127
205
236
208
155
143
209
333
446
475
421
343
324
395
529
662
742
760
748
747
779
843
924
1002
1040
1013
932
837
781
779
798
771
664
479
272
131
66
42
15
-65
-204
-375
-543
-664
-734
-760
-756
-751
-773
-842
-945
-1044
-1094
-1082
-1016
-950
-901
-885
-886
-873
-837
-769
-681
-568
-440
-306
-193
-123
-103
-103
-83
-22
77
179
244
255
224
190
188
240
331
433
509
543
550
570
633
739
856
946
985
967
936
941
986
1033
1029
944
798
647
554
516
507
481
398
260
100
-26
-72
-59
-41
-86
-223
-418
-583
-652
-633
-588
-593
-674
-824
-981
-1084
-1111
-1083
-1045
-1029
-1035
-1041
-1028
-976
-895
-794
-686
-575
-462
-364
-278
-201
-118
-30
47
97
130
157
199
258
327
390
435
478
526
578
632
674
700
717
744
793
856
926
972
956
873
766
709
718
746
748
696
603
497
404
343
302
267
222
161
90
18
-41
-103
-184
-290
-405
-501
-566
-607
-646
-692
-768
-877
-993
-1082
-1118
-1100
-1046
-991
-957
-963
-983
-979
-920
-797
-634
-472
-354
-294
-269
-229
-154
-44
59
144
206
260
325
405
499
582
642
685
716
755
798
831
832
802
764
738
735
728
699
672
645
617
576
518
476
489
551
589
544
420
272
174
171
232
302
308
215
34
-178
-354
-440
-440
-422
-452
-555
-705
-858
-966
-1013
-1009
-988
-985
-1010
-1054
-1089
-1096
-1062
-993
-907
-814
-715
-604
-493
-389
-289
-191
-72
62
188
283
335
362
405
470
555
640
707
739
719
661
599
566
577
617
655
672
667
652
630
602
604
663
732
774
762
685
580
491
446
427
412
379
320
230
132
55
9
-36
-110
-232
-389
-536
-632
-687
-729
-778
-846
-936
-1018
-1078
-1106
-1105
-1100
-1095
-1090
-1066
-1004
-903
-784
-667
-556
-446
-321
-183
-50
60
149
214
267
321
378
443
494
513
498
475
462
475
506
549
566
554
547
548
564
592
618
650
686
696
677
626
575
555
578
623
670
669
607
517
433
386
371
355
308
236
151
68
-44
-210
-405
-579
-672
-707
-743
-829
-961
-1106
-1214
-1263
-1278
-1286
-1293
-1272
-1209
-1110
-1003
-915
-837
-735
-585
-390
-190
-35
60
119
179
260
341
404
435
446
457
488
533
561
566
558
549
556
580
610
627
631
630
633
656
679
686
659
616
594
627
689
723
705
632
555
501
483
473
428
350
265
201
161
101
-30
-242
-488
-688
-783
-784
-775
-825
-950
-1116
-1254
-1313
-1287
-1212
-1136
-1077
-1019
-958
-884
-810
-732
-626
-482
-303
-119
17
90
116
146
207
293
370
397
384
362
370
409
451
462
447
439
470
536
597
611
574
526
518
569
651
713
716
668
597
535
509
519
555
592
614
598
543
470
405
374
377
384
344
232
45
-195
-439
-631
-743
-788
-823
-894
-1021
-1174
-1300
-1351
-1317
-1238
-1157
-1107
-1075
-1036
-974
-889
-789
-671
-523
-353
-171
-14
94
161
233
346
494
623
684
658
590
549
561
606
637
617
537
439
375
365
399
455
499
511
486
458
449
480
541
620
687
706
678
643
639
682
735
740
667
521
349
230
215
248
219
38
-285
-653
-919
-998
-935
-867
-927
-1136
-1395
-1581
-1604
-1490
-1335
-1232
-1205
-1197
-1158
-1057
-913
-747
-568
-372
-155
44
193
279
341
437
594
770
877
859
723
566
491
526
607
638
569
439
339
341
424
504
525
486
451
492
597
694
721
680
639
647
720
804
830
789
727
697
690
667
589
463
334
245
167
18
-263
-628
-941
-1099
-1107
-1086
-1165
-1383
-1647
-1816
-1817
-1697
-1580
-1534
-1531
-1489
-1362
-1178
-999
-851
-697
-487
-193
129
384
527
586
645
764
930
1074
1118
1035
862
674
556
537
581
612
575
462
319
224
228
325
466
585
652
677
689
716
763
831
893
945
967
942
881
800
735
689
649
594
516
441
377
275
49
-337
-794
-1149
-1282
-1227
-1149
-1236
-1546
-1957
-2246
-2276
-2081
-1821
-1638
-1570
-1549
-1491
-1360
-1166
-923
-627
-268
111
418
581
609
603
699
929
1202
1369
1328
1099
805
576
476
484
531
542
488
377
244
158
178
323
548
755
853
830
754
720
782
918
1054
1116
1083
989
885
810
770
742
695
627
548
473
382
221
-83
-536
-1018
-1345
-1423
-1364
-1363
-1572
-1976
-2380
-2566
-2444
-2134
-1840
-1692
-1664
-1626
-1489
-1248
-939
-594
-227
137
446
645
729
760
841
1027
1261
1403
1354
1140
881
682
563
480
390
294
233
214
218
208
180
180
266
463
704
884
952
919
868
871
964
1124
1269
1313
1234
1102
988
907
832
750
685
641
599
516
311
-131
-786
-1399
-1674
-1587
-1414
-1429
-1737
-2245
-2725
-2902
-2678
-2251
-1910
-1770
-1722
-1642
-1500
-1292
-981
-558
-96
320
625
765
750
695
772
1034
1325
1444
1331
1060
781
594
513
455
337
183
83
94
170
226
216
211
332
607
918
1097
1100
1065
1109
1231
1375
1496
1549
1474
1333
1238
1209
1134
945
735
601
523
481
472
338
-203
-1137
-1964
-2203
-1915
-1582
-1569
-1956
-2610
-3198
-3305
-2815
-2117
-1687
-1603
-1623
-1588
-1476
-1232
-781
-229
212
489
671
750
689
607
724
1065
1385
1464
1277
932
555
329
377
553
530
216
-111
-165
23
254
403
475
522
620
839
1118
1316
1387
1430
1547
1686
1741
1688
1578
1489
1454
1439
1332
1089
784
536
412
404
435
210
-556
-1681
-2492
-2508
-2000
-1614
-1731
-2328
-3116
-3612
-3404
-2608
-1834
-1547
-1602
-1636
-1528
-1338
-1023
-529
15
424
636
687
558
348
315
621
1063
1273
1092
675
271
76
155
381
517
393
115
-60
30
343
703
958
1078
1133
1188
1297
1471
1688
1874
1947
1875
1713
1549
1442
1395
1390
1373
1256
1004
694
448
337
396
569
584
50
-1060
-2148
-2517
-2111
-1518
-1343
-1776
-2618
-3404
-3609
-3046
-2149
-1570
-1527
-1711
-1808
-1747
-1523
-1067
-441
86
315
273
108
-55
-59
253
792
1178
1099
651
196
13
137
438
683
640
319
12
0
290
683
1043
1280
1352
1301
1262
1374
1622
1890
2056
2058
1887
1619
1396
1332
1420
1546
1567
1374
1003
622
435
489
697
881
726
-103
-1463
-2525
-2573
-1854
-1282
-1407
-2167
-3160
-3856
-3745
-2852
-1869
-1473
-1678
-1997
-2097
-1924
-1476
-789
-111
261
271
97
-93
-159
63
591
1099
1152
708
164
-87
21
326
629
720
488
105
-84
101
543
1018
1342
1409
1278
1167
1272
1569
1883
2077
2104
1962
1703
1492
1484
1624
1698
1603
1399
1124
809
613
650
800
888
850
463
-571
-1901
-2536
-2069
-1304
-1213
-1903
-2867
-3649
-3879
-3335
-2354
-1706
-1758
-2128
-2267
-2088
-1752
-1241
-565
-5
151
-21
-215
-252
-76
319
792
999
744
248
-79
-47
230
541
697
574
213
-85
11
491
1032
1387
1515
1463
1338
1301
1500
1897
2265
2375
2189
1838
1525
1421
1554
1759
1804
1591
1199
821
632
672
773
805
820
708
39
-1281
-2394
-2402
-1586
-1057
-1383
-2278
-3252
-3839
-3628
-2683
-1787
-1634
-2015
-2275
-2210
-1992
-1604
-973
-359
-116
-240
-443
-520
-388
12
543
837
648
179
-145
-97
205
528
709
677
446
137
7
305
955
1543
1700
1489
1242
1214
1478
1946
2358
2411
2072
1655
1463
1525
1694
1822
1765
1483
1149
961
919
908
875
814
730
678
541
-76
-1235
-2183
-2133
-1414
-1102
-1691
-2716
-3528
-3738
-3268
-2457
-1932
-2021
-2380
-2478
-2218
-1827
-1397
-885
-412
-242
-394
-583
-521
-172
321
724
783
437
4
-113
162
537
727
692
515
278
91
140
526
1079
1454
1483
1292
1168
1316
1709
2133
2324
2187
1856
1620
1627
1796
1933
1900
1675
1363
1164
1118
1084
994
975
1019
951
706
280
-510
-1583
-2204
-1841
-1175
-1309
-2281
-3237
-3612
-3444
-2886
-2222
-1952
-2245
-2596
-2517
-2125
-1728
-1292
-761
-415
-492
-748
-776
-452
54
476
600
378
23
-142
36
418
699
698
515
408
401
329
295
664
1367
1792
1597
1169
1081
1471
2044
2390
2311
1940
1626
1596
1766
1894
1858
1699
1471
1251
1138
1138
1119
1061
1018
939
785
623
261
-598
-1583
-1899
-1520
-1327
-1788
-2521
-3093
-3381
-3302
-2847
-2340
-2171
-2337
-2490
-2393
-2115
-1732
-1216
-712
-514
-657
-802
-687
-324
129
449
444
173
-45
14
259
469
545
528
491
421
282
227
539
1153
1599
1565
1301
1220
1471
1930
2277
2286
2022
1777
1733
1810
1877
1887
1821
1622
1333
1120
1080
1095
1066
1058
1005
765
564
575
232
-893
-1880
-1716
-1072
-1203
-2015
-2710
-3161
-3395
-3082
-2417
-2197
-2516
-2696
-2482
-2239
-2075
-1705
-1128
-739
-755
-903
-855
-587
-199
216
465
343
46
-19
201
426
529
585
594
549
445
279
241
602
1230
1610
1512
1238
1184
1493
1981
2279
2204
1939
1773
1767
1834
1884
1881
1822
1682
1437
1185
1106
1184
1237
1151
931
680
556
454
-106
-1128
-1785
-1558
-1137
-1353
-2056
-2715
-3128
-3203
-2838
-2346
-2196
-2340
-2442
-2428
-2363
-2118
-1594
-1044
-810
-927
-1101
-1031
-674
-206
148
221
35
-152
-93
130
311
438
564
610
559
504
453
499
865
1441
1709
1505
1261
1352
1721
2105
2279
2158
1899
1748
1751
1792
1777
1726
1681
1591
1373
1126
1025
1077
1161
1152
949
651
578
614
40
-1138
-1809
-1479
-1105
-1433
-2068
-2640
-3143
-3277
-2856
-2406
-2349
-2397
-2369
-2405
-2392
-2066
-1503
-994
-728
-773
-937
-886
-554
-129
205
312
174
15
47
167
258
394
526
505
408
353
314
426
883
1436
1598
1374
1202
1333
1678
2016
2158
2072
1893
1727
1627
1622
1687
1743
1724
1560
1264
1047
1092
1273
1319
1142
868
710
753
725
158
-872
-1619
-1562
-1147
-1186
-1877
-2709
-3129
-3060
-2800
-2613
-2519
-2471
-2480
-2518
-2469
-2229
-1764
-1174
-769
-787
-1018
-1010
-615
-96
232
268
140
53
88
171
289
464
609
623
556
483
410
462
846
1400
1645
1464
1251
1336
1638
1937
2082
2027
1861
1748
1719
1679
1627
1651
1720
1649
1362
1055
987
1129
1236
1162
925
661
562
596
282
-634
-1500
-1540
-1085
-1095
-1748
-2481
-2905
-2977
-2719
-2387
-2335
-2499
-2532
-2405
-2338
-2249
-1868
-1297
-943
-968
-1122
-1086
-779
-345
-11
70
-30
-76
27
156
250
388
560
636
619
615
581
527
734
1245
1595
1480
1228
1247
1485
1731
1913
1992
1929
1802
1721
1687
1679
1743
1845
1809
1536
1220
1107
1176
1207
1125
989
785
574
540
462
-188
-1197
-1599
-1176
-944
-1522
-2328
-2718
-2825
-2825
-2629
-2415
-2418
-2475
-2380
-2308
-2321
-2085
-1505
-1030
-959
-1093
-1134
-951
-571
-189
-38
-81
-90
13
127
202
302
442
576
635
564
426
453
791
1226
1422
1322
1192
1259
1503
1729
1802
1805
1859
1892
1768
1593
1599
1775
1880
1779
1529
1275
1174
1259
1346
1255
1062
903
765
650
596
328
-434
-1285
-1505
-1201
-1201
-1754
-2338
-2611
-2736
-2759
-2617
-2434
-2355
-2289
-2242
-2327
-2338
-1965
-1389
-1061
-1033
-1077
-1064
-931
-599
-249
-110
-102
-32
59
82
133
256
389
517
602
514
335
427
878
1316
1442
1366
1327
1413
1618
1841
1961
1989
1975
1881
1697
1597
1668
1761
1731
1592
1382
1184
1166
1294
1283
1080
891
757
586
521
579
268
-594
-1330
-1389
-1190
-1350
-1770
-2155
-2519
-2809
-2816
-2581
-2387
-2286
-2201
-2227
-2357
-2290
-1862
-1322
-975
-895
-974
-1026
-881
-542
-198
0
53
41
17
17
71
216
451
660
661
424
208
361
868
1333
1442
1292
1202
1307
1559
1803
1929
1963
1965
1895
1730
1624
1712
1879
1900
1718
1431
1213
1185
1279
1280
1121
906
683
525
541
536
26
-854
-1314
-1127
-1004
-1401
-1922
-2218
-2416
-2590
-2633
-2573
-2482
-2334
-2237
-2362
-2527
-2354
-1838
-1344
-1141
-1172
-1236
-1145
-865
-534
-311
-182
-76
5
31
57
162
347
540
667
678
584
528
681
1016
1314
1408
1381
1394
1481
1595
1706
1832
1964
2017
1917
1734
1660
1743
1826
1786
1651
1476
1301
1207
1193
1143
998
802
606
457
442
384
-56
-781
-1230
-1190
-1088
-1260
-1628
-2051
-2427
-2576
-2483
-2364
-2314
-2237
-2206
-2308
-2371
-2206
-1888
-1548
-1236
-1078
-1136
-1155
-926
-607
-405
-264
-114
-43
-38
8
104
221
406
597
605
458
420
604
869
1092
1266
1371
1388
1408
1509
1665
1823
1949
1976
1882
1772
1756
1791
1805
1792
1713
1533
1308
1156
1110
1103
1046
886
631
419
366
367
172
-303
-811
-1076
-1118
-1169
-1391
-1723
-2027
-2223
-2318
-2360
-2372
-2335
-2254
-2197
-2187
-2152
-2034
-1817
-1537
-1297
-1182
-1160
-1069
-851
-596
-398
-245
-98
24
88
100
143
304
532
669
640
575
633
799
984
1130
1237
1319
1388
1465
1563
1691
1821
1907
1916
1857
1768
1694
1657
1636
1587
1477
1312
1123
970
885
840
759
605
419
267
162
46
-155
-448
-742
-932
-1020
-1107
-1267
-1499
-1739
-1931
-2028
-2024
-1968
-1924
-1930
-1979
-2005
-1964
-1839
-1657
-1480
-1342
-1244
-1144
-1010
-854
-677
-499
-323
-164
-34
53
109
180
285
405
493
547
599
670
766
886
1020
1142
1252
1359
1459
1553
1650
1732
1781
1787
1762
1713
1644
1575
1493
1382
1243
1095
955
828
698
575
469
374
286
189
80
-35
-157
-289
-430
-571
-694
-807
-934
-1084
-1247
-1402
-1521
-1583
-1612
-1633
-1669
-1714
-1755
-1765
-1715
-1619
-1498
-1387
-1290
-1188
-1073
-940
-791
-642
-495
-350
-220
-127
-73
-31
31
137
267
383
448
477
515
611
768
929
1052
1124
1168
1226
1306
1391
1458
1492
1496
1475
1444
1410
1383
1345
1286
1200
1100
1015
949
890
812
713
619
533
463
388
297
191
70
-74
-233
-386
-522
-648
-785
-956
-1147
-1318
-1428
-1488
-1536
-1601
-1682
-1741
-1764
-1754
-1709
-1643
-1562
-1484
-1409
-1333
-1236
-1111
-975
-854
-748
-640
-525
-400
-284
-182
-87
17
136
270
404
525
634
744
856
974
1093
1210
1310
1395
1466
1518
1560
1587
1613
1628
1628
1601
1547
1484
1416
1351
1292
1220
1132
1025
909
806
718
636
537
401
229
49
-111
-246
-375
-523
-705
-913
-1114
-1278
-1397
-1491
-1577
-1672
-1770
-1851
-1894
-1900
-1876
-1831
-1781
-1726
-1661
-1575
-1475
-1369
-1258
-1139
-998
-839
-678
-531
-405
-290
-170
-23
153
342
508
639
724
805
913
1056
1215
1356
1450
1499
1526
1554
1605
1665
1723
1744
1716
1646
1562
1495
1449
1420
1369
1279
1162
1030
922
836
758
669
554
404
234
57
-113
-266
-414
-572
-755
-965
-1170
-1344
-1475
-1575
-1662
-1745
-1828
-1906
-1955
-1965
-1934
-1868
-1792
-1718
-1654
-1586
-1495
-1379
-1234
-1080
-935
-800
-678
-563
-444
-311
-166
-4
158
308
437
547
656
780
930
1097
1247
1360
1427
1470
1510
1572
1652
1722
1752
1725
1663
1601
1560
1545
1536
1499
1426
1329
1221
1125
1048
976
888
778
640
481
310
132
-42
-215
-387
-570
-764
-962
-1163
-1342
-1482
-1594
-1689
-1778
-1855
-1923
-1961
-1965
-1936
-1887
-1831
-1772
-1706
-1629
-1533
-1422
-1302
-1178
-1049
-914
-779
-644
-503
-355
-203
-47
109
255
392
532
668
806
941
1066
1175
1268
1349
1428
1505
1572
1622
1649
1657
1656
1654
1655
1647
1618
1576
1518
1453
1391
1325
1251
1158
1043
914
781
652
518
363
181
-14
-211
-399
-576
-744
-915
-1095
-1273
-1434
-1562
-1661
-1733
-1799
-1853
-1899
-1930
-1936
-1917
-1869
-1801
-1722
-1639
-1553
-1459
-1346
-1218
-1070
-914
-759
-614
-475
-343
-206
-53
101
253
394
518
627
739
855
980
1107
1221
1319
1397
1467
1530
1593
1647
1688
1718
1727
1712
1677
1630
1577
1522
1465
1394
1304
1192
1065
937
818
708
593
458
301
127
-53
-227
-386
-533
-676
-833
-1008
-1188
-1352
-1478
-1569
-1633
-1691
-1757
-1825
-1876
-1899
-1873
-1812
-1734
-1652
-1582
-1513
-1433
-1322
-1181
-1025
-873
-737
-620
-508
-390
-258
-115
30
165
280
386
487
601
721
846
966
1078
1177
1268
1354
1438
1518
1591
1651
1695
1721
1729
1721
1696
1664
1619
1566
1499
1414
1314
1199
1074
944
815
678
531
368
196
11
-174
-355
-528
-694
-856
-1019
-1184
-1335
-1467
-1575
-1663
-1733
-1795
-1842
-1875
-1887
-1868
-1830
-1771
-1702
-1619
-1526
-1423
-1305
-1173
-1038
-899
-761
-630
-499
-369
-240
-106
26
150
265
378
488
599
714
827
937
1035
1127
1213
1295
1379
1457
1526
1579
1616
1643
1653
1656
1647
1622
1585
1533
1466
1379
1282
1175
1062
942
817
686
541
389
226
58
-110
-273
-429
-584
-739
-894
-1048
-1192
-1321
-1429
-1516
-1592
-1657
-1713
-1754
-1776
-1775
-1752
-1714
-1661
-1594
-1522
-1437
-1341
-1238
-1121
-1001
-873
-746
-621
-497
-371
-245
-116
13
140
267
387
507
627
745
864
979
1086
1185
1273
1359
1437
1507
1567
1613
1643
1652
1651
1639
1615
1584
1541
1482
1405
1315
1215
1110
997
879
752
611
458
297
130
-37
-201
-365
-532
-700
-859
-1012
-1156
-1286
-1400
-1496
-1581
-1648
-1699
-1732
-1747
-1744
-1723
-1683
-1633
-1567
-1491
-1407
-1314
-1213
-1105
-993
-875
-758
-638
-523
-407
-291
-172
-48
73
193
308
424
539
653
775
892
1005
1109
1206
1299
1385
1464
1528
1580
1619
1640
1648
1640
1618
1584
1532
1471
1394
1306
1209
1101
987
866
740
604
462
312
163
8
-149
-303
-457
-605
-749
-889
-1022
-1143
-1253
-1351
-1435
-1505
-1563
-1605
-1634
-1651
-1645
-1625
-1593
-1544
-1486
-1417
-1336
-1250
-1155
-1053
-945
-830
-719
-606
-490
-370
-251
-127
-8
112
229
341
459
577
692
806
911
1013
1110
1198
1281
1356
1423
1480
1523
1550
1566
1571
1565
1545
1512
1467
1408
1338
1255
1159
1050
933
811
680
546
406
261
103
-59
-215
-366
-508
-646
-785
-920
-1053
-1172
-1274
-1361
-1433
-1491
-1540
-1580
-1606
-1615
-1602
-1578
-1537
-1484
-1429
-1362
-1285
-1198
-1102
-995
-886
-773
-661
-543
-420
-297
-172
-44
82
206
324
444
563
680
789
894
993
1087
1174
1255
1326
1389
1444
1479
1507
1522
1526
1521
1502
1464
1417
1361
1292
1214
1120
1022
917
804
682
553
421
281
139
-5
-148
-293
-440
-582
-718
-846
-970
-1086
-1195
-1290
-1371
-1437
-1489
-1533
-1559
-1571
-1566
-1551
-1524
-1481
-1427
-1361
-1290
-1209
-1123
-1024
-923
-817
-705
-594
-481
-361
-240
-119
6
129
252
373
495
614
731
846
953
1055
1148
1230
1304
1368
1424
1470
1506
1525
1530
1525
1504
1474
1437
1392
1331
1260
1175
1081
982
875
763
644
517
382
239
89
-64
-215
-363
-502
-645
-785
-921
-1052
-1172
-1279
-1365
-1438
-1501
-1552
-1592
-1615
-1621
-1610
-1581
-1535
-1482
-1422
-1351
-1273
-1177
-1073
-965
-853
-740
-628
-514
-394
-272
-142
-17
105
220
338
456
570
684
794
902
1001
1088
1168
1240
1308
1367
1416
1454
1479
1489
1489
1480
1461
1431
1391
1339
1273
1198
1112
1019
915
810
697
575
447
311
172
31
-110
-251
-391
-531
-668
-802
-925
-1047
-1155
-1250
-1338
-1407
-1468
-1511
-1540
-1558
-1560
-1550
-1524
-1483
-1432
-1369
-1299
-1216
-1124
-1028
-928
-822
-709
-595
-476
-355
-235
-115
1
121
239
361
478
590
698
799
900
991
1080
1156
1225
1290
1338
1380
1412
1435
1448
1452
1444
1425
1393
1352
1299
1237
1166
1088
997
893
783
663
538
405
269
129
-17
-163
-309
-455
-595
-730
-861
-980
-1092
-1192
-1278
-1355
-1420
-1469
-1505
-1523
-1531
-1526
-1504
-1470
-1422
-1365
-1301
-1228
-1143
-1051
-952
-852
-746
-638
-524
-411
-298
-183
-67
50
166
283
397
510
621
727
830
927
1019
1107
1187
1258
1321
1377
1418
1451
1470
1479
1478
1462
1437
1392
1340
1273
1194
1109
1010
903
789
665
534
400
262
120
-24
-170
-311
-449
-585
-716
-839
-958
-1070
-1169
-1256
-1329
-1391
-1443
-1480
-1502
-1513
-1508
-1487
-1456
-1411
-1352
-1287
-1211
-1126
-1036
-937
-830
-727
-619
-506
-392
-274
-157
-45
65
177
288
396
503
605
704
796
887
973
1052
1123
1189
1248
1294
1335
1369
1391
1400
1401
1393
1370
1339
1295
1241
1176
1102
1014
921
817
707
588
462
334
198
62
-77
-219
-357
-492
-622
-749
-867
-978
-1078
-1172
-1253
-1321
-1378
-1420
-1450
-1470
-1473
-1464
-1441
-1407
-1368
-1313
-1250
-1177
-1096
-1009
-915
-813
-709
-596
-487
-370
-252
-135
-18
97
216
332
444
555
659
761
862
953
1038
1120
1192
1258
1311
1356
1393
1419
1435
1436
1425
1404
1371
1326
1268
1199
1119
1028
926
816
700
574
442
305
162
19
-122
-265
-401
-536
-662
-783
-898
-999
-1096
-1176
-1251
-1310
-1359
-1394
-1414
-1428
-1420
-1405
-1377
-1338
-1288
-1227
-1158
-1083
-1001
-914
-819
-718
-618
-511
-407
-300
-195
-89
21
127
237
340
442
539
633
727
818
906
987
1060
1127
1186
1241
1283
1317
1340
1357
1360
1350
1328
1295
1249
1192
1127
1051
964
867
764
650
534
409
283
154
22
-107
-238
-366
-491
-611
-727
-837
-939
-1033
-1115
-1186
-1248
-1297
-1333
-1357
-1372
-1371
-1361
-1339
-1306
-1262
-1209
-1151
-1083
-1009
-926
-840
-749
-650
-548
-444
-337
-227
-117
-8
102
213
321
428
529
627
724
813
899
981
1056
1124
1183
1235
1278
1311
1334
1349
1352
1344
1319
1287
1242
1186
1122
1045
961
869
762
647
526
402
276
145
11
-121
-254
-388
-517
-639
-752
-856
-955
-1043
-1120
-1188
-1243
-1285
-1316
-1336
-1344
-1340
-1325
-1299
-1262
-1220
-1166
-1102
-1031
-953
-871
-783
-687
-588
-485
-382
-278
-170
-63
45
151
256
359
460
559
653
747
832
913
991
1060
1122
1178
1224
1259
1288
1302
1303
1298
1277
1243
1200
1146
1081
1006
923
831
730
624
513
397
279
156
31
-91
-212
-331
-446
-557
-666
-765
-855
-943
-1020
-1088
-1143
-1190
-1231
-1257
-1271
-1277
-1268
-1248
-1220
-1179
-1130
-1072
-1008
-938
-864
-780
-695
-604
-510
-412
-314
-214
-110
-6
101
206
309
411
512
611
704
794
876
954
1025
1089
1143
1186
1220
1242
1257
1262
1258
1239
1208
1168
1115
1057
988
912
826
731
629
523
409
293
177
55
-70
-192
-315
-435
-550
-662
-765
-861
-948
-1025
-1092
-1147
-1190
-1220
-1239
-1250
-1249
-1234
-1210
-1173
-1130
-1077
-1018
-953
-878
-799
-714
-627
-536
-443
-350
-253
-155
-54
46
148
248
348
446
541
635
727
813
895
969
1031
1089
1141
1180
1206
1223
1225
1221
1199
1169
1131
1078
1018
946
865
777
676
570
462
348
230
112
-11
-130
-247
-359
-466
-567
-666
-753
-831
-902
-961
-1011
-1050
-1081
-1103
-1115
-1112
-1105
-1087
-1062
-1031
-992
-944
-888
-831
-764
-694
-621
-542
-459
-376
-288
-200
-109
-13
82
171
263
359
449
538
621
699
774
842
905
958
1005
1041
1068
1087
1093
1089
1078
1054
1021
976
925
868
799
722
643
557
465
371
271
171
67
-37
-137
-238
-333
-427
-517
-603
-684
-756
-828
-885
-933
-973
-1005
-1025
-1041
-1047
-1041
-1023
-998
-964
-923
-875
-820
-758
-685
-611
-532
-452
-371
-286
-198
-113
-29
57
140
224
303
380
458
531
599
665
724
777
828
870
908
940
963
975
984
980
969
949
917
880
835
778
714
643
566
484
396
306
214
120
26
-69
-159
-247
-335
-419
-499
-573
-641
-700
-755
-805
-844
-878
-901
-917
-926
-927
-919
-901
-879
-848
-812
-769
-726
-672
-612
-549
-483
-413
-337
-263
-185
-110
-30
46
124
199
272
348
419
486
548
612
668
719
766
805
843
873
893
909
917
915
907
887
865
831
786
736
675
607
532
451
361
272
180
81
-16
-114
-210
-303
-393
-476
-554
-625
-687
-744
-792
-825
-850
-871
-879
-882
-873
-859
-838
-810
-774
-733
-693
-644
-598
-543
-484
-425
-362
-299
-235
-166
-99
-29
41
110
179
249
312
379
441
501
558
611
656
699
735
765
791
807
820
823
819
810
788
761
728
687
640
584
523
459
392
318
240
166
89
9
-70
-149
-225
-296
-365
-429
-496
-552
-605
-650
-688
-722
-746
-765
-776
-782
-778
-771
-755
-734
-710
-679
-645
-604
-559
-510
-457
-399
-338
-275
-210
-140
-69
1
72
144
215
282
345
406
463
517
565
608
647
677
704
722
738
749
752
750
737
721
699
673
640
604
561
516
460
401
337
269
202
134
62
-11
-86
-157
-228
-297
-358
-419
-476
-530
-579
-622
-656
-687
-712
-729
-742
-743
-738
-727
-708
-687
-658
-624
-590
-548
-502
-453
-402
-351
-295
-239
-182
-121
-62
0
61
120
183
240
301
361
419
472
520
568
610
646
677
702
722
733
740
738
725
707
680
650
613
568
517
462
402
340
274
207
142
74
6
-60
-125
-186
-243
-301
-352
-400
-442
-484
-520
-552
-575
-596
-611
-622
-630
-632
-629
-619
-607
-588
-565
-543
-517
-483
-444
-402
-361
-313
-261
-213
-165
-110
-53
2
61
117
171
227
279
330
376
421
466
504
538
568
593
611
627
635
637
634
627
612
593
565
536
498
458
412
362
310
255
198
139
79
15
-44
-103
-163
-216
-265
-314
-363
-407
-445
-478
-511
-537
-559
-576
-588
-592
-591
-587
-578
-564
-543
-520
-490
-460
-426
-391
-352
-308
-268
-222
-178
-135
-86
-38
7
53
100
148
194
246
292
337
385
427
468
502
537
565
590
607
616
619
617
609
591
568
537
503
461
420
372
317
261
203
146
87
31
-25
-81
-132
-183
-229
-270
-310
-344
-375
-404
-430
-450
-467
-480
-492
-501
-503
-506
-503
-498
-491
-477
-460
-441
-419
-393
-362
-331
-297
-260
-220
-174
-129
-83
-36
10
58
103
147
195
236
275
312
346
376
403
427
453
471
488
501
509
514
511
509
502
487
469
446
416
387
350
306
262
213
166
114
63
11
-43
-92
-144
-192
-235
-274
-312
-346
-377
-400
-417
-433
-442
-451
-452
-450
-444
-438
-428
-414
-398
-381
-362
-343
-320
-295
-269
-238
-210
-182
-150
-114
-79
-40
-1
34
73
113
150
189
224
260
295
324
348
372
394
411
425
435
440
440
435
428
414
399
380
359
332
301
266
233
195
156
118
83
43
4
-35
-73
-108
-142
-171
-200
-224
-253
-274
-291
-306
-318
-331
-340
-350
-355
-356
-358
-354
-351
-344
-334
-323
-307
-293
-275
-255
-231
-206
-179
-151
-120
-91
-58
-20
11
44
75
109
139
172
201
226
253
275
297
316
333
344
353
355
360
361
356
351
344
331
317
302
283
259
232
204
176
148
117
85
50
17
-12
-45
-78
-105
-136
-165
-190
-212
-235
-256
-271
-289
-303
-313
-319
-322
-325
-324
-318
-311
-307
-294
-281
-268
-249
-229
-210
-187
-164
-140
-115
-89
-63
-36
-11
14
40
66
93
121
148
172
199
219
240
259
278
294
305
310
315
318
316
311
299
289
273
254
232
210
183
155
130
104
75
48
20
-4
-30
-55
-80
-101
-116
-137
-153
-164
-175
-182
-190
-194
-198
-200
-205
-209
-207
-209
-211
-212
-210
-207
-204
-198
-194
-186
-179
-170
-156
-144
-127
-113
-92
-72
-52
-28
-1
23
46
73
98
121
143
166
183
200
216
230
241
248
254
254
253
251
246
237
224
215
198
180
163
143
125
103
85
65
45
26
5
-17
-37
-56
-77
-98
-116
-134
-150
-162
-178
-188
-194
-200
-203
-206
-205
-199
-192
-187
-178
-168
-157
-145
-133
-120
-108
-96
-82
-71
-58
-47
-35
-25
-15
-1
10
20
32
43
55
70
81
94
109
124
139
151
161
170
180
186
189
190
194
191
186
181
169
160
146
131
111
95
78
57
39
18
0
-20
-40
-61
-74
-89
-107
-120
-132
-143
-151
-157
-162
-164
-165
-166
-164
-158
-154
-148
-140
-131
-119
-110
-101
-93
-82
-70
-61
-50
-39
-28
-14
-5
6
18
30
44
53
62
71
81
92
101
109
113
118
122
126
128
129
129
125
122
118
117
110
102
99
91
83
72
62
50
40
30
19
8
-4
-15
-27
-38
-48
-55
-66
-75
-81
-87
-93
-97
-101
-100
-100
-101
-102
-99
-95
-93
-87
-84
-79
-72
-66
-64
-59
-52
-45
-37
-29
-26
-20
-11
-6
4
9
15
21
24
31
36
42
46
51
55
57
59
62
65
63
65
65
64
63
61
60
60
57
55
52
48
47
43
37
33
26
24
18
14
8
1
-2
-8
-12
-16
-21
-23
-28
-32
-34
-38
-41
-44
-46
-47
-53
-54
-53
-56
-54
-55
-52
-49
-48
-43
-41
-36
-32
-29
-24
-21
-15
-11
-8
-6
-2
1
6
11
16
17
19
21
22
27
29
32
34
34
33
36
34
33
35
35
37
34
34
34
32
26
26
24
22
23
19
14
13
11
8
9
3
2
-1
-6
-8
-10
-15
-17
-16
-18
-21
-21
-23
-23
-24
-25
-22
-23
-21
-22
-25
-26
-24
-22
-22
-19
-19
-17
-17
-16
-10
-6
-6
-7
-4
-1
0
6
3
6
8
11
14
15
15
17
17
16
16
16
16
16
16
17
15
13
13
9
10
8
5
4
5
6
3
4
1
-1
0
-2
-4
-6
-8
-7
-7
-7
-8
-7
-4
-5
-6
-8
-9
-9
-8
-7
-8
-7
-6
-7
-6
-4
-6
-7
-6
-4
-2
-2
-3
-4
-1
0
0
1
-2
1
1
1
1
1
3
4
8
7
7
9
10
8
5
7
5
8
9
9
8
9
7
4
4
2
1
2
3
2
2
0
1
2
0
0
-3
-4
-4
-5
-8
-7
-6
-9
-6
-10
-9
-9
-10
-8
-10
-10
-8
-7
-6
-4
-4
-1
-2
1
1
0
3
4
5
7
6
5
5
2
1
3
5
8
5
4
4
6
7
6
6
5
3
2
1
2
1
2
3
2
0
2
0
-4
-1
-3
-3
-2
-1
-1
-4
-3
-5
-4
-3
-1
3
-1
0
2
1
2
0
1
4
1
-1
-1
-2
-2
-1
0
0
-2
-2
0
-3
-3
-3
-6
-7
-7
-6
-4
-1
-1
-1
-4
-4
-5
-2
-1
-1
-1
-1
2
1
4
5
4
5
8
7
6
6
6
5
2
3
4
1
1
2
2
0
1
0
0
-1
-1
-1
-2
-3
-2
-2
-4
-3
-1
1
0
1
-1
-2
-1
0
-1
0
0
-1
1
-2
-4
-3
-1
0
0
-1
-1
1
1
1
0
1
2
2
1
1
0
-2
-3
-4
-2
-3
-1
-1
0
1
-1
0
1
0
0
1
0
-1
1
2
3
2
1
5
6
5
2
4
5
3
4
2
2
2
0
-5
-3
-3
-3
-1
-2
-3
-4
-4
-5
-2
-3
-3
-1
-1
-2
1
2
0
-1
-1
-2
-3
-2
-1
-1
0
0
-1
-1
1
1
-1
0
-1
0
0
2
2
3
1
0
0
2
3
2
3
3
3
4
5
5
4
5
4
3
0
0
0
-3
-1
-2
-2
-2
-3
-4
-5
-3
-4
-4
-4
-2
-2
-1
0
-3
2
3
3
1
0
1
0
0
1
3
0
-2
1
0
-2
0
-1
-1
0
-2
0
-1
0
1
1
3
2
3
4
3
2
0
0
-1
0
-2
-1
-2
2
0
-2
-3
-1
1
-2
0
0
0
-1
-2
0
2
2
3
4
2
4
1
1
1
1
4
4
4
1
1
-3
-4
-2
-1
-2
-4
-5
-3
-1
0
2
-1
-1
-2
-3
-3
-3
-3
0
0
-1
1
1
1
3
3
0
1
0
-1
-2
-3
-2
-1
0
0
2
0
1
1
-1
0
3
3
3
4
5
4
4
4
2
2
0
0
2
-1
-1
0
-1
0
-3
-4
-4
-4
1
0
-1
-1
-2
0
0
-1
-2
-2
0
-1
-1
2
2
1
1
1
0
-1
-3
-3
-2
0
-1
-1
0
1
1
-1
-1
-2
0
-3
-2
1
0
2
3
3
1
-2
-2
0
0
2
2
1
0
1
2
0
0
1
-1
-1
1
-1
0
1
-1
0
-1
3
2
0
0
-2
0
0
1
1
2
0
-1
-3
-2
1
-1
-2
-3
-2
0
1
0
0
1
0
-1
-2
-1
0
-1
0
0
1
-1
-1
0
1
1
-1
0
0
-1
1
3
5
3
2
1
2
2
0
0
0
-1
-1
-1
-1
-1
-2
-1
0
1
-3
1
-1
1
1
0
-1
-2
-2
-1
-3
0
-2
1
2
1
1
-1
-1
-2
-1
-3
-2
-1
2
0
0
0
0
1
-1
1
3
-1
-1
-1
1
2
2
1
0
0
1
1
0
2
1
1
1
0
4
2
1
1
0
0
0
3
2
1
1
1
2
0
0
-1
1
0
-1
0
-2
-3
-1
-3
-1
1
-1
-1
-3
-1
-1
1
2
3
3
1
0
-1
0
-1
-1
-1
1
1
2
-1
0
0
-1
1
-1
2
1
1
0
-2
0
1
0
3
0
-1
0
-1
0
2
2
0
2
-2
0
1
0
0
-1
-2
-1
-1
-1
-2
-2
-3
-3
-4
-4
-6
-3
-2
1
-2
0
4
1
-1
-2
-2
1
3
1
1
-1
-1
1
3
3
3
3
4
2
0
2
3
4
2
0
1
0
1
-1
0
1
1
2
1
2
2
1
0
1
1
1
0
2
1
0
-1
0
2
0
0
1
-1
-3
-3
-1
-1
-3
-1
-4
-4
-3
-3
-4
-3
-4
-1
0
0
0
1
2
0
0
0
0
-3
-2
1
1
0
2
3
2
1
0
1
-1
0
0
0
1
1
2
1
0
-2
1
-1
1
1
1
1
0
2
4
1
1
0
-2
-1
-1
3
1
2
3
1
1
2
-1
0
1
-1
-1
-1
1
2
0
0
-1
-3
-2
-2
-1
0
-2
-1
-1
-2
-2
-3
-1
-2
-5
-3
-2
0
0
1
1
3
0
-3
0
1
4
3
1
-2
-1
1
1
-1
-2
-3
-3
-2
-1
-1
0
2
-2
-1
-1
1
6
3
0
1
2
4
2
0
2
3
1
2
2
1
-1
-1
-1
2
2
0
1
-1
0
1
1
-1
-1
-1
0
1
0
1
0
0
-2
-2
3
0
-1
-1
2
1
0
0
-1
-1
-1
0
-1
-2
-2
-1
1
0
0
0
-1
-2
-1
-1
1
3
0
3
1
2
4
2
-1
-1
-2
-3
-5
-3
-5
-2
-3
0
0
-2
-1
-1
1
0
0
2
1
3
3
0
1
-1
-3
-2
-3
-4
-5
-5
-2
0
3
4
3
1
1
3
3
2
1
0
2
3
3
2
1
0
-2
-3
-3
-2
-3
-2
0
2
2
0
1
2
3
5
5
3
2
2
1
0
0
0
1
-2
-2
-5
-5
-5
-5
-2
0
3
0
-1
-3
-6
-2
2
3
2
0
0
1
2
2
-2
-1
0
0
-3
-3
0
0
1
1
0
-1
0
-2
-1
-2
3
2
-1
1
1
3
2
3
1
-1
-1
-3
-1
-3
-1
0
0
1
1
2
3
2
2
3
2
1
3
3
1
2
1
-1
0
1
-1
-2
-2
0
-2
0
-1
-2
0
-2
-2
-2
-3
-3
-1
-3
-4
-3
0
-1
-1
-3
-1
1
0
-2
1
1
0
3
3
4
2
2
2
4
2
2
2
1
1
1
-2
1
0
-2
-1
-2
0
-2
-2
-1
-1
-1
-3
-1
-3
-2
-1
0
1
0
0
0
0
0
0
3
1
1
2
1
0
-1
-1
-1
0
0
1
2
0
-1
2
2
2
2
2
2
-2
-1
-2
-2
-3
-1
2
0
-1
-1
-1
0
-3
0
1
0
-2
-1
1
2
1
0
3
-1
1
2
2
2
1
1
0
2
-1
-1
-1
-4
-3
-1
1
0
0
0
1
2
0
-1
0
-1
1
1
0
-1
0
-3
0
1
-1
-3
-4
-3
-4
-5
-3
0
1
0
-2
0
-1
-2
0
0
2
4
3
1
2
3
4
3
2
3
1
2
4
2
1
2
2
2
2
5
1
0
0
0
0
-3
-4
-3
-4
-4
-3
-2
0
-2
-1
0
-2
3
1
2
1
1
2
1
1
1
-3
-1
-1
-2
-3
-4
-2
-3
-4
-4
-3
-3
-2
0
1
1
0
0
-1
1
2
2
2
2
1
1
0
1
1
-2
0
-1
0
0
-2
-1
-3
2
3
4
5
3
6
3
2
3
3
5
3
2
1
-1
1
0
-1
-2
-4
-1
-1
-3
-3
-2
1
1
-1
-3
-1
-1
-1
-2
-3
0
1
2
0
0
-1
-1
-2
-1
0
-1
0
-1
0
0
-1
-1
-2
0
1
1
3
2
1
0
1
2
2
1
1
-2
-3
-4
-3
-1
-3
1
0
-3
-2
-1
0
-2
0
0
2
3
2
2
0
3
1
2
0
0
0
1
-1
-2
0
0
1
0
1
-2
-1
-3
-4
0
0
-2
-1
2
1
1
3
3
3
3
2
0
3
2
2
1
0
-1
-2
-2
-2
-1
-3
-1
0
-1
-3
-2
1
2
0
1
0
-2
-1
1
2
0
0
0
-2
-1
-2
-2
0
-3
-2
-5
-4
-4
-2
0
0
1
0
1
-2
-1
1
4
6
5
5
4
4
3
2
3
1
-1
-2
0
-1
-2
1
2
0
1
2
1
-1
1
-1
-3
1
0
-1
1
1
2
0
1
1
-2
-1
-2
-2
-3
-1
-2
-2
0
-2
-1
-2
-2
-2
-2
-1
-1
0
0
-2
-1
3
2
3
2
2
3
0
1
1
0
3
0
-2
-2
-1
-3
-3
-3
-3
-2
-2
-2
-1
-1
0
1
-1
-1
1
3
3
1
2
3
3
3
6
7
4
4
2
1
2
2
2
-1
-1
0
0
-3
-1
-1
1
2
1
1
1
1
-2
2
2
0
-1
-2
-1
0
2
0
-1
-3
1
0
0
-2
-3
-1
-2
-3
-2
1
0
-2
-2
0
-1
2
1
0
0
-1
-2
-5
-2
-2
-4
-3
-4
-4
0
-3
-4
0
-2
-1
1
-1
2
3
1
0
0
0
2
4
4
4
3
3
3
2
3
3
5
4
4
1
2
3
1
3
1
-1
0
-1
-1
-2
0
-3
-5
-4
-5
-1
-3
-2
-3
0
0
1
0
-2
1
2
3
2
2
-1
1
1
-1
2
3
2
0
-1
-2
-2
-2
0
1
-1
-1
-1
-1
-1
-2
-5
-1
-2
-5
-4
-3
-3
1
0
-2
0
0
-2
-2
-2
-2
0
0
2
2
3
4
4
4
4
5
4
5
3
1
0
1
2
2
2
1
-1
-2
-1
-1
-3
-2
1
0
-1
-2
-2
0
-1
3
2
-1
1
-1
1
1
1
0
-1
-2
-4
-1
-1
-2
-2
-1
-1
0
0
0
1
0
2
2
3
3
2
1
3
5
4
0
-1
0
1
0
-4
-3
-5
-4
-2
-2
-2
-5
-5
-3
-1
-1
0
-1
-1
0
3
2
2
1
0
3
4
4
3
1
-3
-1
2
2
0
-2
-2
-1
-1
2
-2
3
-1
0
1
2
2
0
0
2
2
0
2
-1
1
0
-1
-3
-3
-3
-5
-3
-3
1
0
-1
-1
-1
0
0
2
1
2
3
3
2
2
0
0
-1
-1
-2
-2
-2
-2
-2
1
2
1
0
-2
-2
-1
-1
1
1
0
-2
1
1
0
-1
-1
2
2
0
-1
-2
2
2
2
2
2
2
1
0
1
3
1
-1
-1
0
2
3
4
3
1
2
1
-1
1
0
1
2
-1
-2
-3
-5
-6
-2
-1
-1
-2
-3
-2
-2
-1
-3
-2
0
-3
-1
0
-4
-2
-5
-5
-2
-1
-1
-1
-1
1
1
1
-1
-2
0
-1
-1
0
1
2
1
2
3
3
4
3
3
4
1
3
-1
0
1
0
0
-1
-3
-2
-3
-2
1
0
-1
-2
-1
0
2
0
4
3
1
2
2
2
1
2
4
4
4
4
1
4
3
3
1
0
-1
-1
-1
-3
2
0
-1
0
-2
-2
1
-1
-1
1
0
0
0
-1
1
0
-3
-4
-4
-3
-4
-2
-2
-2
0
-1
-2
-4
-2
0
-3
-4
-2
-3
-2
-1
-2
-1
-1
-2
-2
0
2
2
2
-1
0
2
-1
0
-2
0
