-1
0
2
2
0
1
2
2
3
2
2
3
1
1
0
1
1
0
0
-3
-3
0
-2
-2
-2
-3
0
-1
1
1
0
0
1
-2
-1
-2
1
3
-2
-1
-1
-2
-2
-2
0
-1
0
2
0
1
1
0
2
5
2
2
3
3
7
5
3
2
1
4
5
1
2
-1
-1
3
2
-1
1
1
0
1
-1
1
0
-3
-3
-3
-1
-4
-2
-4
-3
-4
-4
-3
-4
1
-1
-1
-1
0
0
-1
1
-1
1
3
7
4
4
4
3
4
3
4
-2
1
1
-2
-2
-2
0
-2
-2
-2
-4
-5
-2
-5
-7
-4
-3
-5
-1
0
-2
1
-1
-2
-1
-1
0
0
1
2
0
0
2
3
4
3
2
2
4
4
2
3
2
1
2
3
5
4
4
3
3
3
1
0
-2
0
-1
1
-1
-3
-3
-4
-2
-3
-4
-1
-3
-3
-3
-3
1
-1
-2
0
-2
-1
0
-1
2
1
2
3
2
3
0
-1
0
1
2
-1
1
3
2
2
0
-2
-1
1
-1
1
0
0
-2
-1
-2
-3
-2
-3
-1
-1
-1
1
1
0
-1
-3
-1
1
1
1
0
0
-1
-1
-3
-1
1
1
0
1
1
1
3
3
3
3
1
1
1
2
3
0
0
1
-1
1
-2
-2
-3
-3
-2
-1
1
-2
0
0
-1
-3
-2
1
1
0
0
1
0
0
0
-2
-2
0
-2
-1
1
1
2
0
0
2
3
3
1
1
1
0
-2
-2
-2
-3
-3
-4
-2
-5
-4
-4
-4
-3
-2
-1
0
0
1
2
3
2
3
3
3
2
1
1
1
0
0
-2
2
2
0
0
1
3
2
3
2
4
2
1
1
2
2
-1
-1
-3
-2
-1
0
0
0
-1
-2
-2
0
-1
0
-2
-2
1
-2
-2
-1
-1
-1
-2
-1
-2
1
-2
-2
-3
-2
-2
-2
0
2
2
-2
0
0
0
-1
0
-1
-2
-2
0
0
1
1
1
-2
0
3
3
3
3
3
1
1
0
-1
0
0
2
0
2
2
2
3
3
0
0
1
0
1
0
0
-3
0
-1
-1
0
-2
-2
-3
-3
-4
-4
-2
-2
-1
-1
-1
0
0
-1
1
1
-1
0
2
3
2
3
3
3
0
1
0
-1
-2
-4
-1
-3
-3
-2
-2
-2
0
1
3
-1
0
1
1
0
0
1
3
1
1
0
0
2
3
3
1
1
1
1
1
1
1
0
1
1
0
0
0
1
1
0
0
-2
-2
-1
-2
-1
-3
-2
1
-1
-1
1
1
-2
-1
-1
-2
1
1
-1
-1
-1
-2
0
-2
-2
-2
-2
-2
0
1
0
0
0
-2
-2
0
1
2
0
1
1
0
0
1
3
3
1
3
4
1
0
0
0
-1
1
1
-2
0
-2
-1
0
-1
1
-4
-2
-1
1
2
0
-1
-2
-1
1
1
0
0
1
2
2
3
-2
1
0
-1
2
1
0
1
0
-2
-1
0
-1
-3
-1
0
-1
3
1
0
1
1
2
2
1
0
-1
1
0
1
2
0
0
1
-2
-3
-2
0
-1
-2
0
-2
0
1
1
0
0
0
-1
-1
-1
-1
-1
0
-2
-3
-1
-1
-1
0
-2
-1
0
0
-2
-5
-2
-2
-3
1
1
1
2
3
2
2
3
4
4
3
2
3
4
1
1
0
-1
-3
0
-1
-2
1
0
-1
1
2
1
-1
-2
-1
0
0
-2
0
2
0
2
-3
-3
-1
-2
-1
-2
-3
-1
-1
-2
-1
0
1
0
0
2
0
1
1
0
4
1
2
3
2
4
2
0
-1
-1
-1
-2
-1
-3
1
2
0
-2
-1
0
0
1
1
1
1
-1
0
-2
-4
-2
-2
0
0
-1
-2
-4
0
2
-1
0
2
2
1
4
3
3
2
3
5
5
5
3
2
2
2
2
1
-3
-2
-3
-4
-2
-1
-2
-2
-2
-3
0
-2
-2
-1
0
-1
0
2
-1
2
-1
1
1
-1
-2
-1
-2
0
2
-1
0
0
-1
2
2
2
3
2
2
4
5
4
2
3
0
-1
-1
-2
-3
-2
-2
-4
-4
-4
-3
-4
-2
0
-1
-2
-3
-2
-3
-4
-3
-4
-3
-1
-1
-1
2
2
-1
0
4
2
0
2
4
3
2
0
-2
1
1
2
5
4
4
4
5
8
5
7
3
0
3
1
2
-2
-2
-1
-4
-1
-2
-2
-1
1
3
0
1
2
0
0
-1
2
2
2
2
2
-1
0
-1
-2
-3
-2
-3
-2
-3
-3
-3
-3
-3
-3
-2
-3
-1
-3
-1
0
0
-4
-4
-3
-5
-3
-4
-2
0
-1
-1
-2
-2
-3
-3
0
1
0
0
-1
3
3
2
4
4
4
5
6
5
4
3
4
5
3
4
2
2
2
-1
0
1
-2
-3
-1
0
1
-2
0
0
2
0
2
0
-2
-1
-2
-3
-1
0
0
1
0
1
-1
-3
-1
0
1
-1
-1
0
0
0
2
3
0
-1
0
0
-1
2
3
1
-1
0
1
3
0
0
0
-3
-1
0
0
-2
-2
-3
-3
-2
-2
-1
-3
-1
-1
-2
-2
0
1
0
1
1
1
-1
0
1
1
1
2
2
-1
0
-1
-1
-1
-4
-1
0
0
0
0
0
0
-1
-1
2
0
1
0
0
5
2
1
1
1
2
1
2
-3
-2
0
0
2
1
1
1
0
2
2
2
4
3
3
3
3
3
2
0
1
1
-1
-1
-1
-3
-4
-3
-2
-2
-3
1
-1
-2
-2
-2
-3
-4
-3
-4
-3
-1
-1
-2
-1
2
1
0
2
0
-1
0
1
1
3
5
3
3
2
1
0
0
0
0
0
0
-1
-1
-1
0
0
1
-1
-1
-1
-1
0
0
-4
-1
-1
1
1
0
-4
-4
-3
-3
-1
2
1
-1
1
-1
-1
0
4
4
2
2
0
2
2
0
0
2
2
0
2
2
0
0
-2
0
-1
0
2
-1
1
-2
-1
-2
-4
-2
-3
-3
-1
-1
0
1
-1
1
3
1
0
2
2
4
1
1
3
2
2
1
0
-1
2
1
-1
-2
-3
-2
0
1
-3
-2
-2
-2
-2
0
0
0
0
-3
-1
-1
-2
-1
-2
-3
-2
-3
-3
-2
-2
-1
0
1
1
1
3
4
4
5
6
4
2
0
2
3
1
1
1
1
1
0
1
2
2
1
-1
1
2
1
-1
3
0
0
0
-1
0
-1
-1
-3
-1
0
1
-1
1
1
-1
-3
-3
-1
-4
-5
-3
-3
-4
0
1
0
1
0
0
0
0
2
3
2
2
4
1
1
0
0
1
1
-1
2
1
4
1
-1
-3
-1
-2
-2
0
-2
-2
-1
-1
-4
-4
1
2
-1
0
0
-1
1
-1
0
0
-2
1
0
0
-1
0
2
0
0
-1
0
1
2
3
3
2
1
2
-1
0
1
2
2
2
0
1
1
0
2
2
2
2
2
-1
-9
-7
-3
1
-3
-8
-6
1
5
1
1
0
-1
0
-2
4
8
11
6
9
9
11
11
9
8
1
-1
-3
7
12
7
1
-2
2
-2
-10
-14
-10
-7
-14
-17
-17
-13
-13
-23
-17
-11
-5
-1
-5
-8
-23
-15
-5
-3
-11
-18
0
-6
-6
-13
1
14
4
20
11
22
2
8
39
29
8
-52
-13
-35
-131
-260
-298
-125
9
86
48
46
101
129
182
207
263
226
186
128
90
93
61
53
2
-26
-69
-102
-125
-125
-91
-88
-81
-102
-109
-109
-94
-61
-36
-11
-3
21
32
39
48
54
74
76
69
38
9
-7
-11
-16
-30
-38
-54
-57
-61
-55
-44
-31
-16
-12
-8
-7
3
12
21
32
42
48
33
28
16
15
10
8
1
-13
-8
-11
-5
-12
-4
5
2
13
12
15
7
15
19
21
22
24
26
-1
-6
-15
-9
-11
-14
-13
-25
-22
-24
-23
-25
-6
5
0
-1
1
7
0
14
19
9
1
-1
-11
-19
-15
-14
-2
-6
-6
-10
-6
1
-6
8
16
15
16
22
7
19
15
4
24
16
9
3
1
9
-3
-11
4
-12
-17
1
-14
-9
-15
-30
-10
1
-12
-8
2
-6
-17
-4
18
2
-5
16
9
10
9
-5
13
14
5
-5
7
18
-26
-20
27
-5
-23
8
13
6
3
16
11
-3
-3
-1
10
7
-23
-13
-3
-18
-27
-27
-8
-10
-12
-7
-3
4
-5
-14
10
37
4
22
40
-11
23
25
3
11
13
20
-19
8
14
-35
-15
7
-6
-15
-12
-9
6
-5
-11
2
1
3
-14
4
12
-28
3
4
-15
5
-18
13
18
-29
6
-7
2
8
-23
31
3
-9
15
1
16
-8
9
20
-7
9
1
-7
9
-6
12
10
-25
6
5
-5
7
-16
5
8
3
-8
-17
12
-2
15
-7
-13
7
-9
22
-7
0
3
3
14
-16
-5
4
21
-32
10
1
-54
32
-6
-13
16
-6
10
1
-22
-9
26
-30
12
9
-49
46
-20
-15
13
17
-16
-11
37
-38
-2
2
30
-18
-1
27
-27
31
-13
14
-19
9
39
-32
-9
20
21
-43
49
-2
-35
42
-7
-37
-1
32
-17
-8
-16
54
-27
-17
33
-15
32
-57
39
9
-32
22
-27
44
-10
-41
49
-32
7
-14
-28
61
-50
-9
28
1
-20
-11
17
0
-11
-3
19
-43
54
-41
-1
32
-26
5
-4
18
-30
15
-15
52
-43
-20
72
-26
-18
4
36
-3
-21
6
29
-48
48
-28
2
28
-34
52
-27
7
-5
-10
13
10
-36
38
-4
0
-8
-19
31
-2
-31
26
6
-22
0
-25
60
-55
3
22
-10
-12
-5
-5
16
-24
24
-10
-10
-1
16
2
-20
22
-31
74
-50
-28
19
55
-46
-21
23
-4
26
-45
-34
81
-48
60
-62
5
28
10
-53
6
93
-75
69
-96
31
66
-78
0
23
49
3
-114
52
34
7
-114
132
2
-110
66
49
-90
12
58
-14
10
7
-15
-105
181
-3
-185
76
67
65
-211
-12
183
-100
31
-91
65
37
-32
-21
-61
138
-124
130
-72
-91
196
-163
54
14
11
-44
42
52
-84
-4
1
126
-102
-81
220
-128
-11
55
-43
69
-147
192
-115
-29
85
-9
-144
147
13
-192
257
-241
163
-36
-93
142
-162
230
-207
52
21
39
-9
-161
249
-209
212
-248
241
-87
-125
188
-246
342
-309
150
-19
27
-105
83
30
-140
167
-197
264
-222
127
-28
-58
59
-56
108
-101
73
-65
61
-24
-93
81
113
-266
193
-52
32
51
-195
185
-69
56
-105
83
-21
84
-113
12
54
-4
-9
-60
111
-54
29
-90
161
-220
218
-132
-4
95
-103
67
-75
78
-55
-2
-6
51
-121
148
-70
-92
97
43
-85
-72
136
38
-132
-65
203
-89
1
-61
70
-11
38
-84
73
-22
35
5
-123
205
-120
21
-17
71
-28
-10
20
-27
87
-124
100
-58
-32
85
-59
-11
80
-139
123
-34
-106
167
-179
228
-208
74
48
-56
52
-113
97
-83
149
-141
-3
72
33
-166
-29
302
-184
-94
62
160
-247
125
69
-108
77
-121
156
-77
62
-34
-48
180
-217
4
138
100
-209
-68
219
-122
83
-95
-43
301
-317
29
116
-115
231
-239
-43
274
-315
243
-38
-302
482
-250
-122
239
-275
342
-111
-266
292
-131
93
-29
-244
474
-293
-150
340
-296
286
-193
-71
256
-230
127
-42
-66
215
-137
-228
406
-163
-66
185
-359
405
-213
-95
366
-481
400
-109
-312
477
-330
116
140
-390
373
-135
-37
169
-343
397
-182
-198
532
-468
160
66
-342
544
-391
97
116
-262
340
-363
145
232
-367
285
-154
-164
437
-355
128
82
-279
396
-445
331
32
-401
465
-313
187
-29
-162
230
-318
290
-9
-123
111
-146
133
-110
25
70
-107
247
-265
63
185
-438
423
-167
44
118
-377
559
-442
-15
347
-463
570
-367
-40
362
-520
384
-179
3
235
-322
193
71
-295
214
-127
117
16
-205
368
-342
192
-175
65
214
-318
160
36
39
-109
-126
241
-54
-130
197
-129
41
23
-204
228
-35
-62
32
29
-2
-81
20
68
-106
166
-71
-158
179
23
-45
-198
140
192
-160
-128
142
78
-86
-173
215
22
-137
104
-146
164
38
-239
198
21
-158
95
98
-171
97
-12
-48
34
100
-86
105
-150
68
-9
-162
202
-17
53
-25
-136
46
-101
85
-8
73
45
-157
54
-6
-63
135
-110
158
-43
-50
-79
-19
257
-157
-55
132
-13
-114
-126
195
83
-122
-132
245
-72
-180
20
255
-100
-147
141
-83
109
-94
-224
330
-29
11
-132
73
-58
-116
202
-192
307
-214
-43
182
-359
232
-42
176
-147
15
111
-252
182
-54
92
72
-33
-90
40
-1
-114
137
-27
108
-112
-63
154
-260
223
-150
76
150
-277
236
-79
-134
45
239
-62
-231
113
-44
41
-207
152
-1
-91
20
-29
38
-156
204
78
-134
4
201
-80
-162
140
-79
58
-77
67
175
-172
101
-200
47
48
-166
161
139
109
-144
-144
140
-77
-69
37
159
-190
-632
-349
-536
-787
-304
-345
-167
12
-178
513
377
438
702
921
1149
713
671
811
706
618
881
485
179
111
-334
-302
-328
-219
-458
-525
-674
-883
-754
-813
-615
-584
-357
-327
-229
-111
-53
41
186
291
296
403
219
84
-67
107
67
-154
-72
-262
-332
-215
-504
-257
-144
-390
-18
-176
-42
-149
-122
249
-69
264
498
241
401
410
114
255
158
312
269
-6
169
-20
-167
26
-183
-49
196
-137
36
-52
48
2
-109
273
142
54
152
65
106
183
71
171
36
-37
-16
-6
-60
-166
97
-162
-123
46
-92
-73
-198
-6
184
16
-12
66
10
64
31
63
88
143
-144
22
79
-198
-87
-207
-42
-107
-79
66
-210
-94
-16
-119
16
-15
-45
-19
-36
15
-132
-37
92
-71
15
0
35
-18
-129
28
-72
-40
-25
-151
0
-94
-55
-2
-107
110
-12
-76
95
-40
-34
-37
-110
19
-74
-89
26
-28
48
-45
76
129
-9
122
116
75
-32
85
107
100
106
111
88
73
131
117
53
-6
73
-9
29
-48
-48
96
12
47
110
43
32
78
45
132
93
102
137
-96
-28
84
-93
10
23
-123
-75
-113
-124
-195
-49
27
-48
21
-40
-74
-8
10
48
38
41
31
-97
-115
-20
12
-41
16
55
-32
-163
-149
-89
-94
-6
-11
-50
-12
-129
-94
-44
39
35
18
38
61
32
39
76
32
104
96
1
-67
-28
62
-73
12
49
-98
-130
-164
-94
-88
-90
-62
-20
-11
-43
-3
-35
42
48
15
49
59
122
118
75
75
46
47
90
127
157
138
113
97
18
17
51
85
91
18
30
1
-42
-2
-37
-5
0
-74
8
-50
-52
-44
-69
-12
-42
-30
-9
-15
3
35
-11
-23
-52
-42
26
3
-19
-24
-36
-87
-80
-42
-63
-54
-56
-77
-35
-41
-15
6
22
95
14
-26
-2
28
72
92
60
31
41
-17
-41
-25
-2
24
38
17
-13
-54
-83
-45
9
20
-12
-31
-44
-28
-20
-2
30
20
10
25
3
-39
21
42
67
87
34
-1
-15
-10
-2
5
29
39
39
19
-3
-48
-33
-7
3
63
50
8
-29
-39
-31
-4
15
14
7
1
-19
-21
-12
-17
3
6
5
-5
-15
-31
-27
7
1
0
-26
-39
-23
-10
-6
-29
-31
-12
-2
-2
-16
-19
-17
7
27
17
9
1
15
20
26
26
16
32
30
2
8
-21
-19
20
33
23
-5
-1
-31
-13
-6
2
39
29
26
16
9
19
19
33
36
46
39
34
37
20
-4
2
7
-2
2
-13
-21
-27
-43
-62
-85
-57
-41
-42
-21
-52
-103
-116
-89
-66
-48
-48
-59
-61
-76
-69
-105
-89
-27
-39
19
2
-43
-34
-39
2
13
49
69
59
74
54
40
56
103
124
169
201
148
155
149
155
198
226
249
212
204
186
151
164
149
129
117
94
50
-21
-45
-88
-109
-69
-136
-213
-257
-310
-326
-318
-303
-341
-361
-312
-329
-340
-320
-354
-340
-280
-237
-225
-197
-159
-169
-163
-136
-158
-113
-6
30
49
46
32
45
100
212
268
313
385
370
373
451
539
641
746
820
800
778
792
762
728
749
774
749
746
698
522
390
268
169
140
105
26
-106
-296
-536
-768
-931
-1083
-1188
-1280
-1417
-1636
-1784
-1925
-2018
-1904
-1769
-1675
-1524
-1408
-1274
-1088
-801
-516
-244
125
392
532
703
822
952
1129
1283
1312
1245
1243
1236
1185
1148
1098
1010
977
1006
950
861
865
935
1045
1144
1195
1163
1186
1346
1449
1428
1356
1194
1073
1023
971
815
524
216
-209
-865
-1640
-2363
-2810
-2957
-2948
-3014
-3351
-3770
-3992
-3864
-3382
-2769
-2149
-1632
-1171
-733
-365
37
524
1112
1689
2030
2064
1857
1653
1587
1607
1638
1528
1199
773
372
48
-179
-284
-268
-206
-150
-161
-195
-87
261
807
1395
1830
2039
2075
2077
2176
2360
2491
2481
2299
1944
1514
1051
607
303
157
16
-237
-702
-1535
-2537
-3221
-3415
-3274
-3014
-2933
-3182
-3497
-3540
-3287
-2753
-1971
-1279
-816
-448
-190
-71
172
616
1046
1384
1584
1433
1012
742
727
792
885
873
603
283
88
-94
-245
-176
5
93
144
174
114
183
607
1145
1526
1731
1812
1858
1997
2226
2351
2303
2177
1973
1635
1297
1000
714
498
380
214
-133
-457
-628
-942
-1565
-2195
-2669
-2913
-2830
-2571
-2522
-2769
-2987
-2995
-2775
-2289
-1681
-1204
-842
-534
-381
-307
-77
291
661
976
1124
994
721
585
624
753
903
933
756
476
249
109
77
147
245
304
322
292
261
365
673
1084
1451
1687
1765
1776
1866
2054
2194
2189
2057
1809
1477
1162
900
622
328
112
-20
-113
-177
-332
-830
-1664
-2456
-2875
-2875
-2601
-2357
-2446
-2835
-3167
-3166
-2809
-2186
-1473
-876
-508
-343
-292
-240
-25
421
898
1145
1094
833
527
376
474
649
721
666
518
294
93
26
52
135
284
401
384
308
327
510
862
1303
1625
1719
1699
1679
1732
1872
2016
2060
1966
1755
1396
959
653
546
506
391
216
7
-207
-260
-329
-903
-1837
-2484
-2637
-2524
-2226
-2107
-2643
-3307
-3350
-2991
-2545
-1889
-1264
-1020
-819
-521
-473
-418
74
684
1042
1182
998
519
288
495
732
850
876
647
263
68
54
39
121
324
403
346
312
333
471
858
1372
1675
1714
1705
1747
1889
2137
2301
2195
1942
1694
1423
1143
915
675
426
250
63
-178
-359
-374
-319
-528
-1243
-2227
-2916
-2945
-2485
-2013
-2057
-2640
-3147
-3212
-2840
-2225
-1572
-1080
-766
-515
-475
-543
-375
96
661
1047
1073
693
258
178
400
689
875
837
605
357
239
237
340
491
600
611
521
414
448
681
1070
1482
1695
1674
1542
1492
1603
1868
2106
2054
1832
1553
1210
907
766
708
520
314
113
-154
-278
-156
-96
-636
-1663
-2573
-3020
-2844
-2353
-2073
-2438
-3121
-3409
-3232
-2690
-1971
-1307
-933
-758
-574
-527
-459
-96
480
969
1153
987
521
157
225
562
851
923
768
459
196
177
298
461
669
792
712
542
480
566
880
1368
1701
1725
1619
1501
1468
1631
1844
1885
1742
1555
1296
1042
857
644
403
246
124
-41
-148
-144
-118
-171
-642
-1718
-2695
-2934
-2671
-2331
-2081
-2344
-3112
-3501
-3246
-2782
-2135
-1305
-847
-749
-568
-441
-412
0
705
1129
1227
1140
779
432
519
809
922
909
815
505
204
189
341
456
570
644
556
437
468
643
912
1272
1535
1534
1399
1356
1413
1560
1751
1816
1693
1497
1274
975
755
627
487
304
94
-117
-236
-69
196
159
-533
-1772
-2792
-3026
-2566
-1989
-1833
-2402
-3333
-3735
-3486
-2913
-2111
-1260
-815
-735
-629
-621
-559
12
857
1340
1348
1055
468
96
358
859
1078
1032
856
464
135
164
390
573
755
878
667
346
305
548
970
1450
1751
1633
1370
1290
1409
1718
2023
2081
1787
1420
1110
794
628
607
620
468
151
-197
-423
-302
39
229
-260
-1480
-2668
-3182
-2896
-2319
-1977
-2309
-3127
-3670
-3588
-3003
-2232
-1487
-971
-717
-547
-493
-436
-83
586
1243
1468
1236
714
299
371
778
1159
1201
986
600
272
252
411
581
718
820
733
455
293
376
675
1145
1550
1645
1399
1173
1117
1258
1574
1838
1815
1501
1180
851
556
460
585
555
300
54
-174
-403
-350
45
163
-591
-1887
-2908
-3216
-2832
-2219
-1918
-2467
-3340
-3679
-3294
-2547
-1751
-1003
-691
-542
-328
-156
2
406
1009
1337
1366
1100
658
402
560
901
1055
1004
734
381
193
256
441
592
683
641
467
276
277
518
858
1220
1456
1427
1216
1144
1319
1617
1870
1861
1571
1237
992
744
596
612
560
359
123
-129
-369
-379
-92
231
54
-1032
-2467
-3233
-3134
-2680
-2183
-2046
-2666
-3493
-3591
-3069
-2429
-1611
-749
-307
-228
-169
-173
-98
433
1192
1628
1546
1082
471
189
447
875
1081
997
705
309
71
113
293
524
754
793
525
231
201
465
914
1392
1639
1539
1333
1186
1132
1273
1567
1747
1631
1300
849
420
265
438
663
654
408
64
-197
-178
169
545
386
-654
-2137
-3096
-3034
-2426
-2035
-2199
-2852
-3557
-3754
-3256
-2473
-1791
-1193
-720
-431
-333
-284
-104
372
1119
1659
1638
1169
653
413
574
954
1121
951
627
282
20
-28
132
305
428
419
229
43
89
403
865
1352
1644
1645
1479
1325
1376
1667
2012
2083
1794
1312
843
552
509
657
753
613
292
-78
-336
-310
29
386
313
-460
-1800
-2994
-3374
-2895
-2199
-1992
-2505
-3296
-3747
-3625
-2913
-1842
-962
-562
-420
-365
-400
-220
333
1013
1529
1711
1418
861
507
507
748
1066
1174
899
443
88
-84
-37
196
430
510
370
119
-19
157
605
1125
1491
1587
1474
1329
1302
1503
1846
2084
2009
1637
1125
729
593
631
684
612
336
-24
-288
-343
-187
139
306
-206
-1452
-2719
-3241
-2959
-2391
-2090
-2363
-3052
-3599
-3538
-2899
-2022
-1255
-750
-422
-215
-155
-58
299
847
1323
1589
1521
1117
672
508
631
842
933
775
407
52
-118
-92
61
226
325
361
356
253
129
234
650
1174
1591
1728
1522
1203
1143
1399
1709
1886
1843
1549
1115
712
430
315
387
462
345
151
-10
-164
-232
-16
189
-270
-1365
-2358
-2806
-2802
-2502
-2194
-2338
-2921
-3387
-3360
-2908
-2189
-1397
-791
-457
-280
-160
14
366
887
1391
1679
1626
1283
888
676
694
838
927
786
405
-26
-293
-333
-182
71
307
425
356
149
61
309
808
1321
1712
1841
1666
1434
1362
1451
1650
1853
1830
1494
1005
531
194
110
225
314
239
35
-247
-476
-419
0
345
-63
-1258
-2437
-2862
-2595
-2102
-1810
-2043
-2757
-3392
-3386
-2772
-1994
-1381
-938
-603
-425
-358
-198
156
626
1152
1575
1624
1294
885
635
612
792
972
881
515
60
-266
-325
-168
10
128
232
264
160
82
269
724
1272
1703
1879
1804
1598
1460
1526
1757
1937
1888
1640
1275
847
444
196
147
185
168
40
-162
-401
-562
-425
-36
-2
-797
-1932
-2612
-2653
-2317
-1871
-1728
-2195
-2890
-3170
-2883
-2310
-1677
-1141
-797
-609
-498
-388
-196
155
632
1130
1447
1400
1065
727
613
722
950
1096
936
499
72
-117
-112
12
175
296
328
267
164
119
326
765
1274
1635
1758
1645
1416
1341
1475
1719
1839
1753
1487
1096
708
397
255
208
195
104
-95
-285
-433
-427
-289
-215
-658
-1598
-2382
-2603
-2354
-2015
-1773
-1924
-2448
-2860
-2803
-2312
-1761
-1264
-922
-717
-584
-457
-202
64
353
689
1055
1260
1165
947
740
727
859
1015
1042
831
496
181
73
75
133
230
311
367
341
314
290
407
684
1020
1352
1535
1532
1319
1161
1172
1293
1414
1404
1268
974
679
397
165
-10
-114
-117
-142
-187
-281
-351
-387
-401
-495
-919
-1507
-1900
-1890
-1710
-1586
-1559
-1725
-2015
-2233
-2126
-1807
-1485
-1227
-1020
-828
-691
-506
-310
-138
54
330
639
808
847
802
737
699
782
938
960
807
605
496
434
364
311
309
330
298
255
274
373
523
700
877
1002
1053
1073
1096
1115
1129
1177
1226
1172
980
736
541
409
340
304
225
46
-169
-287
-300
-295
-308
-325
-471
-841
-1282
-1518
-1471
-1348
-1280
-1284
-1376
-1562
-1721
-1690
-1540
-1403
-1275
-1071
-866
-759
-700
-603
-464
-303
-68
214
418
493
531
618
719
794
846
877
849
775
735
731
693
599
526
492
431
355
339
378
404
433
524
634
667
651
677
725
750
786
868
913
847
724
621
519
393
293
251
201
94
-34
-143
-239
-324
-369
-385
-476
-705
-996
-1197
-1251
-1211
-1165
-1183
-1274
-1392
-1452
-1410
-1294
-1172
-1065
-955
-828
-708
-606
-513
-401
-247
-58
142
317
440
509
555
621
696
737
740
733
715
666
599
531
454
359
290
289
328
359
383
411
442
488
577
691
776
819
871
937
963
928
850
753
656
594
567
507
356
160
3
-73
-101
-134
-198
-292
-388
-472
-554
-659
-801
-944
-1030
-1039
-1019
-1022
-1070
-1160
-1259
-1297
-1228
-1091
-970
-912
-889
-853
-775
-650
-495
-335
-181
-32
115
232
297
333
403
510
605
646
630
578
517
481
481
479
433
369
333
351
416
510
596
635
642
668
752
865
965
1005
979
902
809
736
679
627
565
482
364
222
100
21
-32
-82
-139
-202
-260
-316
-390
-509
-663
-798
-879
-909
-928
-968
-1026
-1083
-1117
-1125
-1123
-1112
-1082
-1017
-917
-818
-739
-675
-610
-523
-408
-268
-106
55
184
268
313
332
362
430
515
560
545
495
439
402
396
414
442
471
517
592
651
677
690
720
795
894
970
973
903
814
754
729
696
625
514
409
328
266
201
115
12
-84
-148
-188
-223
-286
-365
-442
-516
-600
-693
-791
-882
-958
-991
-991
-984
-997
-1022
-1033
-1026
-995
-932
-847
-767
-694
-611
-519
-418
-318
-214
-99
14
114
201
259
293
321
371
427
460
460
434
407
404
432
494
563
611
641
662
677
690
727
782
833
847
813
747
655
588
574
593
586
523
411
277
159
98
93
96
53
-36
-138
-239
-341
-413
-448
-468
-507
-546
-593
-666
-760
-823
-829
-813
-819
-837
-853
-863
-855
-807
-728
-671
-644
-606
-530
-434
-340
-243
-149
-89
-46
7
82
159
201
215
226
241
272
335
423
512
554
575
609
657
708
777
865
934
943
885
797
705
618
568
570
589
571
521
467
398
310
230
186
135
42
-81
-195
-296
-382
-426
-437
-466
-535
-604
-642
-664
-681
-682
-678
-711
-768
-805
-814
-812
-793
-748
-704
-673
-631
-547
-430
-311
-219
-156
-104
-51
4
65
129
174
192
207
229
261
304
359
420
462
478
494
535
594
645
679
697
712
709
700
693
668
617
564
544
529
484
422
361
285
201
146
107
41
-29
-45
-38
-74
-166
-273
-365
-434
-453
-437
-456
-540
-629
-677
-702
-732
-749
-740
-721
-700
-665
-618
-599
-607
-580
-498
-411
-356
-301
-237
-196
-162
-94
-11
58
114
177
220
203
176
193
271
364
428
446
446
453
489
565
648
695
705
706
690
637
565
522
514
502
474
426
356
301
279
271
236
183
114
36
-26
-56
-101
-176
-237
-269
-289
-316
-348
-385
-434
-465
-466
-488
-541
-591
-618
-637
-655
-652
-635
-610
-566
-518
-480
-440
-374
-291
-211
-142
-100
-70
-27
28
68
84
94
103
119
155
199
231
257
285
305
332
373
423
461
493
509
503
501
531
570
579
568
544
508
465
437
411
376
333
296
262
197
116
35
-19
-40
-46
-61
-112
-192
-274
-333
-359
-370
-388
-414
-452
-506
-573
-629
-648
-634
-601
-560
-533
-538
-554
-545
-503
-427
-336
-260
-218
-207
-196
-162
-103
-31
39
95
128
157
175
191
220
265
310
339
363
370
360
359
384
420
451
476
485
473
451
434
428
426
431
424
395
358
322
283
248
224
204
176
146
114
71
10
-59
-113
-149
-175
-202
-240
-294
-360
-419
-462
-492
-512
-531
-545
-549
-551
-553
-557
-550
-525
-483
-429
-372
-328
-298
-255
-198
-144
-91
-36
21
67
113
161
192
207
232
275
296
306
317
318
317
327
339
334
316
310
313
307
310
311
283
272
296
322
322
298
264
222
215
256
291
263
183
93
28
8
40
62
15
-75
-162
-228
-265
-264
-260
-288
-347
-403
-435
-464
-477
-465
-452
-457
-468
-460
-437
-402
-356
-317
-299
-285
-244
-172
-96
-34
-4
15
45
95
159
213
246
258
261
279
291
281
266
266
271
267
262
259
222
170
159
190
209
197
205
225
210
181
184
211
217
218
253
276
233
154
118
124
123
99
79
33
-71
-165
-192
-187
-217
-264
-289
-323
-391
-436
-422
-384
-365
-362
-357
-363
-384
-378
-315
-238
-205
-216
-214
-187
-155
-117
-55
-8
-16
-29
20
105
158
175
190
198
187
190
240
294
292
267
268
270
238
212
222
234
237
258
299
287
202
123
110
150
221
309
344
253
107
38
60
113
164
190
139
4
-116
-151
-144
-153
-162
-176
-233
-326
-392
-403
-405
-413
-416
-417
-444
-485
-486
-425
-359
-322
-305
-294
-287
-274
-213
-118
-38
-8
3
36
71
107
148
197
213
192
182
212
258
285
293
289
267
220
190
223
289
326
318
293
259
217
205
250
310
327
305
290
287
265
224
203
200
181
150
124
86
12
-73
-125
-135
-152
-189
-226
-265
-325
-393
-429
-428
-420
-426
-435
-443
-466
-494
-479
-418
-360
-336
-318
-279
-235
-192
-124
-46
-8
-2
28
95
142
154
171
191
194
189
201
204
173
153
178
201
185
145
125
117
118
154
192
197
186
202
249
270
263
264
274
281
296
330
338
295
238
194
153
109
89
96
83
13
-79
-159
-222
-251
-232
-211
-243
-313
-360
-382
-400
-395
-373
-371
-390
-383
-351
-333
-335
-315
-276
-246
-208
-152
-106
-90
-75
-25
35
79
115
124
108
117
171
237
240
185
128
123
196
296
326
249
142
101
158
280
383
382
285
186
161
190
236
314
380
340
227
150
132
102
77
105
132
71
-36
-110
-163
-221
-255
-228
-217
-301
-440
-520
-502
-470
-454
-457
-480
-507
-503
-448
-404
-408
-413
-348
-208
-95
-59
-53
-35
8
70
147
223
259
248
220
206
203
215
248
276
248
172
130
186
281
305
251
195
224
363
529
597
520
383
326
398
497
514
457
416
425
421
344
197
43
-47
-54
-39
-76
-182
-309
-415
-503
-581
-626
-626
-611
-620
-670
-734
-753
-695
-603
-556
-567
-575
-521
-432
-384
-390
-395
-340
-219
-93
-41
-57
-55
34
172
258
254
233
279
391
481
479
419
402
483
578
566
445
343
367
489
589
599
533
461
445
462
464
425
408
445
472
423
310
237
221
204
144
72
32
20
-39
-184
-381
-529
-562
-528
-555
-697
-868
-943
-900
-848
-867
-925
-905
-758
-583
-521
-588
-632
-524
-293
-114
-91
-151
-133
-3
134
163
99
62
148
300
377
305
176
144
257
412
482
464
442
474
531
576
622
709
817
872
821
722
670
699
739
716
634
566
542
502
398
260
179
188
200
104
-107
-308
-391
-403
-477
-684
-920
-1056
-1073
-1078
-1148
-1238
-1242
-1122
-988
-964
-1021
-1003
-808
-527
-354
-353
-410
-367
-200
-28
55
77
113
191
257
267
249
266
333
376
349
284
269
333
424
480
512
572
654
712
738
794
958
1164
1242
1100
832
676
748
936
989
813
550
417
442
458
331
128
30
92
160
40
-299
-681
-920
-1014
-1089
-1224
-1344
-1358
-1310
-1333
-1469
-1580
-1510
-1253
-963
-790
-740
-710
-618
-483
-363
-261
-139
22
164
212
178
140
161
217
260
282
315
351
342
255
150
133
250
418
509
487
463
558
755
930
1000
1022
1099
1248
1381
1386
1251
1071
945
889
835
735
597
452
319
200
108
71
80
70
-13
-158
-328
-535
-816
-1122
-1319
-1322
-1224
-1199
-1338
-1571
-1709
-1620
-1365
-1144
-1078
-1059
-932
-726
-615
-656
-705
-595
-322
-39
83
5
-132
-123
80
322
441
432
417
429
403
325
276
332
449
544
576
562
555
620
768
936
1062
1164
1259
1312
1295
1272
1315
1365
1304
1119
936
846
813
739
579
378
247
250
302
214
-70
-383
-550
-646
-886
-1289
-1629
-1709
-1559
-1383
-1405
-1658
-1930
-1947
-1680
-1354
-1166
-1085
-984
-847
-753
-731
-689
-528
-268
-28
79
54
-10
-21
58
194
348
483
560
525
389
263
300
498
682
698
600
580
716
892
949
892
881
1045
1313
1437
1270
994
941
1178
1404
1316
974
689
644
734
756
630
430
287
283
312
226
20
-191
-380
-678
-1095
-1452
-1580
-1531
-1480
-1528
-1686
-1898
-2057
-2021
-1771
-1444
-1187
-1044
-983
-996
-1021
-908
-606
-263
-90
-110
-151
-82
37
101
96
119
239
423
523
430
218
135
325
629
761
656
543
639
887
1071
1102
1095
1183
1364
1523
1559
1444
1277
1211
1294
1388
1313
1081
844
714
668
622
537
417
298
212
178
162
108
-79
-439
-911
-1300
-1466
-1481
-1523
-1671
-1857
-2008
-2083
-2089
-2025
-1899
-1704
-1441
-1175
-1029
-1045
-1066
-910
-574
-254
-82
-48
-67
-70
-10
103
206
264
322
438
530
490
336
266
401
632
784
815
781
754
787
930
1146
1311
1357
1366
1405
1431
1368
1250
1175
1156
1164
1151
1069
850
565
394
447
574
570
394
204
108
100
119
72
-171
-636
-1133
-1422
-1495
-1545
-1649
-1725
-1755
-1869
-2063
-2139
-1962
-1621
-1260
-986
-885
-959
-1029
-894
-601
-322
-138
-17
15
-77
-191
-160
35
240
334
320
266
236
246
306
415
546
686
806
872
868
850
896
1038
1205
1307
1318
1279
1236
1240
1277
1262
1138
1001
1002
1092
1058
794
465
319
416
588
608
416
170
68
146
210
32
-439
-1012
-1386
-1457
-1428
-1529
-1749
-1945
-2060
-2125
-2136
-2078
-1902
-1587
-1206
-956
-957
-1057
-996
-675
-260
4
59
-6
-70
-73
12
175
318
365
337
310
324
358
418
502
574
626
711
840
916
905
916
1057
1289
1455
1458
1335
1225
1238
1340
1372
1202
931
797
860
922
776
458
229
258
462
558
360
37
-83
88
276
191
-194
-721
-1174
-1404
-1423
-1450
-1626
-1816
-1903
-1957
-2069
-2113
-1955
-1687
-1436
-1220
-1038
-944
-925
-844
-630
-363
-116
54
86
-28
-111
6
231
358
309
231
251
352
436
429
400
488
731
940
908
711
635
849
1196
1394
1332
1158
1107
1257
1467
1511
1345
1155
1109
1166
1158
1042
887
727
582
512
541
524
375
197
118
113
79
-16
-268
-752
-1298
-1571
-1508
-1453
-1627
-1885
-2044
-2135
-2189
-2121
-1947
-1726
-1457
-1194
-1077
-1142
-1175
-969
-559
-221
-161
-265
-342
-291
-142
28
157
240
317
360
346
325
391
595
840
961
922
880
939
1038
1109
1130
1186
1301
1394
1359
1229
1144
1186
1298
1306
1126
896
845
968
1009
790
460
305
406
552
502
268
84
110
228
191
-97
-519
-940
-1229
-1374
-1484
-1649
-1811
-1878
-1941
-2075
-2170
-2034
-1686
-1342
-1162
-1128
-1081
-948
-763
-568
-409
-296
-183
-55
-35
-192
-312
-142
230
441
356
168
117
275
507
644
631
640
801
977
976
843
836
1063
1356
1455
1278
1028
985
1199
1408
1361
1094
860
822
913
961
880
727
600
536
501
474
464
482
466
313
65
-116
-235
-494
-948
-1382
-1620
-1700
-1715
-1743
-1898
-2143
-2243
-2097
-1854
-1661
-1469
-1231
-1014
-925
-928
-857
-628
-324
-108
-64
-151
-247
-213
-25
197
309
292
240
245
311
412
539
656
714
745
818
922
982
999
1026
1107
1247
1376
1383
1268
1184
1230
1316
1285
1124
958
907
952
960
848
631
443
419
507
475
255
72
124
260
188
-102
-437
-767
-1104
-1346
-1444
-1559
-1765
-1907
-1959
-2101
-2264
-2160
-1803
-1498
-1368
-1265
-1116
-970
-847
-718
-550
-334
-119
-32
-111
-229
-211
-26
190
290
280
272
314
390
473
563
676
836
966
931
768
720
913
1177
1298
1260
1177
1133
1167
1239
1266
1240
1209
1154
1005
828
773
856
929
844
612
391
349
474
543
399
163
49
58
12
-246
-715
-1191
-1407
-1385
-1443
-1717
-1928
-1925
-1922
-2037
-2069
-1899
-1640
-1321
-1020
-978
-1193
-1216
-828
-420
-349
-422
-371
-244
-185
-188
-180
-92
113
353
413
227
65
244
657
883
797
666
737
959
1138
1163
1096
1156
1416
1619
1515
1247
1177
1367
1525
1404
1088
856
880
1049
1058
759
408
347
547
633
399
56
-67
104
276
128
-273
-622
-811
-1009
-1303
-1539
-1632
-1639
-1675
-1832
-2102
-2284
-2112
-1667
-1328
-1326
-1408
-1235
-907
-717
-715
-676
-481
-201
-2
-41
-239
-321
-105
226
348
229
148
286
489
570
558
606
799
1027
1084
931
810
971
1315
1512
1385
1127
1071
1258
1434
1360
1124
984
1016
1042
885
638
522
599
698
613
355
178
267
438
394
165
-19
-75
-110
-241
-577
-1087
-1459
-1488
-1404
-1552
-1859
-2003
-1964
-1945
-1946
-1811
-1575
-1364
-1171
-1027
-1013
-1005
-810
-504
-334
-346
-365
-254
-110
-77
-90
-10
161
326
416
389
326
397
618
796
840
822
866
1001
1150
1215
1209
1242
1337
1406
1378
1301
1265
1292
1287
1187
1053
957
918
862
710
521
454
545
600
476
251
111
127
193
140
-96
-373
-541
-677
-979
-1378
-1604
-1603
-1592
-1737
-1958
-2113
-2090
-1877
-1645
-1564
-1530
-1307
-982
-833
-874
-839
-610
-342
-196
-192
-245
-262
-158
-7
69
94
211
418
521
435
349
483
773
1003
1039
949
888
974
1175
1310
1280
1185
1203
1336
1397
1303
1164
1119
1144
1114
968
774
669
692
706
567
357
279
380
465
378
178
45
60
85
-86
-418
-674
-782
-965
-1330
-1644
-1709
-1655
-1662
-1771
-1950
-2089
-1969
-1562
-1236
-1230
-1300
-1154
-915
-775
-688
-565
-437
-281
-97
-48
-191
-255
-41
256
343
281
302
450
577
596
572
645
868
1118
1184
1032
905
1013
1280
1438
1388
1253
1223
1298
1324
1175
996
967
1038
998
796
562
432
477
610
606
366
120
114
242
238
72
-138
-313
-416
-474
-714
-1203
-1585
-1551
-1406
-1573
-1898
-1994
-1864
-1745
-1679
-1604
-1504
-1311
-1038
-882
-914
-891
-628
-315
-184
-226
-273
-200
-18
140
161
150
258
430
524
501
440
462
646
885
957
861
821
938
1074
1110
1077
1077
1176
1316
1322
1151
997
1002
1077
1069
935
757
681
713
685
501
319
319
428
445
287
54
-64
-16
32
-126
-451
-690
-764
-899
-1214
-1507
-1604
-1573
-1539
-1585
-1773
-1960
-1850
-1481
-1231
-1234
-1213
-1034
-849
-750
-673
-587
-469
-238
-6
-5
-194
-220
58
381
474
374
292
363
554
715
711
613
642
853
1053
1037
895
873
1041
1233
1299
1244
1149
1112
1150
1172
1112
1028
986
945
853
718
582
512
551
588
490
313
189
135
86
7
-134
-317
-481
-616
-803
-1096
-1379
-1492
-1471
-1539
-1707
-1787
-1758
-1734
-1673
-1540
-1455
-1359
-1109
-875
-862
-903
-791
-595
-403
-227
-149
-182
-172
-28
123
202
270
345
418
501
571
578
598
722
891
988
1002
988
976
1033
1172
1284
1290
1261
1252
1213
1148
1136
1146
1089
977
875
777
665
588
540
460
344
256
208
168
116
42
-82
-228
-320
-391
-566
-872
-1180
-1335
-1318
-1313
-1490
-1731
-1821
-1751
-1619
-1474
-1390
-1390
-1289
-1018
-846
-876
-849
-648
-427
-260
-162
-204
-263
-126
109
186
154
188
251
290
354
418
454
517
614
660
690
799
925
967
962
999
1105
1243
1305
1222
1086
1063
1186
1295
1220
980
770
727
809
831
704
518
424
416
357
211
89
48
24
-74
-279
-536
-740
-845
-947
-1131
-1328
-1431
-1484
-1575
-1664
-1678
-1609
-1500
-1378
-1301
-1278
-1202
-999
-781
-709
-732
-655
-428
-202
-137
-212
-264
-151
97
301
329
236
218
375
576
629
551
530
658
848
969
969
908
912
1042
1187
1212
1150
1135
1198
1228
1143
993
892
881
906
859
722
578
505
479
414
297
215
215
203
75
-137
-297
-361
-419
-569
-807
-1052
-1204
-1249
-1301
-1473
-1654
-1661
-1537
-1469
-1501
-1515
-1424
-1226
-970
-804
-798
-824
-688
-433
-251
-204
-191
-104
26
99
98
104
191
333
449
488
468
477
564
671
742
796
865
932
961
970
1005
1094
1192
1224
1177
1112
1081
1084
1075
1018
905
786
700
645
563
442
338
303
310
270
148
-13
-125
-159
-178
-295
-519
-755
-908
-995
-1102
-1240
-1362
-1432
-1457
-1461
-1443
-1401
-1365
-1331
-1272
-1168
-1036
-898
-799
-752
-706
-604
-445
-297
-213
-167
-109
-13
114
220
275
308
361
443
517
568
619
681
768
840
867
901
970
1070
1149
1165
1141
1108
1101
1115
1116
1082
1009
925
843
774
727
678
624
545
432
317
228
178
111
0
-140
-279
-375
-447
-554
-713
-877
-976
-1026
-1091
-1194
-1306
-1359
-1358
-1350
-1357
-1354
-1296
-1190
-1095
-1032
-982
-878
-713
-568
-485
-447
-367
-235
-109
-51
-33
27
138
245
297
317
379
499
614
656
644
670
792
953
1040
1015
963
1000
1135
1261
1262
1150
1053
1063
1130
1113
962
775
676
669
646
515
312
161
122
119
35
-149
-322
-376
-384
-458
-620
-775
-854
-874
-899
-969
-1062
-1127
-1139
-1127
-1130
-1137
-1114
-1079
-1072
-1055
-980
-873
-802
-759
-693
-576
-441
-329
-245
-182
-97
30
159
228
251
297
392
476
521
550
598
654
707
763
815
861
901
947
985
1000
1014
1042
1058
1031
971
927
910
887
825
724
614
522
457
387
276
130
3
-75
-150
-263
-405
-504
-548
-587
-670
-785
-872
-902
-884
-884
-941
-1011
-1030
-988
-935
-926
-943
-925
-859
-781
-731
-699
-652
-574
-488
-417
-361
-295
-200
-122
-80
-42
20
119
211
256
269
309
390
490
560
597
633
699
781
847
885
913
950
984
1001
990
968
956
941
901
823
741
674
625
564
469
348
242
172
118
42
-74
-197
-280
-324
-375
-466
-579
-666
-703
-719
-763
-849
-920
-933
-901
-888
-920
-961
-959
-891
-801
-758
-763
-757
-683
-553
-442
-398
-399
-366
-258
-120
-33
-26
-32
27
149
266
305
291
310
408
535
610
607
600
656
769
860
876
846
846
902
968
974
927
871
850
846
817
743
653
579
514
438
336
231
145
70
-22
-138
-244
-312
-360
-432
-551
-653
-706
-713
-743
-831
-934
-981
-949
-910
-928
-994
-1025
-970
-869
-807
-814
-821
-758
-623
-510
-464
-464
-415
-286
-138
-61
-53
-31
62
208
310
340
340
400
518
628
670
675
713
799
891
919
902
899
947
993
997
947
896
883
880
846
765
681
608
552
475
385
281
180
80
-17
-104
-189
-279
-391
-492
-571
-606
-656
-722
-812
-872
-885
-878
-887
-931
-963
-961
-925
-893
-871
-853
-818
-769
-711
-650
-578
-501
-432
-372
-315
-232
-129
-32
33
78
131
221
320
401
449
490
550
626
693
743
779
811
844
880
906
922
927
919
904
891
871
829
777
722
675
617
534
429
341
280
216
119
-13
-125
-195
-237
-315
-430
-541
-609
-638
-671
-735
-815
-869
-879
-872
-884
-910
-928
-911
-871
-833
-815
-791
-749
-683
-621
-571
-521
-451
-368
-296
-239
-183
-102
-5
69
114
160
238
344
424
461
477
533
630
715
743
730
745
809
884
904
866
826
842
884
890
830
746
702
697
680
601
482
389
340
303
221
89
-29
-103
-147
-222
-341
-454
-521
-551
-599
-686
-773
-809
-806
-813
-859
-907
-905
-859
-824
-833
-846
-812
-727
-650
-625
-617
-572
-469
-360
-302
-278
-234
-139
-26
55
96
134
209
311
396
441
474
526
600
665
696
717
747
785
813
807
788
790
806
799
748
681
642
637
616
538
430
357
333
310
231
107
7
-34
-51
-117
-236
-346
-399
-415
-452
-536
-629
-682
-694
-706
-743
-784
-804
-793
-775
-775
-776
-750
-696
-638
-609
-589
-552
-475
-382
-317
-282
-252
-188
-93
-4
48
80
132
213
294
347
379
425
497
569
603
613
640
696
767
797
781
753
755
783
802
774
715
656
614
581
538
480
410
334
257
185
122
62
-5
-86
-164
-228
-282
-343
-412
-475
-522
-555
-605
-665
-715
-737
-735
-748
-785
-819
-815
-772
-737
-732
-735
-710
-643
-568
-508
-472
-432
-360
-272
-189
-124
-67
-4
70
146
213
268
324
384
443
494
537
578
622
666
698
715
729
751
774
785
775
753
736
727
705
664
612
560
513
458
388
311
240
176
106
20
-68
-141
-202
-261
-331
-408
-470
-517
-557
-597
-643
-682
-705
-719
-726
-737
-746
-745
-733
-712
-684
-664
-642
-611
-560
-502
-457
-414
-365
-295
-218
-150
-94
-35
36
123
204
263
306
359
432
501
546
568
590
627
671
697
695
684
689
704
707
687
651
625
611
594
553
498
448
412
374
313
242
174
120
74
12
-72
-153
-215
-265
-319
-388
-462
-522
-562
-595
-634
-678
-708
-724
-730
-736
-737
-730
-711
-686
-661
-630
-597
-556
-505
-452
-395
-340
-288
-230
-166
-95
-28
28
80
135
201
270
328
374
413
459
513
563
597
614
630
658
690
707
701
688
680
684
678
646
597
559
535
507
453
376
303
257
221
157
64
-30
-86
-116
-161
-247
-339
-392
-412
-431
-491
-569
-610
-603
-589
-614
-672
-702
-675
-627
-614
-647
-662
-622
-546
-496
-502
-505
-452
-352
-278
-262
-254
-188
-74
16
43
45
108
228
326
346
330
366
478
576
587
542
534
611
701
711
642
584
609
678
688
606
504
478
515
516
430
306
229
227
227
156
29
-75
-104
-101
-148
-255
-357
-393
-382
-393
-464
-546
-578
-549
-523
-554
-615
-634
-587
-534
-526
-567
-577
-519
-440
-405
-424
-426
-363
-269
-214
-216
-212
-150
-48
21
28
35
94
196
271
284
284
330
416
488
500
487
502
564
625
626
590
567
594
631
620
557
497
481
491
468
388
299
252
243
210
130
31
-34
-51
-75
-140
-234
-298
-319
-332
-374
-449
-507
-520
-513
-525
-566
-604
-606
-577
-558
-568
-583
-565
-522
-480
-465
-455
-423
-367
-306
-272
-248
-205
-140
-71
-19
16
59
122
189
242
280
319
367
420
463
496
520
546
573
595
607
606
601
595
587
574
550
516
472
436
402
361
309
247
193
148
107
52
-11
-71
-116
-155
-204
-255
-300
-332
-361
-396
-430
-458
-474
-487
-502
-518
-529
-529
-519
-513
-514
-509
-494
-466
-436
-413
-390
-359
-315
-268
-224
-192
-158
-106
-45
13
52
84
127
189
249
287
310
342
392
443
476
484
492
525
563
579
565
549
552
566
558
521
473
448
437
405
345
269
212
177
139
71
-13
-82
-125
-156
-200
-262
-326
-364
-379
-391
-424
-470
-501
-502
-487
-493
-521
-542
-532
-502
-479
-483
-492
-472
-423
-376
-354
-339
-308
-250
-186
-141
-112
-73
-11
59
111
148
185
240
301
343
372
398
435
476
501
507
512
525
545
549
533
507
496
498
491
454
398
352
337
334
294
214
131
85
77
59
-16
-122
-197
-213
-210
-251
-339
-423
-450
-435
-431
-468
-522
-543
-525
-493
-485
-493
-494
-470
-434
-402
-375
-346
-312
-285
-259
-226
-171
-118
-92
-88
-68
-9
65
104
98
91
134
216
280
289
266
269
330
411
442
414
379
400
463
509
487
429
400
430
463
444
381
326
318
324
297
234
178
152
127
78
19
-23
-47
-83
-150
-213
-243
-248
-271
-331
-400
-426
-407
-390
-425
-479
-509
-482
-431
-411
-437
-467
-454
-395
-335
-316
-330
-333
-292
-219
-161
-142
-145
-124
-66
2
51
71
83
120
179
237
279
296
312
345
384
426
449
455
454
458
474
495
494
458
416
393
402
405
362
283
222
206
210
179
99
14
-27
-28
-39
-94
-176
-229
-239
-243
-266
-316
-363
-384
-385
-387
-397
-416
-426
-426
-419
-400
-381
-365
-353
-339
-315
-284
-245
-211
-185
-165
-139
-102
-50
-4
18
26
42
91
148
189
195
186
206
259
306
322
306
301
324
365
384
370
347
340
361
375
361
324
289
282
281
267
222
171
135
118
107
76
19
-36
-73
-83
-91
-129
-181
-229
-248
-250
-259
-288
-329
-352
-358
-351
-354
-369
-387
-394
-388
-368
-351
-343
-342
-337
-310
-270
-229
-204
-194
-177
-125
-56
-4
14
19
55
129
203
238
229
229
276
355
408
400
365
360
411
467
471
423
372
371
408
417
377
309
265
262
264
239
173
107
70
57
42
-1
-65
-114
-142
-159
-181
-222
-266
-300
-318
-326
-337
-358
-380
-393
-393
-386
-375
-371
-376
-378
-367
-335
-298
-278
-275
-271
-237
-183
-137
-113
-111
-98
-47
21
66
76
74
99
162
223
249
245
243
275
331
366
364
344
348
373
391
389
363
340
335
331
313
278
248
223
200
166
130
103
81
55
14
-22
-42
-53
-72
-113
-152
-167
-160
-165
-199
-244
-261
-245
-224
-238
-285
-317
-309
-272
-255
-283
-318
-324
-289
-247
-241
-256
-262
-230
-184
-151
-141
-130
-101
-64
-30
-3
25
54
83
105
131
163
197
216
224
239
263
294
308
301
290
303
328
338
321
281
261
273
287
267
213
158
137
149
145
93
19
-31
-35
-28
-51
-111
-167
-186
-175
-178
-209
-249
-264
-252
-243
-256
-269
-263
-244
-231
-233
-236
-218
-184
-165
-168
-172
-155
-110
-79
-78
-87
-75
-32
13
23
7
7
45
101
124
107
89
107
162
202
194
163
156
194
240
249
218
191
198
228
243
224
192
175
170
173
163
143
119
93
70
50
43
32
6
-33
-76
-87
-74
-80
-124
-185
-214
-198
-171
-184
-242
-294
-293
-249
-216
-236
-281
-298
-265
-209
-185
-198
-213
-194
-148
-103
-87
-88
-76
-45
-2
28
43
54
76
106
128
148
162
182
202
209
209
219
241
258
251
230
225
245
264
251
208
175
187
212
202
149
99
92
116
112
66
7
-16
-5
3
-25
-73
-104
-104
-96
-110
-143
-166
-166
-162
-169
-186
-198
-188
-178
-192
-214
-212
-184
-160
-169
-202
-204
-166
-120
-116
-151
-166
-130
-67
-39
-66
-94
-72
-8
35
26
-3
8
58
105
112
91
91
127
168
176
157
150
173
204
212
189
166
178
202
201
170
138
136
157
158
113
70
60
77
83
50
-3
-28
-16
-3
-24
-66
-96
-94
-76
-82
-116
-148
-144
-122
-113
-137
-164
-167
-138
-112
-127
-155
-158
-123
-88
-84
-107
-121
-91
-39
-22
-43
-56
-35
10
36
31
9
17
57
88
80
62
65
89
112
107
83
76
98
115
107
81
66
76
94
85
56
36
49
59
47
22
5
15
25
17
-9
-18
-10
-1
-9
-28
-40
-38
-32
-34
-45
-57
-55
-54
-52
-57
-60
-66
-66
-56
-52
-57
-60
-56
-46
-38
-39
-41
-37
-22
-10
-10
-9
-5
7
24
28
27
28
40
54
53
48
49
59
67
64
54
52
62
69
60
47
41
46
47
42
26
12
15
22
17
-2
-16
-19
-14
-14
-23
-36
-38
-33
-33
-39
-42
-45
-41
-41
-45
-49
-48
-45
-45
-49
-45
-40
-36
-41
-42
-42
-34
-25
-20
-22
-24
-15
-3
6
5
5
8
14
26
29
26
24
25
35
38
39
39
37
36
35
34
41
38
36
33
29
32
33
38
32
22
22
27
32
27
18
12
10
16
17
6
-1
-4
2
5
-4
-10
-18
-15
-10
-14
-23
-32
-30
-25
-25
-31
-39
-37
-30
-28
-29
-33
-32
-27
-20
-19
-21
-19
-17
-11
-10
-14
-14
-8
-4
-3
-6
-9
-4
1
7
1
-2
0
7
10
9
4
4
12
17
16
13
13
18
23
26
23
17
16
18
22
23
14
8
5
11
14
13
9
3
4
6
7
-1
-4
-4
-3
-1
-2
-5
-6
-5
-6
-6
-8
-6
-6
-8
-10
-11
-11
-9
-10
-9
-10
-7
-4
-3
-5
-6
-4
-1
5
6
4
3
3
7
7
5
2
5
6
7
5
3
2
4
7
3
1
2
3
4
4
1
0
-2
-1
1
2
-1
0
-1
0
-1
-2
-1
0
-1
0
-3
-4
-5
-3
-8
-8
-6
-9
-6
-8
-3
-8
-7
-6
-6
-4
-2
-2
-1
-1
0
-1
-1
1
-1
2
1
0
3
3
-1
3
1
2
5
4
4
4
5
6
5
5
5
5
6
6
3
2
3
2
5
1
2
-1
1
1
1
-1
1
-1
0
3
2
3
1
0
1
2
1
0
0
0
2
0
-1
-2
-3
-1
-3
0
-3
-3
-2
-1
-1
-1
-1
-2
0
2
2
-1
0
-1
0
1
-2
-3
-4
-4
-2
-5
-7
-7
-3
-1
-3
-5
-3
-1
1
3
-1
-1
1
1
4
4
2
1
3
2
0
1
0
0
-1
0
1
1
2
1
2
3
4
4
4
5
5
4
1
1
2
1
-1
-1
-2
-3
-3
-3
-2
-3
-3
-2
-2
-1
-1
0
-1
-1
-1
-1
2
0
3
0
0
3
0
3
0
1
0
0
-1
1
-1
-1
-1
-2
1
2
2
2
2
2
4
1
0
0
-1
-1
-1
-2
-1
-2
-1
0
-4
-4
-3
-2
0
1
-2
0
1
-1
1
0
0
2
3
2
0
2
2
0
2
1
0
0
0
1
0
-1
0
-1
-1
-1
0
-1
-2
-1
1
1
-1
-1
-1
1
-2
-1
-2
-3
-1
0
0
0
-1
0
0
-2
0
2
0
4
1
2
4
3
2
-1
0
2
6
2
-3
-3
-2
-1
1
-3
-2
-2
-3
-3
-1
-4
-2
-1
2
1
-1
-1
0
3
2
0
-2
0
-1
1
1
1
0
0
2
-1
0
-2
2
5
2
3
2
3
1
1
2
0
2
3
2
1
1
2
1
-3
-2
-2
0
0
-1
-3
-5
-3
-1
2
-1
-4
-2
0
2
2
3
2
1
0
0
2
-2
-2
-2
-2
-3
-2
-2
-4
-3
0
1
0
0
-2
-1
1
0
4
3
2
1
1
3
0
-2
-2
-1
-2
1
0
-2
-3
-1
0
-2
-1
0
2
3
0
3
0
0
2
-1
0
-2
-2
-3
-3
-3
-5
-3
-2
0
-1
-1
0
3
3
3
3
6
4
7
7
3
4
3
4
1
-1
-1
0
0
2
-2
-3
0
1
1
1
1
2
4
2
2
-1
1
1
-1
-1
-5
-3
-1
-1
-3
-6
-6
-4
-5
-5
-5
-3
-3
-1
2
-3
-1
0
2
2
-1
-2
0
2
4
1
-3
-4
-2
0
1
0
-2
0
1
0
-1
0
-1
4
7
5
1
-1
-2
4
5
0
0
0
2
2
-1
-2
-5
1
1
-2
-4
-3
-2
1
1
-2
2
4
6
3
-2
-1
3
6
6
2
1
2
6
2
-3
-2
1
5
5
0
-5
-4
2
4
1
-2
0
-1
-3
-6
-10
-3
1
3
-5
-8
-8
-3
3
2
-3
-4
1
1
-1
-5
-4
3
7
3
-3
-5
-2
4
3
0
-3
0
3
4
-1
-1
-1
2
6
1
-2
1
4
7
2
-6
-6
-5
1
-1
-5
-7
-3
4
1
-6
-7
-3
4
8
1
-2
-4
3
7
2
-2
-1
6
10
8
1
-3
0
7
6
2
-5
-5
2
2
-1
-4
-3
0
3
1
-3
-1
2
4
0
-4
-4
0
2
-1
-5
-4
-1
-2
0
-4
-5
-2
0
0
-2
-4
-4
3
3
0
-2
-1
3
5
1
-2
-1
2
6
2
-2
-2
3
4
-2
-5
-2
2
3
0
-4
-3
1
3
2
-1
-1
1
2
2
-2
-1
2
6
3
-1
-3
1
5
5
2
-4
-1
6
6
0
-4
-2
2
3
0
-7
-6
0
0
-2
-8
-7
-3
2
1
-2
-6
-5
2
4
1
-5
-6
-2
3
-1
-5
-3
-1
3
2
-1
-5
1
6
4
3
-1
2
4
5
3
1
0
5
6
0
3
3
3
2
0
-5
-3
0
1
2
0
-1
-1
-2
0
-1
-3
-1
1
0
0
-4
1
1
-3
-4
0
1
1
-1
-5
-4
-2
-2
-5
-5
-3
0
-2
1
1
0
2
5
3
2
3
3
1
2
1
-2
1
0
-1
-1
-3
-2
-1
1
3
-2
-1
2
1
1
0
2
0
1
3
0
1
2
2
-1
-1
-2
-2
1
3
2
0
0
2
1
-1
0
-1
-2
-1
4
2
1
3
1
0
-1
-2
-1
-2
-2
-3
-5
-3
-2
-1
-2
-1
-3
-4
-4
-3
-3
1
-1
0
2
1
1
-1
1
4
6
4
3
1
2
0
-1
-1
0
3
3
5
3
2
2
0
0
1
1
0
1
1
-1
-1
-2
-3
-1
-2
-4
-2
1
-1
0
-1
-1
-1
0
0
-1
-1
-2
0
2
1
2
1
0
-3
0
1
1
1
1
-1
-1
-3
-2
0
2
3
2
2
2
2
2
1
1
-2
-4
-5
-4
-3
-4
-3
-5
-6
-2
-2
1
1
2
0
2
1
2
4
5
5
2
4
4
4
2
3
2
2
2
0
1
-1
-1
-1
-2
-2
-3
-1
-1
-2
0
0
-2
-1
-2
-2
-2
-1
-5
-4
-2
-4
-3
-4
-4
-5
-3
-5
-2
0
0
2
0
2
3
5
5
4
4
6
8
8
6
4
2
2
2
1
2
3
2
0
-1
-3
0
-1
0
0
-2
-1
-2
1
-3
-2
1
-1
0
0
-2
2
-1
-1
1
0
2
-1
-2
-1
-3
0
0
0
1
-1
-2
-2
0
-1
-1
0
-2
-4
-4
-3
-2
-1
-3
-1
-1
-3
1
2
1
0
1
3
1
1
1
2
1
-1
1
2
0
2
-1
-1
1
2
1
2
-1
0
1
3
4
3
2
0
1
2
1
0
1
0
-2
-3
-4
-5
-9
-5
-5
-6
-4
-2
-3
-5
-2
-1
1
3
1
1
3
2
2
2
3
3
4
3
3
3
1
6
4
1
0
2
2
5
5
4
5
4
4
2
1
2
1
2
1
-2
-2
-3
-3
-4
-3
-3
-4
-3
-4
-4
-4
-4
-4
-3
-2
-1
-1
-1
0
-2
0
2
0
0
0
2
0
1
-1
-2
-1
-2
-2
-3
-1
-4
-2
0
1
1
1
0
-2
-1
2
1
-1
-2
-3
-2
-2
-1
-1
-1
1
1
-2
0
1
2
4
1
1
0
3
3
1
1
3
3
2
0
0
0
0
0
2
3
2
2
0
2
4
2
3
2
3
1
-2
-1
1
-1
-3
-3
-3
-3
-3
-3
-2
-1
2
2
3
-1
-5
-4
-1
0
2
0
0
1
2
1
3
2
2
1
-1
-1
-3
0
-1
-1
0
0
0
-1
1
1
5
3
2
2
0
-1
-1
0
-2
-1
0
-2
-4
-3
-6
-5
-7
-6
-1
-2
-4
-1
0
-1
2
2
0
2
5
3
0
-1
0
0
1
0
-2
-1
-3
-1
0
0
0
2
4
3
5
4
9
9
4
5
6
4
4
3
1
-1
1
1
-1
-1
-3
-2
1
-1
-1
-4
-4
0
-2
-2
0
1
1
1
1
1
0
-1
-1
-1
-3
-3
-4
-5
-6
-7
-6
-5
-3
-2
-3
-3
0
1
1
1
1
1
1
3
1
4
3
1
1
2
-1
0
2
3
2
0
-2
-1
-1
-1
-2
-1
2
1
4
3
1
1
2
1
-2
1
2
3
4
-1
-2
2
2
2
3
0
-1
1
1
-2
-1
-1
1
2
-1
-1
0
1
1
0
-2
-4
-3
-2
0
2
-2
-2
1
-1
-2
-1
-1
1
0
0
-1
-2
-1
1
0
-1
-1
0
0
-2
-3
-3
0
3
3
1
2
3
4
-1
2
1
0
1
1
1
0
0
-1
1
-2
-4
-2
-2
-2
-2
-2
-2
-1
0
-1
0
0
-1
1
3
2
1
1
2
3
1
-1
-1
1
3
2
1
1
1
2
3
2
2
4
4
2
2
0
0
2
1
2
-1
-2
-2
0
-1
-1
-2
-3
-2
-2
-2
-3
0
2
0
-1
-4
-5
0
0
-2
-2
-2
-2
-2
-3
-3
-4
-1
0
-1
1
0
-2
-1
0
-1
-3
0
1
0
-2
-1
2
4
2
3
1
0
3
4
0
1
0
3
2
1
1
-1
1
0
1
0
-2
-1
0
2
3
3
0
0
1
1
2
1
2
3
1
2
3
3
3
4
3
0
3
2
1
-1
-1
-1
0
-1
-3
-4
-3
-2
-2
-1
-3
-3
-1
-1
-2
-3
-1
1
1
1
-1
-3
-2
0
-1
0
-2
-1
-2
-1
-2
-2
0
0
1
1
1
1
2
0
-1
0
-1
1
0
2
2
1
1
1
1
-1
-2
-2
-4
-2
-1
2
0
0
-1
-2
-1
-3
0
-1
0
0
0
2
1
2
1
1
4
4
4
2
0
2
2
3
1
0
1
2
2
2
0
-1
1
0
-2
0
0
0
1
-1
1
2
2
0
1
1
2
1
3
3
3
-1
-1
-1
0
1
-3
-4
-6
-3
-1
2
0
1
2
0
0
-1
-2
-3
0
-1
-1
0
-4
-1
-2
-1
0
1
-1
-3
-1
-3
-3
-1
-1
-1
-2
-3
1
0
-1
0
2
1
1
3
4
2
3
4
3
1
-4
1
0
1
1
-2
2
3
3
-1
2
0
-2
1
2
1
2
2
0
2
2
4
4
2
3
2
0
-3
-3
-3
-3
-4
-3
-2
-4
-1
-2
-2
-2
-2
-2
-1
2
2
0
-2
-1
0
-1
-1
0
-1
-1
1
-2
-1
-3
-3
-1
-2
-1
1
-1
-1
-1
-1
1
0
1
1
4
1
0
0
-3
-1
2
2
2
4
3
1
1
0
1
2
0
1
4
3
1
0
1
0
1
2
2
0
1
3
1
1
-2
0
-1
2
1
0
-1
-1
-2
-2
-2
-4
-3
-1
-1
-2
-4
-3
-2
-1
-3
-3
-1
0
1
1
0
-2
-1
1
-1
-1
0
-3
0
1
0
-1
1
2
3
1
0
-1
0
1
1
0
-2
0
-2
1
0
2
2
2
1
1
0
1
1
3
4
1
1
1
1
-1
-2
-2
0
-2
-3
-2
0
-2
0
1
-1
-2
-1
-2
0
0
-1
2
1
1
2
2
1
1
1
-2
1
1
0
2
0
0
0
-1
1
1
2
4
4
4
1
1
2
2
2
2
-1
0
1
-1
-1
-2
-2
-2
-3
1
-2
-3
-3
1
0
0
