4
4
2
4
2
1
-1
0
3
0
1
1
0
1
0
-2
-2
-3
0
-1
-4
-5
-3
-4
-4
-3
-2
0
2
2
-1
0
-2
-2
-1
-1
2
2
2
0
1
-4
-3
-3
1
1
2
4
0
0
1
2
3
3
2
3
4
2
1
2
2
-1
0
0
0
0
1
4
1
-2
-1
-1
0
4
4
3
0
-3
-3
-2
-2
-5
-5
-4
-3
-1
-4
-5
-7
-3
0
-1
1
1
0
0
3
3
2
0
2
4
0
1
-1
3
5
1
3
3
3
1
-1
-1
-1
0
-1
-4
-3
-1
0
1
-2
1
5
3
3
2
-3
-2
-1
-2
0
-2
-3
-1
0
2
1
-1
-1
2
2
2
2
2
0
1
-2
-1
-1
0
-1
-1
-2
-4
0
-2
-3
-2
-2
-1
-2
0
-1
1
1
5
3
3
4
6
5
3
1
-4
-3
-4
-4
-4
-4
-4
-3
-3
-3
-1
0
3
4
3
4
3
3
1
0
-1
-1
1
1
-1
-5
-2
0
-3
-5
-2
-3
-2
0
1
3
0
1
4
4
5
5
3
1
-1
1
1
2
3
1
0
-1
-1
1
0
3
2
1
-2
-2
-1
0
1
0
-2
1
-1
-1
1
1
1
0
1
1
-3
-2
-3
-1
1
-2
-1
-2
-3
-3
-2
0
0
-3
-4
-3
-1
1
-1
0
0
1
1
1
3
1
0
1
1
0
2
0
2
2
2
0
0
1
-2
0
2
0
-4
-3
-1
-2
0
1
4
2
2
0
-1
0
2
3
4
2
-1
-2
-4
-2
0
-1
-4
-4
-4
-6
-5
-5
-4
-1
-2
-1
-1
1
0
0
3
3
4
4
5
3
3
4
2
1
3
3
4
2
1
-1
1
1
-1
-1
-1
-2
-1
-1
-1
-2
-1
-3
0
3
3
3
3
3
0
0
2
1
-3
-2
-4
-2
-2
-2
-2
-2
-4
-3
-3
-2
-3
-2
1
1
4
6
4
3
2
3
4
0
-1
-1
-2
-3
-4
-4
-2
-2
-1
-1
2
-1
-1
-2
-1
2
1
2
2
3
5
4
3
2
-1
1
3
1
-1
-1
-3
-1
1
0
-1
-3
-2
-1
0
-1
1
-1
-2
0
-1
-1
-3
-3
0
-1
1
-1
-2
-1
0
1
0
0
3
2
0
1
1
0
2
2
1
2
2
0
1
0
3
1
4
3
0
3
4
2
-1
0
-1
2
2
1
-1
-2
1
0
0
-1
-3
-2
-3
-3
-4
-7
-6
-7
-6
-5
-4
-6
-5
-3
-2
1
4
2
3
3
5
4
6
4
3
2
1
2
-2
0
-1
-2
-1
0
-1
0
-1
2
1
3
6
6
7
4
2
1
1
3
3
1
-2
-3
-3
-4
-4
-3
-4
-4
-3
-2
-4
-4
-3
-4
-1
-2
1
-1
-1
-1
0
1
0
0
-1
0
0
-1
-2
-1
1
0
1
1
3
6
7
4
2
2
1
5
5
3
4
3
1
0
0
-2
-2
-4
-3
0
-2
0
-1
0
0
1
-2
-2
-1
-1
-2
0
0
-3
-6
-4
-5
-2
1
-2
-2
-1
0
1
3
2
2
2
1
3
4
1
4
1
2
0
1
-1
1
-1
-1
-1
-3
-2
-5
-2
-2
-3
1
5
6
4
1
0
0
5
3
0
-2
0
2
-1
1
0
-1
-2
-3
-2
-3
-4
-2
-1
-1
-5
-2
-3
0
1
0
0
0
3
1
1
0
0
0
1
0
-1
0
-3
-3
-1
-1
-1
-1
-1
0
-2
1
4
2
4
4
3
4
4
2
2
2
0
3
3
2
0
1
1
-2
-1
-3
-4
-3
-5
-2
-2
-4
-3
-4
-3
2
3
1
1
-1
0
1
2
1
1
2
0
1
-1
0
1
-1
0
0
-2
2
3
3
2
1
3
3
3
4
3
-1
-1
-1
0
2
2
1
0
-1
-1
0
0
-3
-6
-5
-4
-6
-6
-4
-4
-4
-3
0
2
1
2
2
3
4
3
3
2
1
2
1
1
1
-2
-1
-1
-2
-2
-2
-2
-1
0
2
2
1
1
1
1
2
2
0
0
-1
1
2
0
2
-1
-2
-4
-1
-1
0
0
-1
-2
-1
0
0
0
1
1
0
-1
-2
-1
2
2
0
2
3
1
1
2
1
-3
0
0
0
-1
1
-3
-2
0
-2
-1
1
2
1
1
3
2
-2
2
4
6
3
2
1
1
0
0
1
0
-2
-5
-4
-1
-1
-2
-3
-5
-7
-5
-5
-6
-2
-2
-2
-2
-1
1
1
1
0
4
4
2
5
3
2
-1
0
-1
0
0
0
-1
-3
-3
-4
0
0
-1
-2
0
3
4
3
3
4
5
3
5
1
-1
-1
2
2
-1
-1
-2
-1
1
1
0
0
0
2
0
2
3
0
1
0
0
3
1
-1
-1
0
1
1
-2
-1
-5
-4
-2
0
3
-1
-3
-6
-2
-3
-3
-2
-3
-3
-7
-6
-5
-3
0
-2
-4
0
3
4
4
2
4
2
4
5
5
6
5
6
3
5
3
2
0
1
2
0
1
2
1
-1
1
0
-1
0
-1
-2
0
-3
0
1
0
2
2
2
1
2
-1
0
-3
-4
-7
-8
-5
-5
-3
-5
-2
-2
-2
0
1
2
2
2
2
1
1
-1
-2
0
-2
0
-1
-2
0
2
0
0
-2
-1
1
5
5
3
2
3
0
-1
0
2
4
1
4
3
4
6
4
3
2
2
2
0
1
1
-1
-2
-2
-3
-6
-5
-3
-2
-4
-6
-5
-6
-4
-3
0
1
1
0
1
2
3
2
2
3
1
2
-1
-3
-2
-1
-1
-3
-2
0
-1
1
-2
-4
-1
2
3
2
2
2
5
7
4
5
2
2
3
1
1
0
-3
-3
-2
-4
-3
-1
-3
-6
-4
-2
-2
-2
0
0
0
-1
0
2
3
2
2
2
1
-1
1
0
2
2
-1
-2
-1
-3
-1
1
-2
0
1
2
2
2
2
0
0
-2
0
1
2
2
1
1
0
2
3
2
3
3
2
0
-2
-3
0
-1
-1
-2
-4
-2
-2
-2
-6
-3
-1
-2
-3
-3
-2
-3
1
0
-3
-2
2
2
2
3
3
3
2
1
0
0
-2
-1
1
-1
-2
-3
-1
1
0
0
0
1
-1
1
2
0
1
4
5
2
4
4
6
4
2
2
1
0
0
-1
-3
-6
-7
-6
-6
-4
-6
-4
-5
-2
-2
0
0
1
5
6
6
5
1
1
1
0
2
0
-2
-2
-5
-2
-3
-2
0
1
2
0
1
0
1
2
3
4
4
4
4
8
5
4
3
3
3
4
1
-2
-2
-3
-1
-5
-6
-8
-7
-8
-3
-4
-2
-2
-2
-4
-3
0
0
3
3
1
2
1
-1
1
0
3
2
1
-3
-2
0
-4
-2
-1
-2
-1
-1
-1
-1
0
0
2
4
2
1
3
4
2
3
2
-1
2
3
1
0
1
3
3
1
2
0
0
-1
-2
-1
-1
0
-1
0
1
-2
0
-2
0
2
2
2
1
2
1
2
4
2
1
1
0
-2
-2
-5
-6
-3
-2
-5
-5
-6
-6
-4
-2
-2
-2
-3
-1
1
3
4
4
2
5
9
8
6
4
5
3
0
-2
-6
-6
-5
-6
-3
-3
-3
-5
-5
-1
0
2
4
4
3
3
2
3
4
3
4
2
1
0
-4
-4
-4
-4
-1
-1
0
-1
-2
-2
0
2
3
4
4
5
4
3
2
1
4
2
3
2
0
-3
-2
-2
-2
2
3
1
0
0
-1
0
-1
0
2
2
1
-2
-3
-2
-3
-3
-2
-2
-1
-4
-5
-2
-1
-2
-1
-4
-3
-1
1
0
-1
1
0
-1
-4
-2
-3
-1
-1
-1
-2
-1
-3
-2
-1
0
3
4
5
7
5
6
6
6
7
4
5
5
4
3
1
-1
0
-1
-3
-4
-6
-3
-1
0
-6
-4
-3
-1
1
1
1
-2
1
0
2
1
2
1
0
-2
-3
-2
0
-2
-2
-1
-2
-1
0
1
2
2
3
2
0
-2
1
0
-1
-2
-2
1
1
1
-1
-2
0
0
0
0
1
-2
0
-1
-1
-3
-1
1
0
0
-1
-1
-1
-1
0
2
2
1
2
-1
0
-1
-3
1
0
0
1
0
-1
-2
-2
-2
0
2
1
3
2
-1
1
2
0
4
3
2
3
3
3
4
4
4
4
5
4
2
2
0
-1
-2
-2
-3
-3
-4
-4
-2
-3
-3
-5
-3
-6
-5
-4
-3
-1
-2
-3
-3
-2
-2
-1
-4
-2
2
2
2
3
2
4
2
3
3
2
3
1
2
1
1
4
2
2
4
3
1
2
0
3
3
2
3
1
-1
-3
-1
-2
-1
-2
-5
-3
-6
-6
-3
-4
-4
-4
-1
0
-1
2
3
3
4
1
2
-1
-1
1
1
0
2
3
1
-1
0
4
4
3
3
1
-2
-4
-3
-1
-4
-2
1
3
0
0
0
1
2
2
1
-2
0
-2
-1
-1
-2
0
1
0
0
2
4
3
1
-1
-1
0
0
1
0
0
2
1
2
-2
-3
-2
-3
-1
2
2
0
-2
-4
-4
-4
-2
-1
-3
-6
-4
-3
-2
2
0
1
2
1
2
2
1
2
4
6
6
4
5
3
0
0
2
1
0
0
-3
-5
-4
-6
-5
-1
0
-3
-3
-1
-4
-3
3
3
4
6
3
3
1
1
2
4
3
1
1
-3
-4
-2
0
0
0
-2
0
1
-2
-1
2
3
3
4
1
3
1
2
1
-3
-3
-4
-5
-3
-3
-2
-5
-7
-4
-3
-1
1
-1
0
0
2
1
-2
1
2
1
4
4
2
-1
-1
0
-1
2
3
4
3
2
2
0
-2
0
0
0
0
0
2
0
-3
-4
-2
0
0
1
1
1
-2
-1
2
2
1
-2
0
2
3
0
1
0
1
0
-1
2
-1
-3
-5
-3
0
-1
0
2
0
0
-2
-2
-2
-4
-5
-3
2
5
7
5
5
5
6
5
5
4
3
1
0
0
-3
-2
-2
-2
-3
2
2
-1
0
-2
-2
-3
-1
1
-2
-1
-3
-1
-3
-6
-4
-4
-4
-3
-3
-4
-4
-6
-6
0
1
3
5
4
3
1
2
2
3
5
5
6
4
3
1
1
1
2
2
5
0
-3
-3
-5
-4
1
1
0
1
1
1
2
2
2
2
4
5
2
1
0
-2
-2
1
-1
-2
-3
-4
-2
-2
0
-2
-1
0
0
-1
3
3
-2
-5
-3
-3
-1
0
1
-1
-1
0
-4
-3
-2
-3
-1
0
0
2
-1
-3
-2
0
-1
0
1
2
1
3
0
1
4
2
0
1
4
2
2
-1
0
0
2
5
4
0
-5
-14
-16
-13
-11
-8
-4
-2
-4
0
1
5
16
14
12
13
12
10
1
2
20
25
32
40
9
-25
-29
-27
-32
-33
-42
-212
-368
-285
-121
-19
-12
15
43
50
129
288
407
438
448
391
295
220
193
179
190
153
79
-51
-163
-205
-221
-160
-184
-199
-234
-317
-369
-396
-326
-186
-253
-133
-40
-235
-113
-11
55
123
114
174
168
-45
74
97
-144
7
-64
-79
-28
-182
-248
-104
-39
-64
-10
-11
61
72
2
110
144
48
287
222
113
265
116
76
160
55
24
93
14
-11
-19
-133
-94
-51
-149
20
79
-22
72
-61
-86
126
-20
-9
169
11
17
32
-75
21
-11
-15
148
8
7
67
-74
-30
37
0
-16
22
-33
-21
28
-111
-47
74
15
15
-54
-16
5
-15
10
5
-43
-171
16
69
-126
34
58
-100
-9
28
32
25
-16
-30
6
-10
-27
30
-93
-13
-50
-109
75
-27
-20
17
-6
-18
-40
44
32
76
46
98
40
-10
174
-102
38
96
-66
169
-83
-83
-20
-177
-114
-93
-107
-55
-8
-56
52
-109
-23
104
-111
147
167
31
74
8
-51
19
39
18
162
47
18
67
-157
6
-65
-137
201
6
-101
-2
-43
-110
-36
33
65
157
4
169
96
-52
40
-1
80
42
-2
-27
74
-58
-128
-17
-71
57
-73
-60
235
-125
-49
86
-141
96
-116
145
218
-166
17
196
-6
-112
111
-22
143
-56
-85
141
-286
-113
-53
-141
-49
-228
27
78
-285
-133
40
-85
-41
-132
146
134
-182
237
12
-16
147
-62
178
111
-47
207
33
-44
91
-78
127
-102
-95
234
-73
47
-40
-33
167
-159
-8
169
-33
18
162
-77
1
71
-62
54
-136
55
158
18
-202
-177
139
-89
-97
-39
76
129
-302
-167
211
-101
-10
-68
29
96
-161
5
-5
-57
-5
64
25
5
-11
189
-34
-60
40
213
12
-160
107
79
84
-131
-10
-1
57
-128
-23
124
-75
40
41
29
-188
19
170
-37
-70
62
73
135
-223
-92
225
-174
32
43
29
-108
-31
60
-60
-228
51
126
-97
-27
-149
191
-11
-138
79
83
8
26
-28
151
-34
-18
138
-36
69
-75
12
195
-93
-195
238
-98
7
-87
-23
109
-263
223
4
-171
13
-47
106
-43
-138
95
37
69
-37
17
97
-308
196
125
-294
250
22
-41
29
-165
51
-27
45
22
-71
252
-199
-102
198
-198
51
73
4
118
-37
-157
105
-105
45
93
-57
44
-55
185
-134
-203
82
68
78
25
-190
118
92
-189
109
3
-2
-28
-82
186
-120
-11
135
-67
46
-131
31
96
-214
118
142
-93
78
-193
184
-222
-134
370
-55
71
-197
10
111
-164
35
-119
67
207
-103
175
-204
-72
80
-235
238
87
-49
22
-20
58
-124
-1
79
-133
138
-7
113
45
-322
174
179
-244
-27
176
-93
-9
62
48
-73
32
-72
14
0
-20
107
58
-137
-150
223
-9
-93
72
20
-48
-43
-171
212
47
-92
7
99
-106
-53
167
-320
264
-33
-187
412
-303
69
241
-380
110
-79
10
179
15
-18
-24
70
-290
73
49
-149
369
-167
6
262
-444
75
19
-129
248
40
72
-204
65
80
-134
60
-243
163
157
-191
342
-174
-93
-11
-237
325
-133
-29
281
-179
44
-27
-142
213
-174
9
176
-97
-18
15
133
-57
-241
175
-75
162
-25
-134
203
-174
55
-70
120
20
-133
90
-121
109
19
-28
78
-135
121
-138
53
135
-311
321
26
-255
49
28
161
-145
-95
276
-198
-12
-92
12
275
-314
296
-82
-228
198
-192
150
-118
140
89
-213
210
-238
11
189
-143
79
39
-29
-37
7
1
-25
31
-30
103
-10
-224
207
43
-164
-11
119
14
-33
77
-98
0
176
-309
131
219
-374
159
129
-59
-39
13
-55
40
-77
56
84
-75
58
-105
51
1
-157
188
81
-237
159
3
-30
-58
-104
250
-14
-137
58
19
77
-235
21
298
-140
-78
-14
147
-84
-186
224
113
-194
-56
55
125
-166
-65
194
63
-54
-156
98
16
-42
-35
99
91
-92
-129
147
-111
3
40
-24
154
-180
-60
180
-97
-122
172
3
-15
-187
247
-107
17
84
-228
291
-178
-137
324
-171
9
72
-111
208
-231
-19
111
57
-34
-115
165
-4
-104
15
-26
144
-89
-1
69
-87
67
-143
24
142
16
-90
37
-19
43
-178
73
-6
86
171
-335
258
14
-251
38
30
-93
274
-70
-149
165
-62
-71
-99
74
139
-82
63
12
-136
95
-3
-107
43
70
-19
13
-40
29
-23
-85
84
-11
-31
73
-44
117
-102
-129
57
-16
91
-48
-70
292
-87
-214
172
-32
79
-192
35
264
-165
-91
32
54
38
-205
54
52
70
138
-145
32
-40
-161
-30
105
9
101
66
55
-78
-216
155
-146
-21
136
206
-8
-157
47
-219
-21
147
-38
-39
165
51
-34
-39
-35
-91
2
87
30
-55
-27
102
-63
-200
344
-182
-101
223
-42
213
-229
3
85
-200
-124
129
-22
-20
15
-127
129
-108
44
54
9
95
27
-43
-78
176
-134
-49
1
67
42
23
176
121
-65
-157
85
-167
-9
-25
-100
46
1
-78
-108
-135
-133
293
-93
81
75
-104
112
-739
-531
-462
-227
129
-65
76
83
126
356
364
803
936
579
778
505
449
418
370
545
181
119
69
-234
-462
-509
-371
-409
-533
-659
-700
-707
-684
-591
-465
-415
-281
-63
-31
-109
53
274
310
331
438
198
94
256
143
-50
67
228
-47
-110
-114
-215
-309
-304
-88
-53
-111
19
-69
-25
62
25
169
227
176
268
204
132
331
90
23
173
52
112
21
66
122
-32
105
171
-72
-25
136
2
-1
30
27
-81
-70
53
5
-50
50
92
-129
-94
-8
-177
-159
-16
-76
-140
-145
-121
-41
-135
-52
9
-49
-123
-81
93
1
-67
69
-56
-67
-9
-93
-35
-121
-38
14
-72
-33
-3
16
52
50
168
128
106
120
53
92
56
60
111
86
119
58
29
-7
-47
39
45
44
43
-20
-92
-85
-23
-89
-71
-8
-24
-23
41
37
41
-12
-14
45
-28
10
18
-3
-37
-44
-38
-27
-44
-35
-49
-101
-121
-90
-44
-19
-16
33
16
-47
-8
42
77
91
82
52
125
90
-2
21
32
43
82
40
51
34
-14
-1
-25
-51
-79
-59
-34
-25
-23
-21
-89
-62
-25
23
76
48
68
7
-10
-7
12
21
22
34
27
-40
-111
-61
-85
-28
-8
-54
-58
-114
-120
-80
-33
18
31
33
7
-32
6
39
78
94
108
79
63
72
71
101
94
88
73
46
16
17
16
16
39
26
9
0
-23
-20
-24
-2
0
-20
-21
-31
-42
-27
-29
-31
-33
-33
-29
-58
-60
-79
-55
-60
-54
-41
-54
-49
-61
-39
-35
-44
-28
-8
-19
-26
-9
-23
-18
-7
17
18
12
39
32
31
51
78
86
89
61
79
94
88
124
86
92
93
64
84
50
42
56
56
44
12
-13
-8
-14
-17
33
5
-23
-32
-52
-76
-70
-76
-73
-43
-48
-63
-118
-138
-158
-155
-104
-95
-121
-111
-106
-109
-106
-96
-49
-20
31
42
14
-5
-10
25
45
82
102
64
53
55
26
65
123
127
161
202
166
135
148
158
203
239
271
231
213
220
139
121
94
65
79
39
-18
-105
-173
-192
-231
-252
-275
-328
-372
-388
-420
-427
-409
-404
-392
-390
-385
-336
-281
-216
-163
-153
-109
-120
-58
-8
29
130
135
169
142
144
154
149
209
253
304
355
360
358
349
353
451
494
650
714
696
682
600
605
629
680
699
668
540
453
319
216
166
65
6
-125
-292
-446
-572
-747
-860
-982
-1079
-1178
-1268
-1263
-1376
-1390
-1395
-1332
-1253
-1142
-976
-882
-698
-550
-391
-245
-69
144
301
460
582
619
689
765
850
908
933
921
837
766
726
714
737
767
772
783
763
749
725
772
819
923
988
1012
1033
998
943
914
809
661
588
471
300
26
-316
-922
-1437
-1793
-1976
-2151
-2235
-2351
-2675
-2791
-2715
-2567
-2300
-1793
-1428
-1066
-719
-401
-162
175
665
1016
1290
1472
1525
1452
1467
1457
1332
1252
1128
900
645
357
60
-158
-199
-160
-106
-88
-143
-141
0
298
705
1077
1392
1586
1651
1689
1669
1707
1763
1775
1680
1425
1058
693
395
46
-456
-1152
-1857
-2351
-2547
-2606
-2709
-2958
-3208
-3318
-3158
-2778
-2386
-1915
-1426
-895
-401
-24
274
549
932
1358
1670
1749
1610
1411
1252
1153
1081
940
711
426
148
-99
-328
-452
-492
-477
-433
-392
-359
-235
60
425
780
1082
1292
1463
1703
1989
2182
2261
2203
1971
1736
1519
1215
892
638
382
65
-229
-660
-1395
-2037
-2437
-2638
-2657
-2545
-2535
-2752
-2796
-2700
-2514
-2088
-1499
-960
-543
-107
141
202
439
749
1012
1237
1372
1240
938
819
709
589
586
541
354
115
-36
-269
-451
-356
-224
-109
17
72
18
68
370
692
1036
1369
1507
1489
1507
1614
1669
1728
1748
1577
1344
1122
865
551
275
132
21
-14
-200
-781
-1562
-2221
-2451
-2305
-1962
-1793
-2045
-2378
-2575
-2489
-2138
-1625
-1098
-704
-346
-175
-185
-120
121
538
986
1252
1181
851
606
503
551
678
691
570
381
191
-29
-186
-231
-167
-11
144
144
39
9
123
442
891
1278
1461
1500
1472
1412
1487
1671
1810
1775
1553
1207
830
582
406
271
166
82
-26
-311
-927
-1697
-2274
-2379
-2093
-1777
-1758
-2168
-2565
-2700
-2448
-1979
-1503
-1072
-705
-308
-180
-188
-163
48
471
961
1215
1042
731
546
505
559
661
621
500
368
241
-34
-215
-219
-112
106
276
322
179
189
354
591
914
1246
1421
1448
1447
1366
1298
1394
1588
1647
1538
1204
777
480
375
308
217
126
-56
-250
-492
-989
-1669
-2034
-2062
-1906
-1759
-1740
-2067
-2425
-2361
-2103
-1765
-1369
-941
-723
-523
-338
-299
-246
49
416
645
786
711
476
344
425
487
527
556
483
336
225
146
64
108
250
404
470
354
229
277
552
837
1080
1195
1142
1179
1326
1381
1288
1292
1347
1411
1403
1212
810
531
396
267
180
164
84
-64
-255
-930
-1809
-2319
-2221
-1960
-1664
-1610
-2109
-2630
-2634
-2248
-1851
-1324
-849
-592
-380
-181
-230
-239
131
626
956
1095
867
386
184
379
556
593
615
443
196
77
40
-59
30
318
511
580
513
465
524
826
967
909
926
1009
1255
1506
1606
1229
834
779
909
1024
992
805
445
214
58
-82
-193
-134
41
162
-76
-882
-1762
-2171
-1991
-1538
-1247
-1460
-2060
-2527
-2551
-2240
-1741
-1326
-1004
-661
-444
-459
-556
-391
-15
519
991
1076
771
436
346
458
674
785
744
613
453
249
66
67
215
440
646
702
590
467
549
726
788
804
951
1170
1409
1545
1399
973
749
892
1102
1153
946
530
91
-15
-26
-15
-5
96
133
149
-121
-982
-1780
-2040
-1756
-1479
-1236
-1439
-2177
-2665
-2560
-2160
-1746
-1202
-788
-740
-673
-649
-693
-520
32
661
931
932
528
148
155
460
730
827
818
528
260
159
194
286
479
714
724
623
486
449
548
671
815
904
1087
1241
1307
1223
1044
994
1072
1251
1262
1102
805
538
370
235
152
132
98
43
10
-15
-444
-1269
-1891
-2014
-1834
-1681
-1534
-1842
-2446
-2701
-2401
-2037
-1696
-1231
-925
-789
-564
-373
-385
-165
323
727
836
812
546
300
400
637
694
665
678
522
356
338
360
344
455
659
699
670
686
765
874
1007
1002
786
742
930
1214
1265
1115
747
516
659
913
1015
831
567
221
136
115
78
15
150
331
357
48
-892
-1876
-2301
-1982
-1601
-1383
-1737
-2475
-3059
-3019
-2575
-2003
-1379
-1022
-822
-689
-498
-447
-182
290
878
1206
1197
854
481
403
604
900
1020
972
714
438
246
224
300
470
698
795
708
553
470
607
918
1194
1079
886
852
1028
1189
1214
998
652
636
812
940
781
537
218
60
93
66
-44
-76
54
130
126
-349
-1314
-2098
-2137
-1788
-1576
-1595
-2077
-2748
-2989
-2653
-2237
-1843
-1378
-1018
-733
-482
-358
-300
48
634
1110
1316
1199
845
609
730
991
1082
1044
871
586
309
169
159
205
392
562
642
520
405
429
647
814
765
809
954
1186
1267
1263
959
675
747
1045
1197
1024
717
335
134
79
48
-37
8
44
54
-33
-245
-944
-1753
-2149
-2050
-1732
-1620
-1722
-2336
-2803
-2866
-2348
-1777
-1269
-852
-640
-432
-348
-199
-72
346
786
1092
1085
845
547
410
573
765
835
725
565
364
255
217
300
399
537
597
594
588
603
770
948
1086
873
646
658
958
1298
1372
1152
657
440
520
695
692
534
367
177
156
58
-86
-144
48
377
474
242
-613
-1569
-2125
-2009
-1631
-1432
-1578
-2284
-2911
-3111
-2706
-2120
-1480
-966
-738
-579
-529
-479
-301
262
966
1415
1448
1076
620
461
690
1054
1194
1098
726
340
114
120
236
321
474
479
439
300
272
212
246
511
909
1304
1364
1218
901
814
952
1188
1344
1299
1113
744
467
244
132
159
245
312
153
8
-143
-85
-173
-802
-1686
-2276
-2169
-1940
-1738
-2018
-2634
-3054
-2873
-2296
-1834
-1298
-932
-692
-503
-260
-103
80
573
1046
1272
1192
908
587
512
726
912
920
797
503
186
25
78
171
275
406
438
413
406
508
612
697
800
940
1171
1367
1386
1245
1110
1045
1005
1038
1042
911
713
552
396
203
73
-25
2
96
76
-52
-58
-84
-628
-1470
-2141
-2268
-2008
-1703
-1806
-2368
-2850
-2963
-2576
-1986
-1442
-1148
-901
-574
-336
-137
72
398
763
1149
1276
1040
737
597
697
863
952
768
449
271
238
264
257
275
259
300
457
561
480
301
372
683
1134
1459
1473
1244
1037
1103
1209
1309
1276
1122
925
751
613
326
150
111
166
189
124
25
-70
19
-210
-977
-1906
-2402
-2367
-2110
-1892
-2180
-2750
-3090
-2898
-2413
-1876
-1381
-1031
-628
-225
7
36
152
495
926
1304
1369
1097
748
654
794
974
1030
839
518
261
134
26
-32
26
157
277
342
373
405
483
563
713
983
1316
1528
1539
1382
1171
1078
1126
1227
1218
1043
725
410
223
139
107
64
2
-94
-142
-78
18
4
-430
-1243
-2030
-2317
-2136
-1842
-1783
-2204
-2774
-3059
-2804
-2260
-1629
-1088
-808
-624
-457
-267
-79
289
782
1158
1321
1197
901
616
608
758
878
878
687
370
74
-18
15
109
226
324
386
392
317
220
307
654
1130
1496
1598
1418
1206
1182
1324
1470
1517
1429
1151
808
526
352
219
116
83
47
-27
-161
-293
-284
-140
-202
-822
-1700
-2200
-2211
-1970
-1787
-1864
-2336
-2807
-2796
-2405
-1840
-1325
-897
-729
-551
-291
-128
49
388
887
1170
1259
1092
743
535
641
897
935
830
560
200
-29
-44
68
115
230
318
361
398
402
343
274
547
1036
1528
1709
1508
1111
845
977
1248
1487
1450
1120
644
280
174
140
191
229
241
153
-58
-246
-264
-24
-12
-513
-1348
-2059
-2294
-2163
-1882
-1900
-2272
-2696
-2831
-2538
-2074
-1591
-1210
-834
-468
-217
-63
-1
198
565
1010
1280
1256
1057
767
660
728
823
777
594
388
129
-23
-79
-54
33
144
300
318
297
343
592
1013
1381
1659
1656
1510
1374
1388
1495
1466
1414
1265
1102
907
660
349
15
-57
-29
-31
-115
-227
-298
-273
-190
-531
-1331
-2059
-2260
-2025
-1699
-1587
-1919
-2499
-2832
-2697
-2244
-1700
-1273
-1011
-828
-634
-467
-322
-51
341
789
1116
1189
986
672
547
655
920
1104
1031
712
287
43
9
107
220
289
322
239
109
61
267
688
1131
1450
1535
1448
1307
1262
1361
1514
1609
1543
1333
1024
705
503
432
428
341
132
-146
-356
-363
-225
-68
-159
-718
-1592
-2268
-2363
-2096
-1809
-1734
-1983
-2428
-2730
-2590
-2143
-1641
-1226
-893
-632
-488
-403
-277
-4
376
757
1031
1095
945
734
657
731
852
897
805
588
335
164
108
129
169
226
308
372
342
235
249
525
987
1385
1547
1439
1225
1138
1274
1463
1490
1392
1216
993
761
553
355
148
52
8
-82
-209
-311
-361
-361
-343
-589
-1170
-1791
-2095
-2021
-1752
-1504
-1566
-1918
-2268
-2324
-2060
-1636
-1219
-946
-780
-659
-550
-443
-300
-65
245
579
828
910
815
659
591
674
842
959
938
777
582
452
414
422
440
451
418
347
317
388
533
695
874
1022
1078
1052
1018
1004
1006
1046
1070
994
820
639
483
351
267
209
112
-23
-144
-227
-267
-255
-218
-291
-582
-1030
-1412
-1569
-1551
-1462
-1405
-1479
-1670
-1828
-1810
-1665
-1476
-1266
-1043
-859
-729
-614
-482
-318
-126
104
342
531
621
642
646
658
698
763
828
825
741
620
520
451
399
344
296
263
269
331
419
485
538
619
727
839
925
952
919
865
835
832
803
725
636
560
495
427
334
212
92
14
-17
-35
-79
-152
-264
-415
-621
-877
-1114
-1259
-1278
-1214
-1160
-1202
-1343
-1497
-1549
-1471
-1297
-1111
-969
-872
-792
-683
-555
-422
-285
-127
51
217
342
426
483
532
590
654
710
751
751
700
607
491
394
366
401
445
461
449
426
428
474
551
623
672
706
719
726
727
713
687
660
648
652
665
655
590
470
337
230
159
104
47
-38
-165
-318
-482
-657
-833
-978
-1066
-1103
-1117
-1145
-1209
-1297
-1373
-1385
-1309
-1177
-1055
-984
-937
-874
-768
-613
-443
-300
-185
-59
81
223
340
418
470
514
569
613
616
571
507
464
451
463
471
451
422
425
472
547
606
623
617
624
663
714
751
759
753
751
755
752
718
639
535
439
362
298
230
148
47
-69
-191
-301
-397
-457
-495
-534
-583
-658
-751
-831
-869
-873
-867
-888
-930
-984
-1033
-1037
-994
-919
-844
-782
-722
-655
-568
-468
-358
-245
-128
-7
109
205
278
334
382
442
506
558
573
548
506
466
447
450
459
458
441
413
383
372
385
433
515
605
663
675
656
652
686
748
796
788
721
611
499
405
321
240
145
52
-38
-132
-227
-315
-400
-479
-565
-672
-782
-878
-930
-951
-965
-984
-1005
-1020
-1017
-995
-951
-877
-776
-672
-583
-512
-444
-351
-230
-106
9
98
167
227
274
313
329
333
333
337
346
350
339
310
286
285
317
366
400
412
417
455
545
673
783
831
814
759
719
718
747
762
732
642
518
390
274
180
93
0
-88
-159
-214
-268
-324
-371
-410
-448
-489
-531
-587
-634
-661
-671
-701
-754
-797
-801
-777
-754
-746
-755
-767
-750
-677
-572
-472
-391
-308
-239
-199
-161
-86
34
143
227
288
323
327
333
368
398
410
430
486
531
518
481
467
471
498
575
691
762
741
691
679
684
665
659
670
633
546
481
435
342
218
129
71
-19
-121
-188
-245
-345
-455
-529
-591
-656
-699
-709
-726
-771
-816
-838
-837
-818
-780
-721
-659
-624
-609
-581
-520
-432
-328
-209
-114
-70
-44
7
86
163
229
270
271
245
235
254
276
295
312
319
306
291
288
313
380
480
564
587
573
550
547
586
670
742
739
669
575
466
373
325
309
265
176
70
-43
-137
-202
-239
-294
-374
-457
-524
-556
-550
-536
-549
-582
-609
-619
-609
-556
-486
-444
-431
-430
-431
-423
-385
-329
-273
-241
-222
-212
-204
-190
-151
-86
-12
43
77
93
89
99
142
211
256
282
317
350
345
327
337
364
395
454
515
506
453
439
484
491
456
451
473
478
466
444
357
213
118
149
206
190
98
-17
-123
-196
-211
-207
-250
-340
-396
-404
-423
-487
-532
-545
-552
-551
-528
-503
-512
-508
-462
-413
-405
-394
-363
-326
-286
-219
-143
-90
-55
-24
19
67
122
168
176
157
146
157
167
159
152
151
174
225
286
319
318
329
363
409
436
447
454
445
415
388
394
411
417
417
386
298
204
167
163
129
75
15
-74
-173
-244
-294
-342
-369
-352
-348
-400
-464
-486
-490
-493
-461
-401
-387
-427
-423
-359
-321
-314
-260
-160
-120
-143
-117
-62
-75
-107
-43
65
64
9
26
62
39
48
154
229
184
151
201
225
183
209
316
354
312
314
377
413
419
448
455
377
297
300
343
316
247
205
161
82
5
-27
-49
-75
-81
-74
-109
-201
-280
-292
-260
-229
-227
-259
-307
-311
-253
-199
-230
-316
-361
-354
-323
-281
-263
-309
-353
-315
-246
-258
-302
-270
-194
-141
-85
-4
29
-10
-13
51
96
100
164
267
297
261
267
284
221
157
232
371
414
367
309
246
209
291
409
380
258
247
349
374
316
259
191
110
111
191
196
83
-37
-103
-147
-181
-193
-201
-246
-316
-358
-349
-341
-392
-443
-418
-369
-357
-344
-299
-295
-332
-308
-227
-192
-190
-132
-64
-61
-80
-61
-52
-65
-25
52
83
66
41
16
-7
-11
27
114
198
211
189
183
149
118
219
414
466
366
331
334
247
208
330
410
330
247
222
139
21
-13
15
33
19
-34
-114
-165
-179
-183
-172
-139
-149
-218
-239
-181
-130
-128
-140
-147
-164
-180
-177
-177
-171
-156
-144
-129
-131
-193
-258
-222
-129
-107
-124
-88
-69
-132
-145
-62
-4
-13
19
83
69
35
114
227
217
163
172
201
186
191
262
310
267
204
194
179
150
195
277
264
170
98
64
35
39
88
105
50
3
8
-8
-40
-39
-60
-118
-129
-96
-120
-187
-226
-234
-221
-168
-116
-161
-262
-271
-186
-127
-109
-79
-104
-201
-228
-147
-74
-67
-66
-34
-14
-43
-59
-25
-7
-20
5
73
86
6
-53
-5
67
121
174
172
90
57
135
200
212
209
191
166
220
288
227
107
89
160
197
198
173
116
62
26
-2
7
47
9
-72
-51
-9
-99
-201
-119
-22
-78
-124
-78
-102
-224
-223
-96
-42
-103
-155
-163
-187
-209
-192
-125
-86
-118
-161
-164
-141
-155
-171
-130
-51
-4
-16
-45
-71
-79
-43
52
149
168
109
45
66
141
178
170
192
218
183
163
221
246
176
131
189
223
181
159
165
123
57
57
111
110
48
-9
-38
-48
-52
-45
-52
-78
-110
-133
-141
-138
-123
-115
-126
-130
-131
-147
-165
-159
-138
-132
-130
-113
-101
-100
-101
-92
-86
-102
-93
-44
-10
-29
-67
-71
-57
-39
5
64
79
24
-2
36
72
89
125
167
143
94
115
170
183
169
191
221
195
148
126
113
90
81
104
104
52
-9
-26
-15
-26
-50
-62
-64
-65
-72
-82
-101
-122
-118
-79
-43
-46
-73
-86
-89
-87
-71
-52
-48
-59
-63
-54
-53
-62
-58
-37
-13
-17
-41
-60
-64
-57
-44
-24
-17
-38
-56
-36
1
16
29
49
49
26
23
59
79
72
86
117
112
78
81
110
121
107
107
114
96
67
57
73
79
55
40
35
17
-12
-22
-5
-6
-29
-55
-62
-63
-67
-61
-59
-77
-102
-102
-85
-84
-94
-96
-101
-115
-103
-69
-57
-76
-80
-58
-50
-65
-66
-57
-57
-45
-9
8
-11
-22
-12
-2
23
61
69
35
20
64
109
99
82
111
130
104
107
166
183
133
99
132
153
113
86
116
129
85
53
66
65
24
3
21
20
-25
-75
-86
-79
-87
-104
-109
-123
-157
-186
-174
-142
-132
-161
-195
-204
-194
-168
-139
-120
-112
-113
-109
-94
-85
-73
-52
-21
25
59
51
7
-25
-4
63
129
157
128
71
44
62
108
146
161
158
152
160
171
167
148
155
212
275
287
235
159
120
141
210
272
262
176
72
19
19
40
48
32
-14
-72
-132
-199
-269
-313
-295
-246
-222
-263
-356
-441
-478
-451
-389
-336
-315
-322
-320
-290
-266
-255
-232
-191
-121
-38
19
28
4
-4
22
67
109
124
123
120
139
178
204
196
174
176
228
306
377
405
399
397
415
449
475
489
478
471
486
514
504
422
310
214
171
176
183
149
56
-83
-209
-290
-334
-371
-402
-430
-476
-555
-646
-707
-726
-703
-662
-623
-614
-635
-639
-600
-525
-448
-396
-350
-287
-220
-155
-95
-41
8
59
120
177
214
231
244
281
334
374
389
400
418
438
461
487
510
528
559
613
669
693
675
646
641
673
717
740
711
621
499
407
363
338
271
127
-74
-268
-395
-444
-465
-547
-745
-1016
-1228
-1281
-1186
-1053
-1001
-1056
-1167
-1217
-1128
-925
-695
-528
-428
-349
-258
-171
-105
-36
50
156
263
329
322
259
194
185
241
312
352
354
334
324
344
386
434
486
546
633
741
852
939
984
996
997
995
987
973
944
881
788
681
571
479
402
312
199
72
-55
-168
-297
-480
-738
-1020
-1240
-1329
-1309
-1268
-1282
-1364
-1451
-1468
-1369
-1172
-965
-816
-730
-663
-584
-490
-392
-287
-179
-83
-10
34
43
42
62
127
217
274
255
197
162
177
227
284
326
364
419
519
651
770
849
910
1013
1151
1267
1303
1264
1185
1133
1139
1164
1144
1008
781
566
460
444
437
380
264
104
-69
-211
-350
-554
-833
-1093
-1241
-1289
-1302
-1350
-1456
-1588
-1670
-1621
-1458
-1262
-1099
-973
-872
-812
-761
-697
-581
-428
-263
-138
-79
-71
-91
-87
-22
113
237
290
280
243
221
228
303
428
503
445
338
354
523
759
959
1095
1123
1065
1037
1123
1264
1349
1352
1293
1187
1038
887
786
741
729
715
657
515
309
137
72
87
80
-71
-447
-949
-1324
-1421
-1347
-1296
-1378
-1566
-1766
-1856
-1769
-1560
-1329
-1160
-1039
-946
-881
-850
-807
-671
-458
-272
-174
-168
-220
-257
-198
-29
171
288
297
271
272
314
394
475
496
466
501
654
826
907
922
954
1047
1194
1328
1367
1299
1222
1237
1289
1250
1108
984
939
930
875
760
605
449
359
360
380
328
213
67
-183
-620
-1117
-1420
-1456
-1394
-1406
-1543
-1799
-2091
-2217
-2057
-1721
-1423
-1267
-1197
-1137
-1066
-985
-860
-658
-425
-250
-165
-148
-179
-211
-152
34
266
407
403
317
267
287
355
481
613
665
585
539
640
834
1001
1108
1224
1321
1386
1391
1360
1308
1271
1298
1368
1394
1255
1019
830
787
813
789
696
545
407
321
294
281
188
-89
-608
-1160
-1478
-1514
-1465
-1511
-1657
-1905
-2148
-2252
-2117
-1828
-1532
-1320
-1197
-1125
-1084
-1024
-896
-665
-406
-220
-146
-151
-216
-270
-230
-67
128
240
242
183
155
187
286
420
576
675
668
627
693
879
1080
1222
1315
1389
1426
1426
1400
1394
1395
1409
1406
1318
1108
877
765
778
790
743
682
578
403
228
196
284
316
130
-319
-936
-1466
-1642
-1491
-1318
-1385
-1704
-2091
-2320
-2268
-1977
-1634
-1388
-1253
-1189
-1182
-1187
-1124
-933
-641
-316
-88
-67
-213
-343
-284
-50
216
396
445
375
271
249
342
502
678
820
850
734
613
670
900
1165
1341
1383
1292
1171
1155
1240
1310
1318
1304
1269
1180
1028
871
795
821
875
866
730
502
296
224
274
316
226
-72
-600
-1207
-1596
-1660
-1558
-1531
-1675
-1945
-2210
-2297
-2149
-1859
-1565
-1320
-1150
-1076
-1068
-1046
-921
-666
-344
-96
-38
-140
-254
-255
-116
78
203
226
196
166
180
247
345
459
613
785
860
779
708
827
1115
1404
1545
1490
1331
1242
1305
1401
1392
1281
1150
1044
962
871
747
632
579
593
609
549
401
235
177
245
325
243
-144
-775
-1320
-1492
-1410
-1388
-1552
-1808
-2055
-2189
-2132
-1934
-1736
-1573
-1368
-1131
-977
-967
-999
-866
-550
-235
-90
-118
-217
-257
-160
32
194
262
278
277
266
261
298
395
543
681
739
725
726
834
1023
1190
1269
1276
1284
1318
1336
1310
1273
1238
1198
1142
1046
919
814
772
751
686
593
509
444
385
339
303
246
146
-10
-310
-840
-1400
-1627
-1506
-1386
-1496
-1752
-2042
-2254
-2183
-1825
-1470
-1311
-1225
-1114
-1041
-1015
-933
-733
-455
-201
-97
-173
-317
-395
-320
-89
143
207
143
108
128
176
297
485
637
723
782
799
809
918
1133
1324
1410
1421
1381
1342
1336
1316
1239
1147
1116
1100
1032
895
754
664
651
683
700
672
558
405
347
401
411
292
92
-266
-848
-1370
-1514
-1423
-1443
-1584
-1758
-2029
-2286
-2245
-1930
-1640
-1448
-1288
-1184
-1162
-1144
-1029
-793
-480
-249
-195
-244
-324
-389
-322
-66
172
256
249
219
174
202
366
553
689
808
900
935
961
965
889
917
1188
1499
1565
1428
1252
1043
929
1065
1294
1301
1109
940
836
742
655
626
665
738
720
532
303
172
131
111
58
-219
-815
-1392
-1579
-1471
-1458
-1608
-1794
-1998
-2128
-2046
-1811
-1628
-1487
-1286
-1080
-968
-925
-883
-770
-541
-290
-192
-258
-350
-363
-268
-110
25
85
115
175
259
329
388
492
656
802
857
862
895
1011
1191
1325
1330
1270
1277
1345
1370
1312
1207
1098
1034
1025
987
887
776
714
693
645
570
489
440
400
361
317
245
121
-87
-404
-875
-1284
-1381
-1271
-1314
-1582
-1851
-2074
-2185
-2028
-1665
-1443
-1428
-1370
-1241
-1144
-1059
-871
-626
-416
-293
-311
-384
-407
-314
-143
60
175
164
148
188
265
342
490
675
809
835
744
683
787
1006
1136
1168
1179
1141
1133
1214
1286
1192
1070
1076
1115
1037
874
772
778
856
890
800
635
501
452
447
433
377
264
113
-43
-293
-771
-1283
-1470
-1351
-1318
-1509
-1735
-1942
-2108
-2034
-1722
-1487
-1401
-1267
-1074
-981
-968
-902
-742
-509
-305
-248
-312
-371
-365
-298
-150
5
63
94
176
244
251
326
536
741
807
768
749
819
970
1142
1239
1239
1208
1227
1281
1262
1163
1086
1116
1157
1099
989
902
841
788
765
719
635
599
596
523
397
317
264
192
40
-311
-867
-1317
-1403
-1296
-1312
-1512
-1792
-2075
-2186
-2018
-1733
-1546
-1400
-1212
-1098
-1111
-1117
-1012
-796
-532
-313
-259
-379
-504
-482
-316
-118
25
120
182
216
233
285
432
604
741
810
802
772
784
917
1097
1206
1248
1265
1297
1303
1284
1274
1273
1276
1259
1184
1049
902
845
876
873
799
676
558
462
374
309
268
240
174
-25
-408
-908
-1291
-1380
-1300
-1305
-1511
-1832
-2108
-2186
-2035
-1791
-1596
-1447
-1310
-1228
-1190
-1139
-1018
-795
-507
-311
-300
-390
-429
-361
-232
-69
80
190
258
286
286
285
384
568
736
789
766
794
903
1033
1116
1166
1213
1282
1380
1403
1309
1185
1153
1201
1215
1124
961
853
845
837
751
638
556
507
499
462
334
191
122
58
-127
-427
-802
-1149
-1308
-1304
-1362
-1576
-1780
-1892
-1962
-1930
-1780
-1630
-1510
-1345
-1178
-1135
-1130
-1007
-796
-566
-371
-282
-316
-321
-233
-144
-43
86
192
246
302
329
306
364
544
678
681
687
776
906
1027
1107
1137
1178
1285
1393
1397
1302
1220
1230
1280
1269
1151
986
858
797
756
671
583
536
496
419
310
206
113
70
57
-40
-293
-674
-1068
-1321
-1343
-1285
-1370
-1575
-1770
-1900
-1925
-1796
-1614
-1491
-1356
-1187
-1128
-1181
-1150
-974
-755
-537
-390
-387
-448
-411
-264
-108
43
191
304
360
369
355
382
495
667
823
913
920
880
894
1014
1167
1274
1344
1377
1332
1250
1221
1225
1214
1220
1239
1160
970
795
741
762
763
712
609
480
344
238
169
105
21
-93
-303
-693
-1155
-1428
-1418
-1337
-1405
-1602
-1800
-1937
-1967
-1847
-1634
-1436
-1289
-1162
-1076
-1099
-1138
-989
-664
-405
-349
-395
-426
-416
-330
-164
-4
93
173
259
285
253
278
430
654
840
930
948
951
992
1081
1213
1352
1431
1440
1397
1323
1244
1209
1226
1230
1177
1075
947
821
739
719
704
632
522
424
355
281
190
92
-26
-183
-415
-741
-1077
-1282
-1334
-1355
-1459
-1642
-1842
-1977
-1978
-1836
-1648
-1482
-1357
-1275
-1216
-1173
-1102
-950
-701
-443
-325
-346
-397
-379
-279
-145
17
148
232
277
309
329
327
414
646
905
1011
971
969
1039
1141
1262
1379
1446
1439
1424
1371
1267
1198
1221
1267
1216
1093
942
789
701
689
658
554
470
433
344
211
146
141
40
-177
-442
-765
-1097
-1297
-1330
-1386
-1543
-1685
-1768
-1849
-1910
-1818
-1641
-1504
-1385
-1249
-1157
-1142
-1046
-848
-694
-613
-507
-387
-340
-299
-190
-71
28
154
281
315
317
380
483
576
667
767
832
883
942
989
1056
1192
1352
1432
1398
1321
1247
1195
1183
1197
1198
1155
1059
905
740
630
586
582
586
562
452
288
185
162
128
44
-71
-312
-749
-1158
-1300
-1280
-1360
-1521
-1637
-1753
-1900
-1935
-1798
-1636
-1493
-1299
-1110
-1083
-1115
-1021
-811
-613
-458
-327
-294
-339
-311
-187
-65
46
195
325
355
346
374
429
497
599
709
783
846
922
981
1037
1148
1282
1364
1398
1399
1353
1291
1273
1266
1200
1100
1017
926
813
717
628
518
417
360
292
194
152
121
-13
-198
-346
-553
-865
-1075
-1093
-1159
-1387
-1565
-1607
-1679
-1788
-1739
-1567
-1482
-1443
-1330
-1208
-1156
-1083
-919
-756
-650
-555
-475
-419
-337
-211
-93
8
115
187
224
310
442
511
529
604
712
764
790
860
926
971
1073
1213
1276
1271
1286
1313
1285
1232
1203
1170
1117
1068
992
877
775
705
631
541
474
415
307
226
204
130
-44
-241
-432
-688
-965
-1095
-1108
-1196
-1358
-1476
-1571
-1690
-1747
-1643
-1503
-1428
-1337
-1226
-1182
-1164
-1058
-873
-714
-596
-494
-443
-421
-359
-261
-149
-27
106
213
274
316
348
376
457
591
711
801
879
943
984
1015
1094
1193
1250
1287
1317
1302
1231
1167
1157
1143
1091
1028
937
819
740
706
638
526
434
379
301
205
134
29
-141
-291
-436
-668
-936
-1085
-1123
-1196
-1325
-1437
-1545
-1646
-1649
-1554
-1486
-1462
-1379
-1245
-1176
-1144
-1044
-891
-735
-574
-440
-399
-392
-297
-155
-62
13
111
194
262
351
429
469
531
642
728
762
815
892
963
1047
1148
1214
1212
1204
1231
1238
1205
1170
1147
1117
1067
990
881
774
730
702
628
522
419
328
241
159
49
-97
-222
-325
-512
-813
-1061
-1143
-1165
-1240
-1326
-1399
-1489
-1546
-1502
-1428
-1404
-1336
-1165
-1030
-1007
-974
-873
-756
-629
-475
-375
-375
-351
-242
-148
-90
10
138
214
264
320
344
355
445
585
669
709
766
835
893
969
1065
1123
1146
1180
1201
1160
1098
1070
1049
1004
950
883
775
654
574
514
436
363
326
288
219
143
71
-21
-141
-271
-429
-610
-767
-856
-919
-1018
-1136
-1234
-1312
-1378
-1402
-1381
-1341
-1279
-1202
-1146
-1118
-1068
-967
-842
-713
-585
-468
-378
-295
-208
-122
-42
65
188
280
331
373
419
453
488
542
605
662
717
783
832
872
928
993
1037
1067
1107
1141
1139
1100
1052
994
918
842
779
712
644
580
502
400
289
215
173
116
40
-63
-189
-326
-461
-595
-733
-855
-937
-990
-1054
-1140
-1219
-1259
-1271
-1253
-1214
-1170
-1125
-1069
-992
-926
-881
-820
-722
-621
-526
-437
-348
-274
-196
-98
-6
68
136
212
272
319
373
432
482
539
614
687
744
798
855
903
947
993
1032
1053
1068
1076
1059
1015
965
916
868
818
767
700
618
530
446
359
275
203
148
78
-13
-126
-259
-396
-521
-629
-722
-805
-886
-969
-1054
-1137
-1195
-1219
-1211
-1180
-1141
-1095
-1058
-1021
-981
-927
-853
-756
-646
-542
-458
-384
-310
-230
-145
-54
41
132
209
272
321
358
397
449
510
570
624
674
717
760
802
838
876
914
948
966
970
965
946
920
887
849
801
744
687
627
562
489
413
335
250
161
74
-14
-113
-220
-328
-441
-550
-644
-722
-787
-842
-889
-932
-965
-992
-1000
-993
-973
-953
-929
-907
-888
-860
-827
-779
-714
-637
-554
-474
-398
-325
-254
-181
-105
-19
66
144
212
270
319
371
429
492
557
617
667
706
736
756
779
802
825
846
857
859
850
832
811
788
763
734
698
654
600
540
476
411
344
272
194
111
20
-69
-158
-248
-331
-418
-504
-584
-662
-729
-784
-829
-866
-898
-920
-935
-938
-933
-915
-891
-863
-831
-796
-757
-707
-651
-589
-522
-456
-392
-325
-258
-192
-127
-58
5
68
132
192
259
326
395
459
522
586
643
698
753
802
846
881
905
921
927
927
922
910
896
871
834
791
735
675
610
542
467
393
310
223
129
33
-67
-165
-261
-351
-438
-524
-602
-681
-751
-814
-866
-911
-943
-963
-978
-984
-980
-969
-952
-921
-882
-835
-781
-719
-658
-592
-523
-455
-382
-306
-230
-156
-82
-11
57
123
186
253
320
386
443
504
562
611
659
709
756
793
836
868
891
909
920
931
924
914
898
871
839
796
750
687
620
547
469
384
296
204
103
7
-94
-194
-298
-395
-487
-580
-660
-738
-808
-874
-925
-966
-1004
-1022
-1036
-1035
-1030
-1015
-992
-962
-924
-878
-820
-759
-690
-623
-546
-473
-395
-311
-224
-140
-59
29
110
190
266
344
417
487
560
626
694
754
811
864
906
946
977
1002
1015
1026
1023
1006
982
949
909
858
802
740
674
596
514
426
330
234
133
37
-62
-166
-264
-361
-460
-554
-640
-722
-794
-860
-912
-959
-996
-1023
-1048
-1055
-1055
-1040
-1021
-988
-946
-901
-847
-787
-717
-646
-570
-490
-408
-324
-241
-161
-80
-1
80
161
239
316
392
464
535
607
673
743
804
865
920
967
1010
1043
1064
1075
1079
1072
1053
1022
977
919
854
775
684
588
485
373
261
143
24
-94
-210
-322
-426
-524
-612
-692
-764
-827
-883
-926
-959
-983
-999
-1007
-1007
-997
-984
-966
-938
-905
-869
-824
-771
-717
-654
-586
-516
-445
-365
-285
-201
-111
-20
72
163
257
348
439
528
613
691
763
832
892
944
985
1014
1036
1049
1053
1044
1028
1002
965
918
861
800
732
662
581
496
407
310
217
118
23
-78
-176
-272
-370
-461
-551
-634
-714
-786
-849
-905
-952
-985
-1011
-1027
-1029
-1024
-1010
-984
-950
-907
-856
-798
-734
-669
-600
-524
-449
-371
-285
-206
-122
-38
41
124
205
286
364
439
513
587
653
715
774
824
873
909
943
970
986
994
991
983
963
936
896
851
792
727
652
568
478
381
283
178
75
-31
-134
-238
-340
-437
-524
-611
-688
-753
-812
-865
-906
-937
-958
-969
-972
-967
-952
-929
-896
-856
-813
-762
-710
-652
-588
-523
-451
-384
-308
-235
-159
-78
2
82
162
246
324
405
482
558
629
697
758
811
861
902
935
961
977
980
976
962
940
907
862
811
746
678
602
517
426
331
233
131
29
-72
-176
-275
-368
-457
-543
-616
-682
-744
-797
-839
-872
-900
-914
-921
-919
-911
-894
-869
-840
-801
-760
-713
-660
-606
-546
-478
-408
-335
-261
-183
-102
-19
65
148
235
316
396
474
545
615
676
733
784
823
856
881
900
906
907
899
879
859
822
784
736
682
622
554
483
404
325
240
154
62
-28
-118
-211
-298
-388
-471
-552
-625
-689
-750
-798
-841
-868
-890
-900
-900
-892
-867
-846
-804
-763
-712
-657
-597
-532
-468
-399
-336
-268
-203
-135
-68
-5
63
123
189
245
307
370
425
486
536
594
643
691
734
774
811
835
856
865
870
862
850
825
789
746
689
626
556
479
394
305
215
113
16
-85
-189
-284
-373
-460
-540
-610
-677
-732
-778
-815
-841
-856
-865
-865
-854
-839
-817
-784
-748
-709
-662
-608
-559
-501
-436
-379
-315
-250
-187
-121
-51
15
75
145
207
264
332
395
451
511
571
623
669
718
752
788
818
838
847
854
847
830
813
778
731
687
632
563
493
414
326
241
156
56
-37
-127
-219
-307
-389
-467
-543
-606
-663
-715
-751
-784
-808
-820
-820
-818
-806
-784
-763
-733
-693
-650
-605
-554
-505
-448
-390
-332
-272
-212
-149
-87
-27
33
96
155
220
277
336
394
447
502
551
596
638
674
707
737
759
776
785
785
775
757
733
700
662
612
558
496
426
350
275
193
111
26
-56
-137
-220
-297
-372
-441
-502
-562
-613
-657
-694
-723
-743
-758
-765
-764
-756
-741
-719
-693
-661
-623
-581
-538
-491
-439
-384
-326
-268
-206
-143
-81
-15
46
109
174
240
302
360
421
475
523
568
614
652
683
711
731
746
752
755
745
733
711
680
646
605
558
507
449
387
320
249
178
103
28
-45
-121
-197
-271
-344
-412
-476
-534
-589
-639
-681
-718
-745
-765
-779
-784
-783
-774
-758
-732
-702
-664
-619
-570
-516
-455
-391
-323
-258
-189
-117
-46
28
94
161
229
292
350
407
458
508
553
592
627
655
676
698
712
719
723
720
713
697
675
650
622
583
540
493
445
389
331
267
198
127
55
-17
-92
-169
-243
-313
-382
-448
-510
-567
-620
-664
-701
-731
-755
-767
-776
-776
-765
-753
-731
-703
-671
-629
-584
-536
-482
-424
-362
-299
-235
-168
-101
-34
32
99
167
233
295
355
411
463
515
563
605
645
674
700
716
729
740
739
733
721
703
680
652
618
575
527
478
419
361
298
231
161
88
16
-57
-130
-204
-277
-343
-409
-471
-527
-581
-625
-663
-697
-723
-738
-748
-751
-748
-738
-717
-692
-661
-621
-580
-532
-477
-423
-365
-307
-246
-186
-124
-60
4
63
125
185
244
302
356
409
460
504
549
589
622
653
678
696
707
716
714
710
695
674
648
615
576
532
482
425
369
304
240
171
104
30
-41
-116
-189
-258
-322
-384
-444
-498
-550
-590
-633
-660
-686
-703
-712
-712
-712
-700
-682
-663
-636
-607
-568
-529
-482
-434
-384
-332
-276
-216
-158
-94
-31
30
89
150
210
267
324
375
428
476
520
560
595
626
652
673
688
697
699
697
688
670
647
616
582
546
497
447
391
333
271
205
139
72
4
-65
-130
-197
-263
-326
-386
-442
-494
-544
-587
-627
-661
-684
-706
-720
-726
-726
-719
-703
-682
-651
-617
-579
-532
-483
-426
-369
-307
-244
-181
-118
-54
12
75
138
199
260
319
375
429
481
526
567
603
635
663
683
699
707
711
709
701
686
666
641
607
568
526
476
423
366
302
237
168
100
30
-43
-117
-188
-259
-327
-391
-452
-508
-559
-605
-647
-681
-708
-728
-742
-749
-745
-740
-725
-701
-670
-637
-599
-552
-503
-445
-387
-327
-264
-203
-138
-74
-9
54
117
176
235
288
338
387
433
478
516
551
583
613
636
653
668
676
681
680
673
661
640
615
586
547
506
459
407
347
285
221
151
80
9
-60
-129
-198
-266
-328
-389
-441
-491
-536
-573
-603
-630
-647
-660
-664
-662
-654
-641
-618
-593
-565
-530
-493
-453
-410
-364
-314
-267
-216
-164
-117
-66
-20
28
76
121
168
215
261
304
347
390
431
468
503
534
563
585
608
621
630
635
633
624
603
581
553
517
477
426
371
312
245
182
111
42
-27
-95
-161
-226
-288
-346
-397
-442
-483
-515
-545
-568
-583
-594
-599
-598
-592
-584
-568
-551
-531
-510
-487
-460
-430
-399
-366
-330
-294
-253
-213
-167
-122
-71
-20
34
92
148
206
265
322
378
430
480
528
568
606
636
661
679
690
694
688
671
651
626
589
548
503
450
393
332
272
207
144
80
13
-50
-114
-174
-230
-283
-338
-383
-426
-463
-498
-527
-551
-572
-588
-597
-600
-600
-595
-588
-574
-558
-538
-511
-485
-452
-419
-385
-346
-304
-257
-214
-163
-113
-63
-10
41
96
151
206
264
316
365
415
461
504
540
572
600
617
632
641
641
636
626
607
583
554
517
477
432
385
333
277
220
162
102
44
-15
-71
-127
-181
-230
-278
-324
-364
-401
-435
-466
-490
-512
-529
-541
-550
-556
-554
-553
-547
-534
-520
-499
-474
-448
-415
-381
-343
-303
-257
-208
-158
-111
-57
-3
49
106
160
210
259
307
349
391
428
462
489
511
529
543
549
552
550
545
530
513
493
467
437
406
370
332
291
248
201
154
107
58
7
-43
-90
-139
-190
-235
-282
-325
-362
-398
-432
-462
-486
-505
-523
-533
-539
-537
-531
-518
-503
-485
-459
-431
-396
-361
-321
-281
-237
-191
-142
-93
-46
3
51
96
139
183
223
262
299
331
364
392
417
438
457
473
486
495
501
502
498
490
482
467
448
425
397
365
329
291
244
201
153
104
52
-3
-56
-108
-158
-212
-262
-309
-356
-392
-427
-458
-483
-502
-517
-528
-530
-526
-521
-511
-492
-472
-449
-422
-390
-355
-322
-284
-244
-206
-164
-122
-81
-41
1
44
83
125
164
205
246
282
316
347
381
410
435
460
478
495
505
514
517
511
505
492
475
454
430
397
365
327
289
243
199
153
102
53
6
-45
-97
-146
-195
-240
-284
-324
-360
-394
-424
-453
-477
-496
-513
-521
-524
-522
-516
-506
-492
-473
-451
-425
-395
-364
-331
-298
-260
-220
-180
-143
-101
-60
-19
24
65
107
149
189
232
274
312
351
387
422
451
477
500
520
534
542
544
541
533
518
498
474
447
414
376
334
287
239
188
139
87
37
-13
-64
-112
-162
-205
-247
-286
-324
-355
-383
-411
-431
-446
-458
-466
-469
-467
-461
-451
-439
-423
-405
-383
-358
-333
-307
-278
-247
-216
-185
-151
-119
-86
-52
-16
21
56
93
130
165
199
232
266
299
331
356
377
399
415
427
437
439
438
432
420
404
380
356
331
301
268
233
198
163
123
88
54
14
-21
-57
-93
-124
-158
-187
-217
-244
-273
-296
-316
-335
-351
-366
-374
-384
-384
-386
-385
-378
-367
-354
-342
-323
-302
-278
-251
-222
-190
-156
-123
-84
-47
-13
24
59
98
136
172
206
238
269
296
320
344
364
380
392
401
407
407
404
397
387
373
352
329
305
278
247
212
175
138
97
59
19
-21
-58
-97
-133
-167
-198
-228
-253
-273
-295
-313
-328
-340
-347
-352
-356
-354
-349
-346
-336
-326
-310
-296
-276
-259
-238
-216
-194
-175
-152
-126
-102
-77
-55
-25
1
30
59
90
121
150
183
213
245
273
299
323
343
362
378
386
394
393
389
385
371
355
336
310
284
255
221
184
150
114
76
43
7
-25
-57
-88
-117
-143
-169
-191
-208
-229
-243
-259
-268
-278
-286
-294
-300
-305
-309
-310
-309
-309
-306
-301
-291
-279
-268
-251
-235
-213
-190
-166
-137
-106
-75
-43
-14
19
49
80
114
139
168
192
214
236
257
272
286
297
306
309
312
315
308
303
298
288
278
262
245
229
209
191
167
145
117
91
65
38
12
-15
-42
-69
-96
-123
-146
-171
-191
-209
-227
-243
-256
-263
-274
-276
-277
-278
-274
-265
-258
-252
-239
-224
-208
-191
-172
-154
-130
-108
-87
-63
-39
-16
8
30
51
70
92
108
126
143
161
175
190
204
213
223
230
235
238
242
237
236
229
219
209
196
182
165
148
127
104
84
62
36
13
-11
-34
-57
-77
-95
-114
-130
-145
-158
-170
-177
-184
-186
-187
-192
-194
-194
-192
-185
-179
-173
-160
-153
-140
-129
-118
-105
-93
-77
-61
-47
-34
-18
-2
12
29
41
53
67
79
91
103
113
121
130
136
143
151
156
161
160
165
167
168
167
161
155
147
141
127
116
104
89
75
56
39
21
3
-18
-36
-55
-76
-94
-109
-123
-138
-150
-160
-169
-172
-176
-174
-173
-170
-164
-155
-150
-140
-128
-115
-102
-90
-79
-67
-54
-46
-35
-24
-15
-4
4
11
19
27
36
45
52
61
72
76
84
94
101
111
117
125
132
133
137
136
139
140
135
136
130
124
118
108
100
89
77
63
54
36
22
9
-5
-17
-31
-41
-54
-64
-74
-81
-85
-92
-97
-104
-107
-109
-111
-110
-111
-111
-107
-105
-105
-102
-96
-89
-83
-77
-71
-66
-59
-53
-47
-40
-33
-24
-18
-8
2
8
16
24
31
38
47
54
60
61
64
67
67
69
69
66
65
63
60
56
52
49
48
42
39
37
33
32
30
26
23
21
21
20
19
17
15
12
11
10
6
5
3
-1
-3
-7
-9
-13
-15
-20
-23
-24
-28
-26
-28
-31
-30
-34
-31
-32
-34
-32
-32
-29
-27
-30
-25
-22
-22
-17
-14
-9
-6
-6
-2
0
1
3
4
7
11
9
9
12
8
12
11
8
11
11
8
5
6
9
5
6
5
3
5
7
5
7
9
5
8
7
6
8
2
3
3
-1
-1
-1
-1
-1
-3
-3
-4
-3
-4
-8
-8
-6
-8
-7
-6
-5
-3
-5
-6
-2
-3
-2
-1
-2
0
1
3
4
3
3
4
4
4
4
7
6
5
7
5
3
4
4
4
4
2
1
2
0
2
1
1
1
1
0
-1
0
0
0
1
1
2
1
-1
2
4
5
4
3
1
1
0
-2
-2
-6
-6
-5
-4
-6
-7
-8
-8
-8
-8
-7
-6
-6
-5
-4
0
-2
-5
-2
-3
-2
-2
-1
-2
-1
-3
-2
-1
-2
-1
1
2
1
2
2
4
4
4
5
7
7
7
9
8
8
10
13
9
11
12
13
10
6
5
4
3
3
3
2
-1
0
-1
-4
-5
-8
-6
-8
-8
-9
-8
-8
-12
-10
-10
-7
-8
-7
-6
-9
-8
-9
-7
-7
-6
-5
-5
-5
-2
-3
-1
-1
0
3
4
2
2
4
5
7
6
8
9
6
10
8
8
10
10
7
5
6
9
6
5
6
6
6
5
3
4
0
-2
-2
-4
-2
-4
-6
-6
-4
-6
-3
-2
-4
-3
-4
-5
-5
-5
-5
-3
-4
-4
-4
-4
-3
-2
-1
-2
-3
-2
-2
0
-2
-3
-1
1
2
2
4
2
0
1
-1
-1
-2
0
-1
0
1
1
1
2
3
1
1
-1
0
2
3
2
1
3
1
-1
1
1
-1
2
1
2
2
2
2
2
2
4
0
0
2
1
-1
-4
-3
-3
0
-1
-2
1
1
1
1
0
-1
0
-1
-1
0
1
-1
-1
0
-2
1
-1
-1
1
-2
-3
-4
-3
-1
-1
1
1
0
2
4
3
5
2
3
4
2
3
1
0
-2
1
-1
-1
2
1
2
1
0
1
0
0
1
-1
1
0
-2
-3
-3
-3
-7
-5
-5
-4
-2
-3
-3
-3
-4
-1
0
-1
1
0
0
-1
-2
0
1
2
0
0
-1
0
-1
1
0
1
3
2
2
4
1
3
4
3
4
4
3
1
4
2
1
1
1
1
3
2
3
3
-1
-2
-1
-1
-1
1
2
0
0
0
0
-1
-2
0
-4
-3
-3
-4
0
-2
-2
0
0
-2
0
-2
-2
-2
-3
-2
-4
-3
-2
-1
-4
-2
2
2
0
-2
-2
-2
1
1
1
1
-1
-1
-1
-1
0
-2
-1
1
2
0
2
2
5
4
1
2
4
3
-1
2
1
1
1
1
1
0
2
1
1
0
-1
2
-1
-2
-1
0
1
0
1
2
1
2
2
1
0
0
-2
-3
-3
-3
-3
-6
-4
-4
-4
-4
-3
-3
-3
-3
-2
-1
-1
-1
-2
-2
1
3
2
2
5
3
5
3
3
5
3
2
1
3
1
3
1
0
2
0
2
1
2
2
2
2
0
0
-1
-1
-3
-2
-3
-1
-3
-2
-2
-2
3
2
1
0
-1
-1
-3
-2
0
-2
-2
0
-1
-1
-2
-2
-1
1
3
-1
0
1
1
0
1
0
0
-1
0
-2
0
1
1
0
2
0
0
-1
-1
0
-1
0
-2
0
0
2
0
1
3
2
2
1
1
2
1
1
2
1
3
1
-1
0
-1
-2
-3
-2
-3
-1
-2
1
0
-2
-1
-2
-3
-3
-3
-4
-4
-3
1
0
0
1
-2
0
1
2
1
4
1
3
3
4
5
3
7
2
3
2
2
1
-3
-1
-1
-1
-2
-2
-1
-1
-3
-2
-3
-3
-3
-4
0
0
-2
1
2
3
0
2
1
-1
0
-1
0
0
1
1
0
0
1
-3
-1
-1
-3
-1
-2
1
-1
1
1
1
2
2
3
2
3
1
2
0
1
2
-1
0
0
-3
-6
-3
-2
-1
0
-1
0
-1
1
-1
1
2
2
1
1
2
4
3
1
-1
0
2
0
1
-1
-1
-1
-1
-3
-2
-2
-2
-2
-2
-2
-1
0
-2
0
0
1
1
1
2
-1
-2
-2
0
0
-1
1
0
1
2
0
0
3
1
0
1
2
1
1
0
0
1
0
1
0
1
1
0
0
1
3
-1
-1
-2
2
1
1
-1
-3
-3
-4
-2
-4
-2
-1
-2
-1
2
1
1
2
1
-1
-1
1
2
1
0
-1
0
1
0
1
0
2
-2
-4
0
2
-1
-1
2
2
1
1
-1
-2
-1
0
1
2
1
1
0
0
-1
-2
-2
-4
-2
-2
-4
-3
-1
-1
1
-3
-1
-2
0
-1
-1
-1
2
1
0
3
3
3
1
4
3
2
1
3
2
1
2
0
2
2
0
-1
-1
-1
-1
-1
1
2
1
3
3
3
3
3
3
3
1
0
-1
-3
-4
-2
-4
-3
-3
-2
0
-4
-3
-3
-2
-4
-4
-5
-3
-2
0
-2
-3
-3
-3
-3
-3
0
0
-1
1
0
0
2
2
1
3
1
1
1
4
5
3
3
4
2
3
3
3
2
3
3
4
2
1
0
-1
0
3
1
-1
-1
-1
-2
-2
-4
-2
-2
0
-1
-1
2
2
2
0
0
1
-1
1
-2
-5
-3
-4
-4
-4
-4
-7
-4
-3
-4
-2
-1
0
1
3
4
3
3
3
4
3
5
5
4
6
5
5
4
4
0
-1
2
2
-1
-2
-3
-3
-3
-4
-4
-5
-5
-3
-4
-2
-1
-1
0
0
-1
1
2
3
0
0
1
0
0
-3
-1
-3
-3
-3
-5
-2
-2
-1
1
0
0
1
0
0
1
3
3
2
3
4
5
3
5
3
5
4
3
3
3
1
2
3
3
4
2
4
3
1
-2
-3
-1
0
0
1
3
2
2
-1
-2
-2
-2
-4
-4
-5
-6
-7
-6
-7
-3
-3
0
-4
-6
-5
-7
-5
-4
-3
-5
-4
-5
-4
-3
-5
-5
-2
-3
-2
1
-2
-2
-1
1
1
3
4
3
4
4
5
7
7
4
6
7
7
6
8
8
7
6
6
5
5
6
7
2
2
5
1
3
1
1
1
-1
-2
-2
-1
-4
-5
-6
-5
-5
-4
-3
-6
-5
-6
-8
-6
-4
-5
-5
-3
-2
-3
-3
-2
-2
-1
-1
0
1
1
0
1
3
2
2
3
5
6
5
5
5
2
2
2
2
0
1
-1
1
1
1
0
-1
-1
-3
-5
-6
-2
-2
-2
-1
1
0
-1
-1
1
-2
0
0
2
1
3
1
1
1
3
2
-2
0
-2
-3
-4
-2
-3
-2
2
-2
1
2
0
2
0
0
-1
0
0
0
2
3
3
-2
1
2
0
-1
-1
0
1
2
2
3
0
3
5
6
3
0
-1
0
-2
-2
0
3
2
3
1
2
0
0
-1
-4
-4
-5
-3
-1
-1
3
1
-2
-2
-1
-2
-2
-2
-2
0
0
0
-1
1
0
-1
1
0
-3
-2
-3
-1
-3
-3
-4
-1
-1
-4
-1
-4
-3
-3
-1
-1
0
2
5
4
2
2
4
4
3
2
3
5
5
3
4
3
1
1
1
3
3
2
3
3
3
4
4
2
2
0
2
1
0
-1
-2
-2
-3
-2
-2
-2
-2
-2
-2
-1
-1
-3
-2
-4
-1
-2
-3
-1
-3
-3
-2
-3
-1
-2
-3
-3
-2
-2
-2
-1
-1
0
-2
0
-1
0
-2
-1
-2
-1
2
-1
-1
1
4
6
6
5
4
7
8
8
7
7
8
6
6
6
4
2
2
4
2
-1
-3
0
-1
-2
-4
-5
-6
-7
-5
-4
-3
-3
-1
0
1
-2
-2
0
-3
-3
-2
-2
-2
0
1
-1
0
-2
0
-2
-4
-2
-3
-5
-5
-1
1
1
1
3
2
2
2
2
4
5
3
4
1
1
0
4
2
1
0
1
-1
-1
-1
-2
0
-2
-2
-2
0
1
-1
-1
-2
-1
-1
-3
-2
-1
-1
-1
1
1
-2
2
4
4
4
3
1
1
2
0
0
1
0
1
1
-1
-2
-1
-1
0
0
2
1
0
3
1
2
3
4
7
6
2
3
0
2
3
0
-1
-3
-4
-1
-2
-3
-1
-2
-3
-6
-5
-3
-2
0
-1
-1
-1
-1
-1
-3
-1
0
0
0
-1
1
2
2
1
-1
-2
-5
-4
-5
-6
-5
-3
-4
-5
-3
-3
-4
-5
-1
-2
-1
-1
