0
1
2
3
-1
-1
-2
-1
-1
-3
-2
-2
0
-2
-1
-1
-2
-1
-2
-3
-4
-2
-1
-1
-1
-1
-1
1
3
1
0
1
5
2
1
1
0
0
-1
-2
-2
-1
-1
-1
-1
-2
-4
0
3
1
2
0
-1
0
1
0
-1
0
0
-1
-2
0
1
1
0
1
2
3
1
0
0
0
1
4
3
2
2
0
-1
2
1
2
2
1
-2
-3
-3
0
-1
-2
0
-3
-3
-3
-2
-3
0
-1
0
2
1
1
0
1
-1
-3
-1
0
1
1
2
0
0
-2
-1
-3
-2
0
1
-1
-2
-1
-3
-3
0
1
1
2
2
2
4
5
5
4
4
3
3
3
1
2
3
1
4
1
-3
-3
-4
-5
-4
-2
-4
-2
-5
-4
-2
-4
-2
-2
-2
0
-2
-1
0
0
2
2
-1
-2
1
1
2
3
1
2
0
3
3
2
2
1
0
-1
1
-1
2
1
0
-1
-3
-3
-2
0
0
-1
0
1
2
1
0
-1
-1
1
0
1
2
4
5
2
4
1
0
-1
-1
1
-1
0
1
1
-1
0
0
-1
-2
-1
-1
-2
-2
-1
-1
-2
0
-1
0
-1
0
-2
-2
-2
0
2
-1
1
-1
2
1
1
1
2
1
0
3
2
1
2
0
0
2
-1
-2
-4
-3
-1
-2
1
0
-1
-3
-3
-1
0
1
1
2
3
1
2
1
-1
-2
-1
-4
-5
-1
2
0
0
-2
-3
-1
-1
-3
-3
-2
3
3
8
6
5
3
-1
4
3
3
-1
0
0
-1
-4
-3
-2
-4
-3
-4
-2
-2
0
0
1
2
2
2
0
1
2
1
1
-1
0
0
1
-1
0
3
1
-1
1
1
2
0
1
5
3
6
5
2
0
-3
-1
0
0
0
-1
-4
-5
-4
-5
-3
-2
-3
-3
-3
-2
-3
-2
-2
-1
0
1
2
3
5
4
3
-1
2
0
-1
-1
-3
-2
-2
0
1
0
-1
0
1
2
3
2
3
2
2
3
3
2
0
-1
-5
-3
-3
-2
0
-2
0
-1
0
0
-1
0
-2
0
0
1
0
2
1
1
0
-1
0
0
1
0
0
0
-3
-2
-2
-1
-2
1
0
1
2
0
2
2
-1
2
1
1
1
0
0
0
2
5
1
0
1
-1
1
0
1
2
-1
1
3
0
0
-1
-3
-4
-5
-1
-2
0
1
0
0
-1
0
1
0
-2
1
-1
4
3
2
2
0
-1
-3
-2
-2
-3
-1
0
0
-1
0
-3
-2
-2
-2
-2
-2
2
1
0
1
-1
1
0
-2
0
0
0
-3
-3
1
1
0
-2
-1
1
3
3
3
4
3
3
2
2
2
2
4
-1
1
0
0
0
1
3
2
0
1
3
2
0
-2
-2
-3
1
0
1
-1
-4
-3
-4
-2
0
-2
1
2
-1
-3
-3
-1
-1
1
-1
-2
0
0
1
0
0
0
4
1
1
0
-2
-1
0
5
1
1
-1
0
-2
0
0
-1
1
1
1
-1
0
-1
-4
-2
-2
-2
0
2
-3
-1
-1
-2
0
-1
0
1
1
2
2
2
2
1
1
-1
0
-3
-2
2
1
3
2
3
2
0
2
-2
-1
0
-2
0
2
0
2
0
1
-1
-3
-2
-4
-2
-1
-3
-1
0
-2
-2
-2
0
2
1
2
3
3
2
4
1
4
2
1
2
0
0
0
-1
-3
-1
-3
-4
-4
-2
-1
0
1
0
2
5
5
4
2
3
1
1
1
0
-2
-2
-1
-1
-4
-2
-2
-1
0
-1
-3
-3
-3
-3
-2
-1
-2
-1
0
-1
0
-3
0
1
1
3
4
3
3
3
2
4
1
0
4
2
2
0
0
0
-2
-1
-3
0
0
2
2
-1
-1
1
1
1
0
1
-1
0
0
-3
-2
0
-3
-1
-1
-4
-4
-4
0
0
1
0
0
2
1
2
2
1
1
1
1
1
-1
0
0
0
-1
-1
-2
-3
-1
-1
0
1
1
0
0
1
2
-1
-1
3
3
4
3
1
-1
-2
-3
-4
-2
-1
0
-1
2
2
2
3
1
1
0
-1
1
4
4
5
3
2
2
-1
-1
-2
-1
-4
-3
-3
-1
1
1
1
-3
-2
-1
-1
1
0
-1
-1
1
-1
-2
0
-3
-3
-2
-4
-3
-3
-1
-1
-1
0
1
0
1
1
3
2
2
3
0
2
-1
0
-2
-1
0
-1
-2
-2
-1
-1
-1
0
1
2
1
0
2
4
5
5
5
3
4
3
1
-1
-2
-1
-1
-1
1
-2
-1
-2
-2
-4
-5
-2
0
1
2
2
4
2
-1
-1
0
1
2
0
1
0
1
0
-1
1
0
-1
2
3
3
1
-2
-1
-2
-4
-4
1
-2
-2
0
0
-2
-2
-1
-1
-1
0
-1
-2
-1
-2
-2
-1
2
3
2
2
0
0
0
0
1
0
-1
0
0
-2
-6
-4
-6
-6
-4
-2
-2
2
3
4
5
3
4
2
4
4
4
5
5
1
2
3
0
-1
-1
-3
-3
-4
-4
-1
-2
0
0
3
2
-1
2
0
2
3
5
4
3
1
1
-1
-1
-3
-3
-1
0
0
-1
-1
-3
-2
-3
0
0
-2
0
1
1
2
3
1
1
1
1
-1
-2
-3
-3
-4
-3
-1
0
-2
1
1
-1
0
-1
-2
-3
0
0
2
1
2
0
0
2
1
1
3
1
1
1
1
2
0
-1
-1
-2
-1
-3
-3
-4
-6
-4
-1
1
0
1
-1
-2
-1
1
3
3
1
1
3
1
3
4
1
2
-1
1
4
0
-1
-2
1
-3
-2
1
0
1
0
0
0
2
2
2
2
4
4
3
1
3
3
0
1
0
-3
-2
-2
-3
0
-2
-2
-2
-5
-2
0
0
1
0
-1
3
1
-2
0
1
0
0
-1
0
-1
-1
0
-2
-2
-3
-4
-4
-2
-1
-1
-3
-3
-1
-4
-2
0
0
-1
-2
0
2
0
1
3
2
3
3
0
4
2
-1
2
2
2
1
2
-1
-3
-2
-1
0
-1
0
2
11
12
9
8
5
3
7
8
5
-1
-3
-6
-8
-11
-13
-5
-2
-7
-7
-9
-9
-10
-6
-11
-6
3
-3
-14
-21
-21
-11
-2
-4
-6
4
8
1
-6
-8
-10
-15
-22
-18
-4
0
-3
-10
-7
0
4
16
34
35
25
23
24
14
9
11
6
10
18
12
-2
-7
-5
2
5
-9
-35
-31
-9
12
16
6
39
79
-116
-532
-713
-522
-222
-49
50
92
73
64
134
312
493
543
494
436
349
287
319
368
346
265
177
86
-2
-72
-107
-87
-94
-190
-279
-311
-344
-366
-318
-251
-207
-165
-143
-147
-141
-103
-45
27
90
84
32
7
-8
-38
-37
-26
-61
-98
-103
-118
-138
-130
-64
10
15
8
39
29
-13
11
78
107
114
128
135
101
61
55
61
64
68
64
55
28
5
26
44
32
32
58
73
49
13
24
21
-3
24
39
9
-11
-24
-11
5
-16
-7
4
-34
-50
-30
-33
-28
-16
-26
-35
-30
-10
-6
-18
-19
-21
-26
-14
1
16
15
-4
5
3
-37
-33
-13
-21
-11
-6
-15
-6
4
-10
-9
-6
-11
-5
-7
-1
21
10
-3
10
1
-12
-4
4
-1
-2
-2
-3
-5
-4
3
11
11
8
13
11
5
17
13
3
15
17
4
-1
-3
-12
-8
-15
-10
6
-4
4
12
-7
-7
2
1
2
-1
-2
5
-7
-11
-3
-3
6
14
15
17
10
1
-3
-12
-22
-15
-14
-20
-17
-20
-20
-12
-11
2
10
0
9
6
-9
10
15
11
32
29
31
35
23
26
15
-5
13
-1
-18
6
-11
-20
4
-16
-17
6
-12
-3
11
-5
10
8
-2
19
5
1
19
-14
-10
4
-20
0
-5
-35
-16
-32
-41
-13
-29
-15
16
-13
20
41
-21
21
29
-35
37
33
-16
48
0
-16
9
-44
8
-24
-43
39
-63
-23
49
-77
16
49
-60
50
36
-18
78
11
14
35
-48
28
-11
-60
64
-46
-57
56
-96
-45
33
-99
-4
6
-72
17
-30
-11
33
-24
70
21
-8
113
1
36
125
-30
55
82
-43
64
47
-18
47
13
-13
-20
-8
-19
-66
13
-37
-100
19
-70
-100
30
-75
-74
25
-61
-64
30
-8
-46
60
26
-53
85
47
-30
126
61
-21
110
47
-22
101
51
-48
69
21
-98
49
9
-112
49
-22
-133
39
-43
-116
51
-36
-97
65
-36
-85
86
-33
-65
113
-48
-45
125
-75
-10
138
-89
31
124
-114
54
90
-115
77
58
-120
91
23
-115
114
-11
-103
126
-60
-80
144
-97
-31
147
-138
25
119
-164
89
73
-163
138
2
-137
159
-62
-83
155
-113
-28
122
-142
27
83
-141
78
41
-122
110
-8
-105
123
-57
-65
136
-88
-14
121
-124
35
85
-137
87
25
-122
127
-39
-76
133
-103
-19
101
-139
55
57
-124
107
-14
-87
122
-73
-26
114
-110
40
74
-117
102
12
-99
129
-57
-56
126
-105
6
94
-126
63
39
-119
105
-25
-80
117
-76
-13
101
-104
49
55
-109
83
-10
-78
107
-58
-23
89
-92
24
46
-95
63
-1
-63
81
-41
-11
63
-67
27
25
-61
63
-14
-35
81
-51
-5
60
-75
21
24
-60
45
-23
-24
53
-64
21
20
-68
59
-26
-45
81
-52
-10
65
-65
31
14
-51
62
-39
-2
48
-61
66
-18
-41
92
-76
-7
80
-91
43
41
-83
86
-38
-12
48
-64
57
-29
-6
46
-55
29
16
-58
61
-31
-34
77
-89
51
11
-40
37
-19
23
-34
32
-14
-16
14
-4
-13
12
-16
-3
30
-73
82
-64
5
54
-68
32
-18
45
-44
-3
38
-14
-23
29
25
-54
60
-22
6
4
-19
35
-22
-18
17
26
-60
59
-37
-22
92
-92
7
71
-11
-49
41
18
1
-36
1
68
-54
-34
51
-12
-64
73
-10
-51
20
22
-37
21
-5
-26
87
-81
-35
94
-51
-43
69
-38
-8
1
12
21
-39
32
20
-58
43
12
-94
96
-2
-57
27
23
-21
18
-34
24
3
-72
112
-71
9
8
63
-39
-79
112
-41
-20
25
-40
49
32
-97
102
-23
-25
59
-45
-10
14
7
15
-48
41
-4
-30
20
-14
-10
10
63
-121
79
32
-81
21
39
-31
-29
43
-36
47
-72
-9
96
-62
-55
40
61
-79
-7
61
-66
42
-18
8
4
-31
67
-33
16
-34
10
112
-101
-61
192
-123
0
59
-84
90
-98
80
-46
-18
77
-74
30
36
-72
50
12
-59
69
-57
16
8
10
-27
-24
79
-31
-34
16
1
44
-86
43
40
-84
76
-22
-31
47
-34
-27
57
-41
7
-32
56
17
-77
38
6
-20
-5
1
-29
92
-73
7
104
-156
53
55
-55
36
-42
73
-22
-20
59
-101
73
-12
-27
23
-24
32
5
-18
-14
45
-70
46
-18
3
-75
84
44
-136
87
-34
54
-45
-48
80
-15
-64
90
-4
-58
23
65
-36
-90
102
-56
93
-82
-46
188
-170
43
38
-112
135
-76
-41
123
-111
21
64
-72
21
-31
78
-49
-83
193
-121
12
41
-14
88
-186
82
90
-119
52
-58
91
14
-136
85
82
-148
12
117
-53
-41
93
-114
100
69
-249
228
-91
-96
197
-87
-143
147
53
-110
18
-81
202
-87
-146
128
10
-2
-164
158
-42
-41
58
-51
88
-47
27
-47
36
94
-267
184
34
-121
0
34
75
-129
119
-32
-47
160
-136
26
66
-86
63
-41
-36
141
-153
36
105
-100
29
13
-57
89
-63
-8
4
56
-39
-130
279
-196
60
-16
-87
219
-181
-10
36
117
-145
5
73
42
-79
-52
194
-187
39
12
13
4
-68
59
16
-69
27
57
-65
44
35
-68
16
1
-37
100
-67
34
-27
-29
84
-72
34
-63
115
-68
-61
106
-108
135
9
-155
108
11
-83
3
68
95
-161
46
23
-76
26
1
36
-13
36
-129
73
59
-91
39
57
-106
39
45
-100
112
-71
92
-144
76
128
-262
227
-61
-131
137
-90
131
-49
-17
57
-189
127
19
-96
175
-111
6
35
-102
57
-88
141
148
-313
107
106
-205
40
99
-13
44
6
-89
56
-146
73
106
-53
0
68
-37
-75
26
-118
210
70
-112
-102
210
-132
-247
361
-11
-22
-75
-21
55
-33
-108
80
161
-91
15
-123
7
101
-111
80
60
-46
25
-59
-196
253
-98
39
130
-224
90
-37
32
-60
75
-83
204
-67
-195
244
-309
307
-137
-40
256
-228
29
71
-195
84
205
-380
439
-25
-486
430
-223
-129
258
22
51
-192
-104
202
-103
-58
288
-178
81
-11
-110
50
38
-184
289
-11
-152
213
-452
260
135
-220
156
43
-79
-23
145
-193
95
-47
21
220
-247
-37
210
-199
40
5
29
26
-88
35
68
-53
-74
157
-100
44
-59
35
-45
-88
153
33
-192
89
84
-100
86
-83
105
40
-147
85
-32
-149
118
-188
185
-123
-174
107
-235
195
-85
-36
164
14
-215
318
-190
43
308
-104
-179
-86
268
-257
-45
117
152
10
-140
44
-10
-40
16
317
104
-134
-172
-275
21
8
-168
289
-479
-768
-202
-221
-189
-117
437
463
431
542
393
470
1010
720
619
585
187
162
-166
290
-97
-306
-162
-225
-428
-422
-394
-714
-396
-153
-433
-390
-237
-524
-297
-212
255
58
-336
760
114
-278
217
245
131
46
181
253
-325
-124
314
-394
-157
3
-105
-149
-300
80
-101
52
135
-167
49
277
-104
144
433
-119
151
303
358
-25
-228
-150
244
-47
-21
-68
-162
168
-274
18
159
-121
-27
498
88
-236
-38
180
273
-491
566
99
-456
383
165
-315
147
32
-142
246
-407
211
-42
-411
247
-271
-314
477
-167
-132
185
-365
315
-115
-122
366
-147
76
-133
-46
179
-237
59
52
73
-20
-188
20
-221
143
-96
7
39
-171
286
12
-22
-47
-8
115
-97
99
26
-195
-47
190
81
24
25
71
-85
-291
70
11
229
109
-87
-17
-255
-2
105
-140
120
113
-27
-20
-139
-55
45
40
-54
-76
27
27
-98
-53
45
-82
-38
48
71
-138
-198
97
-51
-170
129
127
-129
205
58
-101
-13
118
3
-71
240
131
2
227
170
6
44
233
98
-71
147
65
-166
-63
156
45
-45
-100
-19
-173
-91
-112
-148
25
-171
-83
-59
-245
-32
-49
67
20
55
153
-15
-97
-19
65
-110
57
80
-121
-48
88
17
-12
59
28
137
18
42
22
62
14
-63
5
16
64
-35
31
-109
-173
67
22
-96
69
-23
-32
-58
-99
88
-31
-3
52
19
7
-13
61
66
29
149
39
-53
-34
-74
104
-84
-49
-49
-141
-37
17
83
3
-73
14
12
113
143
-50
26
36
72
36
-100
38
27
3
-35
-108
-76
-21
71
62
6
27
-34
-78
11
11
56
-1
50
43
-116
-126
-148
-13
71
77
29
-106
-174
-107
-36
45
147
82
-11
-21
-20
-40
-50
24
78
164
107
-41
-110
-155
55
119
107
139
-41
-25
21
15
41
30
-16
20
46
52
-52
-126
-30
-75
4
-24
-51
-95
-75
3
-49
-29
42
27
-19
8
17
23
113
122
43
39
-3
-3
37
65
72
31
-71
-87
-94
-18
41
24
-7
-68
-92
-104
-11
1
-16
17
-19
-72
-6
0
15
5
-78
-66
-55
-7
30
41
11
-1
-48
-104
-64
-43
19
109
110
44
11
-58
4
62
84
139
198
148
-3
15
-7
68
115
132
107
-25
-45
-56
-21
8
25
43
-39
-93
-98
-151
-140
-68
-23
-10
4
-98
-180
-159
-121
-74
2
50
-4
-34
-83
-90
-141
-59
29
62
114
15
-22
-88
-84
-9
71
104
66
32
-33
-45
-29
18
55
59
88
90
54
44
79
176
268
307
299
281
246
249
299
327
342
298
203
138
62
31
-2
-7
-20
-116
-226
-359
-484
-496
-370
-248
-238
-345
-461
-589
-550
-393
-307
-216
-252
-282
-284
-320
-304
-319
-265
-118
-33
10
-100
-279
-296
-197
-15
130
151
117
80
130
261
345
440
547
571
613
683
717
850
984
1077
1133
1113
1043
1007
979
995
980
868
780
517
353
179
88
43
-138
-262
-471
-795
-1091
-1340
-1676
-1984
-2293
-2362
-2408
-2326
-2146
-2194
-2176
-2085
-1828
-1478
-1044
-607
-285
-33
223
431
672
931
1203
1423
1416
1330
1232
1256
1333
1436
1468
1346
1158
1042
968
846
808
830
969
1096
1094
1036
1020
1142
1394
1697
1904
1964
1894
1805
1758
1753
1718
1704
1458
461
-963
-2224
-2853
-3069
-3085
-3137
-3903
-4895
-5495
-5610
-5296
-4582
-3717
-3015
-2444
-1923
-1532
-1121
-367
625
1675
2558
3017
2886
2638
2589
2671
2817
2843
2582
2037
1397
735
142
-350
-615
-670
-633
-637
-781
-866
-771
-396
269
1073
1707
2092
2331
2542
2857
3129
3303
3354
3357
3128
2577
1960
1363
925
767
675
-248
-2063
-3809
-4711
-4738
-4238
-3775
-4130
-5042
-5680
-5570
-4912
-3864
-2642
-1657
-879
-318
-57
67
518
1387
2378
3107
3209
2599
1737
1274
1260
1441
1552
1315
713
-2
-541
-869
-1026
-852
-501
-163
29
4
-18
169
659
1337
2016
2496
2653
2640
2694
2704
2751
2896
2923
2697
2290
1808
1144
557
307
137
-21
-83
-786
-2306
-3830
-4457
-4262
-3549
-2677
-2785
-3783
-4571
-4502
-3861
-2762
-1504
-811
-539
-356
-323
-371
18
802
1589
2183
2226
1509
636
297
461
942
1419
1376
735
62
-325
-531
-420
-3
378
616
604
364
96
204
754
1439
2066
2269
2067
1806
1788
1994
2315
2603
2536
2171
1825
1493
1188
992
750
506
475
587
-13
-1623
-3260
-4183
-3946
-2986
-2245
-2538
-3699
-4645
-4794
-4071
-2808
-1780
-1210
-858
-653
-645
-653
-253
503
1407
2207
2223
1538
733
384
636
1176
1583
1350
688
41
-397
-587
-456
-166
207
509
551
274
-3
113
666
1485
2211
2448
2185
1867
1831
2124
2526
2819
2754
2367
1936
1575
1214
846
625
462
485
577
193
-1359
-3312
-4387
-4326
-3443
-2619
-2540
-3512
-4617
-4901
-4311
-3162
-1904
-961
-455
-309
-420
-516
-360
338
1348
2168
2314
1648
722
110
182
771
1328
1347
864
101
-421
-608
-488
-142
287
636
619
371
203
357
873
1645
2276
2518
2318
2013
1894
2042
2400
2649
2640
2281
1761
1299
997
804
661
583
445
395
240
-569
-2306
-3888
-4336
-3788
-2829
-2320
-2740
-3984
-4884
-4828
-3819
-2334
-1030
-405
-370
-504
-702
-541
106
1090
1873
2185
1826
915
151
33
520
1109
1409
1075
304
-451
-675
-466
-75
194
321
313
247
225
349
786
1376
2047
2369
2336
1996
1792
1947
2344
2680
2635
2266
1646
1221
1088
1133
968
721
355
0
-78
2
-622
-2320
-3800
-4240
-3605
-2763
-2219
-2724
-3946
-4641
-4243
-3017
-1795
-753
-382
-404
-492
-449
-193
293
1140
1723
1952
1521
675
-112
-162
458
1049
1237
837
58
-566
-648
-322
-48
230
400
370
270
288
533
895
1530
2101
2392
2290
2011
1867
2054
2439
2580
2421
2079
1709
1436
1334
1181
883
535
204
-28
94
193
-755
-2608
-4147
-4389
-3763
-2755
-2293
-2923
-4189
-4853
-4387
-3212
-1764
-683
-229
-270
-392
-505
-359
310
1253
1983
2046
1414
383
-270
-155
500
1075
1179
720
-36
-563
-662
-238
372
820
680
360
194
405
929
1612
2144
2312
2293
2081
1818
1753
2009
2360
2497
2255
1632
1008
679
782
1032
1074
639
108
-222
-193
19
23
-913
-2623
-3806
-3847
-3108
-2560
-2541
-3299
-4082
-4278
-3725
-2739
-1712
-960
-669
-475
-500
-468
-141
583
1240
1595
1601
1078
464
154
385
725
1015
937
525
-28
-317
-275
11
441
675
492
-20
-75
316
1136
1820
2168
1949
1658
1737
1974
2313
2471
2529
2202
1848
1553
1259
1157
1161
1292
910
526
82
-114
53
539
34
-2029
-3953
-4429
-3694
-2622
-1837
-2351
-4005
-5023
-4677
-3428
-1909
-555
-141
-473
-736
-853
-655
84
1182
1776
1782
1184
160
-608
-370
496
1168
1291
735
-208
-850
-642
67
771
1045
779
332
124
388
936
1699
2292
2409
2162
1794
1640
1775
2246
2635
2597
2090
1354
890
776
1009
1274
1300
790
101
-388
-354
174
603
-302
-2385
-4062
-4362
-3504
-2387
-1891
-2751
-4046
-4590
-4171
-3067
-1775
-844
-632
-539
-581
-751
-593
145
1052
1641
1775
1161
244
-241
48
706
1217
1155
592
-90
-365
-164
320
604
682
721
734
709
766
1099
1564
2030
2314
2250
1938
1736
1883
2207
2392
2215
1708
1184
893
883
945
1015
811
323
-219
-377
-112
383
452
-802
-3022
-4498
-4133
-2947
-2100
-2155
-3080
-4394
-4863
-4006
-2592
-1485
-869
-643
-769
-915
-813
-403
317
1177
1794
1679
997
201
-67
361
1180
1574
1282
586
17
-196
133
710
1055
1138
1054
679
-4
8
833
1967
2538
2406
1702
1013
1104
1788
2518
2643
2182
1338
819
789
907
1166
1286
1114
374
-149
-237
105
590
779
-427
-2787
-4416
-4266
-3157
-2243
-2140
-3048
-4525
-5212
-4554
-3137
-1756
-779
-397
-582
-898
-923
-468
371
1416
2170
2037
1180
203
-132
253
1094
1697
1523
756
-79
-426
-274
391
1021
1213
714
212
-21
290
1005
1765
2161
2025
1777
1506
1480
1733
2154
2461
2394
1918
1264
863
773
953
1117
1033
504
-91
-409
-323
216
522
-410
-2528
-4189
-4216
-3224
-2257
-2024
-2832
-4126
-4774
-4154
-2912
-1768
-878
-439
-464
-725
-824
-581
141
1168
1940
1893
1101
197
-240
154
939
1546
1465
800
65
-305
-144
378
970
1220
814
280
147
454
1081
1704
2110
2044
1749
1520
1428
1687
2069
2368
2190
1692
1127
828
873
997
1165
994
500
-46
-287
-65
370
707
-298
-2384
-4083
-4301
-3329
-2447
-1955
-2786
-4217
-5024
-4477
-3103
-1877
-811
-554
-777
-1034
-788
-276
296
1253
1816
1836
1102
412
39
226
1018
1605
1577
814
77
-297
-141
513
1090
1295
714
188
38
390
1053
1641
2032
1939
1741
1477
1414
1540
1931
2296
2289
1922
1208
749
626
875
1136
1123
645
-34
-420
-470
-79
422
498
-981
-3133
-4197
-3817
-2772
-2155
-2083
-3052
-4269
-4631
-3893
-2688
-1680
-838
-612
-734
-981
-927
-407
403
1418
1989
1851
1029
194
-4
550
1379
1799
1592
824
31
-302
-1
617
1099
1282
1004
286
-251
-19
843
1763
2237
2109
1536
1106
1163
1552
2021
2297
2190
1716
1197
834
763
908
1069
985
543
17
-336
-361
-64
507
479
-1109
-3254
-4164
-3647
-2735
-1960
-1903
-3154
-4653
-4846
-3763
-2491
-1424
-700
-670
-1101
-1313
-996
-297
621
1509
1919
1609
871
283
228
743
1483
1871
1531
736
8
-231
105
755
1101
834
393
160
213
501
1001
1478
1756
1811
1658
1478
1432
1682
2062
2255
2051
1543
1042
753
861
1116
1168
907
435
36
-83
72
190
337
62
-1439
-3350
-4019
-3304
-2512
-2028
-2150
-3325
-4640
-4720
-3581
-2356
-1393
-860
-983
-1432
-1501
-925
-181
583
1325
1720
1451
870
514
463
928
1729
2154
1770
993
354
85
379
838
934
679
385
188
77
234
617
1072
1373
1523
1579
1456
1319
1452
1865
2118
2081
1783
1343
1036
1011
1139
1160
980
593
210
15
25
169
272
-271
-1802
-3359
-3776
-3180
-2573
-2241
-2414
-3404
-4542
-4579
-3545
-2479
-1604
-973
-891
-1265
-1252
-696
-112
523
1291
1816
1615
1128
797
733
997
1562
2013
1828
1200
542
218
213
496
848
917
473
-165
-365
-93
479
1109
1564
1545
1278
1155
1224
1479
1823
2130
2150
1875
1411
1044
969
1037
1168
1158
857
345
-70
-215
-37
411
207
-1238
-2991
-3672
-3250
-2673
-2276
-2325
-3071
-4190
-4554
-3746
-2696
-2022
-1564
-1106
-1067
-1192
-907
-314
235
791
1514
1798
1472
981
869
1095
1471
1943
2087
1613
793
358
352
409
417
481
481
262
28
-39
120
418
857
1302
1540
1518
1414
1445
1597
1820
2014
2059
1845
1501
1249
1136
1080
1003
873
640
347
79
-5
89
-191
-1380
-2846
-3484
-3237
-2775
-2407
-2342
-3010
-4023
-4398
-3851
-2954
-2138
-1464
-1081
-1042
-1141
-971
-517
15
617
1285
1735
1620
1193
878
893
1209
1699
2072
1978
1410
702
306
319
477
561
571
464
183
-51
-4
283
630
987
1307
1455
1390
1248
1260
1458
1704
1873
1884
1657
1278
1018
960
934
805
640
468
227
-60
-183
-124
-448
-1441
-2449
-2766
-2621
-2493
-2362
-2321
-2716
-3381
-3600
-3179
-2612
-2173
-1761
-1372
-1231
-1221
-1042
-689
-334
105
751
1288
1420
1265
1154
1181
1335
1643
1962
1999
1607
1095
783
670
609
586
528
263
-50
-131
27
190
314
484
671
831
972
1116
1192
1219
1308
1469
1590
1555
1396
1175
968
805
683
626
602
497
238
8
-72
-250
-811
-1596
-2121
-2221
-2107
-2020
-2028
-2219
-2609
-2934
-2862
-2433
-2015
-1743
-1502
-1314
-1271
-1246
-1008
-641
-311
62
571
982
1061
973
996
1145
1318
1551
1774
1745
1403
1057
903
801
664
605
577
359
17
-156
-50
140
310
509
666
678
609
665
843
977
1045
1161
1293
1242
1024
846
794
771
735
711
622
381
79
-45
21
-36
-450
-1055
-1564
-1879
-1953
-1794
-1613
-1695
-2025
-2327
-2415
-2263
-1963
-1659
-1454
-1356
-1312
-1244
-1063
-813
-561
-266
140
542
795
912
985
1062
1151
1287
1438
1481
1358
1166
1021
909
782
639
462
252
114
134
242
295
263
226
281
460
702
889
936
883
829
850
903
935
952
944
865
727
604
522
460
392
301
160
0
-129
-252
-480
-858
-1275
-1557
-1660
-1659
-1591
-1510
-1534
-1717
-1913
-1962
-1850
-1664
-1458
-1248
-1070
-944
-836
-717
-578
-374
-50
335
623
720
710
717
790
928
1088
1177
1126
981
820
672
558
504
457
348
222
200
304
431
508
532
550
595
675
765
820
831
826
830
832
826
827
823
778
684
573
448
304
186
114
75
24
-33
-75
-166
-423
-830
-1175
-1296
-1246
-1148
-1086
-1181
-1452
-1721
-1798
-1710
-1569
-1394
-1205
-1076
-1029
-970
-850
-719
-596
-411
-149
130
348
454
460
443
478
591
754
867
854
756
661
603
546
454
381
401
498
593
639
623
522
428
470
653
823
886
871
836
788
752
786
835
809
713
623
552
474
396
340
288
216
145
102
33
-90
-251
-482
-774
-1009
-1070
-1037
-1016
-1031
-1111
-1270
-1429
-1475
-1418
-1346
-1271
-1168
-1066
-1014
-988
-913
-782
-622
-449
-269
-125
-28
78
221
376
501
597
683
725
702
640
576
522
496
524
570
596
604
603
581
535
502
504
531
576
623
640
631
629
645
663
675
682
675
643
590
513
424
364
349
356
341
277
155
6
-105
-178
-278
-445
-624
-764
-852
-890
-890
-926
-1039
-1174
-1251
-1251
-1225
-1187
-1135
-1084
-1054
-1025
-954
-863
-760
-610
-394
-170
-13
71
116
169
262
416
581
682
675
587
477
423
457
542
608
614
574
505
457
478
554
622
653
666
673
672
663
655
664
663
644
632
629
614
576
551
548
512
399
263
175
135
113
107
69
-98
-378
-617
-708
-691
-651
-653
-756
-973
-1213
-1330
-1303
-1232
-1195
-1195
-1204
-1213
-1191
-1109
-998
-892
-778
-625
-434
-249
-97
36
156
265
373
495
614
675
662
622
585
547
521
534
566
563
527
505
506
504
499
536
620
694
728
726
694
657
652
704
765
766
680
565
493
491
527
550
537
471
360
221
92
-7
-71
-113
-183
-346
-597
-828
-964
-990
-954
-919
-969
-1137
-1321
-1389
-1325
-1232
-1154
-1079
-1025
-1004
-953
-824
-675
-564
-445
-279
-113
-2
80
183
303
391
441
483
494
446
399
433
504
517
478
458
463
456
469
522
555
524
486
518
605
687
756
820
831
763
674
675
761
833
836
802
713
540
387
372
428
406
302
178
24
-169
-335
-453
-594
-790
-950
-1029
-1072
-1117
-1145
-1159
-1203
-1256
-1261
-1201
-1125
-1042
-932
-832
-783
-757
-686
-555
-399
-226
-62
54
105
136
207
284
332
359
375
367
331
302
313
343
370
398
438
473
474
470
511
596
685
757
815
839
812
798
838
897
904
855
785
712
649
631
641
584
428
223
48
-59
-104
-110
-131
-232
-406
-576
-688
-747
-780
-800
-815
-857
-924
-982
-1011
-1032
-1048
-1035
-988
-936
-896
-847
-783
-724
-667
-595
-492
-369
-228
-72
59
133
145
137
170
267
394
491
506
446
359
302
308
364
420
450
463
503
585
676
741
788
822
861
907
947
957
911
852
816
799
769
690
571
456
361
278
198
95
-19
-119
-192
-243
-320
-447
-610
-761
-861
-894
-884
-864
-875
-938
-1022
-1082
-1088
-1046
-988
-934
-894
-860
-814
-739
-646
-542
-444
-339
-221
-113
-34
12
51
109
182
256
309
332
329
320
326
348
386
434
496
560
620
672
715
757
805
851
885
914
923
914
902
883
850
787
699
602
524
470
426
363
258
106
-55
-174
-208
-188
-183
-252
-384
-528
-630
-671
-671
-670
-713
-786
-848
-877
-892
-923
-959
-980
-981
-948
-881
-820
-792
-776
-727
-635
-535
-435
-329
-227
-136
-46
46
125
178
234
314
393
443
473
510
547
575
603
638
661
675
714
778
824
821
801
781
757
739
743
752
723
667
626
598
540
468
428
397
346
291
248
176
55
-74
-175
-254
-335
-405
-475
-582
-730
-860
-919
-927
-938
-974
-1030
-1093
-1136
-1119
-1043
-959
-916
-889
-820
-710
-590
-484
-384
-296
-210
-96
31
132
176
200
250
344
443
500
514
518
535
566
606
649
660
640
636
675
707
689
652
648
674
697
716
726
686
613
582
615
633
568
467
361
258
175
128
89
-10
-138
-237
-285
-340
-418
-510
-618
-725
-797
-813
-822
-868
-933
-979
-1011
-1030
-1021
-982
-947
-901
-825
-720
-627
-572
-527
-461
-360
-227
-79
58
149
184
206
260
340
428
509
570
597
594
597
617
642
666
695
714
697
652
636
666
708
721
704
654
592
570
609
666
682
622
520
420
358
348
343
301
193
47
-83
-171
-247
-337
-436
-543
-663
-787
-883
-942
-987
-1029
-1071
-1113
-1158
-1191
-1191
-1152
-1087
-998
-905
-812
-729
-658
-569
-439
-276
-104
46
150
216
261
327
423
526
606
641
636
611
586
586
608
641
670
667
639
608
597
618
661
710
733
718
687
668
664
673
678
660
613
544
481
430
388
331
251
136
-2
-125
-211
-264
-312
-390
-529
-711
-881
-981
-994
-970
-976
-1046
-1162
-1275
-1320
-1274
-1156
-1029
-926
-854
-795
-726
-623
-489
-326
-158
6
147
241
297
342
410
508
603
654
645
594
543
530
565
618
647
637
603
578
580
613
658
700
717
707
678
642
615
592
583
574
560
527
472
407
345
306
264
206
118
6
-99
-181
-232
-298
-414
-592
-797
-952
-1016
-1017
-1020
-1075
-1184
-1305
-1370
-1351
-1255
-1137
-1040
-973
-899
-789
-659
-524
-380
-226
-58
116
273
397
467
496
527
597
683
740
740
687
611
546
518
538
587
628
636
627
628
642
679
725
754
764
751
728
694
641
589
555
557
566
555
496
387
257
159
113
92
52
-43
-191
-384
-619
-848
-999
-1040
-1038
-1057
-1117
-1228
-1391
-1535
-1540
-1367
-1156
-1032
-993
-969
-940
-892
-750
-496
-234
-69
41
168
284
317
330
430
603
729
751
721
656
555
468
495
606
664
620
565
558
563
563
609
730
837
857
830
801
734
635
611
708
804
775
654
540
437
356
336
354
292
125
-30
-112
-179
-329
-560
-834
-1083
-1194
-1162
-1121
-1210
-1413
-1606
-1706
-1656
-1468
-1245
-1109
-1060
-1003
-896
-776
-649
-485
-270
-35
166
283
309
305
345
480
678
817
763
532
338
326
443
542
582
561
465
367
400
577
725
763
798
895
966
951
942
989
1023
1014
1012
1002
891
691
537
499
510
458
299
98
-55
-120
-127
-123
-186
-419
-812
-1163
-1292
-1275
-1268
-1281
-1318
-1459
-1660
-1727
-1592
-1412
-1273
-1121
-965
-917
-946
-885
-695
-494
-323
-107
119
228
211
228
360
514
619
709
758
632
378
242
360
566
655
614
519
404
330
418
667
914
1017
1012
1016
1071
1139
1189
1224
1244
1212
1105
964
844
765
738
736
688
542
345
154
-8
-112
-157
-277
-633
-1146
-1523
-1592
-1491
-1419
-1434
-1555
-1793
-2004
-1971
-1710
-1439
-1264
-1146
-1043
-984
-975
-903
-684
-374
-90
117
211
183
88
72
242
523
724
751
670
524
288
76
100
371
634
713
649
512
348
319
584
1018
1322
1351
1242
1172
1158
1175
1301
1490
1534
1372
1168
1024
889
766
709
684
579
321
16
-184
-296
-428
-649
-1028
-1477
-1708
-1638
-1507
-1479
-1564
-1777
-1990
-1988
-1746
-1396
-1137
-1086
-1091
-1000
-904
-826
-634
-392
-242
-126
-20
-28
-107
-99
46
283
478
506
425
333
288
345
437
398
322
428
654
799
819
775
732
804
1020
1291
1460
1430
1287
1223
1275
1314
1292
1249
1189
1092
978
858
746
657
598
564
564
506
306
45
-196
-534
-1042
-1461
-1556
-1465
-1462
-1614
-1828
-2069
-2307
-2339
-2022
-1600
-1405
-1411
-1432
-1424
-1384
-1187
-820
-467
-271
-176
-83
-48
-105
-81
129
371
490
511
468
351
238
253
351
359
295
384
651
839
832
793
878
1056
1274
1522
1719
1706
1519
1411
1482
1588
1595
1539
1445
1272
1066
940
891
805
672
604
557
393
152
-29
-223
-592
-1068
-1402
-1514
-1550
-1602
-1698
-1900
-2212
-2436
-2358
-2033
-1720
-1565
-1522
-1502
-1473
-1390
-1192
-913
-687
-538
-392
-269
-236
-240
-126
116
335
441
462
426
349
306
342
376
314
279
438
718
901
939
935
950
1060
1311
1595
1710
1618
1468
1420
1505
1621
1671
1645
1532
1327
1110
1009
1023
1001
888
784
695
506
273
158
-28
-585
-1249
-1529
-1492
-1552
-1722
-1832
-2022
-2381
-2578
-2345
-1953
-1797
-1799
-1713
-1592
-1569
-1510
-1250
-941
-770
-641
-446
-308
-344
-360
-156
135
286
311
320
281
207
266
467
607
615
568
506
470
610
957
1296
1437
1406
1335
1331
1463
1693
1894
1925
1764
1561
1443
1408
1372
1330
1293
1220
1117
1000
845
655
507
471
509
462
118
-559
-1324
-1754
-1670
-1386
-1378
-1737
-2201
-2589
-2783
-2602
-2120
-1772
-1743
-1777
-1723
-1687
-1649
-1423
-1029
-710
-575
-512
-465
-500
-514
-279
123
366
363
274
209
201
302
513
729
806
667
469
508
809
1132
1338
1435
1392
1275
1300
1529
1786
1897
1845
1719
1576
1400
1260
1301
1446
1442
1264
1049
839
675
652
726
740
642
444
158
-285
-926
-1477
-1606
-1452
-1432
-1609
-1886
-2293
-2678
-2701
-2345
-1966
-1798
-1799
-1858
-1905
-1906
-1750
-1354
-888
-606
-499
-466
-520
-562
-393
-18
318
440
365
204
106
156
358
621
746
638
496
570
809
1034
1209
1350
1413
1416
1477
1626
1773
1835
1822
1786
1740
1646
1530
1473
1450
1358
1185
1034
922
821
739
700
643
494
299
142
-71
-526
-1130
-1467
-1430
-1375
-1565
-1863
-2157
-2463
-2606
-2403
-2032
-1866
-1944
-2010
-1931
-1797
-1642
-1377
-1064
-863
-795
-709
-578
-511
-446
-242
51
215
211
178
208
288
415
620
806
801
586
459
667
1077
1383
1482
1447
1356
1333
1481
1730
1876
1841
1738
1653
1549
1423
1397
1487
1493
1293
1072
961
866
724
668
708
643
417
226
102
-264
-949
-1492
-1526
-1350
-1445
-1796
-2132
-2434
-2687
-2641
-2236
-1853
-1796
-1886
-1886
-1832
-1774
-1564
-1145
-769
-656
-691
-664
-585
-484
-274
64
307
315
206
164
229
349
516
659
695
644
662
771
845
865
1035
1412
1703
1713
1579
1488
1457
1548
1796
2009
1901
1510
1190
1145
1222
1232
1222
1213
1089
813
586
543
575
540
486
426
180
-408
-1153
-1628
-1662
-1472
-1419
-1673
-2161
-2644
-2848
-2665
-2231
-1843
-1695
-1754
-1872
-1921
-1812
-1502
-1055
-660
-481
-502
-607
-650
-524
-203
189
434
438
278
126
108
262
524
701
687
561
522
670
940
1228
1430
1522
1531
1503
1517
1633
1791
1856
1787
1678
1552
1404
1292
1292
1351
1282
1089
916
822
726
628
648
688
570
275
-6
-280
-725
-1222
-1468
-1393
-1378
-1632
-2007
-2340
-2558
-2577
-2285
-1914
-1790
-1907
-1983
-1894
-1728
-1488
-1156
-841
-697
-689
-690
-649
-545
-320
17
262
272
140
80
167
331
521
707
800
692
489
466
737
1120
1398
1528
1494
1332
1233
1418
1774
1944
1835
1647
1512
1390
1295
1319
1417
1417
1257
1058
898
756
647
658
764
761
518
179
-117
-490
-982
-1311
-1307
-1292
-1550
-1889
-2103
-2333
-2545
-2413
-2010
-1829
-1945
-1994
-1888
-1826
-1726
-1392
-1003
-840
-836
-785
-694
-613
-432
-135
109
179
135
105
133
227
379
559
716
740
581
430
556
938
1307
1478
1458
1302
1168
1286
1656
1943
1918
1731
1602
1529
1455
1433
1486
1508
1378
1135
931
833
813
838
874
808
563
255
37
-175
-591
-1108
-1396
-1380
-1368
-1593
-1952
-2269
-2465
-2469
-2237
-1980
-1968
-2119
-2106
-1882
-1672
-1506
-1251
-982
-868
-850
-781
-671
-562
-381
-133
22
26
13
92
230
380
527
608
563
508
593
781
954
1124
1311
1413
1392
1373
1472
1646
1783
1814
1731
1583
1468
1448
1526
1609
1572
1387
1139
949
892
935
960
899
750
524
288
143
39
-259
-780
-1224
-1385
-1423
-1567
-1818
-2102
-2340
-2417
-2296
-2119
-2027
-1986
-1927
-1837
-1734
-1607
-1424
-1197
-991
-863
-789
-716
-592
-413
-206
-36
64
115
145
182
242
342
483
598
597
526
556
740
979
1175
1313
1337
1276
1285
1427
1606
1727
1781
1746
1630
1514
1477
1534
1606
1566
1366
1127
958
877
845
817
759
665
513
273
2
-239
-542
-967
-1313
-1384
-1351
-1532
-1882
-2149
-2316
-2411
-2292
-1985
-1845
-1968
-2006
-1829
-1664
-1553
-1305
-1002
-871
-864
-798
-674
-564
-403
-172
9
55
44
97
206
324
473
592
564
453
507
757
1005
1144
1208
1216
1216
1339
1549
1700
1743
1766
1744
1626
1515
1521
1598
1646
1625
1467
1153
866
820
968
1037
894
662
467
282
94
-48
-246
-665
-1172
-1432
-1427
-1490
-1739
-1982
-2141
-2284
-2353
-2224
-2020
-1934
-1912
-1826
-1735
-1684
-1545
-1257
-976
-826
-756
-699
-624
-491
-295
-107
10
48
45
77
188
338
490
655
752
654
494
585
935
1252
1383
1418
1355
1221
1285
1618
1879
1829
1667
1565
1470
1387
1438
1559
1528
1330
1112
944
823
795
862
875
722
467
237
60
-125
-416
-825
-1171
-1307
-1360
-1525
-1783
-2007
-2184
-2290
-2194
-1956
-1821
-1848
-1854
-1785
-1705
-1559
-1297
-1040
-918
-888
-855
-795
-655
-421
-177
-18
43
51
55
100
217
372
473
496
514
570
649
754
919
1100
1235
1330
1401
1443
1503
1613
1721
1771
1746
1662
1567
1508
1459
1378
1279
1210
1135
1023
920
834
737
626
542
441
258
18
-264
-634
-1036
-1280
-1326
-1364
-1524
-1797
-2123
-2321
-2218
-1944
-1788
-1788
-1822
-1860
-1873
-1771
-1528
-1226
-976
-852
-836
-844
-794
-616
-328
-70
18
0
-1
36
126
273
435
551
618
645
665
725
763
777
992
1415
1647
1533
1414
1463
1511
1603
1828
1941
1757
1520
1412
1298
1157
1176
1323
1333
1118
812
568
465
522
627
595
335
-51
-481
-929
-1223
-1216
-1133
-1266
-1540
-1857
-2234
-2425
-2218
-1916
-1824
-1789
-1747
-1859
-1938
-1730
-1402
-1159
-921
-755
-817
-907
-777
-521
-284
-55
73
32
-5
73
186
318
451
488
479
566
692
784
937
1116
1194
1264
1391
1451
1495
1669
1810
1721
1595
1613
1667
1669
1628
1494
1286
1144
1060
952
858
815
733
584
412
204
18
-3
-13
-353
-919
-1232
-1208
-1194
-1349
-1581
-1874
-2129
-2141
-1971
-1866
-1867
-1826
-1757
-1740
-1730
-1625
-1398
-1132
-951
-914
-924
-880
-723
-472
-236
-105
-53
2
63
151
279
369
434
566
685
686
704
853
1010
1135
1312
1459
1468
1490
1641
1734
1699
1698
1751
1711
1597
1513
1418
1298
1230
1187
1080
923
776
665
601
529
365
191
109
-8
-303
-696
-1037
-1257
-1320
-1305
-1409
-1668
-1921
-2042
-2039
-1956
-1860
-1793
-1742
-1721
-1732
-1702
-1560
-1337
-1101
-921
-848
-839
-778
-614
-399
-188
-33
44
77
119
178
237
333
483
618
673
704
762
825
928
1109
1298
1375
1395
1460
1520
1530
1572
1686
1748
1693
1604
1524
1430
1339
1261
1162
1045
945
839
709
574
429
268
127
33
-98
-358
-740
-1073
-1190
-1145
-1159
-1327
-1572
-1815
-1996
-2019
-1860
-1671
-1621
-1683
-1725
-1708
-1660
-1554
-1341
-1093
-944
-908
-899
-828
-673
-447
-202
-41
21
56
115
169
233
375
570
699
719
708
722
783
908
1098
1267
1343
1373
1427
1483
1498
1520
1600
1672
1644
1527
1416
1351
1302
1245
1157
1026
877
751
636
502
355
228
129
29
-117
-353
-666
-956
-1102
-1113
-1149
-1315
-1535
-1704
-1817
-1866
-1815
-1718
-1681
-1681
-1628
-1568
-1574
-1535
-1339
-1097
-957
-887
-816
-743
-647
-472
-275
-136
-22
104
176
175
227
387
547
646
734
806
809
821
948
1136
1277
1355
1399
1405
1410
1453
1506
1538
1565
1561
1470
1335
1228
1142
1063
1003
950
825
640
492
392
283
161
80
-4
-158
-363
-574
-790
-960
-1014
-1017
-1105
-1282
-1440
-1553
-1637
-1655
-1587
-1510
-1489
-1497
-1509
-1513
-1486
-1382
-1202
-1015
-888
-827
-770
-662
-515
-365
-217
-75
50
136
211
272
284
292
399
600
748
775
784
853
927
1002
1126
1266
1334
1343
1375
1392
1344
1304
1347
1397
1347
1238
1136
1027
908
842
807
714
553
391
257
135
44
-21
-102
-209
-330
-464
-596
-691
-757
-827
-900
-975
-1076
-1192
-1265
-1283
-1293
-1308
-1302
-1277
-1271
-1274
-1260
-1203
-1112
-1001
-896
-831
-776
-703
-592
-467
-349
-246
-155
-70
6
76
157
244
327
407
472
525
589
669
746
805
855
909
972
1038
1098
1138
1159
1173
1183
1180
1162
1139
1103
1060
1014
962
894
806
723
656
592
528
450
354
247
137
28
-82
-198
-324
-449
-563
-669
-782
-902
-1013
-1107
-1174
-1224
-1266
-1302
-1338
-1363
-1368
-1357
-1330
-1296
-1249
-1187
-1117
-1045
-963
-874
-780
-686
-586
-477
-368
-263
-154
-59
31
128
241
359
470
569
662
763
869
974
1065
1137
1196
1260
1325
1380
1409
1407
1391
1367
1337
1304
1253
1199
1137
1061
970
868
762
661
570
483
380
253
110
-34
-173
-302
-426
-546
-669
-798
-934
-1062
-1178
-1265
-1321
-1361
-1396
-1437
-1481
-1501
-1481
-1427
-1360
-1296
-1240
-1181
-1105
-1009
-907
-806
-701
-602
-505
-407
-305
-199
-96
4
103
202
304
410
519
630
734
827
914
1007
1099
1190
1269
1330
1375
1401
1420
1426
1417
1396
1356
1305
1248
1176
1100
1009
911
806
705
609
507
392
265
126
-17
-153
-280
-402
-525
-649
-777
-907
-1023
-1120
-1193
-1242
-1280
-1312
-1353
-1392
-1417
-1419
-1395
-1353
-1308
-1267
-1228
-1185
-1125
-1046
-946
-831
-711
-599
-497
-394
-280
-154
-23
106
220
320
414
514
624
737
848
951
1038
1119
1202
1278
1344
1395
1424
1430
1422
1407
1389
1357
1308
1242
1160
1076
991
905
814
707
594
473
349
227
102
-26
-159
-292
-420
-542
-654
-761
-869
-970
-1065
-1148
-1211
-1261
-1303
-1339
-1366
-1385
-1391
-1377
-1353
-1316
-1262
-1201
-1130
-1053
-970
-881
-787
-683
-574
-454
-333
-220
-114
-14
92
206
331
453
567
661
748
828
908
1001
1087
1160
1212
1245
1269
1290
1315
1334
1344
1328
1293
1243
1189
1139
1084
1019
933
827
706
588
475
365
251
120
-20
-165
-306
-439
-555
-667
-777
-889
-1000
-1099
-1179
-1238
-1281
-1315
-1351
-1378
-1393
-1391
-1369
-1328
-1281
-1227
-1165
-1100
-1026
-937
-832
-725
-615
-511
-409
-296
-187
-69
50
167
275
376
478
580
680
780
871
955
1026
1091
1152
1207
1252
1289
1318
1337
1341
1335
1322
1296
1258
1207
1144
1072
991
896
791
674
550
422
290
156
22
-116
-259
-394
-526
-652
-770
-879
-977
-1065
-1145
-1217
-1272
-1315
-1348
-1364
-1367
-1360
-1342
-1312
-1274
-1225
-1163
-1092
-1015
-934
-845
-754
-655
-552
-446
-338
-229
-121
-15
90
198
303
408
514
615
711
802
891
974
1047
1116
1174
1221
1263
1294
1316
1323
1321
1303
1275
1238
1188
1129
1053
970
876
774
662
547
427
300
169
38
-94
-223
-352
-476
-597
-708
-814
-914
-1001
-1078
-1144
-1199
-1242
-1272
-1289
-1293
-1285
-1266
-1235
-1196
-1147
-1088
-1020
-945
-863
-777
-690
-601
-505
-403
-300
-192
-89
15
118
221
325
425
523
618
707
791
869
941
1003
1060
1107
1145
1175
1191
1202
1197
1185
1164
1129
1086
1034
967
892
807
711
610
502
389
272
156
34
-85
-203
-318
-428
-533
-631
-723
-808
-884
-951
-1007
-1053
-1094
-1117
-1132
-1134
-1127
-1112
-1086
-1053
-1011
-963
-906
-845
-779
-704
-628
-546
-461
-374
-285
-189
-92
5
102
201
296
391
484
571
657
737
809
876
934
985
1026
1061
1084
1098
1105
1098
1081
1057
1023
979
927
865
794
714
634
542
446
348
246
141
34
-74
-185
-293
-397
-501
-596
-687
-777
-856
-924
-983
-1030
-1065
-1091
-1104
-1107
-1097
-1079
-1049
-1011
-965
-913
-855
-788
-718
-642
-562
-478
-392
-305
-214
-121
-30
64
155
244
333
420
499
579
653
724
790
849
904
947
987
1017
1038
1050
1052
1044
1027
998
960
911
852
785
712
634
549
460
369
274
178
84
-12
-105
-200
-295
-387
-475
-556
-633
-708
-774
-831
-879
-914
-945
-969
-979
-985
-979
-967
-948
-925
-899
-862
-819
-772
-716
-655
-588
-519
-441
-357
-273
-185
-93
-3
88
179
267
353
431
508
578
648
715
773
829
873
909
941
966
986
994
996
982
961
928
889
846
792
731
661
582
497
410
319
228
133
33
-66
-162
-255
-346
-430
-515
-593
-663
-723
-776
-820
-852
-879
-900
-912
-915
-912
-895
-874
-852
-822
-784
-744
-696
-644
-589
-530
-465
-399
-327
-250
-174
-95
-16
63
141
223
300
375
446
515
584
645
702
752
796
835
863
884
894
899
894
880
858
827
790
738
684
623
557
484
408
329
245
163
78
-8
-90
-174
-252
-326
-399
-463
-523
-579
-627
-664
-699
-727
-748
-765
-777
-783
-785
-781
-770
-752
-733
-702
-666
-627
-580
-529
-470
-412
-348
-280
-210
-142
-72
-2
69
138
204
275
341
407
469
531
587
636
681
717
750
773
784
790
791
783
766
747
715
682
641
599
555
500
448
389
325
259
187
117
45
-33
-110
-185
-256
-329
-393
-452
-504
-554
-598
-633
-663
-688
-708
-722
-727
-732
-731
-723
-710
-687
-662
-627
-588
-547
-498
-446
-391
-335
-280
-221
-163
-107
-52
3
59
116
176
239
301
365
428
492
547
597
644
683
717
739
753
762
763
756
743
727
706
675
639
596
546
493
432
368
298
223
145
68
-9
-88
-163
-236
-304
-369
-430
-481
-524
-568
-605
-636
-659
-677
-691
-700
-700
-697
-690
-671
-654
-627
-599
-563
-519
-478
-431
-377
-323
-269
-215
-153
-93
-34
22
80
139
193
245
301
353
400
445
489
532
565
594
618
642
658
666
670
670
664
646
627
603
570
535
492
445
390
331
273
208
144
75
10
-57
-121
-183
-242
-298
-351
-399
-444
-482
-515
-542
-562
-582
-590
-596
-597
-594
-589
-575
-557
-539
-519
-493
-465
-434
-403
-366
-326
-283
-240
-196
-147
-99
-47
3
56
109
156
206
253
300
342
381
423
460
494
520
543
564
586
597
600
602
603
596
577
560
538
507
468
426
379
328
267
206
151
87
17
-50
-110
-174
-240
-293
-339
-384
-427
-462
-488
-508
-525
-537
-544
-544
-542
-537
-525
-508
-492
-472
-449
-426
-401
-376
-347
-315
-283
-249
-215
-175
-135
-94
-49
-6
42
90
137
183
227
275
318
358
398
431
461
484
505
522
534
540
545
544
537
523
504
484
456
426
390
349
303
251
199
147
90
37
-19
-74
-123
-172
-214
-253
-286
-315
-341
-362
-380
-395
-408
-418
-429
-437
-442
-449
-453
-452
-449
-443
-434
-418
-402
-381
-356
-324
-290
-251
-212
-167
-120
-73
-27
18
62
105
149
190
227
264
299
327
353
380
402
419
435
449
458
463
465
466
459
451
437
417
393
365
337
303
266
224
184
140
99
58
10
-31
-73
-114
-155
-194
-224
-256
-288
-312
-336
-358
-375
-390
-400
-406
-409
-409
-407
-407
-399
-386
-374
-358
-336
-314
-291
-265
-239
-205
-173
-138
-101
-63
-28
11
49
84
119
152
183
219
245
272
296
314
333
346
357
366
371
372
369
362
350
336
321
303
282
262
237
210
185
158
132
104
78
53
25
-3
-30
-56
-84
-109
-134
-155
-178
-200
-217
-236
-251
-265
-274
-285
-293
-298
-299
-297
-299
-295
-290
-281
-270
-255
-240
-221
-201
-178
-155
-129
-101
-76
-51
-21
7
33
58
83
107
133
159
180
205
225
246
264
282
297
307
318
322
325
322
317
306
293
276
256
231
205
176
147
116
81
49
13
-20
-50
-80
-106
-131
-159
-176
-194
-210
-221
-232
-239
-247
-251
-253
-255
-250
-249
-245
-239
-230
-221
-213
-203
-189
-174
-159
-142
-125
-104
-85
-65
-41
-18
7
28
52
75
96
115
134
152
169
182
194
206
215
223
228
232
236
233
230
227
221
215
206
194
182
166
152
134
115
96
75
55
32
13
-6
-27
-49
-69
-85
-102
-119
-133
-146
-157
-164
-172
-180
-185
-190
-191
-191
-192
-187
-186
-184
-180
-174
-167
-160
-155
-147
-138
-127
-113
-103
-91
-76
-58
-43
-23
-5
12
28
47
69
89
107
120
136
149
161
173
185
193
202
210
215
219
222
221
218
212
204
195
185
174
155
139
120
97
76
51
29
5
-16
-43
-64
-83
-101
-117
-134
-150
-163
-171
-181
-187
-195
-197
-198
-195
-192
-187
-183
-176
-167
-159
-149
-137
-127
-114
-101
-88
-71
-59
-42
-29
-13
7
21
34
49
62
75
88
99
108
117
126
132
136
141
146
150
150
147
147
146
142
137
131
124
116
106
96
84
71
57
48
36
19
7
-9
-21
-30
-40
-51
-61
-71
-80
-85
-92
-99
-105
-110
-113
-115
-116
-118
-116
-116
-111
-107
-100
-98
-91
-80
-72
-64
-53
-43
-39
-30
-25
-17
-11
-5
1
6
11
22
31
38
46
53
61
65
76
82
88
94
95
102
104
104
106
105
106
102
93
92
84
77
71
60
54
45
35
26
14
2
-5
-17
-25
-32
-40
-49
-58
-66
-71
-76
-82
-86
-90
-94
-94
-93
-93
-91
-87
-82
-76
-71
-65
-60
-54
-47
-40
-34
-30
-26
-22
-20
-18
-12
-5
-5
0
6
9
16
23
30
33
41
45
51
57
60
66
65
66
69
68
69
70
67
67
61
58
57
54
50
44
37
33
27
23
19
14
8
4
-3
-6
-11
-14
-16
-26
-32
-33
-37
-40
-44
-47
-49
-50
-49
-50
-49
-50
-47
-44
-41
-38
-38
-38
-32
-27
-20
-17
-16
-15
-14
-10
-3
2
1
4
7
7
8
16
21
19
19
21
21
26
31
31
28
27
27
29
31
30
27
24
20
23
23
19
19
19
14
13
13
10
7
2
0
-4
-4
-8
-15
-15
-20
-20
-21
-19
-21
-27
-26
-24
-22
-18
-20
-21
-23
-24
-19
-17
-15
-14
-18
-15
-13
-7
-5
-3
-2
-3
-1
2
5
4
2
1
2
3
8
11
11
9
7
9
10
12
11
7
7
7
9
12
14
11
10
10
14
16
18
16
14
12
13
12
12
10
7
3
0
-2
-3
-4
-8
-10
-13
-15
-14
-14
-13
-11
-12
-14
-14
-12
-9
-9
-11
-8
-7
-7
-4
-3
-4
-5
-6
-6
-3
-1
-1
-4
-2
-1
1
1
3
4
5
8
8
10
9
7
5
9
6
8
6
5
7
3
5
4
5
7
6
3
1
1
1
1
-2
-2
-4
-4
-2
-4
-3
-1
-2
-7
-5
-5
-5
-6
-7
-7
-8
-6
-4
-4
-4
-1
-1
-2
-2
-1
-4
-6
-3
-5
-8
-7
-4
-8
-5
-4
-5
-4
-1
1
1
4
3
3
4
7
8
7
8
9
8
7
6
6
7
5
3
3
3
1
3
3
6
5
4
6
6
6
5
4
3
4
0
0
3
1
-2
-5
-6
-7
-5
-6
-6
-6
-6
-7
-8
-4
-3
-2
-5
-5
-5
-3
0
-3
-6
-4
-3
-1
0
0
-2
-7
-8
-7
-4
-3
-2
-7
-6
-5
-3
2
0
-1
-2
-1
0
4
4
1
3
0
2
4
7
4
3
5
5
7
8
8
6
6
5
7
7
5
3
-1
0
2
2
2
0
1
1
1
2
-2
-3
-3
-5
-5
-5
-2
-4
-2
-3
-1
1
3
0
0
1
-3
-2
-2
-4
-5
-4
-3
-3
0
0
1
-1
0
0
0
1
-1
1
-4
-4
-2
-3
-1
-3
-4
-4
-1
2
3
2
4
2
0
3
1
2
2
0
-2
1
1
1
0
-1
2
1
2
3
1
2
0
-1
-1
0
2
1
0
-2
1
1
1
-1
1
0
1
-1
-1
0
-2
-1
0
0
3
1
2
4
-1
-3
-4
-2
-2
-1
-3
-3
0
-3
1
2
1
2
1
0
-2
-2
0
-3
-3
-2
-2
-1
0
-1
-1
0
-1
2
5
1
-1
0
0
0
1
-1
0
1
-1
0
1
1
-2
0
-1
0
-1
-2
-1
0
-2
-1
0
2
-1
1
2
-1
1
0
0
-2
-1
-4
-3
-2
-1
0
0
1
2
1
2
5
3
3
3
0
1
0
1
-2
-2
0
-3
2
-2
1
2
1
2
-1
-1
0
0
-1
0
-1
-2
1
1
3
2
0
1
2
2
2
0
0
0
-1
-1
-1
-3
-3
-1
-1
-2
-1
0
-1
-3
-2
-2
-4
-5
-5
-6
-4
-4
-2
-3
-3
-1
-1
1
2
4
5
2
2
4
4
2
2
0
1
-1
2
1
-1
1
-1
-2
-3
-1
1
1
0
-2
1
2
0
0
1
3
4
0
0
0
2
3
3
3
-1
0
-3
-3
-2
-3
-3
-2
-1
-1
2
0
-1
-1
2
-1
2
1
-1
1
-1
-1
2
1
2
1
2
0
-2
-2
0
1
1
3
1
0
1
1
1
-3
-2
-1
-2
-3
-3
-2
-1
-2
-6
-3
-3
-1
0
1
4
3
1
-1
-1
3
0
-1
2
1
1
-2
-1
-1
0
1
0
1
-3
-2
0
-1
-2
-1
-1
-1
0
-2
-2
1
3
2
3
5
3
1
0
-2
0
1
-3
-1
1
2
1
2
4
3
3
4
2
1
-1
2
-2
-1
0
0
1
-1
0
3
0
0
3
3
3
1
0
-2
0
0
-3
-4
-4
-4
-2
-2
-3
-4
-5
-6
-7
-7
-4
-4
-1
-1
-3
-1
-3
-1
-1
2
1
3
2
2
4
0
0
1
2
3
4
2
1
0
0
2
2
2
0
2
3
3
2
1
2
1
-1
2
3
2
4
3
1
3
3
4
4
3
0
-2
1
-3
-4
-2
-2
-5
-2
-2
-3
-1
-4
-1
-1
-1
2
-2
-2
-1
-2
-3
-4
1
1
-1
-1
-2
1
2
-1
-2
-1
0
2
-1
-2
-1
0
1
-2
0
1
2
5
5
4
6
4
3
4
-1
-2
-2
-3
0
-1
-2
-3
-2
0
-1
0
0
-1
-2
-2
0
-3
-3
-1
-3
-1
3
1
2
-2
0
1
1
1
1
1
-1
0
1
2
0
2
1
2
0
0
-1
-2
-4
-2
-4
-3
-1
-1
-2
1
2
2
1
3
5
4
2
2
3
0
2
3
0
0
0
0
1
0
0
1
0
-1
-2
0
-2
-3
1
2
0
1
0
1
0
-3
-4
-4
-3
-4
-5
-4
-3
-2
-2
-3
-2
-1
-2
2
2
1
3
1
3
4
3
2
0
-1
-1
0
2
-1
1
1
1
1
2
2
2
-1
1
2
2
1
0
0
1
3
0
3
2
3
2
1
1
4
2
0
1
-1
0
1
3
2
0
0
2
-1
-2
-4
-6
-4
-4
-5
-3
-4
-3
-1
0
1
0
-1
0
0
1
-2
-2
-2
-3
-2
-5
-7
-5
-5
-3
-1
-2
0
2
1
1
2
5
6
3
3
1
5
2
1
2
0
-1
3
4
5
6
3
5
3
1
2
1
2
1
1
1
-3
-3
-4
-4
-2
-4
0
-2
-2
-3
0
-1
0
-1
-2
0
1
4
5
3
1
1
0
0
-4
-3
-4
-4
-4
-3
-1
-3
-1
-1
2
0
-2
1
0
0
1
1
0
1
0
1
2
2
1
1
3
1
1
-3
-2
0
-1
-1
0
0
1
4
4
3
4
5
4
4
1
-2
0
-3
-2
-2
-3
-3
-4
-3
-2
-3
-2
1
0
-1
0
2
0
-1
-4
-5
-2
-1
-1
-1
-1
-1
-1
4
2
-1
5
2
2
3
4
3
2
1
1
0
-2
2
2
1
0
2
1
0
3
2
1
1
1
2
2
4
3
1
1
-3
-3
-2
-3
0
-1
-3
0
0
-2
-1
1
2
1
1
1
0
-1
-4
-4
-1
-1
-1
-2
-1
0
0
-2
-3
-3
-2
-2
-2
-1
-3
-4
-3
0
-2
2
2
2
3
2
2
1
3
2
2
2
4
4
4
4
4
4
5
4
5
3
2
0
-1
0
-1
-3
-3
-3
-3
-2
-2
-2
-1
0
1
0
2
0
0
-2
-2
-3
-4
-4
-2
-1
-2
-2
-2
-1
-1
-2
-3
-4
-3
-1
0
-1
0
-1
0
2
3
5
3
3
4
5
4
2
2
2
3
-1
-2
-2
-1
0
0
0
0
4
3
3
3
1
1
0
0
1
0
-3
-3
-2
-4
-4
-1
1
0
-3
-2
2
-1
-3
-3
-1
1
3
2
1
0
2
3
0
3
1
1
-1
-2
-2
-2
-2
-4
-4
-4
-2
-1
-1
2
4
3
2
3
3
4
2
1
2
3
2
1
2
0
1
0
1
1
0
1
-2
0
2
0
-2
-3
-5
-5
0
-3
-3
-5
-6
-4
-4
-3
-1
-3
0
-3
-2
-1
-1
1
0
0
-1
-1
-2
1
-1
0
-2
1
3
-1
-2
2
4
3
5
2
3
2
5
5
4
4
7
6
4
3
2
4
5
4
2
1
-1
-2
-3
-2
-2
-1
-1
-2
-2
-1
1
2
-2
-2
-3
-3
-3
-3
-3
-3
-1
-2
0
0
-2
0
2
0
3
3
-1
-1
0
0
-3
-3
-4
-3
-2
-2
-2
-1
1
3
-1
-1
-2
0
3
0
2
-2
-1
3
4
4
2
3
4
2
2
1
-2
-3
-1
-2
-2
-3
0
-1
-2
-3
0
-1
-3
-1
-1
0
0
1
1
1
1
2
2
3
4
2
-1
-1
-1
3
0
0
-1
-3
-2
-2
1
2
3
1
4
3
2
2
1
3
2
-1
-3
-2
1
-1
-2
-1
0
3
1
2
0
1
-1
-1
1
0
-1
0
-1
-4
0
-2
0
-2
-3
-1
1
1
0
-4
-5
-3
0
2
3
3
1
-1
0
-1
-2
0
-1
-2
-2
-3
-4
-2
-2
-2
0
0
2
2
2
2
2
2
3
3
2
3
1
0
0
-1
1
0
1
3
1
1
0
1
2
0
0
-1
0
0
0
0
1
-1
1
2
2
1
-1
1
-1
1
0
0
1
2
2
0
-1
1
-1
2
2
0
2
0
-1
-4
-1
-2
-2
0
-1
-3
-2
-1
-2
-3
-1
-2
0
-3
0
-1
-3
-2
-3
0
0
2
1
0
3
5
2
2
2
0
1
-2
-3
-5
-2
-2
-1
-1
-3
0
-3
-4
-4
0
0
-2
1
0
1
2
2
2
3
4
5
3
4
3
1
1
0
0
2
3
3
2
5
5
4
0
2
2
1
0
1
2
1
-1
-4
-3
-2
-2
-2
-1
-2
-2
-3
-4
-6
-5
-5
-6
-5
-5
-4
-5
-6
-2
-2
0
1
2
2
4
3
3
5
5
7
8
6
5
4
4
3
4
3
-1
0
-1
0
-1
-2
-3
-2
-3
-2
0
0
-1
-2
-1
-1
-1
1
1
0
1
-1
-4
-4
-4
-3
-1
0
-3
-1
0
-1
0
3
1
4
2
2
2
-2
-1
-1
-1
-2
0
-4
-1
1
1
2
0
2
2
2
1
2
0
0
2
1
2
1
0
-1
-2
-1
-1
0
2
1
-1
0
-3
-2
-2
-1
1
1
1
3
1
0
-1
0
0
-1
0
-1
-1
-3
-2
-4
-5
-3
-4
-3
-1
-1
-1
0
-1
1
0
0
1
2
1
0
1
2
1
2
4
0
1
1
2
2
0
2
1
1
1
4
5
3
2
2
3
5
2
2
2
2
1
1
0
-1
-1
1
-2
-1
-2
-1
-1
-2
-2
-4
-2
-4
-4
-4
-3
-6
-2
-5
-5
-3
-2
-2
-1
1
-2
0
2
1
0
-1
-1
2
2
2
1
2
3
3
4
1
3
3
2
1
0
-1
0
0
-1
0
-3
