-1
-1
1
1
0
2
3
3
3
5
4
5
5
1
-3
-1
-3
-2
3
1
1
-2
0
3
1
0
1
0
3
3
0
0
2
-1
1
-3
-2
-3
-1
1
2
5
3
2
0
2
1
-1
-1
-3
-1
-1
0
1
0
1
0
-2
-2
0
1
0
1
-1
-2
-4
-4
-4
-1
-3
-2
-1
2
2
-2
-1
-2
2
3
2
2
2
0
-1
1
1
1
-3
-3
-2
-1
0
-1
1
-1
-2
-2
-1
-1
0
0
1
2
0
5
5
2
3
1
3
6
3
-1
0
0
-1
-2
0
0
-3
0
-1
-1
1
0
-1
-1
2
2
4
2
4
2
0
0
-1
0
-2
1
0
1
1
-1
-1
-2
0
-1
0
-1
0
1
-2
-2
0
1
0
-2
-2
0
-1
-1
-3
-3
-5
0
0
1
1
2
3
-1
0
0
0
-2
-2
-5
-5
-3
-1
1
1
-1
3
1
-1
-1
-3
0
-1
0
2
-1
1
0
2
3
1
0
0
0
0
2
1
0
2
3
2
0
3
2
3
4
4
5
6
2
2
2
-1
0
-4
0
2
1
1
0
0
-2
-2
2
-1
-1
-3
-3
-1
-1
-3
-2
-2
-2
-1
-3
-2
-2
-2
-2
-1
-3
-2
-2
-2
-2
-4
-2
-3
-3
0
-1
-2
0
-2
0
-2
-3
-1
0
3
2
2
1
3
2
5
8
5
3
4
4
2
2
1
-2
-1
-2
2
1
1
0
1
1
-1
0
0
0
-2
-1
0
1
2
0
2
2
0
0
0
3
1
0
-3
-1
2
-1
-3
-2
-2
-1
-1
2
-1
-1
-1
-1
-1
0
1
-2
-1
-4
-4
-3
-2
-4
-3
-1
-1
0
-1
0
3
1
0
2
1
3
0
2
1
3
2
0
2
3
3
5
2
0
0
-2
-1
-2
0
-2
-2
-2
-3
-3
-2
-2
0
-1
0
0
1
1
3
3
5
4
3
3
1
1
3
3
-1
0
1
1
2
1
1
-1
-1
-1
-3
-3
-4
-5
-4
-4
-6
-5
-4
-3
-5
-3
1
2
1
2
5
3
0
2
2
2
1
3
2
-2
1
2
1
2
1
2
-1
-2
-2
-3
0
0
-1
-2
-2
-1
3
3
2
1
-1
0
-1
3
1
-1
1
1
2
1
0
3
1
2
1
1
3
0
-2
-1
-2
-3
-2
0
0
0
-2
-1
0
-1
-5
-4
-4
-4
-3
-3
-2
-1
0
1
4
0
1
3
2
1
3
3
0
0
1
3
1
0
-2
-2
0
-1
1
2
1
-2
2
1
3
3
1
1
-1
1
4
2
1
0
-1
2
-1
-2
-3
-2
-3
-1
-2
-2
-5
-2
-3
-1
-1
-1
-1
-1
0
-1
0
-3
0
-1
-2
-1
-1
0
-2
1
1
3
2
2
3
4
6
6
4
3
3
3
0
1
0
2
0
-1
1
-1
-1
0
-2
0
-2
-2
1
-2
-4
-2
-2
-4
-4
-4
0
0
1
-1
-1
-1
0
-1
0
0
-2
-1
-1
-1
0
1
2
4
3
2
2
3
2
2
1
1
1
1
2
1
1
2
0
-1
0
0
0
1
1
1
0
1
2
1
4
0
-1
0
0
2
0
0
-2
-5
-3
-2
-2
-4
-4
-3
-5
-4
-2
-2
-2
0
0
0
0
1
-1
0
-2
-3
-2
-1
1
0
-1
1
1
1
0
0
2
2
0
3
2
4
0
0
3
3
3
2
1
2
3
1
1
0
-1
1
-1
-2
-3
-2
-1
-1
0
2
1
-1
2
1
-2
-1
1
0
-3
-3
1
1
0
1
0
-3
-1
-4
-2
-1
0
2
1
2
4
4
5
2
2
1
0
0
0
2
0
0
-2
-2
0
0
-3
-3
-2
-2
-4
-4
-2
-1
-1
-2
-3
-3
-1
-3
3
2
1
1
1
3
3
4
1
2
0
1
1
1
1
0
0
-1
-2
-1
-1
-5
-2
-1
0
0
1
-2
-1
1
0
0
-1
-1
1
-1
0
2
-1
1
3
1
1
1
3
3
0
0
-1
-1
1
0
-1
1
1
3
1
0
2
0
0
-2
1
1
0
1
1
0
1
0
-1
0
4
2
-1
0
0
1
0
-1
-2
-3
-1
-2
-4
-2
-1
-1
-3
-2
0
-1
2
3
1
2
2
2
0
-3
-3
-1
0
-1
-2
-3
0
3
0
1
0
0
-1
-1
1
1
-1
1
2
2
0
-1
0
0
-1
-2
-1
-1
-3
-4
-3
-3
-3
0
1
3
4
3
6
5
3
1
2
4
2
4
3
1
2
1
2
-1
3
1
0
0
-3
-5
-4
-1
-1
0
-2
-1
-1
-3
-2
0
-2
-2
-1
-1
-1
-2
-2
-3
-1
1
1
-3
-2
1
0
-1
0
-2
1
1
1
1
2
2
2
-1
-1
0
-1
-5
-2
-3
-3
-1
-3
-1
2
3
2
3
2
0
0
-1
0
1
2
1
4
3
3
5
2
4
1
3
3
1
0
2
1
-1
-2
-4
-6
-5
-4
-2
-1
0
0
-1
0
0
0
0
1
0
3
3
1
3
2
3
2
-1
1
-1
0
0
-1
-1
-3
-2
-1
-3
-3
-4
-2
-5
-4
-1
0
-1
-1
2
-2
-1
-2
-2
-1
0
2
2
2
1
4
3
1
0
2
2
2
2
2
3
3
1
1
2
0
1
1
-1
1
-1
0
-1
-3
-2
0
-2
-2
-1
-1
-1
0
0
1
1
1
3
2
1
0
-1
1
-2
-4
-3
-3
-2
-3
-2
-5
-6
-3
-1
1
1
1
1
1
3
6
4
3
4
3
1
0
0
0
1
1
0
-1
2
0
1
0
-4
-1
0
-1
-2
1
-1
0
0
-3
0
1
3
3
0
0
-4
-4
-3
-2
-2
-1
-1
1
0
1
0
1
1
2
2
5
6
5
4
3
1
-1
-3
-3
-3
0
-2
-2
-2
-3
-3
-2
-1
0
0
1
1
3
1
-1
1
1
1
2
3
0
1
1
2
3
0
-2
-1
-2
-4
-4
-3
-4
-3
-3
-1
-1
-1
0
-1
1
1
0
1
1
1
1
0
-1
1
2
3
2
2
1
2
3
-2
0
1
0
1
0
-1
-1
0
0
-2
-2
-1
0
-4
-4
-1
1
-1
0
1
0
4
3
1
3
1
2
2
1
1
2
0
1
-1
-1
0
2
4
-1
2
-2
-1
-1
-2
-1
-1
1
-2
1
-3
-3
-2
-1
-1
-1
1
0
0
-1
1
1
-1
-1
-1
1
1
1
2
-1
2
3
1
-1
-1
-1
0
0
0
-2
-4
-2
-6
-3
-2
-1
-3
-2
-2
-2
0
-1
0
0
-1
1
0
-2
1
1
4
4
3
1
1
1
0
2
2
2
0
0
-2
-2
0
-3
-1
-1
-1
-2
1
2
2
3
5
2
1
2
1
1
0
2
2
4
0
1
0
0
0
-1
0
1
1
0
-1
-3
-3
-2
-3
-2
-1
-4
-3
-2
0
-1
-1
-2
-2
0
-2
-3
-1
-1
-1
0
1
0
2
3
4
3
4
1
3
1
0
2
-1
1
-2
-4
-4
-3
-5
-2
-3
-3
1
1
3
2
0
1
2
1
3
4
0
1
1
1
2
4
2
0
-1
1
3
1
0
0
-1
-3
-1
-3
0
0
-2
0
-1
0
-2
0
1
2
-1
-1
-2
-2
-2
-5
-3
-5
-2
-1
-2
-2
2
4
3
5
2
3
3
2
3
0
0
0
-2
2
1
0
2
-1
-2
-3
-3
-1
0
1
0
2
-1
-2
-1
-2
-1
-1
-1
0
-2
-1
-1
1
1
2
1
-2
-4
-2
-2
-2
-1
-2
0
-1
-1
1
2
2
1
3
3
2
3
5
3
4
3
-1
2
1
1
2
1
3
2
3
0
0
-1
-1
-2
-2
-1
-1
-2
-2
-2
-2
0
-4
-2
-1
-4
-2
-1
1
-2
-2
-1
-2
-1
-2
0
-1
-3
-1
0
0
0
1
0
-1
-1
1
1
0
-1
-2
1
-1
-2
-2
-2
-1
1
2
1
1
0
0
1
1
0
-1
1
2
2
3
4
4
4
5
6
3
1
0
0
-1
0
-1
0
0
1
0
0
-1
-3
0
-1
-1
-1
0
-3
-4
-1
-3
-1
-1
1
0
3
2
-1
-2
-2
-2
-1
-2
-1
-2
-2
-1
-3
-1
0
0
0
-1
0
1
3
1
0
1
2
1
4
2
0
-2
-2
2
0
0
-1
-2
2
6
10
11
4
2
1
-2
0
0
3
-4
-9
-8
-5
-2
0
1
-2
0
0
-2
-4
-6
-7
-6
1
2
1
-4
-9
-10
-11
-12
-12
0
12
17
12
-3
-9
-3
11
17
19
15
13
12
5
-10
-25
-23
-16
-6
-5
-8
-12
-19
-21
-19
-8
-18
-79
-188
-265
-273
-192
-54
39
62
47
46
87
164
244
292
299
276
239
206
178
157
133
109
65
13
-20
-43
-50
-60
-84
-101
-115
-135
-150
-170
-170
-152
-146
-121
-94
-87
-68
-52
-26
20
30
42
44
13
10
-7
-18
10
-17
-29
-12
-33
-22
-18
-37
-21
-6
5
12
28
35
16
34
34
12
36
39
29
49
32
12
18
22
24
27
28
15
0
14
10
-3
13
-1
-4
8
-7
-10
6
-8
-9
13
0
-11
6
-11
-11
-1
-20
-12
-9
-16
2
-22
-15
-5
-40
1
5
-18
21
-2
-11
25
-2
8
27
-1
-6
11
5
-10
1
8
2
-6
2
29
14
-2
21
5
5
16
16
35
7
-27
17
23
-9
28
38
14
3
-20
-4
0
-39
-12
11
-28
-31
-37
-31
-17
-56
-14
-1
-46
-25
-37
-25
5
-21
17
17
-13
7
-17
8
-7
-36
8
-27
-13
-7
-42
18
-21
-11
15
-18
37
-16
-5
33
-35
22
9
-2
62
-13
33
56
-12
52
19
31
65
-6
42
2
-11
49
-23
39
36
-28
41
-22
4
35
-44
29
-21
-20
4
-58
24
-28
0
27
-27
71
0
8
54
2
56
-10
37
37
-37
43
-23
39
16
-54
78
-32
-15
-13
-19
40
-115
4
-34
-93
-15
-126
14
-71
-104
-2
-85
-4
-88
-4
24
-89
57
-25
21
30
-35
113
-35
29
63
-18
90
-45
74
42
-44
83
-30
59
5
-8
76
-51
26
-1
-11
26
-42
2
-1
-27
-31
15
-22
-19
22
-64
23
-16
-47
45
-38
22
-8
-19
55
-50
59
6
-1
70
-45
70
4
29
25
4
61
-38
65
-35
26
46
-86
72
-48
-10
0
-88
61
-64
-39
6
-55
35
-96
8
34
-76
45
-71
71
-1
-79
92
-8
9
-26
47
23
-8
2
7
69
-56
8
47
16
-26
-24
79
-25
-38
34
4
6
-44
0
43
-40
-40
3
40
-69
-11
45
-32
22
-64
50
30
-68
42
-3
29
-32
0
48
-14
-6
-12
55
-31
0
25
9
-4
-28
48
-34
19
-16
8
31
-64
49
-7
-3
-3
4
20
-42
35
-16
20
-6
-23
51
-50
-1
23
-19
6
-13
2
14
-45
21
7
-19
-1
-11
23
-27
0
22
-9
-20
24
-2
-6
14
-13
26
-16
-5
20
-21
14
-11
30
-5
-31
39
-5
-5
-15
45
-12
-3
4
-4
55
-69
9
57
-42
-11
9
20
-34
20
16
-70
73
-20
-14
-5
-3
65
-78
-9
39
31
-61
-57
128
-36
-113
111
-24
-23
-4
-12
89
-108
47
8
-1
3
-75
131
-65
-56
124
-96
56
-22
-25
79
-62
22
-39
107
-73
-69
169
-93
-61
122
-82
26
-8
-2
20
-17
-3
-14
104
-154
53
130
-168
37
99
-112
37
-14
21
-3
-12
-11
4
58
-114
74
20
-78
55
-3
-25
33
-47
36
-12
-5
5
-3
32
-43
2
40
-20
-13
33
-49
76
-46
-61
110
-36
-29
21
-7
60
-73
3
59
-3
-33
-62
157
-67
-106
131
-22
-40
-3
-2
101
-130
10
102
-77
14
-62
129
-38
-128
154
-43
-32
30
-25
61
-72
15
57
-61
72
-95
32
74
-124
60
29
-70
60
-45
-44
79
-14
-59
2
96
-109
-20
125
-35
-62
34
-23
26
39
-66
48
32
-69
-46
97
26
-97
45
35
-43
27
-30
15
70
-77
-61
68
90
-56
-66
126
-79
-109
84
66
25
-53
-67
42
32
-45
8
61
3
-128
43
138
-55
-103
54
-36
16
46
-7
66
-51
-82
-18
71
48
-41
-7
85
-108
-76
85
40
-36
4
-20
-23
43
0
-11
-16
24
-69
-12
147
33
-156
30
36
-71
70
42
-14
-20
-59
-17
58
56
-15
-81
70
-7
-113
66
93
-36
-82
52
10
-58
25
62
-28
-55
26
-24
49
45
-89
11
27
-45
26
75
-29
-88
38
48
-42
24
19
-72
-26
80
43
-78
26
16
-105
37
139
-69
-83
86
-24
-94
90
76
-98
-22
87
-23
-54
80
11
-57
41
37
-67
16
62
-41
-7
49
-15
-53
35
43
-22
1
-21
-10
13
-13
25
0
-50
-30
3
15
8
-15
-28
-27
-13
-11
27
14
-46
0
-17
-38
13
6
-13
5
4
3
-15
-3
-13
-9
28
2
28
23
-7
-11
7
16
25
35
44
24
-1
17
13
-1
44
53
20
29
25
-10
-18
28
27
11
18
18
-16
-33
-18
4
-4
-19
-3
-21
-55
-44
-5
-18
-31
-6
-10
-52
-36
-21
-24
-17
8
6
-42
-18
-16
-36
4
12
-4
-4
-14
2
-12
-26
0
10
10
21
26
-4
-31
-23
3
15
33
40
22
-13
-21
-13
-1
37
44
41
28
-1
-9
2
20
24
42
47
19
20
5
-14
-3
11
40
39
25
1
-26
-24
-12
14
21
16
10
-16
-18
-26
-24
-8
4
16
1
-4
-20
-22
1
-10
-4
0
-4
-1
-6
-7
-27
-26
-12
-3
11
-9
-23
-19
-20
-6
-6
-16
-22
-13
-8
-17
-15
-15
-17
-11
0
-5
-10
-15
-7
10
-2
-8
-7
0
13
12
9
-8
-8
10
32
32
18
8
-4
3
20
24
19
17
15
8
6
5
7
17
16
8
11
-4
-2
3
-1
5
6
13
4
3
3
-11
-5
0
11
10
7
-4
-15
-9
-4
0
2
8
-2
-5
-11
-9
-4
2
4
3
3
-10
-8
-9
-4
-4
-1
4
0
-6
-13
-9
-7
-5
-3
-2
-5
-4
-5
-5
2
-7
-7
-3
6
6
-3
1
-6
-7
-4
3
7
3
-1
-5
-1
-4
-2
0
7
7
3
3
2
-3
0
15
10
3
1
-1
1
11
11
9
4
5
-2
-8
0
1
5
1
-3
-10
-10
-3
1
6
3
-4
-6
-7
-7
2
3
7
0
-3
-7
-6
3
11
10
0
0
-7
-1
4
10
6
4
0
-6
-7
0
5
5
8
6
5
0
7
6
3
11
13
13
9
8
4
-5
5
13
11
9
2
-10
-17
-14
-12
-8
-5
-10
-18
-24
-30
-26
-14
0
2
-6
-15
-22
-19
-11
-10
-13
-13
-16
-20
-30
-41
-51
-45
-20
-2
-7
-25
-41
-41
-14
21
38
36
29
19
22
33
49
72
83
87
75
54
43
46
67
84
77
57
41
23
26
37
46
46
53
49
28
14
20
43
66
71
39
-17
-50
-35
-7
0
-23
-85
-140
-153
-152
-152
-167
-169
-192
-226
-249
-282
-284
-237
-193
-182
-197
-217
-200
-157
-97
-57
-32
-3
23
44
49
66
86
108
136
136
130
143
159
179
197
210
237
275
328
377
396
434
478
529
593
612
614
605
599
597
569
517
408
310
225
145
52
-70
-196
-315
-395
-470
-576
-698
-791
-867
-887
-889
-931
-989
-1049
-1043
-1027
-970
-896
-876
-823
-745
-627
-513
-400
-281
-215
-107
40
162
286
398
493
535
567
620
639
686
759
786
775
755
746
742
791
901
977
1030
1075
1065
1032
1027
1057
1091
1135
1136
1022
837
687
593
544
494
278
17
-269
-464
-624
-838
-1268
-1928
-2363
-2575
-2550
-2436
-2363
-2546
-2762
-2618
-2335
-1934
-1413
-858
-472
-69
312
430
523
794
1131
1367
1556
1486
1156
910
847
773
688
625
438
179
35
-47
-163
-107
117
359
512
622
680
815
1168
1595
1880
1952
1913
1832
1861
1926
1923
1721
1433
1132
790
476
151
-139
-435
-736
-1194
-1947
-2745
-3197
-3198
-2924
-2702
-2679
-2974
-3166
-2916
-2345
-1655
-1107
-613
-291
43
282
390
520
818
1192
1380
1305
947
590
418
532
600
574
396
182
-3
-108
-90
-73
54
208
376
391
397
456
735
1117
1523
1755
1756
1729
1664
1761
1795
1843
1694
1453
1157
828
553
370
291
124
-86
-330
-372
-457
-555
-1094
-1938
-2559
-2617
-2128
-1872
-1864
-2340
-2847
-2961
-2534
-1874
-1395
-989
-713
-563
-481
-347
-171
223
729
1137
1118
840
564
479
675
930
1065
909
659
347
148
41
79
180
281
358
254
134
32
173
494
943
1299
1436
1430
1375
1456
1671
1963
2050
1950
1666
1295
900
687
629
538
377
155
-114
-389
-438
-586
-1084
-1948
-2513
-2676
-2473
-2118
-2093
-2468
-3015
-3001
-2579
-1968
-1393
-978
-680
-403
-142
-9
32
233
633
1004
1133
860
474
227
328
595
735
658
430
225
96
108
186
272
350
447
477
376
341
464
775
1152
1487
1580
1424
1297
1351
1583
1852
1985
1846
1418
1013
751
620
584
616
491
173
-150
-263
-193
-119
-188
-1119
-2200
-2966
-2734
-2171
-1745
-1825
-2712
-3386
-3469
-2753
-2018
-1320
-885
-660
-550
-364
-330
-157
341
1025
1463
1335
905
338
215
484
883
998
821
474
162
-19
5
114
270
435
482
417
262
263
471
899
1363
1661
1720
1571
1470
1517
1784
2033
2074
1819
1344
952
629
502
444
387
194
-35
-228
-367
-367
-273
-589
-1600
-2477
-2837
-2522
-2147
-1815
-2170
-2961
-3264
-2985
-2358
-1797
-1099
-750
-578
-388
-279
-357
-82
542
1087
1258
1131
636
164
293
625
871
923
863
459
125
104
243
361
568
662
548
412
357
417
634
1096
1421
1493
1428
1339
1244
1321
1577
1825
1820
1604
1183
719
481
469
588
553
368
-4
-327
-490
-297
-72
-191
-1117
-2233
-2835
-2752
-2172
-1921
-1984
-2779
-3269
-3218
-2611
-1886
-1388
-857
-662
-462
-442
-327
-124
411
1050
1370
1188
730
336
240
524
892
1062
863
554
201
128
176
417
603
732
815
720
599
286
329
686
1246
1676
1695
1455
1010
1002
1307
1626
1741
1616
1318
894
646
544
398
336
333
260
113
-84
-102
-76
-15
-591
-1718
-2594
-2833
-2413
-2048
-1906
-2469
-3321
-3605
-3216
-2400
-1663
-1067
-806
-753
-650
-473
-224
289
898
1330
1372
1081
669
336
481
842
1198
1199
885
397
18
24
245
518
733
712
562
407
405
458
427
797
1143
1503
1549
1448
1174
961
1264
1543
1657
1359
1098
737
548
490
408
298
214
257
201
139
34
68
50
-297
-1343
-2340
-2691
-2412
-1995
-1964
-2369
-3250
-3625
-3315
-2584
-1921
-1396
-952
-789
-667
-605
-387
57
816
1400
1476
1110
656
447
616
1038
1252
1147
824
473
169
125
280
452
541
659
566
431
375
568
637
692
1057
1354
1605
1484
1430
1213
1262
1563
1734
1615
1187
861
587
530
439
330
166
76
73
-25
-50
-6
90
-397
-1603
-2621
-2964
-2563
-2043
-1885
-2467
-3512
-3908
-3498
-2731
-1944
-1339
-949
-807
-607
-423
-290
232
1017
1657
1736
1433
944
611
772
1197
1487
1381
1012
477
93
49
192
390
556
583
423
220
193
164
205
639
1162
1580
1597
1445
1153
1096
1467
1791
1816
1549
1266
885
686
521
345
169
205
189
-43
-252
-373
-278
-51
-178
-1304
-2569
-2997
-2629
-2232
-1982
-2272
-3143
-3673
-3337
-2678
-2122
-1426
-938
-710
-516
-213
-152
117
833
1461
1660
1539
1265
879
828
1115
1296
1167
958
649
275
58
46
35
126
391
482
360
231
245
132
314
926
1498
1767
1656
1473
1158
1315
1745
1984
1829
1398
940
498
423
409
339
252
138
54
-86
-144
-132
-69
-223
-1296
-2368
-2967
-2675
-2276
-2055
-2303
-3298
-3804
-3692
-2760
-1997
-1269
-916
-877
-718
-493
-99
265
869
1333
1554
1453
1128
817
808
1043
1279
1259
1041
612
254
76
73
140
236
362
324
293
222
201
95
392
971
1563
1759
1560
1287
1057
1358
1747
1989
1764
1443
1111
755
593
443
378
257
278
245
108
-49
-222
-83
27
-495
-1749
-2764
-2907
-2685
-2302
-2134
-2503
-3349
-3739
-3358
-2672
-1785
-1177
-853
-754
-503
-322
-130
453
1048
1524
1631
1452
926
617
790
1064
1266
1212
847
246
-104
-76
-6
117
205
251
213
135
-32
-142
308
1039
1723
1938
1748
1261
1077
1499
2062
2330
2106
1648
1116
782
641
636
656
593
406
186
-158
-467
-550
-205
170
-140
-1386
-2800
-3281
-2958
-2216
-1754
-1982
-3004
-3742
-3534
-2829
-1935
-1211
-806
-768
-571
-342
-276
28
601
1239
1593
1599
1134
603
531
794
1139
1257
1057
522
73
-99
-9
162
286
363
316
292
272
265
185
388
1012
1650
1885
1633
1268
1127
1469
1955
2117
1821
1322
901
656
628
603
496
297
155
6
-131
-232
-212
15
128
-378
-1638
-2702
-2929
-2516
-2082
-1938
-2349
-3197
-3658
-3368
-2628
-1891
-1316
-1002
-811
-556
-385
-249
111
745
1335
1602
1493
1058
686
632
857
1135
1201
969
517
119
-94
-68
112
259
342
350
276
233
348
537
620
901
1418
1815
1897
1725
1503
1323
1541
1864
1904
1613
1154
739
474
493
435
245
71
-70
-202
-298
-234
-111
-104
-619
-1659
-2529
-2756
-2533
-2266
-2161
-2421
-2998
-3415
-3334
-2794
-2034
-1376
-987
-786
-628
-486
-277
141
703
1232
1521
1483
1229
957
839
915
1107
1209
1037
640
224
-46
-131
-32
158
311
371
294
89
-35
227
844
1485
1878
1868
1590
1395
1510
1797
2020
2075
1858
1440
1025
717
560
495
385
232
95
-63
-327
-415
-192
22
-237
-1130
-2101
-2688
-2665
-2275
-1893
-1978
-2644
-3296
-3486
-3090
-2374
-1680
-1295
-1119
-926
-789
-623
-267
243
731
1116
1326
1209
911
718
787
1065
1295
1290
960
496
151
65
178
306
390
357
279
251
301
292
250
474
1020
1581
1808
1696
1442
1303
1469
1835
2061
1933
1545
1098
779
675
646
496
325
212
76
-118
-242
-218
-108
-189
-880
-1960
-2691
-2729
-2416
-2078
-1983
-2436
-3159
-3449
-3077
-2408
-1745
-1256
-1033
-938
-787
-572
-296
56
479
928
1243
1217
942
714
696
891
1199
1350
1134
705
334
162
176
288
397
471
457
373
336
349
281
314
760
1403
1798
1817
1557
1148
996
1345
1811
1948
1695
1206
672
364
355
416
414
340
171
-74
-239
-248
-201
-276
-734
-1547
-2252
-2433
-2241
-2064
-2054
-2259
-2665
-2996
-2919
-2504
-2026
-1594
-1244
-1025
-896
-750
-522
-206
179
562
896
1101
1112
1015
964
1014
1117
1254
1307
1155
872
614
468
433
454
452
427
368
223
81
133
427
817
1135
1259
1183
1065
1066
1199
1383
1512
1511
1379
1170
937
745
654
591
482
331
139
-108
-295
-348
-369
-382
-414
-735
-1461
-2131
-2305
-2095
-1841
-1689
-1741
-2067
-2482
-2610
-2305
-1790
-1383
-1175
-1053
-960
-852
-687
-443
-144
201
569
863
972
886
758
767
953
1186
1293
1183
928
699
598
572
556
559
569
538
502
508
478
352
269
426
789
1098
1157
1023
836
756
892
1179
1353
1207
851
576
515
558
554
421
191
-13
-54
22
30
-95
-256
-427
-698
-1065
-1379
-1558
-1651
-1664
-1604
-1632
-1857
-2123
-2200
-2067
-1814
-1496
-1172
-978
-949
-922
-772
-537
-262
54
345
502
557
607
676
755
860
990
1085
1086
982
823
668
571
541
520
491
474
416
259
144
223
434
649
824
914
879
811
835
968
1109
1154
1078
958
859
780
683
565
463
404
360
287
169
12
-179
-342
-412
-459
-636
-973
-1319
-1532
-1590
-1547
-1470
-1461
-1575
-1694
-1697
-1605
-1472
-1322
-1194
-1095
-970
-792
-621
-486
-370
-243
-71
165
400
550
606
617
662
754
831
834
787
735
688
646
610
577
533
501
496
488
398
270
260
445
716
909
946
834
700
699
858
1055
1136
1048
857
670
561
519
496
450
368
249
110
-27
-124
-176
-234
-343
-515
-748
-1015
-1240
-1340
-1330
-1300
-1316
-1394
-1514
-1633
-1658
-1540
-1346
-1164
-1029
-940
-887
-851
-747
-553
-328
-134
26
174
294
385
460
541
628
726
824
878
858
789
715
665
628
577
522
482
467
441
383
331
356
509
757
974
1036
930
764
689
760
921
1032
990
791
529
319
217
208
225
211
143
35
-97
-239
-358
-417
-431
-459
-543
-704
-894
-1039
-1083
-1047
-1027
-1088
-1203
-1297
-1306
-1241
-1137
-1052
-1015
-1009
-978
-885
-744
-592
-446
-305
-170
-35
89
192
265
329
413
510
580
590
542
495
489
525
560
552
514
494
532
610
683
709
714
739
806
892
966
1010
1020
1003
953
887
818
766
713
646
547
406
235
84
5
-9
-27
-97
-219
-364
-491
-558
-580
-633
-763
-913
-1010
-1042
-1059
-1084
-1118
-1175
-1233
-1250
-1198
-1127
-1077
-1028
-937
-820
-713
-599
-484
-380
-279
-139
51
226
324
358
382
416
466
513
541
534
502
479
477
476
473
483
540
629
702
732
725
723
770
875
994
1033
959
825
714
673
681
684
644
545
411
284
178
91
27
4
2
-23
-98
-209
-323
-407
-461
-526
-629
-776
-921
-1008
-1027
-1001
-979
-1004
-1074
-1150
-1174
-1130
-1033
-921
-832
-774
-727
-665
-574
-453
-316
-174
-42
62
140
208
276
353
417
462
483
491
494
498
505
516
543
586
642
684
693
684
695
747
805
852
878
881
852
797
732
667
597
551
542
523
434
291
161
71
20
-14
-54
-118
-205
-267
-296
-324
-390
-484
-565
-631
-683
-719
-749
-800
-885
-978
-1049
-1086
-1073
-1022
-959
-923
-913
-876
-788
-664
-534
-398
-253
-134
-55
3
62
137
209
286
341
344
319
324
383
455
488
492
513
544
553
557
594
657
703
736
769
792
784
765
776
783
749
704
693
682
614
517
460
421
341
230
147
93
22
-59
-130
-212
-322
-416
-462
-496
-576
-686
-760
-804
-858
-910
-925
-925
-935
-948
-943
-935
-929
-895
-828
-747
-681
-608
-518
-433
-367
-289
-189
-90
-7
86
186
253
273
293
343
402
451
494
516
514
519
534
548
575
652
726
744
725
705
703
749
825
815
714
655
643
587
509
453
370
285
278
272
171
51
1
-15
-37
-40
-68
-175
-309
-393
-421
-440
-476
-562
-696
-802
-838
-840
-851
-873
-899
-916
-911
-880
-847
-816
-755
-674
-609
-549
-475
-386
-299
-207
-118
-46
13
89
178
254
333
414
449
420
446
575
669
676
681
712
683
645
711
777
714
659
711
709
582
508
563
592
536
481
429
348
291
304
305
218
103
20
-13
-44
-103
-185
-260
-330
-422
-507
-552
-581
-644
-717
-752
-800
-867
-892
-849
-813
-822
-816
-780
-764
-754
-674
-543
-448
-403
-358
-279
-185
-86
22
112
180
237
315
378
417
466
510
529
535
552
547
522
553
628
645
590
590
631
591
526
557
621
573
455
401
403
382
372
408
403
281
171
200
261
216
121
76
2
-138
-231
-253
-318
-443
-536
-602
-697
-794
-855
-886
-892
-871
-859
-854
-838
-837
-822
-761
-666
-584
-506
-434
-405
-357
-257
-135
-12
117
213
231
259
328
410
495
544
517
467
454
459
480
537
561
508
469
490
511
518
542
556
543
510
441
396
456
526
490
407
339
249
186
255
370
331
142
-9
-62
-89
-130
-147
-189
-332
-505
-584
-593
-669
-783
-807
-772
-785
-828
-827
-838
-867
-819
-694
-576
-505
-473
-469
-424
-303
-166
-58
39
94
114
167
249
311
322
349
400
450
473
429
375
390
454
487
516
513
398
309
400
508
447
374
399
390
343
394
455
404
351
375
397
352
290
248
225
212
151
61
-16
-84
-158
-221
-267
-345
-450
-507
-523
-578
-695
-778
-782
-768
-752
-737
-752
-789
-770
-680
-590
-508
-435
-380
-310
-216
-114
-54
2
91
176
279
357
376
355
318
329
387
476
508
452
387
314
265
296
403
480
452
399
353
308
311
386
471
468
397
349
332
322
308
297
323
350
344
297
186
47
-52
-41
13
-13
-154
-375
-561
-630
-614
-593
-624
-679
-731
-749
-724
-714
-714
-702
-649
-561
-491
-453
-456
-438
-376
-292
-196
-102
-13
55
100
146
190
234
294
371
434
439
414
397
413
444
458
455
439
426
434
455
463
440
399
380
385
394
405
405
407
408
387
342
301
284
290
300
276
202
85
-23
-108
-180
-249
-313
-384
-479
-571
-673
-767
-811
-805
-780
-759
-750
-764
-788
-785
-741
-661
-558
-460
-380
-325
-282
-222
-131
-21
83
158
216
240
235
235
251
294
338
394
438
461
498
545
588
612
632
659
675
670
624
542
472
448
473
502
482
399
317
286
306
351
364
306
202
98
10
-60
-105
-148
-204
-273
-373
-496
-622
-716
-761
-766
-761
-787
-846
-930
-997
-997
-925
-815
-715
-643
-601
-559
-493
-394
-277
-143
-12
97
179
216
236
263
308
369
437
482
483
460
447
459
491
527
560
591
613
630
655
676
673
651
639
634
617
594
558
503
432
380
366
358
325
268
204
117
24
-53
-111
-178
-274
-388
-549
-734
-880
-942
-932
-908
-918
-979
-1057
-1086
-1031
-915
-779
-666
-599
-557
-514
-453
-367
-269
-149
-30
63
121
154
181
218
281
362
432
454
425
369
325
316
343
388
427
440
436
446
491
567
646
720
771
792
770
721
677
642
623
605
574
508
422
340
284
253
210
143
59
-27
-99
-162
-243
-375
-568
-770
-900
-932
-918
-925
-981
-1092
-1211
-1254
-1183
-1054
-933
-850
-794
-741
-683
-602
-482
-340
-191
-43
82
154
173
186
223
300
383
440
456
422
361
324
335
383
459
516
536
530
524
558
648
766
885
973
991
947
890
847
836
845
840
797
704
574
457
389
345
304
253
158
39
-86
-203
-323
-507
-772
-1019
-1151
-1165
-1132
-1157
-1284
-1468
-1595
-1568
-1374
-1146
-1014
-974
-950
-892
-791
-657
-498
-321
-151
-10
105
171
199
245
354
502
608
618
560
496
445
420
413
399
361
327
328
371
428
462
499
580
689
800
907
983
1013
1005
978
961
972
968
938
890
800
686
599
546
498
416
274
113
-15
-132
-277
-477
-778
-1121
-1345
-1386
-1320
-1288
-1377
-1550
-1689
-1714
-1578
-1341
-1146
-1066
-1040
-984
-880
-753
-621
-470
-321
-185
-59
38
74
65
91
211
386
511
528
463
375
348
440
587
663
592
441
380
474
652
818
911
914
914
998
1146
1265
1279
1219
1175
1185
1195
1148
1031
855
679
594
589
566
455
285
170
140
101
-32
-310
-731
-1165
-1407
-1430
-1383
-1433
-1629
-1865
-2016
-2019
-1872
-1641
-1430
-1289
-1188
-1086
-954
-830
-729
-584
-385
-209
-101
-49
-46
-48
-9
115
323
479
484
405
358
351
392
475
548
596
621
662
734
723
597
582
805
1160
1439
1479
1280
1024
937
1119
1427
1536
1351
1057
813
681
665
688
665
593
512
457
397
263
112
16
-143
-488
-953
-1358
-1585
-1660
-1672
-1704
-1870
-2146
-2321
-2264
-2044
-1761
-1522
-1364
-1233
-1116
-980
-764
-530
-351
-197
-45
62
116
154
183
202
266
394
468
422
361
368
412
463
533
610
681
731
795
917
957
819
749
987
1358
1586
1601
1432
1174
1029
1145
1391
1496
1330
998
703
569
532
506
492
468
386
313
295
239
105
-49
-322
-813
-1317
-1589
-1659
-1661
-1675
-1805
-2094
-2400
-2525
-2381
-2034
-1680
-1485
-1372
-1245
-1165
-1068
-819
-518
-314
-134
70
161
110
68
129
291
505
627
581
453
347
331
429
580
690
730
754
807
858
836
770
847
1167
1543
1719
1654
1437
1202
1133
1302
1543
1611
1437
1137
869
718
649
596
558
540
501
400
240
91
32
42
-99
-591
-1243
-1674
-1786
-1722
-1595
-1630
-2040
-2589
-2769
-2511
-2141
-1836
-1613
-1493
-1433
-1306
-1109
-911
-691
-421
-138
75
150
79
-26
-15
147
372
533
541
408
276
277
408
582
719
791
831
891
992
1123
1202
1141
1019
1060
1337
1656
1769
1630
1349
1091
1035
1223
1443
1423
1156
827
584
484
510
566
536
439
393
398
366
253
41
-362
-949
-1458
-1663
-1650
-1672
-1858
-2170
-2529
-2792
-2780
-2466
-2062
-1798
-1679
-1577
-1432
-1254
-1029
-739
-422
-164
-15
34
24
5
33
140
307
445
463
359
228
209
325
504
683
854
967
972
972
1073
1174
1164
1188
1410
1695
1803
1682
1456
1300
1318
1467
1585
1533
1284
952
739
715
752
688
545
459
450
409
256
100
88
197
128
-414
-1265
-1892
-2000
-1803
-1644
-1740
-2219
-2874
-3158
-2801
-2210
-1873
-1798
-1746
-1602
-1399
-1176
-952
-717
-452
-176
51
130
-3
-206
-211
63
402
560
462
240
116
224
472
694
831
924
1012
1071
1064
1013
1071
1327
1683
1941
1947
1695
1388
1305
1472
1675
1731
1607
1342
1038
842
782
766
735
693
654
613
528
335
99
34
198
323
-20
-905
-1817
-2173
-1972
-1690
-1659
-1935
-2485
-3036
-3118
-2644
-2093
-1810
-1682
-1528
-1387
-1323
-1234
-1016
-654
-254
37
118
-29
-275
-349
-111
244
447
435
266
106
137
359
581
740
898
1037
1137
1224
1200
1075
1120
1446
1798
1937
1836
1571
1320
1302
1489
1634
1608
1431
1195
1024
937
817
652
564
599
635
561
426
292
187
181
265
185
-358
-1212
-1834
-1940
-1769
-1663
-1854
-2371
-2918
-3116
-2904
-2530
-2157
-1836
-1625
-1521
-1430
-1317
-1138
-816
-399
-44
113
26
-181
-286
-138
193
481
571
451
249
144
222
433
666
858
1006
1108
1137
1143
1159
1182
1307
1593
1889
1982
1828
1548
1280
1191
1343
1558
1571
1352
1069
859
759
731
735
753
732
650
526
397
272
170
194
315
174
-545
-1577
-2218
-2167
-1865
-1799
-2027
-2456
-2966
-3221
-2959
-2447
-2085
-1845
-1558
-1344
-1321
-1325
-1147
-722
-172
214
242
37
-192
-304
-171
198
512
537
356
165
101
211
447
688
918
1134
1239
1223
1218
1260
1273
1363
1663
1988
2029
1817
1544
1319
1271
1445
1623
1550
1267
959
744
659
682
723
723
678
574
428
279
190
189
283
337
-9
-926
-1893
-2211
-1956
-1730
-1798
-2112
-2636
-3077
-3048
-2645
-2202
-1857
-1665
-1573
-1431
-1271
-1201
-1008
-542
-108
49
7
-160
-346
-270
63
344
446
411
257
104
113
264
470
700
899
1032
1107
1158
1237
1379
1493
1543
1662
1858
1933
1809
1591
1379
1265
1290
1376
1395
1286
1082
868
701
616
657
792
843
703
472
274
152
122
214
258
-126
-1010
-1841
-2076
-1905
-1820
-1903
-2147
-2630
-3054
-2999
-2603
-2290
-2030
-1731
-1562
-1495
-1379
-1241
-1025
-560
-81
45
-66
-189
-285
-216
97
384
435
391
323
214
222
420
642
839
1060
1208
1229
1250
1306
1326
1455
1748
1966
1937
1776
1625
1443
1334
1355
1341
1203
1077
1052
971
828
716
631
578
600
663
604
441
314
231
182
164
139
-179
-912
-1702
-2065
-1931
-1777
-1874
-2155
-2490
-2803
-2924
-2687
-2284
-1933
-1667
-1448
-1361
-1396
-1353
-1093
-618
-146
73
-12
-216
-319
-233
2
231
356
399
345
227
179
283
481
741
1043
1234
1268
1188
1106
1214
1570
1945
2033
1926
1778
1617
1524
1525
1521
1415
1305
1180
996
822
712
666
671
738
711
555
414
394
408
346
250
168
65
-324
-1093
-1829
-2031
-1868
-1857
-2052
-2282
-2560
-2857
-2838
-2499
-2151
-1912
-1633
-1368
-1288
-1266
-1142
-854
-482
-118
10
-86
-196
-209
-115
46
233
316
332
295
233
203
305
510
723
976
1167
1239
1244
1353
1442
1445
1562
1816
1983
1888
1720
1483
1244
1150
1249
1291
1096
868
724
693
626
581
543
587
641
630
523
371
300
264
285
207
-140
-962
-1784
-2050
-1801
-1633
-1856
-2235
-2645
-2901
-2870
-2522
-2155
-1867
-1592
-1382
-1336
-1368
-1281
-999
-532
-70
147
1
-259
-336
-142
118
274
335
346
339
275
226
282
496
795
1079
1238
1254
1214
1284
1424
1529
1657
1821
1920
1810
1643
1465
1274
1170
1201
1229
1057
839
668
525
455
518
603
585
538
499
430
336
313
289
231
198
64
-471
-1314
-1873
-1936
-1791
-1823
-2058
-2368
-2673
-2778
-2633
-2317
-2029
-1727
-1428
-1265
-1240
-1246
-1077
-724
-280
-5
-1
-109
-147
-124
-61
117
311
389
394
384
301
251
377
657
955
1165
1257
1239
1261
1401
1640
1844
1767
1497
1414
1632
1733
1492
1201
977
842
837
922
839
589
510
592
584
457
364
386
499
583
505
280
160
145
109
-81
-605
-1380
-1928
-1893
-1707
-1887
-2285
-2569
-2722
-2702
-2500
-2234
-2009
-1690
-1328
-1143
-1069
-993
-823
-518
-110
144
82
-32
-62
-42
48
199
320
334
372
418
365
354
496
755
1010
1169
1210
1187
1244
1362
1375
1391
1515
1692
1738
1608
1417
1161
1003
977
1010
958
781
647
569
527
469
429
433
464
504
522
458
352
261
201
146
12
-328
-941
-1514
-1746
-1724
-1772
-1955
-2156
-2367
-2514
-2458
-2250
-2062
-1849
-1538
-1278
-1184
-1125
-987
-764
-459
-159
-3
-27
-89
-92
0
149
279
334
358
385
372
346
408
580
780
972
1103
1154
1184
1290
1472
1613
1584
1389
1280
1423
1629
1598
1347
1048
777
645
722
831
760
604
523
453
318
248
326
438
491
473
345
146
64
110
44
-342
-929
-1431
-1660
-1663
-1708
-1930
-2211
-2395
-2462
-2379
-2148
-1904
-1690
-1425
-1167
-1083
-1052
-870
-582
-332
-126
-16
-60
-133
-97
23
134
225
291
340
378
401
401
465
644
848
991
1058
1085
1122
1263
1461
1490
1340
1289
1456
1619
1576
1383
1149
943
882
944
923
734
567
516
467
377
307
287
315
377
388
258
98
54
84
55
-151
-622
-1230
-1600
-1585
-1512
-1653
-1897
-2119
-2310
-2351
-2165
-1950
-1827
-1603
-1264
-1088
-1086
-1016
-803
-542
-262
-35
-24
-139
-131
-17
76
139
242
331
369
418
419
421
542
761
940
1005
1062
1111
1170
1313
1384
1291
1209
1345
1569
1577
1446
1261
1030
927
1007
1096
955
724
610
474
327
279
333
384
381
367
218
-8
-48
71
148
31
-257
-706
-1231
-1526
-1554
-1512
-1565
-1710
-1933
-2225
-2363
-2229
-1965
-1691
-1440
-1264
-1244
-1240
-1084
-844
-594
-328
-92
-21
-76
-110
-57
62
244
405
436
391
349
356
390
520
695
818
918
1010
1086
1136
1214
1251
1236
1287
1463
1600
1564
1426
1259
1123
1062
1079
1037
895
751
665
559
429
358
315
304
319
327
238
101
27
-23
-94
-231
-461
-818
-1178
-1372
-1435
-1486
-1568
-1667
-1830
-1984
-2007
-1922
-1804
-1668
-1470
-1300
-1210
-1135
-1006
-848
-667
-435
-245
-178
-170
-116
-20
82
202
297
343
386
455
508
528
586
699
808
886
959
1021
1085
1159
1192
1172
1183
1319
1470
1498
1393
1207
1025
938
982
1034
972
825
656
482
338
290
309
302
259
206
96
-61
-162
-160
-149
-210
-358
-630
-958
-1179
-1236
-1244
-1299
-1391
-1529
-1702
-1811
-1789
-1676
-1524
-1357
-1219
-1164
-1144
-1071
-933
-751
-539
-339
-220
-189
-167
-95
18
146
276
381
431
459
502
543
575
639
746
816
828
848
901
969
1043
1110
1113
1082
1121
1219
1272
1221
1103
969
874
860
869
812
677
538
420
308
233
204
191
172
137
58
-69
-172
-210
-234
-302
-440
-632
-837
-968
-1011
-1042
-1117
-1241
-1356
-1416
-1415
-1370
-1321
-1282
-1232
-1155
-1074
-1031
-984
-881
-733
-584
-460
-355
-262
-136
30
160
214
247
307
370
419
473
513
515
539
596
655
703
767
828
855
889
947
1000
1024
1046
1062
1043
993
935
875
831
804
774
705
599
497
425
387
353
284
183
89
25
-17
-71
-140
-225
-309
-392
-488
-589
-676
-730
-771
-831
-923
-1025
-1090
-1102
-1090
-1078
-1069
-1059
-1050
-1042
-1019
-979
-915
-819
-711
-614
-546
-484
-400
-300
-197
-85
25
112
178
248
312
353
389
439
491
526
559
602
636
674
727
785
829
858
894
934
955
965
965
953
940
930
905
855
794
737
687
638
585
514
431
353
283
208
125
50
-21
-100
-177
-269
-375
-470
-534
-596
-673
-767
-875
-981
-1070
-1127
-1161
-1184
-1192
-1194
-1208
-1226
-1226
-1183
-1101
-1001
-912
-844
-780
-700
-596
-491
-391
-290
-173
-53
49
120
169
224
306
415
523
604
666
712
752
804
875
960
1039
1094
1109
1097
1084
1101
1149
1180
1167
1097
1007
934
902
883
846
766
658
546
452
381
308
225
131
34
-63
-158
-256
-363
-467
-558
-627
-692
-771
-872
-978
-1071
-1131
-1169
-1205
-1252
-1308
-1349
-1366
-1345
-1301
-1252
-1195
-1135
-1058
-960
-841
-709
-586
-470
-363
-259
-155
-49
61
159
248
324
397
467
543
624
700
775
847
923
999
1070
1122
1154
1178
1207
1249
1287
1294
1251
1181
1115
1066
1027
977
907
819
723
622
521
422
334
258
180
91
-12
-125
-233
-336
-437
-540
-645
-741
-835
-933
-1040
-1149
-1233
-1289
-1324
-1354
-1390
-1423
-1442
-1433
-1391
-1328
-1248
-1159
-1059
-953
-843
-729
-611
-485
-347
-211
-90
11
93
168
247
337
433
519
594
652
707
767
836
915
988
1053
1102
1141
1167
1190
1213
1227
1236
1227
1201
1158
1103
1041
972
907
832
756
667
572
466
357
256
158
70
-19
-113
-226
-344
-467
-580
-676
-766
-846
-941
-1036
-1138
-1221
-1287
-1328
-1343
-1351
-1355
-1361
-1354
-1330
-1274
-1192
-1094
-991
-904
-819
-731
-624
-500
-368
-245
-148
-63
20
114
215
315
406
485
556
626
707
789
871
945
1009
1066
1114
1162
1204
1233
1251
1254
1238
1215
1185
1143
1096
1031
954
874
792
716
635
547
446
338
232
131
38
-57
-152
-258
-373
-485
-593
-691
-781
-867
-957
-1046
-1130
-1208
-1275
-1327
-1363
-1384
-1390
-1380
-1357
-1317
-1263
-1192
-1107
-1009
-900
-786
-670
-560
-452
-342
-235
-130
-28
65
152
235
311
392
478
563
648
732
813
889
963
1032
1097
1154
1199
1236
1255
1258
1251
1231
1202
1166
1123
1064
998
923
845
767
689
615
534
445
347
246
144
46
-45
-137
-234
-341
-454
-568
-677
-771
-859
-941
-1021
-1107
-1189
-1256
-1307
-1333
-1345
-1349
-1344
-1332
-1307
-1264
-1201
-1119
-1024
-926
-822
-724
-622
-515
-403
-289
-177
-73
23
111
193
274
359
449
542
631
711
787
859
929
1004
1075
1139
1192
1225
1245
1247
1243
1233
1215
1185
1139
1079
1006
927
850
773
703
629
548
459
364
268
176
87
0
-92
-193
-306
-430
-551
-662
-770
-863
-958
-1055
-1148
-1233
-1298
-1340
-1363
-1371
-1369
-1355
-1334
-1293
-1228
-1149
-1060
-965
-868
-765
-662
-552
-444
-331
-225
-124
-24
70
161
252
339
424
514
593
671
739
812
882
950
1012
1066
1108
1143
1170
1184
1190
1186
1177
1161
1132
1094
1034
967
893
819
744
664
576
473
361
246
131
20
-80
-181
-282
-390
-501
-610
-707
-791
-860
-919
-987
-1060
-1131
-1186
-1220
-1232
-1232
-1228
-1216
-1202
-1174
-1127
-1064
-989
-907
-821
-744
-664
-577
-480
-376
-272
-178
-93
-7
82
179
282
387
475
551
622
695
773
860
944
1020
1079
1121
1150
1171
1193
1212
1224
1219
1194
1147
1084
1019
958
896
826
756
669
576
476
371
265
151
40
-73
-193
-318
-446
-573
-690
-785
-866
-932
-992
-1047
-1097
-1136
-1160
-1177
-1181
-1177
-1178
-1176
-1168
-1150
-1114
-1066
-999
-927
-848
-761
-668
-568
-460
-346
-238
-134
-34
54
142
235
326
419
506
592
676
762
850
937
1019
1089
1144
1186
1211
1229
1240
1239
1225
1187
1134
1071
1008
952
896
830
747
647
538
428
326
237
147
47
-72
-204
-337
-463
-569
-659
-736
-811
-896
-982
-1066
-1128
-1167
-1182
-1177
-1175
-1177
-1183
-1183
-1164
-1118
-1053
-978
-909
-847
-789
-722
-636
-527
-408
-288
-180
-85
4
95
196
308
417
519
603
672
738
799
870
940
1005
1056
1094
1118
1133
1147
1158
1158
1143
1116
1070
1013
953
886
819
744
662
566
460
349
241
142
47
-49
-150
-257
-372
-486
-593
-688
-766
-838
-907
-976
-1041
-1100
-1150
-1175
-1181
-1171
-1147
-1123
-1095
-1065
-1025
-969
-902
-817
-731
-644
-560
-484
-404
-322
-228
-133
-35
64
153
243
326
411
498
586
673
749
823
885
936
986
1021
1049
1071
1086
1096
1094
1080
1055
1016
970
913
853
790
726
656
570
477
373
266
161
59
-39
-133
-229
-329
-431
-532
-632
-718
-789
-851
-901
-948
-991
-1027
-1053
-1067
-1067
-1057
-1030
-989
-937
-879
-827
-770
-713
-650
-578
-500
-420
-343
-272
-206
-132
-62
7
76
148
228
311
392
469
538
599
665
729
788
838
878
909
935
953
961
963
954
944
930
909
882
839
785
720
655
589
512
431
340
236
121
13
-95
-199
-303
-399
-491
-574
-653
-728
-801
-866
-915
-951
-972
-986
-993
-995
-990
-973
-948
-915
-871
-815
-749
-680
-605
-534
-462
-393
-324
-248
-171
-93
-19
50
113
174
232
293
357
427
496
564
629
685
734
785
827
871
910
940
961
964
957
934
907
874
837
790
742
682
609
533
446
358
269
182
93
5
-85
-183
-281
-375
-463
-544
-612
-669
-724
-771
-813
-856
-893
-920
-937
-940
-931
-921
-907
-886
-860
-827
-787
-734
-670
-600
-524
-448
-372
-302
-229
-152
-70
13
99
182
255
323
386
447
503
564
621
678
728
771
804
829
848
866
881
893
899
896
880
852
819
781
737
686
625
557
483
400
315
227
136
45
-44
-132
-221
-307
-393
-473
-548
-618
-682
-737
-782
-821
-853
-883
-905
-923
-931
-926
-910
-884
-855
-821
-783
-739
-686
-626
-563
-496
-423
-348
-273
-193
-113
-32
44
120
199
275
349
419
484
544
604
658
711
757
795
835
862
883
901
911
909
899
881
855
822
782
733
674
611
544
464
384
303
220
137
52
-34
-124
-212
-298
-378
-449
-513
-574
-628
-685
-734
-777
-813
-833
-849
-854
-853
-844
-833
-820
-798
-770
-734
-691
-640
-589
-534
-477
-419
-359
-297
-228
-158
-86
-12
59
127
196
263
328
395
461
524
581
631
679
717
751
782
807
828
839
843
839
825
805
776
739
698
654
606
548
484
415
340
263
188
115
40
-36
-115
-195
-270
-346
-417
-481
-541
-594
-645
-693
-740
-779
-810
-831
-840
-842
-838
-823
-805
-780
-749
-709
-663
-610
-551
-488
-425
-364
-300
-236
-166
-96
-18
60
134
203
268
330
391
449
509
567
621
664
699
720
734
746
757
768
774
775
765
745
713
677
638
602
565
523
473
416
347
273
197
121
51
-19
-89
-163
-239
-311
-380
-444
-505
-560
-611
-654
-695
-723
-744
-757
-765
-766
-761
-749
-729
-701
-668
-634
-596
-559
-518
-475
-430
-385
-334
-282
-231
-175
-116
-53
6
67
136
205
273
344
406
464
520
568
610
650
686
712
727
739
743
742
740
732
727
711
689
659
627
590
551
504
449
388
319
249
167
86
8
-75
-158
-236
-310
-379
-435
-487
-533
-571
-605
-636
-659
-678
-690
-699
-707
-716
-718
-721
-711
-693
-671
-638
-601
-563
-514
-458
-400
-337
-273
-208
-148
-91
-32
22
77
129
180
231
279
328
375
425
473
521
566
607
640
667
693
712
724
728
724
712
694
674
646
614
577
533
486
433
374
310
245
176
101
24
-50
-124
-199
-269
-336
-395
-452
-502
-547
-587
-619
-647
-665
-679
-691
-696
-694
-689
-680
-663
-638
-611
-577
-534
-491
-441
-387
-334
-276
-216
-156
-94
-37
19
73
125
174
223
271
316
359
398
439
478
515
550
582
607
629
646
655
658
656
649
630
608
579
546
509
467
422
372
318
265
206
148
88
24
-33
-93
-157
-217
-277
-337
-387
-435
-478
-517
-554
-582
-607
-625
-638
-644
-644
-641
-633
-619
-602
-578
-550
-517
-477
-440
-391
-342
-291
-238
-188
-135
-82
-29
22
72
121
169
216
262
306
349
394
434
474
509
542
572
599
622
639
650
656
655
649
634
613
582
546
507
459
408
354
295
235
176
114
53
-7
-67
-122
-177
-231
-284
-333
-376
-418
-457
-490
-515
-543
-566
-583
-597
-604
-606
-601
-596
-586
-570
-556
-530
-504
-469
-432
-393
-349
-304
-254
-202
-143
-87
-31
25
77
134
186
238
286
329
370
406
441
473
504
527
548
564
572
578
580
578
570
558
538
512
481
447
407
368
325
278
231
177
128
81
32
-18
-66
-109
-154
-200
-243
-284
-322
-357
-391
-423
-452
-478
-496
-511
-523
-529
-532
-529
-521
-508
-486
-462
-434
-404
-369
-330
-292
-254
-214
-176
-138
-97
-59
-16
23
65
107
151
192
233
274
315
349
384
413
439
462
477
492
498
500
497
491
482
470
451
427
398
369
333
296
255
212
167
121
76
31
-11
-59
-100
-144
-183
-220
-256
-287
-318
-341
-361
-380
-395
-405
-411
-412
-413
-414
-409
-403
-395
-385
-372
-357
-340
-320
-301
-277
-250
-220
-190
-153
-116
-78
-37
3
43
83
120
162
197
231
262
291
320
344
366
385
400
410
421
425
426
422
415
406
392
375
355
330
308
281
253
220
184
146
107
73
37
-3
-44
-81
-122
-158
-190
-224
-253
-282
-307
-332
-350
-368
-381
-390
-397
-400
-404
-401
-396
-391
-385
-369
-354
-337
-315
-294
-266
-238
-208
-174
-139
-101
-63
-22
19
62
100
137
176
212
248
277
303
331
351
367
381
390
394
397
397
396
386
377
362
349
335
315
294
271
248
221
193
166
136
104
70
39
7
-28
-60
-95
-129
-159
-191
-222
-248
-275
-302
-322
-340
-358
-366
-374
-382
-382
-381
-378
-368
-359
-346
-329
-307
-289
-260
-232
-206
-172
-141
-110
-76
-40
-10
23
60
91
124
155
180
209
235
258
280
298
317
332
344
351
357
359
359
352
345
332
317
300
279
256
235
208
180
155
125
91
64
35
6
-26
-55
-86
-114
-140
-167
-191
-213
-238
-260
-276
-291
-306
-317
-325
-332
-329
-332
-326
-314
-303
-293
-279
-260
-238
-213
-190
-168
-136
-111
-82
-49
-20
16
47
77
105
135
163
187
213
234
248
261
271
283
297
303
304
308
305
298
292
283
272
256
234
213
191
164
138
112
88
61
35
6
-21
-42
-62
-85
-107
-124
-145
-164
-182
-192
-204
-221
-237
-246
-254
-261
-268
-271
-270
-265
-260
-251
-237
-222
-202
-183
-163
-141
-119
-98
-76
-52
-31
-11
12
31
52
71
89
105
125
142
157
173
186
196
205
215
221
222
224
224
222
217
210
203
193
182
171
160
145
130
117
103
89
71
52
35
12
-7
-25
-45
-62
-80
-95
-109
-121
-136
-143
-151
-158
-166
-174
-179
-184
-187
-192
-194
-195
-193
-192
-189
-180
-171
-159
-147
-131
-115
-96
-78
-59
-40
-21
0
16
35
55
71
85
98
116
129
142
152
163
173
175
180
190
195
190
182
179
175
169
156
145
133
124
107
85
72
63
49
23
5
0
-9
-35
-57
-60
-63
-83
-107
-109
-105
-113
-134
-138
-130
-128
-141
-157
-151
-138
-143
-157
-156
-136
-124
-134
-141
-122
-97
-90
-93
-81
-48
-31
-27
-19
8
36
47
51
68
94
108
107
108
126
141
143
134
135
145
144
129
123
127
124
109
93
89
88
76
66
56
47
36
27
15
7
3
-7
-13
-21
-31
-42
-46
-53
-66
-76
-75
-76
-85
-94
-94
-84
-81
-90
-88
-75
-67
-78
-83
-74
-61
-67
-77
-69
-57
-58
-65
-57
-40
-35
-36
-28
-10
2
2
10
29
44
46
42
53
64
58
56
65
81
81
68
69
81
86
77
72
78
86
70
55
56
57
50
30
28
34
30
10
-3
2
6
-2
-15
-16
-14
-20
-36
-44
-41
-40
-49
-56
-57
-54
-55
-64
-59
-51
-52
-56
-55
-50
-49
-51
-52
-46
-42
-42
-44
-35
-26
-22
-17
-10
0
6
10
13
24
31
31
33
41
44
44
43
44
49
51
46
44
44
40
38
39
40
36
32
28
22
23
23
19
15
12
12
8
2
-2
-1
-3
-6
-11
-12
-13
-19
-20
-19
-21
-20
-22
-23
-25
-27
-25
-22
-21
-21
-22
-23
-25
-26
-21
-20
-18
-18
-20
-17
-20
-19
-16
-7
-3
-5
-8
-7
-5
0
6
11
15
11
6
7
8
14
20
25
24
20
16
13
16
20
25
26
23
15
9
3
1
8
12
13
12
3
-5
-9
-5
1
7
9
4
-4
-7
-8
-5
0
-1
-2
-5
-10
-13
-11
-9
-6
-6
-9
-13
-15
-16
-12
-10
-8
-6
-9
-10
-10
-9
-5
-1
0
0
2
3
3
3
7
9
13
13
9
8
4
5
9
11
11
12
9
8
4
6
9
10
10
10
11
6
2
3
4
3
2
-1
-5
-9
-6
-3
-3
-3
-4
-7
-9
-9
-7
-5
-5
-4
-3
-5
-9
-5
-4
-4
-4
-1
-1
-5
-5
-1
1
1
-1
0
-3
-4
-7
-5
-2
-5
-4
-2
-4
-3
-3
0
1
2
2
2
0
2
2
3
6
9
10
8
6
4
6
9
11
12
12
9
5
4
3
2
4
6
3
0
-4
-3
-4
-2
-1
0
-1
-2
-3
-5
-5
0
-3
-1
-1
-1
-4
-5
-3
-4
-2
1
-1
-1
-2
0
-1
1
3
-1
0
0
0
1
1
1
2
0
0
-1
-3
-4
-1
1
2
0
0
1
2
2
2
3
3
0
0
-1
-2
2
1
1
1
1
3
2
-1
-1
1
1
0
-3
-2
-2
-4
-5
-3
-3
-2
-5
-6
-4
-2
-1
-4
-2
1
1
0
2
3
3
2
1
2
0
3
4
3
3
2
1
0
-2
-1
0
1
4
2
1
4
3
3
3
3
5
4
5
2
2
1
-3
-2
1
1
1
-3
-4
-1
-3
-2
-4
-3
-3
-3
-4
-2
-2
-1
0
3
3
3
1
-2
1
2
1
0
-1
-2
1
0
1
2
2
1
0
1
-1
-4
-4
-4
-3
-1
-2
-4
-1
1
3
1
1
2
2
5
2
2
4
2
1
1
2
0
-1
-1
-1
0
-1
-3
-2
-2
0
0
3
3
1
1
1
1
1
-1
0
3
3
0
-1
-1
-3
-1
-2
0
2
-1
0
1
-1
-2
-4
-3
-2
-1
0
0
1
1
3
3
4
5
3
1
2
1
0
1
-1
1
2
2
1
1
2
0
0
-3
-2
-1
-1
-1
-4
-2
-1
-2
-2
-1
-2
0
0
0
1
2
2
0
0
0
-1
1
1
1
2
-1
2
1
2
2
-2
-1
-1
0
1
1
2
0
-1
-1
0
-1
-1
1
0
0
0
-3
0
-3
-4
-1
-2
-2
-2
-1
-2
2
1
1
1
2
2
2
2
-2
2
4
3
2
1
0
0
1
2
0
-1
-1
-1
0
0
-3
0
0
0
1
0
2
1
1
2
2
0
-1
-5
-2
1
2
4
4
3
3
1
2
2
3
1
2
1
0
-1
-2
-2
-2
-2
-2
-1
-1
-1
-2
-1
-3
0
1
1
-1
-1
-2
0
0
0
-3
-4
-2
-3
-3
-1
1
-1
0
2
2
0
3
3
1
0
4
1
-2
0
1
0
-1
-2
0
-1
0
0
-1
2
2
1
1
1
1
2
1
5
5
5
6
-1
-1
-1
-3
-1
-2
-1
-1
-3
-3
-4
-2
-1
0
2
2
3
0
-1
-1
-1
-2
-1
-1
-1
-1
1
1
-1
0
0
0
-1
-1
-2
-1
-2
-3
-2
-2
-1
0
-1
-2
-1
0
1
2
3
4
2
4
5
4
4
1
2
1
2
2
1
1
0
0
-3
-1
1
-1
-2
0
1
1
-1
0
0
-2
0
-2
-1
-2
-3
-3
0
-2
-4
-2
-1
-1
-2
-2
0
1
1
-1
-1
-1
-1
0
0
1
4
4
2
4
5
1
3
3
2
1
0
-1
0
1
1
-1
-1
-2
2
3
0
0
1
1
3
1
-1
-2
-2
-1
0
0
0
-2
-2
-2
-1
1
1
2
0
0
1
0
0
-1
0
0
-1
0
-3
-5
-5
-3
-2
-4
-4
-4
-2
-1
2
3
4
3
2
4
4
1
3
2
0
4
1
3
0
1
1
0
1
0
-1
-2
-1
1
2
2
-1
0
0
0
-1
-1
2
0
1
1
2
1
0
1
-1
0
-1
0
-2
-1
2
1
3
0
1
-2
0
1
-1
-1
0
1
0
0
-4
0
-1
-1
-3
-1
-1
-2
-2
-3
0
1
-2
2
1
0
-1
-2
-1
-3
1
0
2
3
2
2
0
0
-3
-1
-3
-1
-1
-2
0
-2
1
-1
-1
-1
3
2
3
3
0
3
2
5
3
2
-2
-1
3
1
-1
1
-2
-4
-2
-2
-1
-2
-1
-1
0
1
4
4
2
5
2
-1
1
1
0
-1
-1
-4
-2
-2
-2
-2
-1
0
2
3
2
3
1
2
1
0
2
1
-1
-2
0
1
-2
-4
-3
-1
0
0
1
3
3
1
0
2
0
-1
0
1
2
0
-3
-4
-3
-4
-4
-3
-2
-4
-3
-2
-1
1
-2
-1
-1
0
-1
-1
2
0
1
2
0
-2
1
0
1
1
0
3
0
-3
0
2
2
0
1
2
0
1
3
4
3
1
5
1
2
1
0
2
2
2
1
0
-1
-1
-1
-4
-2
-2
-1
2
1
2
0
3
2
6
4
0
0
0
0
0
-2
-4
-5
-5
-6
-5
-3
-4
-2
-1
-1
0
-4
-3
0
0
0
-1
0
0
0
2
2
3
3
2
3
4
4
1
0
0
0
-2
-1
-1
-1
0
0
0
1
1
1
3
2
4
1
2
3
3
2
0
-2
-2
-2
-6
-3
-2
-4
-3
-3
-2
1
-1
0
0
2
1
1
2
2
0
-1
2
2
-1
0
-1
-1
2
1
-2
0
0
0
-1
-2
-2
-3
-5
-4
-2
-3
-3
-3
-5
-1
0
2
0
0
2
1
3
1
-1
2
4
3
2
2
3
3
3
3
2
2
3
0
-2
0
0
-1
-2
-2
-3
-3
-2
1
-2
-1
2
3
2
2
1
3
1
3
2
-1
1
1
-1
-1
2
-1
1
1
0
2
3
2
-2
-3
-1
-1
0
-1
-2
0
-4
-4
-4
-3
-1
-4
-3
-5
-3
-1
-1
-3
-2
-4
-4
-3
-1
0
-1
-1
1
3
1
1
3
3
3
5
1
0
1
2
0
1
1
1
1
3
2
2
4
3
0
1
1
2
2
2
1
5
4
1
1
1
0
-1
-3
-1
-1
-2
-1
-1
-4
-3
-1
1
0
0
1
-1
-1
1
-2
-2
1
0
0
0
-1
1
0
1
0
0
-3
-2
-5
-5
-4
-5
-2
-2
-2
0
-1
-1
2
3
6
4
3
4
2
2
4
2
3
1
-3
-2
-1
0
-3
1
0
-1
-2
-3
-1
1
0
-1
0
0
1
0
0
1
-2
-2
-1
1
3
0
0
2
0
-2
-2
-1
2
-2
-5
-4
0
2
-1
-3
-1
1
0
-4
-3
0
0
-3
1
2
2
5
0
1
5
2
3
3
2
3
0
4
3
2
-3
1
4
4
-1
-2
1
-1
-2
-3
0
1
2
-1
1
3
3
2
0
1
1
-1
0
-2
-3
-2
-3
0
-2
-4
-3
-2
-2
-1
-2
-2
1
1
-2
-4
-2
0
2
2
1
-1
1
1
0
0
-2
0
0
-1
1
-1
0
3
0
-1
-3
0
-2
-2
0
0
-1
1
0
0
-1
2
2
1
0
1
0
0
0
0
1
1
2
4
4
1
-1
2
1
0
0
-1
0
0
-1
-2
-1
-1
-1
0
0
0
0
-1
-4
-3
-1
0
-3
-3
-1
-2
1
2
-1
2
3
2
2
3
2
1
2
0
1
1
-1
0
-2
0
-2
-1
1
-2
-1
1
0
-1
0
0
-1
0
-3
-5
-1
1
-2
-1
1
2
2
0
0
-1
1
0
1
3
1
1
-1
2
0
1
4
1
2
-1
-1
-1
-1
0
-1
-1
-2
-1
-3
-3
-1
-2
1
1
1
2
1
-1
0
1
0
3
3
3
1
1
1
1
-1
-1
-2
-1
2
2
-1
-2
-3
-1
1
0
-1
1
1
1
2
-2
-1
0
-2
0
2
2
3
0
-1
-1
-2
-2
-2
-4
-2
-2
-3
-3
-1
1
-2
1
-2
-2
-2
-2
1
2
4
2
3
1
2
3
-1
0
-2
0
1
2
1
2
2
1
2
3
3
2
2
2
2
0
0
-1
-4
-5
-4
-3
-3
-2
-3
-3
0
0
0
0
0
0
-1
2
1
1
2
4
3
1
-1
0
4
1
0
0
-1
-1
-1
-3
-3
0
0
-1
-1
0
2
1
1
1
-1
-2
-3
-2
-1
1
-1
-1
-1
0
-1
-3
-2
0
1
0
2
2
-2
-1
1
2
1
-1
1
2
2
0
0
1
-2
-2
-2
0
1
0
-2
-2
-2
-3
0
0
2
0
1
0
2
2
0
-1
1
2
1
0
3
2
3
2
-1
0
-2
-2
-1
-2
-2
-4
-4
-2
-1
0
-2
-1
-1
0
1
0
4
4
2
1
0
1
3
2
1
1
1
1
-1
0
1
1
2
2
3
3
4
4
2
1
-1
-2
-1
-2
-4
-3
-3
-3
-5
-5
-3
-4
-3
-1
0
-1
-1
-1
0
3
2
2
0
1
2
1
1
1
2
-2
-3
1
1
0
-1
0
1
1
3
2
1
1
2
1
0
0
0
0
-2
-1
-2
-1
-2
0
-1
1
2
0
-1
-1
2
0
-1
2
1
0
1
4
0
-1
-1
0
1
0
1
-2
-1
-2
-2
1
1
0
-1
0
0
1
0
-2
-1
-3
-2
0
0
2
1
1
2
1
1
0
-1
0
1
-2
-1
0
0
-2
0
-2
0
-1
-1
-2
-3
-1
-1
-1
-1
-1
1
2
1
3
5
3
3
4
0
2
1
1
1
2
1
-2
0
-2
-3
-3
-1
0
0
0
0
0
0
-1
-1
0
0
1
-2
0
0
-1
-1
2
0
-1
4
1
2
0
-1
-2
0
0
1
1
0
1
1
0
-1
0
1
-1
0
-1
-1
-4
0
-2
0
1
0
1
0
2
1
0
-2
-2
-3
-2
-1
-1
-2
-2
0
1
2
2
3
1
0
2
2
2
4
3
1
0
0
0
-3
-3
1
-2
-3
-3
-1
-3
-3
-1
-1
-2
-2
1
3
3
3
1
2
3
1
1
3
2
0
1
-1
1
0
0
1
1
0
-2
1
-2
-2
-3
-3
0
-2
-3
-2
-1
-1
-3
-4
0
-3
1
1
-1
3
2
1
0
1
2
3
3
1
1
1
2
1
-1
1
-1
1
1
-3
-2
-4
-3
-2
-2
-1
1
0
-1
-2
-1
1
1
2
1
1
2
1
1
0
2
1
3
2
2
4
4
6
0
2
3
-2
-1
-2
-2
-5
-3
-2
-4
-2
-2
-2
-2
-2
-4
-2
-4
-2
-2
-1
-1
0
-1
-1
1
1
0
1
2
3
4
2
3
3
2
-1
-1
1
2
3
1
-1
1
1
-2
0
1
-1
-1
0
-1
-2
-2
-4
-2
-1
-1
-2
0
-1
1
-2
-3
3
0
-1
-1
3
3
2
3
2
1
-1
-1
-1
-1
3
2
1
2
1
1
-3
0
2
1
-1
0
1
1
1
-3
-2
-1
-3
-3
-3
-1
1
-1
0
-1
1
2
-1
2
1
2
0
0
0
0
-3
-3
1
0
0
0
-1
0
0
1
0
0
1
-1
1
1
2
-3
-1
3
2
1
-1
0
3
4
1
-2
0
-1
0
-1
0
1
-2
-3
-1
1
2
0
-1
2
2
-1
-1
0
-1
0
2
0
1
-1
-2
0
0
0
-2
-2
-3
0
-3
-2
0
1
0
-2
2
0
0
-2
-1
1
0
-1
-1
0
1
1
1
1
2
3
0
0
0
1
-1
-4
-1
2
0
0
3
2
1
2
2
4
3
1
0
-1
0
-1
-3
-2
1
3
1
2
1
0
-1
-3
-3
-1
-3
-2
-1
2
2
0
1
0
-3
0
1
3
0
-2
0
1
1
1
1
1
1
1
2
-1
0
0
-1
1
-1
1
-3
-3
0
-2
-3
-3
-1
0
-2
-4
0
0
-1
-1
-2
-1
-1
-2
1
-2
-1
0
0
1
-1
0
1
2
0
0
3
2
0
0
0
0
3
3
0
1
1
-1
1
-3
0
1
