2
5
3
3
-2
-1
0
-2
-2
-1
0
-1
-1
-2
-2
1
-1
1
-1
-3
0
-3
1
2
5
4
2
3
0
-1
-1
0
0
0
-2
-4
-4
0
-1
0
-2
-2
-2
-1
-1
-2
1
-1
-1
-1
-2
2
1
-1
2
4
1
0
3
1
2
3
0
0
1
0
1
2
0
4
1
0
1
-1
-1
-1
-3
1
-2
-3
-2
-1
0
-1
-3
-3
-2
-1
-1
-1
-1
-2
-2
0
-2
-1
2
1
3
2
1
2
-2
-1
1
2
3
2
-1
0
-1
0
0
1
3
1
0
-1
0
1
1
1
2
2
0
0
0
-1
1
2
5
0
0
-1
-2
-1
-2
-1
-1
0
0
-1
0
-1
1
2
-2
-3
-2
-3
-2
1
-1
-1
-1
-1
3
1
4
2
0
1
1
1
0
-2
-4
-1
1
1
-1
2
4
3
1
2
-2
-2
-2
-2
-1
-1
1
0
-3
-2
0
0
0
-1
0
-3
-5
-3
-2
0
-1
-1
-1
-1
0
1
1
1
1
0
-2
-1
-1
-2
1
0
1
-1
-1
1
2
4
3
2
0
1
2
0
6
2
2
1
0
3
5
4
3
3
3
4
3
5
2
2
3
0
-3
-5
-4
-5
-3
-2
-1
-3
-6
-5
-5
-1
0
-2
-2
-2
-1
0
0
2
2
5
3
2
0
1
0
-1
0
-1
3
0
-2
-1
1
-1
1
0
-2
-1
-1
2
1
-1
0
-1
-1
-2
-1
0
1
1
0
-1
-5
-3
-3
-3
1
-1
0
2
2
2
4
0
0
1
0
1
0
1
2
2
1
-1
0
2
2
2
3
1
2
1
0
2
1
1
0
0
-3
1
2
0
0
2
1
0
0
-2
0
-3
-2
-2
-3
-3
-2
-3
-2
1
1
-1
1
-1
-2
1
1
0
2
1
1
1
2
1
-3
0
-2
-2
-2
-1
1
-1
-1
-1
0
1
3
3
2
1
0
-2
-2
0
0
1
-2
0
0
0
-1
-2
-1
0
-1
-2
0
1
2
1
2
3
1
1
3
2
2
3
1
0
-1
-2
-2
-2
0
-1
-3
-2
-2
-6
-5
-2
-3
-4
-4
-2
-2
-1
0
0
1
-1
0
-1
0
0
0
1
0
1
0
2
4
5
5
6
3
3
1
1
2
5
4
2
2
0
0
0
0
0
0
1
-2
2
1
3
3
0
0
0
0
-2
-2
-2
-2
-4
-3
-4
-4
-3
-4
-2
-1
-1
-3
-2
-1
1
3
3
1
3
4
3
4
4
3
3
2
3
0
-2
2
0
0
-1
-3
-2
-3
-3
-2
-1
-1
-1
-1
-1
-1
-2
2
2
2
-2
-1
-1
-2
-3
-4
-3
-5
-5
-5
-4
-2
1
2
2
0
0
1
0
2
2
0
1
1
1
0
3
0
1
0
-1
-1
1
1
2
1
2
2
2
1
2
5
4
6
6
4
3
3
3
4
3
2
0
-1
-1
-2
-2
-3
-6
-5
-4
-2
1
0
2
3
1
0
0
-2
-2
-1
1
-1
-1
-2
-1
-4
-4
-3
-2
-1
-1
0
1
-1
-1
-1
-1
2
3
3
2
2
2
0
2
3
0
0
0
-6
-5
-4
-4
-3
-5
-3
-4
-6
-3
-4
-2
-2
-3
-2
-3
0
1
-1
3
3
1
3
3
1
0
3
3
4
5
2
1
0
1
1
6
6
2
1
3
2
3
3
3
2
1
2
1
-1
1
2
1
0
-1
-1
-2
-2
-1
-1
-1
-2
-1
-2
-3
-2
-1
0
-1
0
0
-1
0
0
0
-1
2
0
-1
-1
-1
-1
0
1
-3
-2
-2
-1
1
1
-2
-1
-2
-1
-2
2
2
0
3
0
0
-1
-3
-2
-2
-1
-1
-2
-2
-1
1
1
-3
-2
-1
-1
0
-1
1
2
-1
3
5
5
4
4
1
0
2
0
0
0
1
1
1
-1
-2
-2
0
2
1
2
2
-1
-1
2
0
-2
1
2
1
-2
-1
0
0
1
1
2
0
0
-1
-1
2
3
-2
-4
-2
-2
0
1
1
0
1
0
1
2
4
3
0
0
0
-2
-2
-2
-1
0
-1
-1
0
-1
-3
0
-1
-3
-1
-2
-1
-1
-1
-1
-2
-1
1
-1
-1
0
0
1
0
1
3
1
1
0
-1
-1
-1
0
1
0
1
0
0
1
1
3
2
2
-1
0
-2
0
-1
-2
2
0
1
-1
-1
-3
0
3
1
-1
0
-1
0
2
4
3
1
0
-1
-4
-1
-1
1
1
0
2
1
2
1
2
-1
0
-1
-3
-1
0
1
1
4
2
1
-1
-1
-1
0
0
-3
-2
-2
-3
-5
-5
-1
0
-1
-1
2
4
3
2
0
0
1
-1
0
1
1
-1
-2
2
0
0
0
1
2
0
1
0
0
-1
-1
-2
-1
0
1
-2
0
-1
0
2
1
1
-1
0
1
3
1
1
-1
-2
0
2
-2
0
1
2
0
0
1
0
1
1
1
0
-2
-2
-3
-2
-1
-1
-2
-2
0
2
2
-1
0
1
2
1
-1
2
1
-2
0
-1
-1
1
-2
0
1
-1
1
2
0
1
0
-1
0
-1
-1
-1
2
-1
-1
-1
1
1
0
2
2
2
0
-2
-2
-3
-2
-4
-2
-2
-1
0
1
2
0
2
3
3
2
1
3
1
1
0
1
2
-1
0
-1
0
-1
-2
-2
-2
-1
-1
-2
1
1
1
1
-1
-1
0
0
0
0
0
0
1
-1
2
-1
1
2
-2
1
1
-1
1
1
0
1
0
0
2
1
1
3
0
-3
-4
-2
-3
-4
-2
-3
-3
-2
-2
0
1
1
3
0
-1
3
1
1
1
-1
-1
-1
-4
-2
-1
0
-1
1
2
-1
0
3
3
1
3
2
3
1
0
1
4
2
4
6
4
3
0
0
-3
-5
-4
-3
-4
-3
-4
-5
-4
-4
1
1
2
4
2
1
2
2
2
0
0
0
0
2
1
-2
-3
-1
1
-1
-1
0
-1
-1
0
1
-4
-3
-1
0
3
1
3
6
4
2
2
1
0
0
1
0
1
1
-1
-2
0
-1
-2
-1
-1
-3
-4
-3
-3
-2
-3
-2
-2
-5
-1
-1
0
-1
1
1
2
2
2
1
-3
-1
0
1
2
2
1
2
3
3
2
2
3
2
1
2
4
1
2
1
1
1
1
2
0
-2
0
0
0
2
1
2
0
-1
0
-2
-2
-2
-3
-2
-1
-2
-2
-1
-3
-4
-2
-2
0
0
-1
0
0
0
0
-3
-3
-3
-3
-2
-1
-2
-3
-4
-3
0
-1
0
1
1
0
-2
0
0
1
1
3
3
4
3
5
4
8
7
4
5
3
1
1
2
0
0
2
2
1
1
-2
-4
-3
-4
-2
-2
0
0
-1
-1
0
1
-1
0
0
1
-2
0
0
-1
-2
-2
-1
-4
-1
-2
1
-1
-1
-1
-2
-1
-3
0
-1
3
2
1
3
1
0
-3
-1
-1
1
0
-1
0
-1
-1
-2
-1
-1
-1
0
-2
-2
-1
2
2
2
0
0
0
1
2
0
0
0
-2
0
1
0
1
1
0
-1
2
-1
-1
3
2
2
0
2
3
1
1
1
0
-2
1
-1
-2
1
4
2
2
1
-1
2
3
2
-1
-1
1
1
-1
-1
0
0
1
0
-2
-3
-1
-3
-3
-2
-2
-2
-3
-4
-4
-4
-3
0
1
0
1
1
-1
1
1
-1
1
-1
1
-1
0
-1
-1
1
-1
0
0
1
2
1
0
-2
2
3
3
2
0
1
-1
-2
0
-3
-4
-3
-2
-1
-1
-1
-2
0
1
3
2
2
0
1
1
1
2
1
2
2
2
2
1
2
2
2
0
1
2
0
-2
-2
-1
-2
0
-1
-2
-1
0
2
4
2
1
-5
-8
-3
-2
-5
-5
-1
-2
-3
-4
-1
-2
-5
2
4
-3
-6
-6
7
1
-6
11
15
11
10
6
9
2
-16
-25
-28
-27
-23
-24
-31
-14
5
-11
-12
5
3
5
52
65
30
31
29
18
19
13
-12
-12
0
-33
-19
-49
-74
-11
-10
-17
22
-19
-10
-4
-715
-1143
-506
-109
-120
2
91
71
89
160
482
781
745
676
579
442
442
526
564
466
321
235
87
-42
-76
-128
-143
-142
-207
-248
-307
-430
-415
-291
-286
-277
-303
-336
-209
-223
-206
-7
55
-7
46
2
-34
54
-54
-13
32
-57
-49
-78
-196
-171
-27
-151
-57
23
-63
51
-55
52
117
18
173
132
97
62
17
64
29
51
41
45
24
-62
14
17
-65
39
69
12
83
124
59
41
90
49
65
112
70
77
48
2
57
59
-47
-14
89
29
-50
9
-1
-74
-59
-55
-4
-47
-124
-5
9
-18
9
-1
8
-14
31
38
-29
-11
31
2
-53
-50
-67
4
15
-17
8
-99
9
40
-83
39
55
12
25
-18
-56
55
-13
-135
70
-22
-82
8
-74
7
-51
-41
69
-70
-24
18
-75
-30
-25
-11
-22
-13
-12
-87
83
52
-125
76
48
-60
21
0
23
6
33
35
7
-20
-19
135
-47
-82
92
-32
-10
-95
-33
131
-84
-72
62
24
-9
27
48
57
-15
-56
82
27
-34
44
77
32
26
45
-65
69
126
22
25
21
120
-7
-49
62
22
22
-38
8
-21
-30
88
-40
-59
47
28
-7
-107
55
95
-239
-1
57
-162
25
-138
-66
31
-38
-34
-108
12
-61
12
53
-166
38
8
-94
-53
-7
3
-212
86
108
-269
157
-64
-127
284
-155
-14
140
-54
45
35
106
-112
77
150
-243
203
-41
-121
292
-131
-61
107
28
21
-22
107
22
48
-55
-8
198
-45
-103
130
121
-73
-117
100
81
-153
101
-42
-84
225
-173
-200
155
69
-194
36
23
-136
61
-74
-27
41
70
-92
-66
155
-21
23
-24
13
78
78
-80
-46
246
-93
-24
16
3
128
-137
-19
51
5
-125
-40
75
-52
-56
-45
-22
-19
-39
-67
51
28
-86
16
8
15
-30
57
-6
-90
213
-81
-136
161
82
-103
-8
153
-86
5
96
-116
-46
189
-26
-225
145
80
-207
-6
64
-16
-2
-74
7
53
-45
-78
102
39
-105
148
-95
-28
133
-134
125
23
-97
128
0
-185
137
44
-94
57
-103
118
-56
-103
50
40
-21
49
-38
-45
180
-107
-46
72
44
-19
8
2
-9
33
-105
80
36
-114
54
-28
67
-78
-64
168
-148
64
73
-91
79
23
-69
30
103
-84
31
24
-41
-2
66
24
-169
-40
215
-63
-240
84
92
-40
-140
51
25
-31
40
-142
139
40
-214
226
-15
-160
123
5
-6
-88
78
16
-46
19
-74
143
-100
1
-30
48
52
-140
93
-72
148
-189
50
188
-193
6
25
180
-167
-24
106
-20
-48
15
62
-86
39
12
11
-161
304
-135
-204
377
-299
200
-60
-67
129
-144
154
-99
97
-112
81
87
-219
71
195
-144
-183
317
-138
-132
190
-79
11
-22
-59
125
-84
-15
77
-52
-17
45
-14
-63
107
-61
-97
172
-101
-43
153
-141
48
-90
166
-31
-210
317
-209
55
22
-148
277
-160
-160
207
11
-114
-39
146
-34
-162
194
-153
112
27
-211
216
-97
-5
63
-42
-63
163
-159
94
2
-188
343
-202
-75
30
232
-150
-147
180
-11
-38
34
10
-199
309
-107
-115
122
-66
40
46
-56
-75
56
76
2
-187
95
184
-143
-116
146
-15
2
-94
79
157
-315
126
99
-31
-63
-119
231
-13
-203
41
171
-29
-214
94
112
-24
-92
-63
232
-89
-209
134
177
-144
-96
77
151
-108
-150
285
-92
-187
138
131
-280
95
251
-228
9
-39
223
-137
-157
243
-196
88
42
-93
110
-21
-107
141
-112
-1
-25
-17
194
-196
-80
170
172
-216
-84
-3
166
-75
-126
97
38
134
-245
95
146
-262
137
156
-369
129
123
-26
113
-212
31
174
-41
-233
57
175
-51
-32
-51
69
164
-260
67
110
-202
135
-65
159
-33
-195
233
-31
-70
-73
78
128
-211
19
173
-75
-33
-89
147
40
-249
220
-112
64
-26
-78
192
-223
91
35
-9
-43
-80
147
-33
-2
39
-83
-90
159
79
-253
130
35
-59
16
57
-85
-5
86
-117
148
-105
49
-66
17
163
-185
-17
133
-31
-52
-46
33
136
-136
-67
194
-84
-51
-9
136
-27
-267
294
2
-85
-71
50
96
-91
-12
-16
176
-121
-129
153
130
-228
-54
297
-142
-173
97
260
-199
-197
238
113
-99
-278
267
123
-334
178
51
-21
-43
-74
191
-74
-73
14
77
54
-172
92
61
-134
58
-17
61
-150
-55
364
-320
-91
307
-195
56
-25
27
-6
-9
112
-165
83
52
-73
-46
64
65
-205
59
305
-335
-39
332
-233
23
-126
192
105
-454
330
141
-232
25
31
-23
124
-130
-31
184
-123
-3
127
-37
-129
112
-70
145
-141
-11
60
-118
273
-261
36
58
-24
13
-29
74
-189
111
155
-119
-67
48
99
-71
-85
171
-29
-157
112
97
-100
-107
131
-17
-127
20
61
-6
63
-77
-24
128
-179
146
65
-116
-10
117
-17
-183
118
-9
-17
-43
-25
154
-171
21
229
-304
64
77
-61
167
-210
133
84
-83
-27
-29
106
-88
-8
43
-4
-61
15
88
-9
-50
-38
129
-42
-197
188
53
-68
-5
26
53
-150
-91
283
-101
-212
191
-59
61
66
-94
-22
59
-69
-60
88
190
-123
-162
233
-211
-50
172
57
-119
41
92
-92
-227
89
323
-170
-72
193
-152
-108
-35
62
252
-154
-42
116
-75
-179
108
-38
219
-49
-183
254
-305
228
45
-395
319
-98
-16
294
-257
55
-62
-85
129
-18
5
1
67
79
-150
-273
327
111
-377
253
281
-359
-57
273
-165
-113
53
227
-105
-57
-15
-44
215
-225
157
-241
93
290
-350
190
107
-330
98
104
-61
-42
86
174
-322
-53
168
26
-81
138
-46
91
-234
-185
410
-50
-57
62
19
-153
-89
27
239
-57
-111
220
-258
98
9
-79
95
-96
178
-70
-111
-74
147
26
-64
73
-70
-45
-78
157
122
-72
-132
100
-4
-163
64
168
-90
43
89
-275
-1
6
260
-22
-129
165
8
-180
-192
194
68
90
31
-44
-86
-13
-131
129
133
-161
320
-153
-6
-85
-162
247
-165
192
123
-166
-119
-47
162
-195
-147
349
-59
-59
140
-245
80
-206
-92
301
-262
97
48
-124
55
-189
127
160
29
174
-148
-163
-74
2
19
-30
331
-60
-108
92
-270
-44
259
111
138
-106
-63
71
-325
168
204
155
63
-63
-22
-165
91
-105
16
294
-48
-148
16
-620
-931
-810
-475
-117
-283
-129
-300
-230
429
503
899
1133
877
947
658
711
673
750
828
503
402
64
-350
-429
-527
-542
-474
-616
-704
-825
-853
-995
-849
-536
-327
-244
-136
35
-3
44
237
437
591
698
581
423
291
215
89
61
12
-151
-144
-264
-524
-612
-605
-484
-324
-181
-136
-256
-230
-56
1
172
334
411
471
424
345
264
276
260
351
456
329
137
91
-33
-102
-50
-54
-144
-86
14
-76
-48
-9
-65
-17
120
92
119
162
107
10
-23
67
25
39
124
8
-65
-54
-88
-121
-147
-161
-176
-140
-181
-220
-233
-255
-225
-195
-128
-102
-153
-98
-115
-216
-63
20
16
59
57
17
-11
89
146
198
201
198
190
206
215
167
230
226
153
129
71
-29
16
37
49
4
-11
0
-67
-10
26
-10
2
31
-40
5
59
30
-42
-37
-42
-101
-130
-125
-84
-199
-222
-320
-271
-173
-232
-193
-213
-222
-205
-143
-117
-81
-26
-4
17
33
-21
-27
48
59
162
170
167
175
131
199
205
190
246
305
284
286
294
246
289
320
353
399
359
321
295
280
233
149
156
119
47
34
-79
-144
-163
-270
-313
-377
-442
-483
-587
-540
-577
-666
-601
-579
-583
-616
-600
-576
-514
-442
-408
-330
-305
-244
-161
-108
-18
19
84
208
253
313
383
448
515
550
569
568
639
669
726
751
718
779
792
791
821
786
777
745
721
765
741
736
699
618
495
380
300
177
45
-123
-318
-566
-878
-1241
-1552
-1801
-1976
-2044
-2113
-2189
-2268
-2318
-2221
-2035
-1794
-1414
-1049
-744
-411
-81
200
467
795
1093
1308
1468
1507
1468
1390
1300
1261
1201
1116
967
800
631
403
298
301
339
466
543
604
669
758
1018
1242
1440
1603
1650
1741
1738
1711
1612
1414
1340
1113
785
289
-634
-1553
-2263
-2662
-2840
-2979
-3188
-3730
-4156
-4253
-4176
-3758
-3146
-2525
-1953
-1381
-876
-501
14
613
1249
1946
2429
2586
2515
2333
2107
1963
1936
1807
1483
1053
539
25
-341
-575
-777
-892
-889
-866
-737
-534
-341
-26
460
1007
1459
1828
2119
2284
2473
2690
2747
2679
2531
2280
1935
1480
1062
712
314
-78
-736
-1833
-2908
-3549
-3733
-3631
-3384
-3427
-3878
-4140
-3989
-3565
-2845
-1923
-1138
-583
-65
286
468
802
1286
1808
2251
2414
2195
1750
1356
1108
1022
993
788
438
1
-437
-762
-939
-967
-911
-720
-465
-297
-184
-22
249
701
1326
1898
2210
2297
2357
2412
2506
2568
2411
2087
1768
1541
1256
919
570
220
-9
-159
-586
-1602
-2691
-3298
-3346
-2984
-2579
-2596
-3151
-3558
-3503
-3140
-2474
-1605
-946
-542
-154
-20
-25
185
671
1164
1601
1841
1546
1066
741
582
648
875
938
630
259
-65
-365
-534
-531
-410
-170
151
277
193
87
228
656
1257
1776
1961
1951
1848
1843
1975
2138
2215
2075
1788
1410
1094
840
611
487
430
288
-3
-625
-1774
-2855
-3286
-3086
-2668
-2354
-2476
-3147
-3651
-3584
-3105
-2347
-1499
-873
-523
-307
-247
-263
24
655
1286
1724
1769
1354
849
646
737
911
1058
983
595
160
-157
-327
-392
-406
-328
-149
104
277
276
237
356
793
1402
1857
2004
1905
1784
1830
1963
2028
2055
2025
1810
1449
1074
669
365
361
445
342
82
-530
-1720
-2895
-3366
-3220
-2740
-2234
-2284
-2986
-3570
-3597
-3223
-2426
-1413
-699
-327
-112
-155
-305
-90
492
1157
1719
1842
1362
738
422
420
651
924
903
587
229
-97
-350
-403
-319
-175
97
348
391
359
435
607
947
1451
1816
1878
1813
1751
1708
1772
1885
1861
1715
1488
1150
810
586
413
300
271
198
96
-49
-703
-1937
-2956
-3236
-2912
-2299
-1929
-2330
-3148
-3562
-3385
-2732
-1800
-1003
-556
-264
-145
-274
-303
15
599
1271
1677
1463
863
399
247
380
669
832
717
402
28
-250
-288
-191
-84
100
302
393
448
574
709
930
1322
1674
1826
1857
1841
1790
1818
1885
1806
1611
1445
1223
909
651
454
248
143
130
33
-63
-168
-765
-1913
-2881
-3153
-2824
-2209
-1835
-2239
-3040
-3424
-3193
-2570
-1724
-997
-621
-400
-253
-304
-353
-62
497
1087
1451
1307
716
221
155
409
738
921
786
418
100
-24
17
147
309
424
500
593
704
769
871
1090
1338
1562
1735
1728
1556
1459
1474
1528
1586
1515
1220
889
624
412
348
345
245
150
87
-45
-80
-255
-1152
-2378
-3024
-2957
-2482
-1867
-1851
-2697
-3468
-3504
-3013
-2181
-1243
-702
-510
-368
-347
-414
-195
317
877
1367
1484
1043
456
236
357
645
945
990
652
250
47
-5
128
471
737
684
507
388
439
788
1290
1538
1454
1339
1295
1293
1374
1493
1495
1415
1299
1040
713
499
462
531
626
533
256
64
23
101
355
297
-716
-2143
-2983
-3092
-2681
-1973
-1826
-2653
-3502
-3637
-3261
-2475
-1432
-735
-487
-361
-400
-526
-286
321
990
1544
1656
1087
343
53
222
626
1042
1125
711
175
-120
-126
151
617
885
706
418
337
506
920
1407
1641
1616
1584
1498
1339
1287
1348
1376
1374
1287
994
671
540
527
461
398
320
176
105
136
179
255
227
-464
-1800
-2953
-3246
-2756
-1976
-1707
-2412
-3428
-3830
-3438
-2600
-1611
-907
-625
-512
-446
-491
-384
135
864
1468
1644
1250
558
216
400
852
1195
1207
813
332
85
102
354
658
746
514
370
432
677
1040
1347
1421
1320
1305
1271
1264
1322
1451
1498
1393
1163
770
528
512
621
563
410
261
101
131
139
156
208
381
-169
-1527
-2744
-3254
-3037
-2443
-1831
-2252
-3271
-3941
-3718
-2964
-1920
-927
-592
-508
-448
-324
-292
160
833
1383
1652
1504
921
363
430
787
1122
1235
1090
575
220
209
345
511
733
749
413
283
455
834
1190
1487
1442
1214
1158
1235
1328
1378
1394
1216
1045
897
684
480
436
466
428
426
319
101
33
135
199
266
238
-634
-2162
-3197
-3248
-2766
-2167
-1890
-2586
-3644
-3945
-3345
-2426
-1434
-629
-367
-367
-294
-214
-116
379
1128
1625
1627
1202
570
183
391
864
1136
1061
752
312
26
98
400
656
747
612
374
348
654
1052
1307
1453
1431
1314
1214
1224
1227
1257
1359
1333
1134
770
458
317
439
604
630
548
268
34
10
201
408
594
280
-1145
-2800
-3528
-3159
-2410
-1772
-1931
-3067
-4032
-4011
-3217
-2176
-1044
-374
-300
-367
-386
-331
44
882
1619
1850
1552
879
275
224
666
1061
1163
983
540
93
-35
180
513
805
840
469
112
172
598
1104
1483
1506
1217
1046
1107
1200
1285
1391
1325
1055
774
542
385
446
609
573
447
399
326
281
372
433
454
603
268
-1134
-2734
-3425
-3226
-2620
-2063
-2314
-3443
-4278
-4023
-3110
-2025
-995
-396
-296
-301
-208
-80
328
1066
1701
1885
1599
973
364
322
796
1211
1230
895
338
-144
-176
170
567
769
670
228
-122
60
709
1368
1701
1581
1196
996
1148
1452
1603
1581
1315
967
700
533
429
461
652
673
465
185
-18
77
456
774
722
576
30
-1395
-2878
-3435
-3071
-2470
-1900
-2259
-3577
-4469
-4102
-3075
-1928
-719
-219
-398
-554
-409
-222
363
1306
1888
1851
1449
786
209
311
901
1312
1261
908
268
-180
-181
157
462
669
628
185
-151
-35
582
1206
1625
1660
1422
1220
1179
1251
1303
1399
1370
1194
895
545
188
147
450
785
801
610
246
-4
212
543
742
819
713
-718
-2643
-3662
-3481
-2918
-2247
-1967
-3090
-4277
-4364
-3382
-2409
-1202
-297
-134
-223
-144
17
174
960
1780
2152
1852
1213
438
159
614
1164
1230
862
315
-251
-518
-241
242
466
413
141
44
172
666
1091
1372
1503
1521
1534
1453
1459
1418
1473
1504
1351
999
604
428
494
669
756
617
436
172
9
187
507
639
565
466
-548
-2409
-3698
-3597
-2780
-2186
-1980
-2767
-4063
-4559
-3750
-2407
-1261
-349
-199
-494
-568
-169
324
968
1771
2064
1705
1084
568
289
553
1112
1273
829
245
-257
-476
-300
191
563
622
357
-153
-255
247
1170
1801
1970
1612
1105
1038
1337
1751
1851
1763
1356
848
539
416
503
588
734
605
277
4
-106
216
584
766
591
484
106
-1335
-2797
-3390
-2914
-2444
-2074
-2317
-3460
-4333
-4167
-2966
-1832
-708
-270
-411
-559
-335
131
620
1403
1760
1660
1194
778
377
339
734
990
858
366
-104
-481
-473
-74
350
514
289
48
55
450
1053
1504
1727
1587
1507
1498
1597
1657
1625
1558
1317
1150
888
683
496
531
624
609
493
330
173
139
401
576
589
511
349
-757
-2365
-3381
-3281
-2654
-2148
-2101
-3070
-4124
-4415
-3543
-2353
-1211
-536
-538
-630
-517
-106
282
975
1585
1862
1675
1161
517
171
463
903
1100
797
237
-393
-548
-255
208
554
691
517
100
80
525
1264
1818
2088
1928
1567
1368
1370
1485
1580
1617
1378
924
534
306
221
313
520
585
396
201
-43
3
275
606
680
768
574
-875
-2662
-3508
-2983
-2471
-2061
-2207
-3237
-4376
-4482
-3382
-2299
-1221
-594
-393
-558
-494
-138
343
1122
1779
2081
1754
1183
599
389
640
1019
1086
724
182
-339
-628
-505
-5
446
514
180
-114
7
598
1372
1884
1997
1787
1632
1592
1621
1689
1719
1646
1361
1011
638
292
181
282
516
517
386
129
-188
-129
165
558
638
832
276
-1447
-3234
-3722
-2841
-2061
-1541
-2073
-3295
-4446
-4290
-2970
-1689
-696
-461
-456
-763
-682
-233
443
1260
1793
1997
1478
825
384
421
808
1141
1190
668
-37
-537
-650
-299
176
508
254
-138
-188
198
865
1404
1834
1865
1761
1631
1621
1680
1731
1832
1756
1457
968
527
238
329
564
737
597
379
-7
-296
-19
384
789
803
589
-809
-2658
-3530
-3129
-2232
-1963
-2010
-2945
-3968
-4359
-3588
-2268
-1283
-607
-571
-672
-844
-544
111
873
1526
1721
1595
1062
626
488
718
1053
1117
940
443
-79
-463
-405
18
369
433
122
-139
-74
457
1143
1611
1831
1790
1678
1592
1640
1755
1795
1785
1553
1188
799
480
359
374
551
495
313
69
-189
-188
24
464
609
619
148
-1137
-2605
-3284
-2741
-2122
-1830
-2118
-2944
-3855
-4056
-3140
-2005
-1101
-671
-591
-742
-775
-413
148
858
1378
1578
1359
961
606
457
665
974
1179
1013
557
-61
-459
-388
-22
347
356
109
-125
0
443
960
1392
1616
1685
1707
1758
1753
1712
1723
1732
1595
1340
985
615
397
412
551
549
441
110
-210
-203
124
466
539
486
-263
-1676
-2864
-2998
-2359
-1902
-1717
-2146
-3031
-3788
-3676
-2770
-1867
-1104
-773
-729
-934
-971
-599
21
777
1221
1436
1269
914
592
521
840
1154
1372
1168
667
68
-304
-208
90
451
437
105
-238
-174
375
960
1393
1483
1471
1455
1477
1565
1616
1715
1672
1579
1399
1079
742
507
558
681
769
638
220
-128
-189
36
310
606
634
-241
-1779
-3052
-3237
-2602
-1889
-1592
-2113
-3086
-3918
-3851
-2969
-1927
-1131
-844
-732
-854
-863
-602
-94
536
1000
1392
1423
1205
857
664
765
998
1246
1203
880
331
-111
-212
2
289
323
122
-88
15
396
842
1166
1371
1492
1573
1653
1676
1635
1546
1522
1527
1534
1403
1077
715
511
552
651
673
461
154
-25
-51
-12
85
168
-246
-1278
-2324
-2792
-2700
-2346
-1944
-1909
-2488
-3254
-3563
-3209
-2486
-1676
-1069
-829
-873
-960
-817
-483
29
595
1097
1385
1350
1120
798
645
753
1086
1363
1308
939
356
-74
-178
41
252
189
56
53
312
615
867
1005
1078
1236
1446
1666
1699
1582
1429
1398
1500
1529
1415
1156
922
791
775
773
611
347
139
62
21
14
51
-217
-1064
-2144
-2774
-2745
-2368
-1991
-1900
-2258
-2870
-3209
-3014
-2486
-1917
-1442
-1109
-978
-934
-810
-585
-310
84
628
1082
1233
1158
1036
894
794
906
1176
1306
1130
776
458
288
264
297
287
219
200
346
594
772
799
787
847
995
1215
1430
1493
1377
1244
1211
1207
1177
1162
1150
1044
842
644
471
304
162
52
-71
-157
-130
-128
-458
-1191
-2012
-2526
-2550
-2190
-1777
-1689
-2014
-2480
-2728
-2602
-2182
-1664
-1258
-1045
-952
-853
-704
-510
-289
-26
318
701
1013
1131
1039
856
755
862
1110
1287
1227
966
675
475
392
364
298
185
146
275
489
636
669
624
585
658
856
1074
1181
1148
1045
971
995
1106
1192
1168
1014
817
673
614
570
436
224
24
-97
-129
-128
-277
-724
-1327
-1774
-1925
-1880
-1758
-1652
-1694
-1921
-2173
-2248
-2111
-1843
-1521
-1248
-1095
-1026
-917
-715
-471
-247
-42
204
475
677
736
692
662
703
819
975
1060
980
803
648
518
373
287
332
436
503
511
487
447
443
541
722
893
979
998
1000
1029
1107
1205
1245
1170
1014
871
792
753
692
556
358
140
-53
-175
-239
-286
-381
-559
-824
-1141
-1414
-1558
-1560
-1498
-1459
-1491
-1604
-1753
-1822
-1751
-1586
-1411
-1266
-1140
-1027
-911
-771
-607
-438
-255
-43
187
388
522
607
676
743
808
855
874
875
868
836
739
596
480
447
496
579
633
622
555
503
528
624
735
820
882
952
1026
1086
1094
1040
961
910
902
865
730
527
322
169
76
13
-66
-198
-355
-489
-615
-805
-1051
-1266
-1382
-1410
-1391
-1373
-1399
-1476
-1554
-1573
-1531
-1454
-1356
-1236
-1111
-996
-893
-783
-661
-524
-357
-141
117
356
523
589
594
602
668
784
886
893
776
601
476
458
514
580
610
592
532
476
473
533
618
712
813
895
938
954
964
965
956
965
997
990
881
697
494
324
219
166
119
19
-146
-318
-453
-533
-584
-642
-752
-923
-1109
-1224
-1227
-1169
-1146
-1218
-1347
-1441
-1422
-1312
-1186
-1103
-1067
-1025
-934
-809
-691
-589
-463
-291
-78
125
270
357
420
512
628
731
776
736
616
498
471
545
650
709
686
579
474
451
543
672
749
784
809
846
874
891
900
898
891
885
862
772
631
504
430
375
310
228
117
-21
-165
-267
-332
-389
-442
-516
-655
-854
-1011
-1059
-1039
-1029
-1062
-1152
-1267
-1325
-1276
-1167
-1093
-1089
-1092
-1057
-983
-861
-703
-546
-426
-319
-186
-36
113
261
396
485
504
489
501
538
573
588
593
578
535
491
472
487
524
595
689
762
784
780
799
847
893
928
948
925
861
790
738
687
610
521
439
350
242
142
65
-25
-141
-243
-308
-355
-403
-459
-540
-663
-796
-881
-913
-922
-943
-983
-1042
-1117
-1171
-1176
-1134
-1086
-1043
-995
-926
-831
-715
-579
-446
-334
-224
-86
74
211
295
331
336
327
342
394
468
517
525
506
476
460
483
550
633
702
748
782
805
814
825
844
877
900
883
820
722
622
557
533
505
433
315
198
108
52
15
-32
-104
-182
-243
-286
-333
-387
-446
-516
-618
-739
-850
-911
-916
-893
-878
-913
-987
-1058
-1073
-1024
-940
-833
-726
-632
-570
-518
-457
-365
-239
-99
29
112
150
158
170
204
262
334
392
429
440
448
469
509
568
634
697
742
771
781
785
794
825
846
826
764
695
640
614
611
583
488
354
252
202
187
176
134
42
-72
-160
-200
-216
-233
-262
-317
-410
-517
-615
-696
-747
-776
-794
-814
-854
-912
-981
-1029
-1019
-943
-826
-714
-647
-634
-630
-574
-454
-300
-149
-42
10
26
51
99
169
253
338
398
417
412
398
412
470
564
641
666
643
605
605
657
741
790
773
726
693
681
667
644
588
514
466
449
426
361
280
196
112
53
23
-1
-52
-116
-180
-249
-333
-409
-479
-556
-633
-681
-702
-741
-811
-888
-947
-975
-952
-889
-824
-789
-770
-734
-670
-578
-466
-355
-276
-228
-167
-80
13
90
147
184
205
242
310
374
405
416
452
504
550
586
592
563
557
638
738
741
652
572
561
606
650
644
556
440
420
495
522
445
331
254
216
193
171
114
13
-84
-150
-223
-315
-399
-445
-483
-550
-636
-705
-750
-767
-775
-780
-795
-809
-803
-787
-768
-736
-675
-592
-517
-455
-405
-358
-295
-212
-109
-11
64
103
111
121
171
253
329
371
381
399
445
504
543
545
550
594
665
712
701
637
581
572
588
593
559
505
454
412
373
325
279
241
216
200
167
108
34
-40
-103
-139
-161
-199
-277
-387
-496
-576
-610
-623
-655
-712
-772
-805
-805
-786
-752
-711
-669
-624
-577
-516
-453
-380
-307
-242
-193
-144
-83
-12
64
137
202
244
261
273
308
375
462
530
543
504
457
468
530
599
617
578
525
500
497
496
471
432
412
413
403
353
262
196
193
225
237
189
90
-7
-49
-34
-20
-63
-161
-269
-345
-394
-429
-465
-505
-566
-648
-712
-745
-745
-729
-706
-690
-689
-679
-631
-546
-474
-421
-362
-288
-213
-149
-84
-22
29
83
161
240
279
288
318
377
439
476
490
482
452
430
472
545
559
489
407
389
412
434
453
445
383
328
359
433
444
387
330
317
298
268
248
222
151
54
-27
-101
-191
-292
-353
-380
-426
-513
-610
-677
-720
-734
-716
-681
-678
-714
-732
-702
-641
-585
-528
-462
-400
-352
-287
-198
-123
-73
-20
52
118
154
186
229
282
315
302
273
281
341
414
473
486
431
358
383
496
588
572
492
438
420
437
465
462
399
331
313
327
317
265
203
170
168
151
109
47
-32
-104
-149
-166
-210
-306
-413
-489
-534
-584
-637
-682
-723
-760
-771
-747
-713
-697
-670
-603
-518
-449
-391
-323
-236
-147
-54
43
110
122
112
143
243
343
392
375
312
249
257
365
488
512
424
332
321
390
485
548
528
439
370
396
467
492
450
387
344
321
309
305
276
210
126
67
30
-16
-75
-126
-178
-261
-363
-449
-498
-523
-536
-549
-582
-651
-725
-748
-716
-659
-605
-570
-560
-561
-543
-482
-392
-296
-211
-144
-97
-49
9
75
144
208
264
307
340
360
371
383
408
446
489
501
470
433
434
477
529
550
512
445
395
407
467
514
491
413
337
299
303
311
297
230
125
24
-38
-66
-100
-160
-243
-336
-428
-505
-553
-594
-652
-714
-757
-786
-807
-828
-839
-834
-818
-768
-685
-585
-503
-445
-389
-310
-203
-76
54
148
200
225
264
332
399
446
467
484
498
507
519
529
519
503
497
532
578
588
563
528
498
477
480
504
521
498
456
417
385
337
272
217
197
189
149
71
-52
-191
-299
-357
-387
-433
-534
-674
-798
-868
-892
-900
-910
-927
-946
-946
-918
-866
-801
-727
-631
-520
-410
-322
-258
-192
-109
6
133
249
327
358
371
386
417
465
511
550
572
575
567
561
554
549
550
560
578
597
610
607
587
558
540
541
551
558
558
549
528
489
439
379
312
247
175
87
-15
-115
-217
-342
-516
-747
-972
-1126
-1175
-1159
-1144
-1185
-1288
-1386
-1407
-1310
-1129
-934
-784
-682
-601
-513
-395
-246
-72
101
250
341
364
351
362
430
532
611
618
547
447
367
346
376
431
478
507
517
520
537
587
682
792
879
904
870
805
757
762
805
844
825
730
597
479
409
369
313
215
86
-45
-169
-322
-555
-849
-1124
-1276
-1281
-1223
-1214
-1326
-1516
-1666
-1683
-1549
-1337
-1141
-1000
-913
-838
-754
-637
-471
-271
-46
167
324
397
398
394
448
577
724
788
712
512
309
241
332
479
547
488
349
252
278
432
621
754
807
849
936
1033
1084
1086
1080
1103
1143
1136
1043
880
714
615
606
601
496
285
51
-123
-271
-498
-859
-1259
-1538
-1625
-1553
-1475
-1547
-1793
-2057
-2133
-1969
-1657
-1359
-1163
-1055
-982
-891
-745
-531
-292
-51
185
364
437
406
350
361
471
635
761
779
672
473
262
134
160
309
480
558
517
415
345
387
567
840
1090
1220
1217
1154
1118
1141
1212
1320
1411
1375
1179
935
768
684
613
548
472
327
119
-40
-116
-291
-733
-1282
-1636
-1699
-1612
-1538
-1571
-1788
-2115
-2305
-2166
-1793
-1481
-1334
-1245
-1142
-1054
-947
-741
-472
-233
-20
207
369
355
230
199
360
592
743
772
668
462
302
321
424
405
272
233
362
529
599
608
621
677
853
1168
1461
1517
1372
1241
1248
1338
1420
1447
1367
1161
942
819
763
676
558
462
350
210
71
-93
-420
-960
-1486
-1737
-1725
-1637
-1597
-1686
-1971
-2351
-2517
-2302
-1890
-1540
-1322
-1211
-1209
-1247
-1142
-825
-446
-161
50
214
253
157
93
187
368
542
677
694
522
262
155
267
415
431
397
442
548
651
748
841
899
988
1209
1479
1591
1482
1322
1283
1363
1457
1504
1489
1364
1134
935
847
780
652
537
501
464
344
197
30
-336
-972
-1561
-1737
-1574
-1435
-1511
-1773
-2165
-2523
-2567
-2248
-1842
-1618
-1561
-1529
-1485
-1438
-1305
-1023
-677
-381
-183
-94
-114
-161
-98
112
389
607
680
604
447
328
335
476
628
643
509
417
541
808
1004
1063
1099
1180
1298
1421
1517
1525
1448
1418
1497
1554
1455
1286
1185
1143
1092
1029
955
824
640
490
425
418
407
289
-133
-893
-1643
-1944
-1771
-1520
-1532
-1855
-2336
-2746
-2835
-2530
-2045
-1650
-1466
-1439
-1490
-1551
-1472
-1144
-647
-199
42
46
-116
-273
-232
67
455
682
653
463
256
146
200
401
597
635
524
430
474
650
883
1137
1361
1469
1462
1437
1465
1522
1585
1661
1725
1679
1475
1225
1080
1066
1105
1113
1039
848
600
450
433
440
393
306
74
-500
-1312
-1905
-1986
-1748
-1550
-1612
-1994
-2566
-2959
-2833
-2284
-1747
-1504
-1504
-1574
-1613
-1537
-1268
-828
-366
-35
87
-3
-190
-283
-138
206
529
617
450
199
38
68
276
530
635
538
390
425
682
996
1226
1363
1462
1528
1572
1629
1698
1731
1725
1718
1676
1529
1305
1161
1169
1212
1146
964
738
553
490
521
499
360
231
114
-291
-1090
-1806
-1944
-1657
-1445
-1542
-1926
-2512
-2977
-2882
-2297
-1800
-1680
-1691
-1650
-1638
-1599
-1335
-913
-577
-350
-142
-57
-193
-332
-183
201
520
598
473
260
89
97
305
577
687
572
403
367
559
928
1317
1524
1528
1466
1461
1559
1751
1948
1967
1764
1496
1315
1225
1200
1227
1240
1141
915
660
504
477
541
606
514
265
64
-61
-454
-1188
-1746
-1764
-1526
-1434
-1615
-2086
-2711
-3058
-2778
-2107
-1627
-1609
-1807
-1916
-1868
-1646
-1219
-754
-497
-409
-349
-346
-388
-276
58
397
531
435
228
63
65
272
595
807
750
529
411
545
889
1290
1548
1562
1442
1395
1468
1629
1846
1996
1930
1688
1444
1280
1213
1291
1431
1393
1093
754
600
614
658
673
650
495
226
5
-213
-739
-1446
-1756
-1569
-1409
-1598
-1991
-2446
-2819
-2847
-2462
-1971
-1733
-1818
-1963
-1925
-1742
-1486
-1120
-731
-515
-467
-472
-508
-494
-247
164
430
413
244
87
56
206
459
663
722
635
487
457
682
1097
1488
1654
1555
1393
1389
1548
1742
1894
1926
1765
1491
1298
1260
1305
1346
1299
1133
900
675
518
523
678
757
582
275
108
126
18
-530
-1288
-1672
-1559
-1419
-1574
-1915
-2328
-2718
-2796
-2442
-2008
-1844
-1871
-1868
-1819
-1739
-1534
-1147
-714
-429
-343
-374
-435
-412
-152
268
529
493
329
212
183
280
509
715
740
571
348
304
575
1024
1338
1387
1298
1268
1371
1549
1736
1856
1821
1645
1460
1366
1334
1339
1382
1381
1209
903
657
552
565
660
750
642
274
-58
-84
-68
-485
-1193
-1589
-1525
-1443
-1597
-1890
-2271
-2662
-2729
-2360
-1966
-1902
-2023
-2037
-1907
-1704
-1459
-1179
-897
-667
-538
-501
-485
-422
-217
141
419
409
243
166
222
394
645
809
787
668
579
611
852
1201
1416
1430
1397
1402
1447
1570
1778
1955
1945
1736
1489
1352
1353
1443
1496
1344
1028
749
609
604
722
821
710
436
165
14
7
-96
-660
-1411
-1678
-1522
-1564
-1828
-2056
-2411
-2800
-2681
-2170
-1961
-2084
-2055
-1896
-1826
-1705
-1426
-1135
-891
-659
-546
-575
-580
-418
-106
206
315
232
182
239
334
468
622
672
647
653
647
618
795
1213
1550
1591
1445
1346
1421
1646
1849
1934
1899
1731
1495
1365
1376
1404
1396
1328
1144
869
644
566
635
738
725
521
224
24
36
31
-420
-1201
-1617
-1495
-1469
-1813
-2146
-2357
-2617
-2731
-2497
-2220
-2167
-2150
-2017
-1860
-1752
-1598
-1288
-883
-606
-538
-506
-412
-301
-101
205
394
325
218
254
333
385
493
623
600
450
465
781
1125
1224
1200
1261
1359
1443
1606
1813
1907
1866
1778
1669
1577
1542
1523
1467
1367
1211
1024
890
804
708
667
696
673
509
255
61
35
29
-374
-1148
-1667
-1637
-1504
-1629
-1918
-2285
-2653
-2744
-2465
-2164
-2078
-2073
-2009
-1905
-1803
-1654
-1356
-946
-655
-593
-624
-599
-449
-134
225
372
275
165
196
326
468
599
690
660
508
462
702
1056
1245
1277
1288
1308
1405
1645
1868
1916
1865
1793
1670
1548
1529
1570
1561
1468
1258
942
701
682
793
831
725
547
368
212
119
133
110
-268
-958
-1464
-1601
-1664
-1733
-1739
-1969
-2503
-2821
-2662
-2390
-2195
-1988
-1906
-1993
-1990
-1775
-1469
-1096
-735
-588
-606
-578
-477
-296
12
288
357
335
334
309
353
538
707
766
765
624
462
689
1227
1504
1413
1343
1352
1410
1711
2084
2097
1855
1712
1602
1449
1450
1575
1579
1407
1119
781
585
648
779
798
710
479
148
21
165
148
-344
-1038
-1462
-1523
-1469
-1575
-1900
-2325
-2616
-2612
-2423
-2279
-2229
-2123
-1956
-1893
-1897
-1736
-1383
-1032
-777
-647
-672
-683
-454
-86
147
223
254
250
249
313
400
483
602
671
566
425
546
907
1204
1294
1278
1281
1348
1535
1782
1930
1942
1890
1779
1597
1467
1449
1461
1455
1405
1176
784
542
608
750
731
564
365
196
80
23
-31
-266
-759
-1218
-1362
-1371
-1537
-1754
-1907
-2158
-2444
-2470
-2285
-2151
-2023
-1868
-1870
-1963
-1852
-1535
-1200
-894
-706
-711
-702
-509
-277
-85
141
307
305
289
351
375
418
620
774
607
403
575
956
1134
1126
1193
1301
1388
1576
1823
1890
1800
1780
1809
1727
1621
1608
1597
1476
1281
1055
866
823
876
821
586
356
273
253
144
7
-96
-408
-1007
-1415
-1390
-1355
-1572
-1766
-1935
-2306
-2579
-2404
-2106
-2043
-2032
-1971
-1990
-1994
-1786
-1452
-1166
-945
-779
-690
-665
-582
-322
7
179
212
265
308
336
470
662
752
763
711
556
582
999
1401
1413
1306
1308
1281
1355
1704
1974
1862
1665
1615
1545
1480
1592
1694
1543
1243
968
773
711
778
795
663
467
277
115
-2
-64
-134
-362
-830
-1314
-1477
-1404
-1475
-1702
-1903
-2144
-2380
-2318
-2071
-2037
-2105
-1963
-1825
-1886
-1835
-1509
-1176
-949
-757
-681
-715
-608
-314
-68
47
118
193
291
387
429
508
689
753
597
563
812
1050
1141
1262
1355
1262
1236
1505
1797
1817
1744
1745
1673
1510
1465
1535
1516
1415
1330
1159
858
676
741
798
668
495
378
230
40
-85
-158
-374
-772
-1104
-1214
-1304
-1541
-1729
-1778
-1940
-2186
-2219
-2145
-2188
-2121
-1832
-1727
-1838
-1726
-1422
-1272
-1152
-861
-686
-717
-604
-335
-205
-148
51
237
282
332
421
476
563
646
589
593
852
1084
1073
1058
1146
1170
1245
1531
1733
1660
1598
1660
1606
1484
1552
1706
1664
1459
1253
1069
956
979
987
822
603
465
337
178
67
3
-95
-313
-722
-1167
-1334
-1256
-1291
-1540
-1800
-2031
-2220
-2251
-2137
-2054
-2014
-1939
-1897
-1909
-1848
-1618
-1299
-994
-824
-810
-809
-682
-433
-156
63
167
192
236
327
420
477
542
682
846
885
823
864
1027
1148
1238
1373
1455
1440
1507
1651
1672
1617
1653
1687
1613
1558
1543
1445
1292
1166
1004
821
736
711
605
441
278
77
-103
-140
-139
-360
-792
-1110
-1193
-1240
-1397
-1598
-1784
-1949
-2043
-2052
-2078
-2111
-2045
-1912
-1834
-1810
-1722
-1558
-1335
-1086
-893
-806
-718
-530
-318
-166
-51
78
214
345
433
457
496
592
715
843
929
837
631
691
1084
1385
1371
1313
1310
1229
1263
1591
1881
1812
1615
1509
1338
1166
1264
1461
1361
1044
805
632
472
474
590
547
336
124
-100
-326
-428
-506
-760
-1050
-1146
-1260
-1567
-1819
-1866
-1893
-1930
-1865
-1839
-1962
-1988
-1806
-1683
-1680
-1566
-1342
-1198
-1096
-925
-754
-609
-419
-213
-85
6
134
267
397
486
449
376
482
722
838
809
828
897
959
1096
1291
1367
1347
1435
1579
1574
1516
1569
1626
1572
1503
1430
1262
1117
1117
1120
981
808
692
579
458
373
263
68
-125
-234
-325
-563
-931
-1178
-1193
-1214
-1440
-1677
-1743
-1801
-1934
-1957
-1860
-1860
-1872
-1711
-1549
-1580
-1575
-1364
-1154
-1024
-834
-663
-626
-537
-292
-100
-44
66
255
374
406
457
537
595
603
625
763
956
1002
910
932
1077
1173
1279
1478
1560
1463
1448
1528
1484
1416
1515
1580
1415
1198
1061
909
821
879
862
626
382
261
147
18
-53
-127
-271
-456
-713
-1026
-1209
-1190
-1191
-1341
-1536
-1703
-1852
-1903
-1816
-1725
-1694
-1627
-1540
-1554
-1595
-1495
-1276
-1075
-918
-782
-697
-647
-515
-265
-44
63
167
318
419
453
520
598
591
606
770
950
962
902
949
1049
1118
1218
1357
1412
1390
1413
1445
1383
1315
1370
1423
1324
1169
1071
974
865
816
777
634
462
357
237
46
-113
-190
-256
-358
-512
-748
-987
-1084
-1077
-1124
-1251
-1391
-1526
-1623
-1636
-1632
-1667
-1648
-1521
-1423
-1451
-1481
-1400
-1221
-991
-774
-660
-629
-548
-403
-283
-164
24
209
307
335
320
285
374
653
875
866
793
815
870
924
1051
1182
1209
1208
1250
1243
1170
1179
1307
1369
1291
1194
1126
1044
961
911
843
717
585
472
345
208
108
25
-84
-175
-249
-345
-473
-589
-688
-783
-848
-912
-1018
-1135
-1194
-1239
-1319
-1371
-1350
-1308
-1293
-1274
-1253
-1242
-1183
-1054
-923
-831
-745
-655
-585
-514
-408
-267
-125
-4
64
92
125
198
311
449
550
581
597
644
691
727
807
915
971
985
1010
1026
1016
1039
1100
1107
1072
1057
1053
1002
934
903
872
805
756
723
640
525
436
355
236
132
72
-10
-146
-289
-410
-543
-664
-733
-799
-914
-1035
-1115
-1182
-1248
-1260
-1252
-1265
-1268
-1235
-1220
-1217
-1150
-1048
-976
-919
-834
-766
-717
-630
-517
-434
-354
-245
-160
-102
-17
96
186
272
378
470
530
601
689
762
826
902
974
1011
1045
1098
1146
1175
1193
1206
1201
1189
1177
1152
1103
1039
979
916
833
735
644
558
457
357
257
146
24
-89
-190
-310
-432
-530
-620
-731
-849
-951
-1047
-1128
-1182
-1221
-1275
-1330
-1349
-1342
-1341
-1331
-1287
-1228
-1168
-1098
-1027
-959
-881
-775
-662
-574
-487
-381
-279
-185
-81
21
112
210
325
428
513
604
703
789
866
948
1022
1085
1147
1210
1248
1267
1284
1303
1312
1306
1289
1256
1199
1140
1080
1010
929
845
752
637
515
399
282
161
51
-67
-206
-346
-466
-578
-692
-796
-896
-999
-1100
-1170
-1225
-1279
-1325
-1351
-1373
-1399
-1399
-1365
-1320
-1274
-1218
-1161
-1104
-1036
-937
-826
-715
-607
-505
-417
-332
-228
-107
16
135
246
341
411
492
594
705
811
907
990
1042
1089
1142
1199
1256
1308
1349
1357
1347
1326
1305
1280
1257
1228
1177
1099
1000
898
789
685
587
482
359
213
60
-92
-235
-359
-477
-597
-721
-845
-964
-1069
-1157
-1220
-1272
-1319
-1355
-1385
-1408
-1413
-1402
-1376
-1345
-1298
-1244
-1185
-1114
-1034
-948
-854
-749
-644
-535
-426
-314
-206
-99
7
115
229
340
451
555
649
744
838
930
1018
1096
1157
1202
1244
1277
1310
1333
1342
1332
1302
1264
1219
1178
1137
1087
1021
940
844
747
650
556
459
351
229
94
-44
-182
-317
-445
-570
-690
-811
-924
-1034
-1132
-1217
-1284
-1330
-1361
-1380
-1399
-1409
-1406
-1387
-1345
-1287
-1220
-1146
-1075
-1001
-921
-831
-729
-616
-500
-385
-281
-188
-97
5
121
239
354
455
542
616
698
792
895
993
1072
1128
1168
1205
1251
1301
1341
1354
1341
1307
1271
1242
1209
1167
1098
1012
916
821
734
643
540
417
283
145
14
-105
-224
-350
-482
-621
-749
-860
-952
-1030
-1108
-1186
-1258
-1314
-1344
-1351
-1348
-1343
-1336
-1319
-1286
-1237
-1171
-1099
-1033
-968
-900
-818
-720
-615
-507
-403
-303
-200
-90
32
157
276
387
488
589
693
797
897
985
1059
1121
1176
1232
1279
1314
1334
1338
1330
1314
1293
1259
1217
1162
1091
1010
920
826
724
618
505
381
256
130
2
-123
-244
-369
-492
-610
-726
-832
-925
-1015
-1096
-1167
-1230
-1279
-1316
-1338
-1347
-1342
-1327
-1301
-1266
-1217
-1153
-1077
-996
-914
-824
-729
-630
-522
-410
-299
-191
-87
15
116
223
328
428
520
608
688
768
847
920
985
1044
1095
1135
1172
1204
1227
1241
1242
1230
1211
1181
1141
1091
1028
953
868
780
681
577
468
351
230
109
-13
-134
-256
-379
-497
-613
-721
-823
-916
-999
-1076
-1142
-1194
-1237
-1268
-1283
-1287
-1280
-1262
-1234
-1194
-1142
-1079
-1007
-933
-853
-766
-675
-580
-479
-380
-277
-175
-73
25
128
229
329
427
521
612
703
787
866
944
1015
1075
1131
1179
1214
1238
1254
1258
1244
1221
1185
1139
1083
1016
938
851
758
659
553
443
331
216
97
-24
-142
-261
-378
-487
-599
-705
-801
-894
-978
-1056
-1122
-1175
-1217
-1247
-1267
-1273
-1266
-1245
-1213
-1169
-1111
-1045
-970
-888
-798
-704
-603
-498
-395
-286
-174
-66
40
144
248
347
442
532
621
699
772
840
903
957
1006
1046
1079
1104
1123
1132
1132
1125
1109
1080
1043
995
938
874
795
709
616
516
410
302
187
72
-41
-159
-269
-383
-487
-586
-679
-765
-844
-908
-967
-1017
-1055
-1083
-1101
-1110
-1106
-1094
-1071
-1041
-1001
-958
-903
-841
-774
-702
-625
-542
-459
-374
-288
-198
-107
-17
75
164
252
339
424
505
583
653
722
787
843
896
942
980
1007
1030
1047
1055
1051
1040
1023
990
948
899
839
766
687
602
508
406
300
195
85
-27
-135
-241
-342
-441
-531
-613
-691
-761
-821
-873
-920
-953
-976
-998
-1010
-1011
-1004
-993
-970
-938
-901
-860
-811
-754
-693
-625
-551
-470
-388
-300
-212
-124
-30
61
154
243
329
415
495
571
643
710
769
822
869
907
943
969
987
995
999
994
978
955
919
874
823
763
690
614
532
443
349
249
146
43
-58
-159
-258
-353
-444
-532
-610
-684
-749
-803
-850
-888
-919
-939
-955
-960
-957
-945
-926
-902
-867
-830
-784
-732
-671
-609
-543
-471
-395
-318
-235
-151
-67
16
102
185
268
349
425
499
569
635
692
745
792
831
862
886
907
913
914
909
892
872
842
806
764
715
659
593
524
451
376
294
209
123
34
-58
-147
-231
-316
-397
-476
-549
-614
-674
-729
-778
-816
-846
-870
-884
-891
-890
-881
-865
-839
-807
-768
-725
-672
-617
-555
-489
-417
-345
-273
-197
-120
-45
33
109
183
254
326
396
460
519
573
629
678
721
755
784
810
829
841
845
839
829
810
784
752
709
661
606
547
480
408
336
256
176
95
12
-71
-150
-232
-308
-382
-452
-517
-580
-636
-686
-729
-766
-797
-817
-830
-839
-837
-827
-811
-788
-756
-716
-674
-625
-572
-515
-452
-386
-317
-247
-177
-103
-31
44
116
188
258
323
390
453
512
568
617
662
703
734
762
782
794
800
799
790
774
753
726
695
657
612
560
504
442
379
312
239
164
91
15
-61
-136
-211
-284
-357
-426
-487
-544
-599
-648
-690
-729
-759
-780
-796
-802
-800
-793
-777
-756
-726
-689
-647
-599
-548
-493
-433
-370
-306
-239
-170
-100
-31
37
105
172
239
303
366
427
483
536
587
630
672
706
735
757
772
781
781
774
759
738
706
670
628
577
522
465
399
332
262
191
121
46
-27
-97
-167
-236
-303
-366
-428
-483
-530
-577
-616
-652
-681
-701
-717
-726
-730
-725
-716
-703
-682
-653
-622
-586
-544
-498
-445
-393
-339
-280
-218
-157
-94
-26
41
108
170
232
292
350
405
455
504
545
584
618
647
670
688
702
709
711
703
690
675
651
621
584
543
495
443
388
328
266
201
136
71
3
-65
-129
-192
-251
-310
-365
-416
-463
-505
-544
-576
-605
-628
-646
-662
-671
-671
-670
-663
-651
-630
-606
-577
-545
-507
-467
-423
-377
-328
-276
-220
-164
-103
-36
26
87
153
219
285
347
407
464
515
561
599
637
667
687
703
709
706
698
682
660
631
596
558
516
465
413
355
297
238
181
121
60
-1
-60
-117
-173
-227
-279
-324
-368
-409
-446
-478
-507
-530
-549
-566
-576
-581
-580
-577
-571
-557
-540
-520
-495
-470
-441
-407
-370
-332
-290
-245
-201
-155
-104
-54
-4
48
97
146
194
245
292
339
386
427
468
501
532
560
583
603
614
619
618
612
597
579
551
524
486
444
395
344
291
236
175
114
52
-7
-67
-129
-184
-237
-286
-335
-377
-417
-452
-479
-503
-524
-537
-544
-552
-554
-552
-547
-539
-526
-512
-496
-475
-452
-425
-395
-359
-323
-281
-242
-197
-148
-98
-46
7
62
115
171
227
279
333
383
427
471
509
543
573
595
612
626
629
628
620
605
585
561
526
489
448
402
353
299
246
188
131
73
16
-40
-95
-146
-196
-244
-291
-338
-378
-412
-444
-473
-492
-512
-528
-539
-546
-546
-544
-538
-525
-510
-491
-468
-442
-412
-381
-344
-306
-265
-224
-178
-134
-90
-43
3
48
92
142
182
223
265
302
336
367
400
427
452
475
493
506
518
524
526
522
517
505
483
460
429
398
360
317
273
226
176
124
71
22
-30
-80
-127
-174
-217
-258
-296
-329
-361
-389
-411
-431
-446
-458
-465
-473
-472
-469
-462
-449
-436
-417
-397
-373
-348
-315
-281
-246
-206
-168
-130
-91
-50
-7
33
73
111
148
183
215
248
279
307
331
353
375
395
414
429
439
445
447
445
439
431
414
394
371
343
307
269
231
190
146
102
57
8
-34
-78
-121
-159
-196
-229
-259
-285
-305
-325
-339
-350
-358
-366
-369
-369
-369
-363
-354
-344
-334
-322
-306
-288
-271
-250
-230
-209
-184
-160
-132
-104
-74
-45
-14
19
49
79
113
143
174
203
231
255
275
296
314
328
339
350
355
358
360
352
345
339
323
309
292
270
246
223
198
168
138
107
74
40
4
-28
-58
-90
-123
-158
-184
-211
-235
-256
-273
-292
-305
-315
-323
-327
-332
-329
-327
-323
-316
-302
-292
-278
-262
-243
-222
-201
-178
-152
-125
-100
-73
-44
-17
13
41
71
99
128
153
181
208
234
259
280
300
316
332
342
351
353
352
347
339
329
315
298
279
258
233
200
171
139
105
69
34
-3
-41
-76
-112
-146
-177
-204
-231
-251
-274
-290
-299
-308
-309
-309
-306
-300
-290
-274
-257
-241
-224
-203
-187
-170
-152
-136
-119
-101
-83
-68
-50
-33
-20
-6
12
29
47
62
80
97
111
131
147
163
176
190
203
214
227
233
241
243
246
246
245
240
234
225
214
201
188
171
148
130
108
85
59
32
8
-18
-46
-72
-95
-119
-143
-166
-183
-201
-219
-231
-241
-248
-254
-255
-253
-248
-242
-232
-218
-205
-192
-175
-160
-141
-123
-102
-85
-63
-46
-24
-5
13
34
56
75
93
112
128
143
156
172
182
192
198
203
206
209
210
206
199
190
183
170
160
149
137
122
106
88
73
57
38
22
3
-16
-33
-53
-72
-88
-108
-123
-137
-149
-159
-169
-177
-181
-185
-187
-184
-181
-176
-172
-162
-154
-147
-131
-119
-106
-93
-81
-67
-52
-35
-20
-11
4
18
31
43
54
66
75
87
96
104
110
118
124
127
131
134
133
134
132
131
129
126
121
118
112
107
101
92
84
75
67
53
43
32
22
13
1
-10
-22
-32
-43
-53
-61
-70
-79
-85
-92
-98
-103
-109
-108
-111
-114
-112
-110
-107
-103
-99
-92
-85
-78
-75
-68
-61
-52
-43
-36
-29
-22
-18
-13
-5
0
9
13
21
25
28
33
40
47
49
55
61
67
68
70
71
73
72
70
64
60
55
49
42
34
26
22
15
5
0
-5
-12
-15
-20
-25
-24
-32
-33
-33
-32
-29
-27
-25
-22
-18
-14
-10
-6
-5
-2
0
1
4
3
5
7
8
6
8
10
10
11
9
9
10
8
7
5
5
2
0
-1
-1
-1
-1
-4
-2
-3
-3
-4
-1
3
1
6
5
5
7
10
15
16
17
19
19
18
17
17
15
14
13
10
5
2
1
-3
-5
-9
-13
-18
-24
-24
-29
-33
-33
-34
-38
-39
-37
-37
-36
-36
-37
-33
-31
-28
-27
-24
-23
-18
-14
-13
-10
-4
-1
2
3
6
8
10
12
14
18
17
22
24
22
26
28
28
27
28
28
30
32
31
29
31
31
28
25
26
24
23
19
16
14
13
12
11
6
4
0
-1
-1
-3
-4
-7
-9
-11
-11
-11
-13
-13
-15
-15
-15
-17
-18
-18
-14
-18
-18
-19
-19
-20
-20
-19
-19
-16
-15
-11
-13
-12
-10
-9
-8
-8
-9
-9
-8
-8
-7
-3
-3
-5
-5
-4
-1
1
6
6
7
9
11
14
15
16
18
17
15
14
15
17
17
15
16
16
14
13
10
8
5
3
3
1
0
-2
-2
-2
-4
-1
1
-2
-4
-5
-4
-8
-10
-8
-9
-8
-10
-6
-7
-8
-8
-5
-4
-6
-3
-2
0
0
0
1
-1
-2
-1
0
0
0
0
0
3
1
0
-1
-3
-1
-4
-4
-2
-3
-3
-3
-2
-4
-1
2
1
0
1
3
1
2
1
5
6
7
10
10
8
11
9
9
7
6
6
5
4
2
1
-2
0
-2
-1
-3
-1
-1
1
1
0
0
-1
0
1
0
-2
-5
-6
-7
-9
-11
-11
-10
-9
-11
-11
-10
-8
-6
-5
-4
-2
0
0
2
3
5
4
6
4
2
3
0
3
4
4
1
3
5
5
7
6
5
4
3
4
5
4
5
5
5
4
5
5
2
1
-2
-2
-3
-5
-3
-5
-3
-3
-4
-1
0
-1
2
-1
0
0
-3
-4
-5
-3
-2
-4
-5
-6
-4
-5
-4
-3
-3
-1
0
0
2
2
1
0
-1
2
3
4
4
3
1
4
2
2
1
3
1
1
4
3
6
3
1
0
3
2
2
2
0
0
0
0
-2
1
0
-1
-2
-4
-4
-3
-3
-4
-3
-4
-3
-4
-3
-3
2
-2
-1
-2
-1
1
-1
3
-1
1
1
-3
-2
-4
-4
1
-2
0
0
-1
0
2
1
0
1
3
3
1
2
2
3
2
1
2
1
0
0
0
0
2
0
1
0
1
0
4
5
6
3
3
3
3
3
1
1
2
-2
-3
-2
-1
-3
-3
-2
-1
-2
-3
-1
-2
-1
-4
-3
-2
-3
-3
-2
-2
-1
-2
-2
0
-3
0
-2
-2
-1
0
1
1
-2
0
2
2
2
1
3
1
1
-1
-1
2
1
2
1
-1
0
2
0
1
-1
-2
0
0
1
1
1
2
1
2
3
1
2
2
2
1
1
-1
-1
-2
-2
-2
-3
-3
-1
-2
0
2
-1
1
-1
1
1
-2
-1
0
-3
-2
0
-1
-1
-1
2
1
1
1
3
4
2
0
-1
1
2
4
3
3
1
1
3
5
3
1
0
0
0
-3
1
-1
-1
0
4
3
2
-1
-2
-2
-2
1
-1
-6
-3
-3
-5
-3
-2
-1
-2
0
-2
-1
1
0
1
2
1
-3
0
-2
-1
2
2
2
-1
0
0
0
0
-1
-2
-2
0
-3
-3
-1
2
4
2
4
4
3
3
4
2
1
2
1
0
-1
2
1
2
-2
-3
-1
-1
-2
0
0
1
-1
-1
-1
0
1
-1
1
-1
1
3
1
-2
-3
-1
-2
-3
-2
1
-1
1
0
2
2
1
0
-1
-1
-1
-1
0
-2
-1
-1
-2
-2
-2
0
1
0
2
2
0
1
0
1
2
2
3
6
2
2
1
3
4
-2
0
1
0
-4
-2
-1
-2
-1
-2
-1
2
1
0
-1
2
1
1
-1
-3
-1
-2
-2
-3
-3
-2
-1
1
0
2
2
1
0
0
1
1
-1
1
-1
-4
-4
-4
-2
-1
1
0
1
2
3
5
4
3
1
0
1
0
1
0
2
1
-2
-1
-1
-2
-3
0
-1
-1
0
2
1
0
1
2
1
2
2
0
-1
-2
0
-2
-2
-4
-1
-1
-1
1
2
4
1
-2
-1
-2
-1
-2
-3
-2
-5
-4
-3
-1
1
2
3
4
2
0
2
0
-2
0
1
2
1
1
3
2
1
3
3
2
0
2
4
2
1
1
0
0
3
1
1
1
0
2
2
0
2
-1
-2
-1
-2
-2
-3
-2
-4
-2
-2
-3
0
-2
-2
0
0
-2
-4
-3
-4
-2
-2
0
1
-2
0
2
2
2
0
-2
0
-1
-1
-1
1
1
2
0
2
3
3
2
3
2
0
0
1
0
-2
1
-1
-3
-3
-3
-1
4
1
1
2
1
0
0
0
-2
-2
-2
-3
-1
1
0
4
2
0
-1
0
2
0
2
1
-1
0
-3
-5
-2
-2
-2
-1
2
2
1
2
1
2
0
0
0
0
-2
-2
1
0
1
2
0
3
3
2
-1
-2
0
-2
-3
1
-1
-4
-1
0
3
2
0
2
2
1
1
0
-1
0
0
-1
1
1
2
1
3
2
1
1
-1
2
1
1
-1
0
0
-1
-3
-2
0
-2
-1
0
0
2
-1
-1
-1
-1
-3
-2
-2
-1
-4
-4
-1
-2
0
-1
0
0
0
0
2
1
-1
-1
-1
-2
-2
1
1
1
-2
0
5
5
7
4
2
4
4
3
2
2
3
4
2
6
4
2
1
-2
-4
-3
-3
-7
-5
-6
-5
-3
-3
0
1
1
1
2
0
2
2
1
0
-1
-1
-3
-3
-2
-1
0
0
1
0
-1
0
1
-1
-3
-3
0
0
1
0
3
3
3
2
4
3
1
0
0
-2
-3
-5
-2
-1
-3
-1
4
1
1
-1
0
1
-1
2
1
4
3
2
1
2
1
3
1
-1
2
2
-1
-2
-2
-4
-4
-2
-3
-4
-5
-3
-2
-1
0
0
2
-2
1
-1
-2
0
1
0
0
-1
-1
-2
0
1
-1
0
-1
3
0
2
4
1
1
2
5
4
4
3
2
4
3
1
2
1
0
-1
-1
-1
0
1
-1
-1
0
-2
-2
-2
1
1
-3
-1
-2
-3
-3
-1
-2
0
0
-3
-3
0
1
1
1
2
0
1
0
1
1
0
0
-3
-3
-3
-1
-1
3
3
1
2
0
-1
2
1
2
3
0
0
-1
-2
-1
0
1
2
0
-1
0
0
0
1
0
-3
-3
-3
-3
-4
-4
-5
-4
-3
-2
-4
0
2
3
2
4
1
3
4
1
1
2
1
4
5
3
3
1
2
1
0
0
0
0
0
-1
0
1
1
3
2
1
1
4
0
-1
-1
0
-3
-4
-3
-5
-6
-4
-3
-1
1
-1
-1
0
1
1
3
0
-2
-1
-1
-1
1
2
1
3
4
2
3
2
2
-1
-1
-2
-2
-1
-1
0
-1
0
2
2
0
0
0
-1
-1
0
1
2
-4
-1
2
0
-1
-1
-1
-1
0
-3
-3
-1
-1
-2
-1
1
2
2
1
5
4
2
4
4
3
3
3
2
1
-1
-1
0
1
1
0
1
1
0
-1
-2
-2
-2
-2
-3
-1
-1
-4
-1
-2
-2
0
1
-1
-1
1
-3
-2
-4
-4
-3
-3
0
2
1
0
0
2
0
-2
1
1
3
1
1
3
1
-1
1
0
3
4
1
2
2
1
2
2
2
2
1
3
0
1
2
1
1
-1
-1
-2
2
-1
-1
-1
0
0
-1
-2
-3
1
1
1
1
0
-2
-1
0
0
0
-1
-2
-1
-2
-3
-3
1
-1
-1
-1
0
1
-1
0
0
-1
-3
0
0
-3
0
2
1
1
0
3
1
-1
-2
-1
0
-1
-3
-1
0
-5
-1
-2
-1
1
3
2
3
2
1
2
2
2
0
1
2
2
1
1
1
1
0
-2
0
0
0
2
2
1
2
3
3
0
-2
0
2
1
-1
-1
-2
-3
-3
-3
-2
-1
-2
0
-2
-2
-1
-1
0
0
-1
-1
-3
0
0
0
0
-2
0
0
1
0
1
2
1
1
0
3
1
1
3
1
1
0
0
1
1
-1
-2
0
3
3
2
3
0
0
1
2
3
2
0
0
-2
0
0
-1
0
1
1
0
-1
-5
0
0
-1
-3
-3
-3
-5
-2
-3
-4
-3
-1
-1
0
1
-1
-1
1
2
2
1
2
2
-1
-1
1
1
1
0
0
1
3
2
1
2
-1
-1
2
3
3
2
1
2
-1
-1
-1
0
1
0
0
-1
-1
0
0
1
3
2
0
2
-1
-2
0
0
0
2
2
0
-2
-6
-4
-3
-4
-4
-6
-5
-6
-5
-3
-1
1
3
1
1
2
3
4
4
4
4
5
4
2
3
2
0
1
-1
0
1
-1
-1
0
-1
-2
-1
0
1
0
0
-3
0
0
4
3
1
-1
-2
-2
-2
-1
-4
-2
-3
-4
-2
1
3
1
2
2
3
2
3
2
2
3
3
2
1
2
1
3
0
-3
-3
-4
-4
-4
-3
-3
-5
-3
-3
-4
-3
-1
0
-3
-1
2
2
4
1
2
3
2
-1
0
0
-2
0
1
2
2
5
3
4
4
4
1
1
-1
-4
-2
-1
-2
-2
-2
-2
-3
-3
0
1
0
-1
1
-1
0
2
2
0
0
1
1
2
3
4
4
4
3
0
-2
-3
-3
-5
-5
-6
-4
-2
-3
-2
1
0
2
2
1
0
0
2
-1
-2
0
1
1
2
1
1
-1
-1
-3
-4
-2
0
1
1
1
5
1
1
1
2
4
0
1
-1
2
1
1
1
-2
1
1
-2
0
-2
0
1
-1
-1
-2
-2
-1
-2
-2
-3
0
0
-1
-2
0
2
3
4
1
0
1
0
-1
-1
-1
0
-1
-1
-2
-1
-2
-3
1
0
-1
1
-1
2
4
3
3
4
3
5
5
2
3
2
1
1
-2
1
0
0
0
-2
-2
-4
-5
-2
-3
-4
-4
-5
-6
-5
-1
-1
-3
-1
0
1
2
-1
-1
-1
-2
0
-2
-4
1
1
1
-2
0
4
3
6
6
4
3
3
5
4
5
4
2
3
1
1
2
3
0
-1
1
-1
-2
-2
-1
-1
-2
-2
-3
-3
-1
0
0
1
0
1
1
1
-1
-2
-3
-3
-2
-3
-3
-2
-1
1
-1
-3
-1
2
3
2
2
5
2
0
-1
-2
-2
-2
0
0
-2
0
0
-2
-2
-1
-2
0
-2
-1
0
0
-1
0
1
3
5
3
1
5
2
3
4
0
-1
-1
-2
-3
-5
-4
-1
0
1
