0
-2
-1
-4
-5
-3
-3
0
-1
1
-1
0
-1
1
-1
-1
-2
0
0
-2
0
1
2
0
4
5
1
0
1
-2
-2
0
-2
0
2
2
4
4
2
0
2
3
1
2
3
3
3
2
3
-3
-2
3
2
0
4
3
3
2
0
2
-1
-1
-3
-3
-2
-4
-5
-2
-2
-2
-5
-3
-1
-1
-2
0
2
1
0
-1
0
-6
-7
-4
-2
-1
-1
-4
-2
-2
0
-3
-3
-5
-2
1
0
-2
-2
1
2
3
3
3
6
5
4
4
-1
2
4
1
2
4
3
1
0
3
4
4
3
5
2
1
1
1
1
-1
1
-2
3
1
0
-3
-3
-1
0
2
0
2
-1
-1
3
1
-2
-4
-3
-4
-4
-4
-3
-1
-4
-4
-3
-2
-2
-3
-2
-5
-2
-3
-3
1
1
-3
-3
-1
-4
-3
-1
0
2
4
5
4
2
4
2
1
2
2
0
1
6
9
7
5
-1
2
2
1
0
1
0
1
4
4
6
5
3
3
6
5
1
5
3
1
1
0
-2
1
0
-6
-5
-3
-3
-5
-6
-8
-6
-6
-7
-5
-6
-8
-6
-9
-5
-5
-6
-8
-6
-4
-6
-3
-2
-1
-3
-2
-3
-3
-2
0
-1
-3
1
3
0
-1
2
5
4
5
7
4
4
5
7
9
8
9
9
9
9
7
7
9
14
15
13
12
7
11
9
4
5
5
8
6
4
5
0
-1
0
0
0
-2
-3
-5
-5
-13
-19
-16
-26
-40
-41
-42
-40
-37
-42
-44
-52
-62
-69
-83
-86
-82
-83
-73
-76
-80
-73
-75
-63
-50
-40
-32
-34
-51
-51
-26
1
35
60
56
61
77
86
103
122
123
150
167
143
130
143
175
221
230
214
214
230
283
322
288
248
267
269
236
209
185
182
184
133
19
-324
-700
-820
-645
-211
317
728
952
1073
974
827
662
394
160
21
-96
-206
-314
-460
-631
-816
-1043
-1283
-1520
-1697
-1759
-1743
-1676
-1537
-1327
-1102
-914
-713
-499
-382
-305
-151
-29
47
178
330
482
630
702
757
809
764
708
704
700
719
752
755
866
1016
987
905
939
962
959
1022
1063
1039
977
831
670
597
520
452
517
527
265
-42
-118
20
230
411
493
519
559
498
165
-426
-948
-1227
-1512
-1937
-2200
-2231
-2297
-2386
-2238
-2065
-2099
-2166
-2080
-2000
-1912
-1726
-1430
-1017
-489
8
517
1028
1314
1393
1524
1544
1289
1005
865
734
637
652
762
875
906
874
896
847
663
519
450
355
314
316
295
406
678
937
1198
1378
1307
1172
1143
1021
802
701
691
713
814
955
956
789
576
440
333
243
178
110
97
213
396
544
430
-326
-1534
-2447
-3056
-3854
-4555
-4689
-4613
-4459
-3816
-2878
-2247
-1848
-1407
-1002
-703
-494
-365
-150
256
679
1197
1801
2162
2206
2277
2198
1771
1262
858
431
92
-2
101
274
274
143
233
493
502
455
631
749
787
1115
1536
1614
1543
1574
1545
1268
862
591
536
502
451
634
958
1049
1001
1075
1118
990
925
949
797
483
294
271
280
284
437
650
794
933
1233
971
-373
-2222
-3486
-4575
-5856
-6838
-7016
-6930
-6425
-5234
-3723
-2599
-1700
-908
-186
307
567
676
931
1268
1697
2349
3052
3357
3344
3197
2766
1990
1085
216
-558
-1117
-1310
-1079
-728
-572
-406
66
426
485
681
1080
1214
1326
1837
2387
2549
2535
2428
2127
1783
1517
1192
876
670
564
645
898
1031
1047
1255
1507
1451
1168
909
653
437
380
543
810
1119
1595
2297
2258
449
-2269
-4286
-6012
-8240
-9973
-10369
-10071
-9089
-6941
-4317
-2222
-641
607
1587
2174
2185
1825
1782
2019
2358
2981
3737
3925
3664
3247
2497
1217
-240
-1632
-2649
-3155
-3087
-2475
-1393
-295
619
1235
1566
1696
1805
1758
1790
2060
2450
2822
3289
3514
3271
2667
1899
1120
404
-320
-816
-764
-404
115
897
1550
1847
2223
2672
2554
1992
1472
1208
1058
1054
1228
1619
2008
2548
2809
1147
-2599
-5942
-7920
-10332
-12908
-13567
-12439
-10840
-8239
-4465
-995
1174
2597
3779
4463
4126
3246
2692
2545
2333
2500
3099
3273
2617
1853
994
-374
-2110
-3484
-4270
-4343
-3696
-2322
-574
1262
2709
3574
3936
3935
3427
2767
2462
2284
2053
2240
2628
2444
1963
1553
739
-293
-759
-897
-981
-562
314
1254
2236
2958
3228
3501
3662
3177
2416
1898
1464
1120
1133
1388
1705
2094
2669
2284
-621
-5239
-8529
-10594
-13365
-15615
-14759
-12222
-9602
-5982
-1236
2242
3959
5043
5820
5429
4084
2776
2071
1602
1227
1465
1880
1599
662
-160
-1207
-2693
-4077
-4633
-4406
-3504
-1846
426
2742
4509
5569
5754
5181
4095
2864
1724
1022
595
528
940
1379
1274
1031
596
-334
-1052
-825
-422
-34
1041
2458
3506
4323
4899
4824
4423
3714
2603
1481
785
200
6
453
996
1492
2497
3138
936
-3913
-8365
-10745
-13285
-15970
-16058
-13004
-9610
-5799
-681
3718
5395
5896
6332
5619
3621
1664
566
2
-195
148
928
1124
301
-679
-1489
-2747
-4159
-4520
-3893
-2641
-703
1978
4472
6107
6811
6864
5766
3496
1301
4
-1047
-1691
-1191
-57
705
1185
1526
1525
850
-39
-270
297
819
1545
2903
4078
4549
4834
4764
3901
2803
1723
657
-139
-342
-325
218
958
1715
2448
3669
3132
-843
-6314
-9606
-11655
-14728
-16440
-14703
-10884
-7202
-2536
2011
5179
6053
5973
5421
4250
2088
72
-399
-399
-475
-56
828
430
-788
-1534
-2282
-3487
-4167
-3525
-2171
-258
2101
4549
6331
6985
6704
5831
3995
1263
-1011
-1982
-2393
-2364
-1281
366
1244
1677
1981
1630
732
538
1008
1582
2366
3324
4144
4619
4525
3768
3062
2336
1391
579
208
-81
83
658
1294
1866
2534
3234
3678
1513
-4158
-9536
-11668
-13820
-16596
-16424
-12511
-8609
-4354
714
4931
6305
6283
5842
4914
2942
544
-690
-716
-833
-869
-31
256
-951
-2012
-2436
-3220
-3931
-3301
-1795
176
2507
4951
6772
7494
6949
5760
4211
1599
-1286
-2867
-3139
-3140
-2305
-607
764
1549
2229
2674
2476
1720
1150
1626
2534
2812
3341
4181
4132
3283
2808
2157
1194
437
36
-143
119
450
826
1642
2143
2432
3248
4515
2410
-3256
-8896
-11150
-13650
-16791
-17044
-13400
-9458
-5187
527
5080
6813
6829
6727
5434
3207
723
-833
-1532
-1664
-1472
-843
-589
-1402
-2139
-2404
-2889
-3403
-2736
-999
1028
3275
5516
7080
7413
6712
5303
3240
322
-2449
-3500
-3289
-2953
-1809
368
1986
2515
2938
3114
2751
2036
1442
1378
2146
2818
3022
3502
3740
2969
2353
2286
1403
431
286
293
305
685
1159
1586
2251
3032
4271
4584
1197
-5488
-10747
-13211
-16139
-18332
-16689
-12257
-7748
-2107
3698
7491
8053
7429
6325
4454
1412
-1083
-2327
-2656
-2634
-1882
-958
-1138
-1971
-2419
-2621
-3045
-2800
-1475
721
3138
5484
7341
7976
7377
5810
3635
1035
-1816
-4198
-4667
-3671
-2511
-894
1275
2777
3359
3610
3427
2912
2643
2803
3106
3247
3085
2825
2616
1983
1105
723
1001
1148
1157
1337
1700
1714
1481
1643
1834
2144
3238
4611
2334
-3842
-9688
-12157
-15120
-18399
-18070
-13511
-8702
-3403
2727
7462
8788
8191
7138
5155
1923
-1344
-2980
-3520
-3624
-3214
-1935
-1401
-1874
-2241
-2105
-2251
-2196
-1065
1045
3360
5317
6987
7906
7283
5323
3247
1164
-1320
-3926
-5230
-4555
-2754
-1221
734
2976
3962
3931
4360
4149
2885
1925
1840
2165
2491
2304
2113
2152
1623
991
1181
1446
1161
1220
1669
1667
1341
1157
1289
1507
2257
3534
5116
3465
-2795
-9628
-12618
-15702
-19512
-19095
-13997
-8916
-3049
4214
8929
9859
9119
7625
4679
1129
-2299
-4107
-4409
-3957
-3220
-1836
-1169
-1714
-2182
-2054
-2145
-1917
-458
1797
4220
6321
7576
7703
6766
4721
2071
-722
-3156
-4740
-4792
-3566
-1695
201
2141
3738
4275
3866
3469
3141
2520
2159
2085
2134
2284
2228
1898
1745
1479
1270
1647
2044
1945
1964
1829
1405
985
1079
1008
1395
2527
4614
5075
981
-6951
-12194
-14245
-17906
-20514
-16734
-10359
-5230
1395
8045
10724
9621
7886
5419
1975
-2037
-4678
-5191
-4426
-3907
-2733
-1097
-1053
-1947
-1898
-1625
-1756
-663
1526
3945
5981
7237
7428
6699
4693
2007
-288
-2297
-4063
-4937
-3993
-1848
292
1674
3288
4514
4376
3654
3637
3211
2340
1867
1759
1700
1694
1318
1164
1360
1253
1490
2416
2575
1996
1884
1833
1244
782
949
1278
2160
3693
5346
4037
-2158
-10120
-14113
-16546
-19758
-19421
-13256
-6304
72
6516
10634
10589
8187
5168
1679
-2169
-5572
-6578
-5221
-3663
-2769
-1169
-197
-835
-1553
-1392
-1382
-871
865
3363
5600
6795
6959
6300
4698
2074
-212
-1831
-2767
-3327
-3240
-2513
-876
709
1808
2806
3603
3761
3843
4153
3979
3373
2581
1906
1496
993
155
71
633
1232
2026
3008
3076
2635
2078
1612
1027
724
666
1453
2991
4876
5956
3393
-4149
-12181
-15593
-17827
-20368
-18634
-11173
-3368
3439
8707
11077
9673
6343
2539
-754
-4186
-6835
-6565
-3972
-2126
-1470
-711
-549
-1435
-2169
-2007
-1453
-197
1947
4751
6993
7290
6175
4951
3273
651
-1501
-2652
-3130
-2955
-1803
-537
334
940
1847
2994
3496
3225
3443
4305
4499
4055
3492
2635
1284
234
-228
-218
129
1030
2502
3709
3774
2979
2294
1501
937
1076
1856
2863
4930
6192
2772
-5538
-12660
-15966
-18783
-20690
-17245
-9590
-2083
4293
9191
10885
8558
4528
1117
-1575
-4719
-6706
-5650
-2920
-1611
-1341
-1084
-1434
-2493
-2812
-2100
-903
760
2977
5534
7102
6792
5277
3885
2258
162
-1729
-2785
-2917
-1959
-662
106
907
1641
2075
2638
3223
3025
3174
3606
3411
3027
2925
1981
1016
903
931
771
999
1373
2139
3143
3124
2208
1762
1663
1255
1257
1700
2351
3615
5608
4904
-1463
-10538
-15679
-17083
-18321
-17839
-12225
-4115
2992
7847
9672
7949
4187
571
-1769
-3588
-5341
-5403
-3081
-674
-315
-1237
-2240
-3041
-3226
-2352
-880
802
2864
5139
6772
6714
5038
3032
1805
805
-254
-966
-941
-823
-1371
-1803
-917
2
90
1507
3879
4920
4999
5090
4501
3571
2338
787
-377
-740
-631
301
1622
2415
2909
3980
4150
2898
1544
912
521
737
1171
1865
3254
5097
5418
1428
-6978
-14496
-16931
-17463
-17543
-13805
-5821
1620
6465
8382
7508
4158
493
-2131
-3087
-3769
-4141
-2857
-568
-74
-1473
-2906
-3734
-3783
-2824
-953
1207
3253
4842
5998
6146
4639
2542
1431
1126
697
430
384
259
-569
-1744
-2396
-2023
-1335
105
2484
4580
5492
5751
5539
4524
2938
1546
740
383
244
517
1120
1581
1656
1967
2462
2517
2025
1903
2174
2452
2603
2942
3495
4751
5094
228
-8892
-15204
-16314
-16847
-16782
-12447
-4754
1690
5353
6512
5637
2855
-282
-1814
-1552
-1853
-2536
-1687
-275
-962
-2987
-4391
-4728
-4250
-2809
-565
1873
3561
4590
5419
5401
4018
2462
2039
2180
1967
1374
803
-396
-2192
-3120
-2575
-1721
-746
1353
3942
5633
5870
5133
4044
3098
1869
564
129
535
861
1234
1796
1801
1539
1891
2351
2221
1912
1744
1814
1976
1894
1713
2241
3366
4873
4763
-372
-9607
-15686
-16103
-15315
-14855
-11088
-3804
2875
5969
5590
3392
768
-1291
-1762
-1006
-831
-1359
-838
42
-952
-3662
-5570
-5381
-3606
-1413
596
2369
3742
4519
4699
4216
2993
2060
2255
2880
2842
1943
770
-334
-1279
-2873
-4059
-3179
-506
1700
3428
4843
5332
4939
4336
3317
2215
1678
1522
1593
1664
1094
304
331
833
1283
1956
2559
2646
2772
2726
2368
2157
2689
3507
5085
4637
-984
-9656
-14541
-15262
-15153
-14203
-9790
-3378
1705
3703
3262
1551
-389
-1374
-614
708
816
281
251
-151
-2136
-4623
-5866
-5196
-3407
-1226
711
2289
3176
3487
3419
3222
2942
2848
3166
3477
3224
2252
837
-787
-1872
-2613
-3331
-2989
-595
1974
3172
3799
4327
4193
3686
3116
2556
2430
2580
2369
1937
1278
248
-154
519
1379
1959
2437
2546
2596
2470
1883
1584
2374
3293
4564
5308
1342
-7711
-14174
-14548
-13636
-13540
-10511
-4496
677
2727
2126
243
-1231
-1532
-352
1512
2073
1124
485
-10
-2009
-4668
-5882
-5078
-3022
-879
401
1048
1715
2382
2756
2806
2898
3490
4367
4528
3600
2234
865
-614
-1739
-2227
-2602
-2745
-1395
937
2332
2586
3081
3869
4151
3822
3351
3193
3181
2799
2037
1266
421
-40
346
1124
1498
1805
2049
2047
1735
1527
1707
2652
3752
4962
5758
2952
-5264
-13073
-14599
-12859
-12222
-10558
-5881
-1241
740
364
-1134
-2284
-1817
153
2464
3414
2466
1037
104
-1534
-3981
-5363
-4638
-2841
-1078
-97
99
147
690
1559
2510
3218
3803
4505
4937
4243
2769
1342
141
-943
-1696
-2157
-2080
-1112
329
1267
1706
2178
2753
3131
3298
3410
3565
3545
3129
2293
1482
946
834
979
1299
1703
2053
1906
1419
1109
1133
1516
2443
3599
4585
5185
2895
-3963
-11276
-13355
-11927
-11035
-9688
-6002
-2392
-1023
-1392
-2436
-3134
-2167
319
2702
3515
2604
1186
51
-1402
-3360
-4403
-3678
-2128
-969
-633
-910
-995
-164
1223
2290
3081
3963
4636
4623
3834
2612
1593
1077
591
-7
-879
-2166
-2588
-861
1080
1355
1422
2644
3518
3323
2935
2875
3022
3319
3295
2643
1630
799
794
1395
1535
1044
1107
1611
1650
1123
940
1417
2671
3981
4938
4505
276
-7599
-12712
-11456
-9345
-9982
-8830
-4149
-1244
-2300
-4062
-4165
-2830
-566
1751
3140
2990
1734
610
-137
-1612
-3386
-3291
-1583
-596
-1031
-1699
-1833
-1156
76
1229
2165
3302
4212
4418
3903
3057
2311
2097
1935
1185
-37
-1396
-2185
-1549
17
737
698
1391
2537
2714
2225
2333
3135
3876
4000
3313
2324
1713
1565
1500
1413
1307
1356
1340
1061
712
793
1250
2025
3046
4224
4984
2622
-4489
-11243
-11276
-8047
-8087
-8931
-5978
-2681
-3061
-4787
-5065
-4182
-2070
928
2961
2814
1509
542
365
-236
-1856
-2595
-1288
-55
-673
-1838
-2157
-1781
-880
417
1530
2312
3126
3777
3779
3139
2469
2359
2681
2476
1241
-408
-1390
-1232
-346
278
362
637
1478
2048
1859
1593
2093
3210
3962
3596
2699
2333
2507
2435
2002
1625
1524
1500
1187
670
479
805
1390
2114
2834
3505
3228
-372
-6844
-10375
-8293
-6232
-7503
-7479
-4351
-3015
-4787
-5786
-4863
-3494
-1429
1178
2344
1571
606
437
337
-568
-1643
-1426
-205
122
-816
-1536
-1515
-1238
-691
275
1222
1976
2717
3216
3028
2448
2150
2349
2614
2306
1346
543
244
-323
-1024
-512
829
1266
1058
1483
1923
1664
1841
2931
3557
3136
2761
2924
2874
2268
1809
1842
1806
1287
642
337
576
993
1254
1688
2476
3018
2846
471
-5070
-9746
-8721
-5381
-5617
-7110
-5387
-3268
-4400
-6161
-5798
-4382
-2384
396
1971
1202
178
284
421
-165
-855
-955
-324
451
403
-507
-1142
-966
-551
-302
162
951
1802
2550
2929
2591
1956
1855
2243
2355
1912
1238
731
573
790
825
418
323
1113
1639
1121
704
1397
2370
2731
2687
2718
2787
2769
2565
2204
1932
2010
2043
1572
1011
1012
1176
939
740
1072
1767
2173
642
-3693
-7796
-7575
-5016
-5029
-6660
-5599
-3229
-3756
-5980
-6136
-4417
-2690
-966
569
543
-480
-665
-34
-42
-635
-630
223
946
819
86
-485
-451
-43
264
373
652
1228
1712
1851
1718
1488
1329
1486
1764
1849
1610
1475
1747
1999
1772
1331
1223
1447
1607
1529
1436
1479
1613
1782
1972
2048
2008
2022
2049
1783
1154
650
505
498
446
320
26
-355
-650
-885
-996
-908
-1082
-2167
-2419
-1977
-1543
-1876
-2819
-2789
-1941
-1680
-2501
-2619
-1754
-1328
-1720
-1833
-1752
-1683
-1836
-1813
-1459
-1334
-1416
-1279
-767
-435
-419
-217
131
388
450
441
549
600
729
828
862
859
807
779
838
864
918
943
1034
1262
1339
1351
1219
1216
1238
1092
980
1041
1193
1426
1555
1548
1469
1335
1282
1162
1125
1130
1205
1442
1566
1436
1152
925
847
835
831
897
936
1031
910
261
-556
-983
-1039
-920
-842
-1155
-1914
-2475
-2548
-2584
-2692
-2773
-2845
-2919
-3077
-3277
-3398
-3371
-3146
-2725
-2287
-1986
-1829
-1595
-1239
-812
-414
-162
-6
163
300
361
337
399
625
781
854
951
1009
1069
1236
1531
1692
1749
1782
1646
1461
1360
1431
1675
1995
2272
2362
2193
1996
1933
1971
1912
1892
2016
2118
2105
1998
1779
1527
1423
1403
1292
1163
1121
1108
1081
731
-49
-829
-1210
-1293
-1234
-1233
-1601
-2247
-2740
-2921
-3006
-3090
-3164
-3246
-3356
-3496
-3660
-3752
-3698
-3470
-3069
-2654
-2376
-2174
-1824
-1378
-955
-554
-222
-64
57
228
355
397
508
731
908
1001
1084
1174
1306
1492
1707
1841
1869
1833
1760
1682
1677
1767
1932
2144
2383
2491
2330
2071
1971
1963
1916
1886
1946
2021
2006
1864
1593
1347
1282
1348
1361
1247
1124
1043
937
737
287
-438
-1040
-1252
-1316
-1394
-1440
-1753
-2470
-3064
-3218
-3202
-3229
-3236
-3263
-3397
-3573
-3716
-3748
-3624
-3326
-2884
-2462
-2180
-1949
-1637
-1225
-796
-435
-190
-16
168
367
461
451
528
813
1114
1277
1378
1494
1600
1734
1832
1805
1731
1740
1790
1833
1864
1886
1972
2153
2264
2172
1963
1833
1859
1949
1992
1997
2015
1989
1875
1719
1551
1461
1483
1472
1335
1196
1082
885
672
488
78
-579
-1085
-1274
-1327
-1310
-1395
-1927
-2727
-3175
-3186
-3138
-3156
-3214
-3390
-3616
-3746
-3809
-3794
-3571
-3158
-2733
-2396
-2139
-1879
-1525
-1099
-703
-358
-58
173
329
400
384
430
657
925
1106
1249
1382
1492
1623
1734
1739
1712
1764
1831
1866
1915
1968
2003
2062
2137
2138
2040
1928
1882
1898
1916
1896
1875
1857
1804
1708
1603
1516
1456
1440
1403
1254
1026
818
679
623
553
220
-363
-835
-1030
-1122
-1195
-1328
-1787
-2562
-3142
-3250
-3206
-3275
-3368
-3441
-3568
-3740
-3865
-3833
-3606
-3221
-2745
-2282
-1957
-1727
-1432
-1065
-729
-414
-107
116
274
406
475
513
644
876
1117
1318
1465
1549
1570
1595
1659
1736
1826
1942
2003
1954
1901
1933
1962
1934
1899
1883
1884
1899
1930
1947
1933
1876
1803
1745
1689
1618
1555
1536
1531
1399
1071
754
640
613
548
516
380
-110
-741
-1090
-1187
-1252
-1337
-1623
-2282
-2951
-3176
-3128
-3175
-3295
-3365
-3481
-3680
-3816
-3786
-3574
-3192
-2712
-2268
-1943
-1739
-1558
-1277
-902
-532
-204
90
297
410
472
519
640
913
1232
1429
1489
1491
1500
1557
1628
1679
1773
1895
1956
1973
1970
1846
1691
1724
1869
1922
1929
1985
2021
1999
1930
1825
1752
1753
1741
1711
1691
1580
1342
1092
891
740
698
695
651
645
574
125
-555
-976
-1105
-1194
-1229
-1367
-1983
-2813
-3220
-3227
-3242
-3313
-3359
-3478
-3651
-3749
-3741
-3605
-3302
-2840
-2336
-1998
-1870
-1720
-1410
-1052
-710
-349
-51
134
276
381
439
566
846
1169
1356
1385
1376
1417
1524
1669
1820
1957
2066
2114
2054
1868
1650
1565
1693
1935
2110
2141
2081
1982
1885
1850
1872
1879
1853
1815
1751
1622
1399
1167
1057
1023
926
807
760
715
640
580
371
-150
-716
-1000
-1106
-1227
-1374
-1736
-2462
-3174
-3422
-3348
-3301
-3325
-3368
-3482
-3603
-3606
-3497
-3315
-3001
-2551
-2146
-1931
-1824
-1667
-1406
-1059
-672
-309
5
255
425
536
640
773
949
1134
1248
1324
1446
1596
1724
1860
1997
2044
2002
1899
1747
1634
1675
1817
1954
2060
2101
2041
1959
1946
1975
1958
1885
1806
1739
1652
1516
1380
1284
1205
1129
1044
953
836
691
554
494
451
210
-244
-677
-966
-1198
-1392
-1634
-2137
-2860
-3358
-3403
-3265
-3228
-3294
-3380
-3493
-3586
-3565
-3413
-3159
-2786
-2379
-2151
-2126
-2065
-1786
-1328
-787
-278
85
283
405
463
447
519
774
1113
1384
1548
1627
1671
1735
1800
1832
1853
1885
1902
1912
1898
1844
1825
1912
2023
2047
2009
1965
1927
1896
1878
1818
1703
1577
1487
1414
1321
1245
1210
1176
1065
882
736
688
669
648
691
674
313
-345
-905
-1215
-1412
-1547
-1695
-2126
-2807
-3276
-3334
-3253
-3246
-3241
-3220
-3262
-3333
-3343
-3274
-3128
-2876
-2585
-2354
-2168
-1904
-1492
-1005
-547
-183
45
138
168
240
389
607
912
1263
1515
1577
1545
1556
1603
1667
1775
1902
1972
1959
1902
1820
1757
1808
1972
2104
2129
2091
1989
1823
1689
1643
1638
1640
1651
1629
1545
1447
1345
1206
1057
958
881
786
746
751
690
578
459
181
-353
-887
-1193
-1366
-1523
-1687
-2011
-2592
-3114
-3240
-3079
-2936
-2925
-3032
-3221
-3417
-3570
-3650
-3563
-3238
-2762
-2309
-1974
-1727
-1477
-1180
-843
-490
-175
76
294
488
630
759
944
1169
1344
1438
1479
1518
1599
1723
1832
1869
1871
1889
1904
1923
1968
1996
1980
2017
2113
2115
1994
1871
1809
1770
1743
1732
1680
1558
1433
1348
1258
1141
1088
1127
1133
1044
906
734
529
378
313
169
-227
-773
-1210
-1454
-1586
-1716
-1977
-2451
-2916
-3048
-2935
-2921
-3085
-3289
-3489
-3671
-3700
-3533
-3292
-2995
-2600
-2231
-2045
-1930
-1692
-1324
-906
-468
-76
178
334
472
596
687
824
1060
1308
1447
1477
1506
1580
1648
1698
1797
1929
2006
2022
1987
1868
1750
1799
1977
2057
1999
1934
1892
1803
1730
1733
1710
1620
1558
1539
1467
1366
1313
1271
1202
1123
997
792
602
453
289
169
87
-183
-698
-1134
-1325
-1414
-1473
-1536
-1841
-2443
-2924
-3073
-3120
-3236
-3303
-3319
-3393
-3466
-3412
-3267
-3087
-2810
-2441
-2123
-1922
-1737
-1454
-1083
-683
-282
79
315
416
498
613
754
949
1189
1366
1401
1373
1374
1446
1614
1834
1999
2043
1993
1897
1810
1790
1847
1958
2056
2057
1966
1885
1848
1816
1781
1765
1725
1642
1566
1492
1396
1326
1303
1249
1124
935
683
434
273
173
110
105
30
-309
-763
-1040
-1170
-1302
-1464
-1773
-2355
-2946
-3194
-3181
-3186
-3208
-3181
-3198
-3302
-3387
-3369
-3237
-2958
-2545
-2152
-1922
-1787
-1549
-1166
-747
-370
-42
198
328
403
496
613
785
1023
1244
1375
1453
1559
1678
1755
1774
1784
1836
1911
1927
1864
1781
1739
1777
1895
2005
2018
1958
1906
1874
1850
1824
1773
1706
1654
1600
1502
1387
1287
1132
900
696
553
405
268
208
147
60
48
3
-324
-862
-1269
-1468
-1598
-1715
-1918
-2359
-2872
-3095
-3026
-2965
-3021
-3098
-3182
-3262
-3274
-3195
-3040
-2798
-2453
-2108
-1863
-1692
-1456
-1085
-661
-281
31
249
385
508
645
757
896
1151
1444
1612
1633
1585
1541
1564
1694
1831
1870
1826
1766
1706
1680
1760
1910
2009
2052
2059
2000
1889
1818
1803
1806
1803
1757
1631
1456
1283
1122
959
859
809
730
609
512
437
358
320
318
174
-234
-750
-1152
-1403
-1558
-1666
-1884
-2306
-2760
-2985
-3000
-3005
-3039
-3073
-3138
-3238
-3267
-3182
-3038
-2828
-2504
-2150
-1906
-1750
-1545
-1249
-908
-551
-213
35
180
306
474
657
849
1076
1306
1439
1479
1519
1573
1614
1683
1790
1842
1802
1769
1804
1844
1861
1914
1992
2010
1964
1932
1928
1919
1928
1960
1903
1697
1454
1302
1216
1153
1115
1069
964
840
739
611
445
310
243
184
89
-94
-455
-927
-1281
-1419
-1460
-1539
-1766
-2223
-2761
-3055
-3022
-2920
-2921
-2974
-3053
-3187
-3279
-3219
-3037
-2788
-2449
-2112
-1921
-1846
-1680
-1345
-945
-530
-98
265
475
581
668
748
874
1101
1349
1480
1488
1481
1495
1512
1591
1747
1888
1931
1919
1878
1817
1801
1884
2002
2052
2038
2019
1976
1873
1744
1638
1552
1470
1395
1326
1270
1227
1177
1088
950
794
663
558
455
352
278
232
151
-85
-498
-941
-1247
-1384
-1463
-1631
-1992
-2481
-2870
-3006
-2948
-2874
-2884
-2997
-3160
-3248
-3201
-3073
-2923
-2727
-2473
-2228
-2022
-1820
-1551
-1179
-717
-258
84
286
400
479
574
731
952
1168
1327
1425
1453
1445
1487
1606
1747
1871
1968
1989
1918
1843
1829
1859
1914
1987
2020
1950
1828
1727
1653
1601
1592
1612
1595
1527
1446
1349
1221
1094
1009
937
818
660
510
370
240
154
119
36
-205
-595
-986
-1255
-1401
-1489
-1642
-1959
-2399
-2742
-2852
-2825
-2836
-2892
-2966
-3087
-3234
-3295
-3222
-3057
-2806
-2448
-2099
-1848
-1636
-1339
-974
-604
-251
78
302
424
501
605
724
883
1078
1283
1405
1440
1443
1486
1567
1698
1865
2012
2044
1964
1854
1789
1776
1823
1893
1905
1828
1732
1696
1685
1665
1631
1596
1529
1435
1339
1252
1166
1076
985
884
770
649
534
423
310
212
159
104
-63
-420
-851
-1177
-1338
-1416
-1537
-1829
-2296
-2721
-2899
-2872
-2842
-2908
-3031
-3165
-3262
-3260
-3149
-2936
-2623
-2259
-1955
-1789
-1684
-1490
-1146
-735
-368
-105
70
223
370
505
632
819
1063
1284
1413
1444
1431
1467
1598
1765
1891
1942
1924
1845
1747
1696
1733
1844
1956
1994
1941
1844
1771
1754
1771
1772
1732
1646
1516
1374
1250
1150
1057
985
897
765
602
453
326
200
103
58
41
-49
-289
-663
-1032
-1263
-1354
-1426
-1661
-2109
-2593
-2878
-2925
-2894
-2906
-2984
-3094
-3168
-3123
-2992
-2858
-2699
-2455
-2157
-1907
-1709
-1498
-1229
-910
-567
-221
65
247
357
463
590
755
991
1250
1431
1504
1530
1563
1622
1664
1666
1681
1747
1801
1818
1818
1779
1734
1773
1873
1925
1889
1814
1748
1693
1622
1547
1507
1468
1396
1315
1223
1100
974
904
833
699
542
415
330
270
236
217
129
-135
-539
-920
-1171
-1314
-1425
-1627
-2006
-2477
-2802
-2860
-2787
-2750
-2782
-2857
-2976
-3081
-3081
-2967
-2792
-2544
-2232
-1970
-1821
-1683
-1408
-1025
-660
-344
-57
171
318
455
624
788
944
1137
1317
1370
1331
1349
1451
1536
1605
1711
1801
1810
1770
1737
1689
1676
1771
1923
1976
1894
1791
1733
1695
1669
1660
1618
1525
1427
1350
1235
1088
982
900
785
666
586
500
386
275
178
80
6
-77
-318
-728
-1104
-1320
-1432
-1525
-1685
-1979
-2342
-2572
-2623
-2644
-2719
-2817
-2915
-3010
-3048
-2988
-2851
-2667
-2430
-2176
-1973
-1812
-1610
-1297
-899
-479
-109
167
343
443
528
630
748
900
1082
1239
1327
1381
1445
1518
1581
1658
1749
1817
1853
1849
1794
1707
1676
1764
1887
1935
1901
1828
1721
1632
1594
1563
1490
1399
1298
1172
1062
1002
981
938
843
734
616
481
344
228
145
103
59
-135
-531
-958
-1214
-1277
-1292
-1453
-1848
-2324
-2646
-2734
-2709
-2703
-2755
-2839
-2930
-3016
-3071
-3049
-2909
-2632
-2281
-1990
-1776
-1550
-1271
-952
-619
-299
-33
175
323
417
501
640
847
1062
1223
1319
1379
1434
1510
1607
1676
1708
1745
1777
1747
1685
1657
1671
1725
1823
1913
1901
1813
1719
1647
1584
1552
1555
1535
1458
1341
1194
1050
959
921
849
714
570
440
320
213
124
47
10
-36
-220
-597
-1010
-1265
-1345
-1384
-1543
-1893
-2313
-2579
-2621
-2593
-2636
-2764
-2919
-3033
-3068
-3017
-2883
-2653
-2335
-2022
-1809
-1693
-1559
-1301
-927
-525
-179
73
235
351
445
536
676
887
1113
1264
1334
1374
1414
1483
1570
1644
1681
1720
1767
1785
1761
1701
1642
1637
1695
1751
1746
1713
1670
1615
1555
1482
1416
1369
1315
1225
1121
1023
914
818
769
701
599
518
424
295
200
148
96
23
-159
-514
-905
-1137
-1220
-1292
-1479
-1862
-2341
-2667
-2765
-2737
-2694
-2716
-2809
-2888
-2896
-2866
-2802
-2635
-2370
-2068
-1786
-1583
-1435
-1224
-922
-603
-294
-20
185
331
434
513
627
813
1030
1200
1305
1364
1408
1483
1569
1615
1641
1681
1704
1691
1646
1591
1582
1650
1730
1758
1736
1696
1660
1622
1565
1490
1434
1400
1344
1251
1147
1042
961
918
855
737
610
500
373
256
167
96
50
-11
-198
-560
-950
-1211
-1322
-1377
-1525
-1842
-2234
-2488
-2556
-2538
-2538
-2609
-2734
-2839
-2874
-2856
-2769
-2565
-2291
-2031
-1835
-1697
-1551
-1296
-929
-553
-238
9
181
291
385
478
602
814
1067
1238
1308
1321
1326
1376
1480
1556
1581
1615
1666
1697
1697
1678
1648
1662
1734
1797
1797
1739
1645
1535
1446
1386
1339
1315
1293
1233
1141
1041
946
868
812
742
634
524
417
300
181
77
-11
-97
-221
-448
-768
-1067
-1260
-1353
-1449
-1658
-1984
-2314
-2518
-2577
-2568
-2577
-2634
-2709
-2762
-2779
-2743
-2626
-2422
-2164
-1912
-1711
-1542
-1345
-1070
-750
-440
-172
45
224
378
511
630
767
933
1098
1218
1276
1306
1348
1436
1539
1613
1656
1681
1711
1733
1731
1705
1693
1708
1733
1723
1678
1621
1585
1575
1551
1489
1398
1299
1212
1130
1048
969
896
818
707
567
437
343
268
175
56
-50
-106
-143
-260
-531
-883
-1154
-1250
-1266
-1373
-1669
-2075
-2411
-2566
-2574
-2557
-2582
-2641
-2703
-2742
-2753
-2702
-2540
-2278
-1995
-1761
-1598
-1448
-1230
-919
-581
-290
-62
120
271
382
472
593
770
977
1147
1234
1251
1273
1351
1463
1553
1591
1610
1640
1681
1681
1632
1579
1576
1638
1725
1767
1727
1640
1551
1481
1434
1401
1367
1326
1241
1091
922
805
747
719
666
566
445
355
278
182
74
-9
-45
-71
-188
-478
-838
-1086
-1178
-1226
-1373
-1696
-2107
-2398
-2484
-2469
-2463
-2502
-2579
-2636
-2645
-2646
-2607
-2458
-2214
-1953
-1733
-1588
-1481
-1282
-979
-660
-357
-94
87
222
348
446
566
752
949
1119
1246
1300
1304
1327
1383
1453
1535
1604
1620
1613
1618
1635
1652
1659
1638
1615
1622
1652
1662
1630
1544
1431
1330
1250
1182
1124
1063
976
874
780
688
588
492
416
356
289
189
53
-80
-164
-193
-236
-420
-742
-1037
-1186
-1228
-1286
-1465
-1796
-2156
-2372
-2408
-2392
-2410
-2438
-2461
-2493
-2522
-2516
-2446
-2290
-2052
-1798
-1613
-1490
-1337
-1096
-801
-488
-187
69
250
369
468
558
665
825
1007
1149
1237
1308
1367
1418
1490
1581
1643
1659
1658
1654
1639
1630
1644
1645
1620
1602
1586
1547
1510
1480
1432
1345
1232
1124
1036
966
894
799
683
587
527
474
398
314
246
180
88
-27
-134
-202
-230
-297
-492
-789
-1058
-1194
-1229
-1299
-1503
-1820
-2135
-2328
-2371
-2341
-2334
-2377
-2437
-2483
-2490
-2437
-2303
-2096
-1859
-1646
-1476
-1328
-1150
-903
-607
-318
-74
120
251
335
402
490
630
810
988
1111
1178
1228
1307
1414
1516
1593
1650
1692
1706
1678
1619
1570
1571
1612
1648
1638
1574
1487
1410
1346
1286
1236
1205
1175
1109
1002
874
757
683
646
597
507
393
271
165
76
-20
-111
-171
-194
-224
-340
-589
-898
-1126
-1204
-1206
-1279
-1512
-1859
-2143
-2261
-2249
-2218
-2247
-2318
-2380
-2402
-2399
-2370
-2260
-2060
-1822
-1622
-1496
-1396
-1216
-927
-597
-305
-79
87
224
356
470
578
724
909
1088
1222
1283
1293
1324
1422
1538
1631
1677
1657
1599
1575
1585
1592
1603
1596
1557
1524
1508
1470
1410
1341
1247
1144
1048
952
865
827
804
741
643
530
411
334
305
274
231
186
100
-24
-130
-183
-205
-235
-367
-638
-930
-1119
-1204
-1264
-1397
-1658
-1956
-2147
-2227
-2257
-2277
-2310
-2359
-2390
-2390
-2366
-2269
-2076
-1841
-1624
-1436
-1291
-1142
-941
-696
-452
-217
-8
157
294
412
520
644
809
977
1116
1218
1284
1328
1393
1477
1542
1590
1609
1603
1599
1608
1605
1586
1565
1526
1490
1466
1441
1393
1336
1272
1186
1103
1032
962
902
854
792
708
618
525
438
374
323
258
172
76
-42
-166
-236
-259
-288
-363
-550
-845
-1097
-1202
-1226
-1277
-1454
-1774
-2087
-2218
-2215
-2196
-2208
-2266
-2337
-2352
-2313
-2276
-2185
-1986
-1758
-1551
-1377
-1244
-1090
-848
-559
-294
-57
155
320
448
559
649
764
934
1110
1229
1288
1319
1355
1429
1521
1567
1574
1572
1556
1529
1513
1503
1482
1477
1471
1436
1387
1350
1314
1264
1209
1142
1062
986
911
831
744
648
552
468
383
311
258
204
150
104
39
-65
-155
-192
-206
-238
-346
-586
-878
-1071
-1136
-1165
-1243
-1443
-1767
-2058
-2185
-2184
-2147
-2124
-2163
-2252
-2297
-2273
-2204
-2059
-1840
-1613
-1416
-1251
-1125
-982
-762
-487
-214
23
187
287
379
487
618
779
951
1091
1189
1252
1292
1344
1437
1538
1601
1621
1589
1522
1460
1438
1449
1454
1442
1390
1303
1230
1203
1190
1159
1104
1018
915
834
768
712
674
649
607
525
418
310
246
232
207
127
6
-128
-220
-254
-259
-272
-323
-458
-684
-911
-1065
-1142
-1192
-1309
-1557
-1843
-2024
-2065
-2026
-1987
-2005
-2085
-2141
-2145
-2120
-2039
-1884
-1690
-1489
-1307
-1161
-999
-768
-496
-222
26
205
323
437
537
619
731
878
1008
1123
1205
1224
1213
1237
1309
1399
1481
1500
1429
1342
1299
1311
1352
1365
1315
1238
1176
1141
1136
1129
1090
1033
964
868
766
704
659
603
552
483
384
307
279
264
233
196
138
47
-53
-137
-201
-233
-245
-299
-464
-729
-976
-1107
-1133
-1162
-1289
-1542
-1830
-2014
-2052
-2027
-2004
-1999
-2021
-2051
-2049
-2000
-1901
-1727
-1503
-1290
-1129
-1001
-852
-654
-410
-161
57
227
344
432
518
615
746
905
1033
1108
1148
1184
1228
1282
1326
1362
1387
1389
1346
1263
1184
1173
1234
1299
1309
1237
1133
1063
1043
1043
1019
966
883
776
669
596
565
566
552
490
386
281
215
186
163
122
68
0
-86
-190
-271
-310
-310
-319
-412
-621
-875
-1064
-1144
-1159
-1208
-1356
-1592
-1811
-1929
-1938
-1893
-1846
-1818
-1820
-1829
-1821
-1749
-1600
-1395
-1187
-1025
-904
-781
-607
-389
-160
49
224
362
457
512
560
635
739
856
948
993
1019
1057
1119
1192
1253
1279
1270
1250
1229
1208
1181
1147
1125
1128
1129
1117
1086
1034
980
930
874
811
756
708
666
624
570
505
452
420
389
348
290
213
137
62
-14
-94
-167
-221
-252
-284
-357
-482
-663
-860
-1012
-1093
-1135
-1196
-1329
-1535
-1729
-1828
-1826
-1771
-1721
-1713
-1731
-1737
-1717
-1656
-1520
-1328
-1131
-957
-838
-756
-641
-457
-245
-52
116
245
352
436
507
576
672
790
896
975
1010
1038
1080
1138
1195
1238
1280
1304
1276
1202
1141
1141
1187
1226
1206
1117
1021
992
1001
973
899
815
737
671
609
547
492
462
444
405
328
232
159
127
103
60
2
-67
-148
-235
-319
-391
-443
-482
-554
-712
-930
-1101
-1164
-1161
-1171
-1255
-1427
-1616
-1714
-1700
-1645
-1599
-1563
-1546
-1558
-1556
-1493
-1362
-1190
-1010
-854
-741
-654
-540
-369
-186
-24
123
262
358
425
501
589
673
761
860
938
985
1022
1070
1109
1133
1157
1181
1180
1146
1112
1105
1113
1119
1114
1083
1030
997
982
962
922
871
819
763
698
625
573
537
504
463
403
319
220
134
73
29
-14
-60
-133
-251
-367
-431
-461
-484
-503
-536
-625
-773
-919
-1012
-1062
-1097
-1153
-1267
-1417
-1530
-1569
-1560
-1537
-1497
-1458
-1439
-1438
-1423
-1359
-1233
-1058
-895
-773
-680
-578
-443
-287
-113
59
215
336
414
461
516
614
743
866
946
988
1014
1031
1056
1090
1139
1183
1215
1217
1178
1120
1072
1044
1030
1025
1012
986
929
853
789
753
737
721
672
598
516
443
387
341
300
260
213
148
79
15
-31
-67
-115
-179
-261
-344
-418
-472
-499
-512
-546
-628
-754
-881
-968
-1011
-1043
-1101
-1202
-1317
-1405
-1440
-1437
-1410
-1382
-1371
-1377
-1373
-1334
-1249
-1122
-980
-847
-740
-643
-528
-384
-224
-67
86
218
325
408
479
549
637
742
846
929
984
1015
1035
1050
1070
1099
1141
1180
1193
1175
1126
1075
1039
1036
1043
1039
1009
954
880
810
761
724
682
628
565
492
421
352
289
228
170
110
52
-10
-70
-124
-176
-231
-290
-351
-412
-458
-492
-495
-505
-551
-668
-823
-953
-1017
-1034
-1056
-1128
-1261
-1396
-1472
-1472
-1428
-1380
-1347
-1336
-1338
-1315
-1257
-1164
-1046
-914
-775
-644
-517
-389
-252
-106
49
201
339
445
523
584
649
729
829
927
1007
1064
1094
1116
1141
1158
1170
1173
1158
1131
1094
1063
1036
1018
1006
988
966
939
897
833
755
674
595
529
475
418
360
295
233
174
125
77
27
-17
-65
-119
-176
-241
-304
-356
-390
-414
-431
-449
-479
-530
-607
-713
-837
-938
-993
-1017
-1042
-1101
-1210
-1317
-1374
-1370
-1327
-1280
-1256
-1247
-1235
-1210
-1158
-1075
-963
-835
-698
-566
-448
-329
-203
-66
77
221
346
442
517
577
642
719
812
901
973
1019
1048
1071
1097
1127
1147
1144
1118
1076
1039
1013
988
960
929
898
872
841
800
744
684
633
589
541
484
422
366
320
281
234
173
108
52
9
-29
-70
-124
-180
-234
-287
-341
-399
-448
-480
-502
-536
-602
-701
-818
-906
-953
-981
-1018
-1091
-1189
-1275
-1321
-1326
-1306
-1282
-1269
-1256
-1236
-1195
-1141
-1065
-958
-831
-697
-578
-474
-364
-223
-61
102
237
334
402
471
556
651
750
831
896
946
979
1001
1013
1036
1064
1094
1103
1086
1044
995
965
968
977
966
931
878
827
783
743
694
641
588
529
465
399
335
278
238
204
156
87
17
-36
-79
-118
-164
-224
-293
-354
-401
-439
-475
-503
-518
-537
-569
-630
-727
-826
-887
-912
-929
-953
-1007
-1101
-1189
-1228
-1216
-1171
-1119
-1083
-1070
-1067
-1050
-1002
-916
-792
-668
-555
-457
-363
-263
-146
-12
133
264
370
457
528
590
649
716
790
853
900
935
956
969
981
986
993
1000
997
978
953
927
905
887
871
848
807
763
729
703
676
643
591
520
447
375
314
267
224
167
88
7
-68
-118
-141
-152
-175
-222
-279
-340
-387
-413
-427
-450
-497
-565
-652
-743
-819
-870
-910
-951
-1008
-1088
-1169
-1222
-1241
-1227
-1196
-1170
-1149
-1135
-1106
-1053
-967
-854
-738
-626
-519
-419
-321
-211
-82
56
189
299
389
465
526
587
662
747
824
877
917
936
938
945
965
988
1001
998
982
950
914
887
877
862
848
826
789
740
691
653
616
577
535
484
418
356
302
256
209
158
102
39
-29
-84
-124
-156
-194
-241
-298
-369
-432
-467
-483
-504
-535
-588
-670
-763
-838
-881
-904
-933
-972
-1029
-1104
-1163
-1177
-1156
-1115
-1073
-1039
-1023
-1005
-962
-884
-779
-663
-546
-445
-359
-271
-165
-44
82
201
302
377
432
485
545
614
685
750
798
829
846
862
880
902
926
942
944
926
903
878
861
859
861
855
836
796
748
698
653
617
582
530
465
389
316
254
204
163
117
65
7
-60
-124
-179
-219
-249
-283
-322
-370
-422
-467
-501
-527
-548
-579
-627
-696
-777
-845
-892
-916
-943
-983
-1033
-1078
-1100
-1095
-1065
-1022
-977
-941
-908
-865
-801
-712
-607
-497
-396
-299
-203
-103
2
105
209
306
387
449
505
556
605
648
695
734
766
792
813
831
849
864
881
882
871
857
844
827
815
807
791
759
721
685
642
605
572
533
482
419
360
307
249
202
164
114
50
-13
-68
-123
-173
-205
-236
-277
-327
-369
-411
-452
-473
-482
-503
-537
-576
-623
-678
-729
-754
-769
-797
-825
-855
-895
-936
-950
-939
-919
-891
-854
-828
-808
-783
-730
-658
-572
-476
-384
-302
-234
-155
-64
30
129
227
311
374
420
467
521
573
625
678
722
748
767
783
797
808
821
834
834
824
805
780
760
747
740
728
707
671
627
582
544
519
495
457
404
338
272
215
174
144
110
61
-2
-72
-139
-193
-231
-259
-293
-334
-381
-426
-455
-473
-480
-491
-515
-556
-608
-660
-703
-735
-758
-786
-818
-857
-889
-905
-901
-883
-858
-834
-810
-787
-750
-695
-620
-534
-446
-365
-289
-218
-141
-54
37
125
198
258
303
345
392
448
506
563
607
639
665
688
721
752
781
800
803
796
783
766
755
747
736
718
686
645
600
555
515
479
442
400
353
302
253
211
175
140
104
67
25
-18
-59
-100
-136
-171
-205
-240
-274
-304
-337
-367
-391
-419
-444
-473
-508
-548
-592
-632
-667
-694
-719
-739
-754
-768
-776
-771
-758
-742
-720
-697
-666
-630
-587
-538
-482
-420
-352
-283
-208
-135
-67
-1
65
124
185
243
296
346
393
434
473
510
544
577
607
630
645
656
667
674
679
680
673
663
649
636
624
609
591
567
535
501
472
440
408
376
339
289
238
192
148
111
73
33
-10
-53
-94
-129
-151
-172
-191
-212
-240
-274
-302
-329
-353
-380
-407
-440
-479
-520
-562
-600
-632
-659
-689
-712
-735
-753
-763
-764
-754
-737
-714
-683
-649
-606
-556
-499
-431
-358
-286
-213
-138
-65
5
79
147
212
269
321
367
408
443
473
503
528
549
564
578
591
599
608
617
624
628
626
625
618
611
600
585
569
545
522
491
457
424
388
351
312
276
238
200
164
131
95
60
32
0
-30
-64
-97
-129
-163
-196
-231
-270
-303
-340
-381
-416
-457
-493
-527
-563
-594
-628
-654
-676
-695
-706
-714
-717
-715
-705
-691
-671
-644
-612
-575
-533
-485
-437
-385
-329
-270
-211
-145
-85
-25
38
94
151
205
255
302
346
386
425
457
480
505
524
539
551
560
567
569
572
578
578
581
582
579
574
575
573
571
568
562
556
545
530
513
492
468
435
401
362
320
274
224
173
118
64
7
-53
-113
-174
-235
-298
-359
-425
-491
-551
-615
-680
-742
-794
-847
-893
-933
-968
-989
-1004
-1004
-996
-982
-953
-918
-869
-809
-742
-668
-585
-501
-413
-324
-233
-142
-52
31
108
186
256
320
378
436
486
529
569
607
638
668
697
723
745
759
773
783
788
786
785
777
761
739
715
685
646
610
567
518
469
421
369
318
266
213
165
118
69
23
-24
-70
-115
-158
-202
-246
-291
-333
-374
-412
-450
-488
-519
-549
-574
-596
-613
-628
-642
-653
-656
-653
-650
-639
-628
-615
-600
-577
-548
-522
-490
-456
-419
-383
-343
-298
-254
-205
-160
-111
-65
-19
29
77
119
162
205
244
281
312
343
368
392
416
435
448
461
470
478
486
495
498
501
500
504
503
503
504
502
497
489
483
472
463
449
434
415
391
366
333
299
265
229
188
148
105
60
13
-34
-84
-132
-179
-228
-273
-322
-371
-417
-461
-504
-543
-589
-627
-660
-691
-716
-740
-756
-768
-772
-769
-759
-743
-718
-686
-650
-608
-555
-499
-443
-384
-321
-253
-188
-120
-55
10
74
134
193
253
304
354
400
444
483
520
551
579
605
625
642
656
666
672
678
679
676
672
664
653
639
623
605
586
562
534
503
470
435
395
351
305
254
200
145
85
25
-40
-104
-166
-232
-296
-360
-420
-478
-533
-581
-630
-671
-705
-736
-763
-786
-798
-811
-815
-810
-806
-795
-777
-756
-727
-695
-657
-615
-565
-511
-457
-395
-333
-270
-198
-132
-61
10
75
140
206
270
329
387
440
491
533
573
610
640
668
688
706
721
731
736
738
737
730
720
707
689
668
643
618
589
555
521
481
440
397
350
304
255
202
151
93
37
-17
-75
-135
-193
-249
-304
-362
-418
-473
-525
-573
-623
-666
-705
-741
-769
-792
-810
-822
-828
-828
-823
-811
-790
-763
-731
-691
-645
-600
-547
-495
-434
-372
-310
-246
-179
-114
-48
19
80
143
207
268
323
380
434
483
528
571
611
646
676
706
726
737
746
753
751
745
731
716
697
676
654
625
594
558
518
478
436
393
352
310
264
217
164
112
58
4
-51
-100
-152
-205
-263
-323
-377
-429
-474
-520
-564
-604
-640
-674
-704
-727
-746
-756
-762
-760
-756
-744
-730
-709
-682
-655
-623
-585
-542
-495
-442
-384
-327
-275
-223
-172
-115
-55
9
75
138
195
245
291
338
387
433
477
520
556
585
609
631
650
667
679
682
686
682
677
667
655
638
615
591
561
532
497
460
421
382
335
286
239
185
133
80
26
-24
-76
-126
-179
-226
-274
-322
-363
-403
-442
-478
-508
-536
-561
-584
-604
-619
-635
-641
-643
-641
-636
-628
-619
-605
-582
-560
-529
-498
-463
-425
-382
-340
-294
-245
-192
-141
-89
-38
12
64
114
166
211
258
301
341
375
406
435
462
487
506
520
535
547
552
552
554
550
544
537
524
511
496
477
454
431
403
377
347
315
279
246
210
175
135
98
56
12
-27
-70
-111
-155
-193
-232
-270
-305
-339
-372
-407
-436
-463
-488
-507
-521
-531
-537
-544
-546
-544
-539
-527
-509
-491
-467
-439
-414
-385
-351
-317
-280
-237
-197
-158
-115
-77
-39
0
39
80
120
158
192
226
253
278
305
332
354
380
401
417
433
445
452
457
464
467
469
469
462
456
446
430
413
393
372
350
325
295
264
230
190
152
113
72
34
-3
-44
-82
-123
-161
-195
-232
-265
-296
-320
-347
-369
-390
-407
-420
-428
-436
-439
-438
-437
-429
-422
-411
-394
-378
-362
-341
-317
-297
-273
-250
-227
-200
-175
-147
-119
-91
-64
-37
-11
14
42
68
94
120
142
164
189
209
231
249
267
286
304
320
331
343
351
359
366
368
368
368
365
359
350
338
323
309
291
270
249
226
202
174
150
124
93
66
37
4
-26
-57
-86
-114
-139
-168
-193
-215
-240
-257
-275
-291
-304
-317
-323
-331
-335
-339
-341
-335
-328
-322
-314
-304
-292
-279
-266
-246
-229
-211
-194
-173
-152
-131
-111
-89
-66
-41
-20
3
23
46
67
87
106
127
145
162
180
195
210
225
237
248
262
272
278
283
286
289
288
286
280
277
270
258
249
238
226
211
194
177
162
144
121
101
81
59
38
13
-10
-32
-55
-77
-101
-120
-139
-159
-178
-195
-211
-222
-236
-246
-254
-261
-266
-269
-270
-268
-266
-263
-256
-245
-235
-224
-212
-193
-177
-160
-142
-124
-105
-87
-66
-48
-29
-13
2
20
39
52
67
82
95
108
120
132
139
150
157
165
171
183
185
190
194
193
194
194
195
193
192
187
181
176
169
159
149
143
135
126
114
101
83
70
59
45
30
15
-2
-20
-38
-56
-72
-87
-102
-116
-128
-140
-150
-163
-172
-179
-185
-190
-192
-192
-190
-188
-187
-181
-175
-166
-154
-143
-131
-119
-106
-94
-78
-65
-49
-34
-23
-9
2
10
19
28
39
45
50
55
59
65
67
73
77
79
80
85
91
94
97
100
103
106
109
111
110
116
117
114
119
120
118
116
116
114
111
107
102
95
89
81
72
63
55
43
31
21
9
-7
-21
-36
-49
-62
-73
-85
-97
-109
-120
-126
-132
-143
-149
-152
-153
-151
-151
-151
-148
-146
-138
-132
-122
-112
-104
-93
-80
-70
-60
-49
-38
-27
-14
-2
7
16
26
35
39
47
54
60
66
69
74
77
79
79
80
81
84
87
87
89
86
80
78
76
74
79
78
75
71
65
59
52
51
48
45
44
38
32
25
15
7
-1
-6
-6
-10
-12
-21
-30
-38
-44
-49
-52
-50
-53
-56
-58
-62
-67
-71
-71
-68
-65
-59
-57
-57
-57
-58
-56
-54
-48
-40
-34
-26
-20
-14
-13
-11
-6
1
10
14
19
25
27
26
26
28
26
31
32
33
32
28
26
23
20
20
22
20
19
18
14
13
14
9
9
11
6
7
5
5
3
2
5
4
5
3
5
4
4
4
3
0
-2
-3
0
3
5
5
2
-1
-6
-8
-7
-5
-4
-3
-6
-10
-13
-14
-17
-13
-7
-7
-8
-10
-12
-15
-13
-11
-5
-4
-2
-2
-5
-6
-8
-6
-1
4
9
11
8
4
2
-1
2
5
8
10
10
6
0
-4
-8
-10
-4
0
1
1
-3
-4
-8
-8
-5
-1
4
8
9
9
6
4
1
4
7
11
13
12
9
6
2
1
0
1
4
5
8
6
3
-2
-5
-4
-1
1
4
4
2
-3
-7
-8
-8
-4
0
1
2
1
-6
-9
-8
-6
-4
-2
-4
-3
-8
-9
-9
-11
-7
-4
1
-2
-4
-3
-3
-5
-4
3
3
5
3
1
1
-3
-3
-3
-2
2
-2
-5
-5
-5
-3
-5
-5
-3
-2
-2
-3
-1
0
3
3
5
8
8
9
13
11
11
12
10
11
10
8
9
7
5
6
1
0
0
1
0
-1
-2
-1
-1
-2
-1
0
-1
2
0
2
4
1
0
1
1
-2
-5
-6
-4
-1
-3
-3
-4
-6
-9
-8
-8
-6
-2
-4
-4
-5
-4
-4
-4
-3
-1
-2
-2
-3
-4
-3
-3
-3
-3
0
-1
1
0
-1
1
-1
0
3
2
1
2
2
1
-3
-3
1
1
4
3
4
6
6
7
5
7
5
5
4
3
4
0
0
-2
-2
-2
0
0
0
-2
-3
-3
-1
-3
-2
0
2
1
2
2
0
0
1
-1
1
1
1
3
1
0
-1
0
1
2
2
1
1
-3
-3
-1
-4
-3
-3
0
2
-3
-2
-2
-1
0
0
-1
0
0
1
0
0
-1
-2
0
1
0
-3
-1
0
0
0
-2
-3
-4
-3
2
2
5
3
2
2
2
3
2
4
4
2
1
3
2
0
1
0
1
0
0
0
0
-1
-1
-3
-3
0
1
0
-2
-1
-4
-2
-3
-5
-5
-1
0
0
1
0
0
-3
-3
0
1
1
1
-1
3
3
2
1
1
1
2
1
2
1
0
3
3
3
0
0
2
2
2
0
1
0
0
2
2
2
-2
-1
-1
-1
-1
-3
0
-2
0
-1
1
-1
-1
0
1
-4
-3
-2
-1
1
-3
-2
0
0
-1
-4
-2
-1
0
0
1
1
-1
0
-2
3
0
2
3
