0
-2
-2
-2
0
4
2
4
0
-2
-2
-3
-2
-4
-3
-3
2
0
-1
-2
0
-1
-1
0
3
5
4
3
2
2
5
2
3
4
2
3
1
0
1
1
2
0
1
2
2
2
4
3
-1
-3
-3
0
-2
-4
-3
-3
-2
-1
-3
-3
-1
-3
-4
-3
-3
-1
-2
0
-3
-1
-1
-4
-3
-4
-1
-2
-4
-2
-1
1
0
0
-1
-2
0
3
1
1
1
0
1
1
2
3
2
-2
0
1
2
6
4
3
2
3
3
3
8
10
9
5
5
2
6
8
7
9
4
3
1
1
3
1
0
0
-2
-4
-9
-15
-17
-16
-10
-8
-12
-14
-13
-12
-15
-16
-15
-18
-14
-12
-11
-7
-6
-1
4
4
2
-3
-2
0
0
5
6
3
-2
0
7
8
11
15
15
10
7
7
3
-1
0
9
13
12
14
14
16
20
25
19
10
14
17
11
5
8
8
2
1
6
10
9
7
11
8
5
4
3
-5
-7
-1
-7
-23
-31
-31
-29
-31
-23
-13
-27
-49
-57
-51
-44
-54
-67
-63
-81
-88
-59
-37
-54
-62
-47
-29
-38
-28
-72
-292
-437
-360
-134
98
339
518
623
650
587
492
421
349
324
291
173
-10
-180
-259
-287
-233
-198
-229
-308
-237
-146
-166
-129
-60
-111
-20
156
247
293
141
-63
-180
-190
-168
-90
-137
-207
-92
130
132
-82
-160
-151
-257
-355
-140
35
60
118
58
-175
-161
-115
-210
-208
-118
-93
-120
-183
-219
-112
-15
147
59
50
75
101
0
51
40
82
247
269
87
-9
163
82
103
173
415
474
322
43
66
98
106
135
156
214
465
583
192
-116
75
293
286
283
342
252
168
71
-51
-105
20
34
-177
-250
-103
-98
-318
-269
-236
-297
-332
-291
-415
-422
-306
-319
-417
-418
-511
-619
-560
-560
-663
-670
-484
-278
-342
-459
-400
-190
-261
-357
-195
-106
-52
40
114
237
364
278
396
557
495
588
836
623
282
609
852
857
916
1000
885
813
775
647
336
386
872
1131
879
569
509
312
182
341
409
296
540
702
550
245
-165
-739
-1183
-1455
-1720
-1790
-1734
-1622
-1503
-1313
-1229
-1254
-1379
-1530
-1645
-1601
-1490
-1418
-1159
-833
-565
-301
51
268
338
325
276
217
270
352
473
731
875
831
838
959
896
771
929
1148
947
706
897
1030
860
901
1048
1023
920
901
825
726
679
945
1011
888
1135
1338
1042
949
1114
910
754
698
724
726
715
599
561
-72
-1099
-1655
-1801
-2334
-2805
-2702
-2598
-2685
-2433
-2091
-2170
-2310
-2374
-2440
-2461
-2422
-2296
-1896
-1460
-1029
-385
241
499
615
694
636
515
439
412
505
688
936
1206
1359
1290
1163
1020
817
661
713
733
677
789
942
966
1150
1316
1156
1216
1359
867
356
402
387
594
1302
1834
2066
2315
2243
2020
1916
1709
1656
1883
1805
1576
1690
1550
1067
809
712
546
95
-1249
-2902
-3766
-4349
-5251
-5660
-5486
-5504
-5212
-4157
-3369
-3181
-3031
-2829
-2550
-2129
-1938
-1664
-1005
-375
258
1323
2060
2022
1963
2028
1729
1348
1160
930
703
655
844
1142
1163
858
636
411
39
3
235
350
537
1038
1569
1877
1853
1646
1513
1432
1451
1724
1987
1976
2026
2266
2376
2232
1965
1616
1321
1290
1434
1618
1734
1728
1870
2181
2320
2055
1826
1623
1734
1470
-262
-3426
-5676
-6995
-8571
-10115
-10283
-9870
-9153
-7389
-4836
-2928
-2279
-1902
-1100
-285
-200
120
941
1710
2403
3798
4894
4859
4026
3158
2124
921
-307
-1151
-1595
-1791
-1455
-397
247
-43
-91
419
374
-34
195
788
1290
2087
3157
3785
3698
3249
2852
2494
2014
1592
1578
1716
1852
2165
2639
2669
2367
2218
2274
2135
2070
2027
1997
2184
2431
2501
2806
3332
3729
3803
1945
-2409
-6786
-9428
-12000
-14535
-15539
-14774
-12799
-9407
-5795
-3011
-1289
-459
-34
813
1394
1361
1727
2979
4311
5539
6433
6304
5052
3139
995
-850
-2512
-4215
-5005
-4380
-3238
-1966
-331
936
1237
1286
1571
1716
1684
1975
2470
2978
3791
4784
4930
4175
3298
2394
1299
636
515
592
952
1713
2553
3153
3422
3432
3503
3513
3402
3214
3267
3265
3291
3562
4237
4671
5124
4863
1520
-5151
-10824
-13765
-16665
-19822
-20071
-17206
-13269
-8488
-3174
706
2181
2636
3270
3898
3577
2840
2999
4154
5059
5603
5760
4632
1922
-985
-3352
-5548
-7536
-8367
-7559
-5436
-2638
317
2811
4308
4857
5013
4872
4198
3366
3105
3463
3953
4226
4088
3198
1353
-599
-1392
-1404
-1659
-1399
234
2185
3688
4992
5581
5203
4878
5053
5062
4803
4560
4434
4233
4234
4416
4458
4397
4661
2706
-3785
-11466
-15694
-18363
-21623
-22425
-19132
-14424
-9111
-2637
2871
5487
5960
5925
5894
5337
3722
2620
2879
3209
2970
3090
2358
-333
-3550
-5781
-7664
-8958
-8727
-6869
-4139
-655
3106
6177
7662
7812
7265
6293
4787
3247
2200
1521
1060
1141
1404
740
-660
-1755
-2590
-3259
-2530
-455
1565
3494
5759
7455
7991
7734
6786
5656
4758
4066
3580
3455
2949
2353
2502
3122
3342
3930
3948
-231
-8401
-14729
-17254
-19818
-22205
-20480
-15127
-9408
-3203
3243
7423
7894
6770
5921
5062
2892
681
65
540
677
836
687
-964
-3816
-5856
-6765
-7398
-7404
-5556
-2321
1134
4652
7932
9504
9044
7882
6475
4359
2050
436
-453
-841
-996
-1032
-1166
-2199
-3800
-3672
-1759
-204
1423
4398
7025
8228
9010
8899
7209
5129
3719
3025
2956
2603
2289
2830
3206
2519
2344
2669
2900
3405
1901
-4523
-11876
-15484
-17501
-20071
-20155
-16335
-10938
-5402
369
5331
7488
6700
5357
4793
3518
1141
-328
-394
-401
-583
-591
-1194
-2908
-4950
-6066
-6053
-5549
-4464
-1811
1713
4490
6768
9005
9472
7685
5780
4340
2054
-356
-1295
-1439
-1642
-1527
-1692
-2708
-3088
-2114
-815
727
2799
4814
6665
8222
8495
7643
6147
4119
2575
2304
2096
1805
2241
2787
2748
2733
2716
2306
2245
3290
4800
3245
-3232
-10990
-15208
-17659
-20111
-20468
-17097
-12239
-6203
659
6177
7988
7314
6084
5102
3343
847
-1025
-1571
-1564
-1206
-695
-1259
-3173
-5081
-5899
-5853
-5179
-3559
-809
2413
5474
8333
10153
9793
7782
5641
3407
861
-1282
-2435
-2769
-2613
-2150
-1513
-1476
-2744
-2979
-434
2374
3660
5717
8034
8588
8284
7850
5735
2966
1093
359
834
1843
1952
2403
3600
3462
2418
2642
3041
3148
4719
4471
-1988
-10713
-15400
-18041
-21078
-21557
-17600
-12029
-5863
1105
7258
9697
8571
6436
5045
3044
53
-2063
-2492
-2583
-2382
-1663
-1746
-3405
-5183
-5841
-5472
-4366
-2379
547
3940
7134
9453
10245
9189
6980
4282
1534
-865
-2620
-3832
-3825
-2721
-1627
-1003
-556
-792
-664
1184
3484
4783
6193
7513
7562
6938
5917
3603
1018
-344
-629
342
2244
3352
3549
4444
4848
3773
2871
2802
2553
3894
5431
1235
-8189
-14785
-17580
-20688
-22530
-19822
-14588
-8258
-560
6740
10801
10841
8395
6205
4262
844
-2664
-3998
-4119
-4039
-3130
-2320
-3010
-4582
-5411
-4999
-3743
-2137
441
3886
7109
9496
10932
10124
7177
3902
1158
-1513
-3675
-4824
-4804
-3553
-1801
-352
664
960
705
1410
3008
4278
5293
6320
6590
6326
5537
3725
1467
13
-475
237
1777
3133
3936
4635
4853
4284
3335
2537
2225
3254
5405
4380
-3138
-12591
-17501
-19869
-22614
-22411
-17164
-10319
-2959
5122
11280
12627
10263
6926
4324
1338
-2497
-5101
-5321
-4845
-4032
-2746
-2419
-3622
-4733
-4859
-3851
-1810
752
3622
6923
9639
10708
9998
7350
3346
-212
-2524
-4343
-5231
-4662
-3219
-1539
410
1593
1938
2146
2401
2570
3565
4839
5317
5271
5283
4531
2942
1423
191
-716
-689
630
2710
4501
5009
4956
5158
4588
3021
2197
2544
3450
5375
4660
-2534
-12401
-18246
-21522
-23594
-22494
-17450
-10452
-1224
7579
12886
13852
11690
7121
2943
-308
-3668
-6442
-6739
-5482
-3842
-2476
-2240
-3203
-4400
-4887
-3791
-1146
1591
4375
7731
10535
11034
9522
6654
2885
-1467
-4795
-5886
-5327
-4612
-2944
-174
1890
2448
2953
3261
2686
2197
2989
4023
4417
4321
3905
2997
1912
824
129
55
352
1215
3146
5089
5414
4481
3604
3224
2562
1956
2269
3493
4993
6997
5357
-3766
-15338
-21400
-24008
-25768
-23157
-15005
-5823
3097
11502
16458
15441
10193
4274
-73
-3592
-6607
-7509
-6123
-4353
-2801
-1467
-1585
-3424
-5229
-5229
-3125
127
3499
6894
9834
11123
10369
8086
4308
-266
-4001
-5754
-5855
-4812
-3136
-1196
678
2237
2963
2857
2490
2355
2717
3747
4895
5031
4307
3475
2337
526
-808
-1117
-766
146
1879
3700
5044
5622
5208
3873
2619
1898
1570
1776
2936
4919
7110
6217
-1511
-12984
-20497
-23400
-24934
-23143
-15722
-6027
3322
11461
15943
14744
9392
3138
-1300
-4149
-6686
-7682
-5988
-3552
-2109
-1400
-1826
-3616
-5256
-4852
-2144
1473
4420
6930
9411
10426
8908
5828
2141
-1594
-4063
-4542
-3847
-2888
-1761
-329
1215
2142
2036
1537
1505
2047
3081
4348
5174
5077
4404
3279
1655
-148
-1303
-1525
-699
768
2420
3743
4684
4977
4568
3537
2565
2154
2249
2420
2616
3445
5462
6312
1002
-9814
-18716
-22073
-23052
-21840
-16124
-7161
1722
9407
14219
14247
9479
3009
-1899
-4354
-6005
-6840
-5852
-3556
-1817
-1312
-2182
-3713
-4797
-4459
-2314
1303
4769
7074
8471
8908
7671
4868
1426
-1538
-3096
-3327
-2772
-1808
-839
-201
423
829
776
857
1527
2557
4127
5555
5756
5199
4382
2601
526
-654
-1436
-1799
-859
681
1870
3011
3861
4193
4337
3954
2905
2420
2342
1872
1822
2427
2844
4366
5718
537
-10734
-18857
-20614
-20719
-19027
-13113
-4655
3314
9874
12999
11396
6015
343
-3178
-4774
-5837
-5728
-4308
-2628
-1417
-1040
-2280
-4130
-4599
-3127
-548
2582
5443
7133
7385
6597
4840
2462
33
-1678
-2004
-1037
-160
19
-134
-450
-807
-607
106
942
2175
3771
5021
5602
5550
4381
2631
1333
442
-535
-893
-600
-95
710
1666
2068
2443
3159
3681
3971
4239
3980
3264
2556
1856
1430
1700
2671
3176
-548
-9760
-18027
-19679
-18002
-16108
-11614
-3851
3824
9285
11244
9036
4097
-712
-3723
-4745
-4889
-4632
-3588
-1988
-1034
-1343
-2834
-4427
-4469
-2407
476
3115
5175
6324
6337
5445
3698
1492
-225
-759
-247
415
578
408
-132
-1021
-1276
-809
-238
875
2698
4215
5212
5583
4921
3734
2648
1409
415
-7
-206
-60
587
821
501
476
903
1577
2766
3908
4381
4572
4443
3220
1642
810
416
434
1981
2861
-2080
-11937
-18185
-17507
-15579
-14297
-9158
-565
5799
8407
8877
6731
1676
-2964
-4494
-4031
-3704
-3177
-1970
-1028
-1433
-2641
-3793
-4438
-4003
-1572
2004
4668
5866
6307
5726
4031
2202
803
-217
-437
361
1392
1490
373
-792
-1094
-1242
-1359
-102
2159
3630
4362
5195
5302
4105
2588
1531
802
346
266
490
623
336
-20
59
318
755
2018
3845
4824
4706
4153
3300
1820
517
-75
61
1136
3468
3660
-2488
-12280
-17509
-16980
-15574
-13546
-7615
192
5736
8115
7806
4641
-134
-3675
-4402
-3400
-2449
-1629
-772
-643
-1781
-3359
-4583
-4859
-3678
-814
2683
5265
5978
5429
4399
3053
1442
368
273
1091
2230
2699
1854
145
-1607
-2647
-2525
-1444
257
2218
3874
4953
5443
4854
3300
1937
1409
1178
983
936
877
606
209
-159
-165
395
1306
2504
3886
4737
4507
3462
2210
1214
812
790
1376
3032
4459
1183
-7760
-16192
-18139
-16336
-14326
-10205
-2553
4152
6840
6496
4395
607
-2972
-4009
-2640
-1104
-399
70
-113
-1932
-4449
-5613
-5395
-4283
-1765
1987
4890
5736
5070
3871
2516
1469
1253
1818
2433
2806
2748
1548
-679
-2443
-3152
-3011
-1661
647
2651
3896
4587
4604
4097
3346
2535
2030
1914
1795
1571
1100
145
-668
-740
-510
-200
676
1968
3111
4029
4483
3948
2603
1747
1694
1731
1436
1517
2168
3034
1100
-6215
-15193
-18077
-15050
-11655
-8666
-3465
1894
4389
4189
2610
174
-1957
-2388
-1013
500
583
-196
-1137
-2817
-4936
-5667
-4743
-2914
-597
1821
3501
4247
3967
3027
2115
1805
2167
3029
3550
3280
2465
1208
-539
-2063
-2718
-2447
-1219
585
2134
3024
3404
3291
3093
2848
2350
2090
2603
2716
2017
1289
656
-241
-691
-576
-145
652
1697
2462
3046
3204
2809
2165
1708
1443
1683
1903
1898
2222
3427
3292
-1921
-11629
-17729
-15713
-11444
-9533
-6190
-548
2657
2676
2015
596
-1498
-1784
127
1897
1657
266
-881
-2120
-4270
-5634
-4830
-3003
-1331
504
2159
2722
2328
1934
2050
2374
2901
3953
4823
4288
2782
1368
-131
-1812
-2722
-2309
-1149
172
1475
2523
2717
2169
1995
2576
3084
3166
3221
3024
2156
926
61
-361
-557
-348
269
703
831
1179
1661
1857
1856
1845
1870
1961
2203
2175
1858
1629
2072
2854
3384
963
-6364
-14579
-16535
-13068
-9739
-7116
-2945
961
2319
1600
24
-1389
-1524
-154
1765
2717
1721
-183
-1709
-3256
-5005
-5412
-3937
-1892
-294
964
1791
1976
1829
2094
2821
3380
3602
3937
4241
3781
2282
219
-1430
-1923
-1540
-1027
-287
744
1430
1460
1497
1708
1974
2519
3483
4025
3675
2789
1900
987
105
-347
-226
37
186
628
1100
1084
812
1069
1542
1958
2302
2691
2772
2627
2283
1863
1611
2097
1407
-4039
-12219
-15232
-11674
-8417
-7424
-4813
-1052
238
-539
-1416
-1638
-825
1111
2845
3117
1480
-723
-2171
-3047
-3964
-3918
-2678
-1389
-717
-201
114
252
656
1520
2583
3532
4072
4148
4004
3631
2848
1528
135
-640
-776
-954
-888
-95
815
1076
1153
1417
1762
2321
3090
3420
3125
2824
2562
1778
631
2
69
268
292
243
209
87
-9
259
911
1444
1744
1925
2065
2220
2396
2377
2050
1811
2385
2482
-1807
-9894
-14214
-11315
-7550
-6842
-5760
-2880
-1532
-2205
-2638
-1959
-626
1329
3113
3449
1859
-337
-1510
-1703
-2174
-2707
-2384
-1735
-1611
-1609
-1251
-666
246
1545
2811
3597
3914
3906
3794
3670
3380
2529
1259
250
-243
-639
-840
-613
-75
439
589
325
789
2321
3486
3460
3014
2485
1923
1574
1378
1160
1049
942
620
44
-620
-867
-577
-165
201
885
1660
2136
2184
2255
2490
2839
2828
2481
2271
2405
119
-6520
-12797
-12305
-7831
-6062
-6436
-5198
-3564
-3383
-3094
-1937
-770
783
2967
3919
2476
-32
-1454
-1440
-1294
-1730
-1836
-1393
-1312
-1643
-1631
-1190
-367
907
2034
2467
2671
3206
3720
3825
3724
3497
2651
1210
10
-458
-507
-442
-170
218
322
153
374
1116
1797
2234
2670
2764
2359
2158
2432
2369
1729
1280
1121
560
-324
-808
-882
-702
-114
772
1380
1634
1821
2150
2275
2101
1954
1994
1982
2207
1162
-3657
-9742
-10743
-7198
-5518
-6518
-6055
-4370
-4111
-4303
-3279
-1792
-272
1638
2739
1779
-100
-770
-154
300
-28
-431
-704
-1176
-1698
-1864
-1733
-1157
96
1390
1743
1524
1941
2961
3509
3531
3571
3151
1950
989
782
604
303
476
737
360
-275
-331
131
794
1562
2218
2517
2637
2600
2408
2331
2277
1847
1175
628
157
-182
-388
-453
-242
283
661
836
785
715
1062
1928
2432
2358
2002
1832
1720
-73
-4933
-9109
-8177
-5023
-4942
-6431
-5998
-4922
-4826
-4372
-3207
-2219
-697
1407
2060
736
-288
210
1069
1068
520
-14
-562
-1229
-1623
-1656
-1407
-647
514
1035
725
771
1672
2516
2882
3150
3242
2722
1868
1340
1284
1385
1347
1024
596
286
30
-72
311
1036
1669
2056
2042
1646
1494
1840
2027
1783
1546
1316
773
270
140
99
45
205
465
644
792
760
589
775
1206
1358
1367
1444
1521
1472
70
-3706
-7034
-6520
-4343
-4352
-5403
-5151
-4731
-4966
-4381
-2998
-2181
-1448
-19
784
-51
-958
-508
447
710
585
507
111
-538
-757
-605
-585
-432
221
689
460
378
1078
1825
2094
2387
2681
2329
1654
1453
1578
1673
1895
2049
1648
1066
953
950
619
506
978
1303
1074
893
1047
1184
1231
1364
1411
1196
932
815
693
551
583
740
678
423
234
191
176
242
411
570
578
481
437
646
701
-530
-3144
-4910
-4256
-2953
-3116
-3753
-3473
-3189
-3775
-4236
-4010
-3563
-2709
-1237
-415
-979
-1527
-935
-147
9
95
454
563
377
347
366
200
277
855
1271
1091
844
940
1049
1161
1515
1787
1653
1522
1681
1782
1667
1642
1778
1762
1499
1241
1137
1062
1067
1250
1401
1301
1112
958
774
639
645
677
604
431
224
34
-170
-399
-570
-626
-539
-285
-35
-5
-164
-343
-438
-385
-235
-108
-57
-84
-141
-152
-139
-230
-449
-709
-874
-821
-726
-957
-1527
-1963
-1985
-1779
-1645
-1642
-1683
-1729
-1761
-1734
-1659
-1609
-1536
-1338
-1089
-923
-796
-604
-397
-216
-25
156
271
364
499
631
659
597
648
857
959
855
806
873
896
959
1148
1295
1342
1375
1355
1225
1111
1083
1072
1041
1050
1141
1221
1189
1094
1050
1058
1071
1079
1076
1125
1238
1253
1060
787
564
419
416
550
681
738
745
673
492
302
122
-130
-476
-768
-917
-1021
-1242
-1653
-2185
-2583
-2671
-2575
-2507
-2522
-2623
-2766
-2823
-2732
-2563
-2365
-2133
-1889
-1698
-1610
-1521
-1284
-909
-544
-290
-169
-82
15
87
139
216
389
697
1036
1189
1204
1307
1489
1585
1591
1549
1466
1434
1507
1546
1504
1487
1550
1648
1716
1704
1655
1636
1599
1554
1567
1552
1403
1244
1201
1169
995
701
441
303
326
501
707
815
800
702
481
188
-40
-108
-71
-85
-310
-718
-1075
-1269
-1415
-1607
-1822
-2061
-2327
-2518
-2538
-2414
-2312
-2325
-2424
-2546
-2651
-2646
-2489
-2265
-2054
-1863
-1685
-1475
-1232
-1031
-891
-697
-378
22
356
533
642
826
1027
1113
1099
1077
1066
1062
1084
1147
1269
1441
1604
1685
1663
1617
1633
1713
1805
1842
1823
1792
1730
1609
1472
1348
1219
1098
1040
1016
994
986
990
967
903
806
727
642
471
269
135
39
-78
-148
-137
-103
-96
-125
-197
-341
-609
-939
-1124
-1116
-1105
-1243
-1547
-1988
-2432
-2666
-2637
-2507
-2442
-2507
-2643
-2742
-2715
-2538
-2226
-1829
-1476
-1292
-1249
-1187
-983
-675
-355
-37
229
372
403
397
398
478
694
973
1165
1223
1201
1194
1278
1440
1619
1769
1863
1868
1757
1550
1361
1304
1370
1452
1498
1525
1546
1547
1509
1436
1371
1305
1167
967
798
737
745
739
652
512
393
318
254
177
103
69
69
54
17
17
2
-88
-187
-267
-511
-948
-1315
-1501
-1634
-1739
-1807
-2009
-2348
-2526
-2443
-2318
-2277
-2270
-2278
-2302
-2292
-2259
-2195
-2025
-1730
-1426
-1216
-1046
-825
-539
-266
-48
138
301
417
493
567
689
857
1024
1166
1262
1307
1342
1393
1410
1389
1415
1525
1646
1711
1742
1737
1663
1574
1539
1514
1428
1330
1311
1318
1266
1195
1129
1040
955
943
956
885
741
573
389
253
224
232
210
218
277
224
-17
-280
-418
-448
-421
-348
-364
-635
-1032
-1274
-1317
-1352
-1464
-1644
-1925
-2287
-2547
-2579
-2466
-2351
-2309
-2321
-2329
-2265
-2109
-1889
-1640
-1387
-1169
-1033
-948
-813
-590
-351
-131
95
288
384
442
585
799
992
1131
1217
1210
1132
1116
1229
1421
1623
1780
1826
1735
1595
1505
1476
1470
1462
1439
1379
1314
1305
1332
1328
1311
1327
1315
1176
969
812
745
730
730
682
526
340
219
140
32
-63
-81
-62
-92
-184
-291
-384
-458
-508
-545
-649
-923
-1277
-1496
-1503
-1447
-1493
-1666
-1936
-2185
-2278
-2220
-2160
-2148
-2112
-2051
-2040
-2045
-1960
-1756
-1504
-1271
-1084
-945
-817
-642
-424
-196
39
270
456
547
566
579
632
758
974
1208
1359
1410
1427
1456
1467
1456
1453
1458
1452
1431
1406
1384
1402
1476
1549
1540
1463
1400
1356
1299
1224
1132
1008
877
803
791
798
778
700
545
342
171
77
25
-26
-62
-78
-134
-241
-327
-360
-402
-468
-485
-459
-544
-826
-1170
-1373
-1381
-1329
-1382
-1612
-1947
-2169
-2122
-1932
-1833
-1885
-1956
-1970
-1970
-1968
-1902
-1715
-1458
-1218
-1063
-997
-955
-831
-567
-223
67
257
395
524
614
674
752
864
971
1038
1084
1119
1170
1265
1369
1429
1437
1434
1435
1430
1432
1440
1443
1431
1417
1386
1339
1313
1336
1382
1393
1343
1249
1097
886
670
552
561
593
580
522
414
267
125
49
-17
-131
-255
-338
-380
-426
-483
-544
-577
-565
-575
-724
-1016
-1259
-1312
-1234
-1224
-1428
-1788
-2096
-2180
-2077
-1978
-1977
-2010
-1999
-1960
-1946
-1920
-1818
-1614
-1366
-1129
-958
-847
-712
-500
-228
21
218
383
530
661
746
807
878
984
1102
1174
1201
1230
1296
1357
1389
1400
1397
1391
1384
1401
1455
1528
1595
1592
1504
1399
1328
1287
1223
1160
1125
1092
1036
952
858
751
629
491
318
139
12
-42
-78
-132
-186
-225
-266
-317
-345
-343
-347
-377
-441
-499
-524
-577
-777
-1092
-1293
-1263
-1121
-1086
-1287
-1681
-2056
-2174
-2057
-1934
-1946
-2001
-1988
-1926
-1846
-1726
-1558
-1354
-1136
-937
-815
-747
-584
-268
78
305
401
435
456
506
576
661
780
931
1064
1121
1142
1199
1303
1414
1499
1525
1471
1390
1350
1353
1371
1405
1449
1456
1407
1336
1286
1242
1181
1103
1012
909
819
759
713
637
526
410
302
205
111
25
-47
-110
-167
-227
-287
-322
-325
-320
-329
-363
-404
-409
-392
-463
-698
-1012
-1235
-1311
-1312
-1363
-1541
-1822
-2038
-2053
-1927
-1815
-1785
-1795
-1806
-1801
-1750
-1636
-1459
-1257
-1074
-959
-916
-859
-695
-430
-153
95
302
460
566
637
722
840
987
1119
1178
1168
1164
1213
1288
1352
1396
1416
1409
1383
1355
1342
1346
1376
1416
1426
1398
1342
1263
1177
1092
1008
922
834
760
715
692
655
563
429
315
261
243
195
87
-45
-153
-220
-273
-331
-383
-429
-489
-567
-654
-712
-719
-724
-815
-998
-1165
-1217
-1172
-1165
-1311
-1594
-1871
-1984
-1913
-1798
-1772
-1835
-1900
-1892
-1802
-1659
-1473
-1250
-1013
-815
-704
-642
-531
-304
-11
260
449
553
600
616
643
715
856
1030
1167
1221
1225
1227
1258
1304
1332
1363
1399
1409
1357
1255
1174
1165
1211
1243
1234
1218
1233
1267
1254
1165
1037
921
842
784
736
689
641
555
404
200
-3
-148
-231
-276
-317
-354
-384
-395
-385
-364
-343
-357
-412
-490
-558
-640
-789
-1012
-1217
-1305
-1280
-1261
-1380
-1627
-1859
-1932
-1855
-1747
-1699
-1719
-1755
-1766
-1728
-1625
-1439
-1195
-956
-792
-704
-643
-541
-365
-123
150
413
622
745
798
823
849
901
967
1042
1127
1195
1231
1231
1232
1250
1271
1266
1224
1190
1204
1270
1332
1349
1311
1245
1191
1171
1177
1183
1157
1078
946
780
620
494
425
411
415
387
312
194
67
-43
-135
-210
-277
-335
-397
-454
-493
-508
-513
-536
-571
-603
-631
-705
-878
-1115
-1288
-1315
-1258
-1267
-1426
-1669
-1824
-1804
-1682
-1585
-1585
-1631
-1662
-1651
-1594
-1484
-1307
-1070
-825
-631
-496
-384
-245
-69
125
307
457
567
648
718
796
886
969
1019
1024
1008
1014
1066
1153
1239
1294
1316
1312
1287
1248
1214
1213
1253
1309
1314
1246
1132
1041
1014
1028
1022
964
866
764
665
571
474
379
289
210
121
24
-50
-99
-134
-193
-293
-413
-497
-515
-497
-497
-529
-560
-548
-522
-554
-704
-924
-1103
-1173
-1185
-1246
-1409
-1624
-1784
-1815
-1749
-1656
-1598
-1575
-1574
-1579
-1560
-1483
-1325
-1096
-857
-665
-538
-442
-316
-139
60
241
385
486
553
600
653
735
839
941
1017
1044
1051
1067
1119
1204
1297
1363
1377
1333
1257
1192
1162
1167
1186
1196
1181
1155
1126
1093
1052
1003
954
902
830
731
620
520
436
353
247
117
-7
-100
-156
-189
-232
-290
-354
-415
-467
-502
-528
-544
-548
-528
-498
-512
-613
-824
-1051
-1194
-1221
-1215
-1292
-1479
-1692
-1790
-1727
-1578
-1473
-1457
-1498
-1532
-1524
-1461
-1341
-1161
-947
-751
-612
-526
-436
-287
-84
133
320
459
561
634
694
763
839
920
998
1048
1073
1093
1127
1172
1214
1233
1230
1222
1209
1194
1190
1199
1218
1232
1228
1198
1140
1085
1046
1013
967
888
799
711
636
568
485
374
246
117
3
-97
-173
-222
-260
-307
-379
-461
-530
-566
-571
-557
-554
-560
-555
-546
-575
-687
-875
-1050
-1133
-1131
-1114
-1182
-1380
-1611
-1719
-1658
-1528
-1427
-1409
-1461
-1507
-1491
-1386
-1219
-1019
-814
-626
-474
-374
-290
-149
42
223
382
511
579
603
662
760
844
898
937
967
989
1021
1083
1151
1188
1191
1183
1157
1116
1083
1092
1139
1189
1219
1220
1186
1113
1036
991
974
928
852
775
673
547
454
411
340
215
91
-13
-100
-148
-157
-169
-215
-292
-365
-419
-457
-483
-480
-457
-445
-451
-476
-580
-796
-1027
-1152
-1181
-1190
-1234
-1348
-1530
-1682
-1700
-1607
-1492
-1424
-1405
-1401
-1396
-1373
-1298
-1156
-981
-810
-662
-550
-458
-337
-160
45
228
370
480
559
623
683
754
837
920
979
993
983
995
1053
1141
1214
1246
1252
1240
1223
1212
1207
1201
1204
1228
1246
1224
1168
1084
989
896
817
736
648
568
501
450
390
307
203
102
20
-39
-91
-145
-209
-283
-354
-428
-503
-570
-607
-614
-603
-583
-561
-565
-650
-823
-1033
-1184
-1219
-1167
-1142
-1228
-1408
-1583
-1641
-1577
-1468
-1395
-1384
-1413
-1426
-1382
-1271
-1101
-901
-711
-565
-457
-344
-197
-27
153
318
448
541
595
628
668
744
858
962
1021
1021
1010
1027
1087
1169
1243
1280
1273
1234
1169
1113
1089
1111
1144
1142
1099
1040
1003
998
996
956
862
743
639
552
481
419
343
238
107
-20
-125
-188
-212
-230
-278
-357
-446
-525
-567
-566
-546
-542
-548
-550
-542
-535
-570
-687
-887
-1078
-1161
-1123
-1054
-1062
-1194
-1400
-1546
-1543
-1424
-1294
-1229
-1235
-1281
-1298
-1247
-1123
-947
-751
-576
-447
-354
-254
-116
49
220
366
476
539
569
592
636
710
802
888
963
1013
1053
1087
1106
1120
1147
1190
1214
1197
1149
1111
1111
1151
1176
1144
1075
1010
984
971
932
851
746
644
565
508
453
394
327
241
126
-5
-113
-184
-227
-271
-335
-410
-476
-517
-528
-530
-544
-568
-576
-575
-575
-599
-696
-858
-1021
-1103
-1089
-1040
-1052
-1175
-1367
-1509
-1523
-1429
-1311
-1228
-1194
-1194
-1196
-1190
-1148
-1042
-872
-680
-523
-432
-367
-271
-114
77
264
422
540
619
662
685
718
792
893
983
1025
1031
1030
1043
1076
1107
1132
1141
1137
1120
1098
1091
1096
1106
1103
1088
1071
1052
1025
973
894
796
689
590
506
447
398
342
261
158
48
-42
-94
-129
-174
-252
-349
-432
-476
-486
-485
-497
-530
-567
-586
-592
-604
-662
-778
-922
-1027
-1055
-1028
-1013
-1082
-1240
-1420
-1523
-1514
-1425
-1319
-1262
-1258
-1283
-1294
-1250
-1131
-939
-717
-516
-369
-275
-212
-121
20
189
362
508
590
603
605
631
695
778
857
908
932
954
993
1033
1071
1113
1159
1187
1187
1174
1143
1118
1104
1097
1078
1043
1004
966
925
877
812
727
640
559
496
447
401
338
246
141
33
-69
-152
-213
-278
-345
-406
-464
-510
-526
-518
-505
-506
-522
-549
-579
-604
-645
-732
-866
-986
-1046
-1046
-1038
-1082
-1204
-1356
-1444
-1419
-1317
-1202
-1139
-1139
-1175
-1194
-1148
-1033
-861
-674
-511
-392
-313
-241
-147
-19
144
319
473
574
611
615
633
699
802
903
954
959
954
968
1007
1049
1080
1095
1090
1071
1052
1049
1066
1082
1072
1029
977
942
923
897
851
783
710
640
560
472
391
326
271
204
115
11
-82
-156
-214
-272
-336
-400
-455
-495
-511
-514
-518
-533
-561
-588
-589
-573
-568
-611
-721
-863
-972
-1012
-1004
-1003
-1057
-1167
-1283
-1342
-1317
-1231
-1127
-1052
-1033
-1047
-1042
-977
-847
-679
-525
-412
-323
-242
-141
-20
114
257
391
493
538
545
545
579
656
748
824
858
856
856
877
922
973
1011
1027
1032
1031
1038
1047
1037
1014
981
967
973
979
970
931
867
786
709
624
540
472
420
375
311
210
72
-59
-156
-204
-220
-235
-272
-332
-403
-467
-515
-537
-547
-554
-565
-580
-593
-619
-680
-789
-919
-1007
-1021
-985
-970
-1028
-1157
-1281
-1331
-1293
-1212
-1142
-1115
-1116
-1116
-1080
-996
-876
-736
-602
-489
-389
-285
-167
-36
105
232
335
412
470
518
571
629
689
747
798
841
870
890
907
928
963
1019
1080
1124
1137
1127
1106
1092
1085
1078
1060
1034
1002
956
896
814
728
636
552
482
425
369
301
214
115
8
-83
-145
-187
-224
-279
-349
-427
-488
-518
-521
-509
-514
-545
-586
-611
-594
-549
-522
-554
-663
-806
-917
-951
-927
-911
-960
-1087
-1226
-1298
-1272
-1181
-1090
-1051
-1064
-1085
-1059
-961
-806
-639
-503
-410
-344
-274
-179
-54
94
229
340
411
456
495
546
620
703
785
847
888
915
938
966
1000
1032
1055
1064
1061
1051
1043
1037
1032
1015
985
949
914
888
863
827
773
703
624
547
471
398
330
262
194
128
59
-11
-85
-158
-225
-285
-330
-361
-389
-418
-452
-488
-526
-568
-599
-613
-602
-579
-580
-641
-770
-920
-1017
-1022
-955
-903
-932
-1056
-1207
-1291
-1259
-1147
-1028
-969
-976
-1013
-1015
-944
-800
-619
-452
-323
-234
-170
-96
4
132
272
396
482
525
540
552
591
654
733
810
867
905
921
931
945
968
992
1004
997
974
954
944
941
921
881
835
804
798
805
802
769
706
628
560
509
462
411
343
258
169
79
-7
-88
-168
-244
-314
-375
-424
-457
-475
-482
-489
-507
-533
-557
-563
-542
-514
-516
-577
-696
-830
-910
-914
-873
-852
-906
-1029
-1146
-1197
-1157
-1067
-991
-964
-980
-996
-969
-883
-751
-616
-496
-410
-347
-280
-198
-81
53
193
313
398
448
481
522
584
666
748
807
836
842
843
859
894
937
975
998
1006
1006
1002
1002
1005
1002
991
969
933
882
829
783
739
692
633
553
462
375
298
239
185
127
54
-33
-123
-201
-254
-288
-320
-355
-407
-459
-498
-515
-522
-529
-540
-555
-559
-560
-565
-608
-683
-772
-836
-851
-836
-836
-886
-985
-1091
-1144
-1128
-1061
-990
-954
-956
-973
-968
-911
-800
-651
-494
-363
-278
-229
-185
-110
10
165
313
422
481
500
515
556
626
719
803
863
892
894
892
897
921
956
990
1002
987
952
924
912
913
917
896
849
783
723
687
670
656
627
565
473
378
305
256
217
165
91
-2
-97
-174
-231
-274
-310
-349
-381
-411
-433
-453
-469
-485
-500
-510
-510
-508
-516
-550
-623
-724
-812
-855
-856
-842
-859
-926
-1025
-1108
-1132
-1093
-1016
-955
-932
-933
-937
-901
-805
-669
-525
-407
-322
-261
-190
-91
32
162
278
367
424
462
497
537
589
656
726
779
807
814
823
848
885
922
943
948
942
938
945
954
958
939
901
857
816
790
770
746
698
626
539
450
380
326
283
228
153
63
-28
-103
-156
-196
-230
-276
-325
-370
-406
-423
-438
-450
-479
-514
-548
-559
-552
-545
-568
-634
-727
-817
-865
-862
-847
-856
-913
-1005
-1073
-1093
-1057
-987
-920
-878
-866
-859
-823
-738
-615
-487
-378
-295
-228
-151
-61
42
143
240
327
398
453
499
543
593
651
704
744
775
805
834
858
874
893
908
922
929
924
916
910
899
870
830
779
740
714
691
654
601
532
461
395
334
280
237
196
149
86
10
-65
-121
-153
-179
-207
-246
-288
-324
-353
-378
-402
-429
-457
-486
-510
-525
-531
-557
-612
-697
-781
-821
-818
-810
-837
-913
-1006
-1063
-1059
-1012
-961
-935
-930
-921
-897
-835
-743
-632
-524
-429
-345
-256
-160
-53
50
145
239
331
415
477
522
559
607
666
718
759
777
782
791
810
833
863
891
900
888
861
840
839
853
860
845
802
754
715
692
666
628
575
511
446
386
330
278
228
172
108
28
-49
-115
-156
-182
-211
-250
-304
-357
-399
-420
-426
-426
-442
-484
-536
-576
-592
-599
-624
-696
-789
-860
-886
-883
-887
-928
-997
-1051
-1062
-1025
-961
-906
-864
-839
-813
-764
-683
-564
-443
-346
-279
-222
-149
-50
59
152
232
304
375
441
494
543
599
658
709
741
758
777
803
832
855
864
873
874
865
850
839
844
856
854
820
773
726
693
673
653
622
571
512
444
372
309
255
209
156
86
11
-67
-132
-179
-224
-271
-321
-367
-401
-427
-449
-469
-489
-506
-521
-533
-545
-550
-564
-590
-638
-690
-724
-739
-748
-771
-816
-873
-915
-933
-923
-901
-878
-856
-834
-808
-760
-687
-594
-496
-409
-332
-257
-170
-70
25
112
189
260
328
393
452
502
546
586
622
657
692
727
757
778
794
808
829
847
862
869
866
858
853
844
833
813
791
761
721
680
639
594
547
495
434
372
305
237
169
102
37
-23
-81
-139
-204
-263
-313
-350
-373
-394
-423
-459
-499
-528
-551
-566
-578
-602
-647
-704
-764
-808
-834
-848
-865
-899
-943
-980
-997
-985
-951
-910
-865
-829
-797
-753
-691
-604
-501
-399
-309
-234
-161
-85
4
100
193
275
342
400
446
497
550
602
648
691
719
736
757
780
804
826
842
845
844
838
829
832
837
831
819
797
768
738
711
683
646
598
544
484
420
356
292
226
156
82
12
-50
-110
-163
-219
-270
-319
-349
-375
-396
-421
-452
-492
-526
-551
-564
-567
-583
-614
-663
-717
-762
-790
-801
-805
-819
-847
-882
-912
-919
-896
-858
-811
-772
-736
-700
-654
-595
-515
-425
-334
-245
-172
-100
-31
41
119
196
273
339
396
440
490
537
583
634
675
713
744
764
791
813
833
852
857
855
847
835
825
815
800
772
740
695
656
613
572
534
485
432
371
307
249
197
147
100
55
4
-47
-99
-147
-185
-221
-250
-273
-298
-329
-365
-409
-446
-470
-493
-517
-545
-592
-643
-700
-750
-784
-808
-828
-853
-885
-920
-938
-941
-921
-890
-852
-812
-779
-739
-688
-627
-548
-466
-383
-301
-225
-149
-68
11
94
180
256
333
400
457
514
568
618
663
701
733
758
779
797
812
825
829
830
826
819
812
805
794
777
754
727
700
671
640
603
559
511
462
411
356
299
242
182
124
65
3
-53
-108
-156
-202
-243
-281
-320
-352
-377
-401
-428
-454
-484
-512
-539
-564
-589
-622
-664
-712
-755
-790
-817
-834
-854
-877
-897
-903
-897
-875
-841
-800
-758
-716
-666
-603
-528
-448
-365
-286
-211
-133
-55
23
94
169
239
304
365
422
472
519
566
615
661
701
736
766
793
820
842
852
859
853
846
838
830
810
785
747
702
662
624
590
552
509
459
407
354
306
259
216
179
135
82
29
-28
-87
-134
-176
-213
-248
-291
-331
-371
-408
-441
-471
-497
-519
-535
-558
-590
-628
-672
-713
-745
-762
-772
-783
-804
-832
-859
-868
-853
-826
-785
-751
-721
-693
-658
-604
-533
-447
-360
-284
-220
-151
-75
5
94
180
260
327
385
433
481
531
582
632
674
701
718
732
742
755
773
789
790
783
766
747
732
720
710
695
671
640
604
571
542
513
483
448
403
350
299
248
201
160
114
62
6
-50
-103
-146
-186
-222
-256
-289
-329
-371
-408
-438
-467
-491
-514
-545
-581
-625
-671
-711
-742
-763
-785
-807
-829
-858
-878
-876
-859
-834
-804
-775
-743
-703
-649
-584
-512
-434
-357
-282
-211
-132
-59
17
93
164
234
298
354
406
452
497
540
581
617
644
668
691
719
744
763
776
777
773
769
767
768
770
760
738
709
667
632
599
568
540
502
454
399
342
287
238
196
153
105
57
6
-46
-95
-142
-183
-223
-255
-287
-322
-365
-413
-455
-489
-513
-530
-551
-583
-629
-680
-729
-754
-768
-772
-782
-802
-833
-857
-859
-842
-813
-778
-750
-727
-701
-666
-608
-528
-442
-358
-283
-214
-144
-70
18
109
196
272
336
388
434
486
534
582
625
652
675
693
704
722
742
750
759
761
754
751
741
732
722
708
686
662
634
602
569
534
496
452
406
361
315
266
219
173
122
73
23
-23
-67
-103
-144
-183
-225
-268
-303
-337
-371
-405
-440
-473
-508
-542
-572
-603
-636
-669
-698
-725
-747
-765
-780
-788
-793
-791
-779
-764
-739
-708
-675
-634
-590
-540
-488
-427
-364
-302
-238
-174
-110
-45
20
87
151
210
263
320
368
415
460
507
545
579
612
639
667
685
704
718
729
734
736
737
730
719
705
688
668
644
617
584
552
516
477
438
398
357
314
270
227
182
139
93
52
10
-32
-74
-113
-152
-190
-232
-268
-304
-345
-382
-420
-459
-497
-536
-573
-613
-656
-696
-732
-760
-783
-802
-817
-828
-833
-828
-815
-795
-768
-738
-698
-651
-598
-544
-482
-418
-349
-278
-206
-136
-63
6
75
141
208
269
325
377
425
475
517
559
597
627
655
680
702
719
733
742
747
750
751
747
734
721
704
683
659
629
598
561
524
483
440
397
348
298
247
196
149
100
54
5
-41
-84
-124
-160
-196
-231
-265
-297
-328
-355
-388
-418
-446
-476
-507
-539
-572
-607
-639
-672
-701
-726
-751
-770
-783
-788
-791
-782
-768
-746
-718
-686
-640
-592
-540
-481
-418
-356
-288
-219
-151
-79
-10
60
126
191
252
311
363
416
463
508
549
585
619
647
673
691
708
721
731
733
733
730
723
716
705
686
667
644
615
584
549
514
475
432
390
345
299
255
210
164
117
71
29
-13
-53
-90
-124
-160
-196
-227
-258
-291
-325
-358
-395
-430
-464
-502
-537
-579
-617
-657
-697
-729
-760
-785
-806
-818
-823
-821
-813
-796
-767
-734
-693
-644
-588
-530
-470
-402
-333
-263
-192
-119
-52
16
79
143
203
261
314
362
406
447
487
522
554
583
607
629
649
668
682
693
702
703
704
702
697
688
676
662
646
623
597
571
542
513
477
440
401
359
313
268
225
180
131
83
34
-16
-66
-114
-163
-208
-256
-300
-342
-382
-422
-461
-497
-533
-566
-596
-625
-653
-680
-709
-735
-750
-764
-776
-782
-784
-780
-771
-753
-728
-697
-661
-619
-572
-519
-463
-403
-341
-277
-213
-148
-83
-15
51
114
175
236
294
348
400
448
495
533
573
609
640
665
683
704
717
727
733
735
734
729
719
706
687
668
644
618
590
559
525
487
449
410
373
329
286
241
193
148
102
55
6
-42
-88
-131
-179
-221
-262
-303
-344
-383
-420
-459
-493
-525
-562
-592
-625
-654
-678
-703
-723
-743
-753
-759
-765
-763
-761
-752
-731
-710
-684
-650
-609
-563
-515
-461
-402
-337
-272
-204
-139
-71
-4
62
129
190
249
303
358
405
453
492
531
567
601
629
655
674
688
703
711
715
718
717
709
699
686
668
649
625
598
570
539
506
469
434
395
355
314
276
236
190
148
109
67
25
-19
-64
-108
-148
-194
-235
-278
-320
-358
-400
-439
-479
-518
-556
-589
-625
-658
-690
-719
-744
-761
-775
-784
-789
-789
-781
-764
-743
-714
-680
-640
-595
-544
-488
-432
-371
-309
-244
-178
-112
-46
17
81
140
200
253
306
350
397
438
475
513
545
574
603
627
648
667
683
697
707
710
715
713
712
706
693
677
660
637
610
583
548
512
474
430
387
342
294
249
201
149
100
52
4
-46
-93
-144
-191
-237
-283
-333
-377
-425
-469
-510
-554
-594
-631
-666
-701
-728
-755
-774
-787
-798
-801
-800
-796
-782
-764
-739
-708
-673
-634
-588
-538
-484
-426
-364
-303
-243
-178
-114
-49
13
73
133
192
246
298
350
396
439
479
513
546
576
605
629
651
665
682
694
703
714
715
714
709
704
693
677
661
638
614
586
556
524
488
448
406
361
314
270
218
169
117
62
8
-45
-100
-151
-202
-258
-310
-361
-408
-454
-500
-544
-584
-624
-660
-692
-722
-748
-770
-788
-802
-807
-808
-803
-792
-777
-751
-721
-689
-652
-609
-560
-508
-454
-396
-339
-276
-213
-148
-81
-19
42
103
164
220
278
331
378
426
467
503
537
570
599
626
643
663
679
690
698
702
704
703
699
691
678
661
643
623
596
571
539
504
469
428
384
339
296
248
198
150
98
49
0
-49
-98
-146
-192
-236
-277
-319
-363
-406
-443
-478
-515
-550
-581
-613
-642
-667
-690
-710
-729
-747
-756
-759
-758
-752
-741
-724
-699
-670
-637
-595
-551
-500
-446
-389
-328
-267
-203
-136
-72
-7
54
119
183
239
298
351
399
445
488
527
563
594
623
649
671
691
705
716
723
729
727
723
715
704
689
671
650
627
599
567
531
494
456
413
372
327
280
232
182
129
73
18
-35
-94
-149
-202
-260
-317
-378
-432
-488
-544
-596
-645
-692
-737
-774
-811
-841
-862
-879
-890
-890
-887
-873
-849
-821
-788
-746
-696
-642
-584
-519
-452
-379
-307
-232
-157
-82
-8
61
129
199
267
328
384
436
486
532
571
609
641
670
691
710
730
741
751
754
756
754
748
740
729
715
694
671
648
620
588
553
515
473
429
379
328
273
215
156
96
38
-27
-92
-155
-219
-282
-344
-404
-465
-520
-573
-624
-673
-716
-754
-783
-811
-835
-848
-861
-867
-865
-856
-840
-821
-790
-755
-716
-670
-621
-568
-510
-448
-385
-320
-249
-179
-110
-40
29
97
161
225
286
343
401
451
503
549
588
624
653
682
708
728
744
755
763
765
761
754
746
730
714
690
663
634
600
565
526
486
440
397
350
301
249
196
141
86
29
-28
-86
-142
-201
-259
-313
-367
-421
-473
-522
-566
-610
-648
-685
-717
-744
-768
-780
-789
-795
-797
-788
-778
-760
-735
-705
-674
-632
-586
-540
-489
-434
-379
-318
-259
-198
-135
-74
-14
47
106
162
215
270
320
369
413
456
494
529
562
592
618
640
657
671
679
685
686
684
678
666
651
631
611
588
560
530
494
458
417
378
335
288
246
202
156
111
62
16
-29
-80
-125
-168
-213
-257
-300
-342
-382
-420
-458
-493
-527
-557
-584
-609
-628
-648
-660
-669
-673
-673
-667
-660
-644
-623
-601
-573
-540
-504
-461
-418
-370
-319
-270
-214
-162
-106
-53
0
53
106
153
200
244
284
325
365
399
430
457
482
505
526
541
558
571
580
586
586
585
582
574
563
550
533
515
496
473
448
422
394
363
330
297
259
221
180
140
97
53
6
-41
-86
-134
-182
-230
-274
-318
-361
-402
-441
-480
-512
-543
-567
-591
-609
-624
-632
-634
-638
-630
-622
-606
-587
-565
-537
-506
-473
-438
-398
-355
-309
-266
-220
-173
-123
-77
-33
11
56
98
137
176
214
248
283
313
343
370
395
419
435
455
473
486
500
512
522
530
533
533
532
530
520
512
499
483
466
445
420
394
364
330
297
262
226
182
142
97
50
5
-42
-87
-133
-180
-226
-273
-314
-355
-393
-429
-461
-493
-519
-537
-557
-568
-575
-581
-580
-578
-573
-558
-542
-524
-502
-478
-450
-422
-392
-360
-323
-286
-246
-208
-165
-122
-79
-36
6
46
89
131
169
206
241
274
306
337
362
388
411
430
448
462
474
481
488
493
493
493
489
484
472
457
444
425
406
383
360
334
305
275
245
211
179
142
106
67
31
-4
-41
-78
-118
-153
-189
-222
-258
-288
-317
-347
-371
-393
-407
-429
-444
-457
-463
-467
-471
-468
-465
-457
-447
-435
-421
-402
-382
-359
-335
-309
-279
-253
-223
-191
-160
-125
-90
-56
-22
12
49
82
110
142
175
203
232
261
284
310
330
351
366
381
398
406
416
420
426
422
422
413
409
397
384
371
353
335
309
292
263
242
211
188
159
132
102
68
40
6
-20
-57
-80
-112
-136
-167
-195
-218
-246
-266
-291
-309
-330
-343
-357
-368
-378
-388
-393
-399
-396
-394
-388
-384
-372
-359
-346
-331
-313
-291
-270
-242
-219
-192
-163
-136
-103
-76
-43
-16
17
44
74
102
128
154
176
203
220
243
257
277
290
305
319
326
334
340
347
344
350
347
346
340
334
330
319
311
296
285
269
250
234
212
192
174
150
124
100
76
51
21
-7
-37
-68
-94
-124
-151
-179
-205
-229
-254
-276
-297
-313
-333
-348
-357
-366
-374
-378
-379
-377
-371
-362
-352
-340
-327
-312
-293
-269
-246
-221
-198
-169
-141
-115
-85
-57
-25
2
29
57
81
104
128
150
169
185
203
218
230
240
251
260
269
275
278
282
286
287
286
285
283
280
277
270
264
256
248
237
222
211
198
182
166
149
129
111
89
67
46
21
-1
-25
-49
-75
-99
-123
-150
-172
-192
-209
-229
-245
-262
-277
-286
-297
-305
-308
-312
-311
-306
-301
-293
-284
-271
-257
-246
-229
-209
-192
-173
-149
-129
-109
-88
-65
-45
-29
-11
11
30
48
66
82
96
115
128
140
153
169
180
192
204
211
223
227
235
237
240
243
244
246
245
241
237
232
225
216
208
199
187
176
162
145
129
113
93
72
52
32
11
-7
-28
-51
-72
-91
-112
-131
-146
-162
-177
-190
-203
-214
-224
-231
-238
-244
-245
-246
-249
-246
-240
-236
-229
-222
-216
-204
-194
-183
-170
-153
-136
-119
-103
-88
-70
-51
-33
-15
3
22
41
61
78
94
112
126
139
149
163
172
183
189
194
200
201
200
197
194
192
191
185
180
173
167
161
149
141
132
122
115
106
94
85
77
65
52
39
27
14
5
-7
-21
-31
-43
-53
-65
-74
-86
-95
-108
-120
-127
-135
-143
-152
-160
-165
-168
-172
-175
-175
-176
-173
-171
-168
-163
-156
-151
-142
-132
-124
-111
-98
-87
-75
-60
-44
-33
-18
-3
11
24
36
46
59
67
76
86
94
102
107
113
113
117
122
124
123
123
122
121
120
119
119
119
118
114
109
107
105
102
102
99
94
91
84
78
71
63
55
46
36
27
17
6
-4
-16
-28
-41
-55
-67
-78
-87
-98
-107
-114
-120
-127
-136
-140
-141
-143
-144
-140
-140
-137
-129
-126
-119
-112
-105
-96
-89
-82
-73
-64
-47
-40
-29
-21
-13
-1
7
14
22
33
38
45
52
58
62
66
71
77
79
83
81
85
88
91
90
89
88
87
88
86
84
77
75
66
64
61
52
46
42
38
32
23
15
8
2
-5
-10
-16
-21
-28
-32
-37
-39
-44
-50
-52
-54
-53
-55
-53
-55
-56
-51
-50
-48
-48
-45
-45
-39
-33
-31
-26
-26
-20
-17
-15
-12
-9
-7
-3
-2
-1
0
0
-1
1
1
1
1
2
1
2
2
3
3
6
7
9
10
15
19
20
23
26
29
31
29
31
36
36
35
35
35
36
33
28
25
23
19
15
13
9
7
3
0
-4
-7
-8
-12
-14
-17
-19
-19
-20
-19
-20
-19
-19
-19
-17
-19
-20
-19
-16
-16
-18
-15
-15
-15
-15
-14
-12
-12
-12
-12
-12
-10
-9
-8
-5
-7
-6
-2
-1
-2
0
2
1
5
6
6
7
8
11
10
10
12
12
14
15
16
15
15
15
13
11
10
11
10
8
6
8
5
2
3
4
3
2
3
4
4
2
1
1
-1
-2
0
-3
-1
0
0
2
2
2
0
-1
-2
-3
-4
-5
-2
-5
-5
-6
-5
-6
-5
-8
-8
-9
-11
-9
-9
-9
-10
-10
-10
-10
-10
-9
-10
-7
-8
-7
-5
-5
-4
-2
-2
1
5
2
4
4
3
4
4
3
3
5
4
7
6
4
5
4
5
3
5
6
4
6
5
5
6
5
6
4
6
6
4
4
4
5
5
4
3
2
1
1
6
5
3
1
2
0
1
-1
-3
-4
-3
-2
-3
-2
-5
-5
-5
-9
-6
-4
-3
-3
-4
