4
2
3
1
0
4
5
4
6
5
6
4
4
5
4
5
7
8
6
5
4
3
2
4
4
3
0
1
2
1
-3
-1
0
-2
-1
-1
1
0
1
1
-2
-4
-5
-4
-5
-4
-6
-8
-8
-8
-4
-5
-7
-7
-8
-7
-8
-8
-9
-6
-6
-6
-5
-5
-4
-4
0
1
2
0
2
3
2
4
3
6
6
7
5
3
3
3
5
6
4
3
6
9
7
5
6
8
8
8
6
2
2
5
4
4
3
2
3
5
2
0
-1
1
0
0
-2
-4
-3
-2
1
-3
-4
-3
-5
-7
-7
-8
-6
-7
-6
-5
-9
-8
-7
-8
-8
-8
-7
-5
-3
-4
-4
-5
-4
-4
-2
1
0
1
-2
0
2
2
2
3
3
5
4
3
4
3
2
3
4
3
6
5
5
6
7
10
9
10
6
5
5
6
6
5
3
4
5
6
2
3
2
4
3
1
0
0
1
-2
-4
-3
-4
-3
-5
-7
-7
-9
-9
-11
-13
-14
-12
-13
-12
-14
-16
-20
-18
-18
-18
-17
-18
-18
-17
-16
-14
-10
-8
-4
0
3
0
0
0
6
13
16
15
15
18
29
32
28
21
18
24
26
27
33
34
35
39
39
32
31
33
45
48
41
32
26
29
29
21
14
10
14
20
15
-5
-23
-26
-16
-5
-7
-23
-35
-36
-38
-45
-57
-67
-68
-67
-63
-60
-60
-52
-48
-41
-44
-62
-69
-72
-69
-58
-41
-35
-42
-44
-38
-32
-26
-20
-18
-7
7
7
7
26
40
33
32
11
15
41
61
46
43
63
74
105
109
85
72
108
102
83
61
67
67
92
-232
-684
-701
-258
271
664
853
841
687
499
288
195
218
151
165
221
208
182
125
-29
-202
-220
-238
-344
-344
-275
-287
-356
-433
-398
-394
-420
-398
-354
-346
-394
-405
-326
-316
-324
-265
-249
-276
-222
-90
-57
-132
-195
-198
-182
-110
-31
65
99
138
124
44
86
194
185
223
242
217
239
327
301
204
235
331
360
346
266
241
327
338
362
289
162
157
271
342
339
217
138
86
162
203
132
30
41
-450
-1090
-903
-242
348
698
629
482
453
334
182
131
78
118
236
118
-123
-185
-310
-475
-496
-461
-613
-718
-776
-777
-676
-678
-669
-616
-542
-462
-459
-449
-310
-254
-239
-86
-55
-137
-70
-103
-28
-51
-38
106
142
85
258
321
180
211
314
434
449
389
513
578
536
438
416
412
432
542
506
415
464
540
425
420
462
304
367
509
432
311
270
251
218
119
54
78
60
-38
-116
-108
-114
-257
-344
-376
-433
-426
-439
-460
-480
-619
-682
-641
-700
-731
-679
-588
-574
-631
-640
-595
-621
-640
-484
-371
-404
-364
-372
-383
-333
-207
-140
-173
-37
130
195
188
141
304
396
320
337
502
709
632
501
581
745
828
724
622
659
771
881
822
660
554
584
602
560
607
637
682
586
367
290
148
188
397
180
-136
-187
-171
-153
-111
-176
-302
-348
-472
-554
-594
-658
-675
-700
-806
-987
-1027
-965
-990
-969
-983
-992
-943
-891
-844
-902
-947
-901
-721
-571
-486
-377
-378
-334
-177
-22
94
144
217
331
466
522
480
424
527
729
737
801
943
1039
985
678
405
640
1002
1125
1252
1013
632
894
1149
1040
757
597
533
686
833
694
466
296
287
383
308
89
-47
91
108
78
22
-105
-187
-376
-518
-654
-864
-1078
-1194
-1263
-1260
-1231
-1261
-1309
-1301
-1306
-1244
-1325
-1400
-1389
-1348
-1240
-1118
-1054
-907
-725
-598
-503
-419
-277
-88
-35
83
201
269
463
676
700
690
680
624
638
751
840
986
1139
1131
908
847
917
960
1061
1122
972
815
910
1141
1158
896
712
786
860
795
852
826
668
580
579
439
296
214
246
342
363
156
-62
-148
-190
-229
-281
-505
-805
-952
-1075
-1283
-1471
-1640
-1702
-1636
-1568
-1514
-1470
-1520
-1590
-1680
-1718
-1740
-1734
-1660
-1449
-1204
-963
-716
-440
-189
-3
107
167
286
341
386
517
621
617
773
1039
1300
1360
1272
1158
1097
895
755
705
749
852
942
1056
1258
1218
1089
1094
950
789
856
1003
1089
1037
764
768
971
1030
894
714
414
376
444
357
181
201
228
244
145
102
130
109
-83
-483
-991
-1384
-1678
-2036
-2232
-2292
-2277
-2217
-2080
-1992
-1851
-1837
-1933
-2024
-2065
-2125
-2070
-1944
-1733
-1413
-945
-398
57
390
644
810
863
929
883
833
885
1030
1170
1343
1372
1376
1357
1356
1248
1118
982
880
634
479
377
202
230
517
842
1224
1525
1526
1510
1539
1445
1310
1189
1212
1382
1351
1275
1304
1151
725
603
655
510
259
156
71
58
354
706
711
73
-872
-1742
-2357
-3004
-3545
-3875
-4064
-4202
-3958
-3474
-3065
-2741
-2545
-2467
-2306
-2179
-2232
-2073
-1700
-1229
-550
373
1090
1626
1963
2129
2107
2024
1766
1447
1247
1147
1198
1267
1366
1386
1390
1296
1233
1049
845
564
440
360
142
-78
146
559
866
1289
1753
2011
2076
1961
1658
1532
1300
1003
1036
1365
1415
1337
1233
1125
1019
943
745
689
724
763
1029
1440
1469
487
-990
-2287
-3215
-4344
-5301
-6032
-6468
-6629
-5999
-5048
-4170
-3561
-3101
-2667
-2255
-1948
-1823
-1623
-1236
-558
373
1466
2404
3086
3388
3464
3347
2993
2359
1703
1136
860
874
998
1040
1076
1136
1066
927
709
440
159
115
263
543
619
415
386
864
1292
1448
1791
2143
2150
2255
2540
2500
2212
1955
1735
1657
1571
1195
843
745
690
626
857
1124
1310
1531
2031
1902
483
-1886
-3873
-5320
-6864
-8448
-9235
-9250
-8878
-7779
-6056
-4399
-3346
-2673
-2044
-1232
-710
-526
-142
619
1454
2475
3705
4612
4962
4804
4357
3669
2808
1631
532
-143
-433
-608
-430
-19
234
380
582
626
518
468
393
405
405
531
976
1631
1917
2279
2796
3082
3119
3144
2883
2536
2359
2177
2036
2120
2045
1617
1462
1325
1049
884
942
861
1148
1752
2438
2695
1479
-1525
-4553
-6559
-8758
-11053
-12414
-12677
-11991
-10014
-7494
-5012
-2976
-1546
-667
363
1093
1294
1396
1878
2629
3930
5120
5766
5923
5623
4563
3268
1940
200
-1547
-2514
-2765
-2628
-1944
-1129
-376
338
924
1231
1434
1448
1284
1214
1345
1660
2286
2876
3093
3380
3587
3317
2910
2604
2091
1557
1361
1460
1750
2122
2238
2159
2073
1851
1676
1614
1644
1791
2305
3004
4008
3901
1231
-3095
-6582
-9353
-12361
-14831
-15961
-15603
-13466
-10100
-6520
-3225
-730
612
1611
2670
2942
2589
2486
2952
3877
5229
6090
6131
5543
4458
2769
796
-1318
-3366
-4653
-4893
-4250
-2941
-1368
48
1401
2592
3164
3329
3126
2790
2229
1985
2147
2717
2995
3007
3112
3019
2566
1982
1354
566
214
281
693
1452
2416
3047
3304
3281
3027
2927
2649
2321
2316
2795
3292
4345
4875
2442
-2514
-6939
-10094
-13830
-17210
-18582
-17828
-15522
-11456
-6673
-2174
1091
3117
4229
5011
4852
4033
3278
3126
3614
4632
5345
5358
4568
2971
752
-1487
-3689
-5642
-6684
-6431
-4932
-2617
-95
2256
4126
5301
5669
5568
4856
3734
2787
1967
1395
1467
1847
1619
1357
1340
940
389
119
-244
-340
235
1118
2166
3519
4440
4808
4856
4411
3945
3502
2961
2468
2859
3374
4264
4878
2553
-3320
-8631
-12115
-16148
-20001
-20846
-19365
-16029
-10597
-4430
693
4520
6544
7042
7150
6493
4716
3034
2349
2412
3068
3751
3647
2536
759
-1564
-3775
-5852
-7597
-8085
-6590
-3985
-795
2766
5684
7444
8405
8308
7198
5520
3660
1870
1174
733
-331
-881
-539
-667
-1173
-790
-661
-905
-193
1058
2110
3447
4568
5271
6155
6410
5294
4191
3443
2451
1931
2080
2237
2594
3668
4476
2546
-2687
-9064
-13376
-16794
-20221
-21668
-19364
-14960
-9305
-2832
2906
6582
8353
8290
7246
5720
3664
1463
413
648
1263
1993
2294
1559
-254
-2415
-4493
-6148
-7317
-7591
-6056
-2637
1442
5086
7954
9690
9997
8939
7117
4852
2431
277
-781
-1043
-1571
-1995
-1754
-1480
-1573
-1000
-307
153
1081
2487
3643
4893
5806
5965
6004
6005
5193
3971
2789
1799
1318
1399
1535
2053
2684
3618
3465
-196
-7014
-12741
-16094
-19046
-20824
-19661
-15568
-9867
-3304
2694
7121
8956
8544
7094
5408
3118
725
-802
-1139
-372
680
1212
840
-429
-2598
-4567
-5628
-6128
-6027
-4378
-1087
2950
6592
8896
9830
9613
8195
5691
3214
845
-1674
-3156
-2814
-1942
-1483
-805
-297
-103
352
957
1240
1856
2784
3748
4906
5819
5737
5220
4802
4149
3439
2459
1596
1206
1327
1422
1839
2528
2889
3575
1745
-4061
-10659
-13983
-16912
-19897
-19692
-15898
-11232
-5553
641
5573
7947
8270
7156
5551
3476
1065
-562
-1091
-964
-411
266
230
-666
-2539
-4825
-5834
-5407
-4957
-3751
-643
3335
6793
9246
10212
9745
8205
5513
2762
634
-1288
-2763
-2721
-1976
-2284
-2534
-1939
-1246
-984
203
1775
3168
4665
6102
6473
6448
5810
4316
2678
1795
1242
1088
1024
979
1573
2480
2796
3049
3498
3572
3591
2459
-2355
-9277
-13828
-16408
-18992
-19626
-16483
-11847
-6781
-789
4595
7362
7714
6973
5678
3964
1867
57
-923
-1100
-941
-614
-640
-1443
-2976
-4679
-5566
-5164
-4001
-2483
-4
3495
6905
9133
9901
9399
7706
5177
2591
435
-1525
-2886
-3056
-2373
-2287
-2584
-2175
-1189
-471
869
2674
4000
5292
6741
6960
6263
5209
3548
1892
1175
954
993
1099
1212
1809
2704
2891
2804
3374
4074
4705
3214
-2658
-10288
-14425
-16828
-19533
-20041
-16545
-11721
-5790
825
6111
8304
8271
7051
5531
3596
1080
-1244
-2254
-2219
-1668
-1176
-1252
-2060
-3368
-4806
-4957
-3835
-2847
-1554
1488
5227
7895
9424
9628
8413
6353
3948
1324
-968
-2680
-3635
-3410
-2127
-1139
-1666
-2261
-1357
339
1416
2900
4745
5976
6661
7165
6482
4802
2480
386
-309
198
733
1238
1757
2368
3167
3523
3134
3134
3435
4153
3885
-247
-7750
-13126
-15861
-18719
-20085
-17354
-13003
-7929
-1343
4752
8195
8795
7757
6100
4360
1735
-848
-2405
-2693
-2675
-1977
-1645
-2031
-3128
-4295
-4685
-3583
-2191
-894
1551
4881
7512
9136
9404
7912
6009
3921
1072
-1261
-2513
-3448
-3738
-2495
-1177
-1359
-1822
-828
787
1858
3341
5218
6192
6458
6607
5476
3724
1669
-148
-776
-45
881
2047
2782
3218
3624
3756
3106
2875
3126
3758
4462
1757
-5786
-12336
-14933
-17930
-20975
-19682
-15123
-9854
-2955
4029
8614
9954
9153
7397
5422
2334
-1086
-3424
-3995
-3816
-2869
-2227
-2254
-2629
-3181
-4431
-4478
-2408
9
1528
4343
8055
9875
9471
8401
6274
3353
659
-1625
-3233
-3615
-3512
-2683
-1048
-652
-1216
-464
1029
1702
3224
5087
5669
6110
6682
5261
3381
1766
30
-848
-245
692
2219
3551
3571
3548
3928
3178
2253
2451
2880
3661
3009
-2327
-10000
-14235
-16545
-19543
-20300
-16698
-11351
-4992
1894
7644
10172
9757
7736
5625
2896
-512
-3366
-4468
-4432
-3491
-2549
-2294
-2471
-3253
-4707
-4280
-1505
471
1587
4630
7844
9087
9454
8271
5182
2609
585
-1731
-3001
-3152
-3196
-2160
-416
-313
-904
-512
335
1347
3344
4982
5594
6105
6284
4909
3208
1350
-429
-1013
-261
1081
2987
4345
4028
3637
3568
2692
1843
2020
2556
4331
4484
-606
-8570
-13539
-16988
-20263
-20924
-17659
-11927
-4274
2908
8637
11490
10614
7504
4517
1288
-2552
-5296
-5910
-5250
-3681
-2063
-1458
-1497
-1949
-2662
-3095
-2592
-668
2039
4322
6643
9133
9608
7399
4769
2556
56
-2177
-3352
-3440
-2571
-1416
-255
373
-12
-273
769
1725
2679
4408
5674
5639
5773
5191
3271
1146
-286
-791
-227
836
2221
3722
4274
3817
3338
2890
1864
1491
2275
3952
5087
2327
-5155
-12139
-15342
-18188
-21305
-19932
-13571
-6321
780
7433
11387
10797
7773
4675
1610
-2285
-5555
-6417
-5171
-3551
-1968
-981
-1253
-2118
-2890
-3506
-3052
-788
1812
3926
6523
8993
9233
7419
4787
2236
243
-1466
-2692
-2840
-2170
-1393
-328
733
956
-233
-766
518
2525
3553
4747
6012
5990
5192
4180
2039
-101
-1275
-1197
238
2041
3145
3958
4260
3609
2825
2491
1912
2076
3295
5381
5719
719
-8305
-14651
-17661
-20811
-21987
-17665
-10497
-2833
4911
10645
12107
9417
5467
2100
-1065
-4619
-6513
-5867
-3897
-2155
-722
-789
-1929
-3253
-4146
-3854
-1455
1222
3166
5853
8716
8999
7547
5541
2549
139
-563
-1285
-1902
-1638
-1008
-525
204
27
-1089
-1415
-10
1855
3734
5470
6418
6381
5668
4280
2016
52
-1319
-1189
210
2003
3106
4275
4399
3509
2452
1659
869
1048
2196
4227
6720
5291
-2216
-11078
-15655
-18496
-21402
-20975
-14391
-5981
1358
7263
11338
10404
5912
1831
-318
-2961
-5626
-5923
-3539
-1305
-460
-619
-1497
-3085
-4453
-4634
-3421
-754
2553
5094
7327
8990
8270
5647
3252
1123
-167
-544
-864
-1046
-383
-300
-602
-483
-460
-938
-941
236
2604
4662
5443
6005
6135
4873
2982
1308
-254
-1003
-540
772
2419
3517
3697
3529
2988
1924
1194
1267
1924
3194
5119
6990
4730
-3529
-12676
-16851
-19174
-21245
-19281
-11715
-3606
3066
8023
10616
8356
3492
-274
-1488
-2954
-4425
-3968
-1648
-208
-407
-1549
-3094
-4775
-5217
-3799
-2044
0
3308
6379
7406
7493
6970
4764
2135
914
834
628
-91
-599
-310
-468
-1712
-2115
-1047
194
607
1140
2649
4739
5195
4922
5149
4578
2528
1303
930
484
407
960
2052
3192
3234
2265
1678
1306
1052
1675
3090
4416
6010
7213
3392
-6463
-15211
-17675
-19007
-20466
-16738
-7769
-394
4189
7551
8539
5138
389
-1840
-1611
-2160
-3085
-1771
512
451
-1607
-3357
-4725
-5870
-5491
-3142
-333
2226
5068
6925
6760
5901
5048
3259
1699
1568
2083
1806
633
-539
-1013
-1728
-2844
-2339
-287
1626
2730
3453
3720
3829
3538
3265
3400
3146
2323
2071
2232
1789
1140
713
1049
1881
2417
2092
1825
1826
1959
2356
3191
4096
5191
6093
2838
-6207
-14926
-17407
-17730
-18600
-15792
-7817
-548
3683
6097
6660
3940
81
-1704
-1036
-921
-1721
-1195
358
-2
-2313
-4213
-5023
-5257
-4444
-2311
-51
2049
4496
5963
5401
4687
4710
4006
2958
2875
3040
2189
456
-1188
-2172
-3072
-3737
-2705
-350
1538
2950
4576
5518
5255
4397
3732
3191
2539
1745
1470
1526
1301
864
1004
1476
2011
2566
2780
2582
2655
2939
2779
2738
3443
4972
3811
-3194
-12323
-15664
-14897
-15510
-15658
-10546
-3266
1524
3586
4544
3401
379
-1374
-294
674
-693
-1558
-225
601
-1580
-4445
-5460
-4964
-4110
-2558
-692
784
2561
4736
5191
4437
4293
4283
3696
3709
3618
2418
729
-666
-1708
-2198
-2753
-2456
-462
2092
2698
1937
1939
3271
3894
3442
3669
4156
3633
2777
2468
1729
421
-417
502
2057
2600
2062
2087
2476
2516
2358
2498
3054
4081
5652
4007
-3758
-12926
-15799
-14754
-15067
-14364
-9133
-2707
1326
3247
3412
1524
-1084
-1428
562
1720
266
-591
325
350
-2051
-4696
-5660
-5124
-3647
-1501
445
867
1127
3067
4878
4306
3561
4286
4883
4669
4128
2600
347
-1218
-1899
-2126
-2255
-2114
-623
1958
3321
2490
1419
1714
2764
3310
3659
4094
3898
3302
2842
1977
364
-661
-148
1489
2719
2779
2008
1786
2052
2286
2156
2464
3461
5386
5332
-968
-10912
-15524
-13833
-12869
-13416
-10616
-4859
-623
1299
1877
1140
-809
-1523
474
2663
1703
-341
-137
701
-941
-3851
-5188
-4751
-3675
-2015
-98
297
-221
1368
4268
4812
3835
4152
4984
5048
4559
3275
1160
-492
-1470
-1571
-1501
-1897
-1655
664
2474
2595
1954
1193
1145
2906
4259
4038
3764
3435
2785
2383
1427
-139
-426
656
1853
2623
2147
991
856
1714
2313
2900
3588
4307
5201
3101
-4749
-13269
-14896
-12272
-11222
-11003
-8018
-3884
-1372
-639
-255
-146
-315
426
2440
3057
861
-1030
-413
206
-1324
-3251
-3871
-3667
-3243
-2294
-1152
-819
-196
2320
4936
4815
3703
4066
5078
4992
4119
2792
1280
-128
-988
-1394
-1685
-1767
-757
1202
2405
2093
834
311
1579
3666
4335
4002
3710
3274
2666
2134
1114
373
950
2038
2346
1833
640
39
794
1905
2330
3041
4144
5401
4754
-1074
-10630
-15012
-11961
-9088
-9754
-9111
-5779
-3207
-2434
-2174
-1790
-1185
252
2350
3444
1705
-1112
-1557
69
129
-1738
-2890
-2745
-2624
-2683
-2190
-1661
-1399
91
3404
5336
4127
3146
4535
5718
4975
3615
2289
1081
123
-622
-1247
-1469
-1235
-62
1558
2049
1181
334
624
2134
3778
4209
3783
3604
3334
2652
1715
1000
819
1504
2170
1945
984
-40
-318
554
1970
2840
3340
3842
4864
3884
-2398
-11233
-13728
-9802
-7520
-8865
-8680
-6077
-3988
-3288
-3079
-2712
-1516
678
2903
3264
1057
-1150
-765
712
156
-1789
-2808
-2652
-2311
-1854
-1330
-954
-371
809
1321
834
1354
3828
5822
5770
5071
4308
2825
1154
285
-206
-442
-226
151
317
126
-159
520
1269
746
928
3181
4445
3463
2989
3325
2941
2315
2196
1948
1606
1635
1911
1878
877
-409
62
1858
2691
2481
2973
4118
3159
-2621
-10561
-13034
-9205
-6594
-7854
-7926
-5651
-4189
-4013
-3709
-3121
-1901
194
2145
2477
768
-932
-333
1182
438
-1732
-2733
-2490
-2129
-1545
-1017
-1266
-1331
420
2737
2803
1683
2796
5457
6206
4911
3370
2079
1066
595
204
-273
-468
-110
581
779
-190
-1280
-568
1686
3376
3546
3346
3386
3394
3166
2874
2448
2097
2020
2043
1674
971
502
631
982
1322
1755
2102
2235
2907
4064
2252
-4628
-11060
-10477
-6497
-6356
-8576
-7953
-5472
-4377
-4571
-4700
-3986
-1954
569
1997
1527
-20
-461
1000
1724
-49
-2110
-2341
-1766
-1421
-1160
-967
-1266
-1277
195
2223
2270
1450
3089
5887
5863
3857
2760
2357
1677
1239
845
189
-167
138
584
365
-459
-270
1365
1838
801
1384
3616
4014
2868
2756
3125
2535
1990
2036
1942
1506
1356
1454
1147
295
153
1209
1952
1839
2215
3481
3269
-989
-7645
-10591
-7829
-5121
-6451
-8318
-7592
-5778
-4954
-5014
-4856
-3064
-227
1462
1158
-180
-976
48
1809
1458
-858
-2051
-1409
-669
-543
-567
-758
-1118
-899
506
1933
1812
1745
3750
5528
4523
2736
2386
2409
2010
1762
1214
397
160
645
866
608
-20
-409
377
1854
2251
1709
1968
2932
3149
2738
2400
2273
2429
2699
2470
1727
1254
1151
1280
1220
788
732
1560
2385
2492
2310
42
-5653
-10131
-8352
-4533
-5199
-8076
-7867
-5825
-5051
-5212
-4811
-3585
-1356
540
495
-923
-1459
-106
1843
2008
45
-1489
-1148
-385
-326
-741
-1098
-645
829
1410
351
14
1899
3923
4279
3436
2639
2363
2580
2256
1517
1185
1427
1579
1461
899
235
386
491
63
348
1456
1609
1521
2272
2706
2256
2243
2649
2712
2481
2269
2074
2079
2063
1686
1324
1198
1178
1234
1466
1511
1757
1019
-3391
-9026
-9106
-4839
-4240
-7365
-7861
-5879
-5320
-5757
-5269
-4116
-2256
-145
310
-1041
-1830
-697
1278
2090
892
-745
-842
-108
-278
-998
-843
286
1351
1214
70
-283
1033
2644
3326
3188
2802
2537
2475
2177
1722
1658
2075
2317
1826
1027
627
679
811
715
157
-102
779
1758
1530
1257
1989
2605
2380
2208
2381
2557
2780
2924
2618
1998
1440
1078
933
919
957
984
1252
1725
381
-4322
-8697
-7758
-4128
-4096
-6989
-7723
-6137
-5372
-5638
-5256
-3939
-2065
-412
-343
-1833
-2459
-780
1414
1817
720
-132
-75
192
52
-407
-429
473
1423
923
-470
-564
1076
2579
2827
2503
2430
2524
2481
2247
2034
1999
2329
2609
2054
836
204
540
991
988
796
811
1147
1539
1641
1577
1871
2613
3086
2799
2270
2225
2536
2732
2594
2089
1421
1065
1136
1208
968
943
1354
216
-4005
-7939
-7254
-4284
-4261
-6523
-7082
-5947
-5470
-5744
-5575
-4553
-2758
-1115
-1112
-2463
-2789
-1080
892
1407
870
406
357
395
117
-403
-286
814
1606
870
-321
-272
917
1894
2122
2062
2200
2427
2394
2077
1911
2248
2871
3096
2539
1588
1036
1100
1056
439
107
824
1678
1539
1004
1153
1784
2139
2178
2188
2231
2266
2310
2182
1823
1489
1440
1378
1010
643
713
923
908
457
-1110
-3824
-5571
-4899
-3775
-4385
-5432
-5064
-4289
-4705
-5630
-5589
-4479
-3134
-2285
-2174
-2399
-2229
-1403
-428
28
13
178
681
830
367
32
412
1099
1422
1231
890
854
1139
1358
1360
1463
1793
2078
2110
1973
1850
1925
2160
2282
2107
1805
1583
1436
1256
1120
1217
1516
1724
1629
1310
1039
983
1005
937
813
659
453
287
211
127
-8
-104
-109
-35
3
-41
-61
-20
39
165
179
-178
-668
-858
-865
-863
-778
-873
-1501
-2232
-2520
-2533
-2574
-2536
-2423
-2411
-2455
-2463
-2550
-2680
-2584
-2223
-1872
-1677
-1514
-1244
-885
-606
-543
-527
-283
117
393
505
583
689
854
1072
1237
1291
1305
1349
1375
1311
1247
1320
1477
1596
1708
1836
1897
1913
1944
1915
1831
1795
1790
1825
1880
1786
1615
1522
1414
1267
1157
1217
1591
1875
1628
1280
1102
739
434
541
666
454
125
-151
-451
-765
-1027
-1411
-2128
-2764
-2902
-2865
-2879
-2851
-2938
-3210
-3470
-3681
-3803
-3715
-3496
-3178
-2738
-2451
-2395
-2288
-2009
-1661
-1272
-865
-469
-99
214
399
448
475
583
785
1045
1294
1448
1530
1604
1674
1756
1896
2099
2273
2338
2363
2412
2418
2380
2322
2204
2096
2104
2166
2163
2039
1817
1622
1527
1484
1469
1480
1513
1553
1490
1233
872
616
565
569
487
400
237
-191
-710
-1038
-1203
-1289
-1402
-1784
-2441
-2949
-3122
-3150
-3165
-3201
-3342
-3496
-3586
-3712
-3807
-3641
-3324
-3022
-2736
-2487
-2250
-1864
-1392
-976
-629
-262
54
209
223
271
389
586
872
1133
1272
1408
1577
1711
1826
2023
2272
2424
2420
2383
2415
2478
2492
2411
2281
2191
2174
2178
2107
1913
1689
1615
1714
1782
1721
1625
1614
1634
1514
1159
738
503
501
588
623
560
476
361
8
-623
-1128
-1263
-1209
-1205
-1442
-2051
-2755
-3136
-3221
-3219
-3191
-3244
-3472
-3713
-3815
-3844
-3804
-3534
-3081
-2672
-2392
-2120
-1817
-1511
-1188
-820
-460
-199
-72
-9
79
250
516
847
1140
1323
1454
1596
1771
2010
2248
2377
2448
2542
2558
2446
2333
2249
2135
2040
2006
1985
1966
1954
1887
1822
1885
1993
1943
1766
1616
1507
1366
1175
980
850
842
871
805
643
477
376
328
163
-227
-628
-807
-936
-1185
-1441
-1747
-2269
-2827
-3121
-3233
-3305
-3307
-3348
-3556
-3766
-3809
-3740
-3552
-3175
-2722
-2369
-2138
-1970
-1811
-1587
-1258
-883
-579
-370
-164
54
220
382
641
998
1332
1557
1711
1891
2085
2209
2263
2304
2297
2236
2190
2122
2014
1987
2054
2062
2009
2007
2025
2037
2101
2130
1992
1782
1610
1460
1346
1292
1225
1135
1097
1046
876
634
447
392
440
475
471
466
305
-171
-761
-1216
-1511
-1639
-1670
-1936
-2543
-3072
-3258
-3295
-3331
-3355
-3452
-3586
-3579
-3420
-3237
-3072
-2887
-2664
-2446
-2300
-2165
-1873
-1438
-984
-572
-263
-109
22
278
575
812
1070
1391
1657
1775
1826
1878
1940
2015
2115
2196
2186
2090
1999
2016
2126
2219
2226
2235
2265
2218
2128
2076
1988
1784
1618
1593
1535
1361
1213
1158
1112
1029
903
755
676
675
678
672
631
516
383
212
-221
-829
-1213
-1342
-1459
-1585
-1809
-2351
-2996
-3306
-3308
-3227
-3098
-2999
-3078
-3238
-3362
-3460
-3459
-3248
-2940
-2672
-2418
-2129
-1813
-1442
-1039
-679
-381
-110
134
352
544
728
942
1195
1398
1494
1513
1555
1658
1789
1884
1958
2042
2121
2167
2189
2227
2317
2365
2277
2170
2133
2017
1855
1862
1916
1799
1649
1596
1480
1274
1170
1159
1113
1067
1018
905
766
681
623
536
375
194
95
-45
-454
-965
-1282
-1455
-1589
-1664
-1845
-2303
-2749
-2876
-2817
-2815
-2940
-3168
-3406
-3557
-3646
-3657
-3483
-3129
-2700
-2310
-2074
-1963
-1765
-1399
-960
-517
-138
137
355
510
548
600
785
1031
1250
1430
1525
1595
1735
1884
2005
2159
2283
2265
2171
2074
1992
2012
2104
2090
1991
1976
1988
1952
1935
1884
1722
1554
1490
1458
1399
1333
1268
1218
1169
1066
898
701
515
359
249
136
-6
-141
-335
-690
-1056
-1219
-1272
-1349
-1419
-1621
-2135
-2732
-3074
-3162
-3157
-3122
-3156
-3325
-3481
-3470
-3323
-3122
-2864
-2547
-2250
-2027
-1835
-1599
-1271
-840
-348
45
203
193
213
358
594
872
1160
1426
1623
1692
1685
1736
1886
2029
2080
2062
2016
1949
1921
1991
2090
2146
2166
2156
2081
1945
1835
1789
1784
1774
1699
1561
1416
1311
1228
1152
1080
991
835
616
371
177
94
117
172
181
83
-151
-510
-865
-1101
-1224
-1314
-1508
-1922
-2478
-2893
-3025
-2979
-2920
-2947
-3082
-3229
-3329
-3382
-3310
-3010
-2605
-2280
-2062
-1893
-1720
-1450
-1100
-768
-486
-208
69
290
445
580
792
1052
1232
1303
1364
1448
1535
1603
1680
1790
1933
2035
2053
1989
1929
1944
2026
2057
2013
1955
1927
1920
1917
1876
1766
1656
1579
1470
1321
1223
1162
1046
881
740
623
549
535
538
476
368
296
276
212
-9
-396
-817
-1129
-1304
-1387
-1512
-1827
-2332
-2795
-2998
-2979
-2939
-2970
-3058
-3132
-3163
-3131
-3065
-2938
-2721
-2450
-2217
-2032
-1831
-1557
-1193
-774
-377
-61
158
292
371
442
577
819
1102
1315
1444
1552
1664
1762
1856
1938
1986
1988
1960
1907
1871
1923
2044
2133
2146
2103
2014
1898
1806
1754
1712
1676
1612
1466
1255
1097
1019
985
1001
1017
923
749
596
476
373
322
271
152
-34
-344
-776
-1123
-1281
-1363
-1494
-1754
-2196
-2665
-2925
-2979
-2954
-2907
-2904
-3021
-3188
-3303
-3321
-3174
-2838
-2446
-2136
-1906
-1726
-1530
-1235
-867
-507
-184
66
193
263
371
542
785
1063
1282
1407
1513
1602
1683
1760
1827
1861
1908
1959
1982
2016
2079
2132
2156
2114
1975
1846
1835
1857
1848
1784
1626
1428
1310
1233
1125
1042
1002
941
855
747
589
453
407
371
293
231
184
106
-24
-286
-698
-1063
-1248
-1361
-1503
-1729
-2119
-2560
-2787
-2803
-2783
-2805
-2889
-3045
-3170
-3178
-3094
-2901
-2611
-2329
-2112
-1916
-1746
-1568
-1255
-845
-480
-180
70
211
286
392
546
754
1019
1225
1314
1364
1426
1503
1625
1771
1888
2005
2101
2087
2015
1991
2016
2037
2040
1974
1884
1847
1847
1817
1732
1592
1450
1366
1279
1135
1019
980
940
847
730
596
477
415
383
319
235
161
92
-20
-273
-683
-1047
-1219
-1298
-1394
-1560
-1877
-2316
-2655
-2780
-2799
-2802
-2799
-2842
-2944
-3055
-3099
-3047
-2871
-2581
-2249
-1958
-1732
-1541
-1308
-990
-627
-280
14
209
289
362
491
646
823
1035
1206
1307
1434
1596
1746
1893
2025
2069
2028
1982
1963
1966
2005
2054
2051
2001
1934
1853
1771
1706
1625
1516
1397
1300
1233
1177
1111
1024
928
837
759
673
561
444
335
230
120
29
-50
-130
-242
-461
-787
-1081
-1253
-1338
-1422
-1602
-1946
-2326
-2554
-2619
-2619
-2634
-2744
-2934
-3083
-3115
-3035
-2836
-2545
-2252
-2001
-1792
-1627
-1450
-1173
-834
-507
-207
19
143
233
349
501
703
960
1200
1396
1528
1581
1626
1726
1838
1940
2021
2041
1992
1958
1962
1964
1950
1912
1839
1784
1750
1699
1649
1604
1546
1473
1394
1276
1114
986
929
879
803
711
586
445
338
243
133
63
40
-2
-97
-271
-578
-895
-1079
-1174
-1274
-1435
-1736
-2169
-2518
-2672
-2721
-2732
-2757
-2858
-2974
-3014
-2989
-2905
-2703
-2418
-2126
-1863
-1673
-1546
-1372
-1094
-753
-396
-71
146
261
345
458
622
852
1107
1291
1399
1480
1558
1635
1727
1821
1893
1941
1958
1923
1870
1861
1884
1902
1908
1893
1847
1820
1804
1743
1649
1555
1442
1294
1133
980
869
824
802
756
649
480
307
195
147
151
188
191
108
-65
-324
-654
-945
-1110
-1199
-1292
-1477
-1829
-2272
-2597
-2718
-2704
-2641
-2614
-2708
-2857
-2945
-2945
-2845
-2627
-2360
-2133
-1931
-1737
-1539
-1270
-935
-604
-309
-52
130
257
394
561
754
973
1176
1300
1359
1397
1449
1544
1672
1776
1825
1841
1828
1804
1812
1854
1912
1976
2002
1960
1865
1757
1644
1558
1507
1453
1370
1261
1123
972
864
797
745
694
634
557
470
390
293
209
185
187
132
-48
-372
-775
-1091
-1249
-1323
-1422
-1620
-1950
-2293
-2500
-2578
-2591
-2589
-2652
-2808
-2961
-3030
-2996
-2824
-2526
-2208
-1938
-1724
-1557
-1385
-1138
-805
-453
-135
104
248
352
467
605
780
965
1111
1214
1305
1374
1434
1521
1627
1724
1811
1867
1881
1876
1878
1900
1912
1875
1798
1732
1692
1683
1703
1670
1546
1400
1242
1068
944
872
807
753
711
624
489
372
288
239
196
112
16
-47
-111
-195
-337
-609
-925
-1103
-1157
-1228
-1347
-1579
-1970
-2340
-2529
-2595
-2599
-2561
-2561
-2639
-2724
-2759
-2723
-2568
-2308
-2010
-1722
-1493
-1316
-1113
-844
-542
-220
70
249
318
362
416
508
706
952
1158
1304
1406
1452
1494
1585
1681
1734
1752
1732
1691
1697
1750
1824
1893
1899
1834
1747
1652
1558
1504
1469
1383
1275
1175
1051
941
884
825
751
683
596
479
362
249
158
95
41
11
5
-44
-157
-323
-595
-921
-1138
-1256
-1390
-1531
-1727
-2058
-2372
-2523
-2591
-2623
-2608
-2626
-2699
-2718
-2637
-2497
-2282
-2010
-1754
-1539
-1364
-1220
-1064
-848
-575
-274
-14
152
260
352
478
665
877
1052
1172
1241
1290
1352
1431
1535
1647
1728
1785
1827
1819
1786
1791
1804
1780
1750
1722
1676
1631
1594
1549
1489
1405
1309
1205
1062
909
802
736
669
581
475
356
254
199
177
127
9
-97
-137
-183
-267
-373
-586
-894
-1111
-1204
-1335
-1525
-1756
-2070
-2361
-2459
-2406
-2351
-2332
-2371
-2470
-2555
-2560
-2484
-2327
-2109
-1871
-1635
-1448
-1289
-1077
-813
-533
-229
42
190
262
357
469
590
771
973
1111
1207
1328
1447
1520
1592
1676
1701
1685
1702
1731
1741
1769
1823
1846
1817
1777
1734
1660
1562
1493
1426
1327
1228
1139
1014
876
796
758
716
649
551
424
298
193
128
74
5
-39
-51
-106
-220
-403
-730
-1096
-1295
-1334
-1336
-1365
-1557
-1934
-2268
-2421
-2451
-2410
-2353
-2397
-2511
-2605
-2672
-2633
-2410
-2094
-1779
-1489
-1312
-1223
-1074
-830
-554
-252
37
202
277
369
485
639
853
1058
1178
1235
1268
1307
1378
1483
1599
1696
1752
1771
1781
1794
1808
1842
1875
1852
1764
1685
1634
1589
1572
1550
1445
1279
1135
1004
876
774
665
549
453
374
297
215
114
21
-44
-140
-243
-281
-285
-306
-337
-466
-755
-1045
-1201
-1269
-1323
-1431
-1670
-2003
-2282
-2410
-2412
-2367
-2339
-2359
-2401
-2449
-2452
-2355
-2162
-1915
-1651
-1422
-1267
-1120
-894
-596
-270
20
221
334
405
471
554
674
828
1004
1168
1290
1365
1412
1465
1547
1649
1727
1759
1747
1728
1715
1724
1760
1780
1761
1705
1638
1549
1455
1369
1293
1222
1143
1063
954
821
679
565
478
413
346
240
114
0
-59
-58
-46
-53
-78
-135
-235
-377
-595
-882
-1105
-1217
-1307
-1428
-1604
-1888
-2174
-2308
-2313
-2289
-2275
-2322
-2426
-2496
-2481
-2389
-2195
-1923
-1676
-1469
-1305
-1201
-1081
-843
-525
-211
57
224
297
368
489
652
835
992
1084
1147
1224
1315
1425
1542
1626
1673
1715
1749
1761
1768
1779
1797
1813
1801
1754
1696
1633
1567
1488
1384
1256
1124
1006
883
750
620
511
437
384
327
253
173
93
24
-50
-129
-202
-274
-317
-336
-368
-437
-579
-798
-1021
-1171
-1253
-1328
-1456
-1681
-1966
-2195
-2277
-2243
-2171
-2125
-2150
-2229
-2316
-2340
-2234
-1999
-1702
-1415
-1216
-1099
-993
-832
-594
-324
-57
171
324
415
493
601
755
937
1100
1225
1306
1381
1472
1547
1602
1646
1681
1722
1758
1768
1765
1757
1742
1693
1608
1533
1469
1415
1362
1289
1197
1089
982
871
757
659
600
544
457
327
182
71
17
-16
-61
-138
-226
-308
-383
-426
-432
-416
-450
-601
-847
-1086
-1236
-1277
-1297
-1406
-1650
-1951
-2179
-2272
-2244
-2164
-2094
-2092
-2144
-2213
-2230
-2122
-1886
-1596
-1328
-1121
-977
-857
-705
-494
-241
3
196
330
417
505
631
809
1004
1172
1302
1413
1512
1594
1651
1689
1723
1750
1749
1714
1666
1641
1654
1674
1662
1605
1521
1452
1400
1352
1289
1204
1100
981
853
737
652
581
487
363
220
92
-4
-57
-99
-133
-178
-227
-283
-348
-387
-399
-424
-523
-723
-970
-1169
-1271
-1309
-1363
-1506
-1745
-1993
-2153
-2198
-2171
-2126
-2116
-2133
-2160
-2175
-2141
-2026
-1841
-1623
-1402
-1209
-1049
-877
-654
-395
-126
124
318
466
590
697
806
936
1065
1175
1272
1365
1459
1538
1592
1626
1654
1678
1671
1625
1587
1586
1640
1709
1720
1637
1502
1378
1299
1260
1208
1112
981
834
693
604
565
542
498
422
319
202
102
26
-20
-47
-90
-153
-219
-264
-284
-289
-319
-453
-712
-996
-1195
-1289
-1339
-1415
-1577
-1829
-2059
-2173
-2187
-2163
-2147
-2161
-2216
-2280
-2293
-2194
-1972
-1690
-1420
-1199
-1043
-910
-737
-508
-250
2
205
333
404
462
557
716
915
1087
1196
1265
1321
1378
1459
1545
1614
1664
1703
1714
1687
1651
1634
1640
1631
1574
1474
1379
1324
1285
1234
1158
1053
941
829
709
594
515
464
404
317
212
116
40
-20
-78
-139
-195
-236
-262
-292
-338
-380
-408
-477
-641
-856
-1035
-1156
-1253
-1376
-1554
-1793
-2025
-2149
-2155
-2116
-2081
-2067
-2074
-2105
-2107
-2027
-1849
-1617
-1384
-1180
-1017
-878
-727
-531
-297
-63
147
327
457
545
628
744
904
1073
1222
1334
1408
1435
1452
1494
1554
1606
1650
1672
1644
1589
1563
1571
1558
1511
1454
1386
1296
1200
1125
1059
980
903
830
740
633
540
460
371
274
200
151
101
44
-11
-53
-103
-188
-270
-320
-350
-379
-425
-545
-774
-1024
-1177
-1240
-1288
-1386
-1565
-1801
-2016
-2135
-2138
-2085
-2054
-2074
-2107
-2133
-2136
-2058
-1863
-1622
-1404
-1201
-1025
-878
-700
-456
-188
66
289
465
582
661
729
829
978
1133
1254
1343
1399
1419
1445
1500
1548
1575
1590
1599
1578
1560
1558
1564
1564
1539
1466
1380
1317
1260
1177
1080
940
785
659
572
488
443
415
358
264
171
68
-30
-95
-129
-162
-202
-268
-339
-396
-425
-439
-438
-462
-595
-836
-1061
-1200
-1285
-1357
-1453
-1611
-1826
-1996
-2051
-2008
-1946
-1915
-1937
-1966
-1973
-1909
-1759
-1529
-1290
-1074
-881
-709
-561
-397
-200
16
212
372
484
560
626
719
848
994
1116
1191
1239
1287
1340
1401
1456
1477
1469
1466
1485
1494
1482
1461
1420
1364
1300
1241
1199
1155
1092
1003
898
785
693
626
541
437
361
321
271
191
106
34
-13
-31
-29
-39
-88
-166
-245
-300
-332
-344
-368
-465
-674
-919
-1091
-1180
-1245
-1344
-1504
-1712
-1893
-1978
-1974
-1926
-1880
-1864
-1868
-1873
-1852
-1768
-1611
-1418
-1224
-1036
-870
-715
-539
-349
-153
46
231
381
495
590
688
800
930
1055
1166
1258
1323
1363
1398
1428
1452
1479
1496
1490
1475
1457
1431
1410
1376
1315
1234
1151
1079
1022
967
898
804
700
606
534
490
460
425
367
288
191
103
38
-3
-20
-33
-76
-156
-249
-343
-403
-419
-431
-498
-644
-858
-1070
-1208
-1273
-1315
-1382
-1512
-1703
-1869
-1950
-1941
-1866
-1781
-1737
-1747
-1763
-1744
-1652
-1482
-1264
-1039
-844
-681
-547
-406
-245
-60
137
319
460
559
625
685
766
880
1004
1110
1198
1263
1309
1354
1397
1431
1442
1428
1402
1371
1354
1359
1371
1350
1290
1209
1121
1058
1024
1001
956
871
749
623
519
454
432
416
375
303
209
99
0
-62
-99
-125
-168
-231
-315
-397
-448
-457
-466
-527
-666
-877
-1084
-1216
-1261
-1278
-1337
-1474
-1657
-1806
-1863
-1820
-1732
-1667
-1646
-1665
-1689
-1662
-1558
-1390
-1184
-987
-827
-699
-577
-429
-250
-57
130
286
400
495
590
684
791
906
1005
1086
1143
1184
1216
1253
1302
1350
1377
1374
1349
1320
1308
1326
1350
1350
1297
1211
1126
1062
1025
1000
949
860
741
615
523
470
438
408
358
270
170
66
-28
-93
-139
-165
-198
-247
-317
-388
-434
-444
-437
-458
-554
-728
-944
-1120
-1208
-1238
-1270
-1360
-1521
-1693
-1788
-1790
-1715
-1628
-1586
-1595
-1616
-1606
-1533
-1391
-1204
-1009
-835
-696
-580
-457
-311
-133
44
207
337
428
505
590
692
809
931
1035
1119
1175
1215
1252
1292
1327
1358
1368
1354
1330
1311
1301
1300
1292
1256
1191
1102
1014
958
936
919
875
785
657
528
439
398
379
344
259
141
29
-59
-119
-155
-185
-224
-263
-319
-388
-449
-506
-542
-533
-531
-586
-717
-891
-1038
-1109
-1138
-1166
-1227
-1345
-1490
-1594
-1625
-1598
-1542
-1500
-1490
-1495
-1495
-1458
-1351
-1182
-991
-812
-665
-544
-416
-265
-96
79
235
364
467
550
615
683
770
881
997
1093
1149
1179
1205
1242
1307
1367
1398
1391
1347
1296
1262
1241
1224
1193
1136
1059
972
903
863
836
795
716
611
495
403
345
302
253
180
88
-7
-89
-157
-212
-255
-281
-299
-319
-365
-431
-488
-511
-496
-483
-529
-662
-851
-1009
-1090
-1107
-1119
-1193
-1337
-1493
-1587
-1599
-1553
-1491
-1457
-1460
-1470
-1446
-1376
-1252
-1084
-911
-761
-629
-509
-390
-254
-94
68
211
345
453
534
615
709
820
939
1047
1124
1170
1203
1229
1256
1296
1324
1324
1313
1289
1244
1203
1201
1193
1163
1127
1067
974
889
842
795
737
683
605
483
371
294
232
175
128
61
-33
-121
-188
-241
-259
-257
-272
-295
-340
-431
-505
-503
-483
-486
-511
-626
-842
-1025
-1083
-1099
-1127
-1153
-1253
-1432
-1558
-1557
-1503
-1438
-1371
-1343
-1366
-1377
-1332
-1234
-1097
-936
-775
-632
-516
-400
-253
-89
73
227
363
456
524
605
693
787
888
986
1058
1105
1150
1185
1210
1233
1250
1242
1226
1216
1200
1178
1162
1156
1137
1101
1070
1018
939
861
805
747
680
621
552
458
375
323
272
214
148
62
-51
-165
-240
-290
-325
-346
-371
-416
-482
-532
-553
-561
-566
-583
-661
-807
-968
-1074
-1116
-1129
-1134
-1186
-1300
-1428
-1490
-1474
-1426
-1370
-1329
-1320
-1326
-1295
-1208
-1080
-929
-764
-603
-477
-373
-253
-116
20
162
313
434
510
588
674
749
828
928
1022
1088
1149
1201
1225
1239
1261
1276
1272
1257
1233
1184
1133
1110
1109
1090
1061
1016
933
833
771
734
677
612
533
421
303
234
193
154
107
39
-61
-168
-256
-307
-311
-314
-338
-368
-420
-515
-565
-540
-540
-579
-631
-750
-948
-1061
-1082
-1108
-1136
-1167
-1270
-1413
-1482
-1476
-1435
-1373
-1314
-1303
-1313
-1289
-1219
-1088
-909
-727
-572
-442
-327
-225
-103
49
199
334
457
549
616
682
767
860
957
1048
1110
1140
1152
1163
1183
1207
1231
1241
1223
1179
1133
1102
1079
1061
1048
1009
940
868
798
732
671
623
570
495
417
336
247
169
112
57
-4
-62
-121
-188
-249
-294
-337
-376
-400
-437
-480
-515
-529
-537
-556
-595
-687
-816
-926
-993
-1027
-1050
-1080
-1160
-1275
-1364
-1400
-1379
-1312
-1237
-1198
-1196
-1202
-1188
-1113
-970
-799
-621
-473
-363
-269
-151
-9
142
296
428
511
568
622
685
760
851
941
1013
1058
1087
1105
1115
1126
1128
1120
1097
1078
1058
1036
1021
1013
1005
985
956
906
835
752
679
620
563
507
438
353
266
193
150
117
77
16
-71
-176
-272
-326
-346
-345
-349
-363
-403
-459
-488
-493
-492
-503
-546
-638
-769
-886
-958
-998
-1017
-1041
-1101
-1193
-1276
-1312
-1300
-1256
-1195
-1152
-1138
-1123
-1077
-985
-857
-710
-567
-451
-355
-250
-134
-5
128
267
388
477
552
621
677
738
810
883
943
996
1040
1065
1082
1102
1119
1121
1110
1089
1053
1010
977
950
919
874
829
776
720
681
647
597
524
445
364
290
237
205
173
122
51
-31
-112
-179
-220
-240
-255
-280
-322
-378
-435
-481
-499
-497
-499
-517
-574
-668
-783
-873
-917
-929
-940
-972
-1045
-1143
-1218
-1245
-1219
-1161
-1098
-1065
-1051
-1039
-1001
-907
-768
-607
-461
-352
-274
-204
-116
1
141
287
404
477
525
566
621
708
808
893
946
968
968
971
992
1020
1051
1069
1055
1021
978
941
920
900
879
843
790
729
668
610
558
516
474
416
348
268
191
121
65
22
-19
-69
-128
-194
-267
-324
-353
-358
-360
-381
-420
-466
-508
-522
-508
-497
-510
-557
-644
-742
-814
-842
-850
-867
-908
-982
-1063
-1107
-1101
-1053
-994
-948
-926
-908
-883
-822
-714
-579
-450
-332
-232
-148
-62
41
150
254
348
426
486
535
584
636
694
749
796
843
876
897
913
927
934
937
926
904
873
847
830
824
823
803
760
703
645
595
571
560
533
475
395
301
215
165
154
144
99
23
-75
-179
-254
-278
-267
-256
-274
-321
-387
-454
-482
-459
-436
-444
-485
-580
-714
-812
-849
-860
-873
-903
-977
-1088
-1162
-1174
-1140
-1085
-1028
-996
-996
-988
-940
-842
-712
-573
-444
-347
-273
-197
-90
35
167
290
391
448
484
530
591
667
750
827
871
888
893
901
917
942
969
979
971
940
900
868
854
855
861
844
803
744
675
613
572
553
526
472
400
309
218
152
111
83
44
-22
-112
-210
-291
-335
-349
-349
-366
-402
-455
-513
-546
-543
-522
-514
-528
-579
-662
-747
-798
-815
-823
-836
-873
-939
-1010
-1056
-1060
-1038
-992
-947
-919
-901
-874
-818
-725
-606
-481
-365
-266
-177
-91
14
126
243
352
444
508
561
612
663
725
786
829
852
866
878
897
922
946
958
950
926
896
875
860
853
839
806
753
692
632
583
546
516
477
419
346
265
188
125
83
48
3
-60
-137
-218
-284
-319
-333
-339
-352
-383
-430
-475
-502
-505
-488
-475
-487
-534
-604
-680
-733
-751
-755
-767
-811
-884
-958
-1005
-1012
-977
-931
-896
-877
-870
-848
-793
-699
-577
-459
-355
-272
-198
-119
-14
106
226
328
404
458
505
554
613
676
729
764
782
791
798
819
843
865
877
872
853
831
817
809
804
796
776
739
694
644
596
553
516
476
429
362
281
196
129
82
50
21
-18
-79
-150
-216
-263
-284
-283
-281
-289
-315
-360
-404
-433
-441
-435
-435
-459
-518
-608
-699
-762
-789
-791
-797
-828
-885
-948
-987
-985
-947
-889
-840
-814
-806
-785
-739
-656
-535
-417
-317
-241
-176
-109
-18
91
203
299
374
428
474
521
577
639
696
742
772
795
814
832
847
862
870
871
868
862
851
833
813
781
748
711
675
633
584
532
476
421
367
310
248
182
117
63
17
-21
-59
-110
-165
-224
-269
-292
-295
-291
-305
-341
-393
-445
-477
-481
-469
-459
-479
-530
-606
-677
-720
-725
-710
-703
-729
-787
-852
-892
-893
-859
-801
-753
-730
-729
-721
-688
-614
-509
-396
-302
-227
-170
-112
-34
65
171
273
353
408
450
493
544
603
661
708
738
756
766
777
790
806
817
820
810
790
767
748
735
722
706
680
644
597
551
506
466
429
378
318
251
179
118
71
35
2
-38
-86
-144
-198
-241
-261
-264
-263
-275
-303
-349
-391
-418
-417
-407
-405
-430
-488
-567
-640
-681
-690
-683
-689
-723
-782
-842
-874
-866
-828
-778
-740
-728
-733
-723
-687
-611
-504
-402
-317
-255
-203
-141
-54
52
164
255
311
349
384
433
503
583
643
673
682
686
704
740
779
804
805
781
756
745
750
756
755
733
689
641
604
580
560
528
480
423
371
323
281
241
192
128
61
10
-39
-77
-116
-171
-227
-273
-311
-329
-328
-335
-360
-392
-433
-463
-464
-452
-448
-455
-492
-551
-601
-629
-628
-612
-612
-644
-688
-733
-763
-752
-715
-682
-650
-631
-627
-605
-557
-494
-410
-325
-258
-197
-127
-64
6
88
160
226
291
345
386
434
472
508
548
584
610
634
658
669
679
685
676
667
661
653
645
636
618
594
571
547
527
512
489
456
422
383
345
317
282
235
180
119
60
22
-4
-33
-65
-112
-169
-212
-235
-234
-218
-203
-217
-258
-306
-346
-357
-340
-327
-347
-404
-494
-576
-629
-640
-638
-648
-689
-757
-811
-836
-815
-770
-726
-697
-686
-673
-633
-561
-473
-382
-303
-240
-186
-122
-46
37
119
187
245
291
334
386
437
484
522
550
573
594
619
648
670
686
690
685
683
681
681
678
661
636
607
574
548
523
495
459
417
372
325
279
238
198
158
116
72
22
-21
-62
-99
-129
-157
-186
-214
-237
-257
-267
-280
-294
-316
-336
-356
-368
-384
-406
-436
-478
-519
-555
-581
-600
-618
-642
-664
-686
-698
-690
-670
-638
-599
-564
-530
-494
-449
-391
-324
-251
-183
-125
-75
-32
16
75
137
194
245
281
302
328
361
404
447
484
504
518
524
534
556
580
603
616
616
605
592
584
578
577
571
548
511
464
422
387
360
335
300
255
202
151
109
84
67
46
20
-24
-68
-103
-124
-130
-134
-146
-173
-209
-246
-272
-283
-288
-299
-323
-364
-415
-463
-499
-526
-542
-565
-602
-649
-692
-718
-723
-702
-677
-655
-635
-617
-590
-542
-479
-403
-327
-258
-206
-155
-107
-48
26
95
159
206
241
269
305
347
392
435
467
486
498
509
530
549
562
572
573
568
563
558
550
543
532
520
503
481
462
439
409
379
348
319
287
249
210
172
133
89
55
22
-12
-41
-77
-108
-133
-157
-174
-191
-206
-226
-249
-271
-291
-309
-322
-341
-361
-387
-413
-441
-467
-487
-502
-517
-533
-551
-569
-580
-580
-573
-563
-544
-525
-502
-472
-433
-388
-336
-279
-226
-174
-115
-62
-6
49
100
153
197
236
274
310
339
367
387
407
425
438
453
461
471
482
489
497
500
500
499
497
494
492
491
482
465
440
414
386
366
339
313
278
235
196
154
120
94
74
50
18
-18
-49
-71
-82
-88
-102
-124
-155
-192
-224
-248
-267
-294
-335
-390
-449
-497
-528
-552
-574
-603
-640
-675
-693
-692
-674
-649
-626
-610
-589
-561
-517
-455
-391
-335
-283
-228
-174
-114
-51
8
67
114
164
214
260
305
338
373
404
441
477
508
533
549
557
564
575
589
599
597
584
563
543
527
514
501
478
445
400
354
314
280
249
219
175
127
78
32
-6
-37
-66
-98
-129
-158
-185
-208
-226
-240
-248
-261
-273
-282
-294
-303
-315
-325
-338
-351
-367
-387
-402
-416
-431
-444
-452
-463
-463
-463
-466
-455
-441
-420
-397
-368
-341
-311
-280
-243
-200
-159
-117
-80
-43
-9
26
66
103
137
170
199
225
255
281
305
330
352
374
393
410
425
442
460
470
482
492
495
500
503
503
504
499
489
479
465
449
438
421
404
379
355
326
291
251
209
162
110
51
-8
-79
-153
-233
-308
-382
-454
-521
-588
-655
-715
-760
-803
-831
-851
-860
-866
-860
-849
-823
-791
-746
-697
-645
-588
-525
-464
-391
-320
-244
-170
-94
-28
43
108
175
240
301
359
407
455
495
532
563
597
623
647
663
677
682
687
688
690
683
674
655
633
608
583
554
522
483
438
390
341
288
233
184
123
66
6
-54
-113
-166
-221
-272
-324
-374
-422
-464
-505
-538
-568
-596
-617
-636
-647
-654
-654
-647
-634
-615
-591
-565
-532
-495
-451
-407
-357
-305
-252
-198
-143
-95
-43
8
56
102
143
180
211
243
271
293
316
333
346
360
369
375
382
384
380
381
378
371
363
351
337
322
303
285
263
241
218
195
172
148
130
107
85
66
47
28
17
2
-13
-25
-39
-49
-60
-72
-81
-94
-105
-113
-129
-145
-156
-167
-178
-189
-195
-205
-214
-220
-226
-232
-235
-237
-235
-235
-236
-233
-230
-225
-220
-213
-205
-194
-184
-172
-155
-138
-121
-102
-82
-61
-40
-16
3
27
48
69
86
104
123
139
156
169
182
197
207
216
225
234
240
247
250
251
254
254
257
256
257
258
257
257
255
252
247
239
233
223
211
200
183
166
144
117
93
65
36
6
-29
-62
-96
-133
-168
-205
-240
-275
-309
-340
-373
-401
-430
-456
-476
-493
-503
-515
-516
-514
-509
-499
-482
-463
-441
-406
-375
-337
-299
-254
-208
-160
-115
-66
-16
29
74
120
164
204
242
279
315
353
385
413
443
470
497
520
543
562
578
590
600
605
606
604
599
588
574
552
524
494
458
418
371
322
268
212
155
99
36
-27
-90
-153
-216
-276
-336
-393
-446
-498
-549
-588
-628
-664
-690
-710
-729
-738
-745
-746
-739
-729
-712
-690
-664
-631
-591
-550
-507
-459
-405
-349
-293
-231
-172
-109
-44
20
85
147
208
268
324
382
435
482
528
571
611
647
675
701
723
741
751
757
757
751
741
723
701
674
642
605
564
520
472
423
367
310
249
188
123
58
-8
-75
-141
-209
-276
-344
-409
-473
-534
-591
-643
-692
-728
-765
-794
-812
-827
-831
-827
-813
-794
-764
-728
-687
-640
-591
-538
-480
-425
-366
-305
-245
-186
-125
-68
-10
43
97
151
202
252
300
349
399
440
480
519
553
588
615
642
664
682
697
707
710
715
715
704
694
678
656
629
598
562
520
479
428
374
315
252
187
120
52
-17
-87
-160
-228
-296
-363
-425
-483
-539
-592
-640
-682
-720
-752
-778
-796
-810
-820
-821
-819
-803
-784
-760
-730
-690
-644
-596
-540
-480
-413
-344
-272
-204
-131
-58
13
83
151
214
271
329
380
426
469
506
542
571
596
619
635
647
654
661
666
665
661
656
644
629
614
596
572
545
517
487
452
411
375
333
284
233
182
123
68
9
-49
-109
-172
-229
-289
-345
-401
-455
-504
-549
-591
-632
-662
-690
-710
-724
-733
-737
-735
-727
-710
-691
-661
-628
-593
-553
-506
-458
-408
-347
-289
-230
-171
-113
-53
2
60
115
169
221
269
314
354
394
430
459
485
509
525
541
555
563
570
574
578
578
575
569
561
552
537
521
501
478
451
420
385
345
306
262
218
168
118
67
15
-31
-83
-138
-188
-239
-286
-333
-379
-419
-457
-490
-525
-554
-576
-592
-607
-618
-622
-619
-611
-602
-587
-569
-547
-521
-489
-455
-420
-378
-335
-290
-241
-194
-144
-95
-40
14
62
113
160
206
247
287
325
357
388
415
438
458
475
490
500
505
510
514
514
507
499
491
477
463
445
426
406
383
356
329
298
265
233
197
160
120
82
43
-1
-44
-90
-132
-173
-215
-257
-298
-334
-367
-401
-435
-462
-487
-505
-521
-537
-544
-546
-545
-539
-529
-509
-488
-464
-436
-407
-373
-337
-300
-262
-223
-183
-143
-98
-58
-17
23
67
105
143
178
213
247
276
302
325
348
366
384
400
416
429
436
443
448
455
456
458
454
445
438
428
414
396
376
355
332
304
268
235
200
163
120
77
35
-10
-53
-97
-143
-189
-229
-270
-308
-348
-382
-411
-440
-462
-478
-495
-505
-510
-514
-510
-502
-491
-474
-451
-428
-400
-369
-337
-304
-269
-234
-195
-157
-121
-83
-48
-10
25
56
87
116
147
170
196
218
240
260
278
293
308
323
335
346
356
367
378
386
390
391
392
390
386
379
367
353
337
317
293
267
240
208
177
144
108
74
34
-3
-43
-80
-116
-151
-187
-219
-244
-271
-293
-315
-334
-346
-358
-368
-371
-374
-374
-373
-368
-361
-352
-342
-329
-312
-295
-279
-259
-237
-215
-191
-164
-137
-110
-84
-58
-28
-2
27
56
84
110
134
159
181
201
219
235
249
261
272
278
284
287
289
290
287
284
282
277
270
264
259
248
242
234
221
214
203
191
175
160
143
120
100
77
52
26
2
-32
-62
-91
-119
-146
-173
-198
-221
-242
-262
-279
-296
-306
-316
-322
-323
-325
-328
-322
-316
-310
-299
-285
-273
-260
-245
-228
-209
-187
-163
-143
-123
-98
-75
-50
-23
2
26
53
79
104
125
152
173
193
215
235
249
264
275
285
292
302
305
309
310
306
304
298
291
278
268
252
237
223
206
187
167
148
121
95
75
48
22
0
-25
-52
-76
-100
-129
-151
-172
-196
-216
-234
-251
-269
-276
-291
-302
-304
-309
-311
-310
-305
-298
-289
-277
-260
-245
-228
-206
-186
-166
-146
-120
-97
-76
-54
-30
-10
15
37
60
84
103
127
145
162
177
191
205
215
225
234
239
240
243
243
243
241
239
235
230
221
213
205
195
182
168
154
140
125
108
89
75
57
39
19
0
-17
-35
-53
-71
-89
-105
-121
-137
-151
-164
-179
-191
-201
-215
-223
-228
-236
-238
-240
-240
-235
-231
-224
-215
-203
-190
-174
-156
-143
-125
-105
-89
-71
-52
-31
-13
7
22
39
59
77
96
110
123
134
145
157
166
173
180
183
184
186
186
188
184
181
177
171
165
161
154
145
138
131
121
112
98
84
74
59
45
31
14
2
-14
-33
-47
-62
-73
-85
-97
-109
-117
-120
-128
-134
-140
-142
-138
-140
-145
-142
-141
-139
-134
-129
-122
-121
-112
-102
-97
-89
-81
-73
-61
-49
-38
-27
-20
-12
-2
10
15
24
35
41
48
55
61
66
69
74
74
77
77
76
77
75
74
75
73
72
71
67
67
66
65
58
57
57
53
49
47
42
40
33
25
21
17
11
5
-3
-7
-12
-18
-26
-30
-35
-36
-39
-42
-46
-49
-50
-51
-49
-49
-48
-44
-42
-39
-35
-35
-32
-29
-26
-25
-22
-18
-16
-12
-10
-11
-10
-8
-5
-3
-3
-1
-1
0
0
0
1
2
4
6
7
8
8
9
9
11
10
10
11
13
13
14
18
15
15
15
14
14
13
11
12
10
11
9
8
11
8
9
11
11
8
7
9
8
6
5
1
-1
-2
-2
-5
-7
-7
-9
-7
-9
-11
-10
-8
-9
-7
-6
-3
-1
0
3
3
1
0
-1
-2
-2
-3
-1
1
0
1
-1
-1
2
3
7
10
11
11
13
13
11
9
11
7
11
10
4
5
5
2
4
3
-1
-2
-3
-4
-5
-7
-12
-11
-10
-10
-13
-15
-14
-15
-16
-15
-14
-14
-13
-10
-9
-9
-6
-7
-7
-7
-5
-5
-4
-1
0
1
3
1
2
5
8
7
8
9
11
12
10
11
9
9
8
6
9
9
8
10
8
6
7
8
7
6
5
5
3
2
5
5
2
2
0
2
3
2
1
2
1
2
2
0
0
3
