-1
-3
-2
1
-2
-4
-3
1
4
2
2
4
2
0
1
1
5
4
0
-4
-1
1
-2
-2
-2
-1
-1
3
4
3
1
1
0
2
4
4
1
1
0
-3
-1
1
3
0
1
1
-1
-3
-3
-3
-2
-4
-3
-4
-6
-1
-1
-2
-3
-3
-2
-2
-4
-3
-1
-1
-2
-3
2
5
5
0
0
2
3
2
2
2
5
4
7
8
5
1
-2
0
-3
-1
2
1
0
1
2
0
-4
-3
0
1
1
3
2
0
3
3
0
1
1
0
0
0
1
2
0
-3
-4
0
0
-4
-5
-7
-2
1
-4
-5
-1
-1
-2
-4
-5
-3
1
4
1
1
1
-4
0
2
1
1
0
-2
1
2
1
3
0
-2
2
0
-3
1
3
2
0
0
0
1
1
1
4
6
6
1
2
1
1
1
2
3
7
13
5
0
-1
-2
-1
1
-6
-10
-2
-5
-4
-3
-9
-17
-9
-6
-5
3
-2
-8
6
10
-3
-21
-38
-38
-19
-17
-24
-17
-9
-6
-1
5
-1
11
25
20
27
41
35
26
22
18
15
32
30
15
13
2
3
21
12
-16
4
18
5
2
-3
-16
-1
2
-34
-29
-21
-27
-21
-11
-18
-6
31
32
29
37
-15
-36
-124
-347
-461
-395
-285
-145
-1
92
208
300
279
182
168
176
174
238
215
155
172
152
116
116
71
12
22
-1
-82
-119
-84
-93
-91
-36
-55
-48
-50
-136
-152
-116
-123
-114
-42
-14
-19
23
31
-48
-70
-37
-54
13
-2
-3
12
36
-13
10
19
12
22
44
-16
-40
16
-4
-27
-11
-6
-7
18
-6
15
30
52
35
82
56
28
37
64
22
58
86
66
5
-49
-107
-88
-62
-58
-6
58
19
-7
44
30
22
79
68
-33
-45
-52
-66
-40
7
-2
40
16
-41
-32
-11
-52
-7
31
33
14
44
7
-3
-6
-21
-93
-35
-24
-1
39
30
-26
-33
-37
-80
-87
-65
-2
18
52
11
31
17
-16
-58
-46
-5
45
23
38
-32
-2
-13
14
91
49
56
89
68
27
65
91
-23
-51
15
-16
-106
-23
-20
70
109
82
89
-10
7
-10
-23
-77
-43
-14
87
-39
22
-221
-1823
-2276
-1499
-682
-77
836
1421
1750
1927
1871
1439
724
226
-29
161
150
91
403
599
325
-48
-168
-563
-723
-571
-570
-740
-789
-472
-433
-269
-226
-152
-374
-550
-444
-395
-381
-174
-144
-213
100
192
110
92
16
-37
-43
-78
-130
12
172
288
283
421
317
101
17
-232
-291
-318
-71
176
408
529
312
133
27
88
-66
82
101
296
418
253
257
58
15
30
133
36
92
105
152
59
0
27
-9
58
65
90
-77
-166
-178
-177
36
-53
-154
-162
-257
-227
-78
-175
-390
-59
-40
-137
-221
-240
-309
-63
238
108
-64
-69
-95
-25
28
57
130
167
99
-23
-5
7
-136
-68
95
135
78
-83
-166
-200
-70
231
305
277
348
22
-82
-40
-108
6
107
151
197
85
41
-49
78
319
287
155
50
38
142
-136
-283
-162
-114
125
170
116
23
-146
-293
-391
-480
-193
4
63
-106
-163
74
58
-154
-179
-187
-100
-71
-182
-185
-162
-122
4
-95
-199
-62
24
4
197
317
86
-214
-89
30
-27
23
24
31
101
41
-22
159
156
174
220
124
0
242
487
456
437
426
334
146
100
95
180
289
273
276
297
383
174
107
-37
-73
-96
-147
-324
-429
-170
-10
52
-62
-35
-223
-456
-545
-533
-310
-319
-379
-577
-515
-413
-296
-238
-280
-292
-423
-348
-416
-226
-228
-224
-225
-175
-167
-160
-92
-30
87
91
159
68
83
113
190
355
429
280
324
358
259
235
435
607
593
524
465
416
533
648
705
559
601
663
576
384
192
177
271
426
402
453
368
236
23
-122
-173
-194
-220
-105
-109
-222
-333
-479
-582
-601
-658
-709
-767
-701
-784
-901
-971
-1051
-1230
-1284
-1132
-1045
-1000
-903
-689
-637
-609
-450
-374
-309
-153
45
281
362
304
356
410
486
477
523
660
749
813
920
917
894
885
845
917
870
869
865
797
807
930
1054
981
810
847
906
762
660
547
429
279
176
149
-23
-71
111
263
226
-9
-214
-279
-378
-476
-495
-610
-698
-916
-1252
-1548
-1750
-1919
-1986
-2054
-2011
-1893
-1693
-1562
-1473
-1346
-1202
-1044
-805
-607
-533
-367
-201
-58
136
432
570
631
860
1017
995
997
1040
1074
1058
1102
1074
1066
1087
1165
1103
1021
876
765
703
571
491
456
493
482
608
671
716
780
709
520
545
649
503
450
605
646
545
519
680
840
804
272
-262
-363
-156
-81
-118
-162
-266
-263
-358
-684
-1194
-1574
-1952
-2276
-2464
-2557
-2616
-2521
-2321
-2057
-1724
-1585
-1491
-1345
-1277
-1280
-1119
-900
-738
-572
-266
41
415
756
909
1013
1140
1205
1283
1303
1258
1256
1281
1349
1348
1244
1128
1115
1132
1097
1042
1024
909
874
824
825
795
684
511
504
321
215
430
544
430
528
767
624
459
590
532
263
376
539
516
538
522
414
388
273
58
-138
-171
-201
-69
9
-77
-322
-609
-1222
-1917
-2483
-3082
-3613
-3845
-3829
-3657
-3187
-2667
-2228
-1868
-1511
-1339
-1247
-1102
-980
-916
-627
-159
381
937
1449
1770
1952
2014
1941
1762
1557
1321
1169
1159
1182
1220
1221
1247
1314
1325
1234
1125
1009
896
880
976
1053
1065
985
683
437
485
414
200
300
390
333
573
930
836
699
867
1008
1048
1237
1185
743
501
438
328
273
128
-147
-64
158
221
261
21
-930
-2118
-2925
-3638
-4574
-5276
-5455
-5448
-5159
-4358
-3373
-2733
-2326
-1819
-1293
-1081
-1062
-885
-554
-254
209
1043
1840
2330
2738
3100
3057
2727
2347
1896
1349
1005
955
1031
1071
1127
1235
1294
1242
1149
1075
861
688
788
1024
1179
1319
1255
946
789
889
792
558
567
707
767
953
1174
1137
1019
1034
1118
1270
1422
1221
852
727
676
474
324
224
129
273
475
566
469
-443
-2379
-4017
-4998
-6324
-7594
-7830
-7713
-7572
-6342
-4566
-3452
-2664
-1658
-1013
-589
-51
212
311
780
1487
2304
3267
3763
3773
3843
3674
2888
2176
1514
496
-215
-156
-61
38
519
954
1134
1421
1597
1468
1403
1365
1304
1618
2123
2233
2240
2223
1841
1401
1237
797
200
16
61
134
546
948
1022
1138
1419
1660
1890
1756
1240
957
962
701
529
623
611
609
1102
1504
721
-1395
-3858
-5857
-7830
-9722
-10757
-10929
-10857
-9533
-6752
-4042
-2279
-701
515
1134
1485
1707
1580
1465
1658
2390
3513
4281
4342
4199
3718
2636
1477
460
-900
-1944
-2026
-1555
-900
171
1055
1609
2222
2745
2723
2632
2520
2230
2309
2864
3161
3175
3096
2514
1693
1103
365
-553
-1009
-1094
-862
-25
840
1362
1932
2513
2765
3096
3009
2291
1642
1404
924
782
1082
1172
1131
1667
1936
385
-2963
-6486
-8996
-11413
-13608
-14245
-13234
-11889
-9346
-5322
-1581
483
1822
2906
3451
3286
2785
2263
1970
2001
2630
3511
3785
3208
2499
1585
203
-1308
-2360
-3133
-3300
-2516
-1022
516
1976
3130
3890
4333
4424
4005
3406
2926
2618
2592
2792
2797
2512
2180
1481
290
-839
-1589
-2133
-2052
-1234
-111
1048
2363
3442
4047
4175
4130
3983
3540
2758
2221
1868
1338
1079
1369
1388
1083
1172
447
-2795
-7230
-10152
-12060
-14212
-15401
-14292
-12149
-9410
-5430
-1078
1742
3205
4224
4778
4532
3711
2594
1641
1268
1409
1720
1969
1638
705
-224
-1041
-2216
-3267
-3645
-3317
-2209
-241
1823
3521
4792
5516
5617
5319
4500
3276
2282
1737
1436
1405
1531
1405
1060
351
-758
-1512
-1513
-1532
-1293
-47
1491
2526
3623
4637
4903
4749
4587
4131
3346
2516
1803
1466
1244
1065
1157
1396
1309
1255
101
-3685
-8464
-11327
-13241
-15372
-15813
-13789
-11103
-7739
-3035
1266
3667
4797
5269
5059
4312
2990
1472
530
234
283
652
815
235
-638
-1341
-2006
-2674
-3096
-2986
-1999
-263
1764
3755
5262
5875
5903
5604
4637
3166
1761
717
166
209
463
643
712
598
217
-535
-1356
-1426
-625
275
1364
2971
4336
4966
5295
5237
4489
3522
2771
2206
1682
1266
1209
1441
1494
1323
1382
1558
1129
-1319
-5877
-10079
-12221
-14089
-15895
-15197
-12254
-9310
-5462
-326
3266
4360
5025
5457
4624
3075
1598
263
-571
-659
-253
160
-188
-1106
-1506
-1558
-2195
-2727
-2323
-1373
66
2250
4360
5707
6351
6264
5618
4675
3086
1146
-44
-451
-658
-337
393
703
698
899
521
-659
-1173
-393
532
1398
2847
4261
4886
5094
4948
4112
3026
2197
1804
1653
1353
1090
1413
1622
1310
1289
1518
1373
868
-1480
-6431
-10692
-12316
-13983
-15821
-14723
-11468
-8511
-4690
465
4119
5071
5110
5237
4682
2839
624
-721
-1349
-1733
-1327
-511
-720
-1557
-1616
-1380
-1655
-1761
-1119
17
1639
3663
5466
6372
6231
5579
4816
3495
1527
-177
-1184
-1553
-1132
-213
461
884
1299
1551
1243
363
-179
382
1201
1844
2972
4018
4016
3919
4021
3403
2434
2020
1765
1598
1574
1451
1338
1392
1240
1156
1436
1881
1949
-160
-5122
-9983
-12404
-14286
-16166
-15790
-12934
-9355
-4831
458
4530
6189
6379
5917
4901
2935
343
-1783
-2630
-2566
-1941
-1157
-793
-1063
-1180
-996
-1031
-1343
-1100
21
1909
4049
5788
6602
6606
5861
4521
2772
785
-1130
-2184
-2120
-1386
-455
608
1570
2101
2095
1798
1259
687
559
1156
2081
2878
3314
3543
3696
3454
2698
1990
1654
1545
1685
1792
1788
1866
1885
1624
1632
1857
2180
2174
-351
-5994
-10714
-12627
-14849
-17191
-16126
-12518
-8945
-4241
1554
5503
6764
6854
6280
4962
2669
-310
-2568
-3336
-3364
-2836
-1987
-1814
-1954
-1391
-805
-781
-636
-21
1194
3228
5253
6376
6722
6403
5274
3744
1923
-240
-2077
-2716
-2261
-1261
-147
916
1872
2596
2888
2808
2182
935
241
972
1939
2216
2587
3127
3182
3052
2861
2223
1606
1639
1910
2014
1850
1569
1351
1344
1332
1485
1799
2423
1949
-1837
-7930
-11820
-13449
-15839
-17506
-15161
-10881
-6879
-1756
4180
7530
7642
6706
5786
3876
641
-2497
-4030
-4330
-3989
-2977
-1803
-1500
-1457
-868
-205
-137
54
939
2570
4527
6147
6800
6661
5784
4163
2158
201
-1666
-3045
-3278
-2178
-469
899
1770
2596
3265
3319
2773
1800
832
718
1489
2132
2405
2667
2778
2550
2283
1905
1331
998
1371
2193
2735
2552
2134
1773
1314
1020
1135
1363
2153
2097
-1943
-8431
-12158
-13783
-16535
-18114
-15497
-10802
-5793
11
5681
8840
8868
7262
5716
3496
-404
-4082
-5393
-5246
-4630
-3225
-1733
-1266
-1122
-331
579
710
600
1476
3453
5390
6518
6717
6047
4694
2967
1017
-946
-2613
-3409
-2840
-1257
393
1739
2800
3366
3394
3167
2734
1769
555
340
1450
2259
2070
2080
2431
2274
1919
1778
1422
1227
1805
2708
2973
2499
1955
1680
1387
1259
1640
2256
2595
817
-4434
-10305
-13311
-15327
-17818
-17591
-13497
-8387
-3044
2993
7793
9473
8512
6503
4233
1166
-2770
-5522
-6004
-5445
-4424
-2670
-1234
-892
-601
189
832
1007
1369
2599
4582
6160
6635
6307
5276
3355
1207
-540
-2103
-3261
-3151
-1812
-60
1551
2736
3386
3547
3278
2798
2244
1368
567
761
1666
2089
2066
2228
2348
1977
1445
1193
1196
1410
2055
2901
3061
2470
1938
1623
1243
1185
1789
2884
3163
-141
-6746
-12038
-14233
-16510
-18499
-16720
-11552
-5817
409
6505
9905
9615
7529
5069
2014
-1976
-5644
-7196
-6617
-5034
-3073
-1211
-326
-182
237
881
1003
776
1317
3113
5319
6475
6356
5510
4202
2302
307
-1397
-2652
-3203
-2474
-666
1207
2350
2966
3444
3534
3072
2321
1639
1222
1404
1960
2454
2511
2033
1353
982
672
350
610
1441
2464
3611
4195
3481
2498
1880
1220
665
869
1603
2977
2904
-1788
-9091
-13273
-14843
-17325
-18678
-15340
-9096
-2726
3419
8508
10472
9060
6120
3056
-557
-4773
-7732
-7945
-6274
-4063
-1933
-459
88
426
966
1318
1140
1077
2076
4265
6182
6466
5366
4113
2835
1158
-768
-2125
-2631
-2289
-1030
906
2309
2594
2651
3076
3110
2457
2052
2230
2469
2760
3092
2276
506
-373
9
180
255
821
1816
2996
4040
4147
3628
2644
1438
753
608
59
-26
1190
3237
4378
1572
-5773
-12383
-14954
-16675
-18531
-16858
-11064
-3991
2806
8209
10597
9439
5901
1990
-1195
-4431
-7532
-8287
-6157
-3162
-898
394
731
515
251
238
412
605
1226
3214
5869
7076
6063
4179
2574
1193
-358
-1738
-2343
-1855
-444
1316
2402
2473
2175
2216
2405
2376
2172
2334
3012
3542
3163
1991
662
-391
-836
-568
91
800
1641
2667
3619
4091
3835
2993
1969
1204
725
488
510
1237
2836
4170
1879
-4866
-11943
-15309
-16729
-17855
-16568
-11033
-3780
2723
7503
9995
8959
5341
1394
-1566
-4413
-6742
-7229
-5450
-2935
-914
-52
31
-283
-579
-533
252
1255
2282
3871
5989
7019
5991
3786
1994
767
-410
-1302
-1348
-885
-115
1065
1935
1699
1155
1306
1856
2276
2817
3404
3630
3592
3374
2309
652
-345
-571
-673
-307
661
1615
2551
3481
3883
3834
3437
2389
1385
934
703
658
1448
2867
4173
2006
-5220
-12898
-15756
-16586
-17838
-16375
-10048
-2545
3475
7531
9420
7952
4057
30
-2561
-4717
-6296
-6098
-4033
-1853
-542
-341
-763
-1423
-1786
-1378
138
2012
3540
4839
6322
7075
5857
3102
957
150
-254
-637
-524
-194
213
930
1440
1007
356
577
1655
2761
3557
4315
4917
4583
3400
2052
132
-2231
-3060
-1888
-560
530
2130
3675
4318
4137
3400
2653
1903
872
255
507
641
758
1805
3397
4308
2312
-4446
-12526
-16232
-16397
-16596
-15128
-9369
-1903
3845
7136
8028
6190
2482
-1071
-3009
-3887
-4490
-4169
-2507
-928
-615
-1243
-2031
-2553
-2419
-1304
820
3226
4850
5506
5812
5731
4378
2012
386
288
564
784
1320
1361
391
-161
88
-112
-598
-13
1673
3511
4754
5192
4995
4174
2803
1123
-982
-2632
-2260
-537
601
1454
2502
3013
2851
2464
1820
1596
1906
1968
1935
2192
2110
1756
1924
2770
3382
599
-7025
-14324
-16093
-15533
-15866
-13766
-7171
-213
4155
6243
6567
4681
1423
-1317
-2368
-2907
-3535
-3169
-1755
-1141
-1932
-2922
-3022
-2506
-2029
-960
1568
4273
5376
5349
5204
4601
3355
2125
1398
1072
1018
1256
1514
886
-482
-1194
-835
-443
-9
1213
2809
3917
4717
5216
4766
3364
1833
608
-348
-1098
-1342
-718
448
1229
1514
1714
1818
1702
1936
2631
3226
2972
2324
1843
1461
753
612
1517
2923
2261
-2900
-10594
-15055
-15550
-15547
-14731
-10054
-2860
2929
5699
6257
5201
2558
-624
-2523
-2935
-2974
-2693
-1755
-911
-1200
-2495
-3542
-3399
-2537
-1353
631
3245
5187
5809
5501
4633
3225
1876
1452
1689
1714
1661
1815
1512
305
-1139
-1892
-1560
-545
737
2359
4024
4858
4943
4661
3791
2295
1024
391
63
-661
-1327
-991
-49
251
371
1031
1882
2414
2777
2873
2892
2565
1760
1023
880
810
1069
2060
3525
3193
-2009
-10728
-16149
-15930
-14676
-13746
-9462
-2014
3778
5487
4526
2952
1044
-1142
-2479
-2098
-1167
-587
-169
-267
-1767
-3931
-4886
-3911
-2260
-890
1075
3921
5721
5337
4236
3556
2914
2180
2096
2608
2876
2471
1867
1048
-420
-2026
-2351
-1284
19
1170
2657
4050
4469
4021
3264
2567
2223
1845
962
278
231
115
-190
-321
-392
-206
652
1760
2551
2869
2908
2955
2675
1694
829
771
864
1212
2936
4528
1266
-7263
-14338
-15381
-14366
-14266
-11756
-5014
1643
4550
3993
2226
497
-958
-1788
-1289
-327
80
413
718
-677
-3870
-6024
-5078
-2672
-1208
-51
2360
4812
5194
4098
3186
2637
2281
2752
3714
3876
3084
2281
1465
-197
-2236
-3043
-2052
-403
1145
2439
3358
3680
3670
3343
2919
2656
2634
2499
2219
1596
228
-1604
-2598
-2237
-1322
-206
1283
2729
3318
3214
2687
2022
1187
659
773
1323
1451
1459
2019
3013
2785
-1657
-9882
-15686
-14658
-11381
-10069
-8315
-3154
1955
3334
1150
-978
-1435
-544
520
1544
1591
747
-11
-642
-2557
-5199
-6049
-4078
-932
1117
1798
2374
3460
3872
3177
2477
2663
3338
4092
4624
4159
2505
665
-237
-840
-1817
-2296
-1102
688
1746
1987
2169
2409
2788
3035
3209
3302
3226
2785
2104
794
-1249
-2763
-2309
-697
359
989
2000
2827
2571
1692
1070
1102
1185
1285
1669
1993
1489
1222
2088
3392
1997
-4323
-12252
-14811
-12166
-10312
-10004
-7005
-1869
1155
797
-871
-1684
-1015
555
2123
2769
1755
181
-462
-1052
-3174
-5342
-4907
-2188
154
830
913
1539
2403
2674
2730
3211
3953
4443
4771
4645
3522
1636
352
7
-547
-1572
-1590
-432
571
1155
1698
2024
2331
3034
3556
3560
3280
2896
2306
1545
235
-1233
-1832
-1169
-168
611
1141
1441
1359
1129
985
1072
1265
1352
1616
2032
1989
1499
1630
2454
3128
1018
-5486
-12735
-14171
-11036
-9053
-8790
-6318
-2353
-83
-702
-2164
-2424
-683
1766
3563
3585
1743
-476
-1381
-1752
-3089
-4399
-3565
-996
835
771
111
392
1456
2307
2885
3452
3939
4333
4677
4192
2742
1356
826
515
-57
-773
-938
-398
432
972
1370
1755
2259
2896
3309
3220
2990
2760
2218
1620
862
-375
-1269
-621
434
594
341
389
475
564
749
959
1443
2080
2506
2453
2006
1217
963
1742
2696
488
-6156
-12532
-12741
-9411
-8381
-8709
-6339
-2785
-1431
-2086
-2773
-2313
-353
2439
4317
3917
1491
-872
-1534
-1433
-2248
-3183
-2220
-84
740
-302
-1172
-699
598
1919
3171
3853
3819
3955
4560
4298
2809
1732
1710
1481
429
-529
-695
-319
141
569
1006
1462
1921
2351
2470
2308
2378
2783
2853
2126
921
81
99
458
265
-181
-261
-6
175
259
421
1044
1972
2515
2228
1641
1288
1387
1721
2345
2518
-576
-7475
-12536
-11063
-7572
-7566
-8420
-6074
-3092
-2814
-3984
-3785
-1830
784
2945
4049
3351
962
-1033
-1035
-608
-1432
-2002
-797
414
-383
-1963
-2121
-816
729
2095
3203
3713
3671
3615
3726
3736
3411
2946
2577
2001
739
-374
-339
192
167
108
529
1040
1356
1612
1801
2286
2977
3122
2645
2232
1671
611
-185
-153
97
18
-123
-138
-65
-69
-5
443
1398
2099
2062
1664
1586
1553
1335
1530
2383
1097
-4626
-10795
-11028
-7098
-5968
-7938
-7672
-4813
-3437
-4206
-4316
-2665
-262
2033
3669
3464
1310
-588
-341
440
-337
-1539
-1026
254
70
-1491
-2405
-1675
-109
1309
2455
3199
3126
2855
3344
3962
3659
3161
3233
2976
1718
346
-261
-126
312
562
497
428
584
1000
1675
2232
2306
2235
2439
2471
1743
635
204
807
1340
871
108
-47
45
46
252
514
675
992
1359
1227
1016
1044
1147
1565
2620
1785
-3194
-8965
-9635
-6206
-4923
-6983
-7831
-5954
-4423
-4580
-4594
-3252
-1070
1161
2599
2178
323
-797
-37
925
392
-643
-382
711
608
-907
-2060
-1701
-409
993
2028
2256
2001
2220
3010
3288
2952
2976
3494
3306
2094
866
372
538
1035
1344
1072
632
470
461
647
1220
1789
1976
2105
2032
1387
797
1095
1559
1341
904
658
246
-222
-195
154
532
1029
1324
1018
577
583
856
1129
1434
1943
2113
-134
-5427
-9446
-7863
-4285
-4575
-6997
-6554
-4513
-4416
-5276
-4608
-2740
-768
829
1251
232
-861
-528
851
1449
564
-175
440
1022
63
-1329
-1337
-218
738
1134
1401
1696
1935
2080
2198
2292
2415
2763
3207
3106
2178
1258
1130
1466
1591
1367
1064
821
738
708
727
933
1519
2084
2011
1197
374
283
869
1419
1439
1036
536
162
39
101
270
665
1268
1444
842
223
408
992
1112
831
903
986
-960
-5209
-7918
-6080
-3164
-3779
-6057
-5769
-4163
-4488
-5610
-4894
-2992
-1481
-371
145
-493
-1169
-436
921
1220
587
363
869
1182
660
-77
-96
552
1017
878
534
637
1284
1945
2107
1916
1880
2200
2534
2436
1976
1727
1911
2075
1830
1451
1403
1630
1706
1473
1164
946
862
930
1026
845
528
584
959
995
656
511
693
739
490
261
272
420
553
577
414
161
58
60
-169
-534
-437
12
-468
-2480
-4400
-4328
-3119
-3044
-4040
-4223
-3498
-3390
-4031
-4151
-3391
-2403
-1562
-971
-915
-1231
-1185
-543
22
127
240
672
978
800
434
316
561
975
1269
1350
1395
1537
1639
1566
1415
1378
1479
1538
1503
1532
1668
1782
1850
1889
1833
1680
1526
1397
1289
1185
1109
1054
991
870
757
659
557
445
341
210
98
41
-32
-148
-235
-298
-369
-361
-234
-148
-197
-273
-267
-252
-252
-151
70
220
147
-111
-500
-875
-1047
-1018
-927
-864
-953
-1310
-1777
-2053
-2090
-1997
-1861
-1786
-1851
-1952
-1989
-1989
-1977
-1897
-1715
-1435
-1153
-986
-897
-735
-479
-196
102
368
490
466
414
465
619
775
909
1125
1403
1558
1505
1368
1305
1382
1502
1503
1419
1391
1431
1470
1520
1565
1556
1561
1605
1562
1382
1222
1192
1195
1155
1101
1015
861
744
747
814
826
731
574
423
279
187
233
324
281
166
22
-291
-719
-985
-1042
-1043
-1062
-1198
-1605
-2176
-2601
-2720
-2627
-2493
-2476
-2635
-2859
-2966
-2923
-2807
-2602
-2267
-1906
-1645
-1472
-1353
-1238
-1018
-648
-260
29
208
288
324
416
603
823
1015
1179
1348
1515
1574
1500
1479
1617
1774
1814
1773
1715
1683
1735
1825
1860
1882
1940
1935
1781
1566
1424
1368
1330
1280
1235
1184
1094
971
859
759
639
506
386
250
106
34
54
92
114
115
97
53
-90
-421
-805
-1037
-1136
-1219
-1296
-1473
-1930
-2504
-2806
-2743
-2610
-2615
-2703
-2776
-2831
-2845
-2733
-2524
-2315
-2107
-1838
-1600
-1483
-1373
-1091
-653
-204
122
247
234
295
495
688
817
1014
1322
1579
1655
1584
1477
1475
1641
1812
1807
1712
1704
1775
1824
1832
1847
1894
1925
1849
1664
1485
1401
1399
1410
1369
1285
1212
1122
946
704
498
383
307
197
90
82
161
223
220
169
101
28
-61
-189
-344
-531
-777
-1041
-1249
-1343
-1365
-1461
-1797
-2297
-2628
-2626
-2484
-2460
-2573
-2686
-2712
-2667
-2585
-2481
-2344
-2105
-1784
-1540
-1455
-1359
-1053
-648
-350
-146
54
234
393
604
858
1085
1273
1424
1479
1416
1331
1348
1479
1642
1759
1822
1845
1847
1841
1842
1849
1850
1820
1729
1618
1541
1529
1573
1618
1579
1426
1228
1018
792
602
528
541
542
464
336
245
223
209
165
102
9
-136
-274
-343
-357
-325
-261
-329
-643
-1034
-1264
-1355
-1433
-1533
-1743
-2129
-2514
-2648
-2557
-2468
-2452
-2449
-2486
-2582
-2607
-2487
-2314
-2119
-1819
-1464
-1230
-1133
-994
-712
-360
4
334
558
677
783
897
957
1022
1190
1371
1441
1457
1504
1542
1579
1707
1868
1905
1861
1822
1748
1638
1625
1732
1804
1785
1727
1625
1462
1324
1294
1295
1208
1058
925
777
588
464
426
383
299
224
124
-25
-114
-109
-125
-189
-192
-141
-133
-162
-227
-441
-819
-1160
-1343
-1423
-1466
-1522
-1734
-2136
-2477
-2530
-2426
-2418
-2499
-2545
-2533
-2524
-2512
-2424
-2214
-1917
-1625
-1416
-1287
-1114
-810
-427
-78
182
344
428
498
607
728
859
1057
1292
1422
1403
1377
1437
1548
1667
1770
1798
1724
1636
1626
1674
1744
1833
1914
1931
1857
1728
1598
1486
1385
1307
1237
1108
924
766
663
587
531
493
400
234
118
109
108
60
36
28
-42
-153
-233
-321
-449
-525
-559
-726
-1052
-1331
-1446
-1470
-1514
-1704
-2097
-2508
-2649
-2524
-2412
-2448
-2525
-2545
-2501
-2402
-2263
-2114
-1914
-1574
-1200
-976
-900
-788
-543
-227
75
312
455
555
690
836
915
974
1075
1181
1214
1217
1264
1342
1419
1551
1727
1830
1826
1811
1830
1818
1770
1752
1772
1743
1615
1437
1304
1247
1223
1186
1125
1049
942
796
660
570
531
520
504
428
300
223
229
226
99
-93
-230
-276
-277
-275
-296
-413
-664
-989
-1269
-1434
-1500
-1568
-1783
-2174
-2530
-2642
-2565
-2487
-2480
-2489
-2490
-2483
-2427
-2311
-2160
-1941
-1655
-1399
-1263
-1135
-863
-501
-195
23
208
333
385
458
602
753
894
1087
1305
1436
1466
1480
1536
1612
1681
1748
1809
1834
1794
1709
1658
1679
1714
1701
1661
1592
1485
1391
1372
1379
1330
1214
1060
900
793
766
749
667
540
427
317
188
54
-59
-127
-148
-158
-202
-270
-329
-386
-453
-539
-672
-898
-1169
-1374
-1475
-1504
-1524
-1638
-1918
-2245
-2388
-2321
-2224
-2230
-2295
-2341
-2336
-2267
-2147
-1987
-1780
-1518
-1270
-1140
-1097
-1004
-786
-471
-133
168
377
514
651
814
956
1067
1185
1299
1356
1352
1357
1439
1598
1767
1851
1822
1751
1715
1698
1661
1637
1669
1718
1700
1598
1489
1422
1411
1403
1327
1176
1021
918
846
745
615
493
397
323
253
179
106
31
-47
-137
-234
-323
-390
-427
-431
-425
-472
-629
-886
-1150
-1320
-1384
-1414
-1512
-1738
-2054
-2326
-2427
-2366
-2258
-2211
-2241
-2315
-2368
-2334
-2206
-2021
-1819
-1609
-1429
-1289
-1112
-830
-495
-198
56
273
417
491
575
717
889
1058
1221
1339
1378
1382
1418
1497
1592
1687
1753
1752
1716
1688
1683
1701
1733
1771
1774
1721
1646
1568
1502
1431
1362
1285
1182
1058
937
833
736
642
542
413
254
109
20
-33
-73
-107
-144
-206
-302
-400
-480
-527
-526
-527
-621
-868
-1188
-1419
-1471
-1430
-1462
-1678
-2004
-2251
-2302
-2234
-2205
-2244
-2274
-2250
-2201
-2163
-2108
-1953
-1696
-1418
-1238
-1165
-1081
-880
-577
-271
-24
174
346
493
621
733
851
1005
1171
1285
1316
1309
1347
1455
1588
1692
1750
1767
1759
1741
1722
1707
1707
1707
1682
1617
1540
1497
1483
1450
1363
1245
1118
999
894
800
694
573
467
392
320
228
130
39
-40
-121
-211
-300
-379
-433
-458
-474
-512
-602
-751
-965
-1191
-1342
-1385
-1387
-1483
-1747
-2093
-2322
-2330
-2200
-2095
-2105
-2175
-2225
-2215
-2157
-2065
-1910
-1673
-1405
-1194
-1064
-940
-727
-419
-111
119
266
361
444
547
675
813
962
1114
1230
1281
1299
1338
1420
1532
1631
1689
1720
1733
1716
1679
1652
1666
1717
1756
1730
1631
1518
1438
1381
1316
1219
1095
974
868
750
616
482
380
306
223
107
-20
-103
-123
-124
-162
-246
-345
-427
-475
-485
-474
-458
-498
-661
-943
-1233
-1410
-1450
-1457
-1561
-1798
-2063
-2213
-2216
-2155
-2132
-2165
-2211
-2218
-2166
-2059
-1914
-1726
-1516
-1328
-1186
-1051
-862
-590
-274
1
189
302
400
519
675
845
1001
1136
1238
1296
1318
1348
1417
1531
1640
1692
1690
1667
1661
1686
1721
1751
1771
1764
1706
1600
1483
1397
1350
1305
1213
1053
869
727
659
623
549
427
283
163
88
46
19
-15
-59
-116
-190
-276
-347
-383
-392
-418
-484
-614
-795
-1012
-1202
-1307
-1333
-1350
-1456
-1702
-2015
-2233
-2258
-2148
-2047
-2038
-2097
-2142
-2117
-2018
-1870
-1678
-1451
-1225
-1064
-983
-904
-734
-456
-152
90
239
331
416
529
663
812
974
1131
1252
1303
1320
1346
1420
1546
1679
1768
1792
1775
1738
1698
1666
1645
1638
1617
1569
1487
1387
1304
1244
1190
1107
991
875
781
716
654
560
433
296
184
113
70
18
-54
-143
-234
-323
-404
-480
-546
-581
-601
-629
-706
-857
-1063
-1251
-1356
-1384
-1405
-1506
-1709
-1945
-2093
-2096
-2008
-1928
-1920
-1972
-2019
-2018
-1944
-1799
-1612
-1408
-1237
-1119
-1021
-892
-688
-421
-145
81
244
372
498
634
784
940
1101
1248
1350
1396
1418
1457
1541
1646
1723
1734
1690
1631
1594
1598
1628
1660
1660
1606
1509
1397
1313
1266
1234
1190
1111
989
847
712
597
500
419
343
271
195
106
3
-97
-178
-230
-270
-323
-389
-454
-492
-500
-501
-547
-682
-890
-1119
-1275
-1311
-1278
-1288
-1439
-1720
-2014
-2178
-2166
-2061
-1983
-1997
-2064
-2103
-2067
-1958
-1806
-1621
-1420
-1213
-1041
-903
-753
-540
-253
50
286
418
474
538
658
831
1015
1167
1268
1306
1311
1323
1378
1477
1594
1681
1700
1659
1601
1573
1587
1617
1633
1607
1539
1448
1358
1272
1199
1140
1090
1031
943
830
695
576
483
408
324
221
117
40
-11
-57
-117
-191
-271
-350
-420
-472
-487
-462
-429
-455
-599
-844
-1099
-1257
-1305
-1314
-1377
-1544
-1786
-2006
-2112
-2111
-2066
-2033
-2034
-2054
-2043
-1968
-1814
-1621
-1424
-1245
-1090
-953
-815
-640
-420
-175
60
251
381
462
532
630
770
934
1094
1217
1295
1335
1366
1409
1469
1542
1610
1642
1633
1603
1572
1559
1559
1541
1493
1425
1359
1316
1281
1231
1151
1062
982
909
817
704
586
484
401
305
179
44
-68
-141
-180
-216
-271
-348
-422
-480
-526
-571
-604
-617
-621
-658
-779
-982
-1178
-1283
-1287
-1279
-1363
-1570
-1815
-1975
-1992
-1920
-1851
-1842
-1875
-1900
-1880
-1798
-1663
-1488
-1290
-1089
-916
-776
-638
-461
-228
35
273
448
561
629
703
803
928
1063
1187
1284
1340
1360
1381
1433
1508
1589
1639
1641
1597
1544
1503
1476
1456
1444
1432
1396
1332
1237
1126
1018
951
909
840
735
613
501
413
350
283
177
57
-32
-89
-136
-189
-259
-342
-404
-430
-449
-490
-541
-570
-577
-585
-647
-805
-1018
-1187
-1250
-1260
-1308
-1458
-1687
-1901
-1996
-1960
-1882
-1835
-1834
-1847
-1835
-1772
-1658
-1502
-1314
-1112
-934
-812
-722
-597
-394
-145
91
270
390
484
590
709
833
962
1095
1215
1292
1329
1349
1371
1430
1527
1608
1637
1614
1565
1511
1473
1455
1441
1426
1404
1357
1273
1177
1108
1065
1028
961
837
680
542
458
402
342
247
127
5
-76
-110
-130
-149
-176
-227
-301
-370
-449
-526
-550
-526
-535
-629
-815
-1053
-1242
-1292
-1265
-1278
-1383
-1585
-1814
-1953
-1944
-1862
-1794
-1764
-1783
-1814
-1801
-1727
-1609
-1429
-1217
-1031
-903
-800
-672
-485
-240
4
202
361
498
604
694
793
914
1054
1187
1278
1301
1285
1279
1315
1387
1480
1548
1556
1516
1457
1406
1396
1428
1458
1442
1367
1253
1139
1054
1014
984
933
848
730
614
515
437
380
321
240
139
29
-69
-143
-187
-216
-246
-287
-344
-422
-503
-558
-569
-556
-565
-648
-821
-1029
-1175
-1213
-1195
-1217
-1350
-1569
-1769
-1857
-1831
-1768
-1743
-1760
-1783
-1770
-1721
-1634
-1510
-1343
-1151
-954
-799
-688
-569
-392
-168
56
263
416
523
607
698
802
923
1063
1185
1246
1250
1255
1299
1371
1435
1459
1450
1431
1426
1418
1385
1339
1321
1321
1304
1262
1206
1140
1073
1008
944
874
812
745
639
500
378
294
228
160
82
-7
-119
-221
-290
-325
-347
-363
-380
-450
-548
-606
-599
-568
-553
-586
-707
-901
-1068
-1137
-1148
-1160
-1222
-1391
-1644
-1844
-1861
-1740
-1638
-1623
-1655
-1670
-1638
-1559
-1441
-1282
-1090
-897
-754
-667
-583
-434
-191
72
272
395
478
564
651
740
839
977
1152
1273
1257
1146
1130
1281
1456
1516
1485
1457
1421
1357
1299
1295
1332
1366
1362
1298
1198
1112
1058
1019
959
879
784
691
610
524
427
328
231
131
22
-77
-163
-245
-304
-329
-338
-368
-431
-512
-574
-600
-593
-592
-614
-651
-728
-873
-1050
-1169
-1195
-1169
-1180
-1298
-1507
-1697
-1754
-1678
-1578
-1535
-1551
-1582
-1586
-1538
-1426
-1266
-1070
-866
-701
-599
-530
-420
-242
-19
208
393
517
583
638
715
819
936
1050
1141
1187
1200
1211
1223
1249
1294
1349
1371
1355
1328
1303
1282
1272
1283
1289
1259
1194
1115
1044
998
972
925
828
700
583
489
410
340
264
171
60
-54
-146
-203
-229
-242
-279
-346
-409
-448
-480
-514
-543
-558
-554
-562
-636
-789
-971
-1099
-1123
-1084
-1085
-1196
-1404
-1622
-1734
-1701
-1591
-1511
-1511
-1569
-1612
-1586
-1489
-1334
-1149
-959
-798
-679
-579
-458
-284
-77
131
310
451
561
643
707
774
872
1002
1121
1181
1178
1159
1166
1207
1274
1339
1381
1383
1350
1299
1255
1250
1286
1317
1287
1196
1088
1012
966
925
877
801
698
583
477
384
295
225
168
92
-13
-116
-190
-231
-257
-280
-308
-347
-417
-492
-535
-546
-550
-551
-556
-591
-684
-837
-984
-1071
-1083
-1061
-1081
-1202
-1421
-1614
-1665
-1583
-1476
-1439
-1470
-1518
-1540
-1493
-1372
-1204
-1031
-878
-745
-638
-540
-414
-225
0
200
348
455
545
621
698
788
895
1007
1098
1141
1141
1129
1144
1213
1303
1364
1359
1316
1277
1264
1272
1287
1292
1272
1222
1149
1081
1038
1014
978
908
801
678
564
475
408
338
250
146
28
-87
-175
-225
-257
-291
-342
-402
-452
-488
-520
-557
-591
-622
-642
-642
-639
-673
-764
-901
-1030
-1097
-1102
-1098
-1150
-1288
-1461
-1570
-1562
-1481
-1403
-1366
-1375
-1387
-1366
-1294
-1175
-1018
-852
-706
-594
-503
-395
-244
-48
151
315
431
509
573
635
712
808
915
1015
1080
1096
1087
1095
1141
1211
1273
1298
1286
1265
1250
1244
1247
1247
1238
1216
1179
1123
1061
998
929
845
752
662
574
491
397
298
206
133
71
-1
-92
-185
-259
-302
-330
-368
-421
-477
-517
-539
-571
-617
-661
-684
-678
-666
-692
-779
-907
-1010
-1046
-1027
-1008
-1052
-1171
-1316
-1412
-1408
-1329
-1236
-1186
-1201
-1244
-1264
-1220
-1103
-938
-763
-621
-517
-434
-340
-212
-49
129
289
414
489
533
583
663
769
879
962
1005
1025
1043
1079
1135
1189
1229
1241
1234
1217
1203
1194
1196
1192
1179
1150
1105
1046
978
912
846
778
700
611
504
394
301
235
191
145
73
-34
-160
-261
-319
-325
-311
-313
-351
-418
-486
-534
-560
-572
-566
-554
-551
-581
-658
-771
-880
-938
-935
-900
-895
-969
-1120
-1284
-1375
-1354
-1256
-1163
-1138
-1186
-1247
-1264
-1205
-1075
-912
-757
-636
-541
-455
-347
-204
-41
111
241
355
451
532
607
681
762
847
921
966
977
985
1012
1069
1127
1172
1193
1187
1172
1158
1155
1152
1156
1151
1122
1060
989
926
879
841
788
712
614
508
417
341
282
231
166
81
-20
-119
-191
-226
-241
-260
-302
-361
-423
-474
-519
-542
-544
-535
-527
-542
-592
-674
-771
-854
-900
-906
-908
-946
-1039
-1170
-1292
-1349
-1325
-1259
-1197
-1172
-1187
-1210
-1210
-1162
-1051
-893
-726
-599
-518
-461
-377
-233
-47
139
291
396
457
506
552
626
727
842
937
985
996
993
1009
1047
1092
1122
1135
1134
1119
1098
1082
1085
1107
1117
1092
1041
988
952
926
873
788
694
609
527
443
348
271
209
147
54
-58
-154
-211
-230
-251
-295
-340
-370
-381
-395
-434
-486
-518
-521
-523
-538
-576
-638
-711
-806
-901
-968
-989
-980
-991
-1061
-1179
-1276
-1294
-1242
-1163
-1105
-1077
-1065
-1052
-1025
-966
-856
-705
-556
-448
-387
-337
-249
-99
76
234
355
432
485
536
596
671
768
870
944
973
965
960
982
1028
1068
1078
1067
1045
1024
1005
981
960
941
925
895
850
802
768
740
701
641
560
479
418
371
316
252
181
102
19
-63
-138
-196
-238
-280
-324
-371
-410
-440
-459
-476
-490
-502
-505
-503
-507
-523
-560
-614
-683
-741
-774
-794
-824
-876
-962
-1055
-1126
-1142
-1112
-1066
-1034
-1029
-1029
-1013
-961
-872
-753
-629
-518
-427
-346
-254
-145
-17
114
228
322
394
462
528
592
651
701
751
800
843
878
904
927
944
966
988
1005
1013
1009
988
961
935
917
902
874
826
766
703
653
613
569
510
436
355
278
217
173
135
86
20
-54
-122
-172
-205
-222
-235
-253
-283
-325
-367
-405
-422
-419
-415
-420
-449
-514
-604
-697
-770
-801
-805
-820
-867
-958
-1072
-1167
-1200
-1177
-1121
-1063
-1036
-1044
-1058
-1044
-982
-865
-722
-582
-470
-396
-331
-248
-127
22
168
287
374
436
485
543
618
701
779
840
877
896
905
923
949
983
1013
1034
1037
1029
1006
975
951
932
923
910
876
822
754
693
642
600
555
494
421
345
275
215
164
111
54
-2
-57
-111
-168
-220
-263
-289
-307
-324
-351
-395
-449
-496
-525
-534
-533
-552
-608
-702
-808
-886
-909
-899
-892
-935
-1024
-1121
-1177
-1161
-1103
-1033
-981
-968
-970
-951
-886
-776
-636
-502
-407
-345
-296
-226
-120
12
145
252
328
381
426
476
541
619
698
768
818
841
857
873
901
938
971
995
998
988
970
961
960
956
937
903
852
804
773
747
717
662
583
492
406
346
301
258
203
119
23
-64
-132
-180
-212
-247
-288
-335
-382
-417
-436
-447
-455
-471
-490
-510
-522
-527
-543
-571
-621
-678
-728
-751
-761
-775
-811
-879
-951
-1007
-1018
-989
-949
-922
-914
-919
-912
-872
-794
-690
-576
-475
-393
-320
-244
-144
-29
95
211
307
388
452
507
561
619
682
747
802
837
854
860
865
882
908
936
956
960
941
911
880
868
872
872
861
827
776
721
668
616
574
532
481
417
335
247
167
104
49
-8
-65
-127
-194
-251
-300
-334
-344
-342
-353
-385
-434
-482
-499
-486
-460
-461
-509
-587
-676
-745
-785
-793
-790
-801
-858
-956
-1051
-1092
-1048
-967
-907
-893
-913
-929
-912
-847
-748
-624
-509
-432
-391
-353
-283
-159
-10
121
212
274
329
401
489
579
660
727
779
814
841
869
904
937
958
959
948
938
937
941
938
920
893
869
845
814
778
736
701
664
613
547
472
404
348
301
247
174
83
-19
-111
-170
-204
-227
-262
-323
-396
-456
-485
-488
-478
-468
-475
-495
-521
-544
-548
-536
-523
-529
-563
-619
-671
-700
-712
-719
-739
-784
-833
-870
-882
-864
-832
-805
-790
-787
-778
-738
-667
-570
-468
-381
-317
-263
-196
-106
7
119
220
308
365
413
469
545
623
695
754
790
811
830
852
877
905
928
942
937
915
895
882
861
836
809
776
735
691
651
603
543
480
430
389
340
293
236
162
82
30
-2
-31
-70
-122
-187
-250
-294
-309
-306
-313
-338
-370
-416
-457
-465
-443
-433
-450
-487
-554
-638
-701
-725
-726
-743
-789
-851
-933
-1012
-1036
-1007
-967
-933
-908
-901
-896
-862
-788
-676
-558
-460
-374
-302
-245
-162
-43
79
186
274
331
374
420
487
572
655
716
759
783
794
823
870
922
969
994
992
977
953
935
932
928
908
876
827
756
690
637
588
550
510
455
395
325
247
196
160
124
91
50
-23
-98
-158
-212
-238
-242
-259
-297
-344
-409
-465
-489
-491
-487
-481
-507
-568
-628
-692
-737
-747
-752
-771
-803
-866
-940
-991
-1013
-1011
-982
-957
-947
-943
-936
-916
-854
-762
-655
-548
-451
-376
-298
-208
-102
24
146
257
340
410
470
529
603
679
740
785
819
838
863
902
938
964
976
963
943
936
940
945
946
924
870
816
767
735
719
693
637
562
477
398
341
304
259
197
116
29
-39
-89
-118
-142
-186
-244
-303
-348
-369
-372
-374
-393
-424
-464
-499
-513
-518
-528
-553
-597
-659
-716
-758
-785
-806
-838
-880
-927
-962
-976
-964
-938
-910
-890
-870
-848
-803
-731
-647
-557
-471
-396
-320
-229
-132
-36
56
147
236
322
408
483
540
595
649
710
769
808
836
855
876
890
900
905
905
906
911
904
881
855
832
815
797
764
720
675
637
605
563
496
411
329
277
237
193
124
27
-68
-134
-169
-196
-244
-302
-358
-397
-421
-444
-456
-461
-465
-468
-473
-498
-525
-531
-518
-519
-549
-606
-666
-702
-718
-734
-766
-815
-866
-895
-899
-890
-883
-864
-833
-799
-760
-714
-649
-563
-457
-357
-273
-201
-126
-29
78
183
270
337
398
452
508
570
632
688
730
758
773
791
823
857
888
906
908
893
873
863
855
856
851
824
780
726
673
633
601
567
526
459
382
299
226
171
131
92
34
-41
-126
-199
-244
-265
-286
-316
-359
-412
-456
-477
-480
-480
-482
-502
-538
-567
-581
-579
-573
-582
-616
-664
-699
-716
-714
-707
-720
-755
-794
-816
-815
-786
-744
-706
-685
-673
-651
-603
-524
-429
-330
-237
-167
-106
-41
42
139
239
336
416
478
518
554
592
645
704
753
785
794
793
787
793
810
826
830
817
789
757
735
719
708
691
663
622
577
539
511
489
463
425
369
305
247
197
162
124
79
25
-43
-114
-177
-220
-247
-265
-288
-317
-356
-398
-428
-445
-453
-454
-467
-497
-545
-608
-664
-704
-725
-747
-783
-831
-895
-953
-983
-984
-968
-952
-936
-918
-898
-859
-800
-722
-627
-530
-435
-343
-256
-159
-56
50
151
244
327
401
469
539
601
657
711
751
781
807
836
866
893
911
915
909
902
895
894
889
874
851
814
776
738
707
680
640
589
526
456
395
340
287
233
165
92
16
-50
-97
-142
-185
-229
-281
-327
-367
-394
-409
-423
-441
-470
-502
-531
-550
-559
-566
-577
-600
-631
-674
-708
-735
-745
-749
-757
-775
-806
-829
-837
-827
-797
-758
-723
-692
-668
-631
-580
-504
-410
-315
-231
-160
-99
-32
53
144
241
322
384
425
461
510
572
636
690
723
737
745
762
795
835
871
885
875
851
830
818
817
814
800
765
706
646
594
557
526
493
445
372
293
218
160
126
92
47
-22
-106
-183
-236
-261
-278
-300
-344
-404
-461
-500
-504
-491
-478
-480
-505
-537
-559
-557
-532
-505
-496
-515
-558
-603
-627
-622
-605
-593
-605
-642
-684
-707
-693
-655
-605
-571
-554
-550
-533
-486
-405
-305
-212
-139
-90
-46
9
89
187
282
356
401
424
450
488
540
593
634
655
658
659
672
698
729
754
763
759
751
744
743
744
742
727
697
658
613
568
530
496
452
407
353
292
227
165
103
48
5
-33
-76
-140
-225
-306
-369
-396
-398
-399
-426
-489
-568
-626
-628
-588
-535
-507
-523
-569
-611
-617
-578
-511
-453
-431
-460
-517
-558
-555
-511
-455
-425
-437
-479
-522
-529
-492
-435
-373
-329
-311
-300
-277
-226
-150
-66
15
75
115
152
194
252
322
383
428
454
463
469
486
517
553
587
605
607
594
590
606
635
666
686
682
659
629
607
595
588
570
533
484
424
363
310
258
205
152
104
64
32
5
-29
-66
-108
-136
-146
-143
-134
-133
-146
-180
-219
-252
-267
-267
-267
-278
-309
-365
-433
-496
-543
-572
-592
-616
-659
-720
-788
-837
-852
-840
-816
-796
-784
-786
-784
-758
-703
-621
-531
-446
-379
-323
-270
-199
-106
2
106
192
256
301
347
407
485
565
634
676
694
705
726
764
802
834
844
835
816
801
794
788
783
757
717
671
623
583
550
510
459
398
330
267
211
167
126
77
18
-47
-109
-155
-185
-202
-221
-254
-290
-328
-359
-370
-367
-358
-356
-369
-392
-416
-435
-440
-434
-432
-441
-467
-508
-551
-585
-603
-604
-601
-606
-625
-650
-666
-667
-645
-609
-577
-549
-530
-505
-468
-413
-342
-263
-188
-125
-63
5
72
149
232
306
365
408
443
475
512
553
591
617
633
633
633
642
654
673
685
685
674
653
641
638
635
626
603
569
531
493
467
446
426
398
356
301
244
189
149
124
98
56
-16
-99
-172
-212
-225
-233
-261
-317
-386
-438
-456
-445
-427
-426
-455
-497
-526
-535
-525
-511
-514
-543
-583
-620
-636
-635
-627
-625
-639
-656
-667
-667
-648
-609
-565
-522
-488
-459
-421
-367
-291
-203
-118
-48
11
64
127
204
284
362
420
460
483
503
532
571
610
640
654
653
649
648
650
658
668
674
672
659
638
619
597
579
563
543
509
469
420
375
338
304
269
225
171
114
64
21
-14
-43
-76
-108
-142
-178
-212
-241
-257
-271
-286
-309
-339
-372
-398
-418
-431
-445
-469
-508
-548
-580
-599
-618
-636
-655
-675
-694
-701
-699
-689
-674
-659
-641
-610
-575
-531
-482
-427
-369
-314
-253
-192
-128
-56
12
78
143
205
266
327
380
427
471
508
545
579
614
638
655
666
674
681
686
687
680
674
663
650
640
629
610
586
551
517
490
470
449
418
377
319
262
215
177
145
107
51
-23
-102
-166
-208
-234
-257
-296
-354
-419
-469
-488
-488
-475
-475
-491
-516
-536
-536
-524
-497
-476
-471
-478
-490
-500
-498
-489
-481
-475
-475
-484
-488
-487
-471
-444
-416
-391
-361
-329
-296
-255
-213
-163
-113
-59
-7
39
82
127
174
223
274
320
356
383
405
429
456
484
510
526
535
540
543
553
561
573
577
575
567
556
541
531
521
510
493
467
440
418
396
375
357
336
311
283
258
234
212
187
156
119
77
32
-13
-61
-119
-187
-260
-340
-417
-490
-562
-634
-701
-770
-838
-889
-933
-963
-978
-985
-982
-975
-956
-929
-890
-840
-778
-711
-644
-576
-508
-434
-355
-273
-192
-112
-38
31
104
177
251
322
389
450
505
557
607
656
701
737
763
784
801
818
829
834
832
826
809
789
769
748
719
687
650
609
559
509
457
401
347
282
217
148
80
13
-52
-120
-180
-241
-302
-361
-418
-470
-520
-559
-593
-626
-652
-673
-691
-697
-700
-699
-690
-678
-658
-642
-615
-580
-548
-513
-473
-434
-392
-345
-300
-252
-209
-164
-118
-77
-33
10
55
99
138
177
213
241
270
297
319
340
356
368
377
381
381
380
375
370
362
349
337
322
305
287
269
252
236
221
205
189
176
163
151
141
132
124
112
100
88
78
69
61
54
41
29
16
3
-7
-17
-28
-40
-51
-59
-69
-78
-88
-99
-111
-121
-134
-147
-160
-174
-188
-202
-219
-233
-245
-260
-275
-287
-297
-305
-317
-319
-322
-327
-327
-326
-316
-309
-297
-286
-272
-252
-228
-203
-179
-150
-117
-82
-50
-15
23
62
101
139
178
213
250
283
313
342
368
395
419
439
456
470
483
494
500
509
513
512
510
505
496
483
466
447
427
402
371
334
298
252
205
152
97
39
-25
-87
-156
-221
-289
-354
-422
-487
-546
-603
-657
-704
-742
-774
-802
-823
-834
-833
-827
-816
-792
-766
-731
-691
-646
-595
-538
-477
-413
-349
-283
-213
-143
-72
1
68
136
205
268
329
389
450
503
551
597
635
669
699
722
741
756
764
772
777
773
773
764
751
740
723
705
684
657
628
597
560
521
476
428
376
324
262
197
129
59
-17
-93
-167
-246
-326
-409
-495
-570
-644
-718
-786
-850
-902
-950
-994
-1027
-1051
-1064
-1069
-1064
-1050
-1024
-991
-948
-897
-837
-772
-702
-629
-549
-467
-384
-300
-218
-134
-51
32
110
184
256
327
393
457
520
578
633
681
726
765
804
835
859
881
895
904
912
918
918
910
893
871
848
823
800
774
736
693
639
586
529
471
412
346
272
191
104
20
-64
-145
-225
-310
-397
-486
-571
-646
-715
-783
-844
-907
-959
-1006
-1046
-1077
-1096
-1106
-1106
-1099
-1080
-1053
-1018
-973
-920
-855
-781
-703
-620
-538
-454
-366
-275
-180
-84
8
90
167
236
307
376
450
519
573
619
662
701
747
791
831
864
882
904
922
932
940
948
949
935
918
892
861
829
794
748
694
632
567
495
419
345
267
182
95
8
-85
-172
-258
-345
-428
-509
-589
-665
-732
-788
-844
-896
-935
-966
-990
-1005
-1016
-1018
-1016
-1001
-979
-950
-916
-873
-821
-766
-708
-641
-573
-500
-422
-339
-257
-180
-92
-10
67
148
228
305
373
442
507
563
619
673
717
756
794
826
854
877
895
908
915
920
918
911
900
880
857
828
796
756
710
653
589
521
445
371
294
205
113
20
-73
-163
-248
-332
-415
-493
-574
-650
-717
-773
-823
-866
-903
-933
-959
-975
-981
-979
-971
-952
-926
-898
-864
-826
-782
-733
-676
-618
-559
-496
-430
-363
-291
-213
-138
-65
7
77
146
221
294
366
434
493
548
600
648
694
734
771
806
827
842
857
863
868
870
864
854
839
815
784
750
713
672
624
574
513
447
381
311
238
167
90
11
-66
-146
-226
-300
-375
-449
-516
-578
-639
-694
-743
-786
-823
-850
-870
-885
-894
-889
-876
-862
-841
-811
-776
-737
-695
-645
-592
-536
-483
-428
-369
-311
-250
-190
-128
-65
-7
55
111
171
227
286
343
395
445
495
543
587
629
670
706
734
760
785
801
812
818
824
819
807
788
763
734
698
657
614
561
504
441
380
313
243
165
95
20
-56
-131
-205
-277
-349
-419
-480
-541
-599
-651
-698
-740
-775
-802
-828
-844
-854
-858
-851
-838
-821
-797
-763
-728
-685
-640
-589
-532
-478
-419
-356
-296
-235
-173
-114
-52
8
63
119
172
226
277
323
370
416
456
496
537
568
605
636
666
691
710
727
746
753
756
757
747
736
717
692
664
631
589
545
499
447
388
327
259
195
128
56
-15
-86
-153
-219
-284
-346
-399
-455
-505
-551
-596
-629
-663
-690
-711
-726
-739
-744
-741
-734
-724
-707
-685
-656
-624
-588
-548
-509
-463
-417
-368
-318
-265
-215
-161
-108
-63
-12
35
81
131
173
217
260
302
344
383
421
458
491
524
555
582
604
623
640
651
659
660
659
651
640
625
603
580
551
519
484
446
403
358
308
257
204
145
92
34
-23
-79
-141
-199
-259
-316
-375
-430
-483
-529
-568
-610
-641
-669
-689
-704
-714
-713
-707
-695
-677
-654
-626
-593
-556
-517
-475
-430
-383
-335
-287
-241
-192
-142
-99
-52
-7
35
79
125
166
203
238
276
315
349
383
413
444
472
501
524
544
565
583
598
607
610
609
612
604
590
575
554
528
498
463
423
381
335
288
238
186
136
82
30
-27
-79
-130
-182
-233
-281
-325
-369
-409
-446
-484
-513
-541
-566
-586
-607
-619
-627
-624
-623
-615
-603
-584
-561
-537
-506
-474
-435
-396
-355
-313
-268
-221
-176
-132
-88
-46
-3
35
75
115
153
191
230
266
301
334
366
395
423
452
477
498
516
533
546
555
564
568
566
560
549
533
511
492
467
437
406
368
332
295
253
205
157
106
55
3
-50
-97
-144
-196
-242
-289
-335
-378
-414
-450
-485
-512
-538
-554
-565
-572
-575
-572
-566
-556
-543
-525
-501
-476
-449
-416
-383
-346
-306
-265
-225
-187
-147
-110
-69
-32
6
43
82
115
146
179
213
240
265
292
315
337
361
380
399
417
431
446
457
464
470
473
472
467
457
447
433
413
391
367
337
304
272
237
199
160
119
76
39
1
-40
-78
-114
-152
-189
-222
-253
-282
-307
-331
-353
-372
-389
-403
-411
-418
-423
-426
-426
-421
-415
-406
-395
-383
-367
-345
-325
-303
-277
-250
-221
-192
-164
-133
-100
-73
-41
-11
17
45
71
98
125
149
171
192
213
234
253
273
290
305
318
327
338
352
361
366
372
372
374
371
369
363
352
342
326
308
287
265
239
213
182
150
117
84
52
15
-21
-62
-99
-134
-169
-204
-238
-269
-296
-321
-342
-357
-373
-386
-396
-401
-403
-403
-396
-388
-380
-363
-347
-329
-308
-283
-257
-230
-201
-174
-145
-118
-90
-61
-32
-4
22
47
75
98
118
138
158
175
191
206
218
234
245
256
263
273
281
286
291
294
299
300
301
299
295
291
287
280
268
256
245
229
211
193
171
145
120
94
66
35
5
-32
-61
-89
-121
-151
-182
-208
-231
-250
-272
-291
-309
-323
-330
-335
-341
-342
-341
-335
-328
-319
-312
-302
-283
-265
-249
-231
-210
-189
-164
-142
-118
-93
-66
-42
-16
8
29
54
78
96
114
132
153
172
188
199
210
225
243
255
266
271
281
290
296
301
294
297
296
297
290
280
273
261
251
230
212
190
168
148
123
90
61
34
7
-18
-47
-76
-103
-130
-156
-179
-201
-219
-236
-254
-266
-279
-287
-289
-294
-295
-299
-298
-293
-288
-277
-268
-257
-244
-230
-213
-197
-182
-162
-141
-119
-100
-82
-62
-46
-25
-6
13
30
51
71
91
102
116
130
148
168
179
186
195
205
216
219
225
233
234
238
237
232
230
230
228
220
204
197
186
176
168
148
126
109
89
74
51
25
4
-17
-35
-58
-83
-100
-114
-130
-148
-168
-180
-188
-199
-206
-217
-221
-223
-223
-219
-218
-215
-207
-198
-188
-179
-168
-155
-140
-126
-113
-96
-81
-67
-47
-33
-20
-3
13
29
41
56
69
79
89
104
117
127
138
146
154
161
167
171
175
178
178
177
172
169
164
159
153
144
134
122
114
101
89
73
60
49
33
21
4
-12
-23
-40
-51
-62
-74
-86
-99
-111
-118
-126
-134
-142
-149
-152
-153
-155
-158
-161
-161
-157
-154
-150
-145
-138
-131
-123
-112
-104
-92
-83
-73
-61
-50
-39
-28
-13
0
12
24
34
45
56
63
72
81
92
100
106
112
115
122
127
128
130
135
137
137
139
140
136
135
133
127
122
118
109
104
94
85
69
56
48
33
24
10
-5
-19
-28
-40
-51
-60
-70
-77
-87
-94
-98
-103
-104
-107
-110
-111
-111
-111
-110
-106
-104
-97
-94
-91
-84
-79
-72
-69
-65
-62
-57
-50
-46
-40
-37
-34
-26
-23
-18
-9
-1
4
11
18
24
31
37
43
51
56
62
68
74
79
85
92
91
95
96
100
99
99
97
95
94
88
84
80
75
67
62
52
44
36
26
18
9
-1
-10
-17
-25
-33
-40
-48
-55
-58
-62
-69
-73
-74
-76
-78
-77
-77
-77
-73
-70
-73
-71
-66
-62
-55
-49
-44
-40
-34
-30
-23
-19
-17
-13
-9
-6
-5
0
4
6
10
12
9
12
15
17
19
21
25
28
28
31
31
32
35
33
37
34
37
37
35
31
31
29
25
25
20
17
19
17
12
10
8
4
2
2
2
1
0
-2
0
-2
-4
-5
-6
-9
-9
-7
-5
-6
-6
-3
-4
-4
-4
-9
-6
-4
-5
-3
-3
-1
-1
-3
-4
-4
-4
-6
-5
-3
-6
-5
-8
-10
-11
-9
-8
-9
-10
-10
-8
-9
-11
-12
-12
-12
-12
-13
-11
-14
-9
-8
-7
-4
-5
-5
-6
-3
0
1
3
4
4
9
8
8
9
9
10
9
10
8
9
12
10
10
12
9
7
6
4
5
5
5
5
3
4
4
3
0
2
3
0
1
-1
2
3
0
2
0
-3
-3
-1
-2
-1
0
0
0
0
-1
-2
-2
-2
-5
-6
-4
-6
-7
-5
-5
-7
-6
-6
-6
-4
-5
-7
-3
0
-2
1
1
-4
-4
-2
-3
-3
-3
-2
-2
-2
3
-2
0
1
-2
-1
1
3
-1
4
5
2
2
3
5
5
8
7
4
1
4
4
1
1
0
-3
-2
-1
-3
-2
1
-1
-2
3
1
-1
-1
4
