2
1
2
1
-1
-1
-1
-1
-1
-1
-2
1
1
1
1
1
2
3
-2
-1
0
2
2
0
0
0
-1
-1
-1
-1
2
-1
-3
-1
2
-3
-3
1
0
-2
-2
2
1
2
2
2
1
2
1
1
1
-2
-2
-1
2
0
2
1
0
1
3
0
-1
0
-1
-1
0
-2
1
1
-1
-1
0
2
0
-1
-4
0
-1
0
1
-3
-2
-1
-2
0
0
-1
-3
-1
-2
-1
1
-1
-1
-2
0
0
-2
-1
1
0
0
1
1
1
3
4
-1
1
3
1
7
7
8
3
6
13
18
9
17
15
7
10
7
7
-1
-8
0
9
-8
-8
-10
-28
-40
-2
5
-23
-20
-18
-27
-13
-14
-6
-2
-8
15
14
6
10
18
13
16
31
15
0
29
14
5
2
4
30
5
-5
16
24
4
-9
4
32
-17
-55
-20
-43
-70
-42
-44
-31
-30
-50
-54
-86
-37
-45
-52
-58
-7
-11
1
25
2
-4
51
16
8
-107
85
-766
-2120
-1838
-1087
-574
4
631
1145
1663
1990
2029
1475
746
436
442
464
521
359
313
76
-41
50
-101
-347
-482
-572
-517
-526
-513
-544
-451
-296
-420
-360
-170
-259
-216
-173
-285
-287
-261
-343
-290
-88
60
50
-48
-77
-73
-238
-232
-183
-18
164
244
273
215
159
-3
-35
-32
109
139
281
155
148
176
-16
-55
18
241
203
129
239
333
152
75
166
74
-10
17
19
144
240
204
177
271
42
-136
-110
32
-73
-159
-201
-197
-58
-19
40
-61
49
60
-128
-131
-46
-279
-440
-255
-110
-54
19
159
291
288
206
32
-194
-406
-344
-44
-18
-95
-12
212
93
-21
-124
-174
-107
-140
-268
-321
-233
-112
-18
12
130
243
318
252
161
154
64
-75
-95
164
424
434
242
-4
-131
-39
9
-11
155
301
93
74
146
168
65
90
-25
-52
32
71
25
-75
-20
135
237
123
111
60
-28
-144
-433
-506
-334
-234
-285
-281
-336
-406
-384
-353
-248
-139
-109
-255
-276
-163
-59
-78
-100
-65
-54
57
185
144
-3
48
64
-24
39
188
224
284
287
41
-246
-196
-74
-46
-20
153
333
623
700
498
225
222
386
520
579
630
665
512
344
309
278
268
358
441
311
132
48
-75
-118
19
111
25
4
36
-8
-183
-387
-612
-765
-779
-797
-830
-895
-868
-862
-885
-955
-976
-984
-950
-913
-853
-780
-653
-554
-456
-351
-265
-179
-36
161
257
302
265
272
294
412
468
630
639
466
174
83
286
792
1239
1338
1373
1420
1389
1237
1142
942
914
1045
1266
1259
1030
612
465
536
448
105
12
201
230
176
276
300
135
61
-53
-352
-765
-1100
-1451
-1816
-2166
-2283
-2269
-2216
-2057
-1706
-1487
-1406
-1280
-1228
-1350
-1323
-1166
-1124
-1035
-763
-456
-127
237
492
618
718
722
725
817
789
688
771
925
931
1003
1086
1093
1055
991
816
720
708
669
563
504
588
793
868
813
890
1074
1035
830
764
723
523
396
591
791
824
759
761
733
684
547
358
200
241
334
323
212
56
-299
-858
-1365
-1814
-2406
-2923
-3091
-3135
-3123
-2933
-2637
-2354
-2049
-1848
-1725
-1572
-1462
-1425
-1259
-1011
-749
-303
274
689
1044
1435
1628
1641
1645
1519
1263
1075
952
918
1035
1123
1106
1139
1176
1137
1074
969
821
711
624
593
654
687
673
706
715
668
647
536
273
80
79
124
170
284
459
575
705
973
1189
1091
908
819
653
516
603
673
585
528
606
783
674
-115
-1137
-1762
-2428
-3395
-4062
-4394
-4822
-4888
-4347
-3830
-3459
-2929
-2461
-2096
-1645
-1348
-1186
-817
-404
15
764
1522
1932
2364
2847
2954
2843
2707
2276
1659
1236
947
663
502
473
492
590
683
680
655
642
567
552
682
775
792
952
1164
1236
1335
1463
1337
1060
892
663
342
229
254
223
325
582
815
1080
1343
1421
1372
1251
1017
849
815
722
698
1018
1239
546
-890
-2211
-3296
-4668
-6067
-6963
-7481
-7716
-7234
-6092
-4846
-3760
-2743
-1723
-711
50
468
817
1217
1573
2105
2903
3496
3729
3913
4013
3706
3128
2370
1394
409
-309
-975
-1473
-1527
-1330
-1220
-843
-198
264
534
977
1382
1548
1733
2058
2269
2364
2485
2575
2529
2284
1906
1536
1118
614
333
295
222
285
723
1160
1369
1559
1736
1688
1468
1310
1316
1276
1264
1724
1860
190
-2267
-3634
-5027
-7674
-9603
-9985
-10407
-10450
-8639
-6288
-4631
-2857
-831
589
1574
2302
2553
2585
2715
3002
3604
4156
4259
4302
4312
3735
2739
1637
177
-1393
-2449
-3017
-3266
-3307
-3229
-2586
-1266
-212
447
1510
2471
2711
3169
4057
4163
3709
3727
3816
3368
2838
2356
1695
903
150
-349
-545
-816
-854
-88
702
955
1501
2351
2630
2819
3120
2814
2379
2523
2664
2820
2597
189
-3455
-5577
-7299
-10509
-12869
-13121
-13116
-12512
-9666
-6097
-3496
-1285
1021
2958
4134
4490
4488
4444
4101
4002
4593
4842
4213
3682
3227
2044
471
-1058
-2760
-4301
-5046
-4922
-4295
-3875
-3274
-1368
944
1968
2744
4152
4662
4312
4838
5458
4779
3864
3604
3274
2517
1540
599
-102
-936
-1736
-1599
-1164
-1336
-797
906
2033
2550
3565
4271
4191
4302
4452
4024
3407
2914
2914
3066
935
-3656
-7158
-9122
-12306
-15417
-15806
-15092
-14336
-11335
-6260
-1922
995
3508
5723
6980
6940
6252
5613
4647
3507
3396
3747
3023
1855
1163
2
-1806
-3343
-4727
-6018
-6522
-6448
-5625
-3115
-108
1716
3603
6031
7009
6669
6659
6069
4381
3256
2885
2126
1263
678
161
-212
-678
-1322
-1496
-1577
-1951
-1339
284
1222
1951
3668
5010
5178
5363
5511
4855
3951
3261
2607
2164
2038
2073
775
-3492
-8586
-11150
-13177
-16705
-18277
-16314
-13842
-10656
-4903
940
4371
6560
8401
9194
8552
6733
4735
3216
1855
1014
1185
1003
-210
-1196
-1911
-3357
-4903
-5716
-6069
-5913
-4790
-2463
673
3412
5226
7006
8296
7851
6527
5408
3634
1574
695
360
-479
-923
-750
-794
-955
-920
-961
-898
-559
-60
895
2187
3155
4094
5227
5719
5481
5207
4642
3672
2848
2247
1606
1221
1422
1702
-347
-5730
-10737
-12800
-15128
-18449
-18305
-14788
-11558
-7229
-281
5403
7725
8961
9784
9075
6998
4424
2091
422
-775
-1076
-383
-312
-1420
-2235
-2807
-4146
-5400
-5705
-5298
-3864
-1344
1504
4530
7149
8313
8498
8159
6439
3834
1786
85
-1379
-1845
-1546
-1278
-1032
-696
-353
-148
-189
-125
383
1029
1718
2792
3900
4466
4691
4909
4761
4106
3336
2700
2165
1639
1332
1487
1772
2002
2434
677
-5139
-11027
-13365
-15661
-18808
-18170
-13961
-10137
-5318
1600
6952
8826
9133
8802
7575
5195
2249
180
-774
-1519
-1433
-338
-275
-1539
-2451
-3203
-4750
-5864
-5383
-3866
-1986
864
4728
7828
8774
8800
8503
6530
3260
812
-893
-2626
-3401
-2667
-1472
-713
-274
322
859
647
422
1122
1873
2102
2976
4226
4436
3929
3766
3402
2536
1959
1897
1800
1888
2228
2403
2515
2845
3088
3193
1620
-3798
-10432
-13804
-15518
-18054
-18164
-14390
-10080
-5606
724
6305
8407
8344
7881
6866
5001
2495
367
-752
-1285
-1349
-687
-622
-1862
-3168
-3841
-4409
-4652
-4111
-2625
-203
2694
5454
7636
8508
7807
5922
3217
679
-1017
-2491
-3384
-2457
-877
158
1253
2044
1644
1191
1103
832
883
1483
1988
2711
3482
3473
3106
2752
1995
1449
1604
1769
2079
2775
3206
3337
3538
3329
2883
2954
2872
-104
-6750
-12859
-15034
-16387
-18700
-17904
-13154
-8303
-3346
3152
8256
9650
9119
8385
7202
4904
1733
-713
-1750
-2376
-2636
-2109
-2181
-3447
-4396
-4452
-4314
-3810
-2501
-460
2309
5325
7421
8201
8086
6975
4810
2392
193
-1888
-3202
-3217
-2538
-1671
-539
426
908
1302
1805
2068
2263
2727
3314
3706
3681
3195
2418
1420
291
-349
-180
495
1463
2735
3815
4292
4261
3701
2626
1698
1440
1920
1331
-3326
-10245
-13754
-14462
-16658
-18053
-15149
-10515
-5881
289
6621
9939
10112
9014
7853
6084
2777
-705
-2567
-3573
-4179
-3312
-2299
-3059
-4068
-3490
-2540
-2057
-1083
755
2765
4773
6800
8185
7861
5916
3665
1691
-538
-2741
-3901
-3888
-3006
-1483
296
1764
2413
2285
2306
2561
2390
2196
2499
2699
2561
2277
1696
1022
652
524
831
1818
2951
3557
3699
3701
3404
2582
1760
1603
2272
3260
1586
-4951
-11997
-14686
-16095
-18760
-18559
-14189
-9113
-3208
4352
10070
11666
10845
9116
6809
3839
8
-3503
-5142
-5174
-4340
-2906
-1986
-2269
-2773
-2678
-2257
-1527
-190
1788
4156
6595
8435
8765
7172
4420
1531
-1174
-3612
-5210
-5287
-3930
-1862
467
2745
3987
3822
3331
3113
2514
1729
1566
1850
2016
2077
1977
1531
695
-156
-372
221
1331
2735
3810
4172
4370
4255
3294
2326
1956
2014
2613
1002
-5750
-13155
-15620
-16261
-18295
-17685
-12309
-5835
-49
6202
11638
13046
10312
7005
4699
1288
-3397
-6262
-6536
-6080
-5127
-3154
-1593
-1704
-2455
-2041
-396
1076
2048
3874
6455
7912
7842
7003
4758
1045
-2162
-3939
-5049
-5489
-4516
-2224
531
2770
4262
4911
4328
3085
2542
2378
1688
1108
1371
1772
1661
1233
649
61
31
897
2180
3437
4486
5014
4800
3977
2482
928
225
695
2358
4106
1551
-6603
-13960
-15964
-17081
-19658
-18531
-11635
-3688
3041
9795
14716
14190
9672
5618
2409
-2219
-7086
-9044
-8051
-6127
-4021
-1718
-195
-276
-918
-465
707
1334
1839
3354
5494
7076
7226
5684
3011
35
-2689
-4365
-4864
-4861
-3741
-783
2264
3916
4766
4828
3730
2605
2224
1941
1499
1490
2096
2599
2265
1238
-151
-1365
-1331
82
1514
2665
4144
5231
4916
3853
2645
1208
260
596
1795
3721
5142
1466
-8047
-15602
-17036
-18237
-20613
-17232
-7844
339
6339
12713
16044
12610
6423
2204
-1362
-6198
-9662
-9311
-6721
-4306
-2145
-100
652
-243
-930
-62
1343
2178
3229
5281
7029
6946
5271
2816
-390
-3555
-5096
-4954
-4310
-2913
-156
2749
4353
4842
4646
3494
1716
615
754
1220
1556
2424
3509
3491
2513
1730
1182
567
493
1443
2841
3789
4053
4221
4269
3669
2879
2923
3786
4717
2627
-5152
-14229
-17830
-18216
-19769
-18558
-11131
-2418
4089
9969
14284
13439
8287
3120
-523
-4350
-8205
-9558
-7938
-5465
-3386
-1599
-505
-485
-851
-430
859
2246
3303
4537
5976
6487
5253
3145
939
-1422
-3380
-3944
-3613
-3396
-2797
-844
1652
3024
3447
3951
4170
3739
3534
3668
3211
2112
1136
728
606
271
-29
382
1125
1761
2440
3057
3295
3509
3600
3395
3150
2981
2730
2899
3781
5333
5740
470
-10452
-18858
-20341
-20009
-19791
-15217
-5776
3736
10429
14057
14249
10204
3443
-2171
-5086
-7357
-9201
-8347
-5047
-2106
-958
-896
-1101
-1455
-1673
-642
1540
3622
5270
6692
6960
5521
3096
505
-1791
-3375
-3789
-2797
-1163
-131
592
1752
2480
2164
1754
1784
1887
2458
3528
4312
4243
3555
2577
1485
244
-817
-1179
-926
-241
806
1848
2703
3550
4068
3950
3603
3458
3164
2556
1903
1805
2588
4111
2735
-5114
-15158
-19175
-18113
-17735
-15874
-8102
1773
7893
10694
11989
9901
3732
-2362
-4947
-5965
-7242
-6966
-4263
-1563
-669
-956
-1497
-2135
-2472
-1293
1510
4080
5287
5982
6481
5442
2665
-101
-1553
-2242
-2488
-1561
217
1082
692
422
629
528
440
1183
2396
3273
4162
5104
5017
3568
2050
1100
192
-646
-721
-165
235
578
1611
3007
3656
3764
4103
4679
4689
3933
2814
1978
1657
2552
3263
-1516
-12045
-19030
-18188
-16544
-16338
-11421
-1729
5929
9289
10548
9840
5587
-665
-4671
-5272
-5480
-6091
-4997
-2439
-1221
-1909
-2870
-3052
-2737
-1613
1042
4141
5683
5954
6161
5437
2846
32
-1136
-1127
-1309
-1281
-96
1060
629
-325
-276
31
225
1237
2929
3983
4413
4675
4544
3419
1788
644
287
-138
-421
160
973
1026
1115
1766
2321
2652
3288
3905
4122
4147
3913
3252
2328
1581
1936
3108
-120
-10097
-18651
-18493
-15572
-15100
-11786
-2577
5630
8486
8827
8427
4704
-1412
-4969
-4648
-4134
-4472
-3596
-1680
-1148
-2390
-3797
-4225
-3515
-1715
1271
4564
6323
6151
5651
5035
2851
-278
-1573
-592
330
317
557
1022
446
-785
-1381
-1155
-666
537
2717
4609
4944
4685
4587
3796
2230
1120
484
-246
-527
-20
661
876
1026
1638
2592
3185
3462
3554
3597
3565
3435
3258
3125
2778
3149
3698
-960
-12023
-20156
-19330
-16119
-14601
-9705
-102
7206
8636
7309
5815
2463
-2591
-5292
-3834
-1895
-1911
-2141
-1586
-2000
-3923
-5467
-5276
-3583
-800
2837
5938
6854
5699
4354
3461
1926
-278
-943
599
2074
1835
875
17
-1100
-2219
-2419
-1594
-114
1911
3913
4954
4892
4383
3624
2551
1599
1269
1239
875
305
65
162
239
468
1152
2317
3498
4173
4190
3854
3294
2626
2185
1960
2118
3378
5006
1902
-8366
-18496
-19968
-16533
-14757
-11558
-2671
5918
8130
6502
5040
2326
-2224
-4728
-3161
-943
-775
-1267
-1316
-2162
-4316
-6072
-5912
-4138
-1441
2223
5890
7218
5684
3701
2906
2075
394
-316
997
2495
2506
1492
76
-1721
-3042
-2836
-1523
-2
1940
4179
5400
4991
3976
3180
2353
1534
1390
1885
1909
1216
456
-57
-535
-548
268
1628
2974
4145
4793
4322
3085
2223
2052
2053
2259
2962
4482
4027
-3198
-14685
-20056
-17448
-14620
-12803
-6298
2810
7162
5772
3337
1500
-1139
-3684
-3196
-408
1074
411
-711
-2258
-4810
-6884
-6500
-4144
-1613
977
4363
6813
5833
2872
1558
2006
1803
1260
2177
3732
3639
1911
-210
-2209
-3784
-3834
-2029
381
2343
3869
4808
4512
3431
2554
2303
2145
2105
2408
2748
2116
713
-464
-943
-851
-91
1319
2826
3920
4328
4195
3311
2377
1852
1624
1273
1822
3504
5503
3531
-5652
-16412
-19028
-15463
-13557
-11626
-4501
3569
5885
3590
1087
-712
-2476
-2816
-757
1763
2316
1073
-1003
-3739
-6446
-7246
-5462
-2773
-765
1382
4520
6229
4202
1104
915
2620
3277
3167
3646
3947
2831
601
-1573
-3128
-3792
-2837
-474
1624
2870
3866
4182
3302
2302
2142
2548
2935
3072
2902
2446
1457
29
-1105
-1467
-1021
198
1645
2614
3177
3491
3173
2342
1615
1480
1759
2263
2734
3199
3781
4216
756
-8650
-17333
-17336
-12795
-10801
-8924
-2806
3249
3834
425
-1907
-1707
-870
-182
1460
3085
2607
172
-2542
-5071
-6819
-6320
-3353
-406
680
1377
3147
3934
2127
398
1291
3324
4296
4435
4263
3410
1712
-211
-1888
-3106
-3154
-1454
729
1769
2105
2580
2676
2219
1998
2576
3647
4287
3854
2820
1685
504
-456
-882
-884
-328
899
2207
2720
2369
1994
2306
2596
2180
2011
2564
2642
2239
2936
4604
3793
-3248
-13550
-18076
-14514
-10720
-9845
-6346
329
3276
513
-2662
-2765
-1363
-151
1577
3782
4236
2062
-922
-3759
-6537
-7342
-4515
-648
789
449
887
1954
1727
496
661
2691
4493
4984
4870
4293
2730
703
-718
-1458
-1906
-1566
-320
551
435
474
1108
1719
2271
3162
4155
4917
4908
3819
2311
1159
330
-254
-460
-400
19
703
1322
1450
1280
1237
1776
2239
2467
2673
2863
2701
2806
3130
3485
1765
-5067
-14072
-16132
-11021
-8000
-8807
-6546
-1274
383
-2384
-4341
-2632
596
2641
3542
4086
3248
817
-1610
-3657
-5641
-5760
-2978
-6
344
-902
-1055
61
606
636
1952
4271
5452
5209
4687
3983
2670
1299
338
-573
-1406
-1341
-479
-112
-371
-245
407
1035
1985
3384
4472
4760
4535
3816
2550
1254
497
274
345
513
552
530
577
746
1065
1728
2169
2196
2313
2867
3101
2806
2692
3465
2841
-3048
-11981
-15125
-10743
-7599
-8930
-8118
-3279
-868
-3041
-5017
-3512
-69
2856
4258
4255
2859
587
-1106
-2226
-4047
-5245
-3241
0
316
-1740
-2399
-1193
-183
513
2229
4434
5551
5376
4656
3588
2410
1598
1203
588
-265
-805
-683
-478
-542
-500
144
1140
2049
2680
3135
3598
3957
3867
3213
2310
1578
1253
1028
437
-231
-350
-60
141
337
787
1499
2044
2019
1788
1850
1984
2048
2535
3380
3822
1085
-6380
-13452
-13027
-8486
-7574
-8609
-5959
-2292
-2234
-3927
-3890
-1824
1109
3279
3449
2292
993
-32
-810
-1918
-3427
-3382
-1333
-142
-1052
-1711
-1167
-651
-88
1252
2840
4104
4970
4941
3892
2714
2107
1828
1344
610
128
5
-158
-431
-266
271
756
1132
1687
2197
2564
2969
3116
2702
2357
2306
1866
1086
679
611
604
607
443
232
402
808
1027
1152
1566
2147
2595
2773
2962
3342
3844
1929
-4909
-12434
-12649
-7428
-5798
-7939
-7023
-3615
-3018
-4746
-5024
-3095
-108
2371
2910
1769
557
77
250
12
-1431
-2488
-1324
-16
-914
-2196
-1730
-820
-547
200
1707
3041
3838
4074
3564
2786
2432
2398
2223
1800
1362
988
564
-41
-416
-252
282
806
1355
1872
2141
2206
2400
2597
2420
2125
2218
2266
1563
656
552
804
542
108
278
753
945
847
954
1402
1777
1905
2091
2380
2794
3010
217
-6774
-11925
-9517
-4943
-5350
-7396
-5822
-3800
-4841
-6213
-5114
-2416
468
2321
2160
776
-34
324
948
482
-1005
-1489
-290
172
-1181
-1955
-1066
-415
-561
-64
1124
2091
3024
3889
3787
2997
2712
2817
2493
1956
1668
1363
824
240
-255
-443
-100
581
1259
1773
1920
1788
1902
2314
2447
2292
2361
2406
1874
1144
791
761
907
1057
859
503
537
959
1348
1459
1350
1458
2051
2687
2037
-1594
-7195
-9643
-6660
-3836
-5537
-7389
-5503
-3848
-5525
-6919
-5056
-1941
218
1152
808
-287
-586
359
1131
561
-540
-588
188
30
-1113
-1444
-691
-264
-353
-11
883
1867
2779
3354
3337
2996
2678
2356
1993
1700
1610
1669
1595
1137
488
126
267
700
1129
1461
1694
1732
1631
1636
1815
1955
2004
1981
1764
1373
1083
973
986
1049
1015
892
914
963
908
930
1041
956
964
1470
1912
543
-3447
-7428
-7471
-4616
-3905
-5923
-6289
-4473
-4315
-6069
-6090
-3659
-1239
-108
73
-483
-1164
-887
263
894
478
72
365
464
-296
-988
-646
273
855
926
823
928
1429
2033
2291
2264
2197
2025
1755
1654
1726
1785
1895
2030
1801
1191
816
1053
1474
1577
1474
1480
1466
1197
842
815
1173
1519
1507
1278
1156
1136
1098
1105
1127
1001
820
761
637
277
-14
55
216
149
70
244
-18
-1680
-4006
-4902
-4023
-3404
-3945
-4060
-3126
-2869
-3994
-4807
-4236
-3114
-2196
-1518
-1229
-1367
-1418
-1040
-496
-187
-41
297
717
717
375
387
898
1359
1476
1439
1356
1241
1197
1232
1234
1249
1340
1416
1423
1466
1526
1545
1626
1779
1732
1422
1202
1265
1344
1279
1246
1332
1359
1185
878
657
627
672
664
656
670
643
491
149
-255
-450
-398
-354
-448
-524
-423
-234
-188
-222
-67
281
536
530
253
-184
-555
-720
-722
-709
-881
-1416
-2136
-2593
-2550
-2227
-2012
-2036
-2130
-2162
-2183
-2258
-2328
-2231
-1825
-1250
-869
-803
-813
-704
-526
-384
-232
-3
223
358
475
620
704
719
797
927
979
973
1038
1142
1186
1203
1240
1285
1353
1453
1554
1593
1523
1406
1354
1345
1324
1380
1573
1795
1902
1841
1591
1211
881
731
762
856
887
871
877
816
660
616
799
1016
1050
903
579
19
-612
-995
-1065
-1060
-1208
-1652
-2284
-2691
-2659
-2490
-2509
-2667
-2821
-2955
-3068
-3108
-3002
-2722
-2339
-2007
-1852
-1856
-1823
-1592
-1210
-853
-569
-300
-44
138
225
239
250
357
568
758
858
966
1164
1349
1404
1410
1482
1604
1713
1783
1822
1836
1810
1741
1701
1734
1805
1872
1944
2012
2000
1788
1418
1127
1030
1043
1113
1203
1198
1065
906
763
640
585
618
700
728
620
394
135
-184
-571
-857
-923
-917
-980
-1120
-1455
-2072
-2651
-2806
-2679
-2659
-2773
-2802
-2798
-2916
-3064
-3027
-2810
-2542
-2297
-2034
-1742
-1511
-1321
-1049
-720
-476
-306
-180
-109
11
220
417
615
906
1153
1200
1157
1177
1282
1454
1634
1732
1752
1761
1750
1683
1604
1631
1780
1928
1968
1919
1856
1767
1659
1563
1487
1444
1477
1546
1515
1321
1058
797
541
354
317
406
483
465
370
253
134
28
20
124
155
-81
-484
-850
-1104
-1226
-1293
-1540
-2080
-2609
-2761
-2602
-2504
-2620
-2767
-2800
-2807
-2847
-2790
-2564
-2251
-1942
-1708
-1642
-1696
-1621
-1280
-829
-454
-150
124
304
370
413
504
669
878
1049
1155
1263
1360
1365
1327
1369
1480
1577
1629
1645
1649
1661
1660
1663
1739
1818
1764
1655
1693
1812
1831
1796
1735
1543
1230
955
792
756
816
884
866
764
609
453
397
430
450
450
478
489
371
12
-535
-1003
-1232
-1334
-1399
-1464
-1756
-2299
-2620
-2525
-2399
-2457
-2521
-2597
-2801
-2969
-2919
-2768
-2651
-2499
-2238
-1949
-1761
-1654
-1440
-1054
-670
-429
-239
-21
195
391
579
769
955
1090
1076
959
930
1058
1248
1418
1546
1615
1621
1587
1563
1597
1693
1832
1968
2009
1932
1875
1940
2000
1883
1627
1405
1285
1220
1204
1248
1272
1165
971
798
654
534
474
482
523
556
498
321
102
-75
-191
-316
-587
-969
-1205
-1204
-1149
-1234
-1574
-2106
-2491
-2501
-2400
-2478
-2664
-2796
-2898
-2994
-3009
-2871
-2611
-2308
-2059
-1920
-1858
-1731
-1409
-970
-564
-208
102
263
298
347
436
516
636
817
998
1156
1272
1301
1279
1310
1413
1510
1585
1677
1771
1806
1790
1804
1831
1819
1790
1797
1775
1672
1610
1666
1693
1567
1377
1256
1170
1056
959
911
828
699
630
630
574
449
347
257
143
52
46
68
-29
-355
-800
-1115
-1222
-1224
-1252
-1454
-1934
-2487
-2746
-2658
-2533
-2575
-2718
-2845
-2936
-2961
-2912
-2807
-2590
-2230
-1856
-1647
-1543
-1327
-983
-664
-413
-173
4
94
201
388
591
784
989
1136
1162
1141
1194
1305
1427
1584
1734
1784
1754
1740
1737
1747
1848
2013
2053
1926
1804
1752
1683
1582
1517
1474
1392
1318
1288
1237
1120
997
898
788
674
613
583
505
375
249
142
20
-101
-150
-90
-18
-115
-447
-848
-1108
-1216
-1296
-1466
-1794
-2234
-2563
-2595
-2448
-2425
-2610
-2804
-2867
-2826
-2718
-2548
-2379
-2216
-1995
-1776
-1687
-1648
-1431
-1006
-561
-255
-76
51
214
401
514
585
751
994
1140
1171
1232
1350
1431
1493
1609
1731
1772
1787
1844
1870
1812
1762
1785
1775
1669
1581
1619
1691
1699
1657
1601
1511
1386
1269
1162
1055
942
831
724
585
402
249
213
263
319
382
404
274
38
-138
-257
-508
-866
-1114
-1175
-1168
-1211
-1434
-1906
-2413
-2614
-2506
-2379
-2376
-2434
-2546
-2720
-2828
-2773
-2619
-2451
-2231
-1960
-1737
-1590
-1422
-1174
-873
-562
-257
-11
126
231
398
576
677
736
833
965
1103
1270
1448
1594
1699
1761
1748
1673
1622
1634
1663
1721
1840
1951
1932
1825
1734
1696
1686
1673
1604
1443
1264
1155
1096
1008
905
849
819
751
642
556
499
419
291
147
17
-97
-186
-202
-130
-69
-210
-594
-1022
-1272
-1300
-1251
-1304
-1594
-2037
-2349
-2401
-2375
-2473
-2645
-2746
-2776
-2773
-2713
-2564
-2368
-2156
-1933
-1726
-1571
-1421
-1163
-806
-462
-241
-126
-53
75
297
548
767
950
1095
1148
1125
1139
1236
1373
1529
1707
1852
1883
1810
1725
1717
1780
1846
1880
1872
1803
1674
1565
1538
1553
1534
1482
1452
1421
1333
1190
1035
886
734
583
444
311
198
140
135
131
78
-5
-72
-107
-117
-148
-312
-618
-923
-1091
-1136
-1188
-1409
-1847
-2315
-2532
-2463
-2342
-2334
-2430
-2557
-2696
-2788
-2745
-2568
-2334
-2093
-1874
-1723
-1624
-1472
-1190
-844
-515
-216
29
189
282
368
458
553
716
968
1202
1351
1455
1535
1571
1590
1633
1680
1700
1722
1761
1775
1771
1789
1796
1744
1706
1729
1749
1712
1642
1549
1405
1236
1100
993
906
875
859
762
584
437
367
336
323
308
254
162
77
21
-6
-25
-109
-371
-762
-1113
-1274
-1270
-1261
-1422
-1770
-2125
-2328
-2397
-2447
-2528
-2615
-2694
-2753
-2767
-2717
-2578
-2343
-2071
-1858
-1722
-1581
-1365
-1081
-784
-500
-250
-57
114
293
486
689
897
1079
1179
1183
1153
1177
1294
1476
1653
1767
1807
1814
1820
1821
1818
1819
1831
1842
1808
1721
1609
1517
1469
1465
1472
1437
1339
1201
1044
894
780
718
680
615
505
364
233
145
92
36
-56
-151
-220
-256
-256
-250
-301
-474
-744
-995
-1140
-1232
-1411
-1754
-2174
-2460
-2511
-2427
-2377
-2432
-2538
-2614
-2620
-2557
-2436
-2268
-2061
-1848
-1663
-1506
-1334
-1092
-771
-407
-66
175
300
361
430
532
662
825
1016
1196
1313
1359
1394
1482
1610
1710
1741
1727
1708
1698
1678
1663
1683
1744
1781
1739
1643
1561
1518
1479
1410
1311
1228
1166
1096
991
853
715
583
444
297
175
114
110
116
103
84
66
44
-1
-62
-152
-304
-557
-879
-1149
-1275
-1277
-1306
-1500
-1843
-2169
-2327
-2330
-2309
-2366
-2487
-2593
-2627
-2586
-2485
-2327
-2109
-1879
-1685
-1533
-1379
-1164
-883
-589
-327
-105
93
285
460
618
759
898
1024
1116
1175
1233
1332
1453
1549
1593
1602
1615
1638
1651
1648
1662
1709
1766
1785
1752
1714
1710
1709
1667
1549
1385
1211
1054
921
813
727
658
600
547
491
420
330
232
155
112
87
35
-53
-131
-154
-136
-161
-308
-578
-869
-1079
-1189
-1280
-1454
-1739
-2056
-2280
-2347
-2312
-2292
-2352
-2473
-2588
-2627
-2569
-2424
-2228
-2014
-1804
-1615
-1436
-1245
-1014
-738
-444
-172
53
221
347
456
583
753
942
1104
1178
1168
1144
1171
1268
1393
1522
1641
1738
1790
1800
1800
1821
1861
1869
1825
1730
1608
1495
1420
1386
1372
1345
1262
1130
987
860
745
637
533
450
384
318
250
200
178
161
111
21
-75
-133
-158
-200
-314
-525
-799
-1056
-1214
-1269
-1324
-1504
-1845
-2213
-2440
-2457
-2371
-2329
-2375
-2458
-2498
-2465
-2365
-2210
-2009
-1785
-1587
-1428
-1277
-1086
-825
-511
-199
57
218
290
332
399
517
682
852
995
1102
1183
1272
1383
1506
1611
1664
1673
1668
1673
1685
1697
1711
1730
1727
1685
1617
1562
1529
1498
1435
1331
1199
1072
971
891
822
760
694
616
528
433
332
228
134
74
53
38
-13
-89
-144
-161
-176
-283
-529
-858
-1132
-1276
-1346
-1464
-1696
-2010
-2268
-2380
-2372
-2337
-2362
-2447
-2541
-2566
-2487
-2315
-2093
-1864
-1650
-1467
-1310
-1163
-994
-782
-543
-302
-85
90
239
375
520
676
839
991
1109
1171
1207
1270
1382
1523
1652
1740
1774
1764
1726
1688
1686
1734
1792
1798
1722
1613
1526
1489
1484
1467
1425
1352
1240
1080
901
739
627
552
478
386
293
231
185
138
77
15
-40
-97
-171
-260
-340
-415
-535
-744
-1013
-1235
-1341
-1375
-1473
-1714
-2037
-2278
-2346
-2286
-2224
-2246
-2319
-2372
-2370
-2314
-2210
-2048
-1829
-1604
-1429
-1310
-1188
-983
-699
-399
-140
56
205
321
424
537
685
857
1007
1103
1158
1215
1305
1414
1509
1580
1648
1720
1760
1738
1678
1638
1650
1682
1681
1631
1578
1549
1530
1479
1384
1270
1167
1073
969
861
776
720
656
559
433
319
242
177
108
35
-23
-71
-139
-230
-315
-357
-382
-474
-699
-998
-1230
-1323
-1341
-1429
-1658
-1979
-2228
-2316
-2278
-2235
-2244
-2285
-2313
-2306
-2263
-2172
-2025
-1829
-1625
-1443
-1294
-1131
-906
-634
-372
-169
-8
143
291
420
534
654
799
959
1080
1145
1189
1261
1367
1478
1553
1606
1660
1704
1715
1710
1719
1762
1797
1767
1671
1560
1502
1495
1484
1418
1304
1180
1073
964
853
754
679
609
523
415
317
252
210
160
99
55
8
-72
-195
-314
-381
-415
-510
-743
-1054
-1301
-1402
-1417
-1497
-1701
-1958
-2151
-2228
-2239
-2260
-2312
-2360
-2377
-2359
-2291
-2165
-1988
-1791
-1612
-1474
-1336
-1142
-891
-615
-361
-150
17
165
297
413
529
666
813
967
1108
1202
1264
1321
1400
1497
1598
1679
1720
1728
1715
1694
1693
1726
1760
1764
1719
1646
1572
1508
1432
1324
1207
1108
1029
954
867
766
667
578
486
388
292
208
120
13
-103
-198
-258
-294
-344
-407
-453
-480
-508
-614
-835
-1089
-1255
-1324
-1372
-1495
-1729
-1997
-2159
-2173
-2123
-2104
-2142
-2205
-2230
-2189
-2083
-1932
-1750
-1548
-1344
-1164
-1028
-902
-739
-540
-318
-89
106
245
358
482
615
741
850
936
1024
1124
1230
1319
1394
1461
1537
1617
1662
1660
1626
1586
1570
1578
1584
1566
1553
1538
1512
1472
1417
1353
1282
1196
1072
929
797
695
612
514
389
272
194
158
131
85
6
-86
-185
-277
-346
-381
-389
-407
-508
-724
-990
-1196
-1303
-1353
-1449
-1658
-1922
-2122
-2188
-2156
-2112
-2101
-2117
-2133
-2137
-2119
-2050
-1912
-1713
-1496
-1311
-1169
-1022
-816
-580
-353
-164
-14
111
220
336
481
663
850
989
1062
1094
1139
1237
1357
1458
1525
1562
1588
1608
1628
1644
1662
1695
1725
1730
1699
1638
1558
1469
1393
1343
1293
1206
1073
919
785
691
633
579
500
382
253
142
63
28
23
18
-31
-144
-289
-408
-465
-488
-561
-754
-1025
-1258
-1359
-1367
-1405
-1580
-1859
-2107
-2211
-2192
-2145
-2131
-2151
-2167
-2154
-2106
-2012
-1860
-1657
-1451
-1287
-1166
-1044
-868
-639
-389
-154
49
212
314
368
425
528
693
878
1022
1103
1149
1210
1309
1423
1522
1591
1638
1672
1678
1669
1656
1667
1691
1706
1686
1628
1554
1482
1407
1322
1226
1127
1030
918
800
697
624
564
479
357
208
85
8
-40
-99
-179
-258
-325
-375
-422
-472
-515
-570
-657
-816
-1022
-1194
-1278
-1297
-1337
-1466
-1686
-1919
-2057
-2069
-2027
-1990
-1980
-1981
-1986
-1976
-1918
-1790
-1606
-1394
-1197
-1048
-940
-813
-623
-392
-159
60
249
381
467
541
638
771
925
1057
1135
1184
1251
1343
1425
1488
1535
1573
1597
1601
1576
1551
1558
1592
1620
1593
1527
1454
1393
1333
1261
1173
1069
959
836
710
600
527
482
425
333
220
124
59
12
-40
-109
-182
-251
-325
-394
-435
-444
-463
-571
-801
-1078
-1283
-1356
-1334
-1351
-1498
-1740
-1971
-2091
-2089
-2016
-1951
-1933
-1956
-1987
-1976
-1887
-1717
-1506
-1310
-1161
-1043
-914
-738
-532
-330
-145
25
183
322
432
540
668
815
948
1048
1112
1176
1261
1345
1422
1481
1529
1575
1604
1608
1602
1605
1622
1626
1595
1532
1469
1422
1382
1332
1254
1162
1062
962
868
773
680
579
472
362
263
180
113
45
-31
-109
-172
-235
-319
-419
-503
-538
-538
-560
-672
-869
-1083
-1231
-1286
-1307
-1386
-1565
-1792
-1967
-2019
-1962
-1888
-1868
-1908
-1963
-1973
-1905
-1771
-1595
-1413
-1249
-1114
-989
-849
-665
-442
-205
3
158
252
311
387
507
673
841
964
1034
1077
1144
1244
1355
1442
1489
1504
1510
1511
1510
1520
1541
1560
1559
1523
1460
1393
1345
1311
1278
1220
1125
1006
877
773
700
648
581
479
355
234
137
63
6
-48
-102
-153
-215
-290
-373
-449
-501
-535
-586
-694
-865
-1059
-1210
-1278
-1300
-1346
-1464
-1644
-1819
-1913
-1912
-1861
-1815
-1799
-1810
-1828
-1820
-1761
-1631
-1436
-1224
-1039
-916
-825
-719
-556
-335
-102
99
243
340
420
513
615
738
873
999
1100
1167
1213
1257
1317
1395
1468
1512
1519
1503
1493
1509
1547
1584
1582
1528
1447
1374
1322
1289
1249
1178
1073
942
813
703
614
537
455
363
266
173
87
4
-69
-133
-192
-244
-312
-399
-487
-556
-595
-624
-680
-800
-984
-1166
-1279
-1306
-1299
-1343
-1480
-1687
-1870
-1943
-1905
-1825
-1766
-1761
-1795
-1822
-1797
-1695
-1525
-1321
-1124
-965
-847
-739
-602
-424
-220
-13
179
334
446
533
617
720
857
1002
1120
1194
1231
1278
1342
1408
1471
1516
1545
1555
1544
1523
1504
1504
1519
1513
1465
1384
1304
1244
1191
1124
1040
939
840
746
644
541
443
352
254
142
28
-63
-127
-176
-232
-300
-366
-426
-475
-522
-573
-602
-617
-644
-735
-901
-1091
-1215
-1247
-1235
-1270
-1408
-1606
-1772
-1836
-1808
-1757
-1731
-1731
-1748
-1746
-1695
-1583
-1417
-1236
-1072
-938
-817
-676
-503
-318
-143
12
162
309
440
543
637
743
868
996
1100
1172
1219
1273
1346
1429
1500
1543
1554
1544
1523
1499
1485
1477
1465
1438
1386
1318
1243
1168
1098
1022
939
843
745
639
532
429
340
260
181
93
2
-77
-135
-176
-218
-265
-327
-398
-477
-549
-596
-607
-610
-649
-755
-925
-1096
-1204
-1234
-1235
-1274
-1382
-1542
-1691
-1770
-1761
-1702
-1644
-1614
-1615
-1617
-1585
-1489
-1336
-1158
-988
-847
-726
-601
-454
-280
-94
78
228
356
465
567
676
788
892
982
1058
1125
1177
1229
1285
1339
1382
1416
1440
1436
1422
1406
1390
1375
1361
1345
1310
1253
1190
1125
1063
1000
930
849
746
634
535
446
365
276
185
91
-2
-79
-135
-182
-234
-285
-336
-390
-453
-513
-559
-592
-607
-629
-692
-814
-976
-1115
-1188
-1209
-1232
-1318
-1465
-1618
-1712
-1722
-1677
-1633
-1614
-1611
-1601
-1560
-1479
-1355
-1204
-1036
-865
-709
-572
-438
-287
-114
63
226
358
458
545
638
742
850
953
1043
1110
1157
1206
1270
1322
1360
1388
1406
1406
1390
1370
1349
1325
1318
1313
1286
1228
1160
1108
1058
1010
944
855
737
615
518
446
366
273
178
73
-24
-95
-138
-174
-228
-291
-352
-413
-466
-506
-543
-585
-625
-650
-686
-773
-901
-1028
-1120
-1170
-1203
-1263
-1379
-1524
-1622
-1630
-1596
-1562
-1538
-1524
-1509
-1467
-1393
-1290
-1169
-1025
-876
-737
-604
-461
-299
-142
9
149
280
406
523
632
718
793
871
960
1044
1114
1166
1206
1240
1272
1301
1326
1346
1354
1349
1330
1309
1287
1276
1254
1215
1155
1085
1016
946
875
797
714
627
539
443
347
252
168
97
32
-43
-118
-186
-243
-286
-323
-357
-396
-445
-500
-553
-597
-629
-660
-714
-814
-944
-1063
-1130
-1150
-1168
-1236
-1355
-1481
-1552
-1546
-1492
-1443
-1423
-1423
-1416
-1370
-1276
-1145
-1004
-867
-737
-624
-511
-381
-228
-63
88
223
340
439
526
615
709
802
891
963
1019
1057
1100
1144
1187
1229
1256
1274
1284
1283
1277
1262
1249
1231
1207
1168
1115
1056
998
945
891
822
741
652
567
489
412
331
247
166
93
21
-52
-123
-188
-241
-277
-308
-344
-392
-458
-524
-576
-605
-621
-652
-723
-835
-964
-1062
-1111
-1132
-1163
-1230
-1329
-1430
-1491
-1500
-1477
-1437
-1403
-1380
-1361
-1327
-1256
-1143
-999
-850
-712
-590
-475
-349
-200
-38
117
259
383
492
582
667
756
849
940
1017
1078
1117
1148
1183
1222
1255
1276
1282
1275
1258
1234
1213
1194
1172
1147
1107
1052
994
939
889
835
772
704
628
544
457
367
284
209
142
76
-4
-93
-172
-225
-259
-281
-301
-335
-392
-461
-522
-562
-579
-597
-639
-730
-862
-997
-1082
-1122
-1147
-1192
-1281
-1402
-1500
-1535
-1513
-1466
-1421
-1390
-1376
-1357
-1306
-1202
-1062
-904
-747
-615
-515
-416
-284
-115
62
227
363
462
530
597
688
793
896
975
1022
1042
1062
1102
1155
1196
1218
1230
1234
1225
1208
1198
1189
1179
1170
1151
1102
1032
963
920
883
840
781
690
578
469
386
328
277
215
139
51
-42
-118
-163
-187
-215
-255
-306
-366
-430
-493
-538
-566
-587
-628
-702
-821
-947
-1035
-1081
-1112
-1159
-1237
-1349
-1457
-1511
-1501
-1462
-1417
-1385
-1373
-1367
-1336
-1254
-1118
-959
-803
-673
-577
-492
-382
-226
-45
138
285
389
455
518
605
717
834
933
1006
1044
1066
1086
1118
1161
1201
1236
1251
1242
1224
1204
1186
1172
1163
1145
1120
1082
1035
975
914
853
787
717
637
555
468
382
300
220
138
51
-29
-101
-164
-217
-258
-295
-335
-375
-420
-474
-532
-565
-586
-607
-640
-705
-806
-927
-1015
-1059
-1087
-1123
-1177
-1268
-1377
-1445
-1453
-1424
-1382
-1338
-1306
-1296
-1271
-1193
-1075
-938
-781
-635
-520
-424
-307
-167
-29
120
271
390
476
558
638
715
797
891
968
1005
1037
1076
1107
1138
1175
1202
1212
1209
1213
1211
1196
1183
1168
1141
1108
1069
1017
956
894
832
764
677
598
518
427
334
249
163
83
16
-47
-116
-191
-250
-294
-333
-360
-381
-424
-473
-508
-541
-565
-593
-630
-706
-809
-898
-965
-1009
-1047
-1105
-1196
-1300
-1380
-1410
-1394
-1362
-1329
-1313
-1309
-1292
-1240
-1141
-1005
-863
-730
-621
-524
-416
-280
-121
42
189
306
404
491
575
665
757
839
909
970
1007
1030
1059
1088
1121
1153
1178
1183
1170
1150
1133
1123
1120
1113
1097
1060
1002
943
893
841
782
720
646
563
480
401
322
243
167
98
33
-28
-81
-137
-194
-243
-284
-321
-359
-399
-444
-484
-514
-544
-586
-653
-751
-853
-932
-982
-1024
-1073
-1147
-1254
-1353
-1413
-1427
-1399
-1359
-1332
-1323
-1317
-1287
-1221
-1108
-964
-821
-694
-585
-483
-367
-227
-72
84
220
328
414
495
581
679
778
863
927
971
1011
1057
1108
1154
1189
1210
1219
1215
1203
1187
1170
1148
1127
1099
1059
1011
956
901
846
800
754
697
627
539
447
361
288
217
147
71
-12
-90
-164
-224
-268
-298
-325
-356
-396
-442
-484
-516
-534
-550
-587
-660
-768
-883
-968
-1023
-1055
-1094
-1163
-1264
-1360
-1411
-1410
-1368
-1312
-1268
-1246
-1228
-1190
-1117
-997
-856
-716
-592
-486
-389
-281
-152
-11
131
260
370
459
532
604
675
751
828
895
948
988
1017
1040
1064
1089
1116
1139
1150
1144
1136
1124
1114
1104
1091
1068
1030
981
923
870
813
750
679
596
508
417
334
260
190
120
40
-42
-120
-185
-235
-273
-300
-331
-374
-426
-476
-515
-536
-552
-576
-625
-704
-801
-893
-957
-992
-1024
-1070
-1139
-1225
-1298
-1334
-1332
-1300
-1262
-1232
-1210
-1188
-1147
-1069
-952
-815
-681
-555
-448
-347
-236
-108
34
172
297
402
476
540
603
667
745
820
885
934
964
986
1010
1043
1078
1107
1126
1130
1118
1105
1091
1074
1056
1031
995
953
906
855
801
736
669
599
533
465
391
314
234
157
93
35
-20
-72
-126
-180
-224
-255
-282
-308
-343
-392
-441
-477
-503
-539
-592
-675
-784
-886
-960
-1010
-1051
-1101
-1189
-1288
-1368
-1394
-1374
-1319
-1270
-1243
-1237
-1226
-1169
-1055
-896
-738
-609
-515
-438
-347
-224
-68
94
230
331
401
454
519
603
696
787
864
912
938
964
993
1030
1070
1104
1128
1137
1133
1118
1100
1081
1066
1049
1025
986
935
872
804
743
683
629
571
496
411
323
246
190
146
101
44
-21
-87
-138
-167
-186
-206
-246
-302
-368
-423
-458
-486
-521
-584
-672
-775
-870
-939
-985
-1026
-1082
-1163
-1253
-1323
-1354
-1346
-1319
-1286
-1267
-1256
-1238
-1187
-1096
-972
-831
-696
-590
-494
-397
-279
-129
31
179
294
384
445
508
582
674
769
851
901
927
939
957
996
1048
1098
1128
1133
1116
1094
1086
1092
1100
1092
1061
1005
940
878
831
789
739
676
594
505
418
346
289
236
185
121
45
-26
-90
-138
-173
-203
-236
-277
-333
-393
-447
-490
-514
-538
-571
-632
-717
-815
-899
-954
-989
-1018
-1071
-1153
-1244
-1315
-1334
-1316
-1275
-1236
-1215
-1204
-1182
-1124
-1023
-891
-751
-621
-516
-426
-328
-208
-66
81
218
328
409
472
535
614
701
789
863
912
946
974
1003
1041
1082
1118
1145
1154
1143
1120
1100
1084
1079
1063
1027
969
897
833
783
742
699
637
556
463
380
313
261
212
150
75
-9
-84
-135
-171
-195
-224
-264
-316
-375
-426
-465
-486
-507
-547
-621
-722
-828
-908
-951
-984
-1024
-1095
-1185
-1268
-1315
-1316
-1291
-1255
-1229
-1207
-1182
-1138
-1066
-969
-848
-728
-617
-520
-430
-325
-206
-71
60
176
269
351
432
515
604
686
763
820
870
915
959
1002
1039
1070
1091
1101
1100
1097
1086
1077
1064
1043
1008
966
916
860
813
770
726
673
607
534
457
386
323
273
220
158
86
7
-59
-112
-153
-188
-224
-269
-322
-377
-422
-458
-491
-517
-558
-614
-682
-754
-825
-879
-924
-969
-1017
-1078
-1137
-1188
-1209
-1210
-1193
-1169
-1145
-1115
-1079
-1026
-955
-859
-755
-650
-548
-452
-350
-240
-119
0
110
212
301
382
462
541
617
688
751
807
857
899
941
983
1016
1037
1052
1060
1062
1059
1052
1037
1015
984
949
906
859
815
771
725
676
620
553
485
416
352
300
249
192
128
59
-12
-75
-120
-152
-180
-214
-260
-317
-370
-417
-451
-480
-512
-562
-634
-722
-808
-877
-927
-967
-1009
-1069
-1141
-1208
-1246
-1255
-1237
-1206
-1176
-1155
-1129
-1080
-1005
-907
-799
-688
-583
-485
-385
-270
-147
-18
98
202
291
375
466
556
643
718
783
832
875
917
962
1005
1037
1055
1060
1055
1052
1050
1045
1039
1021
991
961
918
875
834
789
745
692
636
571
501
424
354
284
219
156
95
30
-41
-103
-159
-207
-242
-266
-293
-329
-366
-409
-446
-476
-496
-523
-564
-626
-706
-788
-855
-906
-954
-1001
-1058
-1125
-1185
-1221
-1224
-1204
-1170
-1135
-1100
-1061
-1010
-935
-838
-731
-621
-518
-421
-326
-223
-109
3
116
223
316
400
479
557
633
710
780
842
893
933
969
1000
1027
1050
1067
1071
1067
1057
1044
1031
1017
996
970
932
888
836
786
736
682
624
558
484
406
330
260
199
141
82
17
-49
-110
-161
-200
-234
-268
-305
-350
-401
-453
-498
-534
-573
-621
-688
-770
-853
-925
-985
-1031
-1071
-1117
-1169
-1213
-1238
-1236
-1210
-1170
-1119
-1071
-1022
-968
-899
-811
-709
-602
-500
-406
-317
-223
-121
-8
104
212
310
397
479
563
647
725
794
853
899
939
974
1007
1037
1057
1069
1069
1061
1047
1030
1016
1001
972
934
884
829
778
724
672
620
562
499
424
355
293
233
182
133
75
21
-38
-93
-140
-181
-213
-242
-279
-325
-375
-428
-471
-506
-543
-579
-631
-692
-759
-827
-877
-917
-952
-984
-1025
-1069
-1104
-1122
-1114
-1091
-1062
-1031
-1001
-966
-914
-840
-749
-650
-556
-462
-370
-274
-168
-57
55
155
246
327
403
475
548
615
674
727
768
805
840
875
905
932
951
965
973
981
985
979
975
960
941
919
886
853
816
772
718
660
596
531
467
400
336
276
217
156
95
40
-11
-52
-88
-123
-163
-207
-256
-307
-355
-401
-447
-498
-563
-640
-719
-795
-860
-913
-963
-1011
-1068
-1124
-1170
-1195
-1197
-1183
-1163
-1139
-1115
-1084
-1036
-967
-883
-791
-696
-605
-515
-424
-321
-211
-98
10
111
208
301
393
482
573
653
725
786
842
894
941
985
1019
1045
1057
1068
1073
1072
1067
1055
1031
1002
965
926
882
836
784
729
670
603
539
475
405
333
265
201
143
87
32
-31
-91
-144
-193
-227
-259
-286
-328
-375
-424
-468
-499
-526
-552
-593
-644
-708
-776
-831
-874
-906
-940
-976
-1022
-1070
-1100
-1106
-1093
-1063
-1030
-999
-965
-921
-860
-778
-680
-577
-483
-391
-301
-205
-104
5
110
213
305
385
459
531
600
668
729
779
820
851
878
900
920
938
951
958
956
945
927
909
892
873
850
819
783
740
690
642
597
550
505
455
395
334
274
223
177
138
96
51
1
-47
-89
-126
-157
-193
-235
-285
-337
-393
-443
-500
-557
-628
-707
-783
-854
-914
-970
-1026
-1080
-1131
-1166
-1182
-1181
-1165
-1145
-1114
-1075
-1027
-964
-885
-797
-705
-613
-522
-428
-326
-219
-110
-3
95
186
275
362
447
529
605
671
730
780
824
870
908
941
965
983
993
998
1000
997
988
976
958
931
898
862
819
775
726
671
614
555
494
432
375
319
260
201
147
93
44
-3
-49
-91
-136
-178
-220
-260
-296
-339
-385
-433
-480
-533
-583
-636
-699
-767
-831
-891
-946
-992
-1040
-1083
-1118
-1142
-1152
-1146
-1130
-1101
-1068
-1023
-963
-890
-807
-715
-619
-520
-415
-312
-203
-95
16
120
212
300
383
464
542
611
674
729
776
821
859
894
927
948
964
975
978
977
970
959
941
921
895
863
828
791
752
709
665
616
566
514
457
400
344
285
229
174
120
64
8
-41
-88
-131
-171
-211
-251
-295
-337
-382
-429
-474
-524
-580
-639
-700
-765
-825
-879
-928
-976
-1019
-1061
-1091
-1108
-1110
-1101
-1080
-1050
-1012
-965
-907
-840
-760
-673
-581
-492
-404
-314
-223
-128
-28
63
153
235
313
389
461
531
601
663
715
767
808
847
880
905
926
934
939
936
928
916
900
880
857
828
796
762
725
686
647
603
554
503
455
404
352
301
249
203
154
108
65
18
-28
-73
-117
-159
-203
-247
-291
-341
-387
-437
-488
-540
-590
-642
-691
-741
-791
-841
-883
-922
-958
-983
-1006
-1021
-1025
-1019
-1007
-987
-954
-916
-868
-810
-746
-669
-591
-501
-412
-319
-222
-123
-27
68
162
254
340
420
494
562
623
678
727
766
798
824
844
860
871
874
876
876
868
857
849
830
814
790
766
739
708
676
638
601
564
523
483
436
392
346
297
249
199
154
104
51
2
-49
-98
-150
-200
-251
-305
-359
-418
-476
-536
-599
-661
-727
-794
-851
-908
-958
-1005
-1048
-1080
-1106
-1118
-1119
-1111
-1091
-1064
-1021
-970
-911
-838
-759
-672
-581
-486
-388
-284
-181
-78
22
121
215
302
382
454
526
588
643
695
740
779
809
840
865
884
899
908
916
918
917
915
904
891
871
846
820
788
751
712
666
616
561
507
449
391
331
267
206
142
81
26
-31
-86
-137
-186
-234
-278
-322
-366
-405
-440
-478
-514
-547
-584
-619
-656
-693
-731
-767
-807
-840
-873
-905
-930
-952
-969
-973
-971
-959
-939
-904
-859
-807
-741
-668
-585
-493
-400
-306
-208
-107
-9
84
174
256
332
400
461
514
560
604
644
677
707
735
763
786
808
827
843
856
860
862
860
848
835
811
788
755
717
677
635
591
542
495
446
399
352
307
263
220
177
136
98
59
18
-22
-63
-106
-147
-192
-240
-288
-341
-393
-451
-510
-569
-632
-696
-758
-815
-874
-923
-970
-1009
-1044
-1071
-1078
-1081
-1075
-1055
-1025
-982
-930
-865
-794
-715
-628
-539
-446
-352
-255
-159
-65
30
117
202
282
355
427
491
551
607
660
708
750
787
823
850
874
895
911
917
920
918
909
895
872
845
814
777
737
695
649
605
556
503
454
407
357
311
266
221
177
133
89
44
3
-45
-91
-139
-190
-239
-289
-340
-394
-449
-503
-554
-608
-661
-712
-762
-809
-855
-897
-931
-961
-981
-996
-1004
-1001
-989
-968
-942
-901
-854
-800
-738
-671
-596
-519
-438
-355
-271
-184
-101
-17
64
142
221
291
361
425
489
545
597
647
691
731
764
794
820
840
853
864
870
867
864
854
838
819
797
776
745
711
679
643
606
566
522
479
437
393
349
305
259
213
165
117
65
14
-34
-88
-140
-194
-252
-305
-363
-424
-485
-550
-609
-671
-734
-796
-855
-908
-955
-996
-1034
-1060
-1074
-1077
-1074
-1058
-1030
-995
-947
-893
-832
-761
-685
-605
-523
-440
-357
-273
-188
-103
-16
62
144
220
293
359
426
494
556
612
665
716
762
800
837
866
892
911
926
935
931
927
918
902
878
848
814
776
734
690
639
587
538
482
428
372
318
265
214
163
112
63
12
-35
-82
-128
-173
-221
-267
-316
-362
-411
-456
-501
-551
-599
-646
-691
-734
-776
-817
-852
-884
-907
-925
-937
-942
-937
-924
-905
-876
-844
-801
-749
-693
-635
-570
-499
-423
-343
-265
-185
-101
-22
58
132
201
271
339
401
458
506
552
596
632
665
691
715
734
751
761
765
765
766
762
757
748
735
720
701
678
654
633
611
584
556
526
493
459
427
393
352
314
276
235
193
149
104
57
5
-49
-105
-163
-222
-285
-355
-424
-498
-571
-645
-716
-783
-848
-906
-956
-1001
-1041
-1072
-1091
-1099
-1088
-1061
-1032
-993
-951
-901
-840
-769
-686
-592
-501
-415
-334
-256
-174
-88
4
91
173
246
308
366
424
485
544
605
656
694
726
754
783
810
838
858
871
872
866
857
845
827
812
789
761
728
686
649
605
562
519
474
427
378
328
278
230
183
136
89
39
-8
-57
-106
-151
-198
-248
-297
-343
-394
-447
-499
-546
-599
-647
-698
-745
-787
-825
-861
-890
-907
-922
-929
-929
-923
-907
-883
-852
-813
-768
-716
-660
-598
-532
-465
-394
-320
-245
-169
-91
-15
63
137
208
276
340
400
455
506
552
596
634
665
694
717
738
759
770
778
784
787
785
783
774
762
748
729
707
683
656
627
592
556
517
476
436
391
346
299
251
204
154
104
58
6
-45
-94
-147
-201
-259
-315
-372
-434
-493
-554
-614
-675
-735
-790
-840
-888
-930
-962
-991
-1010
-1017
-1017
-1007
-990
-962
-926
-881
-825
-765
-698
-626
-548
-467
-383
-302
-216
-132
-45
36
116
196
271
339
406
471
529
584
634
679
716
750
783
808
831
844
853
859
861
859
849
837
821
800
773
742
710
671
630
586
538
489
440
387
333
281
226
172
121
68
15
-33
-89
-142
-192
-240
-290
-341
-389
-437
-483
-530
-575
-618
-658
-696
-729
-761
-789
-815
-829
-843
-852
-857
-851
-838
-822
-797
-769
-733
-695
-654
-606
-554
-502
-446
-389
-327
-265
-201
-133
-68
-4
61
125
192
255
316
377
440
497
549
601
650
691
734
769
799
823
843
860
867
871
868
862
849
835
814
789
763
732
699
664
625
587
545
498
453
404
352
294
235
174
107
35
-41
-124
-208
-296
-384
-475
-569
-664
-749
-832
-911
-980
-1043
-1100
-1143
-1173
-1196
-1205
-1205
-1193
-1169
-1130
-1084
-1025
-959
-885
-804
-717
-622
-530
-431
-330
-233
-132
-38
57
148
234
317
398
473
544
607
669
723
772
817
856
888
916
936
952
962
966
962
955
942
920
893
859
824
780
731
678
623
565
504
441
379
314
251
187
121
60
-6
-64
-120
-178
-232
-285
-335
-385
-433
-477
-522
-562
-601
-638
-672
-699
-728
-750
-769
-786
-793
-800
-800
-795
-787
-773
-753
-728
-698
-664
-624
-586
-540
-494
-444
-392
-343
-287
-231
-176
-121
-64
-9
50
106
160
214
267
321
370
419
466
505
544
579
611
640
665
687
703
720
732
741
746
749
748
742
734
722
707
690
670
646
620
591
558
521
481
436
391
343
289
231
170
106
43
-29
-103
-179
-255
-332
-407
-485
-564
-639
-712
-779
-844
-896
-941
-983
-1016
-1042
-1056
-1063
-1059
-1042
-1019
-986
-945
-893
-836
-772
-702
-627
-550
-471
-386
-303
-219
-133
-52
26
105
177
247
316
382
447
507
562
613
664
709
752
789
822
854
877
896
905
912
912
908
896
879
855
827
792
751
710
664
613
557
502
443
383
321
257
192
126
59
-5
-72
-135
-196
-257
-316
-375
-429
-482
-536
-583
-631
-674
-713
-747
-782
-812
-836
-857
-871
-879
-881
-880
-870
-853
-833
-803
-770
-733
-686
-636
-582
-525
-468
-406
-342
-279
-212
-145
-78
-12
56
122
185
247
309
367
424
476
527
576
621
663
700
731
761
786
807
823
837
843
845
842
835
826
811
791
763
733
699
661
620
575
526
472
416
357
295
234
169
101
33
-35
-109
-180
-255
-329
-403
-476
-547
-620
-686
-748
-807
-861
-909
-952
-986
-1012
-1026
-1034
-1034
-1023
-1003
-976
-941
-893
-839
-781
-718
-649
-576
-499
-419
-339
-259
-178
-96
-17
61
137
209
284
354
422
486
544
604
658
707
753
790
823
852
877
895
907
917
919
914
904
888
866
842
814
775
733
686
637
584
527
465
404
338
265
192
121
48
-26
-100
-174
-249
-322
-395
-464
-536
-602
-664
-724
-778
-832
-876
-917
-952
-979
-997
-1006
-1010
-1001
-984
-959
-924
-881
-830
-776
-713
-645
-570
-493
-413
-331
-250
-168
-86
-6
69
144
214
286
348
408
465
519
569
614
655
692
724
755
780
798
816
830
837
843
843
837
827
814
795
770
740
708
671
626
578
526
473
412
348
281
214
143
71
-3
-77
-152
-230
-304
-374
-446
-516
-578
-640
-696
-748
-795
-838
-873
-897
-920
-929
-933
-931
-922
-907
-880
-848
-809
-763
-710
-652
-592
-525
-454
-383
-308
-234
-159
-85
-12
59
128
193
256
319
374
425
476
520
564
603
636
665
692
716
732
744
756
763
766
762
756
743
727
708
684
659
628
596
560
520
476
433
381
328
272
214
152
90
26
-42
-108
-177
-246
-313
-380
-444
-505
-561
-613
-664
-709
-747
-780
-804
-824
-836
-841
-839
-831
-813
-793
-764
-729
-691
-646
-601
-552
-496
-443
-384
-324
-262
-200
-141
-79
-18
43
101
160
219
275
328
380
429
476
518
555
592
626
655
681
698
715
726
732
733
732
727
720
708
686
664
637
608
576
537
497
453
404
354
299
242
183
123
59
-6
-77
-145
-214
-279
-344
-411
-470
-527
-579
-631
-675
-713
-745
-765
-784
-797
-803
-798
-788
-775
-759
-735
-701
-666
-629
-586
-538
-487
-435
-381
-325
-267
-209
-146
-84
-28
33
90
146
203
253
303
351
396
437
475
513
549
583
607
634
655
670
684
691
695
694
687
677
662
646
621
592
564
527
489
449
406
359
309
257
203
146
92
33
-24
-81
-142
-198
-255
-310
-363
-416
-464
-508
-548
-588
-621
-647
-670
-686
-698
-705
-705
-701
-692
-676
-655
-625
-598
-566
-527
-484
-445
-399
-349
-302
-249
-197
-146
-96
-44
8
59
109
157
205
251
295
339
378
415
448
478
507
531
555
571
585
599
603
609
609
605
599
589
574
556
536
508
477
447
411
374
333
288
242
196
149
102
53
2
-46
-95
-141
-190
-236
-282
-326
-369
-407
-445
-480
-509
-539
-562
-581
-595
-607
-614
-615
-614
-606
-594
-576
-557
-532
-502
-467
-432
-390
-348
-305
-260
-212
-164
-117
-66
-19
28
71
115
156
194
229
265
293
323
352
375
399
420
438
456
471
484
495
504
513
519
524
525
522
516
507
494
476
456
433
405
371
337
300
262
219
172
126
78
30
-20
-69
-115
-166
-215
-257
-299
-343
-377
-414
-446
-476
-503
-524
-545
-556
-566
-572
-573
-570
-562
-550
-535
-511
-485
-456
-424
-388
-351
-309
-267
-226
-183
-138
-97
-55
-11
28
68
107
142
179
213
243
273
302
326
348
368
385
399
410
420
428
434
438
440
441
442
441
437
434
426
416
403
389
372
351
329
303
274
244
212
173
136
97
56
15
-27
-70
-115
-154
-194
-235
-270
-307
-338
-367
-393
-417
-437
-455
-466
-474
-480
-482
-482
-479
-474
-462
-448
-432
-411
-389
-367
-343
-317
-284
-251
-217
-185
-148
-110
-73
-33
6
45
82
115
147
181
215
243
269
294
312
329
346
358
369
379
385
388
391
391
389
385
382
377
370
362
350
342
330
312
297
280
263
244
218
189
164
139
107
72
37
1
-39
-77
-114
-154
-191
-228
-265
-297
-327
-351
-376
-398
-413
-425
-434
-441
-438
-436
-431
-424
-407
-392
-374
-354
-330
-304
-277
-252
-229
-194
-165
-134
-110
-80
-49
-20
5
29
58
86
111
130
154
179
202
218
236
256
278
290
298
312
323
334
335
340
347
352
349
342
342
339
333
318
306
295
283
267
242
223
205
179
151
122
93
68
36
0
-34
-64
-97
-133
-172
-205
-235
-266
-297
-324
-347
-363
-379
-395
-404
-407
-408
-408
-404
-395
-381
-368
-351
-333
-308
-281
-254
-226
-194
-165
-133
-104
-76
-44
-17
10
38
61
83
108
130
151
172
191
205
224
237
249
261
268
275
284
286
284
285
287
285
281
279
274
267
259
254
241
232
220
205
191
176
160
143
122
99
80
57
34
12
-16
-41
-66
-91
-113
-139
-165
-183
-203
-224
-241
-255
-267
-277
-290
-294
-301
-302
-303
-301
-296
-292
-283
-273
-260
-245
-230
-215
-195
-177
-156
-133
-111
-87
-66
-43
-21
1
21
45
64
84
104
120
139
155
171
188
198
210
222
233
240
245
250
254
255
252
250
244
242
236
227
218
205
198
184
168
153
137
121
105
87
65
49
32
13
-7
-28
-46
-65
-81
-100
-114
-129
-144
-156
-171
-184
-195
-204
-213
-219
-225
-227
-230
-233
-231
-230
-230
-225
-220
-209
-200
-188
-176
-160
-144
-128
-113
-95
-74
-55
-35
-18
-1
20
35
52
68
83
98
115
128
139
149
157
165
171
179
182
186
190
191
193
192
190
189
184
178
174
166
162
153
145
136
125
115
102
92
78
62
46
32
17
3
-11
-27
-44
-59
-75
-88
-101
-116
-128
-140
-149
-160
-167
-174
-178
-182
-182
-184
-186
-184
-181
-176
-170
-164
-157
-148
-137
-128
-117
-103
-89
-77
-65
-50
-34
-18
-5
7
20
32
44
57
66
75
87
94
100
108
115
118
121
126
129
132
133
130
135
133
133
130
128
125
120
116
112
104
98
89
80
74
63
54
44
33
26
16
8
-1
-12
-19
-28
-34
-42
-49
-57
-65
-71
-76
-82
-87
-93
-98
-101
-108
-112
-114
-117
-116
-116
-115
-114
-109
-105
-101
-95
-87
-82
-74
-67
-60
-52
-44
-33
-25
-15
-6
1
7
15
21
26
32
40
45
50
56
58
65
68
74
79
81
85
86
89
89
91
94
94
91
94
94
93
89
83
78
74
67
61
56
46
39
30
23
14
2
-8
-13
-20
-28
-36
-45
-50
-57
-59
-64
-67
-69
-69
-73
-74
-74
-72
-74
-72
-71
-70
-65
-64
-59
-57
-53
-51
-50
-44
-40
-39
-36
-32
-28
-24
-20
-16
-14
-11
-3
0
5
8
14
16
18
23
27
29
30
33
38
42
44
44
46
47
48
50
50
51
49
46
42
40
36
35
31
23
20
18
15
10
9
5
3
2
-2
-4
-6
-5
-4
-6
-7
-7
-7
-6
-5
-3
-4
-1
-1
-1
-2
-3
-2
-1
-2
-5
-9
-11
-11
-15
-17
-18
-20
-23
-27
-28
-28
-30
-32
-32
-32
-33
-31
-29
-29
-26
-22
-18
-17
-13
-8
-5
-1
3
5
10
14
16
19
23
22
24
23
25
26
27
28
27
23
23
21
19
17
15
15
13
11
7
5
5
2
0
1
-1
-1
-4
0
-6
-6
-2
-5
-3
-5
-3
-3
-3
-5
-8
-4
-3
-5
-4
-4
-1
-6
-4
-1
-4
0
-4
-5
-4
-3
-1
-3
-3
-4
-5
-5
-5
-7
-6
-5
-5
-8
-10
-7
-4
-2
0
0
0
4
5
7
8
8
10
9
9
8
10
10
11
10
8
7
4
4
6
2
2
1
1
1
0
0
1
2
-1
-1
0
-4
-1
-3
-1
1
-3
-2
-3
-4
-2
-3
-2
-3
-3
-3
-3
-3
-4
-4
-4
-4
-4
-4
-6
-7
-6
-2
-5
-4
-1
-4
-5
-5
-5
-3
-1
-2
-1
-1
0
-1
1
3
2
2
3
5
3
5
6
5
7
8
7
4
