1
-1
0
1
0
0
-1
-1
-1
-1
0
-2
-1
0
2
4
2
1
-1
-1
-2
-2
-1
-2
-2
-2
-4
-1
-1
-1
0
0
3
1
1
0
0
-2
-2
-2
-3
-2
-3
-3
0
-2
-1
0
-1
1
1
2
1
2
2
1
1
1
1
4
2
1
1
1
1
4
3
2
2
1
2
0
1
3
0
1
-1
0
1
-1
0
0
0
0
1
1
1
1
1
0
0
0
1
0
2
0
-1
1
2
1
0
1
1
0
0
0
-1
0
0
-1
-2
-5
-5
-3
-2
-1
-2
-1
-3
-5
-4
-4
-2
-4
-3
-4
-4
-3
-2
-4
-6
-6
-5
-3
-4
-4
-4
-3
-1
0
0
-1
-1
-1
-2
0
3
4
4
4
4
5
1
4
5
6
7
7
10
8
9
11
9
8
7
8
9
9
8
6
6
5
4
4
2
1
5
4
0
-1
-1
-1
-3
-5
-5
-6
-9
-7
-8
-8
-7
-9
-9
-11
-12
-12
-11
-11
-5
-7
-8
-9
-9
-11
-12
-12
-13
-11
-10
-8
-6
-6
-5
-4
-2
-1
0
-1
3
2
3
3
4
7
7
7
8
9
13
13
13
13
13
12
13
13
13
15
15
18
15
14
13
13
11
16
13
12
9
9
8
7
8
7
4
3
1
0
-2
-6
-9
-17
-24
-27
-34
-39
-53
-64
-64
-73
-74
-86
-105
-106
-110
-110
-112
-129
-130
-125
-124
-118
-126
-126
-116
-111
-98
-91
-91
-75
-62
-46
-31
-14
5
23
39
56
77
99
122
142
157
183
213
228
243
255
270
300
315
320
324
323
346
355
347
345
328
327
329
308
290
265
244
234
206
174
145
108
80
44
3
-35
-76
-119
-168
-212
-258
-299
-343
-388
-429
-471
-510
-546
-576
-603
-625
-642
-652
-657
-658
-650
-634
-614
-591
-561
-525
-482
-432
-385
-328
-267
-209
-144
-79
-15
47
113
173
236
294
349
404
452
497
538
576
609
635
660
679
694
705
710
709
701
694
679
661
640
611
581
546
510
472
431
386
336
286
228
169
111
51
-7
-71
-133
-193
-257
-317
-379
-441
-505
-568
-626
-681
-729
-770
-806
-840
-864
-878
-887
-887
-881
-868
-848
-818
-781
-732
-674
-613
-545
-474
-398
-319
-237
-158
-82
-12
59
132
201
267
327
385
440
493
542
588
628
661
690
716
737
756
776
792
802
806
804
801
788
769
746
720
686
652
617
586
547
503
459
412
352
291
234
172
109
46
-12
-76
-139
-203
-268
-339
-417
-494
-567
-642
-711
-772
-826
-872
-909
-941
-964
-982
-1002
-1015
-1015
-1010
-998
-971
-931
-881
-820
-748
-669
-589
-505
-418
-335
-253
-172
-92
-11
71
146
219
299
372
440
506
565
616
662
706
744
780
811
839
862
880
897
902
904
899
887
868
845
814
774
739
700
665
626
585
537
485
432
373
312
249
190
130
73
19
-32
-85
-137
-193
-256
-324
-396
-477
-561
-638
-714
-783
-843
-888
-929
-960
-988
-1013
-1044
-1076
-1103
-1124
-1132
-1123
-1094
-1043
-973
-887
-790
-691
-597
-507
-422
-342
-264
-184
-97
-1
99
202
302
396
478
545
602
647
688
723
760
800
837
876
918
955
986
1004
1009
1010
994
966
930
893
855
814
781
750
716
679
636
586
531
471
403
328
253
179
107
41
-19
-69
-117
-159
-205
-263
-323
-399
-486
-583
-678
-768
-850
-917
-969
-1005
-1034
-1055
-1079
-1103
-1134
-1168
-1196
-1217
-1219
-1203
-1160
-1095
-1007
-902
-791
-677
-571
-467
-372
-275
-183
-91
9
109
214
318
419
510
591
658
718
768
805
839
876
906
937
973
1006
1034
1056
1066
1066
1050
1022
987
942
897
854
811
767
726
688
648
605
548
488
421
343
265
185
108
39
-20
-69
-110
-149
-188
-232
-286
-354
-439
-535
-634
-737
-829
-906
-971
-1010
-1034
-1052
-1061
-1074
-1092
-1118
-1150
-1185
-1217
-1228
-1213
-1176
-1108
-1016
-911
-793
-671
-557
-453
-353
-259
-171
-80
18
114
215
316
417
511
598
669
729
778
815
849
879
903
926
950
968
984
995
1002
1000
993
981
959
936
906
877
842
810
777
744
703
656
609
550
491
424
358
289
220
153
92
33
-23
-71
-117
-164
-209
-261
-328
-406
-503
-617
-737
-851
-956
-1043
-1104
-1149
-1180
-1195
-1210
-1235
-1261
-1294
-1335
-1367
-1385
-1380
-1342
-1267
-1156
-1016
-861
-701
-552
-419
-304
-205
-109
-13
89
201
323
446
563
666
749
815
864
894
909
918
925
936
955
986
1021
1060
1094
1107
1102
1086
1051
1011
971
928
886
849
806
763
722
679
630
582
526
463
392
314
245
167
92
41
-10
-60
-94
-130
-170
-214
-263
-332
-406
-500
-612
-721
-822
-925
-1013
-1072
-1118
-1154
-1178
-1199
-1225
-1257
-1302
-1348
-1386
-1420
-1435
-1411
-1349
-1258
-1135
-982
-829
-674
-529
-404
-289
-186
-97
4
114
218
335
467
586
691
780
853
901
922
936
957
977
990
1028
1087
1129
1154
1186
1199
1171
1134
1098
1053
991
939
902
867
829
784
750
713
662
608
565
511
435
354
279
192
96
24
-26
-71
-110
-126
-136
-168
-230
-301
-400
-545
-701
-841
-981
-1116
-1202
-1246
-1285
-1311
-1300
-1291
-1328
-1370
-1399
-1448
-1515
-1547
-1532
-1494
-1421
-1299
-1130
-956
-788
-607
-442
-316
-206
-95
7
88
185
311
431
537
657
779
873
940
1000
1048
1066
1063
1079
1110
1121
1119
1156
1209
1210
1191
1205
1199
1143
1085
1039
986
924
873
814
755
715
676
617
549
485
434
357
242
146
94
31
-51
-96
-105
-115
-135
-151
-191
-259
-358
-495
-670
-851
-1025
-1185
-1311
-1394
-1437
-1443
-1423
-1401
-1387
-1396
-1437
-1500
-1565
-1632
-1676
-1658
-1571
-1439
-1256
-1011
-767
-543
-334
-160
-38
61
164
246
313
412
550
674
778
906
1039
1107
1105
1113
1146
1124
1049
1037
1121
1180
1166
1188
1261
1272
1210
1174
1151
1086
998
929
895
883
834
745
685
658
587
485
426
383
316
263
211
127
31
-68
-142
-164
-167
-161
-134
-140
-185
-236
-382
-646
-917
-1132
-1345
-1566
-1687
-1718
-1747
-1705
-1626
-1634
-1646
-1656
-1734
-1765
-1751
-1818
-1805
-1646
-1479
-1290
-985
-699
-477
-228
7
171
340
454
492
588
751
870
1028
1206
1281
1285
1326
1342
1258
1185
1170
1075
1023
1033
1032
1054
1065
1048
965
844
780
185
-785
-817
-26
867
1820
2691
3166
3047
2399
1720
1175
806
674
546
317
189
285
466
271
-103
-263
-502
-829
-809
-651
-587
-607
-837
-1330
-1634
-1833
-2324
-2683
-2697
-3011
-3284
-2931
-2601
-2638
-2525
-2206
-2095
-2070
-1957
-1913
-1883
-1731
-1558
-1086
-393
105
589
1146
1353
1371
1495
1438
1177
1183
1403
1424
1471
1636
1721
1759
1814
1674
1573
1489
1214
1027
1051
1059
1087
1215
1254
1172
1152
1269
1135
939
845
816
727
740
847
825
801
915
1076
864
748
533
293
88
4
-176
-238
-130
119
257
507
712
806
754
49
-975
-1729
-2268
-3215
-3825
-4087
-4228
-4384
-3909
-3394
-3058
-2823
-2603
-2611
-2517
-2470
-2449
-2218
-1795
-1429
-714
300
996
1453
1996
2267
2110
2011
1870
1583
1427
1488
1501
1674
1887
1858
1714
1608
1358
1060
913
742
605
700
904
990
1140
1357
1446
1331
1173
1026
905
733
671
853
1161
1254
1219
1270
1326
1179
1079
1041
797
381
381
560
463
305
481
650
808
1083
1315
1529
1224
-247
-2074
-2959
-4031
-5696
-6699
-6726
-6984
-6754
-5645
-4518
-3871
-3134
-2533
-2201
-2027
-1967
-1801
-1293
-790
-141
1101
2324
2962
3444
3823
3653
3198
2752
2073
1356
996
907
956
1149
1235
1263
1312
1199
825
527
247
-12
-21
334
798
1340
1800
2146
2229
1973
1701
1759
1650
1347
1515
1849
1823
1872
2181
2130
1924
1681
1320
915
620
200
279
536
612
982
1914
2197
2599
2855
955
-2598
-4522
-6079
-9052
-10959
-10804
-10943
-10652
-8244
-5841
-4509
-3069
-1862
-1472
-957
-516
-393
216
1025
1687
3226
4910
5315
5278
5483
4632
3249
2282
1131
-420
-1068
-1004
-732
-310
164
510
847
738
299
174
145
-163
80
1032
1976
2643
3444
3893
3643
3059
2813
2501
1889
1573
1799
2039
2178
2518
2788
2768
2381
1775
1299
843
206
-61
374
878
1339
2559
3761
4526
3318
-11
-4488
-7452
-10695
-14268
-16256
-15721
-14592
-12420
-8603
-4972
-2338
-544
718
1301
1713
1586
1505
2111
2961
4079
5840
7207
6984
6143
5202
3315
900
-1160
-2727
-3880
-3871
-3043
-1795
-329
1037
1742
2095
2091
1596
1058
1023
1172
1509
2547
3832
4377
3987
3549
3075
2416
1583
1129
1003
1010
1278
1972
2718
3008
3247
3275
2688
1936
1597
1339
954
1223
2019
3108
4044
4903
5263
3130
-2470
-8298
-11740
-15645
-19715
-20556
-18308
-16161
-12358
-6631
-1779
800
2737
3890
4213
4048
3626
3368
3776
4243
5218
6625
6897
5388
3725
1864
-833
-3450
-4979
-5878
-5935
-4473
-2078
347
2497
3896
4690
4874
4264
3199
2683
2190
1813
2198
3018
3151
2868
2407
1329
337
-18
-365
-577
153
1211
2295
3686
4626
4709
4704
4329
3388
2699
2415
1926
1855
2701
3541
4298
5210
6159
4182
-1643
-9018
-13505
-17307
-21795
-23996
-21331
-17365
-13027
-6732
-153
3792
5350
6245
6344
5687
4462
3545
3302
3487
3828
4857
5363
3836
1241
-722
-3053
-5662
-7161
-7040
-6103
-3769
-363
3133
5671
7080
7602
7464
6167
4188
2802
1882
788
483
1230
1576
980
404
-641
-1812
-1870
-961
-342
1016
2944
4268
5396
6431
6036
5194
4854
3724
2411
2263
2257
1752
2414
3284
3759
4395
5476
4396
-526
-8246
-14504
-17821
-21394
-24087
-22546
-17477
-12602
-6556
323
5375
7140
7430
7077
6269
4942
3216
2237
2255
2311
2637
3237
2279
-440
-2651
-4247
-5968
-6906
-6245
-4424
-1589
2019
5322
7972
9337
8978
7843
6362
3931
1407
157
-765
-1423
-1267
-383
-136
-363
-687
-1179
-1322
-282
1105
2270
4221
5697
6310
6660
6601
5175
4131
3220
1940
1051
1413
1427
1348
2342
3311
3811
4724
5287
2052
-5090
-12777
-16724
-19478
-22771
-23233
-18524
-13270
-8259
-1457
4999
7201
7140
7085
6285
4566
3140
1996
1221
1170
1511
2042
1653
-557
-2993
-4350
-5528
-6300
-5278
-3203
-612
2839
6562
8803
9664
9251
7759
5608
3219
879
-797
-1698
-2203
-1698
-733
-415
-1165
-1624
-1107
29
1118
2613
4652
6021
6661
6991
6544
4825
2976
1819
1537
1298
792
917
1846
2035
2329
3354
3862
3518
4916
4796
-1260
-9954
-14752
-17866
-22562
-24232
-20452
-15143
-10540
-3685
3687
8023
8580
8565
7980
6124
3660
2276
1248
2
-386
308
59
-1856
-3912
-5126
-6103
-6529
-5506
-2820
178
3505
7260
10183
10771
9837
8266
5771
2517
-156
-1627
-2810
-3396
-2603
-1337
-797
-611
-99
70
328
1502
3687
5010
5939
6932
7176
6183
4651
3044
1625
883
402
685
983
1411
1806
2649
3123
3523
3880
4861
5202
1311
-7138
-14263
-17092
-20611
-23834
-21983
-16232
-11082
-4690
2727
8072
9502
9039
8064
6478
3952
1511
89
-960
-1758
-1312
-680
-2038
-4225
-5350
-5672
-5568
-4497
-2107
1088
4270
7447
10079
10767
9448
7191
4752
1930
-862
-2787
-3574
-3853
-3132
-1547
-122
441
748
1540
2478
3098
3394
3788
4461
5123
4968
4587
4077
2859
1796
1798
2164
1830
1460
1591
1934
1693
1682
2131
2501
3189
5028
6703
3842
-4444
-12925
-17016
-21090
-25412
-24519
-18282
-12282
-5251
3753
10392
11982
11236
9475
6565
3258
166
-2110
-3118
-3189
-2337
-1193
-1634
-3544
-4820
-5300
-5382
-4227
-1362
1985
5428
8871
11319
11566
9659
6637
3377
-90
-2933
-4225
-4696
-4672
-3107
-816
546
1244
1874
2252
2440
2800
3807
5265
5633
5532
5672
4781
2700
1111
249
203
988
1822
2427
3088
3420
2798
2880
3260
3017
3530
5992
5554
-675
-9319
-14956
-19454
-24549
-25551
-21192
-15348
-8544
458
8551
12596
12740
11381
8312
4539
859
-2088
-3980
-4826
-4405
-2868
-2265
-3241
-4455
-5033
-4964
-3994
-1365
1928
5169
8375
11022
11713
9976
6672
3076
-383
-3025
-4510
-4910
-4359
-3101
-1370
378
1698
1900
1931
2601
3287
3655
4584
5513
5373
4612
4167
3036
1227
454
376
967
2159
3070
3371
3524
3193
2638
2606
2724
2953
4218
6522
6256
586
-9633
-17268
-20869
-24949
-27649
-22402
-13584
-6252
2042
11257
15346
13902
10994
7339
2936
-1199
-4130
-5505
-5510
-4900
-3158
-1833
-3034
-4873
-4831
-4379
-3928
-966
3529
7070
9553
11727
11888
9359
5092
964
-2317
-4811
-6018
-5209
-3627
-2243
-146
1985
2960
2762
2783
3244
3282
3173
4359
5392
4716
3915
3430
2194
550
88
564
1760
3180
4288
4638
4085
2809
1808
1748
1802
2699
4949
7814
6383
-1588
-12391
-18622
-22915
-27694
-28032
-20021
-10405
-1862
7006
14810
16644
13543
8810
4177
-527
-4693
-6781
-6496
-5385
-3966
-1900
-1316
-2930
-4335
-3919
-3015
-1423
1685
5561
8746
10477
10672
9273
6051
1560
-2134
-4092
-4768
-4651
-3188
-1307
120
1210
2309
2682
2137
2115
2923
3790
4268
4711
4474
3449
2360
1307
279
175
690
1762
3227
4565
4848
4035
2763
1852
1158
1089
1516
3184
5064
7767
7811
291
-12360
-20358
-23411
-27089
-27395
-19094
-7842
1086
9011
15474
16989
12248
6018
841
-3203
-6744
-7844
-6491
-4774
-3421
-1325
-829
-2811
-4570
-3904
-2026
181
3399
7023
9553
10183
9257
6972
3273
-850
-3477
-4331
-3937
-2680
-1035
372
1089
1333
1526
1903
1795
2018
3363
4730
5193
5280
4106
2416
1282
591
-71
475
2042
3361
4617
5438
4446
2813
1598
238
-334
813
2639
4536
7382
10044
7943
-2086
-15233
-22476
-25517
-28549
-26289
-15773
-4246
4731
12044
16612
14880
8842
2572
-2292
-5866
-7483
-6797
-4787
-3318
-2039
-867
-1791
-4166
-5196
-3859
-1283
1851
5463
8463
9766
9367
7664
4701
1005
-2079
-3249
-3362
-2663
-1168
262
556
574
942
1096
1289
2128
3220
4301
4902
4323
3761
3492
2643
1454
1350
1471
1498
2222
2990
3370
3714
3199
1949
1148
952
1021
2016
3612
5408
7579
9599
6757
-3160
-15592
-22670
-26139
-28388
-24932
-14316
-3112
5953
12719
15838
13207
7370
1522
-3260
-6457
-7179
-5832
-3886
-2794
-2001
-1405
-2553
-4590
-5082
-3122
-16
3292
6401
8712
9161
7941
5706
2941
98
-1765
-2092
-1990
-1412
-263
387
-164
-747
-872
-67
1521
3035
4428
6098
6265
4860
3592
2538
1420
466
735
1768
2310
2663
3169
3254
3033
2572
1930
1482
1534
2146
3158
4669
6045
7390
8232
4084
-7226
-18681
-23116
-25055
-26122
-21033
-9999
162
7482
12210
13420
9797
4165
-795
-4038
-6067
-6215
-4264
-2531
-2619
-2626
-2350
-3560
-5075
-4343
-1388
1809
4573
6984
8300
7671
5695
3680
1798
-15
-773
-163
276
-122
-373
-355
-1029
-2218
-1910
261
2513
4243
5973
6950
6481
5049
3253
1028
-653
-638
441
1470
2490
3455
3889
3478
2778
2115
1735
1488
1683
2255
3266
4033
4907
5783
7098
5579
-2679
-14932
-22351
-23821
-24464
-22297
-13411
-1719
6382
10316
11628
9863
4783
-551
-3795
-5103
-5197
-3753
-1802
-1642
-2911
-3565
-3953
-4966
-4922
-2396
1614
4882
6875
7847
7503
5657
3492
1848
798
84
334
1141
1101
-123
-1504
-2652
-3481
-2747
-71
2909
5301
7158
7715
6656
4771
2607
839
-186
-764
-189
1420
2296
2418
3134
3565
3286
2996
2696
2213
2030
1979
2444
3011
3581
4377
6535
7408
1404
-11294
-20845
-22623
-23597
-23813
-16545
-4205
4760
9384
10797
9255
4866
317
-3197
-4789
-4923
-3215
-956
-545
-2787
-4477
-4612
-5076
-5394
-3267
938
4704
6919
7678
7050
5161
3316
2199
1314
786
1321
1971
961
-748
-2086
-2971
-3344
-1971
317
3104
5698
7063
6690
5764
4136
2318
1070
339
507
1450
1866
1818
2301
2468
2129
2414
3023
3013
2831
2975
2813
2587
2765
3859
4887
6568
6581
-371
-13355
-21312
-22332
-23351
-22473
-13958
-2200
5912
9263
9117
6996
3032
-1023
-3496
-3673
-3378
-1820
91
-591
-3974
-5938
-6126
-5846
-4713
-1638
2371
5627
7033
6830
5609
3681
2180
2051
2387
2367
2573
2777
1367
-1198
-3227
-4091
-3910
-2115
687
3667
6066
7107
6687
5486
3682
2028
1476
1448
1419
1148
1047
1289
1571
1462
1893
3169
4133
4191
3652
2925
1972
1305
1464
2942
4405
6299
7861
3510
-9242
-20773
-23198
-22493
-21867
-15940
-4383
4991
8480
7778
5486
1494
-1994
-2929
-1697
-1275
-542
1230
969
-3231
-7293
-8275
-7040
-5068
-1722
2364
5569
6886
6476
4752
2420
1160
2063
3719
4448
4341
3987
2375
-995
-4339
-5781
-5292
-3150
295
3604
5570
6702
6585
5140
3481
2361
2345
2838
2589
1795
1440
1245
480
384
1294
2601
3872
4367
3779
3244
2349
1413
1352
2855
4525
6667
8238
4462
-7050
-18925
-22836
-21910
-21039
-16715
-6406
3626
7571
6317
3493
492
-1488
-1707
-614
287
907
1645
674
-3410
-7912
-9379
-7554
-4536
-1142
2324
5005
5876
5266
3734
1991
1194
2420
4921
6285
5430
3950
2256
-820
-4592
-6265
-5200
-2742
211
3332
5119
5350
4976
4479
3642
3042
3336
4264
4379
2793
649
-531
-894
-905
253
2312
4222
5177
4939
3213
1531
560
423
1490
3908
5849
7530
8334
2913
-10480
-21602
-22913
-20734
-19164
-13466
-3052
4646
6217
3759
303
-2404
-2262
114
2562
3076
2613
2005
-578
-5812
-10039
-9993
-6690
-2636
983
3620
4653
4377
3473
2416
1603
2099
4539
7230
7533
5352
2953
460
-2683
-5112
-5456
-4095
-1501
1478
3459
4060
3808
3810
4102
4134
4074
4677
4890
3679
2046
747
-482
-854
353
1822
3013
3616
3673
3014
2177
1114
1099
2341
4288
5690
7290
8148
3613
-8367
-19763
-21824
-19313
-18047
-14277
-5166
2253
3638
1477
-1077
-3179
-2274
1171
4237
4376
3292
2034
-647
-5514
-9483
-9318
-5967
-2236
618
2265
2585
2180
1941
1886
2239
3711
6039
7715
7413
5152
2492
196
-1878
-3608
-3925
-2929
-1306
95
1088
1669
2207
2959
4122
5072
5391
5491
5536
4356
2113
511
8
-187
262
1287
1945
2518
2992
2568
1432
1090
1587
2550
3822
5274
5975
6722
6973
1677
-10511
-20364
-19946
-16273
-15218
-12796
-5496
235
867
-1227
-2811
-3177
-653
3569
6145
5122
2791
985
-1515
-5650
-8775
-7963
-4432
-1153
703
1003
387
157
989
2168
3481
5047
6939
7998
6958
4175
1714
166
-1053
-2049
-2482
-2500
-1976
-1117
-181
735
1626
2787
4316
5429
5626
5469
5164
3926
2145
1142
838
402
471
1132
1535
1800
2132
2027
1482
1702
2286
3039
3625
4598
5523
6551
6584
2010
-9090
-18868
-19055
-15314
-14533
-12696
-6010
-1054
-1234
-3103
-4024
-3794
-539
4285
7009
5994
3444
1149
-1399
-5094
-7833
-6849
-3464
-826
299
165
-868
-1184
27
1558
3167
5607
8037
8197
6124
3660
1977
712
-298
-991
-1212
-1456
-1664
-1707
-1293
-699
474
2315
3971
4828
5243
5414
5025
4098
2782
1756
1202
1197
1284
1261
1126
1430
1904
1761
877
906
2038
2574
2699
3668
4679
4880
6137
5087
-3509
-15155
-18010
-13995
-12222
-12911
-9548
-4025
-2077
-3996
-5688
-5052
-1750
3138
6589
6426
3679
1441
-190
-2579
-5174
-5580
-3339
-792
128
-619
-1780
-2126
-1113
426
2334
4452
6538
7383
6256
4038
2400
1668
1322
854
121
-767
-1337
-1611
-1741
-1403
-215
1451
2961
3907
4303
4405
4458
4096
3149
2563
2751
2726
2216
1974
1806
1576
1342
1095
669
827
1652
2240
2669
3437
4232
4430
5274
4254
-2600
-12501
-15451
-12124
-10841
-12278
-10009
-5563
-4396
-5848
-6513
-5468
-2311
2403
5526
5137
2922
1385
385
-1108
-2930
-3478
-2042
-400
-203
-1296
-2485
-2729
-1522
165
1636
3192
5040
6076
5412
3798
2740
2794
2991
2270
1223
404
-444
-1396
-1884
-1523
-579
922
2284
2692
2657
3013
3486
3505
3606
3916
4000
3513
3130
2901
2086
1252
1280
1697
1241
675
1177
1716
1771
2019
3061
3643
4717
4836
-576
-10322
-14382
-10804
-9062
-11050
-10371
-6285
-4767
-6167
-7417
-6562
-3334
1315
4243
3925
1974
877
930
338
-1381
-2244
-1029
376
230
-1099
-2497
-2684
-1565
-286
415
1644
3530
4874
4859
3911
2977
2800
3174
3194
2342
1114
218
-219
-655
-993
-738
211
1047
1565
1753
1823
1992
2765
3643
3908
3801
3779
3803
3425
2667
2077
2203
2526
2218
1271
627
465
662
1118
2027
2788
3974
5468
2597
-6617
-14088
-12069
-7793
-8640
-10297
-7451
-4913
-5855
-7431
-7307
-5352
-1370
2648
3557
1760
303
539
1084
308
-1071
-993
500
920
-425
-1999
-2373
-1719
-625
56
378
1437
3439
4492
3728
2781
3053
3669
3529
2817
2009
1344
997
771
130
-558
-464
221
576
643
965
1646
2508
3266
3577
3434
3397
3600
3704
3426
2985
2806
2724
2361
1660
1027
559
444
682
1136
1775
2874
4525
3878
-1991
-10358
-12855
-9049
-6835
-8790
-8531
-5152
-4597
-7241
-8316
-6526
-3716
-286
2234
1934
284
6
918
946
14
-472
306
1211
697
-917
-1880
-1371
-501
-256
-359
208
1602
2935
3407
2990
2644
2855
3295
2994
2278
1915
2073
1968
1173
226
-185
-106
-135
-138
478
1476
2158
2494
2856
2937
2818
3082
3656
3802
3539
3408
3299
2925
2165
1346
918
923
982
1031
1531
2486
3711
3429
-1033
-8265
-11432
-8222
-5620
-7563
-8467
-5380
-4126
-7088
-8852
-7106
-4464
-1837
865
1255
-584
-1145
243
878
236
158
844
1249
878
-145
-1196
-1124
33
596
34
-263
508
1576
2160
2405
2498
2598
2747
2706
2343
1938
2076
2543
2517
1639
638
237
202
286
622
1350
2042
2415
2427
2091
1668
1815
2690
3386
3355
3042
2834
2468
1943
1480
1161
1099
1307
1340
1018
915
1285
1620
616
-2580
-6422
-7551
-5912
-5055
-6072
-5987
-4231
-4025
-6125
-7474
-6503
-4566
-2730
-1274
-830
-1245
-1420
-985
-607
-449
-38
799
1518
1427
610
22
357
1086
1332
1166
1158
1424
1596
1539
1464
1614
1888
2062
2000
1759
1586
1701
2020
2196
2082
1812
1559
1344
1170
1116
1270
1601
1798
1550
998
603
543
678
820
889
895
833
625
256
5
129
492
793
944
930
663
271
73
147
278
252
22
-319
-672
-984
-1091
-1015
-1214
-1974
-2728
-2942
-2846
-2888
-2997
-3047
-3040
-2998
-3032
-3263
-3452
-3328
-2935
-2461
-2018
-1654
-1262
-825
-530
-420
-268
6
352
680
854
891
928
1007
1064
1101
1156
1312
1510
1597
1583
1610
1679
1743
1787
1772
1775
1926
2133
2195
2080
1887
1749
1757
1881
1965
1941
1904
1905
1850
1747
1743
1827
1873
1821
1636
1315
1011
855
878
998
958
532
-56
-478
-755
-947
-1081
-1424
-2187
-2964
-3286
-3259
-3294
-3500
-3730
-3839
-3897
-4042
-4267
-4345
-4151
-3726
-3289
-2928
-2574
-2112
-1616
-1148
-803
-551
-316
-20
211
323
420
626
886
1114
1265
1386
1540
1731
1874
1957
2053
2202
2329
2333
2242
2173
2222
2315
2337
2242
2078
1948
1971
2103
2194
2187
2149
2126
2055
1905
1763
1711
1707
1715
1609
1265
857
692
712
770
894
858
339
-423
-981
-1283
-1376
-1305
-1457
-2133
-2935
-3368
-3523
-3712
-3892
-3948
-3965
-4062
-4189
-4298
-4302
-4067
-3555
-3013
-2615
-2269
-1822
-1358
-1010
-824
-621
-266
101
291
420
587
787
1023
1292
1499
1644
1772
1897
2004
2132
2335
2542
2558
2379
2239
2188
2090
1994
1999
2022
2014
2065
2183
2252
2206
2117
2113
2129
2013
1836
1756
1710
1613
1457
1220
936
764
766
862
922
917
811
392
-405
-1100
-1321
-1257
-1153
-1215
-1849
-2935
-3719
-3922
-3918
-3901
-3861
-3858
-3928
-4071
-4256
-4310
-4095
-3623
-3013
-2445
-2072
-1814
-1605
-1457
-1263
-910
-472
-81
219
450
646
814
999
1280
1566
1711
1822
1997
2167
2317
2493
2578
2483
2308
2161
2014
1882
1838
1922
2067
2191
2243
2233
2196
2147
2131
2137
2046
1852
1695
1619
1564
1520
1436
1261
1109
1087
1106
1067
957
863
830
601
-38
-701
-938
-941
-1014
-1238
-1860
-2900
-3739
-3938
-3811
-3715
-3673
-3718
-3892
-4106
-4253
-4295
-4107
-3618
-2940
-2395
-2178
-2177
-2128
-1955
-1612
-1051
-401
73
362
550
618
571
645
981
1429
1770
1963
2059
2116
2155
2184
2195
2163
2079
2008
1987
1965
1951
2054
2204
2213
2125
2109
2174
2206
2174
2069
1908
1724
1586
1553
1604
1604
1525
1455
1425
1343
1167
996
938
953
984
1000
769
163
-505
-934
-1271
-1612
-1860
-2266
-3010
-3621
-3680
-3516
-3543
-3740
-3981
-4195
-4275
-4169
-3959
-3658
-3270
-2899
-2713
-2709
-2699
-2435
-1832
-1049
-369
63
269
338
325
339
525
931
1423
1830
2029
2008
1869
1784
1791
1856
1976
2147
2271
2264
2187
2122
2054
1998
2060
2227
2316
2234
2135
2090
1983
1791
1711
1796
1881
1858
1766
1622
1463
1323
1189
1061
981
1009
1113
1174
1104
919
516
-199
-955
-1413
-1581
-1623
-1713
-2135
-2900
-3495
-3598
-3532
-3632
-3786
-3816
-3786
-3822
-3910
-3934
-3821
-3573
-3237
-2926
-2697
-2393
-1864
-1248
-775
-438
-160
41
188
380
627
894
1200
1500
1663
1634
1534
1518
1640
1843
2083
2317
2442
2363
2165
2000
1923
1957
2106
2263
2287
2208
2136
2052
1917
1834
1896
2017
2044
1918
1702
1526
1428
1350
1265
1238
1268
1270
1194
1020
819
698
557
114
-594
-1156
-1369
-1415
-1471
-1668
-2194
-2938
-3457
-3531
-3418
-3387
-3467
-3607
-3812
-4024
-4150
-4127
-3932
-3580
-3143
-2728
-2396
-2105
-1769
-1371
-928
-492
-108
177
399
613
810
950
1104
1311
1505
1636
1746
1873
2025
2205
2340
2344
2256
2168
2088
2020
1998
1992
2012
2113
2206
2128
1957
1904
1993
2064
2033
1918
1740
1575
1520
1539
1521
1475
1447
1382
1214
1016
888
802
673
528
391
95
-453
-1007
-1350
-1522
-1593
-1671
-2085
-2851
-3432
-3464
-3269
-3293
-3567
-3853
-4031
-4118
-4120
-4019
-3805
-3451
-2972
-2560
-2369
-2256
-1925
-1341
-766
-376
-102
124
301
427
566
759
1028
1375
1706
1876
1896
1944
2072
2168
2173
2182
2254
2288
2197
2074
2010
1987
2021
2135
2200
2116
2010
1967
1913
1839
1829
1842
1812
1768
1716
1612
1474
1352
1238
1133
1071
1018
930
777
553
357
307
238
-146
-733
-1140
-1310
-1426
-1546
-1820
-2422
-3078
-3368
-3355
-3387
-3541
-3702
-3826
-3900
-3913
-3870
-3731
-3443
-3050
-2674
-2371
-2112
-1839
-1506
-1140
-781
-441
-121
163
370
513
665
906
1217
1513
1734
1849
1849
1815
1855
1963
2049
2109
2157
2121
2009
1934
1936
1970
2031
2086
2059
1973
1923
1927
1954
2010
2055
1985
1785
1590
1501
1455
1402
1357
1311
1214
1065
869
659
513
456
473
474
238
-310
-877
-1176
-1303
-1412
-1568
-1988
-2736
-3361
-3480
-3370
-3437
-3611
-3721
-3821
-3917
-3914
-3772
-3493
-3080
-2629
-2330
-2244
-2214
-1988
-1493
-910
-426
-65
186
328
425
566
751
999
1339
1636
1727
1685
1698
1804
1938
2076
2196
2233
2170
2058
1951
1882
1882
1959
2059
2109
2118
2152
2209
2203
2090
1917
1756
1651
1602
1563
1517
1493
1457
1324
1068
808
658
632
676
667
571
457
274
-177
-805
-1232
-1338
-1360
-1495
-1864
-2526
-3220
-3536
-3461
-3358
-3426
-3552
-3644
-3728
-3786
-3727
-3527
-3238
-2903
-2606
-2440
-2322
-2019
-1483
-916
-491
-182
60
229
351
522
775
1060
1315
1505
1620
1677
1744
1868
1996
2053
2041
2040
2034
1954
1843
1794
1838
1968
2178
2370
2399
2259
2071
1915
1809
1767
1786
1790
1721
1622
1501
1334
1141
989
889
822
774
742
708
648
555
453
366
166
-281
-792
-1085
-1203
-1356
-1601
-2001
-2627
-3194
-3338
-3202
-3190
-3337
-3435
-3507
-3671
-3798
-3724
-3476
-3152
-2775
-2411
-2181
-2037
-1807
-1421
-976
-578
-250
21
254
471
677
871
1073
1321
1547
1653
1663
1667
1704
1764
1860
1954
1967
1930
1943
1992
2013
2069
2192
2255
2169
2034
1932
1849
1816
1872
1937
1889
1715
1510
1325
1161
1066
1077
1090
1049
1002
939
783
620
574
534
414
311
192
-187
-758
-1170
-1334
-1415
-1527
-1827
-2438
-3080
-3303
-3153
-3037
-3131
-3310
-3486
-3655
-3730
-3637
-3371
-2989
-2584
-2309
-2245
-2251
-2054
-1583
-1005
-480
-48
251
400
479
583
747
953
1182
1385
1483
1472
1461
1542
1709
1897
2043
2127
2140
2098
2021
1957
1952
1999
2042
2053
2019
1965
1933
1919
1851
1723
1579
1441
1326
1270
1264
1286
1352
1394
1277
1017
806
723
685
623
560
488
383
168
-247
-783
-1184
-1321
-1330
-1436
-1799
-2415
-3004
-3232
-3104
-2952
-2996
-3216
-3459
-3599
-3588
-3468
-3302
-3125
-2918
-2668
-2422
-2208
-1905
-1395
-792
-309
-24
114
165
227
380
591
818
1055
1293
1471
1560
1587
1633
1781
1987
2123
2130
2064
1972
1908
1914
1983
2061
2102
2092
2025
1911
1811
1763
1750
1720
1666
1608
1557
1513
1472
1401
1283
1148
997
819
673
615
598
566
512
422
304
164
-112
-595
-1071
-1314
-1392
-1487
-1698
-2136
-2705
-3040
-2998
-2875
-2925
-3123
-3349
-3544
-3659
-3644
-3493
-3243
-2889
-2451
-2106
-1952
-1804
-1483
-1072
-682
-351
-114
40
215
437
650
834
1041
1273
1449
1526
1572
1657
1768
1895
2045
2164
2171
2100
2038
1981
1917
1896
1912
1907
1873
1858
1874
1886
1866
1810
1737
1638
1489
1328
1207
1116
1026
964
908
820
768
786
763
660
554
425
248
114
-26
-364
-803
-1054
-1138
-1245
-1415
-1717
-2258
-2816
-3033
-2958
-2918
-3066
-3303
-3516
-3616
-3540
-3337
-3079
-2805
-2547
-2353
-2240
-2134
-1900
-1454
-911
-456
-157
45
203
344
479
624
813
1097
1418
1637
1698
1708
1793
1937
2043
2057
1988
1879
1801
1795
1815
1827
1890
1991
2033
1996
1948
1908
1870
1841
1756
1584
1403
1288
1210
1152
1135
1140
1100
998
846
704
603
493
384
326
297
244
219
154
-188
-720
-1068
-1210
-1365
-1546
-1791
-2281
-2834
-3056
-2980
-2942
-2995
-3074
-3223
-3359
-3370
-3291
-3188
-3017
-2736
-2420
-2143
-1923
-1684
-1315
-882
-516
-211
18
166
348
613
888
1103
1315
1512
1601
1611
1597
1602
1673
1769
1844
1914
1963
1943
1886
1883
1901
1891
1946
2000
1918
1763
1674
1656
1645
1642
1622
1544
1435
1339
1233
1095
961
878
822
718
605
573
587
602
588
481
266
102
38
-176
-640
-1065
-1255
-1331
-1434
-1656
-2111
-2659
-2926
-2841
-2734
-2829
-3050
-3265
-3420
-3471
-3383
-3161
-2869
-2576
-2333
-2175
-2069
-1882
-1493
-976
-476
-71
216
375
451
555
733
926
1092
1263
1402
1433
1440
1542
1697
1838
1979
2071
2011
1870
1830
1888
1899
1869
1892
1911
1867
1833
1842
1832
1811
1801
1708
1485
1243
1101
1047
1024
1016
1026
997
883
750
649
547
451
425
385
243
103
-5
-291
-737
-1050
-1143
-1190
-1315
-1614
-2161
-2743
-2985
-2872
-2752
-2858
-3091
-3280
-3386
-3409
-3321
-3151
-2941
-2666
-2350
-2094
-1914
-1633
-1166
-666
-301
-68
100
217
319
467
643
808
1015
1260
1415
1451
1490
1596
1715
1821
1902
1927
1885
1790
1738
1785
1849
1892
1971
2023
1930
1807
1786
1757
1661
1610
1584
1486
1364
1285
1211
1127
1043
953
833
685
553
496
492
470
424
342
192
67
19
-152
-553
-966
-1186
-1267
-1330
-1491
-1905
-2467
-2824
-2825
-2717
-2769
-2982
-3227
-3400
-3409
-3249
-3003
-2712
-2389
-2070
-1867
-1806
-1714
-1434
-1007
-575
-239
-10
85
137
282
501
758
1042
1301
1444
1436
1406
1466
1583
1714
1840
1937
1963
1907
1868
1874
1860
1849
1873
1879
1803
1739
1757
1747
1672
1619
1567
1455
1334
1270
1190
1068
1018
1026
946
780
654
614
594
546
492
421
291
159
72
-123
-514
-867
-989
-1053
-1237
-1521
-1969
-2566
-2954
-2948
-2825
-2834
-2917
-3050
-3206
-3244
-3148
-2992
-2797
-2554
-2285
-2042
-1864
-1700
-1417
-1025
-665
-339
-42
140
233
372
548
680
855
1105
1276
1348
1426
1522
1619
1701
1786
1865
1885
1838
1770
1740
1750
1793
1897
1956
1875
1761
1704
1690
1681
1660
1589
1457
1348
1268
1150
1037
975
948
893
785
675
578
523
520
506
440
310
184
142
56
-267
-745
-1097
-1251
-1345
-1438
-1661
-2135
-2610
-2755
-2656
-2593
-2649
-2817
-3052
-3195
-3168
-3042
-2848
-2581
-2300
-2086
-1944
-1810
-1567
-1169
-734
-386
-133
19
109
236
425
624
847
1107
1302
1351
1317
1331
1414
1538
1684
1812
1867
1852
1807
1749
1688
1683
1761
1858
1852
1779
1721
1686
1665
1643
1583
1466
1341
1251
1184
1098
1031
988
939
878
796
709
674
651
563
434
295
138
28
-14
-177
-557
-918
-1082
-1158
-1251
-1438
-1871
-2450
-2778
-2754
-2664
-2668
-2755
-2938
-3150
-3226
-3130
-2958
-2724
-2439
-2183
-2009
-1882
-1717
-1432
-1045
-663
-328
-54
119
228
354
504
674
891
1132
1313
1403
1452
1505
1584
1679
1750
1796
1841
1856
1827
1820
1843
1867
1904
1937
1859
1708
1645
1669
1678
1667
1636
1511
1347
1242
1180
1101
1047
1020
935
765
571
429
360
341
314
255
159
35
-62
-113
-280
-657
-1033
-1207
-1252
-1295
-1422
-1771
-2317
-2716
-2760
-2659
-2657
-2746
-2877
-3040
-3120
-3035
-2844
-2622
-2349
-2047
-1828
-1738
-1638
-1385
-999
-596
-244
13
153
258
430
641
805
951
1114
1238
1288
1336
1436
1574
1711
1828
1897
1884
1806
1742
1734
1743
1757
1817
1869
1821
1739
1718
1713
1647
1575
1539
1469
1339
1236
1153
992
820
766
766
692
593
547
493
377
268
186
90
1
-4
7
-175
-604
-1024
-1226
-1307
-1386
-1520
-1863
-2386
-2709
-2698
-2628
-2639
-2681
-2794
-2938
-2967
-2896
-2789
-2585
-2296
-2035
-1830
-1662
-1487
-1212
-831
-450
-137
93
230
323
421
535
679
893
1146
1331
1425
1465
1471
1478
1542
1667
1781
1821
1806
1771
1723
1700
1755
1837
1856
1829
1790
1727
1664
1607
1510
1361
1213
1092
1017
997
968
875
760
649
532
448
406
380
372
362
279
140
41
-32
-96
-194
-463
-891
-1210
-1302
-1340
-1451
-1681
-2083
-2494
-2612
-2492
-2443
-2532
-2673
-2840
-2951
-2909
-2743
-2504
-2224
-1965
-1772
-1654
-1561
-1357
-988
-599
-283
-9
208
331
421
537
669
814
995
1165
1253
1281
1348
1475
1590
1690
1798
1874
1871
1819
1750
1707
1740
1825
1857
1772
1622
1497
1489
1547
1549
1482
1374
1202
1020
918
864
824
856
904
830
671
521
409
353
339
292
207
120
22
-77
-208
-519
-920
-1111
-1103
-1134
-1281
-1605
-2144
-2596
-2666
-2511
-2400
-2430
-2590
-2781
-2905
-2936
-2842
-2611
-2337
-2076
-1826
-1671
-1598
-1393
-1008
-626
-325
-83
53
105
193
352
544
759
983
1166
1275
1316
1373
1504
1627
1704
1804
1887
1863
1766
1672
1599
1606
1719
1819
1806
1714
1623
1571
1546
1481
1380
1310
1253
1161
1061
971
878
817
770
679
539
423
365
342
310
224
104
12
-42
-80
-112
-237
-566
-963
-1195
-1249
-1247
-1292
-1540
-2001
-2411
-2537
-2471
-2425
-2491
-2626
-2730
-2758
-2700
-2554
-2345
-2120
-1877
-1671
-1594
-1532
-1295
-921
-548
-232
1
143
248
382
551
727
886
1070
1248
1322
1327
1376
1453
1506
1588
1711
1780
1778
1728
1648
1581
1572
1617
1670
1662
1596
1570
1579
1529
1431
1343
1225
1076
968
888
813
760
714
648
563
460
364
316
277
233
198
117
-15
-91
-99
-108
-202
-478
-867
-1129
-1200
-1241
-1374
-1674
-2110
-2430
-2449
-2321
-2276
-2374
-2558
-2710
-2768
-2725
-2578
-2344
-2090
-1856
-1666
-1541
-1419
-1158
-776
-421
-152
52
196
295
412
568
738
922
1113
1274
1370
1424
1487
1550
1599
1639
1696
1753
1782
1776
1747
1710
1686
1691
1673
1597
1505
1448
1415
1381
1329
1247
1155
1054
938
819
721
653
600
540
454
343
260
223
207
184
137
61
-29
-118
-187
-219
-270
-452
-756
-1022
-1135
-1155
-1194
-1382
-1774
-2220
-2466
-2453
-2364
-2347
-2411
-2508
-2609
-2661
-2608
-2446
-2195
-1896
-1623
-1453
-1372
-1237
-962
-602
-278
-18
197
363
491
615
739
852
997
1184
1345
1413
1449
1520
1604
1662
1712
1759
1767
1743
1704
1646
1582
1586
1639
1636
1542
1429
1358
1311
1279
1238
1166
1059
949
850
743
657
609
580
503
375
273
226
204
165
114
55
-10
-38
-52
-98
-151
-227
-458
-853
-1146
-1216
-1177
-1186
-1393
-1857
-2355
-2527
-2409
-2277
-2245
-2298
-2425
-2558
-2580
-2528
-2375
-2081
-1751
-1525
-1413
-1326
-1184
-889
-498
-192
31
225
380
496
638
797
921
1088
1266
1371
1390
1414
1468
1527
1610
1676
1697
1684
1636
1551
1489
1488
1521
1551
1547
1459
1331
1268
1275
1266
1200
1105
984
856
773
715
638
539
465
412
353
315
304
268
194
142
109
24
-50
-48
-54
-88
-134
-336
-741
-1059
-1118
-1093
-1150
-1340
-1728
-2183
-2385
-2318
-2245
-2274
-2322
-2382
-2473
-2516
-2456
-2315
-2092
-1804
-1555
-1426
-1331
-1130
-832
-519
-219
53
256
397
507
602
715
897
1119
1290
1372
1377
1364
1386
1458
1542
1613
1662
1663
1610
1541
1493
1477
1494
1514
1492
1399
1281
1217
1196
1168
1110
1027
916
811
751
709
629
538
462
381
292
234
217
207
207
199
142
32
-78
-134
-137
-131
-141
-257
-561
-919
-1116
-1144
-1149
-1238
-1518
-1955
-2303
-2374
-2288
-2232
-2265
-2352
-2423
-2429
-2364
-2249
-2059
-1798
-1520
-1296
-1180
-1076
-845
-499
-167
98
306
434
527
635
742
850
1008
1186
1294
1320
1316
1335
1380
1432
1480
1519
1536
1512
1468
1401
1349
1367
1426
1440
1383
1290
1189
1123
1102
1094
1066
996
880
743
645
603
592
568
488
354
216
143
130
144
150
137
111
66
-16
-111
-158
-144
-136
-255
-565
-937
-1162
-1200
-1191
-1302
-1596
-1970
-2227
-2293
-2252
-2214
-2217
-2251
-2286
-2297
-2256
-2114
-1880
-1626
-1396
-1232
-1122
-982
-753
-470
-184
83
296
439
531
594
660
770
929
1096
1213
1251
1249
1263
1321
1411
1498
1556
1561
1522
1451
1378
1339
1361
1424
1455
1404
1277
1152
1086
1096
1103
1049
923
770
654
607
607
597
562
490
376
259
185
172
194
210
167
70
-36
-124
-177
-199
-205
-228
-333
-578
-921
-1206
-1311
-1269
-1246
-1398
-1722
-2054
-2216
-2197
-2116
-2078
-2102
-2142
-2159
-2144
-2086
-1944
-1701
-1409
-1162
-1002
-894
-750
-527
-257
-8
196
364
508
628
714
795
915
1067
1203
1264
1256
1241
1274
1353
1425
1457
1453
1429
1392
1351
1318
1305
1320
1336
1310
1234
1133
1071
1062
1070
1056
986
862
732
635
580
555
529
482
407
308
218
163
144
119
66
-1
-73
-148
-215
-261
-293
-320
-359
-481
-740
-1043
-1234
-1252
-1188
-1222
-1448
-1807
-2098
-2159
-2044
-1934
-1933
-1996
-2041
-2038
-1990
-1898
-1737
-1489
-1188
-941
-811
-743
-614
-383
-108
137
318
443
529
589
642
726
860
1008
1121
1175
1181
1206
1276
1353
1387
1392
1405
1399
1375
1351
1314
1276
1267
1283
1257
1189
1126
1089
1060
1032
993
915
815
725
654
573
501
456
412
346
260
168
84
32
14
-5
-43
-97
-175
-278
-368
-407
-406
-401
-480
-718
-1022
-1210
-1219
-1160
-1190
-1405
-1746
-2003
-2037
-1933
-1849
-1842
-1885
-1925
-1920
-1877
-1792
-1620
-1373
-1117
-935
-845
-767
-619
-377
-125
87
257
400
512
591
645
706
821
980
1105
1156
1166
1179
1218
1278
1331
1362
1379
1370
1336
1290
1266
1280
1306
1308
1255
1171
1099
1064
1064
1062
1014
935
846
749
667
604
543
490
443
360
230
114
38
-2
-19
-50
-118
-198
-253
-319
-404
-456
-457
-437
-457
-603
-884
-1131
-1198
-1139
-1098
-1190
-1466
-1787
-1948
-1921
-1832
-1773
-1767
-1822
-1867
-1863
-1820
-1709
-1504
-1252
-1037
-880
-776
-672
-493
-264
-32
178
359
484
566
638
694
786
925
1064
1168
1218
1234
1222
1241
1288
1334
1384
1408
1395
1346
1293
1252
1241
1268
1271
1226
1136
1046
992
969
965
923
847
742
631
543
484
460
432
370
251
98
-14
-61
-58
-60
-105
-183
-264
-325
-376
-401
-404
-404
-427
-542
-770
-1018
-1141
-1131
-1105
-1177
-1399
-1694
-1885
-1891
-1803
-1728
-1706
-1735
-1767
-1776
-1755
-1675
-1497
-1251
-1021
-862
-773
-697
-539
-295
-47
152
320
454
546
614
669
738
858
1009
1122
1168
1182
1207
1258
1307
1339
1356
1366
1373
1361
1327
1273
1239
1233
1225
1183
1118
1064
1030
1003
956
869
755
649
568
511
456
400
342
282
196
91
-14
-79
-87
-75
-97
-185
-299
-369
-375
-370
-384
-419
-456
-504
-612
-808
-1034
-1160
-1159
-1132
-1197
-1402
-1664
-1819
-1806
-1708
-1635
-1623
-1657
-1693
-1688
-1643
-1553
-1392
-1181
-972
-815
-701
-584
-419
-196
39
238
397
521
617
695
761
833
935
1063
1172
1236
1247
1242
1248
1286
1329
1360
1360
1325
1279
1237
1208
1192
1187
1175
1146
1093
1028
962
901
847
793
719
625
527
442
377
315
242
154
64
-18
-89
-145
-181
-204
-224
-260
-320
-388
-432
-449
-453
-454
-461
-473
-516
-632
-825
-1006
-1075
-1040
-1007
-1103
-1337
-1592
-1720
-1681
-1574
-1507
-1507
-1545
-1570
-1564
-1524
-1430
-1259
-1034
-830
-689
-597
-488
-307
-73
156
336
466
563
642
714
791
882
989
1088
1147
1172
1190
1214
1244
1261
1260
1241
1217
1178
1122
1071
1056
1087
1124
1124
1075
997
934
901
880
836
764
673
576
487
411
344
286
236
174
93
3
-87
-154
-189
-206
-235
-289
-363
-424
-447
-443
-438
-455
-475
-479
-492
-563
-718
-903
-1024
-1034
-1005
-1048
-1207
-1424
-1571
-1587
-1522
-1466
-1455
-1477
-1491
-1483
-1441
-1350
-1192
-989
-795
-656
-560
-447
-281
-78
122
291
435
559
652
704
735
798
902
1017
1088
1102
1099
1113
1146
1166
1162
1139
1127
1119
1092
1051
1019
1020
1039
1036
982
908
854
840
844
829
778
684
573
457
361
313
298
286
233
129
-2
-110
-168
-189
-193
-201
-237
-306
-393
-464
-479
-448
-415
-418
-446
-467
-482
-545
-703
-904
-1023
-1012
-939
-947
-1101
-1335
-1498
-1501
-1404
-1311
-1287
-1312
-1345
-1349
-1313
-1235
-1103
-928
-739
-579
-456
-339
-180
23
223
370
461
526
600
681
752
814
867
928
984
1021
1048
1072
1096
1111
1115
1108
1095
1067
1017
961
928
932
950
945
900
834
787
765
745
713
658
584
496
406
328
270
232
197
153
91
8
-83
-170
-238
-277
-293
-311
-357
-425
-479
-492
-468
-435
-424
-430
-449
-457
-488
-584
-729
-843
-869
-853
-869
-965
-1135
-1306
-1380
-1342
-1253
-1190
-1171
-1171
-1185
-1191
-1139
-1004
-807
-601
-433
-335
-279
-194
-40
140
294
400
478
527
563
609
673
741
809
879
926
944
958
988
1013
1016
995
979
965
954
950
947
932
911
897
871
827
775
743
729
705
662
602
522
428
335
270
230
203
171
113
19
-92
-181
-232
-256
-280
-301
-328
-364
-407
-446
-474
-490
-491
-481
-474
-480
-501
-551
-654
-787
-879
-886
-840
-821
-876
-1012
-1154
-1216
-1182
-1101
-1034
-1007
-1016
-1029
-1021
-960
-832
-664
-501
-379
-299
-229
-136
-7
132
248
338
411
469
521
572
629
690
746
797
830
853
873
895
921
932
932
927
913
892
867
852
844
844
839
820
780
728
682
657
653
656
643
585
480
357
262
216
200
175
111
1
-115
-207
-259
-278
-284
-299
-335
-385
-431
-455
-455
-439
-426
-432
-444
-442
-431
-443
-508
-616
-718
-765
-765
-763
-809
-913
-1040
-1120
-1129
-1081
-1014
-961
-941
-949
-951
-913
-824
-702
-570
-460
-374
-289
-193
-81
37
150
254
352
435
497
541
577
612
659
707
749
791
833
865
886
889
893
907
922
919
898
872
851
843
834
815
784
750
716
671
618
572
538
503
451
367
262
169
114
86
54
2
-76
-161
-228
-270
-290
-304
-323
-353
-394
-426
-433
-427
-421
-421
-425
-420
-405
-407
-448
-533
-629
-697
-721
-723
-731
-784
-878
-972
-1027
-1015
-955
-881
-835
-827
-834
-829
-784
-691
-571
-455
-357
-287
-224
-147
-58
49
159
258
341
403
452
485
518
562
621
696
764
812
840
854
867
881
891
888
868
833
799
776
770
775
769
744
703
645
594
556
535
515
479
422
342
258
183
127
94
70
35
-20
-92
-160
-206
-227
-240
-256
-283
-322
-352
-365
-365
-363
-364
-363
-361
-369
-384
-419
-485
-573
-648
-685
-694
-707
-738
-799
-881
-942
-945
-903
-863
-838
-832
-844
-853
-828
-756
-663
-567
-475
-390
-315
-227
-115
5
115
212
296
361
400
443
501
564
626
685
733
752
756
766
787
796
804
812
820
803
782
770
768
760
755
758
740
696
643
603
573
553
534
505
438
344
259
209
181
165
142
88
5
-83
-142
-171
-180
-193
-223
-274
-328
-357
-356
-341
-341
-354
-384
-415
-430
-432
-450
-504
-584
-662
-720
-750
-769
-800
-860
-937
-993
-1015
-995
-952
-910
-889
-880
-863
-813
-726
-615
-503
-405
-327
-249
-169
-78
25
118
203
278
346
408
470
519
561
604
647
692
739
778
805
820
831
838
844
844
839
825
808
788
770
750
721
686
647
614
593
576
557
524
471
408
351
307
271
233
178
104
24
-49
-96
-134
-163
-199
-250
-300
-339
-355
-353
-347
-353
-373
-402
-425
-436
-445
-457
-489
-541
-600
-657
-696
-725
-759
-796
-839
-879
-897
-896
-880
-858
-835
-809
-779
-736
-683
-620
-547
-469
-392
-315
-240
-161
-77
10
93
171
251
321
386
447
505
561
616
657
693
723
744
762
777
787
792
798
792
783
772
756
743
728
710
688
665
637
609
573
537
497
457
417
372
323
273
223
170
122
78
38
-3
-45
-87
-129
-163
-193
-223
-250
-282
-312
-342
-375
-406
-440
-478
-513
-546
-587
-634
-679
-713
-742
-771
-802
-834
-857
-871
-873
-866
-858
-835
-811
-783
-747
-708
-650
-579
-501
-425
-351
-275
-196
-111
-25
64
152
232
306
369
429
485
538
591
639
680
710
736
753
767
776
788
801
804
801
785
769
750
734
716
695
666
635
594
552
510
470
429
385
339
286
238
191
142
96
55
18
-15
-51
-90
-132
-170
-201
-228
-257
-288
-318
-354
-390
-424
-455
-484
-510
-540
-577
-620
-660
-694
-721
-744
-770
-795
-817
-830
-837
-832
-817
-795
-772
-740
-702
-654
-598
-535
-466
-394
-322
-248
-166
-85
-4
74
149
220
289
353
412
466
515
563
608
645
678
710
737
757
775
788
795
801
806
798
786
770
751
729
706
680
648
612
572
530
483
438
391
343
292
238
186
135
84
38
-7
-51
-92
-132
-170
-200
-233
-264
-294
-322
-353
-381
-409
-444
-477
-511
-547
-582
-621
-657
-695
-727
-757
-790
-812
-833
-852
-859
-857
-857
-842
-813
-781
-739
-691
-637
-579
-502
-423
-343
-256
-174
-91
-9
76
149
224
297
359
417
465
507
549
591
626
656
684
706
722
743
758
769
783
792
790
789
783
768
755
738
713
684
656
616
578
537
491
444
399
349
296
246
193
142
91
44
-5
-48
-87
-130
-168
-207
-245
-280
-313
-349
-384
-415
-455
-493
-530
-571
-614
-654
-692
-731
-768
-797
-827
-848
-862
-877
-878
-874
-862
-842
-815
-778
-737
-687
-628
-564
-500
-425
-348
-272
-189
-113
-32
46
122
196
266
331
389
447
499
547
590
630
667
698
723
747
768
782
790
792
794
789
780
764
742
720
694
665
631
597
558
518
480
439
395
357
315
273
232
189
147
106
61
20
-22
-65
-106
-149
-189
-229
-269
-307
-346
-382
-418
-457
-489
-524
-559
-591
-625
-656
-685
-715
-740
-762
-780
-794
-798
-800
-795
-782
-764
-741
-711
-671
-629
-578
-521
-462
-400
-333
-266
-196
-124
-56
13
84
152
219
284
342
398
449
497
540
578
613
641
669
690
706
720
729
733
730
730
725
714
703
686
669
648
624
599
574
544
511
481
447
412
379
344
307
267
230
191
149
103
58
10
-37
-84
-134
-184
-237
-291
-345
-397
-450
-506
-560
-611
-661
-710
-758
-802
-839
-873
-900
-919
-930
-936
-933
-918
-897
-864
-821
-777
-725
-666
-600
-530
-459
-379
-304
-229
-152
-76
-2
66
135
197
259
320
372
425
476
520
566
605
641
678
705
731
752
772
790
800
803
805
800
794
784
764
738
710
680
642
604
561
517
465
414
363
311
260
208
156
107
58
12
-32
-78
-121
-166
-206
-246
-286
-328
-370
-412
-451
-490
-529
-566
-604
-644
-679
-715
-744
-770
-789
-805
-817
-820
-817
-807
-788
-763
-734
-693
-652
-600
-545
-487
-427
-364
-300
-236
-168
-104
-43
17
75
128
181
230
274
317
358
398
432
467
500
531
562
593
620
643
667
688
704
721
729
737
740
737
731
723
713
694
673
647
616
584
549
511
469
426
378
328
280
230
177
123
65
6
-55
-118
-181
-245
-311
-379
-444
-509
-574
-639
-701
-763
-818
-865
-909
-946
-976
-996
-1012
-1011
-1003
-988
-959
-923
-884
-832
-769
-705
-631
-559
-477
-395
-312
-228
-147
-62
16
94
168
238
307
369
429
484
537
584
629
670
703
740
768
791
809
823
834
840
842
835
825
810
792
768
737
704
665
620
577
529
477
424
367
314
259
200
144
90
36
-18
-75
-129
-188
-239
-293
-343
-393
-442
-492
-540
-582
-626
-665
-702
-738
-764
-787
-809
-826
-836
-839
-838
-830
-813
-794
-771
-738
-700
-656
-608
-552
-494
-431
-367
-299
-231
-161
-89
-20
50
119
183
243
304
362
413
460
503
543
579
613
646
671
690
706
722
734
740
744
745
740
732
721
707
688
668
644
616
586
552
515
473
429
382
332
283
226
169
111
51
-8
-70
-130
-192
-250
-310
-368
-419
-471
-519
-563
-607
-646
-681
-712
-741
-759
-778
-790
-797
-800
-800
-793
-781
-763
-740
-713
-679
-639
-599
-553
-505
-452
-397
-334
-273
-212
-151
-89
-24
41
106
168
232
292
348
401
456
504
553
598
634
670
703
731
754
770
781
787
787
785
778
762
745
724
698
669
637
603
564
520
477
430
382
332
278
220
162
105
43
-19
-83
-147
-211
-274
-336
-396
-452
-508
-558
-609
-653
-691
-725
-756
-782
-802
-820
-827
-827
-827
-820
-806
-783
-758
-723
-689
-650
-602
-554
-502
-447
-386
-324
-261
-198
-135
-72
-10
50
110
171
229
282
340
390
443
489
533
576
613
651
681
707
731
748
761
769
774
775
769
757
740
717
691
662
625
587
546
499
450
400
347
289
231
173
115
52
-7
-69
-127
-185
-243
-298
-354
-405
-454
-498
-540
-583
-619
-648
-677
-701
-720
-736
-746
-750
-751
-748
-736
-720
-701
-673
-640
-606
-567
-522
-474
-426
-374
-320
-263
-204
-147
-88
-30
25
80
131
185
231
275
321
362
405
442
475
507
539
567
589
605
625
639
649
662
663
664
660
652
641
625
604
581
555
525
489
448
407
362
317
270
221
168
115
60
7
-47
-101
-156
-207
-263
-313
-360
-408
-454
-494
-532
-566
-597
-624
-644
-664
-679
-685
-686
-685
-680
-669
-650
-628
-604
-574
-540
-501
-460
-414
-366
-319
-268
-219
-167
-114
-62
-9
41
88
133
177
221
259
300
340
370
401
432
454
478
499
517
529
542
552
558
563
564
563
557
551
539
528
511
492
469
444
418
385
350
313
274
235
192
149
103
57
9
-38
-84
-129
-169
-213
-256
-296
-337
-373
-406
-436
-468
-492
-510
-530
-547
-556
-563
-571
-568
-562
-557
-546
-528
-507
-487
-456
-429
-400
-364
-327
-290
-250
-207
-167
-125
-86
-46
-8
32
70
109
144
178
212
244
272
302
327
352
374
394
413
430
443
454
463
468
471
475
479
475
470
461
455
441
426
411
389
366
342
315
284
252
216
179
142
103
61
17
-27
-68
-111
-152
-195
-235
-272
-305
-337
-369
-396
-421
-444
-464
-474
-484
-490
-494
-495
-488
-482
-470
-460
-443
-423
-401
-374
-350
-320
-290
-257
-224
-191
-154
-118
-80
-46
-10
26
57
89
121
151
178
205
228
251
273
289
308
321
335
349
359
369
376
382
385
390
391
392
389
386
378
369
357
343
329
312
291
268
241
214
187
156
124
90
55
22
-13
-49
-87
-124
-156
-187
-220
-249
-279
-303
-326
-350
-368
-386
-399
-410
-415
-419
-418
-413
-409
-401
-390
-373
-356
-337
-312
-289
-264
-237
-210
-181
-154
-123
-95
-65
-35
-9
19
44
69
93
117
141
163
186
206
224
241
258
273
288
296
305
314
320
323
325
326
328
325
320
312
307
301
290
280
267
254
241
224
206
188
165
144
121
97
72
46
21
-6
-33
-62
-94
-123
-150
-177
-205
-231
-255
-272
-291
-312
-330
-342
-354
-366
-370
-371
-371
-370
-364
-356
-346
-330
-311
-293
-275
-252
-226
-196
-169
-141
-111
-82
-51
-23
8
37
64
87
114
136
157
178
194
213
227
236
249
257
264
272
275
276
275
277
276
274
268
263
258
249
244
233
224
214
201
191
179
166
153
136
120
107
86
67
45
24
2
-20
-42
-66
-87
-110
-132
-155
-175
-194
-213
-228
-243
-255
-266
-273
-277
-279
-284
-284
-282
-279
-269
-262
-250
-241
-231
-220
-208
-191
-173
-155
-137
-118
-99
-76
-57
-37
-16
7
27
48
70
89
108
129
145
162
178
192
204
216
227
236
243
247
251
252
251
247
245
234
229
219
207
197
181
168
154
136
125
107
90
73
58
40
24
8
-9
-27
-43
-59
-75
-89
-102
-114
-127
-139
-148
-159
-168
-177
-180
-183
-191
-192
-195
-197
-195
-190
-185
-182
-176
-169
-161
-152
-144
-132
-121
-107
-97
-83
-74
-58
-45
-30
-17
-3
12
25
37
50
63
71
82
88
97
105
112
118
120
127
131
137
137
138
137
138
139
137
137
132
135
128
124
121
116
106
101
91
83
70
61
53
41
30
17
8
-4
-14
-23
-35
-44
-53
-68
-74
-84
-89
-91
-100
-102
-109
-112
-110
-113
-116
-117
-113
-109
-103
-102
-93
-91
-82
-76
-67
-61
-52
-44
-34
-29
-19
-14
-5
2
9
14
20
24
29
28
36
38
43
45
48
50
52
51
50
50
51
52
51
52
47
48
44
43
39
41
34
34
32
35
28
30
25
29
25
25
20
19
15
18
12
12
9
10
6
2
4
-3
-4
-10
-12
-15
-16
-22
-21
-23
-27
-28
-28
-32
-33
-35
-37
-37
-34
-37
-35
-35
-33
-31
-33
-31
-30
-27
-26
-24
-22
-18
-14
-10
-9
-5
-4
-5
-5
-3
2
3
7
8
7
11
10
11
13
13
14
15
16
16
17
15
16
14
16
17
16
18
19
19
18
19
20
18
19
17
16
14
12
12
10
10
7
7
7
4
4
6
3
3
-1
-1
-2
-3
-2
-5
-6
-9
-10
-9
-10
-9
-7
-8
-8
-10
-12
-14
-13
-14
-13
-12
-13
-13
-11
-11
-11
-11
-10
-10
-7
-6
-7
-4
-3
-4
-1
0
0
2
4
5
5
6
7
8
9
8
6
4
5
5
5
5
3
6
6
5
5
2
3
6
5
4
3
3
3
2
2
4
3
5
2
2
3
0
1
0
0
0
0
0
1
1
1
0
-2
-1
-2
-2
-1
-4
-6
-3
-4
-4
-4
-5
-5
-7
-6
-5
-4
-4
-4
-3
-3
-4
-2
-3
-4
-2
-3
0
1
0
-1
-1
1
2
2
3
2
3
3
3
7
5
4
5
3
4
5
4
4
4
4
4
4
3
1
0
3
3
1
3
1
3
0
-2
-2
-2
-1
1
-2
-3
-1
-1
0
-1
0
-2
-1
-2
-2
-2
-1
2
-1
-1
-2
-2
-1
0
1
2
0
