1
0
0
0
-1
-1
0
-1
-1
-2
-2
-2
0
1
3
0
-2
1
5
6
2
2
3
4
3
2
5
5
2
-3
-3
-1
-4
-7
-5
-5
-11
-9
-9
-10
-3
-1
-7
-2
4
3
2
1
5
2
-1
0
-2
3
6
4
2
0
1
0
5
4
1
2
3
-4
-2
0
1
5
7
0
-2
1
4
4
3
2
2
0
-1
-3
-6
-2
-4
0
-2
-2
-2
-4
-4
-6
-7
-5
-3
-3
-1
-2
-4
0
0
-5
-3
3
6
5
-2
-1
1
1
3
1
-2
1
7
7
1
2
4
6
8
11
9
5
-3
-11
-10
-9
-2
2
8
7
-3
-5
-1
-1
-8
-8
-3
3
6
1
-4
-9
-8
-8
-9
-14
-10
4
7
2
-10
-6
-4
-1
3
3
10
14
11
6
10
14
11
11
6
10
12
6
0
-3
-2
-4
-6
-7
-9
-9
1
3
2
5
8
7
4
1
3
-2
-9
-3
-2
1
4
4
5
7
2
-21
-19
2
6
-1
-11
-31
-47
-47
-31
-22
-20
-14
-22
-34
-37
-17
8
17
-52
-219
-347
-330
-193
-40
81
136
191
249
294
303
295
337
359
331
263
184
141
110
81
42
9
-34
-83
-128
-166
-214
-257
-256
-193
-149
-183
-202
-191
-211
-238
-174
-39
33
32
33
25
-23
-35
27
54
-2
-37
-20
-17
-38
-36
-24
-34
-45
-54
-74
-91
-84
-51
-7
16
5
-11
13
52
56
41
52
58
56
101
170
177
136
123
154
191
224
251
231
181
143
132
148
173
178
154
100
27
-34
-63
-45
5
47
63
45
21
17
23
5
-40
-113
-207
-272
-308
-325
-322
-330
-342
-343
-343
-334
-323
-313
-297
-289
-298
-335
-379
-381
-341
-290
-248
-214
-177
-120
-52
19
96
169
240
309
369
401
409
415
433
467
511
558
588
586
577
576
591
621
664
698
703
686
661
642
635
640
633
612
599
595
582
548
524
521
508
445
327
161
-49
-287
-568
-970
-1569
-2294
-2977
-3501
-3866
-4065
-4068
-3853
-3436
-2827
-2098
-1399
-829
-343
101
450
680
857
1060
1279
1524
1820
2111
2250
2193
2056
1883
1596
1176
744
474
440
580
782
968
1092
1146
1181
1232
1164
865
603
713
1122
1595
2075
2528
2819
2939
2923
2707
2274
1806
1372
1035
897
987
1159
1451
1647
855
-1362
-3933
-5705
-7165
-8882
-10160
-10268
-9681
-8587
-6603
-4096
-2259
-1291
-424
567
1132
1073
942
1128
1575
2217
3206
4227
4670
4458
4121
3700
2811
1486
289
-520
-992
-1121
-835
-424
-155
-16
239
444
426
236
170
230
452
898
1444
1676
1535
1356
1244
1038
810
782
906
1103
1410
1740
1833
1685
1352
964
608
466
387
597
1037
1710
2173
2696
2925
3024
2775
2701
2728
3425
3560
1522
-2785
-6654
-8980
-11175
-13606
-14892
-14265
-12831
-10145
-6387
-2438
-113
1497
2913
4510
5184
5174
4718
4688
4757
4906
4956
4733
3535
1648
-71
-1312
-2629
-4114
-5023
-4777
-3603
-2063
-317
1438
2707
3427
4088
4645
4540
3940
3431
3148
2924
2794
2478
1905
1181
127
-1680
-3430
-4285
-4334
-3859
-2444
-391
1490
3015
4337
5097
4971
4289
3533
3059
2762
2440
2122
2173
2305
2254
2222
2422
2602
2918
2741
156
-5127
-10186
-12997
-14799
-16558
-17039
-15440
-12420
-8187
-2987
1760
4599
5814
6385
6911
6914
5919
4255
3105
2697
2543
2224
1685
502
-1282
-2991
-4030
-4552
-4893
-4782
-3631
-1395
1167
3566
5513
6644
6785
6515
6041
5126
3754
2347
1184
476
202
-85
-569
-1226
-1812
-2183
-2387
-3271
-4150
-3637
-1506
662
2728
4511
5611
5811
5942
5611
4554
3108
1892
993
803
927
725
336
593
1095
1606
2551
3818
2448
-2700
-8730
-11770
-13391
-15534
-17065
-15704
-12761
-8621
-3115
2417
5375
6222
6395
6433
6135
5134
3096
1144
710
1151
1282
1077
561
-970
-2928
-3965
-3966
-3987
-3941
-2844
-345
2553
4965
6611
7315
6783
5576
4525
3475
1906
231
-668
-767
-472
-171
-78
-304
-649
-1198
-1942
-2446
-2193
-1203
380
2396
4280
5460
5901
5802
5099
3834
2434
1452
973
692
447
443
701
992
1365
1846
2563
3704
4129
1060
-5318
-11032
-13904
-15981
-17767
-17375
-14563
-10763
-5666
494
5405
7462
7619
7018
6194
5195
3606
1472
32
-87
222
225
-25
-818
-2467
-4082
-4555
-4088
-3537
-2603
-448
2644
5395
7302
8378
8218
6667
4744
3149
1508
-321
-1604
-2038
-1873
-1263
-553
-248
-332
-597
-1240
-1718
-1189
170
1446
2763
4208
5251
5388
4890
3808
2432
1117
339
293
751
1077
1248
1582
1817
1694
1624
1617
1789
2812
3738
1213
-4785
-10417
-13390
-15562
-17294
-17348
-15096
-11225
-5581
674
5686
8256
8860
8124
6937
5488
3282
439
-1613
-2004
-1522
-1229
-1334
-1735
-2532
-3390
-3505
-2752
-1842
-754
1352
4258
6651
7909
8197
7405
5483
3229
1331
-244
-1779
-2686
-2603
-1820
-1043
-163
524
833
961
1351
1126
440
478
1525
2278
2633
2918
2828
2310
1955
1629
974
643
1019
1772
2266
2412
2146
1719
1156
902
1107
1671
2683
4414
4172
-845
-8285
-13060
-15382
-17863
-19450
-17676
-13407
-7679
-679
5974
9705
10519
9602
7836
5600
3036
-190
-3022
-3926
-2956
-1901
-1537
-1571
-1864
-2632
-3123
-2532
-1260
-114
1492
4205
7015
8387
8236
7152
5182
2625
436
-944
-2107
-2987
-2876
-1677
-406
639
1246
1429
1373
1522
1070
328
445
1684
2605
3128
3397
3142
2201
1473
918
396
198
719
1502
2234
2719
2856
2484
1737
1060
966
1411
2609
4435
4072
-1350
-8923
-13616
-15815
-18367
-19648
-17378
-12559
-6402
1249
8017
11192
11084
9760
7519
4591
1234
-2159
-4973
-5646
-4327
-2683
-2082
-1920
-1814
-1922
-2080
-1244
282
1567
2994
5596
8081
8427
6938
5160
3071
436
-1660
-2554
-2989
-3094
-2052
-148
1298
1885
2200
2367
2294
2201
2108
1440
624
548
1072
1208
1136
1170
1091
867
1190
1722
1883
1954
2502
2935
2725
2195
1681
996
402
681
1628
2786
4523
6228
4104
-3184
-11476
-16395
-19090
-20765
-20153
-16081
-9728
-1602
6499
11970
13282
11794
8478
4644
1094
-1955
-5023
-6708
-6014
-3728
-2049
-1465
-1595
-1798
-2055
-1613
-209
1812
3541
5481
7648
8933
7883
5253
2295
-302
-2425
-3430
-3317
-2646
-1608
43
1894
2925
2956
2377
1873
1716
1944
1629
892
529
1039
1412
1373
999
575
194
474
1305
2099
2543
2925
3499
3679
2966
1598
598
-16
15
787
2161
3706
5848
6239
1242
-8003
-15495
-18903
-20603
-21003
-18013
-11704
-4141
3844
10790
14161
12878
9191
5054
1256
-2180
-4809
-6675
-6964
-5191
-2429
-1018
-1164
-1572
-1602
-1468
-445
1778
4049
5572
7145
8715
8589
6053
2520
-782
-3380
-4654
-4172
-2761
-1167
470
2198
3416
3718
3056
2163
1573
1525
1861
2316
2131
1177
148
-462
-839
-899
-439
348
1400
2779
4037
4527
4265
3488
2272
1024
291
42
-110
295
1580
3514
5710
7375
4918
-3410
-13347
-18935
-20686
-21095
-19440
-14176
-6872
1325
9184
14042
13814
10265
5707
1417
-2029
-4364
-6250
-7256
-6184
-3293
-1021
-727
-1338
-1457
-1158
-373
1551
4072
5738
6612
7583
7898
6202
2864
-520
-3049
-4365
-4224
-2896
-1312
99
1516
2889
3573
3379
2713
2105
1729
1817
2114
2009
1054
26
-505
-650
-728
-305
469
1356
2454
3810
4385
3962
3227
2419
1149
130
-13
169
369
1328
3223
5529
7472
6183
-1032
-11387
-18446
-20646
-20951
-19968
-15620
-8216
265
8360
14001
14781
11256
6376
1990
-1655
-4486
-6415
-7459
-6926
-4522
-1676
-559
-958
-1220
-617
305
1944
4232
6074
6720
7056
7060
5656
2484
-874
-3099
-3919
-3708
-2518
-943
369
1298
2222
2760
2501
1803
1501
1763
2288
2798
3034
2587
1320
-236
-1484
-2130
-1934
-736
941
2466
3706
4501
4395
3393
2115
824
-209
-459
287
1237
2229
3361
4620
5934
6940
4026
-4954
-15270
-20364
-20807
-19862
-17061
-11179
-3683
4105
10974
14185
12350
7576
2609
-1442
-4220
-5847
-6730
-6902
-5493
-2684
-401
-304
-1055
-806
425
1693
3353
5251
6340
6171
5723
5009
3086
106
-2126
-2763
-2365
-1508
-443
306
874
1656
2236
2003
1497
1353
1647
2242
2971
3247
2855
2091
1234
54
-1311
-2096
-1653
-385
1059
2487
3668
4179
4023
3465
2444
1280
710
781
942
1374
2218
2995
4158
6140
5494
-1696
-12072
-18691
-20485
-20415
-17976
-12107
-4814
2243
9376
14066
13223
8143
2881
-1472
-5020
-7062
-7244
-6871
-5838
-3361
-459
383
-467
-671
468
1712
3115
4997
6176
5719
4829
4168
2621
-27
-2046
-2359
-1642
-602
605
1545
1732
1459
1236
1006
594
482
1147
2274
3309
4067
3925
2268
254
-555
-658
-966
-724
493
1655
2254
2605
2504
1810
1293
1510
2041
2332
2507
2641
2504
2195
2295
2900
4024
4666
1468
-7110
-16020
-19675
-19352
-18030
-14307
-7191
404
6598
11409
13071
9666
3671
-1012
-3802
-6028
-7064
-6293
-4933
-3759
-1818
78
123
-904
-484
1156
2611
3942
5508
5976
4961
3748
2906
1199
-1122
-2173
-1392
-305
545
1415
1736
1027
305
192
161
237
1034
2443
3709
4465
4475
3621
1708
-692
-2292
-2381
-1714
-642
1003
2385
2769
2805
2986
2586
1990
2025
2469
2383
2260
2212
1843
1202
1228
2068
3726
4747
1471
-6855
-14977
-18397
-18808
-17441
-12923
-5762
744
6355
10666
11441
7316
1768
-2468
-4829
-6126
-5868
-4751
-3488
-2458
-1048
-265
-794
-1606
-940
767
2592
4401
5766
5631
4253
2999
1979
591
-750
-880
-20
1058
1735
1942
1307
73
-1070
-1212
-612
372
1721
3429
4702
5108
4353
2428
295
-745
-824
-581
-47
675
1111
1335
1547
1767
1975
2389
3058
3654
3592
3007
2357
1537
961
1221
2077
3447
5328
3550
-4813
-14666
-18860
-19033
-18113
-14197
-6183
1211
6000
9324
10653
7221
1111
-3507
-5090
-5586
-5119
-3616
-2220
-2040
-1702
-1234
-1901
-2971
-2046
434
2564
4233
5877
6258
4588
2575
1530
645
-545
-570
601
1518
1708
1733
952
-485
-1324
-998
-241
912
2504
4148
5113
5239
4506
2868
506
-1300
-1762
-1425
-799
306
1326
1660
1799
2092
2230
2211
2508
3010
3309
2968
2241
1391
596
194
739
2215
4355
5483
1475
-7883
-16340
-18785
-18051
-15958
-10757
-2670
3459
6813
8434
7861
3477
-1670
-4485
-4545
-3768
-2346
-1046
-979
-2111
-2701
-2792
-3265
-3182
-1090
2034
4248
5447
5936
5199
3132
1502
1111
993
581
1089
2116
2082
1008
206
-663
-1830
-2071
-729
1021
2378
3598
4696
4860
3993
2983
2097
460
-1250
-1565
-958
-698
-119
989
1450
1317
1722
2540
2991
3269
3455
3241
2219
1178
551
197
-29
877
2888
5182
5621
831
-8867
-16895
-18652
-17284
-14695
-8942
-865
4325
6048
6158
5007
1320
-2440
-4004
-3151
-1884
-286
656
-393
-3159
-4536
-4241
-3733
-2848
-191
2947
4887
5599
5440
4027
2037
1019
1267
1772
2086
2559
2760
1757
-216
-1821
-2487
-2588
-2000
-207
2187
3835
4491
4555
3999
3056
2549
2088
976
-154
-508
-611
-620
-274
182
456
1015
1898
2826
3523
3746
3438
2811
1946
1124
787
765
1085
1911
3309
4896
4723
-1030
-10874
-17732
-18247
-16261
-12870
-6552
678
4385
4831
3791
1847
-876
-2409
-2137
-1040
-276
617
825
-1104
-4376
-6034
-5432
-3705
-1319
1398
3373
4229
4415
3867
2576
1438
1586
2659
3350
3296
3092
2499
1065
-583
-1816
-2467
-2280
-1209
169
1605
2794
3696
4236
4158
3374
2841
2291
1125
97
-20
-195
-461
-239
47
63
575
1557
2404
2899
3177
3345
3185
2298
1371
1027
917
1249
2405
3612
4834
5259
675
-9224
-16930
-17892
-16162
-13710
-8151
-972
3048
3683
2926
996
-1644
-2274
-574
990
1051
1063
863
-1102
-4485
-6493
-6238
-4424
-1719
1291
3001
3218
3184
3381
2737
1654
1916
3664
4817
4485
3425
2032
268
-1033
-1429
-1621
-1888
-1261
328
1618
1980
2407
3276
3854
3822
3721
3061
1446
8
-135
44
-164
-107
500
849
866
1064
1467
1875
2397
2925
2740
1761
1023
1274
1424
1315
1985
3512
4601
5413
3787
-3443
-13455
-18097
-16425
-13504
-10422
-4854
624
2479
1478
-142
-1948
-2666
-812
2079
3057
2095
1101
-160
-2964
-5992
-6656
-5018
-2534
204
2241
2287
1373
1554
2432
2558
2571
3817
5447
5756
4615
2834
795
-749
-1131
-1071
-1461
-1549
-658
404
1059
1661
2576
3462
3981
4005
3737
2633
1041
254
423
66
-296
231
854
795
858
879
730
1091
2052
2720
2669
2093
1688
1927
1812
1553
2061
3163
4022
4914
1936
-7053
-15886
-17043
-14056
-11598
-8162
-2726
415
295
-677
-1835
-3141
-2177
1528
4278
3697
1695
287
-1584
-4316
-6020
-5522
-3705
-1147
1426
2220
955
94
1197
2691
3291
3798
4824
5369
4969
3897
2324
534
-385
-282
-217
-905
-1663
-1509
-532
560
1518
2726
3829
4362
4278
3746
2492
1065
576
990
993
356
17
158
31
-198
-101
229
734
1962
3087
3013
2002
1689
2007
2066
1949
2385
3291
4270
4608
794
-7767
-15287
-15711
-12610
-10313
-7714
-3297
-759
-1213
-2263
-2890
-3216
-1412
2786
5493
4466
1671
-402
-2217
-4273
-5454
-4851
-3012
-797
1180
1404
-128
-1051
360
2469
3742
4533
5117
5059
4396
3536
2209
891
313
517
327
-691
-1778
-1838
-721
649
1742
2561
3305
3591
3537
2898
1826
1126
1796
2655
2312
1062
92
-478
-662
-443
-92
355
1190
2187
2439
1900
1294
1651
2362
2651
2617
3111
3541
3940
3509
-949
-9434
-14912
-13257
-10000
-8880
-7096
-3844
-2823
-3560
-3704
-3503
-3056
111
4637
6034
3488
678
-790
-2092
-3515
-3890
-3258
-2171
-583
855
378
-1510
-1833
246
2425
3548
4601
5343
4894
3920
3310
2330
1103
779
1210
739
-671
-1704
-1654
-971
118
1446
2358
2539
2641
3104
3116
2322
1615
1856
2430
2434
1629
563
-209
-445
-252
-61
104
564
1509
2169
2121
1605
1467
1866
2524
3126
3344
3173
3269
3381
-85
-7554
-13260
-12486
-9515
-8208
-7089
-5007
-4420
-4882
-4543
-3922
-3127
-87
4174
5550
3267
485
-1036
-1881
-2338
-2162
-1843
-1484
-634
205
-402
-2021
-2335
-489
1817
3110
3772
4194
4122
3708
3325
2742
2116
2226
2647
2056
403
-915
-1224
-708
64
658
927
1275
1759
2129
2183
1972
1829
2298
3005
2806
1722
856
573
415
270
118
-29
203
917
1545
1518
1136
1106
1864
2481
2345
1992
2211
2534
3159
2952
-1092
-8280
-12015
-9934
-7513
-7572
-7006
-5276
-5005
-5470
-4823
-4086
-3143
27
3825
4157
1454
-625
-1002
-904
-638
-280
-428
-691
-339
-96
-1001
-2084
-1674
84
1591
2147
2327
2639
3049
3420
3509
3121
2724
2827
2948
2250
1015
99
-192
-61
353
668
716
833
1283
1602
1608
1585
1687
1869
2207
2391
1968
1320
1009
849
512
287
373
631
945
1270
1270
889
548
767
1255
1652
1922
2320
2700
3062
2054
-1994
-7558
-9688
-7605
-5816
-6298
-6288
-5272
-5376
-6153
-5899
-5142
-3850
-773
2305
2162
-122
-1172
-713
-115
581
1222
946
318
236
-44
-1161
-1739
-792
625
1273
1371
1453
1705
2181
2783
3030
2816
2624
2679
2621
2251
1800
1442
1232
1201
1183
1012
905
1064
1328
1490
1581
1606
1527
1420
1268
986
781
990
1394
1444
1137
913
792
612
547
731
890
844
711
522
280
258
587
894
957
1103
1187
-153
-3299
-6090
-6337
-5189
-4684
-4615
-4083
-3975
-4925
-5796
-5662
-4847
-3388
-1389
-53
-253
-981
-1092
-738
-281
481
1245
1385
1041
750
397
-89
-163
481
1229
1574
1640
1629
1571
1596
1756
1912
2015
2141
2245
2183
2004
1890
1878
1878
1884
1910
1870
1706
1520
1325
1045
783
676
620
525
508
590
606
483
287
45
-190
-343
-440
-568
-679
-655
-480
-280
-157
-112
-105
-111
-96
-56
-25
28
206
451
538
320
-100
-496
-766
-912
-919
-850
-1007
-1571
-2229
-2557
-2473
-2150
-1854
-1820
-1987
-2067
-1962
-1877
-1922
-1976
-1876
-1587
-1233
-1009
-944
-845
-560
-129
239
415
446
480
569
645
669
668
737
965
1289
1467
1389
1279
1345
1528
1650
1613
1419
1207
1133
1169
1200
1270
1480
1756
1858
1655
1278
988
906
971
1067
1080
950
812
855
1000
1003
869
779
734
640
515
459
504
655
846
931
765
314
-271
-776
-1083
-1208
-1192
-1228
-1593
-2261
-2861
-3110
-3004
-2716
-2531
-2636
-2859
-2939
-2897
-2875
-2852
-2730
-2438
-2004
-1584
-1352
-1269
-1113
-769
-348
-7
215
349
429
509
632
768
902
1137
1483
1752
1785
1668
1561
1538
1613
1708
1691
1566
1512
1598
1708
1752
1797
1905
1965
1813
1489
1222
1114
1105
1159
1227
1198
1092
1029
985
871
720
599
511
439
371
307
303
428
609
655
481
242
57
-196
-618
-1053
-1316
-1363
-1240
-1231
-1721
-2538
-3041
-3011
-2813
-2751
-2811
-2937
-3044
-3032
-2943
-2878
-2764
-2475
-2041
-1614
-1332
-1226
-1191
-1007
-590
-115
183
305
409
543
687
914
1201
1424
1608
1805
1849
1637
1403
1368
1454
1579
1755
1909
1939
1886
1830
1789
1776
1793
1802
1750
1604
1412
1309
1318
1322
1283
1267
1250
1118
873
613
428
345
328
353
402
434
402
311
201
100
42
30
30
28
-17
-244
-684
-1120
-1339
-1336
-1292
-1465
-2004
-2711
-3158
-3180
-2977
-2774
-2690
-2748
-2853
-2841
-2728
-2638
-2531
-2259
-1862
-1510
-1269
-1138
-1061
-892
-509
-14
372
614
822
1013
1127
1175
1216
1254
1294
1365
1428
1423
1385
1447
1646
1855
1958
1947
1895
1823
1729
1650
1634
1691
1771
1820
1801
1684
1509
1365
1278
1190
1071
907
713
545
494
556
626
644
588
472
330
207
136
131
187
243
257
278
275
89
-345
-846
-1209
-1380
-1415
-1470
-1793
-2420
-3024
-3250
-3093
-2824
-2670
-2714
-2861
-2943
-2886
-2789
-2712
-2535
-2199
-1831
-1575
-1432
-1301
-1049
-606
-64
403
702
847
865
828
845
930
1037
1159
1335
1500
1549
1522
1517
1565
1688
1882
2007
1945
1796
1703
1683
1729
1867
2010
2028
1921
1719
1417
1128
1026
1093
1162
1132
1003
793
614
556
546
495
446
417
334
231
197
201
183
179
208
222
219
190
-20
-484
-1016
-1389
-1549
-1540
-1497
-1657
-2125
-2635
-2869
-2817
-2671
-2590
-2650
-2831
-2958
-2903
-2755
-2616
-2431
-2121
-1748
-1401
-1134
-953
-772
-486
-109
202
363
443
540
687
859
1016
1127
1215
1303
1372
1375
1345
1383
1524
1683
1770
1787
1787
1798
1817
1844
1849
1819
1772
1721
1626
1475
1333
1253
1228
1224
1199
1101
910
718
631
627
603
547
508
482
444
410
399
372
331
336
351
269
114
-21
-209
-548
-940
-1220
-1327
-1288
-1250
-1500
-2146
-2846
-3146
-3013
-2757
-2639
-2729
-2938
-3052
-2945
-2725
-2539
-2325
-1987
-1604
-1329
-1193
-1110
-954
-614
-115
341
573
627
651
721
802
848
876
961
1152
1368
1462
1398
1326
1413
1661
1921
2025
1932
1747
1632
1644
1718
1794
1856
1869
1779
1581
1352
1184
1131
1190
1256
1213
1044
819
613
488
480
536
575
548
467
362
251
148
50
-37
-83
-73
-25
6
-15
-134
-408
-802
-1182
-1412
-1493
-1569
-1821
-2299
-2803
-3044
-2939
-2679
-2532
-2594
-2750
-2822
-2706
-2472
-2252
-2073
-1850
-1553
-1268
-1060
-895
-685
-366
23
340
467
466
502
640
829
1015
1189
1327
1420
1459
1419
1358
1376
1526
1725
1865
1887
1810
1716
1665
1685
1727
1738
1692
1606
1498
1382
1289
1252
1260
1246
1144
950
748
649
713
846
865
702
450
246
139
112
117
125
138
162
163
87
-34
-138
-268
-533
-916
-1273
-1473
-1507
-1520
-1731
-2219
-2729
-2929
-2784
-2533
-2423
-2510
-2684
-2741
-2578
-2330
-2145
-2000
-1779
-1496
-1251
-1099
-1020
-918
-680
-290
96
341
475
609
781
962
1107
1175
1199
1255
1368
1458
1468
1464
1528
1667
1818
1869
1780
1628
1549
1588
1678
1737
1734
1685
1610
1518
1408
1297
1214
1185
1167
1106
975
788
588
414
286
222
216
247
268
230
133
20
-66
-122
-164
-202
-213
-176
-134
-201
-455
-848
-1220
-1413
-1415
-1368
-1475
-1831
-2332
-2705
-2769
-2572
-2335
-2247
-2322
-2425
-2419
-2304
-2174
-2072
-1944
-1719
-1412
-1119
-908
-739
-508
-166
214
500
629
656
696
800
938
1075
1196
1304
1394
1426
1391
1338
1341
1445
1603
1725
1755
1713
1648
1615
1636
1698
1762
1788
1734
1596
1431
1286
1183
1108
1033
950
864
786
698
590
477
388
340
303
241
153
62
2
-22
-49
-113
-199
-247
-215
-135
-110
-251
-577
-990
-1322
-1471
-1471
-1471
-1620
-1944
-2309
-2535
-2553
-2441
-2354
-2380
-2487
-2563
-2524
-2375
-2169
-1945
-1716
-1485
-1279
-1122
-993
-808
-511
-128
232
470
584
633
690
791
923
1069
1203
1307
1365
1370
1368
1405
1507
1648
1775
1846
1848
1800
1733
1670
1629
1625
1657
1696
1695
1643
1547
1440
1336
1230
1108
981
865
755
635
518
429
393
377
323
200
34
-106
-160
-126
-81
-89
-174
-279
-322
-303
-305
-448
-752
-1104
-1344
-1412
-1425
-1568
-1924
-2360
-2633
-2609
-2378
-2168
-2138
-2271
-2429
-2471
-2366
-2176
-1957
-1742
-1521
-1304
-1115
-947
-766
-534
-250
42
269
396
450
488
569
697
870
1052
1222
1362
1456
1515
1557
1601
1648
1687
1700
1669
1624
1595
1610
1655
1704
1723
1688
1596
1456
1299
1165
1083
1050
1045
1027
967
855
705
532
390
336
361
411
397
294
140
23
-9
18
42
18
-22
-36
-23
-62
-258
-641
-1095
-1442
-1571
-1530
-1497
-1636
-1972
-2352
-2567
-2546
-2371
-2228
-2229
-2338
-2424
-2382
-2232
-2050
-1877
-1704
-1509
-1314
-1141
-979
-786
-514
-186
123
351
498
608
716
829
933
1033
1152
1299
1433
1504
1512
1501
1533
1624
1727
1784
1761
1688
1615
1576
1572
1581
1582
1570
1538
1493
1431
1361
1283
1184
1046
870
701
588
549
541
492
355
170
37
19
81
132
112
22
-90
-194
-288
-386
-463
-473
-428
-404
-519
-803
-1161
-1421
-1487
-1420
-1416
-1621
-2012
-2373
-2494
-2358
-2127
-2003
-2049
-2179
-2260
-2225
-2112
-1962
-1766
-1508
-1225
-989
-827
-689
-477
-160
189
451
581
636
704
833
998
1149
1252
1321
1375
1423
1462
1502
1555
1621
1671
1672
1608
1502
1413
1397
1455
1526
1545
1482
1359
1237
1153
1118
1113
1099
1055
972
858
737
653
622
624
604
529
401
244
98
-10
-70
-86
-79
-87
-131
-199
-249
-267
-318
-491
-803
-1135
-1337
-1371
-1348
-1448
-1758
-2165
-2442
-2481
-2354
-2235
-2241
-2346
-2440
-2420
-2290
-2109
-1910
-1696
-1478
-1280
-1141
-1037
-914
-703
-398
-65
213
400
517
602
697
825
995
1195
1381
1499
1538
1526
1523
1577
1672
1763
1819
1830
1809
1767
1707
1629
1560
1532
1533
1532
1485
1399
1303
1217
1136
1038
920
815
741
684
604
475
317
190
129
111
90
37
-49
-150
-250
-349
-441
-515
-555
-566
-554
-550
-591
-719
-952
-1228
-1440
-1531
-1540
-1589
-1782
-2089
-2349
-2418
-2283
-2066
-1918
-1902
-1959
-1992
-1935
-1795
-1614
-1412
-1202
-1000
-828
-689
-563
-397
-161
111
350
510
612
713
848
1016
1174
1284
1357
1418
1481
1535
1564
1579
1604
1651
1693
1690
1636
1559
1505
1499
1519
1515
1459
1351
1219
1088
985
928
912
908
856
727
547
396
325
329
340
294
185
72
1
-18
-8
10
12
-12
-77
-172
-254
-285
-275
-312
-505
-852
-1222
-1445
-1464
-1403
-1461
-1737
-2128
-2417
-2468
-2330
-2175
-2134
-2203
-2264
-2223
-2078
-1910
-1774
-1649
-1484
-1262
-1020
-801
-606
-403
-155
110
330
479
581
687
829
985
1117
1206
1262
1309
1362
1408
1457
1531
1642
1758
1819
1800
1710
1607
1539
1527
1558
1589
1584
1526
1425
1310
1208
1120
1028
918
805
719
663
604
502
343
174
54
9
7
-2
-59
-149
-243
-305
-326
-326
-317
-322
-342
-365
-398
-453
-565
-764
-1008
-1226
-1360
-1420
-1483
-1628
-1860
-2085
-2185
-2145
-2038
-1970
-1995
-2071
-2112
-2058
-1923
-1754
-1585
-1413
-1232
-1051
-870
-683
-452
-167
136
376
516
589
673
811
996
1178
1308
1385
1437
1479
1505
1515
1509
1519
1549
1595
1622
1594
1526
1452
1407
1395
1394
1371
1332
1284
1220
1132
1042
973
937
915
842
690
500
356
307
320
320
253
132
21
-33
-45
-57
-88
-131
-183
-260
-359
-458
-520
-522
-527
-628
-865
-1145
-1332
-1380
-1372
-1445
-1672
-1970
-2165
-2173
-2055
-1948
-1938
-2004
-2056
-2024
-1915
-1780
-1648
-1499
-1329
-1161
-1017
-889
-713
-456
-126
191
411
533
606
688
795
917
1036
1141
1250
1355
1431
1470
1500
1554
1635
1715
1752
1710
1610
1511
1451
1436
1441
1434
1397
1324
1240
1162
1082
992
880
776
706
666
636
571
450
316
236
221
229
189
64
-92
-206
-251
-251
-259
-303
-372
-441
-493
-520
-528
-551
-645
-854
-1137
-1371
-1453
-1395
-1347
-1464
-1753
-2043
-2143
-2020
-1819
-1730
-1807
-1943
-1989
-1883
-1697
-1519
-1366
-1211
-1005
-774
-564
-401
-252
-72
151
376
547
654
728
811
907
1008
1103
1175
1239
1297
1345
1388
1428
1474
1518
1544
1534
1483
1402
1320
1263
1250
1274
1299
1291
1221
1103
983
908
894
893
837
696
503
330
235
217
219
185
116
44
10
11
11
-11
-59
-121
-181
-252
-340
-410
-430
-394
-374
-475
-731
-1052
-1284
-1355
-1325
-1346
-1528
-1833
-2106
-2205
-2123
-1962
-1829
-1792
-1807
-1814
-1771
-1676
-1536
-1367
-1173
-982
-813
-664
-509
-312
-62
201
405
530
598
662
755
874
991
1090
1174
1250
1318
1359
1367
1372
1401
1459
1521
1543
1499
1424
1371
1372
1423
1461
1441
1363
1260
1169
1098
1028
944
848
755
663
560
428
290
183
127
105
62
-30
-161
-273
-317
-312
-294
-296
-320
-362
-425
-503
-568
-576
-535
-519
-640
-910
-1210
-1387
-1386
-1316
-1337
-1538
-1827
-2024
-2043
-1941
-1840
-1820
-1843
-1825
-1726
-1586
-1460
-1340
-1193
-993
-769
-570
-405
-247
-57
179
416
608
749
850
933
1000
1066
1150
1257
1374
1457
1466
1419
1374
1397
1475
1545
1544
1465
1377
1332
1338
1343
1314
1250
1187
1144
1100
1030
925
819
732
665
584
454
287
139
54
32
31
-10
-97
-208
-299
-355
-379
-386
-391
-400
-427
-480
-552
-606
-595
-512
-420
-429
-605
-907
-1183
-1301
-1258
-1177
-1215
-1424
-1703
-1884
-1888
-1767
-1630
-1569
-1583
-1607
-1579
-1491
-1362
-1206
-1027
-842
-678
-542
-421
-278
-89
140
377
576
720
813
875
926
987
1078
1190
1293
1357
1363
1333
1307
1333
1403
1465
1471
1414
1333
1275
1264
1271
1263
1221
1168
1114
1056
980
881
782
711
671
638
580
476
347
235
171
142
109
28
-92
-207
-282
-314
-330
-346
-378
-421
-475
-534
-585
-606
-572
-524
-542
-694
-957
-1199
-1318
-1292
-1229
-1276
-1482
-1745
-1900
-1870
-1721
-1589
-1552
-1596
-1639
-1614
-1523
-1405
-1272
-1105
-905
-714
-573
-466
-341
-143
114
361
532
619
682
767
872
969
1045
1115
1190
1268
1333
1375
1392
1414
1451
1477
1474
1439
1386
1323
1267
1237
1234
1236
1217
1153
1058
963
896
845
787
697
593
489
390
300
223
176
153
138
89
-12
-134
-223
-246
-228
-221
-260
-341
-434
-497
-522
-512
-482
-451
-458
-552
-745
-974
-1143
-1213
-1218
-1253
-1392
-1615
-1809
-1872
-1807
-1685
-1607
-1600
-1625
-1625
-1574
-1494
-1397
-1260
-1077
-876
-702
-571
-450
-284
-51
206
414
544
617
683
767
865
962
1049
1133
1205
1252
1267
1262
1281
1341
1429
1507
1530
1489
1420
1374
1364
1377
1376
1340
1270
1187
1109
1027
924
813
717
644
576
475
343
202
103
58
40
-5
-109
-236
-334
-365
-347
-327
-340
-385
-440
-490
-529
-555
-555
-527
-495
-511
-636
-858
-1079
-1191
-1159
-1086
-1107
-1296
-1574
-1769
-1781
-1650
-1513
-1473
-1519
-1570
-1555
-1472
-1363
-1241
-1082
-873
-652
-490
-404
-336
-203
31
298
505
601
630
664
744
853
959
1052
1128
1194
1235
1247
1251
1278
1334
1385
1402
1389
1352
1328
1318
1308
1279
1242
1207
1174
1127
1047
949
838
741
656
571
465
346
229
127
57
20
-3
-43
-125
-236
-337
-380
-360
-320
-317
-376
-462
-521
-522
-477
-435
-430
-466
-540
-662
-835
-1002
-1102
-1102
-1059
-1080
-1233
-1460
-1615
-1619
-1500
-1377
-1329
-1342
-1361
-1352
-1315
-1263
-1168
-1006
-801
-613
-498
-435
-346
-177
54
281
444
545
615
675
729
794
871
967
1063
1122
1123
1077
1037
1041
1100
1174
1215
1209
1165
1112
1084
1091
1113
1128
1109
1054
972
894
837
805
779
730
642
533
429
344
278
211
133
57
-12
-66
-112
-151
-177
-185
-182
-194
-232
-294
-362
-411
-427
-404
-380
-381
-433
-566
-757
-942
-1045
-1050
-1007
-1016
-1143
-1359
-1546
-1613
-1553
-1440
-1363
-1351
-1374
-1389
-1367
-1313
-1212
-1053
-861
-669
-526
-433
-340
-194
7
210
351
415
454
519
623
734
825
893
961
1030
1084
1111
1119
1132
1163
1203
1226
1220
1197
1169
1145
1123
1101
1079
1069
1054
1006
914
789
676
615
611
620
592
499
372
258
197
183
178
142
59
-53
-165
-242
-277
-290
-306
-343
-405
-460
-492
-481
-442
-412
-417
-474
-582
-725
-858
-947
-981
-982
-1014
-1116
-1282
-1444
-1526
-1507
-1433
-1363
-1333
-1335
-1339
-1325
-1273
-1178
-1037
-861
-680
-525
-411
-311
-193
-29
169
353
490
586
658
728
803
880
951
1010
1063
1101
1115
1115
1119
1142
1179
1220
1244
1239
1197
1145
1102
1076
1073
1063
1028
961
869
775
704
642
588
529
449
360
270
191
120
60
-3
-78
-165
-249
-307
-317
-300
-289
-307
-363
-427
-461
-457
-423
-387
-369
-389
-454
-557
-685
-800
-878
-907
-921
-973
-1089
-1253
-1395
-1456
-1423
-1346
-1287
-1264
-1273
-1273
-1239
-1160
-1043
-896
-740
-598
-484
-398
-303
-165
22
226
394
497
552
602
671
760
845
911
959
992
1016
1033
1047
1074
1112
1157
1180
1170
1129
1086
1061
1056
1053
1048
1019
974
924
866
806
749
699
663
618
548
444
316
198
113
63
25
-22
-103
-206
-306
-367
-377
-356
-331
-335
-367
-410
-448
-466
-467
-459
-459
-483
-552
-667
-810
-938
-1012
-1030
-1037
-1080
-1186
-1331
-1434
-1447
-1384
-1306
-1256
-1245
-1237
-1189
-1100
-986
-867
-744
-604
-453
-320
-220
-146
-54
83
250
400
497
544
585
657
761
867
942
989
1028
1075
1124
1160
1186
1208
1224
1228
1219
1196
1176
1165
1162
1137
1087
1024
961
909
856
799
729
655
577
489
386
275
180
111
62
20
-38
-117
-207
-293
-347
-369
-361
-340
-341
-375
-439
-501
-536
-536
-517
-512
-539
-593
-677
-784
-900
-993
-1030
-1026
-1015
-1056
-1162
-1295
-1376
-1359
-1270
-1176
-1127
-1125
-1139
-1125
-1059
-957
-832
-689
-546
-425
-333
-258
-171
-36
136
305
428
505
563
627
700
781
854
926
991
1048
1079
1084
1091
1113
1153
1190
1207
1195
1175
1151
1128
1104
1066
1020
976
932
874
798
711
628
568
532
497
434
338
225
139
97
86
68
6
-100
-217
-304
-340
-329
-310
-321
-367
-436
-497
-531
-531
-511
-491
-491
-527
-612
-733
-857
-940
-966
-958
-967
-1039
-1173
-1312
-1383
-1361
-1283
-1202
-1158
-1157
-1168
-1154
-1102
-1002
-861
-703
-552
-424
-335
-270
-182
-53
120
296
439
529
579
618
665
739
829
918
998
1044
1057
1055
1060
1079
1114
1145
1157
1150
1128
1094
1065
1033
993
950
902
849
787
719
648
583
529
486
431
361
273
187
125
98
84
57
-12
-117
-225
-290
-303
-276
-242
-236
-269
-327
-380
-397
-371
-323
-286
-294
-369
-502
-660
-790
-851
-856
-846
-882
-990
-1152
-1305
-1374
-1344
-1255
-1168
-1144
-1170
-1202
-1188
-1100
-956
-804
-677
-589
-533
-466
-369
-240
-84
77
223
328
400
459
509
563
629
711
793
866
919
953
981
1012
1055
1102
1148
1178
1190
1182
1163
1142
1113
1076
1035
987
933
871
796
709
613
529
458
403
352
289
215
146
92
47
0
-58
-134
-210
-264
-300
-316
-327
-340
-355
-375
-398
-420
-432
-431
-423
-420
-440
-507
-614
-725
-804
-835
-834
-841
-895
-1002
-1122
-1201
-1211
-1173
-1117
-1085
-1082
-1095
-1099
-1064
-984
-865
-721
-584
-480
-399
-335
-248
-122
35
193
319
395
437
475
530
618
728
829
906
941
943
944
963
1006
1070
1121
1137
1114
1069
1031
1012
1010
1011
993
956
900
833
756
681
618
567
522
467
387
286
181
97
51
27
-7
-73
-161
-244
-285
-285
-267
-258
-279
-323
-365
-384
-383
-373
-364
-364
-371
-401
-463
-553
-653
-728
-757
-757
-778
-851
-976
-1104
-1173
-1173
-1125
-1078
-1069
-1095
-1122
-1114
-1055
-952
-821
-689
-581
-499
-433
-359
-256
-115
44
186
286
344
384
433
502
588
670
741
792
824
850
880
925
975
1017
1042
1043
1026
998
979
972
966
953
928
890
848
801
750
688
619
554
507
471
432
368
276
176
99
65
50
33
-16
-89
-177
-243
-274
-275
-271
-277
-306
-354
-403
-438
-451
-439
-415
-400
-419
-475
-557
-643
-706
-746
-773
-813
-871
-951
-1031
-1080
-1091
-1075
-1042
-1012
-999
-996
-981
-942
-877
-780
-671
-559
-458
-363
-266
-154
-18
119
244
338
405
459
509
570
639
714
774
814
828
823
825
843
879
921
946
946
919
878
848
837
842
850
850
817
759
685
614
559
532
508
482
432
360
276
198
144
114
96
76
35
-29
-97
-159
-195
-208
-211
-215
-237
-276
-319
-353
-369
-372
-378
-393
-421
-466
-526
-595
-664
-716
-750
-781
-817
-874
-946
-1014
-1059
-1068
-1043
-1013
-993
-986
-980
-956
-890
-790
-676
-556
-455
-375
-302
-214
-108
15
140
252
339
402
455
514
588
658
727
784
823
851
875
901
934
965
980
976
959
937
919
902
893
877
850
809
762
711
658
609
560
509
459
400
333
262
193
127
67
25
-22
-71
-137
-209
-276
-322
-343
-347
-346
-355
-375
-407
-435
-449
-441
-418
-397
-391
-415
-475
-549
-615
-656
-671
-679
-699
-749
-827
-908
-962
-973
-941
-893
-848
-831
-829
-822
-790
-720
-615
-497
-396
-317
-262
-209
-144
-50
70
196
304
382
436
477
522
586
664
740
797
825
828
817
811
825
855
886
903
902
882
855
831
813
802
794
773
738
687
624
555
496
451
413
380
336
282
221
163
111
60
12
-39
-93
-148
-197
-243
-288
-326
-362
-394
-423
-445
-465
-484
-501
-510
-522
-547
-579
-619
-669
-717
-754
-787
-814
-839
-869
-898
-916
-916
-899
-871
-844
-819
-804
-781
-740
-677
-590
-499
-410
-334
-267
-198
-118
-21
91
196
288
363
420
468
519
574
639
701
760
805
835
858
875
891
915
946
970
979
967
943
904
861
821
786
756
721
675
616
544
471
411
361
318
277
229
172
111
49
-4
-52
-92
-129
-171
-212
-248
-290
-323
-352
-376
-393
-410
-427
-448
-472
-497
-522
-541
-561
-584
-616
-657
-699
-734
-759
-782
-802
-822
-844
-869
-881
-880
-865
-843
-814
-781
-744
-698
-644
-575
-500
-421
-338
-256
-170
-79
16
112
210
297
378
451
521
591
653
712
757
792
822
851
874
895
917
932
937
930
920
907
892
877
859
832
789
740
691
645
599
551
503
450
393
328
266
208
155
105
56
5
-56
-116
-172
-221
-261
-299
-331
-365
-397
-427
-451
-465
-476
-485
-494
-507
-529
-545
-566
-591
-619
-650
-677
-712
-744
-772
-791
-813
-832
-842
-846
-841
-831
-809
-781
-742
-695
-637
-571
-502
-426
-348
-267
-181
-94
-6
81
168
250
328
396
459
515
567
617
662
702
737
768
791
807
820
830
838
846
852
851
838
819
798
780
762
744
719
691
652
604
548
490
431
371
312
256
191
131
69
2
-61
-112
-149
-185
-214
-250
-293
-332
-361
-374
-376
-371
-367
-370
-386
-409
-431
-447
-455
-466
-485
-522
-573
-627
-675
-708
-723
-737
-752
-775
-802
-822
-827
-816
-787
-753
-719
-684
-649
-606
-548
-475
-392
-305
-224
-144
-67
7
85
171
262
345
418
482
533
576
619
665
711
747
774
791
805
812
823
833
836
827
813
798
777
758
737
711
671
617
572
536
508
479
439
385
314
256
217
195
171
137
84
17
-41
-80
-101
-112
-131
-167
-219
-271
-304
-313
-313
-317
-347
-397
-449
-492
-522
-551
-591
-644
-709
-768
-812
-843
-871
-903
-934
-964
-975
-967
-946
-912
-877
-836
-793
-739
-667
-577
-481
-387
-296
-213
-132
-49
42
134
219
299
372
432
486
540
592
641
690
732
769
790
807
822
836
848
855
854
848
837
826
812
794
770
738
701
655
608
566
530
489
438
386
324
263
209
163
122
75
22
-30
-83
-130
-174
-208
-237
-266
-290
-317
-344
-372
-392
-404
-409
-416
-426
-447
-475
-504
-530
-553
-574
-598
-631
-670
-713
-750
-774
-786
-788
-789
-784
-778
-761
-734
-693
-642
-585
-525
-462
-396
-325
-252
-170
-87
-9
67
136
204
267
326
385
436
482
520
558
594
624
654
676
693
711
721
725
723
719
720
711
699
686
670
648
621
594
564
531
506
478
447
414
373
320
271
232
204
179
145
104
47
-8
-53
-81
-97
-113
-139
-176
-221
-268
-308
-336
-357
-378
-412
-459
-513
-567
-619
-664
-698
-725
-752
-780
-807
-828
-844
-846
-834
-806
-773
-736
-698
-665
-630
-582
-513
-437
-361
-293
-237
-186
-131
-57
25
111
187
242
287
328
374
436
499
559
601
628
652
668
685
706
725
741
750
750
743
726
702
678
657
642
632
619
593
548
501
451
418
396
373
344
304
249
184
127
84
53
28
-3
-51
-111
-166
-213
-250
-278
-307
-341
-379
-420
-465
-507
-544
-574
-597
-622
-645
-673
-710
-742
-764
-777
-776
-772
-763
-749
-731
-713
-684
-645
-596
-539
-480
-423
-359
-292
-226
-156
-88
-24
40
99
159
214
271
325
366
404
426
442
461
485
514
542
562
566
564
556
558
563
575
588
591
594
589
580
576
582
586
595
595
584
562
536
516
501
489
469
443
403
355
299
248
202
158
111
57
-14
-88
-164
-242
-311
-375
-438
-509
-588
-668
-747
-817
-870
-917
-958
-990
-1020
-1041
-1056
-1056
-1043
-1022
-987
-943
-896
-842
-780
-713
-640
-558
-472
-383
-289
-202
-119
-36
41
121
196
273
350
417
477
527
575
625
672
717
754
792
820
846
863
872
876
881
879
871
859
836
812
776
738
696
649
603
554
500
441
379
315
248
185
119
58
0
-61
-122
-182
-240
-295
-349
-395
-434
-472
-505
-535
-560
-583
-600
-615
-622
-626
-632
-630
-623
-617
-609
-597
-580
-563
-542
-519
-491
-464
-440
-413
-383
-353
-320
-289
-259
-226
-192
-155
-125
-92
-59
-26
4
41
70
93
121
150
181
210
235
261
288
313
338
355
371
391
410
425
438
455
464
474
483
490
498
502
506
508
508
502
497
489
479
468
456
444
426
407
382
360
336
306
276
242
202
165
121
71
21
-32
-88
-150
-209
-274
-339
-407
-472
-536
-599
-659
-714
-761
-805
-843
-874
-895
-909
-915
-913
-907
-890
-864
-830
-790
-744
-692
-632
-566
-495
-424
-353
-275
-198
-116
-36
43
119
199
273
341
412
477
535
592
637
682
722
759
788
811
830
841
848
851
851
847
836
822
804
783
760
725
695
663
622
582
536
491
444
391
339
285
228
170
107
43
-22
-87
-153
-218
-289
-357
-422
-489
-555
-620
-678
-733
-784
-836
-880
-913
-942
-962
-977
-988
-991
-982
-965
-943
-913
-878
-834
-786
-733
-674
-612
-547
-481
-413
-336
-263
-193
-117
-42
31
102
171
240
305
366
430
489
539
589
638
682
721
757
792
821
849
873
891
903
913
922
927
921
914
902
881
857
823
786
742
695
646
587
523
454
381
310
236
159
80
-1
-80
-163
-249
-329
-409
-489
-566
-643
-715
-784
-848
-903
-953
-997
-1037
-1065
-1089
-1097
-1100
-1093
-1076
-1049
-1016
-979
-929
-878
-813
-746
-672
-596
-518
-433
-349
-264
-179
-91
-4
80
157
235
310
379
443
503
561
614
662
708
748
783
812
834
855
873
889
902
906
912
915
909
905
890
867
842
811
774
735
688
631
572
506
435
360
280
196
113
28
-60
-151
-240
-327
-410
-492
-571
-642
-709
-774
-830
-880
-922
-959
-988
-1004
-1015
-1021
-1018
-1006
-984
-960
-930
-891
-842
-791
-735
-680
-619
-551
-483
-408
-335
-257
-180
-103
-25
56
134
211
290
366
436
504
566
626
680
731
779
819
854
886
906
917
928
930
926
911
895
870
835
799
756
712
661
609
556
498
439
377
308
241
174
104
34
-36
-107
-175
-240
-305
-372
-439
-503
-563
-618
-671
-721
-764
-803
-838
-859
-878
-895
-903
-902
-887
-869
-844
-811
-774
-734
-686
-633
-575
-515
-454
-386
-321
-256
-184
-114
-50
14
77
143
206
266
324
382
433
478
523
569
604
634
668
697
721
739
753
762
772
773
767
752
740
723
702
673
639
603
562
516
468
412
357
300
243
181
114
51
-16
-78
-143
-205
-269
-333
-390
-447
-501
-551
-595
-633
-667
-700
-727
-745
-756
-762
-764
-763
-753
-736
-712
-687
-665
-631
-592
-554
-511
-466
-421
-365
-307
-252
-198
-144
-83
-17
41
95
149
204
263
320
369
415
461
503
540
572
600
622
642
662
677
681
682
684
683
674
658
638
613
593
569
533
491
455
417
369
319
266
215
163
111
56
-2
-62
-121
-173
-228
-284
-335
-385
-430
-473
-516
-553
-585
-611
-630
-649
-666
-676
-676
-674
-665
-656
-640
-618
-589
-556
-523
-484
-440
-396
-348
-301
-253
-205
-157
-104
-57
-12
36
84
128
171
213
256
297
335
369
407
442
471
499
524
549
574
592
605
616
622
624
625
619
608
592
573
550
520
487
449
406
365
313
259
206
151
97
39
-19
-80
-138
-197
-252
-303
-351
-394
-439
-480
-517
-552
-579
-601
-621
-634
-640
-641
-639
-632
-620
-603
-580
-553
-521
-486
-449
-409
-371
-330
-287
-235
-181
-133
-85
-41
6
49
96
140
185
227
261
292
324
355
387
415
436
451
465
480
495
506
514
518
518
515
507
499
490
479
464
442
418
393
365
335
305
267
226
188
145
99
55
8
-35
-78
-125
-170
-212
-251
-288
-322
-358
-388
-414
-443
-466
-484
-497
-504
-508
-511
-511
-506
-498
-487
-467
-452
-431
-406
-379
-353
-324
-296
-263
-229
-195
-158
-123
-83
-43
-8
29
68
104
138
173
208
239
268
295
317
345
369
388
412
428
442
451
460
472
476
478
479
476
468
456
441
422
402
375
350
314
279
241
201
157
111
66
20
-26
-74
-125
-172
-217
-258
-299
-335
-367
-398
-426
-450
-470
-485
-492
-497
-499
-497
-492
-482
-470
-454
-436
-412
-385
-357
-330
-302
-272
-239
-202
-165
-131
-96
-58
-20
21
56
92
129
165
200
231
266
297
322
345
370
390
407
421
432
441
447
446
441
435
425
414
402
385
366
344
322
298
271
242
207
173
143
110
77
47
14
-19
-55
-89
-121
-154
-182
-214
-245
-266
-289
-311
-331
-349
-362
-376
-385
-391
-397
-398
-396
-392
-381
-373
-361
-346
-331
-313
-296
-277
-253
-233
-209
-184
-158
-133
-108
-83
-59
-34
-11
13
32
53
77
98
118
140
162
183
201
217
235
249
266
283
299
315
331
346
354
363
370
379
385
383
381
378
372
366
356
342
324
302
276
251
222
191
160
128
90
52
18
-23
-59
-97
-137
-172
-205
-239
-268
-293
-319
-345
-365
-378
-390
-399
-407
-409
-410
-407
-399
-391
-378
-362
-342
-326
-304
-282
-261
-230
-205
-177
-154
-130
-105
-78
-51
-28
-5
18
37
61
80
105
125
146
164
181
200
219
232
247
258
266
275
279
279
280
279
280
279
272
267
260
250
242
226
213
199
181
163
143
119
102
79
57
30
5
-13
-38
-53
-74
-97
-118
-135
-152
-168
-177
-188
-200
-211
-216
-222
-221
-217
-217
-216
-212
-203
-197
-191
-186
-176
-163
-148
-135
-120
-106
-93
-72
-55
-39
-22
-9
3
21
35
49
63
77
87
99
113
121
125
130
141
150
155
157
155
156
158
153
145
139
132
126
121
111
103
88
77
67
54
43
35
25
15
3
-6
-18
-28
-34
-46
-54
-58
-63
-71
-78
-83
-87
-86
-90
-95
-96
-96
-95
-93
-93
-95
-94
-91
-83
-81
-78
-72
-66
-58
-52
-48
-39
-33
-26
-16
-7
1
8
12
20
26
30
38
43
48
54
56
60
66
66
63
60
62
64
64
63
60
59
57
57
51
47
47
44
40
38
32
30
26
23
19
16
10
6
1
-4
-8
-12
-16
-22
-25
-26
-26
-28
-32
-37
-40
-38
-37
-35
-36
-38
-32
-31
-31
-32
-30
-29
-28
-26
-22
-20
-19
-15
-16
-13
-12
-8
-6
-6
-5
-6
-3
-1
-2
-2
1
5
5
1
4
3
4
5
9
8
8
9
7
7
8
10
12
14
14
12
13
13
11
12
13
14
13
14
14
11
9
10
10
9
10
10
10
9
9
8
6
6
3
2
3
3
0
2
3
2
4
3
3
1
0
-3
-4
-4
-6
-4
-3
-2
-5
-8
-9
-10
-10
-9
-11
-11
-10
-8
-7
-9
-7
-7
-7
-6
-5
-6
-5
-5
-3
-3
-1
-3
1
1
3
7
3
2
5
4
2
6
9
11
11
10
7
5
4
0
-2
-2
-1
-2
-5
-3
-6
-9
