-1
0
-3
-2
0
-1
0
0
1
-3
-2
0
0
0
-1
-3
-3
-1
-2
-1
-2
1
3
1
0
-1
1
1
1
1
0
0
1
-1
0
-1
-3
-2
0
0
1
3
1
0
-1
0
-1
2
0
-1
0
-1
-1
-1
0
0
1
0
2
3
4
4
3
2
1
5
3
3
2
2
0
2
2
2
1
1
0
-1
-1
-3
0
0
-3
-3
-6
-3
-2
-1
-1
0
1
-3
-3
-4
-2
-1
-3
0
-1
0
-1
-1
-2
0
-1
-5
-6
-5
-3
-4
-1
-3
-2
-1
-2
0
-1
0
3
4
2
2
4
1
2
-1
2
2
0
3
1
4
2
4
3
4
1
1
0
-1
2
3
3
2
4
2
4
4
-1
3
3
3
3
2
2
1
1
0
1
0
1
-2
-4
-2
-3
-4
-4
-4
-3
-4
-3
-4
-5
-4
-3
-5
-4
-3
-6
-7
-5
-11
-8
-6
-4
-4
-1
1
1
4
2
4
-1
-4
-4
2
12
8
0
2
-6
0
-4
-4
5
15
27
28
32
35
43
44
42
33
32
31
32
20
21
28
10
36
47
57
36
26
22
31
7
3
32
13
3
-7
-2
-10
-33
-351
-588
-493
-217
68
284
319
223
216
146
46
13
45
37
67
68
40
7
-45
-101
-136
-148
-202
-220
-202
-182
-185
-175
-181
-168
-132
-128
-137
-116
-66
-45
-8
-21
-45
-21
20
36
76
104
126
177
168
136
133
158
168
226
232
197
199
204
195
205
228
212
205
189
168
169
210
221
198
175
156
142
140
130
73
27
-28
-92
-130
-122
-167
-216
-237
-223
-254
-286
-294
-314
-349
-333
-334
-410
-415
-357
-371
-442
-415
-409
-374
-287
-376
-775
-906
-773
-646
-509
-231
-38
154
401
570
669
815
798
648
570
521
494
555
683
742
722
580
459
424
483
545
569
448
322
296
363
393
410
331
121
0
98
139
68
190
385
338
140
72
24
-63
-143
-175
-258
-350
-423
-479
-583
-695
-797
-839
-800
-809
-893
-939
-895
-918
-967
-976
-957
-936
-862
-807
-746
-675
-573
-482
-344
-226
-147
-92
-17
51
117
192
236
274
323
401
448
534
648
728
716
793
819
744
741
934
1004
911
853
863
831
826
903
968
874
696
760
961
972
788
645
510
446
480
482
368
314
290
191
154
193
51
-159
-227
-279
-462
-656
-786
-902
-997
-1100
-1219
-1292
-1296
-1301
-1327
-1386
-1479
-1530
-1551
-1592
-1621
-1539
-1434
-1336
-1144
-906
-730
-521
-292
-195
-152
-68
52
173
285
343
413
527
636
768
860
789
599
688
937
1047
946
883
821
871
1007
1085
978
981
1068
1096
1026
965
916
899
889
857
860
821
833
846
834
623
410
349
532
494
314
238
291
246
200
161
143
67
-106
-364
-656
-913
-1186
-1360
-1457
-1540
-1648
-1640
-1591
-1532
-1557
-1567
-1609
-1642
-1697
-1773
-1830
-1790
-1671
-1513
-1275
-954
-632
-418
-182
-31
69
117
169
235
340
441
568
700
866
978
944
882
908
1034
1025
1046
1131
1094
1000
1117
1134
1077
1057
1071
1028
1042
1049
968
1044
1050
906
908
943
721
691
744
827
726
675
642
460
303
327
335
290
250
183
129
124
186
12
-201
-514
-803
-1059
-1366
-1644
-1717
-1793
-1872
-1892
-1834
-1852
-1883
-1868
-1937
-1998
-2043
-2108
-2120
-1969
-1822
-1604
-1235
-845
-531
-195
84
221
359
478
488
488
620
722
838
997
1142
1218
1271
1292
1251
1223
1160
1104
1003
1027
1080
1134
1135
1182
1113
1082
1011
920
792
898
1208
1173
926
771
1069
927
790
578
291
141
264
663
856
909
668
549
573
526
446
350
349
424
340
-42
-667
-976
-1365
-1872
-2204
-2398
-2757
-2965
-2764
-2699
-2661
-2593
-2479
-2396
-2318
-2445
-2455
-2310
-2165
-1986
-1450
-871
-329
235
712
994
1116
1228
1195
1164
1090
1042
1102
1307
1380
1377
1396
1427
1352
1252
1152
1006
855
763
830
903
930
1038
1181
1243
1250
1283
1310
1180
956
821
907
987
983
891
797
753
855
864
719
498
465
489
367
208
148
199
193
203
368
501
120
-589
-1084
-1284
-1810
-2426
-2703
-2781
-3014
-3122
-2904
-2695
-2588
-2543
-2490
-2457
-2412
-2503
-2535
-2355
-2102
-1808
-1225
-481
94
604
1164
1499
1564
1571
1530
1415
1348
1393
1452
1489
1500
1486
1496
1504
1403
1222
1075
904
663
579
671
757
830
1031
1253
1318
1298
1261
1261
1201
1111
1000
1018
991
923
851
887
873
849
821
714
564
466
378
122
32
133
289
333
572
716
490
-196
-882
-1439
-1994
-2638
-3120
-3474
-3805
-3855
-3594
-3298
-3127
-2889
-2737
-2611
-2543
-2525
-2586
-2449
-2202
-1842
-1249
-415
363
1106
1764
2139
2250
2258
2083
1729
1415
1247
1224
1301
1397
1451
1499
1467
1360
1214
1081
893
688
427
272
350
637
841
1044
1391
1730
1789
1700
1642
1500
1280
1146
1108
1040
1005
970
1025
1112
1110
878
768
633
434
305
391
406
381
476
680
842
405
-507
-1256
-1787
-2899
-3973
-4445
-4770
-5309
-5251
-4730
-4256
-3833
-3340
-2951
-2674
-2474
-2403
-2198
-1921
-1601
-1010
-7
935
1721
2476
3067
3274
3238
2978
2496
1952
1462
1082
953
926
880
962
1139
1129
1040
811
146
-488
-579
-522
-561
-68
732
1328
1834
2418
2611
2525
2358
2067
1758
1573
1385
1297
1446
1525
1582
1796
1846
1484
1200
1058
730
369
277
269
379
717
1235
1578
1215
-161
-1648
-2607
-3822
-5547
-6675
-6954
-7326
-7350
-6417
-5190
-4531
-3796
-2905
-2307
-2112
-1902
-1637
-1299
-815
-128
971
2228
3168
3755
4261
4378
3927
3257
2533
1599
674
92
-158
-285
-230
-86
136
332
516
378
-28
-396
-377
-127
217
784
1518
2284
2851
3272
3467
3442
3013
2522
2192
1906
1539
1468
1655
1778
1779
1767
1657
1429
1015
574
347
285
208
434
993
1495
2023
2038
601
-1698
-3249
-4898
-7362
-9248
-9677
-9957
-9806
-8293
-6171
-4575
-3208
-1924
-946
-305
-185
-289
42
588
1041
2104
3671
4576
4867
5227
5169
4180
2902
1630
192
-1102
-1855
-2113
-1843
-1467
-1490
-1119
21
532
111
400
978
798
914
2059
2700
2795
3255
3700
3693
3647
3294
2594
2153
1697
1154
1197
1499
1289
1441
2052
2036
1526
1598
1524
969
698
1011
1191
1413
1972
2799
2898
961
-2246
-4794
-6762
-9910
-12538
-13178
-12642
-12219
-10203
-6843
-3857
-2110
-454
1161
1930
1794
1591
1819
1984
2250
3163
4544
5239
5212
5015
4446
2928
1085
-575
-2111
-3504
-3961
-3524
-2518
-1605
-818
216
1569
2214
1997
2165
2440
2228
2213
3126
3539
3448
3612
3893
3522
2978
2367
1535
790
305
129
447
1034
1425
1979
2666
2774
2552
2611
2458
1794
1559
1962
2282
2545
3322
3997
2536
-1250
-5262
-8143
-11611
-15413
-17201
-16499
-15267
-12942
-8625
-3925
-592
1926
4066
5222
5229
4492
3685
3257
3029
2998
3647
4440
4184
3244
2336
829
-1481
-3651
-5197
-6265
-6243
-5184
-3421
-1065
1670
3674
5057
6184
6399
5532
4598
3865
2871
2282
2154
1917
1401
1004
465
58
-52
-301
-525
-161
570
1388
2584
3795
4499
4906
4897
4409
3751
3052
2113
1623
1704
1812
2069
2871
3655
2490
-1388
-6633
-10496
-13694
-17243
-19606
-18494
-15571
-11906
-6794
-904
3395
5776
7237
7668
6839
5041
3047
1551
1010
969
1376
2106
2309
1463
219
-1239
-3259
-5270
-6496
-6684
-5559
-3049
140
3234
6056
8000
8721
8273
6949
4570
1882
-60
-978
-1577
-2136
-1820
-600
443
712
1291
1897
1804
1528
1978
2532
2929
3541
4390
5216
5585
5010
4136
3426
2487
1205
687
732
843
1098
2199
3127
1606
-3019
-8140
-11423
-14519
-17707
-18815
-16565
-13304
-9031
-3420
2306
5693
7205
7692
7163
5452
3084
898
-448
-773
-611
229
1258
1287
216
-963
-2290
-3919
-5215
-5580
-4751
-2605
359
3638
6560
8377
8897
8198
6288
3768
1604
-1004
-3383
-3867
-2454
-1459
-446
1118
2254
2533
2773
2725
2170
1983
2018
2489
3591
4599
4729
4968
5260
4586
3120
1996
1199
110
-481
38
1046
1656
2702
3525
1648
-3538
-8941
-12348
-15352
-18193
-18814
-15894
-11352
-6253
-1049
4012
7286
8089
7228
5941
3979
1188
-1117
-1832
-1583
-1102
-109
987
933
-244
-1568
-2782
-4081
-4961
-4671
-2920
-43
3087
5967
8128
9067
8507
6968
4626
1781
-1027
-2921
-3424
-3458
-3291
-1901
334
1237
1743
2734
3174
2782
2965
3337
3640
4030
4316
4512
4654
4133
3202
2642
1817
601
-7
212
374
687
1366
2184
3143
4057
2576
-2529
-8455
-12033
-14649
-17433
-18131
-15547
-11450
-6573
-1100
3699
6535
7374
6767
5516
3698
1237
-1079
-2085
-1896
-1392
-576
350
432
-632
-1776
-2623
-3364
-3834
-3493
-1985
704
3849
6354
7866
8139
7222
5680
3768
1027
-1638
-3420
-4391
-4181
-2484
-850
402
2028
3291
3773
4234
4166
3504
3428
3566
3414
3547
3601
2914
2328
2529
2728
2159
1108
813
1121
1167
1026
1436
2036
2588
3381
2527
-1991
-8255
-11930
-14191
-17181
-18693
-15890
-11297
-6693
-1485
3992
7427
8273
7606
6156
4082
1346
-1359
-2883
-2924
-2571
-2026
-991
-392
-1130
-2138
-2373
-2425
-2661
-2312
-579
2172
4863
6737
7760
7969
6977
4752
2072
-283
-2611
-4324
-4575
-3960
-2823
-532
1698
2653
3692
4629
4520
4177
4079
3460
3146
3198
2867
2508
2425
1958
1467
1698
1939
1414
997
1513
1842
1620
1782
2290
2728
3665
3336
-772
-7056
-11325
-13996
-17235
-19092
-16877
-12509
-7689
-1950
3825
7698
9063
8511
6982
4793
1635
-1544
-3345
-3742
-3550
-2864
-1598
-799
-1246
-2066
-2255
-2197
-2137
-1621
52
2703
5326
7146
8089
8004
6576
4133
1416
-1150
-3542
-4933
-4820
-3443
-1947
-920
580
3014
4195
3882
4341
4880
4311
3854
3888
3466
2943
2136
1397
1241
1126
841
1234
1704
1602
1683
2269
2643
2336
2198
2700
3352
3763
2521
-2897
-10025
-13835
-15613
-18300
-19284
-16098
-10384
-4095
1538
6299
9736
10314
8106
5662
3323
-68
-3670
-5186
-4648
-3719
-2942
-1775
-897
-1083
-1744
-1915
-1415
-889
-295
1427
4485
6999
7912
7653
6682
4649
1873
-1003
-3659
-5666
-6114
-4796
-2435
227
2459
4050
5101
5473
4984
4101
3211
2536
2213
2301
2368
2241
1999
1899
1837
1976
2266
2406
1945
1641
2052
2359
2084
2083
2583
3239
4055
2589
-3178
-10428
-14522
-16736
-18842
-18895
-14803
-8712
-2438
3365
8276
10765
10085
7185
4034
1129
-2186
-5184
-6165
-5231
-4010
-2621
-1162
-482
-905
-1342
-1410
-932
-95
1002
2697
5179
7206
7731
6931
5254
2909
167
-2224
-3939
-4931
-4908
-3228
-1051
442
1727
3474
4250
4066
4257
4278
3689
3418
3077
2599
2522
1914
1068
989
1011
997
1899
2601
2414
2156
2496
2764
2349
1799
2128
2770
3536
3700
486
-6473
-12528
-15393
-17379
-19105
-17847
-12256
-4754
1629
6547
10339
11466
9125
5257
1738
-1814
-5498
-7646
-7125
-5171
-3148
-1350
121
594
65
-559
-464
-19
489
1691
3925
6196
7353
6939
5392
3260
795
-1676
-3601
-4726
-4782
-3409
-1391
343
1955
3524
4239
4317
4312
4127
3610
3265
2879
2535
2171
1557
866
624
429
375
1155
2403
3042
2991
2934
2944
2515
1719
1428
1824
2972
4188
2957
-2540
-9300
-13665
-15927
-18145
-18907
-15313
-7615
-72
5084
9024
11534
10407
6337
1981
-1808
-5368
-8030
-8308
-6171
-3405
-1320
268
1265
1170
237
-466
-266
255
903
2590
5193
6790
6631
5407
3675
1405
-1062
-3114
-4213
-4266
-3450
-1743
691
2742
3173
2990
3577
4076
3386
2931
3268
3462
3276
2903
1987
1214
594
-177
-258
708
1690
2587
3322
3418
3233
2874
1977
1262
1453
2092
3240
4514
2579
-4216
-11262
-14464
-16554
-19003
-18327
-12721
-4872
2381
7389
10383
11197
8978
4374
-220
-4240
-7532
-9047
-7828
-4963
-2121
5
1537
1893
992
-138
-688
-669
-116
1261
3440
5761
6968
6485
4753
2691
462
-1732
-3422
-4112
-3676
-2123
-147
1600
2773
3365
3097
2184
1838
2697
3265
3241
3870
4487
3745
2257
646
-640
-1130
-1283
-726
1290
3292
3880
4094
3986
3290
2088
1014
493
1233
2275
3891
4493
588
-7396
-13376
-15954
-17964
-19094
-16233
-8626
358
6767
9860
11381
10151
5799
213
-4092
-7250
-8856
-8503
-5508
-1835
654
1552
1978
1518
56
-1463
-1638
-699
737
2740
5074
6810
7017
5586
3162
875
-1270
-2973
-3809
-3451
-2258
-441
1283
2478
2966
2805
2007
1435
2200
3367
3460
3540
4348
4147
2547
696
-945
-1567
-1076
-323
1169
3490
4649
4529
4182
3329
1738
527
122
749
1987
3683
4360
1253
-6004
-12185
-15165
-17187
-18262
-15362
-8507
-207
6189
9219
10004
8799
4828
-369
-4475
-7252
-8386
-7333
-4419
-1275
968
1835
1749
772
-703
-2024
-2040
-770
1191
3316
5459
6781
6612
4956
2598
284
-1649
-2899
-3195
-2629
-1591
-140
1362
2429
2674
2396
1758
1179
1511
2800
3607
3750
4127
4062
2806
965
-768
-1540
-901
20
1186
3097
4424
4259
3643
2874
1803
777
243
869
2341
3938
4900
2722
-4305
-11845
-15246
-16454
-17811
-16393
-9481
-221
6379
8910
9394
8174
4461
-901
-5091
-7263
-7548
-6347
-3484
-449
1317
1383
908
-94
-1592
-2879
-2511
-506
1947
4008
5649
6619
6268
4573
2145
-104
-1765
-2533
-2496
-1869
-1042
-6
1095
1936
2153
1775
1562
1421
1747
2812
3875
3762
3634
3593
2564
681
-810
-1545
-797
490
1568
2783
4176
4349
3613
2726
1570
563
260
798
2057
3646
5159
3949
-2086
-10253
-14944
-16490
-17170
-16089
-10600
-2043
5810
9080
8714
6865
3937
-750
-5006
-7002
-6874
-5175
-2498
163
1422
1190
-6
-1022
-2055
-2922
-2695
-350
2648
4693
5498
5734
5331
3926
1719
-340
-1448
-1725
-1405
-764
-258
-118
256
827
1331
1534
1939
2177
2194
2682
3632
3671
2878
2512
2143
1198
75
-605
-215
857
1520
2262
3529
3936
2947
2016
1482
954
604
915
2150
3575
4893
4529
55
-8196
-14533
-16444
-16633
-15919
-11395
-3181
4640
8370
8180
6235
3186
-1109
-5001
-6343
-5718
-4053
-1849
616
1575
650
-1237
-2408
-2875
-2819
-2129
-19
2954
5235
5771
5156
4112
2833
1329
-32
-726
-714
-239
195
371
-103
-579
-564
81
913
1970
2516
2373
2728
3827
3848
2698
1937
1685
1296
689
-26
-152
834
1602
2077
2856
3478
3057
2338
1771
1403
1047
734
1212
2617
4179
4765
2070
-4671
-11705
-15087
-15713
-15362
-12627
-6338
1357
6499
7348
5528
2874
-183
-3367
-5110
-4841
-3245
-1277
467
1207
421
-1403
-3029
-3575
-2998
-1768
-34
2360
4650
5561
4915
3758
2622
1382
335
25
301
611
624
270
-302
-1050
-1657
-1321
190
1956
3268
4113
3923
3001
2353
1917
1078
590
880
1390
1742
1700
1013
900
1353
1675
1996
2461
2416
2186
2185
1718
1168
1169
1856
2960
4301
3994
-244
-7842
-13860
-15281
-14575
-13636
-10043
-2827
4314
7175
5724
2891
618
-1531
-3837
-4537
-3321
-1244
358
1244
696
-1287
-3403
-4163
-3444
-2058
-516
1648
4080
5372
4850
3449
2235
1443
1026
799
1013
1399
1425
728
-159
-1179
-2120
-2150
-791
1278
2821
3724
3784
3248
2357
1706
1072
829
1168
1828
2144
2088
1401
735
667
961
1210
1805
2614
2956
2733
2142
1476
917
1076
1854
3030
4064
3028
-2389
-10003
-14258
-14312
-13503
-12293
-7609
-62
5558
5902
3294
909
-737
-2590
-3667
-3086
-1195
611
1463
1080
-542
-3031
-4901
-4666
-2848
-902
734
2693
4542
5023
3689
1947
1175
1310
1638
1875
2218
2283
1619
281
-1142
-2252
-2650
-1860
-6
2143
3539
4092
3771
2676
1386
982
1205
1501
1890
2314
2399
1927
886
-165
-334
254
1258
2416
3185
2984
2468
1905
1168
468
505
1448
3247
5015
3587
-3152
-11220
-14419
-13509
-12837
-11693
-6518
1149
5997
5375
1754
-912
-1737
-2206
-2540
-1592
363
1853
1959
608
-1863
-4522
-5826
-4835
-2308
10
1613
3101
4366
4325
2763
1065
803
1832
2696
2949
2983
2666
1393
-480
-2240
-3089
-2904
-1804
123
2491
3887
3766
2976
2011
1124
1016
1686
2235
2568
2686
2393
1580
378
-889
-962
246
1737
2704
3199
2824
2108
1487
933
485
959
2302
4078
5361
2991
-4463
-12138
-14265
-12750
-11545
-9921
-4914
1572
4941
3152
-411
-2322
-2262
-1578
-398
1020
2037
2194
1217
-762
-3293
-5421
-6023
-4123
-1080
1086
1849
2508
3178
2965
1662
845
1559
3088
4023
4017
3409
2235
465
-1386
-2528
-2868
-2472
-1275
594
1993
2449
2397
2476
2216
1589
1499
2514
3373
3035
2202
1668
1102
81
-929
-897
398
1863
2432
2414
2151
1579
1005
683
743
1571
3078
4389
5259
3653
-2721
-10999
-14473
-12707
-10379
-9019
-5735
-393
3346
2403
-1325
-3629
-2811
-552
1427
2622
2993
2521
933
-1503
-3992
-5550
-5609
-3642
-541
1654
1862
1247
1263
1757
1607
1032
1691
3673
5046
4694
3486
2067
356
-1394
-2422
-2563
-2095
-1120
351
1698
2083
1649
1565
2217
2434
1930
2046
3050
3451
2709
1601
783
310
13
-199
128
921
1599
1893
1926
1416
933
932
1208
1686
2724
3791
4580
4047
-439
-8268
-13324
-12264
-9339
-8287
-7113
-3231
994
1604
-1510
-4021
-3167
-298
2008
3141
3230
2481
924
-1222
-3434
-4837
-4898
-3290
-573
1437
1396
180
-293
422
1237
1458
2146
3854
5341
5117
3631
1917
395
-914
-1641
-1690
-1335
-716
171
1062
1354
1017
853
1503
2107
1996
2143
3217
3754
2874
1661
1135
946
589
56
-37
488
929
1024
1212
1167
630
657
1412
2025
2419
3113
3883
4442
2703
-3324
-10360
-12148
-9199
-7273
-7612
-6387
-2716
-352
-1673
-4186
-3976
-1028
1858
3205
3489
2771
1225
-579
-2101
-3217
-3577
-2864
-1000
804
790
-870
-1885
-1083
363
1253
2040
3541
5133
5361
4045
2454
1331
442
-230
-444
-464
-480
-273
155
357
159
34
667
1749
1976
1553
1997
3362
3722
2633
1540
1416
1476
831
-113
-232
385
738
707
832
872
621
768
1408
1985
2233
2721
3607
4361
2444
-3368
-9483
-10610
-7838
-6451
-7350
-6805
-3799
-1717
-2655
-4335
-3568
-576
2086
3100
2958
2083
872
-232
-1034
-1845
-2339
-1936
-732
143
-336
-1722
-2314
-1268
357
1400
2216
3459
4624
4690
3579
2299
1582
1279
1000
774
487
-5
-456
-540
-573
-828
-770
53
870
1109
1638
2989
3905
3325
2361
2165
2327
1764
813
451
802
945
535
246
238
76
37
623
1482
2039
2516
3219
4126
3991
401
-5835
-9580
-8033
-5768
-6647
-7939
-6001
-3045
-2857
-4670
-4891
-2391
721
2273
2385
1880
1274
646
234
-239
-1030
-1467
-939
-5
-179
-1554
-2479
-1740
-230
561
917
2021
3654
4284
3460
2597
2434
2390
1970
1547
1155
499
-139
-544
-804
-1156
-1192
-432
754
1282
969
1195
2514
3401
2861
2131
2473
2850
2064
840
528
956
1026
643
401
265
-31
-52
573
1319
1819
2410
3157
3848
2960
-1214
-7056
-9285
-6658
-4532
-6002
-7272
-5127
-2714
-3569
-5625
-5015
-1706
1129
1905
1538
1069
772
598
482
-20
-737
-880
-254
224
-424
-1578
-1816
-775
219
325
554
1789
3237
3540
2924
2497
2488
2405
2089
1779
1262
559
110
-91
-457
-966
-805
-17
481
392
717
1948
2698
2262
1764
2245
2795
2402
1671
1404
1458
1204
727
553
554
369
110
395
997
1267
1364
1859
2720
3070
1569
-2495
-7027
-8005
-5427
-3900
-5473
-6430
-4517
-2982
-4234
-5786
-4635
-1709
414
1001
705
255
71
440
782
316
-384
-285
477
640
-187
-1055
-950
-58
290
-114
-8
1349
2758
2938
2469
2386
2557
2280
1772
1563
1430
1192
1020
856
229
-564
-636
128
667
285
28
985
2252
2202
1289
1316
2317
2754
2100
1420
1327
1386
1196
930
785
570
426
732
1210
1065
608
904
1768
2047
823
-2094
-5510
-6777
-5070
-3519
-4483
-5689
-4531
-3031
-3993
-5720
-5074
-2370
-269
197
-162
-526
-465
72
625
560
244
501
1123
1065
152
-611
-507
88
361
153
97
740
1679
2163
2089
1980
2048
2026
1744
1455
1406
1609
1804
1639
946
147
-146
-20
-77
-198
437
1604
1906
1123
704
1348
2035
2072
1922
1940
1894
1669
1366
1064
831
880
1119
1183
835
502
524
734
822
851
414
-1380
-4201
-5681
-4547
-3114
-3849
-5055
-4275
-3224
-4400
-5880
-4845
-2510
-1339
-1019
-527
-421
-918
-851
135
798
607
644
1326
1422
381
-486
-223
427
605
519
606
885
1152
1245
1223
1360
1678
1858
1759
1638
1645
1654
1577
1486
1324
952
565
445
435
300
416
1028
1480
1214
884
1196
1661
1558
1237
1328
1617
1499
1049
772
827
950
1001
912
631
303
202
183
7
-136
39
-36
-1192
-2966
-3700
-3018
-2586
-3358
-3910
-3198
-2653
-3540
-4467
-3819
-2473
-1944
-1948
-1569
-1103
-1115
-1141
-625
-18
165
310
749
884
383
40
456
1035
1146
1093
1298
1470
1260
962
1011
1254
1312
1236
1276
1347
1230
1067
1114
1294
1335
1203
1058
999
942
825
751
862
1056
1092
973
842
673
380
117
73
192
275
263
263
318
291
132
32
78
111
64
98
267
401
407
411
456
320
-91
-486
-647
-667
-633
-606
-787
-1262
-1777
-2069
-2141
-2145
-2151
-2093
-2012
-2045
-2187
-2246
-2180
-2077
-1940
-1708
-1397
-1092
-822
-536
-217
49
173
200
255
362
463
549
658
788
862
833
758
747
854
1023
1157
1230
1294
1346
1364
1357
1361
1402
1495
1620
1645
1469
1160
908
839
964
1191
1380
1469
1488
1389
1112
806
702
785
844
823
837
877
837
694
564
520
416
87
-306
-500
-558
-658
-783
-967
-1411
-2071
-2580
-2733
-2688
-2649
-2654
-2681
-2796
-3008
-3135
-3051
-2856
-2628
-2286
-1854
-1530
-1326
-1049
-681
-405
-249
-59
173
312
377
483
603
653
714
833
925
1022
1215
1442
1576
1632
1682
1725
1710
1661
1715
1827
1804
1672
1603
1528
1332
1189
1255
1435
1561
1601
1610
1560
1316
935
718
794
924
909
824
763
671
464
208
79
150
321
437
318
-75
-510
-806
-1005
-1163
-1304
-1566
-2008
-2400
-2530
-2489
-2486
-2602
-2775
-2940
-3091
-3160
-3087
-2892
-2598
-2157
-1672
-1364
-1257
-1108
-798
-487
-279
-76
155
282
287
302
392
512
662
906
1220
1447
1503
1501
1564
1651
1698
1746
1841
1929
1913
1768
1564
1411
1333
1306
1359
1501
1633
1659
1619
1563
1437
1199
962
901
1003
1094
1056
916
710
437
166
51
144
342
504
544
468
280
-83
-586
-990
-1137
-1114
-1045
-1047
-1287
-1799
-2306
-2563
-2666
-2807
-2946
-2959
-2906
-2944
-3038
-2951
-2591
-2148
-1799
-1539
-1333
-1176
-1021
-807
-576
-390
-210
8
214
339
422
571
816
1079
1262
1366
1446
1534
1617
1698
1789
1861
1863
1759
1575
1393
1285
1248
1285
1415
1587
1683
1685
1631
1511
1325
1166
1134
1228
1316
1266
1085
827
569
376
308
353
468
576
581
441
238
66
-57
-128
-178
-247
-356
-482
-620
-779
-991
-1375
-1990
-2609
-2887
-2787
-2596
-2536
-2588
-2640
-2662
-2648
-2565
-2390
-2153
-1905
-1684
-1524
-1472
-1441
-1272
-949
-608
-321
-55
168
294
369
509
724
943
1151
1365
1530
1613
1645
1651
1582
1438
1358
1411
1501
1537
1565
1637
1704
1723
1711
1679
1625
1574
1552
1536
1505
1452
1365
1222
1018
802
669
649
693
721
681
540
327
137
37
20
66
212
409
445
150
-358
-819
-1122
-1312
-1448
-1623
-1949
-2326
-2504
-2461
-2395
-2398
-2368
-2286
-2317
-2511
-2685
-2656
-2453
-2196
-1942
-1736
-1597
-1447
-1194
-890
-638
-416
-129
188
408
526
649
846
1058
1220
1337
1380
1314
1200
1174
1272
1396
1509
1655
1798
1804
1677
1578
1578
1593
1577
1570
1560
1550
1570
1588
1482
1262
1109
1062
991
867
809
815
735
541
388
359
409
492
582
625
574
446
274
38
-301
-688
-997
-1162
-1227
-1248
-1277
-1445
-1825
-2256
-2455
-2368
-2232
-2243
-2384
-2564
-2758
-2872
-2805
-2588
-2342
-2088
-1800
-1577
-1500
-1420
-1113
-628
-200
82
313
509
601
610
639
721
828
954
1097
1219
1323
1444
1569
1631
1643
1661
1660
1598
1533
1535
1565
1579
1619
1712
1780
1757
1676
1568
1409
1232
1113
1070
1009
887
754
659
609
622
692
740
698
591
480
345
157
-26
-105
-66
-50
-210
-534
-851
-1042
-1143
-1235
-1368
-1596
-1919
-2237
-2435
-2499
-2521
-2565
-2638
-2718
-2779
-2761
-2617
-2374
-2105
-1862
-1631
-1411
-1195
-978
-738
-450
-148
85
180
184
232
385
594
810
1041
1295
1498
1574
1534
1451
1407
1426
1502
1603
1688
1738
1774
1800
1787
1727
1654
1593
1519
1409
1310
1250
1172
1064
994
1001
1016
959
857
781
703
576
450
371
330
292
280
302
281
166
24
-52
-88
-226
-512
-810
-968
-1003
-1038
-1181
-1489
-1937
-2349
-2530
-2472
-2360
-2339
-2382
-2436
-2526
-2621
-2584
-2366
-2048
-1745
-1506
-1359
-1301
-1233
-1049
-762
-430
-69
292
526
582
575
663
831
961
1030
1085
1159
1262
1386
1501
1575
1620
1697
1775
1757
1651
1580
1577
1569
1513
1492
1545
1579
1522
1405
1290
1193
1113
1044
962
850
730
652
625
613
597
583
533
418
239
74
-24
-63
-72
-49
-14
-84
-348
-718
-1011
-1175
-1274
-1329
-1384
-1579
-1914
-2168
-2195
-2144
-2190
-2293
-2348
-2402
-2489
-2494
-2354
-2174
-2026
-1825
-1560
-1348
-1180
-888
-467
-146
-48
-26
58
155
208
310
548
837
1031
1122
1184
1235
1283
1382
1520
1623
1680
1735
1757
1687
1598
1617
1713
1722
1608
1506
1481
1460
1387
1287
1180
1087
1068
1121
1141
1056
914
791
691
580
456
358
290
246
221
186
84
-64
-197
-267
-315
-432
-646
-862
-960
-978
-1024
-1134
-1327
-1667
-2081
-2333
-2316
-2201
-2188
-2295
-2426
-2550
-2654
-2626
-2379
-2026
-1745
-1530
-1347
-1258
-1244
-1122
-782
-367
-50
175
372
502
519
534
692
958
1173
1282
1350
1404
1450
1516
1604
1669
1705
1733
1751
1712
1610
1513
1483
1490
1453
1381
1347
1361
1371
1340
1246
1103
970
894
846
772
665
573
532
477
356
232
181
154
83
-20
-95
-110
-86
-39
0
-37
-225
-522
-805
-1022
-1186
-1294
-1382
-1565
-1871
-2136
-2214
-2183
-2190
-2234
-2238
-2235
-2293
-2345
-2297
-2170
-2008
-1786
-1516
-1285
-1107
-886
-594
-344
-182
-33
135
285
429
607
798
940
1051
1182
1295
1347
1379
1465
1583
1659
1674
1656
1620
1581
1557
1573
1599
1603
1586
1555
1495
1406
1317
1245
1166
1065
964
879
804
706
586
477
396
340
296
262
242
238
233
210
140
41
-39
-66
-95
-225
-469
-716
-881
-985
-1089
-1234
-1446
-1722
-1972
-2090
-2077
-2062
-2131
-2254
-2378
-2491
-2557
-2481
-2244
-1954
-1699
-1490
-1332
-1249
-1169
-965
-626
-294
-56
135
315
434
488
570
735
932
1101
1237
1325
1349
1345
1380
1448
1518
1588
1665
1708
1680
1622
1593
1581
1539
1471
1410
1361
1306
1242
1180
1098
996
911
854
790
697
613
575
550
502
449
409
360
279
195
117
27
-82
-156
-168
-186
-301
-523
-752
-912
-1004
-1059
-1121
-1275
-1565
-1889
-2093
-2173
-2224
-2265
-2266
-2262
-2322
-2393
-2365
-2210
-2020
-1843
-1661
-1482
-1325
-1137
-862
-532
-248
-51
98
224
332
438
579
762
959
1134
1281
1369
1412
1465
1562
1661
1720
1741
1744
1713
1637
1546
1474
1426
1387
1356
1342
1331
1276
1202
1131
1048
932
830
804
811
790
746
710
641
515
373
260
169
84
37
33
28
-36
-122
-148
-112
-135
-296
-537
-767
-951
-1085
-1172
-1290
-1541
-1857
-2061
-2109
-2128
-2198
-2292
-2384
-2479
-2543
-2485
-2284
-2035
-1806
-1600
-1421
-1301
-1207
-1023
-719
-388
-114
126
332
460
530
642
820
993
1124
1248
1350
1403
1426
1473
1555
1619
1638
1630
1607
1550
1480
1444
1452
1448
1403
1358
1334
1301
1249
1206
1175
1136
1077
1002
895
759
620
515
464
431
383
320
277
251
217
157
74
-18
-90
-107
-78
-88
-233
-483
-699
-842
-971
-1111
-1299
-1587
-1922
-2168
-2254
-2243
-2226
-2250
-2302
-2365
-2441
-2474
-2396
-2224
-2017
-1781
-1516
-1273
-1062
-835
-578
-320
-82
114
255
355
447
563
724
913
1074
1190
1280
1343
1385
1421
1454
1468
1483
1513
1533
1525
1496
1472
1488
1531
1545
1500
1418
1339
1278
1228
1159
1046
911
811
771
759
745
688
582
466
352
240
176
182
215
221
188
121
46
-22
-82
-135
-233
-443
-705
-880
-965
-1067
-1227
-1441
-1712
-2003
-2194
-2237
-2229
-2273
-2363
-2420
-2427
-2396
-2291
-2072
-1808
-1586
-1396
-1224
-1080
-944
-739
-455
-153
98
272
386
455
519
617
769
937
1071
1181
1262
1293
1298
1332
1387
1429
1456
1477
1493
1484
1453
1441
1453
1442
1385
1323
1281
1238
1198
1185
1149
1035
896
780
696
638
593
549
506
472
435
416
403
340
235
153
77
-13
-47
2
52
-5
-214
-527
-824
-1022
-1128
-1201
-1321
-1559
-1869
-2124
-2248
-2255
-2207
-2154
-2152
-2224
-2310
-2320
-2230
-2058
-1844
-1613
-1387
-1181
-1006
-839
-629
-376
-107
125
300
404
479
571
706
880
1047
1154
1194
1213
1242
1302
1379
1451
1487
1479
1451
1431
1439
1452
1464
1462
1433
1380
1324
1285
1248
1201
1122
1026
923
846
807
791
770
707
605
487
370
281
242
249
264
252
186
63
-79
-189
-239
-255
-324
-486
-714
-919
-1050
-1132
-1224
-1387
-1610
-1830
-1986
-2057
-2081
-2107
-2153
-2207
-2246
-2247
-2181
-2043
-1837
-1602
-1381
-1193
-1042
-892
-710
-485
-238
-7
174
300
382
458
553
687
841
992
1112
1190
1232
1251
1288
1349
1423
1484
1518
1521
1495
1454
1430
1430
1432
1409
1341
1263
1205
1190
1180
1135
1036
899
786
723
701
675
620
527
431
349
283
230
183
143
99
42
-31
-102
-148
-168
-191
-277
-462
-720
-953
-1098
-1170
-1243
-1403
-1661
-1952
-2155
-2211
-2158
-2091
-2078
-2120
-2171
-2165
-2067
-1885
-1669
-1448
-1247
-1087
-951
-815
-643
-417
-153
94
274
371
427
487
593
748
919
1070
1182
1253
1292
1306
1315
1341
1382
1424
1447
1432
1382
1320
1278
1275
1290
1272
1208
1133
1077
1061
1053
1029
958
850
757
706
684
654
601
521
421
333
273
247
248
252
240
181
95
19
-33
-78
-149
-281
-497
-751
-965
-1107
-1210
-1323
-1488
-1710
-1925
-2060
-2086
-2053
-2034
-2053
-2095
-2126
-2113
-2023
-1868
-1677
-1475
-1281
-1108
-957
-807
-622
-392
-133
109
291
409
490
574
682
815
942
1043
1114
1166
1202
1217
1227
1248
1292
1346
1389
1389
1337
1275
1249
1275
1331
1358
1311
1202
1093
1037
1031
1030
982
869
728
610
556
545
547
528
471
382
288
221
200
213
226
184
69
-77
-208
-272
-286
-318
-432
-642
-885
-1072
-1172
-1220
-1281
-1420
-1635
-1852
-2003
-2056
-2033
-1994
-1988
-2015
-2057
-2058
-1970
-1782
-1533
-1282
-1069
-906
-768
-614
-427
-209
14
205
346
437
490
545
624
743
891
1032
1127
1172
1184
1193
1238
1320
1410
1476
1491
1458
1404
1363
1347
1357
1357
1317
1242
1150
1067
1010
972
926
862
783
701
637
594
559
521
452
363
263
172
98
50
26
9
-25
-87
-177
-263
-319
-348
-402
-537
-743
-941
-1070
-1142
-1207
-1324
-1525
-1761
-1937
-1987
-1937
-1876
-1858
-1882
-1921
-1940
-1897
-1763
-1547
-1309
-1112
-971
-872
-765
-614
-409
-186
17
174
290
377
459
548
665
806
955
1100
1215
1285
1315
1334
1359
1377
1381
1391
1397
1389
1357
1320
1306
1300
1293
1271
1243
1198
1135
1050
956
862
760
663
577
505
459
430
395
337
264
199
142
94
51
8
-38
-98
-151
-186
-219
-245
-269
-336
-481
-700
-903
-1030
-1092
-1152
-1277
-1485
-1720
-1890
-1942
-1900
-1839
-1813
-1830
-1872
-1913
-1897
-1781
-1573
-1326
-1105
-939
-818
-702
-541
-327
-98
107
276
403
501
570
631
712
820
946
1045
1104
1120
1130
1153
1194
1235
1256
1257
1251
1257
1261
1256
1247
1238
1234
1208
1166
1120
1086
1060
1010
918
796
684
606
564
549
537
501
420
312
209
138
100
72
20
-70
-189
-290
-343
-366
-382
-401
-415
-456
-581
-781
-982
-1103
-1152
-1196
-1292
-1462
-1646
-1757
-1752
-1684
-1639
-1634
-1636
-1636
-1638
-1609
-1517
-1344
-1140
-940
-763
-634
-536
-428
-268
-75
106
256
363
420
449
495
595
726
847
944
1029
1087
1116
1135
1163
1203
1249
1287
1299
1290
1270
1261
1257
1245
1217
1179
1138
1108
1072
1005
907
801
712
642
570
493
420
353
294
244
202
161
116
69
19
-30
-82
-134
-185
-232
-266
-276
-267
-280
-367
-546
-751
-893
-963
-1028
-1142
-1318
-1533
-1715
-1782
-1730
-1650
-1628
-1658
-1698
-1740
-1761
-1707
-1559
-1373
-1213
-1072
-926
-786
-646
-464
-249
-48
118
268
402
478
514
584
712
850
964
1075
1178
1232
1245
1271
1310
1319
1300
1292
1299
1284
1253
1257
1271
1259
1209
1159
1112
1046
974
912
857
785
697
630
583
534
485
441
394
317
210
112
43
1
-37
-69
-98
-139
-197
-256
-317
-384
-444
-502
-595
-755
-929
-1040
-1081
-1115
-1200
-1350
-1546
-1725
-1803
-1764
-1682
-1634
-1639
-1662
-1677
-1658
-1562
-1381
-1168
-975
-819
-691
-577
-460
-294
-82
122
276
383
466
524
565
622
710
797
861
930
1020
1099
1146
1180
1220
1239
1225
1197
1186
1171
1149
1152
1188
1216
1198
1157
1118
1074
1015
970
932
858
738
615
538
491
444
397
346
258
129
18
-45
-97
-163
-222
-257
-307
-389
-454
-460
-435
-418
-414
-458
-612
-845
-1020
-1065
-1056
-1081
-1174
-1327
-1508
-1629
-1616
-1510
-1427
-1424
-1480
-1544
-1579
-1544
-1393
-1164
-940
-780
-660
-561
-474
-362
-206
-10
167
296
403
504
585
665
776
899
989
1038
1079
1116
1137
1165
1217
1265
1266
1222
1176
1136
1100
1077
1077
1077
1039
968
907
870
835
800
761
709
620
504
413
364
329
294
248
187
115
43
3
-14
-37
-77
-131
-200
-283
-355
-375
-349
-319
-324
-369
-479
-658
-840
-928
-937
-948
-1012
-1126
-1298
-1489
-1595
-1561
-1462
-1416
-1433
-1472
-1523
-1561
-1494
-1298
-1072
-899
-776
-666
-557
-444
-279
-66
123
251
349
449
533
597
683
793
885
945
1001
1070
1112
1118
1128
1163
1192
1193
1192
1185
1147
1102
1094
1110
1094
1043
1000
965
921
876
852
814
718
606
527
475
407
331
268
196
99
10
-35
-72
-138
-211
-258
-292
-337
-391
-417
-425
-431
-431
-417
-438
-559
-737
-861
-894
-912
-961
-1029
-1143
-1327
-1500
-1542
-1477
-1414
-1399
-1394
-1388
-1410
-1408
-1310
-1132
-961
-822
-686
-556
-455
-360
-213
-13
181
326
426
501
555
604
689
824
943
1008
1038
1063
1079
1085
1112
1159
1178
1154
1122
1089
1049
1017
1015
1028
1017
988
961
939
896
839
799
757
672
559
466
404
335
257
210
170
89
-22
-92
-118
-155
-195
-218
-238
-298
-380
-430
-422
-412
-428
-444
-477
-584
-754
-888
-939
-954
-994
-1058
-1162
-1318
-1459
-1496
-1430
-1346
-1297
-1278
-1278
-1305
-1312
-1228
-1054
-867
-710
-571
-453
-359
-257
-107
72
232
362
487
599
659
682
727
806
875
929
990
1044
1056
1046
1058
1076
1062
1045
1050
1055
1023
980
966
963
940
904
883
865
816
745
688
635
557
470
401
350
287
211
142
89
28
-39
-93
-125
-156
-196
-241
-285
-327
-363
-378
-376
-371
-375
-390
-416
-481
-605
-732
-794
-828
-883
-952
-1045
-1185
-1327
-1404
-1402
-1352
-1303
-1292
-1319
-1350
-1343
-1256
-1084
-885
-718
-581
-473
-383
-267
-104
71
219
335
439
523
580
638
710
802
890
938
967
986
998
1016
1048
1070
1068
1059
1031
989
956
948
946
937
902
848
793
753
729
721
723
700
633
540
450
374
322
297
263
197
108
0
-102
-159
-166
-161
-172
-201
-255
-319
-369
-393
-399
-391
-397
-431
-498
-618
-770
-902
-960
-967
-974
-1027
-1148
-1289
-1388
-1400
-1346
-1270
-1220
-1217
-1236
-1239
-1198
-1087
-926
-757
-604
-477
-372
-274
-164
-27
131
286
413
504
572
633
690
754
821
885
944
979
1005
1024
1039
1041
1044
1049
1063
1064
1038
996
952
926
908
891
868
824
766
714
670
637
601
545
473
386
307
240
188
144
94
23
-61
-141
-201
-237
-252
-260
-273
-311
-370
-426
-458
-460
-447
-443
-479
-577
-716
-830
-878
-884
-909
-983
-1109
-1256
-1365
-1399
-1349
-1268
-1217
-1216
-1239
-1243
-1200
-1087
-913
-716
-550
-444
-367
-277
-153
4
186
354
478
543
575
608
669
752
841
921
980
1013
1022
1026
1039
1053
1058
1044
1021
993
963
932
904
880
852
823
798
789
786
770
732
673
596
510
419
343
279
229
184
130
65
-7
-80
-140
-187
-224
-260
-292
-316
-343
-375
-426
-481
-513
-505
-475
-463
-514
-631
-778
-896
-950
-958
-968
-1027
-1140
-1253
-1311
-1289
-1222
-1151
-1112
-1108
-1119
-1108
-1044
-931
-774
-614
-469
-342
-234
-129
-10
122
254
370
463
529
568
605
647
703
767
826
872
906
929
951
974
986
995
989
978
959
942
935
936
944
942
924
882
825
766
712
659
605
540
467
393
321
263
219
185
150
105
39
-41
-117
-182
-224
-249
-267
-291
-331
-385
-432
-456
-465
-463
-481
-540
-637
-752
-848
-903
-923
-942
-990
-1083
-1199
-1286
-1312
-1284
-1219
-1167
-1151
-1147
-1132
-1075
-963
-809
-653
-519
-417
-339
-254
-144
-12
131
271
374
445
493
529
573
640
716
793
860
900
917
930
943
967
1007
1038
1043
1027
997
968
952
947
936
917
885
844
809
781
749
708
646
566
486
411
349
289
228
160
91
16
-54
-119
-171
-209
-250
-295
-345
-402
-450
-484
-505
-516
-521
-533
-568
-629
-715
-801
-853
-870
-885
-925
-997
-1090
-1170
-1212
-1210
-1177
-1136
-1105
-1094
-1091
-1059
-982
-853
-699
-563
-456
-374
-289
-187
-62
74
210
330
418
469
520
584
670
762
830
864
877
881
886
894
913
945
978
988
961
916
874
857
859
860
849
820
785
742
693
656
623
586
537
462
384
313
260
216
167
117
63
8
-45
-92
-126
-153
-172
-205
-253
-316
-370
-404
-417
-419
-424
-451
-513
-604
-707
-794
-851
-872
-884
-914
-983
-1076
-1147
-1162
-1124
-1062
-1006
-987
-992
-997
-983
-930
-828
-695
-557
-439
-353
-283
-199
-89
40
167
274
348
399
448
507
574
643
705
755
794
825
853
874
887
895
901
903
896
883
872
866
875
889
900
897
872
836
788
730
669
609
552
493
418
336
257
197
160
136
104
46
-36
-122
-193
-237
-259
-272
-291
-324
-372
-418
-453
-459
-452
-449
-480
-556
-661
-759
-817
-831
-846
-887
-964
-1052
-1120
-1146
-1124
-1088
-1054
-1041
-1038
-1036
-1008
-939
-824
-687
-559
-456
-376
-296
-197
-71
64
185
277
352
414
477
543
613
674
726
765
796
831
862
892
922
948
960
962
946
935
930
933
926
897
847
791
741
712
692
672
633
578
510
441
375
315
266
224
185
135
77
8
-59
-116
-154
-180
-198
-220
-260
-321
-394
-451
-481
-486
-477
-485
-528
-601
-691
-768
-817
-834
-843
-875
-938
-1025
-1102
-1136
-1120
-1070
-1009
-967
-952
-942
-920
-868
-776
-663
-545
-439
-340
-245
-151
-46
62
167
261
338
395
451
499
548
610
671
731
789
837
874
907
926
933
936
935
927
917
906
890
873
857
837
810
770
717
657
597
544
488
427
365
304
249
201
159
115
69
20
-32
-84
-129
-168
-201
-229
-254
-274
-290
-307
-325
-343
-362
-375
-390
-412
-457
-529
-618
-702
-762
-793
-816
-840
-888
-954
-1015
-1048
-1035
-993
-943
-912
-902
-898
-873
-812
-708
-580
-456
-349
-258
-179
-89
12
125
234
324
389
436
474
513
561
613
663
696
720
735
747
757
758
753
743
727
717
720
729
742
747
740
724
713
711
711
706
680
638
577
513
458
409
362
316
263
197
126
50
-23
-91
-156
-212
-259
-296
-328
-357
-383
-405
-422
-441
-448
-449
-451
-467
-500
-546
-597
-642
-665
-671
-682
-705
-746
-797
-842
-855
-844
-815
-785
-775
-777
-777
-754
-695
-609
-508
-418
-351
-299
-245
-166
-67
37
133
204
248
291
338
396
466
529
584
623
650
676
706
744
781
806
815
805
782
767
759
762
762
745
713
673
638
607
584
555
514
463
406
356
320
290
255
210
153
99
44
1
-38
-76
-117
-148
-184
-210
-223
-235
-246
-265
-298
-335
-363
-382
-389
-417
-477
-562
-652
-722
-754
-769
-806
-861
-943
-1012
-1039
-1027
-990
-950
-912
-871
-827
-779
-709
-614
-486
-351
-247
-162
-89
-7
95
191
269
331
380
424
466
497
518
540
564
587
604
613
614
625
640
648
668
678
685
698
707
716
731
734
732
729
719
708
689
663
637
600
549
492
425
363
307
244
181
102
19
-55
-122
-174
-228
-281
-337
-382
-420
-449
-469
-481
-488
-496
-503
-514
-522
-521
-512
-514
-525
-548
-568
-578
-594
-614
-641
-669
-686
-702
-715
-723
-718
-706
-683
-660
-631
-592
-539
-481
-423
-360
-294
-220
-140
-65
7
75
144
217
284
347
403
463
518
568
616
659
699
736
765
785
795
801
802
800
794
774
751
729
704
677
648
610
575
540
492
445
398
350
302
254
209
162
117
75
36
4
-24
-54
-78
-97
-114
-129
-145
-160
-174
-192
-212
-240
-275
-320
-371
-422
-476
-536
-601
-666
-734
-797
-849
-895
-931
-957
-976
-978
-962
-934
-894
-842
-783
-715
-641
-566
-479
-393
-309
-224
-141
-62
9
75
139
199
257
310
356
400
441
477
510
543
574
602
633
659
681
699
718
732
744
753
752
753
748
739
725
709
685
662
636
604
565
523
483
437
387
337
280
223
162
105
48
-9
-65
-121
-169
-211
-249
-283
-313
-338
-355
-372
-387
-400
-419
-431
-448
-462
-489
-523
-558
-593
-623
-658
-694
-728
-748
-759
-770
-777
-773
-757
-733
-690
-653
-618
-578
-528
-474
-418
-362
-308
-248
-186
-118
-53
4
61
121
189
256
312
364
418
473
529
576
616
650
683
713
742
761
767
768
773
775
766
750
722
694
669
638
604
565
522
484
452
418
380
337
295
262
232
194
151
109
67
33
0
-40
-84
-130
-169
-196
-222
-256
-294
-328
-351
-370
-394
-424
-462
-497
-526
-555
-598
-647
-693
-732
-755
-781
-814
-837
-847
-845
-828
-807
-782
-746
-699
-637
-565
-500
-439
-374
-296
-214
-140
-73
-13
49
117
179
232
277
320
368
414
459
492
522
556
593
626
646
662
677
696
713
719
718
714
715
714
707
687
659
638
619
595
560
519
481
451
413
367
319
265
215
170
127
79
25
-24
-63
-91
-126
-172
-218
-253
-280
-306
-335
-362
-384
-406
-431
-463
-500
-535
-570
-606
-634
-660
-686
-712
-737
-764
-783
-796
-801
-790
-771
-743
-706
-665
-615
-562
-503
-443
-382
-318
-251
-177
-103
-28
41
106
165
214
263
303
346
390
434
479
522
558
588
610
630
645
659
674
686
695
703
707
708
702
689
675
654
629
603
574
543
509
475
436
393
341
292
243
193
144
94
47
-2
-46
-90
-135
-179
-219
-254
-286
-311
-334
-357
-378
-398
-418
-440
-458
-483
-505
-525
-549
-577
-599
-617
-636
-652
-664
-679
-687
-685
-676
-662
-642
-613
-577
-537
-494
-445
-391
-338
-285
-230
-171
-115
-57
1
57
111
160
209
255
304
350
398
447
493
532
569
598
625
642
657
670
674
673
666
658
642
625
603
582
557
531
503
471
440
409
376
344
315
286
249
218
184
151
121
86
58
26
-3
-31
-64
-97
-127
-162
-195
-231
-265
-295
-334
-371
-407
-445
-482
-518
-549
-578
-609
-636
-656
-676
-691
-701
-707
-707
-705
-695
-678
-657
-628
-594
-556
-512
-462
-408
-349
-291
-225
-166
-103
-40
18
76
129
180
229
273
316
355
396
433
469
499
529
559
586
608
627
642
657
667
676
677
677
671
658
645
626
602
573
542
507
471
431
391
348
307
263
221
180
140
101
61
27
-11
-43
-76
-107
-138
-171
-205
-239
-273
-310
-346
-384
-424
-467
-504
-539
-572
-605
-633
-658
-681
-698
-714
-719
-723
-722
-715
-702
-686
-661
-631
-596
-554
-509
-459
-405
-349
-288
-232
-170
-109
-47
17
78
133
188
242
290
335
375
414
449
484
513
537
562
581
599
613
626
634
640
640
641
638
631
622
605
593
577
558
536
512
489
462
436
404
373
343
310
275
238
202
160
118
75
32
-15
-63
-113
-162
-214
-267
-322
-377
-433
-489
-540
-595
-648
-695
-743
-778
-809
-835
-854
-868
-873
-868
-854
-835
-810
-775
-736
-691
-642
-584
-521
-456
-392
-324
-254
-183
-113
-44
24
92
159
220
281
340
394
446
495
538
581
619
648
676
703
721
736
749
754
758
757
749
737
723
705
683
655
624
587
550
508
466
420
372
321
271
222
171
122
72
24
-23
-70
-116
-162
-204
-244
-286
-324
-361
-396
-432
-465
-497
-524
-550
-577
-600
-620
-635
-650
-663
-671
-675
-674
-667
-657
-641
-627
-605
-580
-548
-516
-482
-444
-404
-361
-320
-274
-227
-176
-124
-73
-26
24
73
121
168
216
262
306
348
387
425
459
494
525
552
576
598
614
627
640
649
655
661
662
660
658
649
636
624
609
590
568
538
508
472
428
386
339
288
236
181
121
65
5
-50
-107
-163
-217
-271
-323
-376
-424
-473
-514
-557
-596
-633
-664
-695
-723
-744
-762
-774
-786
-791
-792
-790
-775
-761
-742
-716
-685
-647
-608
-562
-511
-456
-399
-339
-272
-204
-133
-62
8
75
143
212
275
339
402
459
513
565
615
659
698
734
764
788
806
823
832
838
839
830
820
804
783
759
728
695
658
617
567
517
468
414
356
299
239
176
113
50
-14
-79
-146
-212
-276
-341
-408
-474
-536
-598
-659
-714
-764
-809
-848
-886
-915
-935
-950
-954
-950
-941
-922
-895
-858
-815
-767
-714
-654
-586
-517
-443
-369
-291
-215
-137
-60
17
90
161
226
288
351
405
458
502
547
587
622
653
679
700
720
734
750
759
766
769
771
769
758
749
733
716
696
665
635
597
555
514
464
413
360
303
246
183
117
58
-7
-71
-132
-201
-265
-326
-387
-446
-506
-562
-610
-658
-700
-738
-770
-797
-818
-833
-838
-838
-835
-822
-806
-781
-748
-714
-671
-622
-571
-520
-464
-408
-345
-286
-226
-162
-100
-39
18
75
126
178
228
274
318
359
401
437
471
507
536
565
593
615
641
657
669
681
691
693
694
688
679
667
651
631
605
578
541
501
456
411
361
311
256
199
141
81
22
-36
-95
-149
-201
-254
-300
-349
-391
-428
-466
-500
-533
-560
-582
-600
-618
-630
-643
-650
-653
-652
-652
-644
-630
-614
-591
-568
-543
-514
-477
-440
-398
-356
-309
-263
-211
-158
-103
-48
3
60
115
167
216
266
311
351
392
424
458
483
506
526
540
552
561
568
570
572
565
556
544
530
513
492
470
445
424
400
373
340
311
276
247
215
180
149
113
81
44
7
-31
-68
-107
-147
-186
-228
-267
-307
-342
-375
-410
-440
-470
-497
-522
-540
-557
-570
-574
-575
-571
-564
-549
-531
-508
-483
-453
-419
-381
-340
-301
-255
-209
-166
-121
-81
-39
-3
34
69
103
135
164
191
216
241
263
282
301
321
338
351
366
379
388
398
407
413
423
431
433
437
437
437
432
423
418
409
395
379
361
341
316
286
254
217
176
136
90
45
0
-51
-97
-144
-191
-234
-277
-314
-348
-379
-406
-429
-444
-457
-464
-468
-471
-468
-461
-453
-445
-433
-418
-404
-385
-368
-349
-326
-305
-281
-256
-232
-204
-178
-147
-124
-100
-73
-48
-23
3
31
57
85
115
145
175
205
239
271
300
331
357
381
399
419
434
445
454
459
460
458
449
441
426
406
386
358
330
300
266
233
202
165
132
99
67
37
3
-26
-55
-85
-111
-140
-162
-186
-208
-228
-248
-269
-287
-306
-322
-333
-345
-352
-364
-371
-377
-382
-384
-382
-380
-378
-371
-359
-345
-330
-314
-291
-267
-242
-209
-176
-143
-104
-68
-31
9
40
76
109
140
170
191
213
232
247
259
265
273
278
273
274
272
267
263
261
256
254
253
252
251
252
253
253
253
253
250
246
241
233
223
208
191
172
149
123
98
73
45
18
-10
-35
-66
-93
-120
-146
-168
-193
-216
-235
-252
-271
-286
-301
-311
-322
-326
-328
-328
-323
-315
-306
-296
-279
-264
-243
-225
-202
-181
-156
-131
-106
-80
-58
-36
-15
1
17
33
40
52
58
64
71
72
76
77
83
90
93
102
108
118
129
143
157
169
185
199
215
226
237
248
256
262
264
263
256
249
236
223
203
183
164
137
108
80
55
26
-1
-31
-56
-79
-103
-124
-141
-156
-171
-180
-185
-190
-194
-192
-189
-185
-177
-166
-158
-149
-138
-130
-121
-108
-104
-97
-95
-92
-88
-88
-85
-84
-84
-86
-85
-80
-80
-73
-67
-62
-48
-37
-24
-8
7
21
39
56
70
85
101
115
126
139
145
151
155
160
158
153
147
142
135
124
113
98
86
72
60
45
31
19
7
-3
-13
-21
-28
-33
-34
-37
-38
-35
-35
-35
-34
-32
-29
-28
-26
-25
-27
-27
-32
-35
-39
-42
-47
-51
-54
-57
-61
-64
-65
-69
-70
-67
-65
-61
-55
-50
-43
-38
-30
-21
-16
-7
-2
7
14
20
25
32
36
39
40
46
50
48
47
44
43
40
38
34
30
23
18
13
7
3
2
0
-2
-3
-1
0
9
11
18
25
29
33
36
38
40
39
36
36
32
29
24
19
12
10
5
2
-4
-8
-15
-23
-30
-33
-36
-43
-48
-52
-51
-53
-53
-52
-50
-49
-43
-39
-34
-28
-21
-14
-7
-4
-3
2
5
10
11
12
12
16
12
11
11
11
13
10
13
14
14
15
15
14
17
15
15
14
17
16
18
18
16
18
15
15
13
11
9
11
9
8
5
3
0
2
-1
-1
-4
-6
-2
-6
-6
-8
-8
-7
-9
-7
-8
-10
-10
-10
-11
-12
-13
-15
-14
-11
-11
-9
-7
-6
-4
-5
-3
1
2
3
2
4
6
6
6
7
7
8
10
7
7
5
4
5
1
1
-1
0
-1
0
0
0
2
4
3
2
1
1
2
2
2
1
2
2
2
1
2
-1
0
2
1
1
0
-1
0
-1
-1
1
0
2
0
-2
-2
-1
0
-2
1
-2
1
0
1
0
0
-1
-1
-2
-7
-7
-7
-3
-4
-6
-5
-6
-6
-5
-5
-4
-2
-2
1
1
1
3
2
3
3
1
3
1
0
1
2
2
2
0
-3
-2
0
-1
-2
-4
0
-2
-2
-2
-1
0
-2
4
4
3
5
5
6
7
8
8
6
5
6
6
5
4
5
3
3
2
1
1
0
1
0
1
2
-1
-1
-2
-2
-6
-3
-4
-5
-4
-5
-2
-1
1
0
2
2
0
2
1
0
-1
-3
-2
-1
-2
-1
-3
-3
-6
-5
-5
-6
-2
-3
-2
-4
-3
-3
-4
-7
-5
-6
-6
-2
-1
0
0
0
4
3
6
5
1
5
1
2
2
3
4
3
6
4
4
4
4
3
5
5
5
4
5
1
3
2
-1
-1
-3
0
2
1
1
2
4
3
5
6
2
3
4
4
5
0
1
0
0
-1
-3
-1
-5
-3
-4
-6
-5
-8
-8
-10
-10
-8
-9
-7
-9
-8
-5
-5
-3
-2
-2
1
2
2
0
2
1
1
