9
6
7
7
9
8
5
6
5
9
5
5
5
4
4
4
4
3
1
0
2
2
2
0
-2
-4
-4
-4
-9
-10
-9
-11
-8
-9
-11
-11
-10
-9
-10
-9
-10
-11
-13
-12
-11
-10
-8
-7
-9
-8
-7
-6
-3
-4
0
3
1
4
4
6
5
6
7
8
6
6
7
9
10
8
12
12
13
13
15
13
12
10
13
12
13
15
10
9
9
11
12
10
9
5
3
1
1
1
-2
-3
-8
-10
-10
-15
-25
-28
-30
-33
-36
-46
-48
-51
-51
-47
-56
-62
-57
-57
-55
-56
-60
-55
-53
-50
-44
-48
-45
-38
-33
-26
-20
-15
-4
4
12
21
31
41
49
59
68
83
92
99
107
112
124
137
140
142
140
146
155
152
149
144
139
142
133
126
117
105
99
91
75
61
44
30
14
-4
-19
-36
-52
-71
-88
-105
-120
-136
-158
-175
-187
-203
-212
-223
-235
-239
-241
-242
-243
-245
-242
-235
-226
-213
-207
-194
-178
-162
-143
-127
-108
-91
-70
-52
-30
-10
13
34
52
73
95
117
132
152
171
191
212
225
239
255
270
286
297
304
311
313
319
321
319
315
305
299
290
274
255
233
210
190
164
132
103
70
38
6
-32
-64
-98
-134
-167
-200
-230
-256
-281
-311
-332
-352
-369
-384
-400
-412
-413
-416
-416
-415
-414
-403
-393
-379
-362
-343
-319
-294
-268
-242
-207
-174
-139
-103
-68
-31
8
47
83
120
153
188
221
253
286
312
339
364
386
405
419
431
440
446
450
448
444
438
429
419
401
380
359
338
311
283
250
220
182
149
111
74
36
-5
-43
-81
-116
-154
-188
-219
-250
-281
-307
-331
-352
-372
-387
-402
-413
-419
-426
-429
-429
-429
-421
-418
-409
-397
-385
-367
-347
-328
-304
-279
-254
-227
-194
-163
-125
-87
-52
-17
21
59
99
137
175
211
247
282
311
342
369
394
419
440
457
473
487
496
500
505
503
496
486
474
454
432
410
382
348
311
271
234
187
138
91
44
-5
-50
-96
-143
-187
-229
-274
-313
-346
-381
-407
-433
-460
-476
-489
-500
-507
-507
-508
-503
-494
-486
-473
-456
-436
-417
-392
-367
-341
-307
-275
-244
-211
-175
-138
-96
-57
-21
22
58
92
136
175
210
250
287
320
354
385
413
440
465
483
502
515
525
534
535
533
528
516
501
486
470
441
417
386
350
313
274
230
185
142
90
45
-1
-55
-100
-146
-193
-236
-276
-316
-351
-381
-411
-436
-458
-477
-492
-502
-514
-517
-517
-515
-506
-499
-488
-471
-451
-432
-410
-382
-354
-321
-291
-257
-220
-184
-148
-113
-74
-33
10
47
86
129
162
202
239
272
306
335
364
392
413
434
453
468
479
488
491
495
499
494
488
475
461
444
422
397
372
343
310
276
242
205
164
120
76
34
-11
-55
-99
-145
-187
-225
-265
-303
-336
-368
-397
-420
-442
-460
-473
-481
-487
-488
-490
-487
-477
-466
-450
-431
-410
-389
-362
-331
-302
-272
-238
-205
-174
-138
-103
-65
-28
10
44
80
115
152
180
214
244
275
301
327
349
372
390
408
420
431
437
445
447
444
441
435
426
412
398
379
360
339
313
279
256
221
188
151
118
79
44
3
-33
-72
-109
-144
-180
-210
-242
-271
-299
-324
-348
-368
-386
-400
-410
-418
-424
-423
-425
-422
-418
-408
-399
-382
-369
-352
-334
-311
-289
-265
-237
-211
-183
-154
-124
-96
-61
-34
3
32
66
94
127
156
188
218
246
275
297
323
342
361
378
395
410
424
430
437
438
439
435
428
419
410
391
373
350
327
297
263
232
197
165
122
85
44
4
-36
-76
-114
-153
-189
-223
-260
-294
-323
-345
-365
-385
-400
-418
-428
-431
-436
-432
-420
-422
-414
-397
-394
-393
-374
-351
-330
-308
-279
-257
-237
-194
-152
-131
-124
-90
-43
13
36
56
67
117
171
191
191
250
297
317
312
293
320
335
355
389
409
415
469
143
-356
-400
154
675
1025
951
712
681
731
538
378
399
420
403
407
315
158
103
55
-99
-197
-195
-368
-445
-474
-532
-605
-429
-445
-540
-489
-574
-1368
-2081
-1813
-1070
-516
-36
326
482
659
673
310
87
41
-112
-183
-12
30
52
75
31
-174
-324
-122
-48
-361
-281
68
-119
-214
-62
-66
-19
214
93
62
159
261
218
184
249
352
140
165
693
1030
817
505
166
337
755
446
74
363
339
286
448
354
266
474
302
-81
-198
-179
-66
132
79
-262
-266
-216
-274
-310
-173
-286
-307
-358
-362
-434
-406
-349
-262
-357
-328
-456
-601
-464
-405
-538
-612
-556
-406
-261
-249
-381
-532
-307
-11
232
97
3
-38
-87
-115
-95
-162
-44
302
747
618
246
293
378
280
415
159
338
755
423
481
683
235
231
651
719
479
320
279
357
499
331
256
118
363
401
338
109
-129
40
16
-124
-275
-192
91
-268
-481
-164
-24
-188
-410
-645
-702
-531
-466
-451
-355
-464
-552
-644
-690
-534
-449
-535
-661
-646
-525
-342
-199
-210
-208
-298
-167
-297
-255
-117
-214
-173
201
485
42
3
143
315
410
570
561
372
415
263
551
582
613
484
552
623
739
698
753
649
240
533
918
737
414
371
259
281
298
203
113
195
258
265
-76
-130
-84
-277
-384
-83
-172
-321
-436
-363
-543
-547
-354
-600
-710
-606
-669
-756
-696
-587
-684
-536
-580
-667
-692
-535
-531
-487
-440
-489
-394
-331
-377
-375
-98
-48
-109
-125
-51
55
101
291
480
255
216
413
659
384
405
373
656
836
724
422
591
716
858
867
783
762
621
735
791
653
316
361
367
416
240
331
211
187
297
11
147
211
-49
-254
-167
-362
-420
-295
-347
-326
-567
-550
-538
-517
-632
-670
-798
-907
-893
-840
-702
-844
-949
-635
-776
-862
-667
-549
-639
-362
-351
-398
-301
-335
-320
-309
-9
16
126
177
286
328
400
459
411
694
478
305
557
875
869
659
958
1212
1093
868
846
448
556
564
788
691
754
838
712
680
576
275
226
64
34
166
229
184
124
78
-107
-309
-460
-585
-623
-515
-501
-515
-599
-485
-716
-898
-971
-1014
-907
-977
-1036
-1030
-937
-916
-812
-851
-915
-805
-619
-536
-505
-290
-258
-292
-305
-223
-160
-29
28
276
366
445
390
469
524
648
457
477
602
644
983
840
911
784
830
664
591
878
1036
789
820
1058
946
513
510
803
586
745
827
367
264
274
330
227
122
-169
-185
-136
-211
-71
-209
-274
-570
-649
-833
-898
-802
-806
-984
-999
-900
-1060
-1127
-1098
-1185
-1170
-1078
-1060
-879
-759
-876
-730
-667
-749
-600
-401
-360
-325
-176
-122
-54
59
195
348
590
515
428
479
434
357
600
874
967
757
826
916
739
616
615
594
732
830
811
908
750
598
587
696
901
889
817
768
697
617
409
351
479
491
390
326
242
168
130
40
-199
-172
-286
-516
-461
-476
-685
-801
-983
-1250
-1340
-1293
-1432
-1525
-1362
-1251
-1315
-1329
-1267
-1169
-1170
-1129
-1003
-895
-869
-746
-576
-552
-529
-348
-107
29
287
355
482
596
673
584
685
589
501
645
759
741
876
1197
1027
1081
826
823
686
862
806
667
707
819
955
661
786
660
738
639
640
640
664
424
252
412
510
409
271
245
62
199
120
304
355
221
119
135
31
-233
-525
-608
-904
-1330
-1584
-1670
-1753
-1704
-1658
-1510
-1437
-1385
-1357
-1236
-1243
-1362
-1332
-1295
-1308
-1275
-1120
-928
-737
-510
-279
33
232
443
572
618
627
713
821
892
907
930
1008
980
1090
1130
1113
1008
932
1056
1106
985
874
952
886
804
753
689
520
358
325
217
246
219
358
334
363
317
366
223
160
79
177
224
330
458
543
412
237
245
303
66
-122
-140
-130
-84
-10
-71
-427
-736
-1030
-1310
-1717
-1947
-2120
-2210
-2168
-1985
-1743
-1638
-1509
-1392
-1326
-1366
-1301
-1262
-1326
-1226
-920
-568
-260
114
463
739
951
1112
1190
1158
1081
983
978
1072
1157
1196
1274
1326
1244
1164
1179
1164
1035
843
768
781
784
661
585
560
546
375
171
171
256
329
391
394
313
314
441
478
450
276
344
500
610
507
535
483
424
346
400
276
150
294
479
413
9
-519
-1167
-1675
-2170
-2658
-3145
-3384
-3482
-3315
-2972
-2564
-2301
-2001
-1733
-1512
-1349
-1200
-1197
-1143
-1002
-591
-113
446
847
1274
1603
1843
1922
1933
1704
1379
1177
1213
1227
1226
1196
1262
1421
1543
1473
1268
1059
877
724
631
546
438
366
416
481
510
461
341
88
14
93
207
148
232
469
623
627
648
622
451
480
649
685
448
301
332
448
386
337
363
491
616
832
699
-120
-1168
-1910
-2580
-3526
-4212
-4587
-4813
-4886
-4318
-3533
-2885
-2430
-1873
-1338
-1013
-922
-869
-684
-498
-232
316
1000
1541
1956
2414
2709
2715
2520
2294
1914
1459
1156
1062
994
934
1010
1172
1251
1234
1189
1133
928
665
521
613
623
552
515
568
563
527
415
105
-210
-195
12
158
302
487
602
696
901
951
814
708
788
814
751
627
621
570
546
700
1063
1319
1431
1578
1014
-495
-2136
-3135
-4383
-5901
-6984
-7281
-7444
-7069
-5935
-4457
-3342
-2379
-1323
-321
217
362
456
647
823
1176
1874
2548
2903
3163
3431
3421
3070
2562
1925
1214
713
459
272
193
357
618
784
948
1158
1198
1039
889
842
781
803
914
1105
1197
1287
1137
854
348
-57
-342
-267
-170
-4
256
676
1002
1293
1484
1472
1332
1296
1332
1250
1078
1046
1116
1234
1332
1628
2045
2597
2409
732
-2073
-4268
-5991
-8163
-10422
-11339
-11358
-10888
-9260
-6339
-3707
-2005
-406
1397
2574
2781
2671
2586
2375
2262
2826
3717
4039
3826
3788
3752
2997
1795
694
-397
-1584
-2082
-1770
-1292
-929
-129
962
1779
2174
2422
2493
2239
1904
1853
2087
2034
1817
1844
2063
1589
811
261
-240
-1157
-1521
-1136
-674
-355
474
1482
2149
2588
2987
3123
2780
2237
1737
1602
1371
1319
1593
2379
3105
4261
4416
2009
-2490
-6085
-8961
-12492
-15913
-17256
-16934
-15459
-11934
-6852
-2196
1006
3771
6139
7481
7087
5854
4384
3181
2331
2508
3133
3319
2914
2725
2382
1236
-578
-2414
-4120
-5139
-4876
-3593
-2029
-188
2028
4142
5585
6263
6065
5080
3725
2637
1878
1421
1065
886
915
1235
1205
380
-978
-2035
-2624
-2701
-2228
-1164
201
1834
3529
5108
6034
6021
5148
4213
3205
1908
677
185
255
708
1933
3701
4904
3481
-996
-6585
-10662
-14277
-18452
-21378
-20642
-17473
-12927
-6731
275
5476
8278
9955
10870
10046
7253
3970
1647
324
-481
-396
447
849
433
8
-466
-1911
-3920
-5258
-5356
-4480
-2562
218
3266
5813
7711
8842
8828
7436
5157
2796
794
-622
-1452
-1590
-1270
-724
-329
-110
-438
-1155
-1745
-1597
-888
178
1522
3130
4755
5930
6448
6278
5580
4298
2829
1530
681
75
-162
269
1351
2567
3855
4789
2816
-3023
-9583
-13408
-16297
-19829
-21806
-19596
-14917
-9233
-2575
4342
8867
10457
10489
10109
8461
5023
1050
-1302
-1900
-1859
-1480
-615
-148
-641
-1230
-1582
-2398
-3839
-4603
-3850
-1680
1131
3979
6421
8152
8949
8617
7223
4795
1954
-681
-2318
-2825
-2382
-1776
-1070
-204
796
1424
1420
393
-1067
-1653
-762
667
2031
3391
4876
5966
6503
6206
5139
3259
1323
-47
-460
-524
-486
134
1544
3359
5289
6761
4764
-1634
-9160
-13786
-17064
-20632
-22785
-20634
-15468
-8845
-1533
5664
10166
11520
10962
10014
7949
4286
-83
-2738
-3286
-2658
-1870
-878
-433
-839
-1602
-1970
-2515
-3549
-4120
-2818
53
3253
5950
8089
9215
9019
7604
5485
2639
-492
-3068
-4106
-3859
-2873
-1798
-691
217
1076
1632
1840
1536
1250
1417
2286
3301
4071
4521
4670
4435
3871
3298
2538
1657
958
970
1290
1752
2287
2831
3414
4570
5193
1882
-5485
-12584
-16237
-18987
-21790
-22194
-18329
-12486
-5724
1671
8480
12011
12259
10818
9225
6688
2648
-1716
-3952
-4111
-3569
-2941
-1930
-1439
-1919
-2525
-2422
-2375
-2701
-2364
-250
2880
5724
7707
9005
9201
7967
5643
2972
82
-2677
-4413
-4534
-3489
-1947
-280
1074
2018
2578
2548
1728
940
647
500
710
1843
3244
3875
4091
4126
3775
3005
2283
1532
991
793
1029
1455
2002
2472
3088
4017
5433
6267
3486
-3887
-11793
-16207
-19155
-22640
-23838
-20013
-13478
-6249
1633
9040
13117
13608
12125
10050
6982
2430
-2572
-5431
-5487
-4611
-3898
-2878
-1845
-1756
-2163
-2121
-1822
-1792
-1260
897
4267
7144
8714
9397
9093
7237
4233
1145
-1781
-4283
-5565
-5014
-3285
-1047
907
2359
3126
3497
3045
2206
1347
804
490
1086
2289
3271
3576
3571
3202
2526
1830
1403
1214
1263
1420
1816
2387
2779
2823
3117
4126
5660
5993
2158
-5779
-13358
-17483
-20438
-23401
-23552
-19050
-11890
-3659
4856
11683
14750
14347
12174
9270
5353
41
-5135
-7694
-7212
-5639
-4253
-2956
-1900
-1482
-1292
-842
-509
-409
504
3064
6361
8504
9056
8692
7489
4905
1487
-1641
-4171
-5799
-5861
-4084
-1412
1110
2877
4056
4581
4237
2920
1463
343
-263
-116
879
2107
2859
3211
3314
3011
2408
1803
1498
1492
1794
2114
2491
2549
2597
2540
3146
4232
5992
6205
1662
-6954
-14722
-18623
-21685
-24527
-23894
-17972
-9598
-972
7552
14173
16566
14972
11754
8043
3278
-2605
-7610
-9434
-8197
-6074
-4325
-2635
-1209
-792
-851
-345
316
458
1329
4196
7726
9446
9038
7815
6064
3106
-639
-3554
-5346
-6052
-5384
-2774
445
2910
4234
4749
4675
3759
2179
616
-307
-213
470
1651
2543
2900
2722
2336
1989
1533
1082
1129
2011
3091
3510
3680
3481
2934
2209
2539
3529
5412
5355
292
-8849
-15961
-19207
-22326
-24980
-23186
-16079
-7164
1870
10419
16133
17386
14820
10736
6149
780
-5254
-9870
-10695
-8518
-5851
-3703
-1788
-203
284
263
526
976
1250
2160
4935
8236
9516
8482
6646
4396
990
-2702
-5128
-6170
-6024
-4334
-1054
2587
4882
5675
5424
4681
3245
1217
-224
-988
-850
-176
1288
2627
2997
2687
2282
2179
1938
1676
1728
2348
2928
3063
2946
2727
2592
2387
3072
4624
6876
6103
-409
-10201
-17546
-21160
-24390
-26235
-23024
-14648
-4608
5026
13516
18352
18141
14253
9066
3719
-2092
-7818
-11469
-11179
-7971
-4794
-2540
-802
435
610
394
805
1445
2116
3589
6434
9062
9225
7334
4733
2002
-1503
-4625
-6175
-6075
-4738
-2049
1523
4579
6035
6048
5014
3504
1735
-127
-1406
-1748
-700
844
2449
3257
3332
2806
2177
1767
1475
1380
1750
2766
3525
3482
2924
2162
1455
1209
2206
4329
7168
7354
1434
-8636
-16433
-20584
-24453
-27120
-23922
-15305
-5182
4694
13763
18900
18443
14251
8755
2923
-3080
-8549
-11893
-11540
-8132
-4526
-1997
-214
876
782
428
962
1922
2555
3880
6672
9161
8947
6629
3993
1130
-2530
-5516
-6292
-5347
-3680
-903
2719
5595
6532
5892
4467
2771
1029
-569
-1249
-1080
-422
574
1869
2812
2733
2328
2065
2155
2198
2339
2646
3031
3090
2482
1872
1244
953
1005
2182
4421
7459
9357
4896
-5439
-15987
-21519
-25118
-27599
-25599
-17665
-6936
3937
13780
19673
19564
15020
8519
2050
-3599
-8219
-11492
-11810
-8579
-4278
-1344
144
765
440
-352
180
1846
3341
4461
6669
9325
9606
6865
3159
-204
-3541
-6166
-6422
-4815
-2538
159
3438
6107
6737
5582
3761
1894
479
-197
-54
-63
-12
580
1402
1860
1761
1590
1466
1934
2756
3189
3196
3120
3133
2611
1723
837
102
190
1382
3941
6951
9765
8199
-509
-12954
-21519
-25354
-27726
-27344
-20420
-8882
2689
12321
19038
20241
16077
9005
1832
-4196
-8220
-10483
-10705
-8299
-3987
-630
408
-23
-598
-1394
-1386
628
3747
5863
7336
9341
10096
7457
2966
-901
-3673
-5862
-6302
-4589
-1769
912
3419
5441
5965
4772
3015
1577
565
192
266
413
564
982
1447
1608
1737
1616
1463
1759
2519
2895
2593
2286
2257
1955
1267
888
931
1522
2488
4688
6960
9352
8650
1204
-11462
-21500
-25473
-27456
-27009
-20289
-8574
2649
11723
18535
19813
15056
7629
750
-4837
-8577
-9975
-9482
-7276
-3818
-773
249
-518
-1426
-1942
-1537
802
4421
6878
7711
8657
9042
6529
1759
-2052
-4057
-5139
-5055
-3002
-422
1247
2566
4079
4569
3582
2288
1633
1478
1736
2286
2694
2609
1608
136
-874
-963
-522
359
1802
3248
4256
4384
3618
2462
1586
734
130
387
1266
2416
3786
5865
7872
9591
6656
-3918
-17299
-24946
-26622
-26873
-23468
-13692
-1435
8233
15083
18555
16349
9636
2093
-3715
-7157
-8356
-8046
-6729
-4445
-2011
-1022
-1719
-2617
-2598
-1812
143
3959
7942
9146
8080
6958
5463
1946
-1927
-3650
-3430
-2803
-1395
865
2101
1304
658
1355
1804
1359
1667
2944
3833
4177
3710
2254
571
-257
-437
-169
826
1892
2562
2888
3053
2773
1941
1129
1011
1497
1981
2385
3321
4097
4678
5399
6998
7850
3255
-7786
-19681
-24879
-25459
-24142
-19549
-9525
1483
9820
14996
16446
13034
6250
-465
-4868
-6863
-7037
-6421
-5322
-3939
-2505
-2250
-3218
-3753
-2648
-589
2282
6080
9058
9081
7154
5030
2418
-1004
-3181
-3092
-1981
-1060
630
2144
2197
1055
475
519
816
1642
2586
3358
4116
4466
3961
2617
1235
-469
-1923
-2079
-875
694
1997
3270
3991
3694
2792
2033
1490
1219
1337
2125
2655
2925
2883
3393
4504
6308
7230
1895
-9814
-20878
-24172
-23486
-21674
-16255
-5680
4401
10757
13749
13474
9147
2974
-2458
-5577
-6401
-5063
-3783
-3300
-3401
-3250
-3781
-4490
-3871
-1589
1231
4545
8286
9929
8041
4796
2452
410
-1841
-2657
-1295
539
1387
1889
1911
639
-1382
-1809
-621
987
2496
4256
5130
4975
4086
3038
620
-1501
-1778
-490
666
1906
3049
2877
1644
805
488
427
1208
2898
4203
4742
4673
4039
2689
1353
1802
3872
6949
5585
-3412
-16143
-23513
-24364
-23059
-19363
-10433
955
9466
13342
13242
9700
4153
-1210
-4914
-6138
-4994
-2849
-1646
-2015
-3431
-5066
-6125
-5422
-2846
460
3644
7358
10150
9523
5681
2121
177
-1085
-1489
-318
1341
2050
1980
1258
-336
-2476
-3291
-1861
903
3427
5197
5924
5605
4328
2846
1045
-577
-1097
-606
306
1312
2088
1933
1073
502
496
782
1595
3243
4862
5061
4059
2712
1878
1331
1726
3226
6226
8051
2222
-10920
-22133
-24616
-23108
-20545
-13684
-2225
7358
11897
11889
8788
3557
-910
-3410
-4008
-3319
-1779
-773
-1377
-3549
-6175
-8057
-7200
-3331
1125
3901
6072
8446
8668
5438
1600
-102
-287
9
1446
3296
3580
1854
-4
-1378
-2749
-3633
-2559
405
3427
5201
5660
5110
4074
2723
1643
1151
1484
1004
24
-24
610
99
-695
53
1311
1840
2394
3339
4166
4327
3832
2688
1587
1262
1509
2631
4501
6994
6645
-1539
-14857
-23266
-23123
-20682
-17361
-9118
1548
8145
9737
8244
4163
-339
-2153
-1649
-853
-177
384
-222
-2485
-5606
-8267
-9216
-6878
-1532
3557
5824
6429
6882
5915
3131
970
813
1468
2419
4057
4917
3060
-142
-2279
-3126
-3624
-3126
-863
2116
4167
4899
4537
3593
2610
2260
2002
1731
1755
2008
1760
1106
281
-603
-1132
-553
658
1683
2458
3428
4448
4582
3656
2526
1987
2021
2518
3698
5486
7021
3851
-6975
-19924
-24701
-21436
-17070
-12785
-4926
3531
7680
7089
4324
607
-1439
-592
1575
2318
1490
-357
-2664
-4860
-6694
-8180
-8148
-4655
1031
4849
5161
4260
3800
2932
1926
2247
3578
4237
4504
4971
4093
841
-2534
-3807
-3501
-2724
-1377
480
2306
3519
3857
3483
3148
3225
3781
4282
4196
3328
1689
-720
-2471
-2391
-1440
-618
583
2311
3251
3298
3183
3060
2822
2626
2675
2462
2318
2364
3176
4280
5943
4387
-4248
-16566
-22371
-19480
-15023
-12140
-7204
-270
4085
4425
2314
-314
-1439
465
3634
4732
2890
-302
-3115
-4822
-5827
-6767
-6904
-4516
-146
3022
3206
2216
2015
2374
2887
3858
5063
5379
4995
4717
4006
1415
-1774
-3197
-2642
-1882
-1388
-490
740
1847
2432
2767
2923
3349
4068
5079
4861
3140
919
-428
-735
-439
-169
-214
-102
547
1234
1463
1931
2789
3664
3823
3628
3147
2776
2547
2938
3822
5426
4273
-3637
-15215
-20886
-17788
-13020
-10660
-7982
-3323
608
1992
793
-1174
-1368
1542
5030
5986
3644
-292
-3506
-4550
-4284
-4616
-5511
-4555
-1294
1219
980
-8
529
2069
3597
5137
6032
5515
4564
4456
4252
2300
-681
-2500
-2157
-1178
-1065
-1433
-937
478
1881
2712
3070
3363
4243
5247
5264
4076
2523
779
-695
-1035
-577
-559
-619
19
872
1175
1484
2059
2722
3200
3485
3220
2529
2166
2514
3592
4687
5671
2675
-6705
-17427
-19496
-14390
-10870
-10386
-7274
-2422
-499
-1216
-1908
-1854
-311
3504
6760
6251
2555
-1278
-3500
-3951
-3663
-3776
-3885
-2543
-622
-563
-1988
-1898
458
3058
4945
6247
6249
4693
3719
4374
4480
2289
-131
-744
-722
-1541
-2389
-2095
-885
589
1996
2747
2793
2931
3824
4849
4985
3895
2169
1097
1021
855
-220
-1055
-896
-62
650
1230
1684
2190
2559
2652
2767
2624
2455
2622
3672
4933
6412
4278
-4500
-15254
-17934
-13332
-10082
-10232
-8951
-5686
-3509
-2808
-2958
-2996
-1053
3254
6442
6263
3559
291
-1861
-1893
-1493
-2650
-3926
-3045
-1430
-1609
-2961
-3042
-1219
1569
4139
5591
5426
4470
4152
4747
4931
3491
1530
499
306
-520
-1662
-2140
-1381
-107
967
1319
1281
1671
2873
4404
5151
4738
3494
2062
892
378
357
350
385
607
893
854
909
1119
1420
1493
1710
1930
2016
2198
2752
3711
4989
5763
2161
-6614
-14389
-14247
-10029
-8612
-9703
-8596
-6092
-4742
-4425
-4082
-3320
-789
3214
5663
4829
2371
283
-543
-455
-697
-1940
-2627
-1800
-1150
-2088
-3112
-2492
-782
1240
3229
4438
4202
3694
3986
4469
4004
2948
2460
2501
1914
320
-1068
-1375
-812
-166
352
595
972
1854
3038
3543
3312
2970
2490
1758
1446
1710
1521
992
997
1224
1025
732
779
706
956
1229
1302
899
1207
2016
3025
3900
4804
4730
887
-6548
-12545
-11970
-8385
-7306
-8637
-8402
-6836
-5898
-5769
-5362
-3970
-923
2688
4470
3428
1464
324
423
833
586
-658
-1485
-1036
-602
-1498
-2586
-2159
-655
743
1648
2271
2550
2825
3378
3905
3706
3228
3096
3213
2679
1534
374
-272
-273
93
468
601
892
1378
1769
1779
1781
2094
2282
2009
1562
1596
1981
2312
2338
2011
1482
1050
797
602
604
836
1036
1133
1268
1585
1857
2333
3022
3639
1782
-3695
-9396
-9972
-6783
-5720
-7410
-7751
-6332
-6127
-6881
-6510
-5013
-2924
-171
2013
1853
284
-516
72
974
1190
640
215
531
707
-114
-1235
-1398
-742
64
676
927
801
940
1860
2883
3192
2836
2648
2808
2964
2616
2037
1735
1898
2025
1769
1224
844
845
1136
1388
1343
1101
816
745
985
1588
2101
2235
2093
1932
1658
1187
884
959
1269
1407
1281
798
281
73
249
597
1091
1506
670
-2023
-5263
-6595
-5818
-4889
-4993
-4989
-4381
-4197
-5025
-5654
-5260
-4023
-2460
-1020
-325
-457
-827
-881
-618
-294
88
696
1390
1617
1202
574
254
252
440
798
1314
1736
1884
1828
1654
1393
1188
1241
1496
1789
1966
2025
1964
1843
1613
1365
1185
1191
1301
1428
1418
1231
945
750
721
779
825
861
894
820
588
286
52
-46
38
221
359
307
113
-81
-136
-37
124
292
472
681
773
585
85
-480
-817
-908
-889
-881
-1022
-1488
-2174
-2720
-2927
-2894
-2818
-2771
-2734
-2620
-2492
-2399
-2355
-2275
-2149
-1958
-1724
-1479
-1260
-1081
-904
-632
-240
159
470
715
904
986
983
962
988
1119
1356
1506
1489
1385
1280
1151
1085
1158
1382
1669
1898
1912
1743
1591
1559
1596
1614
1653
1705
1725
1648
1527
1375
1240
1191
1257
1306
1222
975
698
573
651
758
802
902
1067
1153
1034
652
65
-453
-705
-767
-840
-1001
-1373
-2067
-2876
-3404
-3504
-3376
-3224
-3090
-3008
-3017
-3038
-3054
-3118
-3180
-3088
-2803
-2387
-1975
-1686
-1479
-1188
-762
-345
-55
155
421
701
879
932
985
1094
1262
1391
1431
1388
1341
1298
1326
1469
1688
1891
2061
2142
2075
1937
1855
1865
1930
2000
1993
1901
1806
1745
1669
1563
1498
1464
1366
1153
883
661
595
685
796
816
785
780
789
703
517
335
214
74
-168
-542
-960
-1268
-1457
-1746
-2322
-3008
-3408
-3356
-3059
-2832
-2829
-2987
-3131
-3191
-3268
-3411
-3448
-3186
-2683
-2161
-1766
-1522
-1313
-1017
-689
-394
-38
400
718
864
959
1006
967
997
1166
1335
1404
1444
1470
1529
1697
1914
2038
2090
2108
2036
1891
1817
1847
1904
1961
2004
1980
1891
1816
1769
1699
1582
1411
1178
928
752
684
730
850
915
821
650
514
421
334
253
267
436
633
540
4
-769
-1415
-1731
-1765
-1722
-1868
-2275
-2697
-2879
-2861
-2845
-2934
-3083
-3215
-3294
-3314
-3279
-3144
-2882
-2532
-2152
-1784
-1510
-1375
-1244
-943
-477
6
393
635
730
760
811
897
1013
1152
1303
1429
1506
1562
1616
1667
1738
1827
1880
1851
1797
1748
1695
1705
1837
1994
2073
2066
2004
1852
1647
1479
1360
1238
1136
1072
1020
994
980
916
800
706
643
571
487
425
438
517
531
388
155
-142
-550
-974
-1242
-1348
-1369
-1347
-1465
-1928
-2571
-3004
-3076
-2950
-2859
-2922
-3078
-3172
-3154
-3087
-2984
-2822
-2593
-2266
-1888
-1607
-1470
-1304
-957
-509
-106
204
418
553
662
814
976
1079
1149
1289
1482
1589
1579
1554
1569
1608
1653
1720
1772
1818
1898
1981
2026
2036
2043
2016
1932
1807
1649
1504
1451
1495
1510
1417
1286
1175
1092
1001
907
817
726
647
558
476
421
354
254
137
52
-12
-129
-409
-821
-1162
-1337
-1392
-1420
-1558
-1981
-2576
-2929
-2903
-2755
-2732
-2819
-2959
-3095
-3147
-3131
-3089
-2981
-2703
-2272
-1866
-1633
-1534
-1347
-982
-547
-159
159
423
625
775
869
939
1044
1202
1359
1432
1428
1393
1405
1515
1707
1899
2009
2042
2044
2009
1932
1851
1824
1858
1884
1867
1815
1756
1679
1573
1491
1461
1445
1379
1265
1121
948
787
692
661
618
537
431
309
175
60
-17
-53
-34
-21
-170
-529
-941
-1221
-1337
-1366
-1461
-1772
-2287
-2750
-2923
-2882
-2862
-2954
-3087
-3212
-3282
-3225
-3057
-2863
-2660
-2390
-2076
-1810
-1622
-1423
-1109
-655
-148
253
460
531
613
785
979
1109
1194
1303
1424
1500
1535
1591
1696
1834
1970
2050
2040
1966
1882
1823
1800
1811
1862
1925
1934
1858
1735
1640
1592
1578
1568
1508
1374
1202
1048
904
761
678
660
615
474
275
77
-69
-111
-50
36
79
72
-22
-287
-699
-1073
-1262
-1254
-1190
-1314
-1803
-2508
-3038
-3177
-3060
-2930
-2902
-2958
-3046
-3105
-3091
-3004
-2842
-2576
-2208
-1807
-1493
-1315
-1174
-944
-605
-242
73
324
535
707
839
947
1086
1266
1433
1549
1628
1693
1729
1739
1789
1916
2049
2084
2020
1939
1888
1855
1832
1834
1833
1779
1696
1643
1608
1544
1454
1403
1378
1290
1111
916
757
652
594
542
450
334
263
248
243
223
177
108
53
32
-59
-338
-737
-1079
-1294
-1430
-1541
-1742
-2155
-2659
-2942
-2916
-2828
-2866
-2969
-3050
-3091
-3045
-2885
-2687
-2511
-2307
-2034
-1788
-1638
-1523
-1298
-891
-370
99
374
453
460
541
709
900
1087
1300
1502
1597
1575
1519
1547
1703
1939
2133
2160
2019
1834
1728
1718
1760
1832
1916
1986
1993
1908
1736
1554
1431
1389
1380
1309
1154
974
838
740
664
611
558
469
336
196
96
66
95
124
105
65
22
-103
-411
-839
-1198
-1376
-1400
-1425
-1627
-2072
-2588
-2903
-2914
-2779
-2716
-2779
-2883
-2966
-3009
-2997
-2908
-2736
-2475
-2142
-1793
-1507
-1289
-1064
-769
-425
-99
170
379
549
696
828
976
1146
1338
1515
1658
1755
1806
1839
1863
1872
1853
1822
1798
1803
1844
1919
2004
2047
2015
1895
1740
1610
1526
1474
1430
1396
1353
1265
1120
944
784
671
595
522
441
341
241
151
89
64
46
1
-53
-71
-61
-107
-312
-672
-1064
-1329
-1399
-1373
-1470
-1824
-2314
-2673
-2770
-2709
-2697
-2838
-3010
-3066
-2984
-2848
-2710
-2529
-2273
-1982
-1732
-1568
-1451
-1270
-944
-505
-83
211
384
525
711
930
1136
1314
1467
1571
1576
1502
1440
1476
1618
1794
1927
1988
1992
1944
1844
1725
1633
1611
1668
1751
1775
1714
1604
1516
1466
1429
1355
1230
1070
904
754
643
575
515
440
348
268
216
189
155
102
26
-52
-100
-107
-108
-177
-372
-677
-974
-1161
-1235
-1348
-1658
-2177
-2703
-2964
-2894
-2671
-2555
-2649
-2844
-2975
-2957
-2831
-2651
-2426
-2149
-1844
-1592
-1437
-1316
-1100
-708
-195
282
593
706
702
701
776
920
1099
1282
1441
1547
1575
1565
1588
1679
1817
1917
1924
1848
1765
1719
1725
1762
1811
1849
1849
1787
1681
1564
1484
1437
1383
1292
1149
970
789
634
536
491
466
413
306
162
26
-48
-63
-57
-45
-16
42
90
56
-145
-511
-938
-1276
-1441
-1482
-1545
-1758
-2138
-2539
-2791
-2818
-2713
-2637
-2672
-2786
-2882
-2887
-2784
-2589
-2329
-2020
-1685
-1376
-1139
-954
-747
-467
-130
185
410
530
615
741
924
1116
1279
1402
1495
1548
1568
1583
1619
1676
1745
1805
1836
1844
1837
1833
1817
1791
1778
1772
1742
1667
1564
1457
1362
1285
1214
1142
1051
948
808
650
518
435
396
340
241
137
92
129
191
191
95
-49
-161
-219
-268
-372
-584
-869
-1136
-1320
-1423
-1543
-1786
-2161
-2552
-2778
-2782
-2657
-2580
-2637
-2772
-2854
-2795
-2624
-2408
-2187
-1960
-1721
-1496
-1312
-1139
-894
-525
-93
279
507
606
669
784
947
1109
1242
1341
1417
1462
1471
1485
1555
1697
1859
1971
1992
1930
1844
1769
1736
1746
1797
1852
1850
1745
1550
1348
1218
1182
1181
1137
1017
853
700
591
530
504
507
513
486
396
245
98
7
-18
-18
-35
-71
-103
-154
-297
-578
-943
-1252
-1403
-1434
-1518
-1788
-2217
-2612
-2789
-2740
-2613
-2567
-2649
-2765
-2824
-2803
-2714
-2559
-2311
-1983
-1642
-1378
-1201
-1031
-772
-414
-47
240
406
501
586
691
826
984
1155
1325
1470
1556
1577
1564
1567
1625
1728
1828
1888
1891
1862
1826
1798
1770
1755
1752
1742
1691
1573
1423
1296
1230
1209
1179
1103
989
875
768
668
566
470
390
311
220
131
78
77
93
62
-35
-149
-216
-246
-331
-552
-890
-1209
-1394
-1460
-1549
-1800
-2198
-2591
-2812
-2820
-2725
-2669
-2704
-2774
-2788
-2706
-2544
-2337
-2099
-1828
-1564
-1332
-1149
-979
-755
-464
-147
118
307
438
560
705
875
1046
1190
1302
1371
1407
1429
1477
1580
1729
1880
1954
1927
1828
1733
1702
1735
1789
1814
1790
1724
1631
1523
1428
1365
1343
1326
1255
1101
883
687
582
568
585
563
476
349
217
119
64
45
39
10
-66
-163
-242
-282
-346
-531
-868
-1254
-1527
-1629
-1660
-1793
-2104
-2486
-2722
-2719
-2576
-2463
-2477
-2558
-2595
-2534
-2421
-2301
-2160
-1961
-1700
-1433
-1223
-1056
-852
-555
-200
118
341
474
571
680
805
951
1118
1303
1468
1552
1541
1495
1495
1583
1717
1820
1843
1817
1796
1802
1800
1767
1719
1697
1715
1723
1667
1541
1393
1285
1235
1183
1076
907
723
585
517
491
454
389
301
217
166
144
131
94
12
-119
-260
-363
-410
-435
-527
-744
-1061
-1356
-1530
-1583
-1624
-1782
-2076
-2396
-2588
-2606
-2529
-2463
-2462
-2491
-2496
-2462
-2386
-2260
-2054
-1774
-1473
-1232
-1082
-950
-752
-459
-119
185
410
559
662
738
802
891
1026
1208
1393
1520
1574
1599
1649
1740
1832
1877
1865
1825
1793
1775
1750
1712
1669
1633
1602
1554
1481
1400
1332
1280
1224
1148
1040
921
813
733
673
614
538
440
322
209
123
63
2
-86
-200
-320
-404
-432
-419
-421
-518
-750
-1073
-1371
-1539
-1573
-1584
-1728
-2050
-2423
-2667
-2686
-2552
-2419
-2388
-2435
-2466
-2431
-2330
-2181
-1981
-1723
-1438
-1185
-1005
-868
-700
-453
-151
135
360
525
651
782
923
1066
1203
1321
1402
1452
1482
1514
1563
1629
1693
1742
1768
1773
1764
1747
1738
1742
1758
1766
1737
1663
1557
1458
1383
1327
1264
1161
1014
856
707
593
506
423
332
228
128
49
-4
-35
-69
-124
-200
-291
-376
-431
-437
-424
-467
-647
-968
-1318
-1544
-1588
-1536
-1570
-1794
-2145
-2430
-2516
-2429
-2304
-2258
-2277
-2284
-2233
-2133
-2024
-1896
-1715
-1477
-1239
-1057
-916
-741
-474
-138
168
363
449
493
565
691
848
1008
1158
1283
1361
1390
1406
1466
1596
1757
1866
1878
1814
1735
1694
1699
1719
1729
1724
1697
1643
1554
1430
1302
1197
1121
1061
974
846
699
572
500
474
450
388
274
133
7
-80
-130
-170
-211
-267
-345
-435
-500
-517
-507
-550
-731
-1044
-1363
-1551
-1579
-1565
-1659
-1907
-2194
-2362
-2358
-2258
-2193
-2210
-2264
-2277
-2224
-2108
-1952
-1738
-1469
-1202
-1002
-902
-843
-719
-471
-138
179
404
537
623
708
811
930
1078
1248
1404
1502
1527
1521
1541
1623
1735
1829
1854
1819
1748
1683
1638
1608
1586
1567
1542
1499
1444
1359
1261
1167
1083
1009
924
812
675
532
420
340
275
206
110
9
-79
-147
-196
-229
-251
-278
-341
-440
-534
-578
-579
-627
-793
-1078
-1347
-1476
-1467
-1449
-1580
-1871
-2184
-2336
-2299
-2164
-2067
-2052
-2090
-2119
-2113
-2072
-1961
-1747
-1445
-1147
-936
-834
-756
-613
-370
-76
195
404
556
672
757
834
923
1055
1223
1380
1475
1491
1480
1498
1566
1646
1701
1707
1679
1655
1643
1645
1636
1625
1610
1586
1533
1432
1298
1172
1096
1060
1018
925
775
605
465
378
323
268
199
117
27
-62
-148
-214
-262
-283
-305
-359
-447
-545
-604
-615
-637
-757
-1005
-1283
-1450
-1455
-1390
-1429
-1665
-2004
-2252
-2294
-2183
-2062
-2025
-2053
-2072
-2047
-1974
-1870
-1722
-1512
-1258
-1015
-839
-722
-595
-397
-128
140
342
469
570
679
793
911
1028
1153
1278
1379
1436
1473
1529
1616
1711
1770
1788
1777
1746
1696
1632
1574
1558
1563
1550
1479
1365
1254
1172
1109
1041
963
886
808
700
550
391
265
184
120
39
-61
-154
-212
-256
-313
-377
-429
-455
-470
-485
-497
-488
-494
-589
-825
-1146
-1391
-1458
-1395
-1369
-1514
-1799
-2067
-2182
-2141
-2052
-1990
-1956
-1915
-1858
-1821
-1806
-1756
-1610
-1363
-1103
-903
-774
-647
-461
-215
37
248
411
542
667
790
927
1068
1199
1298
1352
1372
1387
1414
1459
1517
1579
1633
1650
1614
1549
1485
1466
1486
1510
1502
1452
1379
1309
1236
1144
1037
930
844
785
729
635
498
343
209
123
81
54
14
-54
-135
-220
-311
-387
-442
-473
-488
-505
-532
-565
-611
-712
-905
-1148
-1341
-1401
-1352
-1317
-1430
-1702
-1992
-2149
-2123
-1995
-1885
-1854
-1869
-1871
-1833
-1758
-1640
-1469
-1249
-1013
-816
-682
-570
-413
-176
99
347
522
629
706
790
886
982
1095
1207
1299
1352
1358
1357
1396
1483
1581
1640
1640
1602
1565
1535
1502
1462
1425
1408
1395
1361
1283
1184
1086
993
901
804
713
651
590
500
359
193
62
-20
-65
-115
-182
-245
-301
-353
-416
-481
-526
-545
-540
-526
-506
-495
-550
-722
-993
-1251
-1369
-1335
-1274
-1336
-1567
-1860
-2036
-2027
-1916
-1824
-1807
-1821
-1799
-1734
-1651
-1550
-1402
-1185
-939
-738
-622
-549
-430
-223
27
249
406
522
625
729
825
916
1016
1131
1247
1326
1364
1385
1418
1459
1493
1514
1522
1521
1504
1462
1416
1390
1390
1384
1339
1262
1192
1156
1128
1052
923
778
679
622
558
445
297
177
121
98
52
-35
-131
-198
-234
-277
-354
-446
-506
-529
-541
-561
-589
-594
-589
-636
-794
-1044
-1257
-1337
-1295
-1255
-1350
-1593
-1862
-2004
-1969
-1831
-1703
-1649
-1653
-1669
-1658
-1597
-1487
-1316
-1091
-868
-679
-543
-424
-271
-59
186
393
532
610
672
754
860
969
1070
1154
1215
1251
1266
1280
1316
1383
1454
1513
1531
1505
1459
1414
1392
1388
1384
1352
1284
1199
1122
1057
991
903
784
670
588
549
518
458
352
206
51
-73
-155
-200
-224
-249
-287
-357
-448
-536
-600
-636
-648
-650
-643
-632
-628
-664
-774
-946
-1106
-1177
-1153
-1107
-1153
-1344
-1613
-1809
-1839
-1731
-1593
-1517
-1514
-1521
-1494
-1422
-1317
-1178
-998
-795
-606
-472
-372
-246
-52
187
398
534
600
652
726
816
895
954
1016
1100
1185
1244
1265
1279
1310
1349
1365
1343
1297
1255
1241
1248
1254
1246
1224
1192
1153
1100
1043
985
907
795
663
546
477
453
424
336
190
35
-70
-123
-149
-181
-238
-303
-367
-429
-490
-531
-545
-537
-531
-539
-553
-561
-577
-657
-819
-1020
-1152
-1155
-1080
-1055
-1174
-1405
-1617
-1700
-1648
-1547
-1475
-1450
-1443
-1428
-1394
-1346
-1259
-1111
-917
-718
-561
-449
-337
-175
35
248
419
538
624
719
816
910
980
1017
1050
1088
1135
1178
1204
1214
1222
1239
1269
1300
1305
1285
1249
1222
1226
1252
1263
1242
1180
1101
1023
941
840
718
607
531
477
417
326
202
82
-8
-73
-127
-178
-238
-295
-360
-436
-501
-542
-555
-543
-534
-533
-529
-530
-543
-604
-746
-926
-1077
-1149
-1144
-1145
-1224
-1383
-1553
-1633
-1603
-1526
-1466
-1452
-1456
-1430
-1376
-1300
-1205
-1078
-907
-718
-557
-425
-311
-177
-1
185
345
472
566
645
723
788
849
913
980
1042
1084
1104
1118
1140
1176
1221
1261
1293
1303
1294
1281
1278
1272
1258
1225
1182
1152
1125
1079
982
836
680
566
510
489
447
362
242
112
1
-86
-147
-190
-223
-260
-302
-360
-421
-461
-478
-484
-505
-537
-558
-542
-505
-508
-609
-809
-1011
-1119
-1107
-1043
-1049
-1179
-1386
-1559
-1610
-1551
-1451
-1376
-1348
-1354
-1363
-1344
-1280
-1157
-978
-790
-626
-508
-417
-305
-146
46
233
384
496
583
664
735
795
847
899
963
1026
1068
1088
1107
1141
1187
1242
1296
1330
1335
1320
1287
1249
1219
1193
1154
1100
1041
990
934
853
741
616
517
462
429
368
267
139
30
-43
-90
-141
-211
-283
-339
-370
-391
-416
-436
-459
-489
-531
-578
-605
-580
-527
-511
-594
-783
-989
-1110
-1102
-1023
-990
-1080
-1265
-1440
-1501
-1442
-1326
-1237
-1200
-1201
-1213
-1202
-1156
-1057
-900
-718
-560
-452
-374
-283
-136
49
232
384
495
586
665
726
779
827
886
951
1004
1030
1038
1062
1110
1165
1203
1216
1211
1198
1182
1160
1134
1112
1098
1082
1048
996
944
898
838
756
658
563
491
428
342
219
77
-39
-106
-133
-162
-222
-289
-334
-356
-370
-392
-416
-431
-435
-441
-464
-504
-532
-544
-570
-651
-797
-950
-1030
-1009
-945
-944
-1070
-1271
-1438
-1477
-1385
-1254
-1181
-1201
-1272
-1320
-1293
-1192
-1037
-858
-683
-531
-411
-312
-209
-79
70
227
362
471
557
630
699
766
829
891
953
1013
1059
1089
1105
1117
1130
1151
1173
1179
1172
1151
1129
1112
1088
1054
1008
963
928
905
877
815
718
599
494
422
380
343
277
171
46
-58
-114
-137
-165
-212
-277
-340
-392
-437
-469
-482
-475
-463
-472
-523
-582
-606
-574
-533
-559
-688
-867
-1000
-1028
-981
-951
-1020
-1176
-1325
-1377
-1320
-1219
-1149
-1141
-1160
-1157
-1109
-1031
-932
-815
-670
-507
-363
-257
-181
-97
38
212
377
487
546
589
647
729
810
878
929
982
1032
1069
1083
1084
1095
1121
1143
1141
1108
1063
1032
1020
1016
996
961
919
883
860
837
796
725
624
509
410
338
287
229
148
45
-44
-105
-138
-160
-199
-250
-310
-360
-395
-417
-431
-447
-464
-495
-518
-526
-509
-479
-482
-554
-698
-853
-945
-942
-897
-905
-1010
-1182
-1320
-1348
-1281
-1191
-1136
-1133
-1147
-1145
-1116
-1046
-928
-768
-605
-479
-400
-335
-243
-98
77
233
344
418
486
558
636
711
780
843
900
945
981
1006
1025
1050
1069
1082
1089
1097
1106
1111
1101
1077
1038
999
966
931
896
853
815
776
727
655
550
435
341
282
252
212
123
-8
-146
-240
-273
-273
-280
-322
-389
-458
-520
-558
-579
-584
-563
-545
-534
-527
-517
-490
-481
-534
-651
-791
-885
-905
-887
-899
-983
-1111
-1202
-1208
-1136
-1044
-987
-968
-974
-974
-952
-897
-797
-662
-516
-400
-330
-283
-219
-99
63
224
354
438
489
530
578
647
738
819
884
929
950
963
979
1004
1041
1082
1108
1101
1073
1043
1023
1016
1000
960
900
839
800
770
736
692
640
586
519
425
316
224
183
178
163
78
-72
-227
-316
-335
-337
-371
-444
-511
-543
-546
-550
-566
-572
-554
-522
-497
-489
-487
-489
-513
-595
-715
-817
-850
-817
-797
-862
-1003
-1129
-1153
-1073
-961
-905
-918
-951
-940
-883
-810
-740
-660
-547
-409
-279
-196
-140
-64
66
223
359
444
490
528
575
635
695
763
832
895
931
940
931
935
958
992
1015
1021
1000
968
930
899
879
864
849
819
782
735
690
640
575
488
398
321
271
230
176
87
-14
-95
-140
-157
-179
-232
-303
-361
-387
-377
-357
-339
-335
-337
-357
-383
-407
-408
-387
-378
-431
-560
-722
-840
-864
-815
-772
-807
-927
-1069
-1146
-1135
-1060
-985
-949
-951
-966
-964
-933
-859
-746
-608
-469
-360
-290
-236
-161
-45
94
219
309
374
434
500
578
652
718
777
821
853
872
892
924
966
1000
1012
1000
986
981
986
993
984
956
910
857
798
750
713
679
637
564
463
362
288
257
243
207
132
27
-65
-123
-151
-174
-211
-266
-335
-400
-452
-482
-482
-474
-477
-507
-556
-588
-586
-542
-505
-515
-584
-674
-736
-746
-721
-711
-750
-837
-927
-973
-965
-922
-887
-878
-886
-891
-871
-824
-760
-673
-571
-468
-373
-292
-209
-109
14
146
259
343
412
480
546
609
661
708
750
794
832
856
874
887
901
912
918
919
920
937
955
956
936
892
851
819
798
768
717
644
553
456
355
268
208
167
136
90
20
-56
-118
-159
-186
-212
-259
-319
-375
-416
-430
-420
-399
-384
-384
-398
-414
-422
-414
-401
-407
-451
-537
-643
-724
-759
-754
-738
-751
-804
-879
-937
-948
-915
-866
-830
-825
-840
-859
-838
-771
-666
-549
-452
-364
-282
-187
-72
62
197
307
386
437
476
516
569
630
688
730
761
782
800
826
864
902
928
933
918
893
876
875
877
869
845
808
768
730
699
668
631
576
494
389
285
209
158
127
84
15
-70
-133
-158
-159
-165
-208
-284
-359
-410
-429
-424
-409
-392
-387
-397
-421
-435
-422
-397
-387
-444
-561
-689
-770
-793
-785
-785
-823
-885
-930
-938
-918
-889
-864
-853
-841
-827
-805
-765
-697
-600
-488
-379
-281
-187
-85
22
137
242
330
403
465
524
574
621
671
721
772
815
830
833
837
850
866
876
872
860
846
833
824
817
812
807
786
745
684
620
578
555
528
461
353
236
153
115
92
49
-31
-129
-206
-243
-260
-273
-293
-321
-352
-384
-405
-413
-399
-376
-359
-367
-401
-434
-446
-436
-423
-443
-510
-599
-671
-704
-706
-704
-728
-780
-829
-851
-844
-815
-783
-757
-734
-716
-691
-657
-602
-526
-436
-349
-269
-198
-121
-19
97
209
299
363
412
457
514
570
624
665
691
710
733
759
791
819
832
830
819
815
811
807
795
777
755
726
692
654
619
600
582
557
499
406
310
239
206
196
171
113
22
-74
-142
-163
-161
-162
-191
-257
-334
-406
-442
-439
-414
-404
-422
-470
-519
-533
-506
-456
-414
-417
-474
-558
-623
-642
-626
-604
-614
-669
-745
-803
-819
-796
-757
-727
-720
-722
-721
-692
-628
-537
-438
-342
-262
-189
-110
-13
95
197
292
365
432
494
549
589
621
655
689
720
739
744
739
741
743
749
751
742
735
728
723
709
686
666
648
634
614
583
548
513
473
424
360
296
248
211
171
108
19
-73
-140
-175
-194
-218
-264
-320
-367
-388
-384
-366
-349
-345
-350
-363
-383
-390
-389
-379
-379
-408
-470
-544
-601
-633
-642
-654
-676
-717
-760
-787
-797
-783
-760
-735
-711
-687
-667
-635
-587
-516
-426
-332
-249
-178
-104
-24
71
174
269
344
400
443
484
532
580
626
657
670
678
683
704
732
759
775
775
767
757
753
747
741
718
690
662
639
619
591
556
508
457
410
367
331
285
222
134
37
-42
-89
-114
-141
-179
-245
-313
-354
-359
-334
-301
-281
-288
-321
-369
-405
-410
-389
-371
-394
-472
-581
-665
-700
-689
-671
-691
-752
-830
-883
-893
-858
-807
-769
-754
-750
-736
-700
-635
-550
-447
-349
-271
-212
-162
-92
2
117
224
304
357
392
433
490
549
609
662
703
733
751
757
759
775
798
825
838
827
798
764
746
746
756
758
730
679
621
570
531
502
469
418
342
246
148
65
11
-23
-59
-117
-207
-307
-383
-415
-414
-405
-420
-467
-530
-574
-584
-553
-507
-467
-452
-464
-490
-499
-481
-433
-380
-350
-356
-392
-437
-464
-459
-433
-409
-416
-452
-507
-552
-562
-532
-483
-444
-424
-424
-423
-403
-352
-272
-181
-101
-43
1
44
97
169
247
319
374
412
437
458
480
509
542
575
601
615
617
614
616
631
654
676
682
669
643
615
597
585
583
569
532
472
405
350
312
293
274
233
169
94
25
-14
-30
-34
-49
-83
-136
-186
-212
-205
-180
-166
-178
-218
-268
-299
-305
-293
-287
-312
-376
-460
-539
-587
-610
-627
-656
-709
-778
-844
-885
-900
-880
-855
-835
-822
-808
-787
-743
-674
-584
-488
-403
-320
-246
-170
-85
9
101
190
267
330
384
438
497
551
605
651
691
720
752
781
804
819
829
839
844
843
837
821
795
771
742
712
677
633
582
525
475
432
386
340
281
208
136
76
30
-5
-48
-109
-191
-274
-340
-388
-414
-438
-469
-513
-557
-591
-605
-601
-577
-549
-526
-511
-505
-492
-469
-430
-388
-359
-343
-342
-345
-347
-351
-354
-356
-354
-350
-360
-379
-402
-415
-410
-387
-360
-339
-320
-297
-269
-232
-190
-135
-72
-8
52
99
137
180
228
285
335
370
399
425
452
478
495
509
521
532
547
556
556
555
553
549
544
532
522
515
507
488
459
427
402
388
369
339
296
253
234
228
221
201
167
130
111
110
116
120
110
90
58
17
-25
-57
-72
-91
-142
-230
-343
-447
-519
-561
-608
-677
-772
-873
-951
-997
-1018
-1029
-1034
-1037
-1033
-1030
-1012
-975
-914
-825
-737
-658
-583
-508
-419
-319
-214
-115
-21
66
155
234
307
372
433
496
564
628
680
720
749
780
807
835
856
871
883
890
891
883
865
840
817
794
777
755
714
660
597
539
482
429
376
317
253
182
109
42
-15
-76
-134
-198
-262
-324
-381
-434
-485
-533
-585
-631
-672
-705
-726
-741
-752
-757
-756
-753
-734
-706
-676
-640
-602
-562
-518
-469
-416
-363
-311
-266
-213
-165
-114
-63
-19
31
76
122
161
200
237
269
297
316
332
343
351
352
347
340
328
313
298
281
259
235
210
188
165
146
130
114
98
91
86
85
89
94
103
110
118
129
138
146
155
161
167
172
174
174
171
170
169
165
163
161
155
146
133
124
121
117
117
115
104
89
70
52
38
22
2
-31
-74
-125
-175
-225
-267
-311
-358
-416
-476
-533
-578
-608
-626
-635
-643
-656
-663
-657
-638
-594
-542
-488
-435
-391
-347
-290
-222
-140
-66
3
59
104
148
199
256
317
373
414
442
460
478
501
532
567
599
613
612
601
591
591
597
604
603
584
548
503
459
426
406
385
355
310
245
175
113
72
45
27
0
-46
-100
-150
-187
-207
-208
-209
-222
-251
-290
-326
-354
-365
-368
-378
-402
-435
-480
-519
-545
-560
-568
-576
-590
-613
-632
-654
-659
-648
-625
-601
-579
-557
-542
-518
-471
-415
-352
-281
-215
-162
-107
-42
28
99
175
243
296
338
387
434
475
526
577
615
642
673
695
713
735
761
780
789
796
800
796
795
798
796
788
777
764
738
713
690
660
620
574
519
457
389
318
237
142
32
-84
-211
-337
-453
-571
-690
-809
-926
-1034
-1134
-1209
-1268
-1314
-1350
-1376
-1385
-1379
-1354
-1313
-1255
-1187
-1111
-1029
-944
-854
-754
-649
-543
-436
-333
-230
-130
-34
61
157
255
349
439
529
609
685
761
831
895
951
997
1036
1064
1085
1100
1107
1109
1097
1080
1055
1025
985
940
887
827
763
696
625
551
474
394
311
221
138
56
-26
-105
-183
-257
-330
-400
-467
-527
-584
-634
-680
-723
-759
-788
-812
-832
-845
-852
-855
-850
-838
-820
-797
-768
-728
-688
-646
-597
-543
-488
-430
-367
-308
-251
-196
-138
-85
-31
24
73
121
164
205
247
283
318
350
379
404
430
452
472
484
492
505
506
510
507
503
498
486
477
458
437
417
392
367
340
311
285
254
223
192
162
135
105
73
45
16
-11
-36
-57
-76
-88
-99
-106
-113
-121
-123
-124
-124
-127
-128
-130
-132
-138
-142
-145
-154
-161
-170
-182
-193
-206
-216
-230
-244
-259
-277
-291
-309
-323
-334
-345
-349
-354
-355
-355
-351
-342
-332
-319
-305
-289
-264
-242
-213
-185
-157
-127
-94
-60
-23
18
59
100
145
188
227
264
297
329
354
379
403
426
451
475
504
531
561
583
605
624
636
640
636
623
605
579
551
523
490
460
429
395
364
324
269
210
142
60
-26
-114
-205
-303
-395
-486
-568
-642
-714
-780
-840
-891
-930
-967
-993
-1016
-1026
-1029
-1018
-998
-966
-918
-863
-796
-724
-645
-562
-473
-386
-296
-209
-125
-43
38
117
192
266
337
405
475
541
604
663
714
764
807
846
874
896
914
928
933
932
926
911
887
858
823
779
735
681
622
557
489
420
349
276
201
124
45
-29
-103
-178
-247
-315
-377
-435
-489
-536
-580
-614
-645
-667
-684
-699
-705
-705
-699
-688
-672
-654
-634
-608
-579
-548
-515
-482
-445
-411
-372
-333
-295
-255
-220
-181
-147
-113
-77
-45
-16
13
43
67
95
119
140
158
177
192
205
215
223
229
238
245
251
255
259
262
267
271
275
280
280
285
288
293
296
299
304
309
315
319
326
332
338
342
347
354
361
362
358
357
355
348
337
326
311
288
263
235
202
165
126
82
37
-9
-57
-108
-161
-217
-269
-323
-373
-423
-475
-524
-571
-608
-643
-675
-704
-727
-745
-755
-758
-757
-753
-738
-719
-692
-657
-617
-571
-522
-467
-406
-343
-283
-220
-155
-87
-23
44
110
171
232
290
345
395
443
490
533
573
605
634
661
682
699
708
719
726
725
722
715
704
690
674
653
630
604
578
543
506
468
427
384
338
291
241
188
137
80
21
-35
-95
-157
-220
-284
-347
-409
-470
-533
-587
-639
-689
-739
-780
-815
-845
-866
-883
-890
-892
-885
-870
-850
-825
-789
-745
-701
-650
-593
-534
-472
-405
-336
-267
-195
-121
-54
17
89
154
222
281
339
396
449
497
544
587
628
666
700
728
755
779
802
824
835
845
849
851
849
839
824
806
779
749
711
669
623
568
511
450
382
312
238
161
80
-1
-82
-165
-247
-329
-412
-492
-568
-639
-708
-774
-830
-884
-924
-962
-989
-1008
-1020
-1023
-1018
-1005
-987
-961
-927
-886
-836
-780
-723
-659
-594
-525
-452
-379
-301
-223
-142
-61
15
95
173
246
317
389
459
523
586
644
698
752
798
838
875
903
927
947
957
964
964
959
947
928
903
873
836
794
746
691
632
571
505
432
357
279
195
112
22
-64
-152
-235
-319
-404
-484
-563
-637
-707
-773
-828
-885
-932
-970
-1005
-1029
-1045
-1053
-1053
-1042
-1028
-1002
-969
-928
-880
-823
-761
-696
-622
-547
-467
-387
-302
-220
-131
-51
32
113
188
264
339
410
476
541
600
657
712
760
802
842
877
906
930
951
961
971
975
969
959
941
918
882
844
800
749
690
628
558
482
402
320
236
147
60
-27
-115
-200
-287
-368
-447
-523
-593
-663
-723
-777
-826
-872
-907
-935
-956
-971
-980
-976
-969
-949
-921
-890
-849
-807
-755
-701
-642
-581
-517
-451
-384
-317
-249
-178
-111
-41
29
92
154
217
279
336
391
445
493
540
585
632
671
708
739
766
789
805
816
826
825
816
805
792
770
743
711
676
635
590
541
489
434
378
322
260
195
130
63
-4
-71
-140
-208
-273
-339
-402
-461
-516
-569
-616
-659
-701
-733
-762
-785
-800
-809
-812
-806
-800
-784
-763
-738
-704
-668
-626
-580
-534
-482
-429
-374
-317
-262
-203
-143
-85
-27
30
85
140
192
246
295
346
394
441
486
526
564
597
630
660
686
709
725
739
749
756
753
748
737
717
696
666
635
593
550
500
444
386
325
263
200
134
64
-5
-77
-147
-216
-285
-349
-411
-471
-525
-579
-626
-667
-702
-732
-756
-774
-788
-795
-795
-786
-772
-753
-726
-693
-657
-614
-567
-517
-462
-405
-346
-287
-228
-169
-110
-54
-2
49
98
149
196
241
285
328
368
407
446
484
518
555
587
613
640
661
681
692
697
701
699
692
680
661
640
610
575
540
499
453
403
350
295
236
175
115
52
-13
-76
-141
-205
-262
-319
-376
-427
-476
-522
-563
-600
-629
-655
-675
-689
-696
-699
-696
-687
-673
-651
-630
-601
-569
-532
-492
-447
-402
-356
-310
-265
-216
-171
-122
-77
-32
11
54
98
136
176
212
246
284
315
343
372
399
426
450
476
498
517
533
547
558
572
576
579
578
572
562
546
525
500
473
438
397
355
311
266
221
174
125
74
22
-26
-74
-123
-172
-219
-263
-304
-345
-378
-413
-444
-470
-493
-513
-529
-541
-552
-554
-554
-552
-542
-530
-515
-496
-476
-453
-428
-401
-370
-341
-311
-275
-241
-205
-167
-131
-95
-57
-22
16
57
94
133
169
208
242
273
309
339
369
397
421
446
470
488
506
517
526
532
533
534
529
519
505
490
470
446
418
388
351
313
272
229
181
134
91
43
-7
-55
-104
-149
-195
-241
-282
-323
-359
-393
-425
-452
-476
-497
-514
-522
-531
-535
-536
-532
-522
-508
-490
-471
-442
-417
-384
-349
-314
-278
-240
-201
-160
-122
-84
-44
-8
32
68
102
135
166
197
225
254
279
302
324
343
358
371
382
392
399
403
408
411
408
407
401
394
385
371
357
343
322
300
277
249
222
189
154
121
85
45
9
-30
-66
-100
-135
-168
-200
-227
-255
-280
-301
-323
-341
-355
-365
-373
-379
-383
-383
-381
-374
-366
-354
-340
-327
-311
-289
-266
-243
-213
-187
-158
-126
-99
-72
-42
-15
14
41
62
87
110
131
151
166
184
193
204
214
218
226
230
237
238
241
244
245
244
244
244
243
237
234
232
225
219
210
197
184
172
158
146
129
111
95
73
54
29
4
-17
-36
-56
-75
-96
-116
-137
-155
-170
-187
-204
-218
-229
-238
-248
-259
-262
-263
-265
-261
-258
-253
-247
-238
-228
-218
-202
-186
-172
-158
-143
-126
-106
-86
-69
-49
-31
-13
8
26
48
66
89
107
123
139
155
172
188
202
213
223
231
237
243
246
247
249
246
246
242
233
227
219
209
196
184
166
153
134
112
91
69
49
27
3
-21
-43
-66
-88
-110
-128
-146
-164
-183
-197
-209
-217
-225
-235
-242
-243
-244
-244
-240
-237
-226
-217
-203
-188
-175
-161
-144
-125
-109
-93
-77
-60
-43
-26
-9
6
24
39
50
65
76
86
96
102
112
117
125
132
135
137
138
138
140
142
137
133
133
131
126
118
113
109
105
99
89
78
71
63
56
46
36
27
19
10
1
-8
-15
-22
-30
-37
-45
-52
-58
-65
-72
-79
-80
-86
-91
-91
-93
-94
-95
-93
-88
-85
-81
-76
-72
-68
-62
-56
-50
-40
-36
-31
-21
-13
-6
-1
5
10
10
15
16
19
26
27
31
34
36
39
41
40
41
42
42
43
42
40
41
40
40
37
35
37
36
37
34
30
29
26
21
17
14
11
9
7
8
5
-1
-2
-5
-7
-11
-12
-13
-18
-18
-21
-22
-22
-22
-23
-26
-24
-27
-27
-26
-25
-25
-22
-21
-23
-20
-18
-17
-14
-14
-15
-10
-10
-8
-5
-3
-4
1
0
2
5
6
6
6
8
10
10
12
13
9
10
8
11
12
11
12
14
13
11
14
13
13
16
13
12
13
12
11
9
10
6
5
4
1
1
1
1
-1
-2
-4
-6
-5
-7
-9
-9
-7
-9
-12
-11
-14
-15
-14
-12
-9
-12
-13
-7
-7
-5
-4
-2
-2
-4
-5
-3
-1
2
2
0
-5
-3
-3
2
6
7
5
2
4
5
9
6
5
5
1
3
5
7
8
5
2
3
3
9
10
9
9
5
4
4
6
9
6
3
-1
-5
-5
-3
-2
-3
-3
-6
-6
-6
-2
-4
-6
-7
-11
-14
-12
-7
-4
-5
-4
-7
-5
-3
-1
-1
-2
-2
-3
-3
-5
-3
-3
0
-3
-4
-2
-1
-1
3
4
2
3
5
10
10
6
8
6
7
8
7
10
7
6
6
7
5
4
4
3
2
2
2
2
0
1
0
-2
0
-2
-2
-2
-4
-4
-4
-5
-3
-5
-5
-4
-7
-8
-7
-6
-5
-5
-2
-2
-2
-1
-3
-1
-2
-3
-2
-2
-2
-2
-3
-2
2
1
1
1
2
1
3
4
3
4
2
1
4
5
4
4
4
6
5
2
3
3
3
2
4
3
2
2
3
0
-1
0
-2
0
-1
-4
-6
-2
-3
-2
0
-4
-3
-4
-5
-1
-2
-1
-2
-4
-2
0
-1
-1
-2
0
0
2
3
0
0
1
1
1
-1
0
0
2
2
0
1
1
-2
-2
-1
-1
0
2
2
2
1
-1
-1
-1
-3
-2
-3
-1
-3
0
1
-1
-1
-1
0
1
1
-1
2
4
5
5
6
4
2
3
2
0
-2
-2
0
-3
1
1
2
3
1
0
1
0
0
1
2
2
0
0
1
1
2
-2
-2
-1
-1
0
0
-1
0
-1
-1
-3
-2
-3
-3
-3
-5
-5
-2
1
3
3
1
0
-1
-1
-3
-3
-2
0
0
-1
0
-1
1
2
1
3
0
2
1
0
2
-1
2
3
0
-1
2
1
0
1
0
-1
0
-1
2
0
-2
0
-1
0
1
2
1
0
2
1
-1
-1
1
0
1
-1
3
2
1
0
-3
-5
-4
-1
-1
-1
-2
-2
-2
-1
-1
-1
-2
-3
-4
-1
-2
0
0
0
-3
-4
3
3
2
4
3
3
1
1
1
3
4
7
9
5
4
0
1
1
-1
1
0
1
