-1
-1
3
1
2
1
-1
2
0
2
0
2
0
-1
2
0
0
0
0
-1
1
1
1
0
-1
-1
1
-1
-1
0
-3
-2
0
-1
-2
1
-1
-1
1
0
1
2
-1
-1
0
-1
-1
0
2
4
1
4
3
-1
2
2
0
-1
-1
2
1
-1
2
0
2
1
0
-1
1
3
0
2
0
-1
0
1
-1
-1
0
-4
-2
-3
-1
-1
1
2
-3
-1
-2
0
-1
-2
-2
-3
-3
-2
-2
-1
1
2
1
3
2
-2
0
1
-2
0
2
-2
-3
2
-1
-4
-1
2
-3
0
1
-2
2
1
1
2
-1
-1
-1
2
0
-4
2
2
-1
4
1
0
-1
-2
2
1
2
0
4
3
2
4
2
-1
4
4
-2
2
2
-2
2
0
4
5
-3
3
4
-1
-2
-1
1
-3
-2
-2
-3
1
1
-3
0
-1
0
0
-4
-5
2
-1
-6
-2
-1
-2
-1
1
-3
-1
1
-3
-2
-3
0
-4
-2
-3
-4
-1
-1
4
0
0
3
1
0
-3
3
1
-1
4
1
-4
-2
3
-4
-4
3
0
-2
1
6
0
2
1
2
3
4
4
2
5
0
2
4
-1
3
3
-1
2
2
-4
4
-2
-7
2
7
0
3
4
3
0
-1
0
-2
0
-2
2
-3
-2
5
-1
-3
0
-1
-5
0
-2
-5
0
1
-4
0
-2
-2
0
3
0
-2
1
-4
-1
2
3
-7
-4
1
-3
-3
-4
0
-5
1
1
-6
3
1
-2
2
6
-1
-3
4
-1
-1
4
0
-2
3
-2
-2
5
1
-1
-1
4
2
-2
-3
1
-2
-1
1
3
2
1
1
-5
3
1
1
1
4
2
-3
5
1
-1
2
4
3
-4
4
1
-3
1
4
-4
-2
1
-5
3
-8
3
2
-4
3
4
-1
-2
1
-1
-1
-2
1
1
1
-7
-4
4
2
-3
-2
0
-2
0
-5
4
1
0
4
4
0
-2
4
-4
-1
3
0
-9
8
-6
-5
6
-7
-1
3
-6
1
1
-2
14
-7
-1
5
-8
-1
-1
1
2
2
0
2
0
2
0
1
2
1
1
-4
0
-1
6
1
-4
9
3
-5
6
1
-2
5
0
0
2
-6
4
0
-2
4
6
-1
-7
7
-5
-10
-3
0
-2
-6
5
-10
-5
-3
-5
-1
0
2
0
3
-7
-2
5
-3
1
-6
3
3
0
-5
4
4
-10
11
0
-5
1
3
-5
3
5
-3
6
0
8
-4
4
3
-13
20
14
-3
-1
6
8
-3
9
-8
19
23
3
-19
5
28
-14
-2
29
24
-6
-10
14
5
0
-2
21
-8
7
3
-36
8
28
-51
10
13
-48
28
-36
-20
6
-16
-18
-16
-35
14
-28
-82
60
-49
-64
-1
-17
-43
-48
6
-36
-29
-41
17
-22
-61
20
-2
-25
-8
-8
18
-5
-19
41
17
-25
61
-26
53
19
12
104
-12
7
45
131
-55
17
208
-34
70
49
44
93
51
70
74
109
106
-12
79
157
-14
91
180
31
3
203
20
-95
223
46
-55
109
43
-97
72
-68
-127
-41
-16
-140
-200
-111
-139
-265
-257
-148
-196
-391
-89
-268
-354
-233
-227
-252
-197
-238
-259
26
-329
-152
-13
-163
-24
-62
-54
59
-48
118
-13
31
283
-72
197
182
110
136
235
157
166
207
184
253
206
98
360
190
140
351
192
220
422
138
266
410
177
414
114
591
249
230
568
128
444
347
258
356
388
347
206
241
377
258
-102
499
68
20
186
13
-33
-64
-58
-186
-131
-281
-295
-165
-416
-458
-354
-457
-542
-443
-562
-699
-347
-552
-876
-497
-430
-835
-523
-674
-551
-421
-885
-381
-620
-546
-389
-803
-216
-459
-499
-377
-402
-218
-378
-365
-53
-270
-117
-56
-106
110
-57
199
95
242
228
430
174
498
587
241
696
542
631
528
812
561
626
915
599
667
755
869
564
741
679
714
670
581
627
622
499
622
337
493
584
148
527
114
342
214
-2
40
188
-86
-170
25
-273
-185
-298
-240
-473
-261
-369
-578
-263
-616
-464
-423
-501
-650
-450
-409
-719
-545
-397
-663
-622
-269
-780
-412
-457
-587
-285
-686
-283
-510
-358
-623
-107
-422
-543
131
-608
-112
-180
-219
-125
-48
-152
-31
152
-201
76
100
-89
298
82
93
303
91
400
-38
211
264
313
228
282
469
82
462
232
356
322
137
510
290
349
135
604
358
172
753
144
785
297
555
476
412
523
495
451
525
660
205
844
200
477
389
277
376
232
174
12
236
-137
-53
-269
-207
-468
-468
-586
-662
-800
-888
-802
-979
-975
-1099
-1049
-1070
-1058
-1356
-890
-1096
-1122
-985
-882
-768
-1029
-464
-765
-446
-409
-358
-182
-220
-87
48
142
95
437
388
351
614
565
723
505
942
914
583
976
1039
712
858
1052
848
910
880
904
854
642
895
860
522
695
600
452
550
352
416
320
435
77
231
96
5
-45
60
-2
-411
65
-126
-617
-156
-182
-496
-256
-489
-481
-282
-759
-499
-256
-799
-333
-574
-643
-381
-916
-568
-395
-980
-367
-563
-684
-377
-736
-337
-569
-530
-451
-424
-350
-331
-452
-237
-231
-443
-182
-140
-132
-44
-117
-18
47
-95
-54
104
102
209
85
109
311
77
417
153
15
772
32
269
577
120
447
323
437
255
383
569
201
354
652
217
271
840
41
682
270
430
487
202
610
161
456
432
253
248
261
293
129
278
228
23
125
207
124
-185
311
133
-315
1
298
-345
-49
-95
-137
-48
-174
-281
-109
-75
-442
-239
-222
-292
-355
-479
-292
-519
-251
-506
-460
-464
-299
-767
-321
-336
-695
-447
-470
-254
-611
-716
-76
-304
-711
-98
-33
-518
-362
208
-174
-101
-26
50
266
-135
269
470
84
156
423
564
126
372
707
103
614
337
439
595
143
658
392
547
195
430
621
83
422
494
-23
520
342
-7
236
220
284
26
109
150
-213
145
129
-375
57
-218
5
-309
-74
-287
-304
-291
-214
-307
-367
-325
-476
-154
-384
-75
-414
-180
-313
-138
-366
-141
-133
-359
-218
-123
-226
-214
33
-359
110
-144
159
-177
-135
326
-256
-93
126
96
-33
28
48
136
-119
144
-30
140
133
-244
570
-45
-178
318
201
73
371
161
273
48
217
300
86
84
281
151
-22
292
210
73
55
335
-62
344
-104
395
-106
8
401
-126
141
57
13
-7
262
47
46
-420
324
77
-331
27
-15
-82
-100
20
-362
210
-338
-220
147
-586
-3
28
-491
-57
-109
-361
-193
-30
-370
-272
-148
-257
-115
-252
-475
111
-170
-97
-33
-226
-217
79
-56
-212
65
-75
-86
-223
308
-93
-165
304
-62
84
204
-20
468
-95
342
246
406
178
171
568
55
262
333
419
-9
426
392
30
201
342
265
127
303
248
66
242
159
254
-36
339
-122
19
145
-163
-163
87
3
-302
-116
68
-458
-9
-395
-207
-49
-354
-174
-386
-163
-305
-524
-30
-337
-448
-142
-403
-83
-171
-414
-165
-198
-349
-71
-197
-105
-174
-26
-305
-81
65
-365
-104
104
-241
336
-63
235
34
-84
214
24
338
125
207
80
534
-122
169
425
21
463
373
271
114
533
-18
220
602
14
134
324
312
111
390
143
7
182
-7
331
-59
283
296
67
108
254
31
23
74
62
-57
217
-24
0
278
-219
-353
263
-35
-293
-99
78
-785
200
-501
-168
-66
-552
-5
-577
-211
-370
-630
-9
-407
-345
-186
-303
-496
-423
-340
-348
-217
-215
73
-413
37
-70
-462
59
91
-392
205
31
-235
329
12
-92
293
-77
164
34
225
118
129
350
197
-17
299
267
88
408
93
348
135
174
369
-111
621
-176
443
279
226
183
480
287
-43
552
-178
218
306
80
161
110
249
1
83
-8
4
356
-210
276
66
-337
10
-6
-118
37
7
-151
-100
-56
-240
0
-291
124
-211
-206
-296
-82
-124
-126
-315
49
-33
-606
-32
-296
-310
-46
-216
-64
-236
-184
103
-456
19
-126
-275
-448
74
-302
-249
151
-355
-54
1
-213
-21
-18
-359
354
-632
-152
508
-548
312
-160
351
53
-32
142
142
-83
406
-25
97
112
149
394
60
298
290
240
192
346
230
-7
452
-150
475
312
-163
411
50
33
222
463
-192
334
-172
150
112
-45
115
-24
53
257
-327
154
192
-312
123
108
1
-49
94
-304
-80
3
-419
226
-51
88
-72
-36
-200
-191
262
-295
339
-334
-16
73
-146
22
-387
298
-314
-44
-167
62
-21
-279
-84
-194
61
-341
-107
-64
-312
-246
323
-677
-176
158
-420
-122
116
-411
-26
93
-246
76
-465
287
-100
-507
636
-76
-564
742
-298
358
92
101
247
-326
944
-668
235
137
31
88
261
-338
485
44
-62
370
85
27
5
130
-27
14
19
15
54
89
212
-63
44
311
185
-134
324
-301
28
249
-184
479
-259
138
114
177
-275
197
547
-453
161
132
-30
107
19
388
-305
68
312
-237
375
-241
139
67
-290
104
64
-94
20
-11
-56
-427
56
-224
-311
-89
-64
-141
-124
-269
-312
119
-551
303
-42
-274
-84
-456
246
-604
14
-123
-673
220
-555
-142
-189
27
-72
-182
-118
116
-250
60
128
-326
397
-153
94
93
-271
236
239
-358
376
360
-36
255
91
239
188
161
393
74
13
162
148
-78
368
42
319
268
144
197
346
8
229
502
65
-102
74
51
153
-166
658
238
-153
605
-3
111
187
326
-14
558
503
-161
446
480
-48
134
364
102
-9
171
-179
28
-524
480
-375
-353
12
-779
-238
-380
-617
-552
-679
-834
-234
-920
-298
-822
-1140
-58
-1174
-632
-360
-910
-569
-263
-802
-362
70
-1121
41
-354
-163
-160
-36
-11
-250
447
240
65
477
224
581
232
287
698
87
952
129
809
726
311
526
877
288
854
937
477
617
721
186
438
421
267
-4
589
192
535
715
126
585
60
239
246
196
292
-248
329
-227
-22
453
112
15
39
377
-90
-26
136
111
142
-99
83
-102
-135
-210
-122
-805
-597
-204
-196
-240
-417
-439
-890
-558
-129
-1199
-768
-848
-1193
-984
-1324
-718
-1293
-1017
-1054
-852
-1219
-1171
-603
-871
-935
-514
-750
-697
-140
7
-52
-4
206
566
547
435
258
451
728
872
1339
611
977
1090
352
1256
1183
1185
807
559
1274
959
1236
1054
623
1040
1165
570
938
813
576
1040
374
286
1251
532
0
381
-224
-102
-40
-55
160
16
56
-310
-761
-378
-580
-1223
-774
-889
-954
-659
-921
-926
-1130
-1139
-942
-1026
-1035
-684
-746
-417
-492
-742
-646
-646
-582
-377
-505
-757
-437
-599
-42
-1055
-71
281
-332
-52
4
-468
386
-115
-10
449
73
474
339
583
488
358
1108
1054
256
680
831
830
1013
1074
772
1109
1227
843
476
339
1213
641
1119
1204
292
628
143
265
4
-205
43
-608
-348
-679
-812
-509
-903
-1592
-475
-843
-879
-652
-1114
-159
-1014
-514
-507
-1009
39
-376
-195
183
-437
246
568
405
283
385
973
410
577
930
650
745
780
670
945
1193
824
1091
978
406
808
374
531
-2
465
585
-320
-240
-409
-419
-954
-626
-1150
-1319
-1280
-1002
-1909
-2173
-1659
-1938
-2082
-2077
-2117
-2357
-2104
-1587
-1751
-1316
-1406
-937
-746
-805
-67
-46
515
679
649
823
417
1217
1712
1771
1326
1960
1890
2166
2297
2379
1575
1745
2604
2344
2025
1688
1832
1246
1731
918
806
1367
445
267
281
90
-152
-553
-362
-437
-743
-716
-1160
-1441
-1155
-1340
-956
-1406
-1603
-1241
-1587
-805
-1275
-1279
-1091
-531
-661
-1076
-251
-356
-947
-370
138
-160
350
-129
45
764
162
334
507
459
543
581
667
435
463
561
877
598
685
1030
839
-140
293
385
-120
294
476
-81
-26
115
-504
175
-38
-641
-54
-522
-563
-383
-304
-725
-448
-406
-920
44
-601
-1036
-113
-685
-841
-329
-108
-327
-287
-16
-731
-535
-340
-958
-472
291
-243
-513
-278
108
1
-295
-242
-8
-244
-616
284
407
-5
385
586
828
400
350
481
129
466
894
936
536
233
702
554
61
-2
334
489
749
557
835
786
1517
646
335
723
-67
1288
840
220
497
806
317
194
649
-364
-27
320
-518
-564
-460
-252
239
-429
-1002
-604
-763
-210
-554
-1162
70
-861
-582
-462
-333
-195
-760
140
-558
-255
28
-10
-262
-279
230
-200
-95
378
244
-501
-518
-691
-259
530
-977
-653
-407
-671
171
-115
-151
-166
-317
-253
-112
-479
-449
-403
-419
69
-50
-208
322
-72
356
417
39
148
31
312
681
59
-72
-251
67
-360
-276
446
-472
-203
7
-397
-533
-128
-301
-200
379
79
388
150
2
13
330
33
187
698
-61
452
-98
602
856
1109
865
-156
949
749
702
709
543
932
666
29
475
540
461
207
54
-547
-518
259
505
242
-654
391
-562
-406
300
409
207
-476
68
-623
-190
328
136
-223
-222
-770
-850
-744
-365
-441
-791
-360
-92
-882
204
-239
-1143
549
-235
-93
-569
-824
90
-427
-122
731
-141
235
502
-372
-60
311
382
180
-260
-146
-437
-902
-410
-788
71
-25
-308
-164
304
39
-249
236
133
716
578
0
-20
416
413
629
188
331
163
-81
37
-210
-301
-24
450
847
126
-47
-587
-332
729
74
410
-265
244
202
-86
113
-258
-346
-277
66
-18
-800
-896
-487
-721
-227
72
-264
217
338
225
196
-118
131
-36
846
1112
1343
1129
1181
348
-12
472
-528
561
768
491
238
-311
765
32
-364
573
410
-640
442
90
-259
923
797
816
265
-42
870
619
-199
595
323
-198
-1216
-240
1029
741
1160
1149
1750
2320
1195
952
861
1122
73
-318
-478
-1844
-1605
-1491
-1939
-2763
-2574
-3144
-4158
-3916
-4472
-4055
-3164
-3238
-3641
-3507
-3354
-3369
-3752
-3058
-2806
-2640
-1850
-1204
118
545
689
757
983
2150
2305
2721
2781
1976
2543
3217
2672
3253
3564
3424
3337
3557
3357
2860
4071
4289
4101
4052
3833
3567
3571
3211
3031
3472
3168
2754
2410
1399
370
562
178
-680
-791
-677
-599
-963
-826
-1285
-1525
-1960
-1942
-2610
-3331
-3671
-3706
-3766
-4205
-4779
-4624
-4375
-4171
-3726
-3568
-3467
-2409
-2191
-1211
-238
-699
-255
-63
252
772
1255
1314
2117
1888
2427
3092
1951
1922
2110
1454
735
617
320
-676
-1761
-2189
-3008
-3721
-3905
-4190
-4303
-4226
-3955
-3867
-3597
-2926
-2097
-1630
-436
516
1225
2009
2918
2811
3261
3655
3393
3423
3233
2830
2421
2436
2214
2272
2192
2557
2470
1987
2705
2573
2482
3076
3445
3810
4075
4049
4116
3642
3241
2550
2409
3010
2793
2054
1632
1383
271
-608
-1134
-1959
-3297
-4262
-4820
-5622
-5670
-5747
-5602
-5160
-5231
-5170
-4803
-4233
-4415
-3731
-3326
-3051
-2388
-1380
-357
730
2639
3731
4992
5949
6317
6059
5863
5372
3938
3337
1711
411
-382
-1636
-2381
-2753
-3858
-5754
-7156
-6844
-5850
-6054
-6098
-6176
-6511
-6061
-5713
-5606
-4852
-3906
-2818
-1646
-1000
-867
-736
-175
601
1434
2980
3903
4393
5254
6004
6107
6465
7196
7624
8097
8492
8655
8081
8058
8303
8077
8541
8903
8226
7799
7461
6592
6416
5823
5452
4806
4716
3265
-2464
-8884
-10883
-9375
-8121
-7931
-10008
-13168
-15561
-16601
-16641
-16116
-14282
-12631
-10312
-7855
-8210
-9826
-8891
-4948
-773
2745
4132
3756
3446
4397
5399
6307
6768
6414
7311
8162
6129
2882
1412
1267
2230
3763
3084
329
-1003
-822
-1030
-243
1514
2261
3382
4956
4602
3373
4786
7103
9352
12074
13563
13454
9954
4068
-591
-500
1934
1972
174
-2553
-6955
-11247
-12583
-12592
-11918
-10409
-9239
-8537
-9201
-10746
-11701
-9177
-4218
-195
2420
3454
2780
2414
4342
6547
8255
9816
10489
9192
6386
3433
1858
1847
1874
858
-1089
-3441
-5854
-7176
-7285
-6822
-5109
-3040
-2235
-2470
-2162
-741
1536
4484
7004
8912
10475
13112
12234
5757
-527
-1369
1935
3701
2494
-1860
-7522
-11523
-12437
-12091
-11636
-11303
-11712
-10630
-9868
-11396
-13243
-11119
-5505
-395
2799
3235
2242
2615
5817
9402
11726
12015
11720
12461
12645
10114
7591
7234
7294
6942
5907
2534
-1825
-2789
-1831
-2185
-2030
-1220
-1077
-565
1235
1417
1619
4517
7562
9293
11989
12999
6046
-2215
-3866
-356
2226
1819
-2198
-8244
-12179
-13914
-14885
-14356
-12634
-12866
-12691
-11354
-13158
-16044
-14355
-8053
-2545
1052
1570
-109
80
3908
8027
10030
10724
11832
13117
12859
10622
8169
7411
7864
7776
5537
1257
-2133
-3001
-3178
-3440
-3546
-3606
-2798
-1068
-320
-445
730
3211
5817
8322
10646
12240
8637
669
-4733
-2298
2400
2674
-1016
-6097
-11438
-14734
-14597
-13398
-12067
-11919
-12180
-11675
-11872
-13491
-13477
-8089
-1393
2444
3103
2206
1036
3617
9335
12966
12076
10955
12220
12852
11753
9784
8521
7513
7786
6741
2369
-2153
-3029
-2066
-2210
-2338
-3214
-3399
-1286
1497
1828
2300
4489
7069
9594
13648
14244
5946
-3381
-4463
1930
5594
3042
-3694
-9726
-13019
-13710
-13443
-12738
-12297
-13385
-12976
-12126
-13651
-15860
-12692
-4976
526
1428
-159
-1161
331
6102
10402
10390
10358
12094
12023
10263
9515
8651
7769
8219
7429
2239
-2341
-3110
-3048
-3045
-3043
-3914
-4732
-2606
111
464
1236
3745
5757
7857
11446
14856
10450
148
-5368
-505
6037
5271
-980
-7433
-11885
-13906
-12651
-11382
-11165
-12859
-13994
-13006
-12747
-14415
-13794
-7179
-448
1392
-226
-1279
-165
4698
11396
13545
9967
8509
11674
12952
11599
10860
9869
8352
7744
5225
-658
-3066
-518
-7
-2205
-4125
-5698
-4709
646
4106
3148
2940
4538
6292
10238
16066
12103
-237
-6310
-122
6762
5543
-1225
-8526
-12004
-12067
-11034
-11377
-12041
-13937
-14749
-12692
-12085
-14829
-14678
-7511
-819
362
-1956
-3096
-1772
3257
10011
13440
11530
8360
8581
10615
11328
10755
10016
8508
5858
2724
-341
-2215
-1696
-647
-1850
-4906
-6185
-4289
-416
2451
3919
3800
3603
5651
10818
14780
7998
-4130
-6721
2941
9149
4514
-4420
-10573
-12525
-10773
-7812
-8043
-10949
-14130
-13557
-10785
-10418
-12738
-10798
-3263
1402
55
-2565
-2602
372
7191
13768
13591
8293
6525
9588
12316
12880
11837
9363
6745
4525
1621
-1115
-1182
5
-751
-3674
-6587
-6582
-2392
2548
3776
3017
1815
2722
6509
13351
14449
3273
-8275
-5734
5241
7677
474
-7899
-12210
-13033
-10581
-8982
-10449
-13420
-15003
-12738
-10722
-12403
-14178
-9056
-1153
1072
-1956
-3752
-1474
4127
10833
12829
8471
5511
8801
12454
12238
11034
9577
7540
6582
5381
1356
-973
1059
1753
-1251
-4092
-4682
-2171
3079
5951
4202
2496
4225
7928
13975
12957
-467
-10579
-2312
9787
7816
-2642
-10751
-13975
-11832
-6456
-5873
-10275
-14785
-15570
-12113
-8844
-10566
-12179
-6322
136
-412
-4042
-3808
-161
5297
10473
11175
7201
4461
7259
11516
12387
10208
7655
5420
3667
2507
923
-393
-407
-942
-3806
-6185
-4865
-849
3122
4351
2909
1340
3076
7758
14608
15580
3196
-9905
-5643
8317
10506
944
-8169
-12617
-12994
-8903
-6058
-8271
-12922
-15454
-13365
-10142
-10845
-12633
-7529
-128
260
-3965
-4670
-1836
3498
11294
14102
8188
3108
6690
12209
14189
12934
9382
5394
5109
5036
704
-1325
1174
978
-3367
-6011
-6430
-3634
3274
6601
2911
-527
1627
5978
13346
16541
4501
-10601
-7150
7798
11327
2652
-7498
-13333
-12881
-7048
-4436
-7790
-12575
-15249
-13210
-9131
-9694
-12746
-8560
-1126
-360
-3990
-5213
-3437
2232
10630
12783
6446
1829
5372
11540
14567
12888
7479
3640
4501
6193
4426
1852
625
-499
-2356
-3998
-4269
-1048
3618
4611
2477
728
1834
6238
14536
14619
-816
-13866
-5877
9414
10432
-215
-10389
-15121
-12979
-5679
-2665
-6928
-13587
-16374
-12271
-6776
-7569
-10331
-6080
-645
-1622
-4312
-3742
-1295
4682
12275
11360
2926
365
6754
12949
14944
11678
4560
817
3979
6832
4587
1300
-748
-2505
-3344
-3276
-2704
322
4136
4131
1640
611
2722
7554
15226
16373
2175
-13495
-9094
8331
13763
3095
-9981
-16363
-15137
-7661
-1899
-4320
-12547
-18174
-15441
-8733
-6919
-8725
-6257
-2126
-2878
-5368
-4462
-1410
4877
12549
11759
2536
-891
6164
13885
16532
13275
5312
695
4369
6846
3775
2012
1264
-2334
-4408
-3638
-3125
221
5666
4542
-683
-881
2992
7619
15193
16445
1324
-14297
-9193
8091
13935
4318
-9456
-17128
-15264
-6873
-1230
-3399
-11349
-17997
-16007
-8612
-5988
-7528
-5402
-2490
-3898
-5723
-4012
-807
4878
11443
10176
2004
-709
5986
13534
15870
11761
3663
-253
3981
8897
7471
2757
-1403
-3848
-3302
-1309
-203
1280
3069
2315
909
1076
3221
7431
14405
15288
1161
-14288
-10112
7675
14433
4087
-10490
-18244
-16536
-6904
884
-1760
-12533
-20555
-17255
-7507
-3036
-5214
-5918
-4783
-5439
-5015
-1438
1646
4939
9581
8561
1496
-301
7088
14211
15046
9885
2073
-634
4545
9433
7561
2136
-2668
-4543
-2572
57
598
1296
2281
1189
772
2591
4941
7586
12791
14790
4018
-11088
-10548
5657
14573
5947
-8942
-17835
-17594
-8497
771
-419
-11489
-21451
-20014
-9518
-2118
-3347
-6474
-7184
-7206
-5207
-310
2889
4084
7110
7748
2898
1069
7258
13593
14202
10444
3693
-456
3896
10471
9099
2208
-2792
-4506
-2524
1403
2465
438
-199
408
1226
3323
5688
6828
10138
13694
5824
-9206
-10932
3900
13319
6307
-7493
-16971
-17795
-9136
717
382
-10524
-21702
-21396
-10057
-944
-2106
-6851
-9114
-8986
-5157
1704
5172
4595
4553
3313
1121
4142
10792
13133
11210
7646
2855
2122
8264
11478
6143
353
-1847
-2613
-277
3180
1455
-1587
-222
1229
1278
4220
6319
5204
7222
12678
9111
-3789
-9746
-672
9936
8031
-4073
-14517
-16718
-11334
-2800
-16
-7874
-19618
-22156
-12960
-3197
-1967
-6485
-10238
-10258
-5814
901
4682
4005
3014
3240
2691
3979
9108
12727
11019
7587
4718
3295
6378
11125
9478
2511
-1783
-2022
-184
2846
3124
-334
-2119
-118
1831
3903
5781
5325
4695
8902
11748
3597
-7564
-6043
5408
9455
1370
-9518
-15207
-14102
-6660
-270
-3478
-14610
-21893
-17315
-6777
-1495
-4354
-9487
-11654
-8867
-1692
4191
4059
1557
1647
2856
3547
6685
10870
11259
8683
6415
4854
5723
9733
10530
4832
-218
-359
790
2084
2880
229
-2844
-1274
2134
2651
3360
4099
3635
4635
9067
11130
4091
-6275
-6626
3694
8892
2014
-8074
-13508
-13852
-7726
-997
-3213
-13029
-19678
-17124
-8710
-2275
-3601
-9105
-11689
-9151
-3223
2566
3637
867
191
2380
3824
5766
9373
10484
8267
6550
5911
5986
8623
10909
7828
2710
953
1439
2603
4225
3032
-605
-1176
1570
2987
3770
4654
3685
3404
8068
9121
-506
-9022
-3964
5389
5630
-1962
-10365
-15149
-12310
-4000
-238
-5634
-15209
-19746
-13963
-3833
-557
-5118
-10203
-11415
-7267
646
4915
2017
-1139
-355
1968
5146
8603
9079
7254
6615
6242
5962
8034
10062
8014
4531
2960
2239
2374
3861
3394
290
-964
455
2006
2930
3541
2728
2034
3389
6933
8871
3015
-6680
-7029
2160
5985
450
-6660
-12209
-13832
-7544
-536
-2739
-11193
-16928
-15468
-7812
-1365
-2894
-8486
-10946
-8957
-3164
2651
2609
-957
-1349
647
2400
5776
8690
8015
6522
6352
5890
6726
9398
10006
7568
4956
3017
2552
4254
5179
3131
799
7
720
2661
3959
3123
1655
1607
3330
6520
5409
-2243
-7332
-3063
2233
1639
-2564
-8402
-12995
-10286
-3244
-1421
-6030
-12025
-14727
-10808
-3554
-1411
-4960
-8509
-9416
-6445
-395
2462
44
-1994
-1295
271
3294
6563
6992
5959
5827
5509
5774
7911
9511
8704
6593
4209
3039
4156
5479
4805
2617
300
-216
2008
3849
2831
1145
637
832
2400
5159
4424
-1661
-6500
-4394
430
1529
-1519
-6310
-10230
-9602
-4716
-1442
-3202
-8068
-11813
-10664
-5299
-1633
-2799
-6235
-8647
-7735
-3164
664
220
-1816
-2287
-1141
1637
4863
5840
5181
5233
5735
6468
8034
8908
8271
7197
5654
4063
4335
5153
4178
2591
1353
13
122
1760
1772
213
-552
-558
-77
1174
1592
1313
596
-2077
-4479
-2306
938
246
-2088
-3905
-5873
-5208
-1834
-1130
-3553
-5657
-7024
-6787
-4022
-2635
-4665
-6492
-6763
-6268
-3929
-1557
-1881
-2522
-1733
-871
777
3595
5008
4816
5072
5448
5753
7224
8570
7703
5790
4480
3746
3799
4279
3371
1353
101
-537
-855
-256
107
-602
-1254
-1429
-1377
-772
-93
-15
-156
309
651
-352
-1427
-323
1324
1073
58
-828
-2195
-2504
-1324
-1155
-2078
-2997
-4610
-5760
-4702
-3493
-3526
-3518
-3950
-5072
-4287
-1769
-291
181
401
-104
278
2579
4473
4842
4595
3635
2789
3579
4641
4301
3332
2113
547
-97
406
627
443
73
-878
-1795
-2241
-2632
-1916
-7
807
148
-302
-297
113
1159
1842
1588
1283
1394
1614
1643
1127
254
-92
8
-57
-357
-995
-1719
-1531
-807
-853
-1299
-1382
-1359
-1239
-740
-338
-206
-126
-133
-98
108
194
324
504
176
-216
22
241
-12
-411
-1006
-1485
-1212
-877
-1145
-1519
-1770
-1910
-1367
-597
-623
-984
-764
-223
427
1056
967
435
699
1504
1824
1766
1449
718
336
698
942
719
346
-62
-64
513
827
610
616
950
1258
1554
1676
1508
1549
1945
2104
1779
1312
1095
1130
1023
590
174
-94
-467
-980
-1489
-1888
-2022
-1975
-2124
-2474
-2804
-2962
-2717
-2122
-1864
-2151
-2246
-1723
-966
-403
-298
-623
-735
-162
561
760
397
-223
-618
-410
89
200
-215
-719
-799
-255
485
756
641
727
1113
1551
1947
2153
2175
2349
2653
2634
2306
2128
2215
2236
1947
1444
1013
738
502
178
-290
-804
-1099
-1093
-1045
-1287
-1705
-1830
-1553
-1307
-1311
-1360
-1246
-891
-392
-141
-316
-506
-306
106
296
-1
-662
-1145
-1052
-681
-601
-997
-1560
-1819
-1542
-985
-591
-548
-608
-412
83
595
940
1138
1274
1423
1567
1624
1630
1671
1695
1586
1296
984
803
726
564
159
-392
-731
-678
-495
-542
-841
-1091
-1024
-753
-512
-383
-296
-105
214
422
401
377
557
857
1053
862
222
-446
-611
-312
-87
-373
-1002
-1446
-1383
-999
-656
-550
-583
-542
-323
10
377
694
898
949
903
899
1066
1293
1331
1089
714
409
282
274
213
-80
-619
-1152
-1279
-1024
-867
-1013
-1140
-1086
-1024
-969
-729
-352
-3
313
507
452
401
656
1020
1152
998
594
128
-72
3
58
-136
-569
-937
-960
-796
-704
-629
-489
-370
-261
-74
234
642
982
1054
854
671
831
1311
1598
1336
755
305
209
392
503
238
-352
-917
-1135
-1014
-954
-1129
-1201
-1017
-932
-1018
-946
-636
-264
80
330
413
476
761
1150
1247
947
560
331
250
238
146
-143
-565
-864
-861
-724
-753
-874
-845
-709
-582
-364
-59
259
581
799
737
544
583
960
1325
1304
952
577
357
373
543
467
-63
-656
-834
-675
-623
-904
-1242
-1255
-1018
-832
-731
-622
-502
-316
-19
260
446
670
963
1120
1024
824
688
657
675
580
219
-239
-423
-313
-249
-459
-792
-903
-698
-468
-419
-383
-211
65
350
451
277
134
367
798
1028
892
487
117
117
432
560
177
-428
-719
-593
-450
-622
-961
-1099
-1016
-891
-744
-593
-544
-495
-273
14
219
435
751
963
896
710
669
773
866
876
677
233
-88
13
204
73
-252
-464
-432
-235
-158
-321
-402
-146
229
392
262
34
9
237
496
580
401
9
-201
42
278
-2
-503
-669
-514
-374
-488
-838
-1121
-1067
-762
-491
-425
-529
-561
-356
-78
89
290
640
892
847
657
558
622
786
893
729
305
-1
100
357
265
-210
-581
-425
78
358
104
-378
-504
-68
525
705
426
89
-10
194
554
671
321
-118
-225
-88
-29
-168
-397
-583
-698
-769
-750
-720
-845
-1027
-987
-731
-491
-336
-252
-243
-197
21
366
675
775
669
594
675
777
771
653
443
265
308
447
369
6
-372
-414
-85
236
189
-156
-406
-296
40
282
293
180
79
78
218
406
435
239
17
-66
-128
-229
-212
-147
-344
-719
-875
-760
-644
-655
-750
-811
-730
-524
-263
-77
-78
-70
206
551
662
644
655
674
743
809
687
440
309
374
526
518
159
-327
-478
-212
138
227
-25
-367
-455
-216
100
223
137
11
-28
28
154
259
226
86
-78
-228
-289
-167
-14
-139
-548
-855
-791
-554
-478
-602
-739
-742
-564
-280
-83
-90
-95
104
393
523
497
540
702
820
798
663
448
253
260
490
641
422
-57
-358
-201
174
300
61
-226
-255
-61
135
188
98
-32
-62
22
116
153
118
44
-45
-199
-372
-328
-95
-72
-418
-795
-831
-586
-379
-448
-711
-860
-692
-325
-66
-81
-227
-160
213
544
555
432
436
551
680
763
672
384
162
247
477
482
141
-235
-235
73
243
99
-151
-256
-120
134
259
150
-22
-57
71
214
223
125
62
55
-14
-155
-228
-160
-76
-166
-450
-707
-694
-455
-300
-433
-677
-716
-487
-182
-27
-92
-178
-38
274
484
493
465
526
592
560
480
417
339
286
342
359
89
-294
-348
-39
188
56
-241
-390
-302
-69
149
214
83
-101
-105
97
288
311
210
71
-51
-85
-18
67
74
-56
-303
-518
-541
-358
-174
-230
-537
-783
-659
-254
40
6
-195
-257
-60
222
382
414
421
434
446
460
435
358
322
388
417
226
-94
-216
1
240
149
-183
-405
-347
-111
89
100
-80
-259
-217
20
205
174
30
-55
-52
-31
-25
-9
18
8
-87
-258
-392
-366
-214
-103
-167
-365
-501
-404
-141
15
-37
-113
-27
130
198
221
297
375
385
364
353
313
286
366
457
341
51
-96
33
215
201
21
-169
-238
-151
26
134
43
-140
-214
-106
63
138
66
-93
-198
-192
-108
-35
-43
-159
-320
-398
-324
-185
-156
-275
-415
-434
-323
-176
-105
-126
-156
-94
62
205
246
210
203
290
434
527
450
244
139
267
455
411
137
-74
-31
117
143
19
-114
-152
-108
-42
-1
-1
-32
-47
-26
14
43
68
89
60
-23
-85
-58
13
11
-142
-369
-472
-337
-121
-90
-321
-589
-629
-419
-148
-16
-69
-173
-163
-2
179
257
244
241
314
445
518
423
258
249
400
444
256
68
80
182
151
-13
-149
-160
-79
-26
-86
-205
-222
-81
46
29
-72
-116
-55
52
95
1
-143
-134
52
141
-69
-383
-460
-253
-13
36
-115
-323
-408
-312
-148
-50
-14
0
-20
-73
-76
24
153
237
263
232
146
123
284
504
508
239
-7
60
346
483
280
-63
-198
-22
208
194
-57
-267
-225
-33
66
-25
-193
-244
-149
-57
-122
-281
-319
-148
33
-28
-286
-449
-332
-79
34
-60
-202
-223
-118
-10
21
16
49
107
124
80
22
33
147
276
284
114
-50
6
257
421
304
27
-118
16
268
360
200
-29
-87
39
162
124
-6
-53
10
59
4
-95
-115
-56
-31
-116
-251
-289
-170
-17
-41
-268
-479
-443
-201
-9
-45
-216
-300
-194
2
113
120
121
181
217
174
113
135
242
341
327
152
-54
-71
155
367
300
3
-229
-191
33
194
133
-70
-191
-118
28
83
28
-41
-57
-9
55
80
60
31
11
-50
-145
-150
-21
92
2
-259
-451
-398
-171
-3
-65
-291
-443
-342
-79
108
114
42
29
96
203
287
311
302
322
340
254
96
24
117
244
228
46
-173
-253
-139
20
9
-198
-366
-317
-143
-26
-32
-105
-184
-181
-38
163
255
192
78
-5
-34
18
179
326
274
39
-194
-246
-109
80
136
-34
-291
-393
-245
-27
77
54
-14
-50
-12
121
269
326
277
204
160
157
204
283
311
214
45
-77
-83
-12
32
-46
-239
-423
-459
-341
-202
-156
-222
-350
-452
-418
-200
70
164
18
-186
-232
-53
239
434
375
122
-78
-33
178
317
270
85
-108
-187
-102
58
140
79
-53
-154
-144
10
222
336
256
70
-28
67
270
412
391
227
45
-20
55
160
169
50
-122
-262
-312
-284
-233
-220
-268
-356
-449
-488
-399
-205
-49
-68
-227
-327
-216
53
274
277
92
-63
-2
226
390
340
156
14
16
104
175
177
135
88
41
-14
-34
38
179
276
219
53
-49
22
216
354
308
112
-57
-46
91
178
100
-74
-200
-209
-152
-132
-190
-271
-314
-318
-323
-335
-304
-242
-204
-244
-320
-308
-151
50
128
27
-115
-108
90
301
343
201
37
1
102
230
270
199
84
15
23
100
192
242
215
135
74
90
170
254
270
194
81
15
44
116
125
35
-101
-190
-184
-139
-121
-168
-251
-316
-335
-300
-232
-176
-173
-226
-286
-285
-192
-54
41
27
-84
-166
-110
84
252
253
99
-50
-51
78
213
253
186
69
-20
-16
99
252
316
229
72
16
131
306
375
270
98
20
75
183
224
148
2
-115
-142
-99
-51
-55
-124
-227
-321
-364
-325
-228
-150
-165
-269
-369
-358
-218
-46
35
-7
-110
-165
-94
64
185
176
62
-49
-51
35
117
123
67
10
-4
27
89
160
200
200
162
129
155
239
316
304
212
118
98
151
212
204
101
-30
-94
-72
-48
-76
-134
-178
-216
-265
-313
-316
-251
-170
-152
-243
-346
-319
-146
24
49
-56
-143
-113
8
123
147
81
-2
-34
-16
14
37
56
52
10
-38
-18
86
216
271
222
148
155
268
395
416
301
156
117
185
247
210
86
-38
-92
-82
-69
-94
-150
-198
-225
-261
-310
-336
-298
-223
-176
-208
-293
-317
-222
-43
82
61
-51
-112
-37
109
195
144
22
-57
-31
47
75
21
-64
-105
-69
15
83
95
56
36
70
167
256
296
281
234
192
186
218
258
254
169
43
-44
-53
-28
-36
-109
-210
-274
-277
-251
-247
-272
-282
-256
-216
-190
-182
-163
-111
-35
23
37
30
38
85
141
169
148
97
45
27
50
89
86
3
-102
-119
-12
124
159
71
-19
14
168
311
331
241
154
157
232
285
252
153
62
20
2
-25
-72
-121
-170
-230
-288
-321
-322
-303
-284
-286
-313
-323
-283
-198
-118
-73
-50
-35
-9
26
79
136
160
143
104
78
76
83
85
72
30
-27
-51
-14
51
74
41
0
11
84
173
218
197
142
121
172
249
276
230
156
100
75
57
51
42
2
-87
-194
-262
-274
-243
-210
-228
-292
-340
-319
-238
-161
-120
-99
-73
-32
8
36
53
81
128
146
105
58
56
88
102
83
41
-1
-2
57
108
83
17
7
67
120
133
127
111
88
92
131
156
141
118
116
93
23
-12
33
67
10
-108
-182
-189
-172
-143
-140
-205
-292
-290
-206
-144
-159
-178
-151
-114
-81
-41
-2
6
2
18
54
69
75
88
93
59
23
24
60
99
102
69
15
-1
44
107
128
99
71
75
95
110
110
101
114
134
117
46
-13
15
99
127
41
-102
-183
-131
-3
49
-59
-232
-298
-191
-34
4
-98
-211
-197
-65
56
60
-33
-101
-63
48
121
109
35
-23
-24
18
54
81
97
81
23
-31
-16
49
110
123
81
17
-8
23
67
63
15
-16
10
41
9
-64
-104
-66
3
25
-28
-114
-150
-97
-13
-5
-88
-172
-154
-54
22
3
-86
-143
-93
43
147
122
3
-84
-54
60
150
153
65
-31
-58
-2
87
138
121
54
-7
-2
67
140
147
82
6
-10
40
102
99
10
-83
-82
3
59
19
-73
-120
-81
-11
9
-50
-129
-137
-63
1
-33
-137
-192
-129
-10
49
0
-88
-114
-41
78
133
93
23
-2
34
84
100
81
44
18
4
1
22
60
80
54
11
2
48
110
130
84
9
-31
5
72
76
-10
-108
-121
-56
-2
-21
-83
-114
-85
-25
1
-46
-116
-119
-50
-6
-52
-139
-161
-98
-21
2
-41
-88
-63
44
132
121
40
-5
38
112
146
101
16
-35
-24
26
67
69
41
10
-1
22
73
116
121
80
13
-30
0
73
110
49
-69
-136
-93
7
68
29
-70
-135
-102
-4
56
22
-67
-117
-93
-42
-28
-54
-82
-69
-36
-22
-26
-16
43
107
115
73
35
48
104
143
118
42
-23
-34
4
37
31
-7
-39
-42
-31
-12
12
31
25
-13
-55
-71
-40
12
25
-23
-101
-139
-102
-18
33
4
-70
-114
-82
-8
39
8
-61
-101
-81
-38
-17
-33
-48
-43
-25
-16
-4
33
90
120
97
52
50
108
179
187
115
28
3
62
136
146
75
-9
-37
4
65
87
51
-8
-41
-34
-12
6
8
-4
-24
-51
-73
-67
-32
1
0
-43
-93
-102
-56
0
11
-44
-120
-143
-99
-38
-22
-68
-121
-133
-95
-38
-3
-1
-9
-2
17
34
55
86
117
118
87
45
39
76
116
110
59
7
-7
23
57
59
25
-16
-28
-14
5
6
-12
-37
-52
-55
-45
-30
-18
-16
-23
-28
-24
0
26
37
16
-22
-48
-40
-11
8
-12
-52
-80
-82
-42
3
22
-8
-44
-39
6
67
89
80
44
22
47
79
94
90
77
58
41
20
22
18
13
1
-6
-20
-17
1
41
25
-25
-67
-72
-52
-18
-21
-48
-53
-70
-14
24
32
-3
-47
-54
-55
-77
-74
-83
-103
-55
-46
-75
-76
-71
15
43
24
6
-8
50
63
82
77
88
48
81
139
131
106
75
56
45
51
77
55
4
45
8
23
8
-56
-66
-117
-60
-50
-72
-88
-39
-95
-41
-80
5
-36
45
-126
82
-191
51
-1008
-1771
-826
-499
1222
1826
2288
2183
553
-188
-2019
-3295
-2498
-2601
-343
745
2454
3211
3251
2958
1736
753
-765
-1545
-2196
-1932
-1543
-696
132
703
1303
1241
1226
696
114
-358
-1183
-1422
-3184
-3093
-3029
-2283
-110
713
2845
3102
3489
2700
1611
678
-619
-956
-1514
-1108
-842
268
310
767
587
-33
-128
-866
-625
-857
-487
-420
-225
-12
35
190
293
226
182
-15
124
162
119
69
15
-95
-52
152
64
349
245
445
363
298
286
-123
111
-504
-1040
-1066
-1063
-169
297
465
-154
-604
-1218
-1374
-642
-4
1158
1324
1460
1026
430
189
-358
-53
-212
386
544
765
1023
732
794
159
-75
-354
-978
-880
-1001
-705
-275
-9
503
465
615
353
-29
-91
-378
-217
-330
-89
47
-60
247
116
42
38
-255
-706
-298
-690
-426
-147
89
404
589
758
347
427
82
44
-53
-357
-124
-202
-256
-216
-87
-156
-127
-58
-203
53
-622
-473
-864
-663
-112
-182
733
574
1024
399
796
544
178
418
-54
153
-122
66
-1157
-1489
-2114
-2346
-1671
-1071
414
1495
1854
2501
1991
1230
634
-201
-277
-163
74
825
1178
1354
1000
378
217
-591
-485
-1067
-407
-452
-83
60
-394
428
-402
-548
-164
-898
-315
-382
-412
-80
-223
31
-20
227
-231
-126
21
454
449
-32
193
82
130
114
-663
-76
-357
-211
-33
-997
-1440
-1655
-1906
-1728
-1113
-347
1005
1384
1890
1591
1644
984
-316
894
-461
434
557
494
1667
286
955
239
207
-526
-360
-604
-131
-255
-248
499
-1160
557
-438
-707
873
-545
1168
-188
-141
51
-100
959
67
368
-362
-249
690
-449
356
-794
-650
-188
-267
9
-161
-352
-466
-489
-695
661
-1040
229
-277
-308
215
674
-241
99
-101
-349
269
-275
-312
-27
-17
-612
662
249
567
-176
171
-53
-391
-458
263
-479
252
645
162
370
33
-687
107
279
136
-387
191
492
29
34
-153
-639
747
-762
222
422
-527
1193
-440
486
-737
-184
342
-124
836
-364
815
463
113
510
-1002
789
-1191
776
-101
313
-63
276
507
-1299
1466
-1535
-267
-31
49
403
-677
60
-717
585
319
293
245
611
909
-417
991
641
-1608
1011
178
186
487
78
-471
487
-510
-634
29
-338
1187
-984
-389
-819
102
-546
-137
482
-1051
-103
23
-1282
-377
-91
-754
-691
-270
281
-486
-491
419
314
-1238
513
-41
-145
68
-780
377
-82
602
-429
223
642
-584
1025
1059
-297
399
391
1069
-399
114
-99
-296
1086
692
254
644
154
-855
1318
-493
30
343
-109
661
-87
917
-144
187
-21
-52
-510
-214
378
-372
1170
-260
-279
303
-479
287
-771
245
55
-345
1527
-961
1252
-615
587
386
-1382
1177
-728
599
-642
135
26
218
-126
-648
673
-1342
189
-311
-958
226
-350
-421
341
-397
-112
-480
-498
-1076
-516
480
-786
175
258
-1298
129
-317
-813
466
-263
-456
755
-748
266
815
-101
286
-10
-871
770
328
-626
782
983
-397
-252
641
-640
543
402
-215
565
48
495
789
-486
933
284
-244
243
-114
119
682
-574
426
-892
-320
29
-1079
263
-385
293
412
-1093
1035
-614
-206
912
-573
347
-277
-277
1208
414
-1365
684
369
-57
773
618
399
185
960
1117
-357
1212
285
-449
1540
-227
357
720
-130
326
-439
-36
-608
-964
1
-995
-1473
-672
-1275
-1068
-1672
-1220
-400
-1087
-981
-493
-312
-813
57
-474
-484
425
-1172
521
150
-245
847
-134
943
22
212
384
-86
585
-108
821
1612
-165
1174
2316
772
1955
2312
1137
2544
2435
1856
2791
2688
2903
2927
1393
2764
1635
1493
1406
817
1748
37
1328
182
-424
-30
-886
-317
-1173
-1790
-2624
-2994
-3526
-4306
-5183
-5950
-5917
-6985
-6684
-6525
-7079
-6922
-6894
-5216
-5223
-4311
-3219
-3560
-1854
-742
-431
169
444
1722
1586
2272
3811
3650
4453
4544
5679
5526
5322
7097
6800
7030
6379
7300
6428
6542
6059
4220
4383
2404
1684
1015
-370
-1306
-2232
-2021
-2899
-2980
-2566
-3897
-2749
-1672
-1567
-1261
-776
125
-16
396
792
261
553
-437
-555
-1192
-1238
-1428
-2133
-1268
-1628
-1809
-388
-1433
-601
-362
-1203
297
938
366
149
1434
242
213
741
12
-682
106
149
-1638
-570
-1307
-1257
-1209
-1624
-1396
-2549
-1136
-1268
-2087
-572
-2015
-245
-700
-600
547
-437
576
485
412
855
190
944
617
239
836
356
-12
428
214
-315
-46
-295
-113
362
298
-12
-567
-179
-505
-376
5
-406
-290
-168
-808
-8
-630
-657
-1042
-192
-401
-653
30
-832
300
625
96
1055
1113
445
1840
1340
1388
1883
868
2230
1719
970
1360
1001
562
861
1603
1044
804
1346
401
604
458
771
770
634
570
187
571
-423
295
656
-295
-445
-123
23
-561
73
-5
-44
629
-124
-77
187
-643
-68
789
36
970
488
548
289
92
444
369
-352
490
404
-680
-128
-886
-1144
-1388
-2337
-2256
-2484
-3037
-3406
-3120
-3253
-3716
-3712
-3342
-3644
-3494
-3109
-3720
-2324
-2754
-2515
-1887
-1075
-1205
-860
-962
-778
-212
-705
-472
-479
-206
-708
-209
-17
-78
126
1194
1173
1637
3454
3452
4810
5676
6447
6518
8079
8188
7858
8481
7772
7358
6207
6338
5104
4127
4340
4420
4156
4300
4537
3462
4325
3088
2779
1653
501
-909
-2537
-3652
-5609
-7462
-8113
-9688
-11823
-11739
-13930
-13677
-14080
-13342
-12715
-12376
-11354
-10321
-8170
-6904
-5365
-3820
-2899
-1117
494
1025
2254
2878
3095
2707
3560
2857
3502
3646
3618
4035
4317
4653
4018
5168
5137
5202
6378
5301
5749
5421
4822
5787
5712
5004
5431
5150
4993
5259
5912
4449
4544
4248
3280
4020
3240
3295
2979
1442
809
618
-226
-439
-522
-1520
-1897
-1933
-2943
-3155
-3205
-3349
-3999
-4554
-4628
-5229
-5002
-5535
-4615
-5807
-4777
-5193
-5318
-4460
-4660
-4041
-4526
-3114
-3128
-1866
-1967
-799
-531
351
606
1121
1804
1311
2290
1400
1565
1580
-15
751
182
-435
-278
-708
-1174
-738
-1351
-463
-794
-645
447
33
268
94
217
-236
237
-781
305
436
827
861
1994
3645
4086
6073
6518
8139
7534
7241
6650
4348
2909
-647
-2330
-4945
-7573
-8612
-9322
-8606
-8196
-6666
-4942
-3753
-1461
-928
514
1661
2050
1803
3307
2340
2589
3720
3734
4618
4635
5566
5707
6283
6287
5345
5089
4483
2622
2039
1336
-305
-981
-993
-1152
-1387
-1135
-577
-588
369
505
-57
404
21
-71
890
573
-491
-3
-1580
-2131
-1859
-3267
-3555
-4083
-5138
-6025
-5140
-5957
-6235
-6050
-5558
-5423
-4862
-4690
-4209
-3340
-3313
-1947
-2087
-1533
-1189
-268
331
531
1402
1243
2207
2447
2618
2946
2856
3116
2574
2335
3575
2578
2545
2923
2211
2620
2089
2076
2135
2359
2653
1987
1378
1213
1252
2073
2236
1676
2442
2502
1795
1609
925
1501
859
741
720
263
28
-493
-555
-1127
-1263
-1369
-1021
-1186
-815
-997
-1224
-170
-580
65
386
55
-65
886
280
122
-102
13
-75
-958
-230
-1536
-2346
-3152
-4420
-5342
-6083
-5800
-5877
-5878
-5682
-3918
-4161
-3747
-974
-832
440
1826
1773
2446
3277
3191
3341
3213
3254
3954
4259
4528
5456
5770
5890
6877
7036
6515
6165
4897
3948
1616
419
-1154
-2139
-3551
-4126
-3823
-4186
-3202
-3749
-3417
-1952
-1639
-1076
-1161
-646
-436
-929
-626
-1824
-1813
-2327
-2892
-3395
-2940
-3586
-2800
-2087
-877
222
105
1761
2153
3022
3226
2931
2762
2647
513
-519
-3012
-4695
-6043
-5974
-6066
-6013
-4642
-3659
-2308
-976
634
516
1254
3114
3129
3819
4833
5586
5502
5041
5802
4945
5000
4967
3702
3573
2627
1549
882
431
252
-881
-952
-2232
-1811
-2713
-2838
-2489
-2813
-1770
-957
35
2106
4048
6574
9361
10152
8643
6040
2138
-1581
-4712
-7550
-8088
-9131
-8307
-7489
-6763
-5731
-4364
-3072
-2634
-2194
-673
-1420
-818
-697
-1627
-541
-1351
-831
-1589
-1944
-2186
-2408
-2793
-2903
-2381
-2092
-1186
-997
-625
353
707
1748
2178
2809
3578
4304
4226
3867
4090
3850
4137
5050
4930
4579
4986
4594
4622
3823
3350
3833
2952
3115
2214
1906
1158
-211
24
-695
-594
-1033
-1230
-1450
-1260
-2100
-1887
-2232
-1800
-2466
-2726
-2307
-3162
-2795
-2819
-2569
-2909
-2679
-2448
-2528
-2872
-2555
-2583
-1802
-867
-1272
-987
-1489
-1158
-843
-1179
-491
-724
-685
-62
-706
402
623
-655
169
233
641
521
415
1046
479
509
862
1225
1115
1246
749
1410
1678
1548
2081
1663
1850
2462
3013
3338
3392
3230
2135
2330
1986
1943
2019
1125
1409
1643
903
262
807
249
-930
-724
-1135
-2459
-3172
-3821
-4781
-5078
-5856
-5864
-5643
-5838
-5125
-4853
-4905
-4660
-2939
-2943
-2371
-1280
-444
-8
1022
1933
1531
2570
3635
4511
4327
4510
4353
4507
4135
3310
2939
2801
2419
1236
1013
131
306
461
404
153
640
631
-627
133
573
93
1477
1384
857
1264
1921
1421
1174
1729
1415
1248
2080
811
965
588
733
182
-14
341
1015
-65
-759
-106
-1799
-2194
-1961
-1889
-1873
-2131
-2629
-2345
-2471
-1918
-2593
-2254
-2190
-1596
-2068
-2476
-2518
-1978
-2354
-2323
-859
-1195
-1262
254
-407
-1111
557
-67
-679
212
473
321
637
505
870
-72
56
864
-598
174
354
-98
-662
-753
155
-117
-3
-68
-126
-465
465
-309
-89
-136
582
100
832
1210
981
1151
1180
1429
691
1260
416
982
680
417
1607
-495
724
737
101
1106
395
1101
409
686
152
722
531
1055
762
969
1773
1068
1051
1929
1553
1949
2070
1516
1971
1907
1690
1812
951
717
512
-128
-77
-622
-806
270
-486
607
696
177
1197
889
871
1088
1605
491
933
205
-488
-1482
-1974
-2053
-3704
-3734
-3387
-4277
-5130
-4665
-4979
-4405
-4676
-4111
-3411
-3294
-2327
-2315
-1861
-1952
-1776
-804
-657
576
-221
194
528
519
1167
840
983
1610
1256
890
1769
692
1618
1836
1946
2574
2689
1437
2420
1930
1872
2486
1806
2900
2208
2044
2571
1608
2083
1491
1841
1930
1615
1510
1656
1699
1455
1422
1142
1206
870
155
-331
-388
-696
-1224
-1156
-1910
-2383
-2152
-3208
-2985
-2339
-2823
-2490
-2696
-3686
-2737
-2780
-3241
-2736
-2618
-2216
-2026
-1741
-1344
-1338
-521
-1058
-591
-417
-677
-47
-624
-286
53
384
807
936
601
1098
738
1059
1504
1204
2261
1294
1727
1751
1857
1542
1825
1844
1916
1910
1912
1901
1964
2301
1810
2204
1414
1595
2231
1291
1654
1511
1166
448
244
51
-22
108
91
-953
-1198
-899
-876
-761
-1031
-657
-583
-979
-381
-254
-180
79
-429
678
-175
-53
821
1140
1080
1443
1528
1527
1224
1339
824
1068
779
398
-54
-8
-1062
-1503
-1342
-2082
-2393
-3096
-3259
-3920
-3929
-4523
-4622
-4063
-4708
-3766
-3148
-3130
-2977
-2075
-1376
-1422
-1613
-964
-838
-512
704
-66
543
-54
-153
800
261
650
495
428
792
773
537
656
1480
1409
1234
1592
2163
1597
1883
1958
1473
822
1190
997
1718
1319
1496
1987
1777
1962
1269
1598
1413
1307
1893
1567
1267
1606
1603
1239
1846
1384
1395
1476
1380
1250
441
1125
1013
1369
615
865
563
369
615
293
284
1065
168
900
31
-827
496
-1044
-284
-442
-1219
-704
-1382
-1681
-785
-2011
-1537
-1764
-1819
-1289
-2412
-1266
-1808
-2189
-1980
-2096
-2079
-1766
-2474
-2089
-1549
-2065
-2020
-2216
-1744
-1934
-1839
-1662
-1210
-1249
-1179
-782
-1178
-1177
-722
-816
-349
-387
-161
958
247
365
717
434
1032
1030
1974
1651
1958
1866
1816
2236
1837
2589
2356
2414
2475
2410
2540
1627
2121
1850
688
1474
1120
176
555
702
488
357
-253
324
-171
-251
-312
-1058
-747
-1342
-1156
-683
-855
-1339
-804
-1120
-847
-273
-612
-538
-700
-379
-456
-864
-260
164
64
-264
78
-566
-438
-257
16
-710
592
752
282
234
-183
25
-627
622
398
294
1243
920
459
1102
585
396
666
664
469
-185
-451
-1385
-1304
-1515
-1928
-2178
-2181
-1655
-2234
-1267
-1137
-740
129
102
99
1376
1409
1129
1553
1869
2125
2160
3092
3406
4144
4719
4629
4237
4266
4016
3259
3137
2137
1429
405
-1095
-2249
-3186
-4959
-5668
-6149
-7022
-6761
-7348
-7087
-6576
-6256
-5016
-4172
-3094
-2567
-1801
-452
701
1211
2053
2840
2477
2644
2955
2766
2016
1392
995
521
353
-136
-136
-491
-944
-68
-228
157
501
847
971
1372
1756
1736
1783
1510
2642
2213
1826
2301
1572
2452
2276
1379
2518
1213
1380
1880
1099
925
1662
569
1092
1047
793
501
138
372
-182
343
-179
-586
-735
-709
-654
-1120
-1028
-1381
-1419
-1214
-2255
-1223
-1265
-2029
-1066
-1512
-1420
-826
-1538
-633
-916
-938
-318
-828
-759
-590
-932
-556
-697
-675
-636
-1110
-717
-1283
-1124
-1205
-1575
-311
-1084
-871
-154
-1378
-116
-262
-632
-235
-158
708
130
437
676
-84
978
1153
803
1380
1235
1384
1532
1197
1343
501
1328
1026
497
1082
668
-217
316
433
209
366
249
205
-432
-261
-335
-378
566
405
139
843
92
504
-117
351
665
73
395
647
523
775
406
519
705
622
834
562
456
-16
290
743
-73
-57
-362
-232
-359
88
-851
-392
-408
-589
-687
-1189
-635
-1300
-545
-581
-422
-54
-881
-301
-216
-526
-451
-424
-628
-1111
-355
-539
-698
-505
-602
-206
-589
-1047
-235
-537
-206
-298
-621
193
-222
-840
138
-9
-76
-121
-134
50
128
103
-237
-207
-167
579
553
595
370
235
624
463
956
325
297
985
919
846
776
1061
524
961
1022
331
353
462
215
-62
-59
-1
540
365
314
299
482
-156
365
362
194
1014
-225
140
-3
342
-394
-163
-438
-308
-722
-1145
-814
-803
-449
-697
-499
-644
-643
-471
-826
-415
-493
-753
-636
-821
-218
-176
306
266
136
270
145
-13
-52
-49
-357
-384
-256
-161
-975
91
109
-691
311
341
-104
208
-89
663
-329
-51
892
469
732
898
893
1114
1322
836
1632
1123
1299
1447
653
1009
1041
926
788
841
804
-202
180
7
-347
47
-321
-442
-50
-878
-414
-1018
-867
-648
-1562
-1401
-1556
-1401
-1607
-1152
-1355
-925
-1601
-1503
-1231
-1231
-490
-898
-1247
-1052
-1018
-1597
-407
-920
-209
-119
-545
29
-297
105
412
323
-292
653
568
167
462
847
220
571
1285
850
1179
663
846
454
802
756
508
918
346
605
836
459
872
1352
937
1496
1491
1531
1423
1255
1520
1419
1160
1401
1311
964
1056
1046
422
640
677
404
386
136
-26
25
-236
-713
-167
-742
-842
-651
-1097
-1293
-1392
-1038
-1400
-1221
-1790
-1235
-1922
-1898
-1427
-2080
-1616
-1679
-1461
-1185
-1677
-966
-1566
-761
-602
-371
-653
-762
-222
-650
-438
-680
-165
-127
-370
212
81
-216
-65
48
35
154
0
121
-52
-49
138
-2
498
308
769
303
357
884
1064
1077
1110
1090
231
1364
786
726
1663
1561
1343
1335
1185
1018
1170
1189
1176
920
778
669
432
453
700
632
283
233
230
-182
-125
420
420
731
558
-171
495
-62
-225
182
-447
-317
-522
-455
-831
-925
-1162
-845
-637
-811
-827
-1154
-967
-940
-1099
-1066
-850
-529
-153
-466
341
-251
308
711
-275
502
626
1172
753
657
657
729
527
751
304
53
418
-292
-350
-584
-1865
-1277
-1990
-2981
-1911
-2661
-2634
-2041
-2172
-2389
-2537
-1399
-1670
-1973
-1179
-1098
-1232
-495
-24
-23
311
976
335
831
1412
1281
2540
2237
2049
2779
2597
2692
3021
2316
2765
2182
1727
1740
1053
809
522
171
-133
-136
-123
-839
-897
-1114
-344
-766
-824
-153
-352
-595
134
-179
-455
28
172
244
362
397
445
366
869
1101
1149
1336
1047
844
538
869
723
607
957
530
641
206
570
969
479
445
621
22
699
586
37
485
-313
-79
-423
-654
-743
-1174
-1478
-1125
-1870
-2118
-2276
-2318
-1925
-2120
-2511
-1876
-2124
-2442
-1859
-2575
-1766
-1027
-315
-612
-746
-291
14
-280
-560
-462
-1016
-138
-410
-829
-609
-502
-1082
-375
39
-643
-121
-307
-256
-249
396
-189
613
303
638
655
52
946
753
953
1037
1572
1046
1908
1312
1882
2323
1657
2227
1985
1297
1932
2092
1845
2117
1865
1646
2032
1985
1768
1913
1939
1778
1235
1203
1431
634
1178
1483
-87
939
308
-532
29
-529
-1109
-689
-1258
-1602
-1563
-2027
-1896
-1917
-1791
-1715
-2257
-1658
-2288
-1873
-2388
-2234
-1732
-2082
-1683
-1875
-1609
-1445
-1047
-1057
-740
-283
-626
-200
-18
-494
343
-144
20
511
325
540
392
180
159
323
378
134
-29
323
465
-36
-97
-26
-89
339
455
58
669
37
358
916
398
304
771
892
391
883
911
676
723
554
916
734
365
-3
140
61
-18
359
-180
-192
80
-217
32
167
-278
-288
-330
-362
-601
-362
-223
-768
-191
-167
320
188
-387
120
199
90
452
70
85
5
-347
56
126
278
340
102
160
-192
-172
210
-99
25
-126
83
-167
-322
-457
-21
-517
-134
-307
-585
-71
269
157
-178
338
-314
108
486
136
-152
737
423
-106
853
-232
449
451
122
522
145
146
466
399
278
445
-142
283
15
-222
238
-157
311
344
-281
328
-320
-143
252
-172
-295
-218
-426
-338
-220
-476
10
-147
-656
-12
-574
-674
-633
-741
-217
-798
-338
459
-963
-456
-524
-42
31
-282
-143
-235
-443
-668
-166
-663
-540
-152
-402
-168
-822
-404
-600
-746
-384
-37
323
13
189
776
1063
673
961
714
1032
822
1052
753
1332
993
1116
1492
1000
1124
1155
1170
695
484
520
208
100
-15
-330
-699
-942
-1343
-1459
-1205
-1716
-1835
-1522
-1869
-1351
-1418
-1536
-971
-546
-1417
-651
-495
-987
-54
-185
352
204
295
673
650
646
668
1050
1500
1397
1206
1524
1378
1576
2119
1892
1731
1551
1274
1177
1175
1599
899
481
682
295
554
317
208
-155
-669
-117
-579
-1041
-688
-789
-1198
-1217
-1829
-1451
-1352
-1209
-724
-1069
-1048
-994
-808
-878
-606
-75
-790
-370
-577
-772
-842
-787
-842
-1036
-162
-548
-278
-33
-645
-507
-240
244
39
-290
106
-22
229
502
319
402
544
1027
984
792
645
859
447
621
1345
922
897
1127
976
1089
1095
1173
763
760
960
557
478
120
-96
144
-286
-346
-482
-710
-667
-1049
-790
-799
-519
-725
-567
-435
-538
-93
-733
-315
-515
-27
116
149
-43
98
324
-19
79
271
-19
-333
218
64
-305
139
-214
-360
-287
-354
317
-201
-145
334
-95
323
396
237
346
-52
228
656
219
196
519
786
1001
430
552
474
768
348
265
598
-24
-412
-221
-372
-323
-472
-345
208
-345
-159
-420
-530
-315
-877
-170
-839
-746
-91
-613
-129
-403
-421
-935
-387
-577
-797
-815
-497
-233
-584
-533
-259
-314
-490
-421
-53
-145
-70
-39
-173
216
88
491
118
299
830
410
924
487
750
461
773
931
173
785
756
1097
903
960
1006
809
871
799
1015
584
195
175
469
-29
-94
-221
-843
-279
-206
-576
-408
-184
-443
-559
96
-115
-632
183
-339
-60
238
345
837
511
544
733
935
604
1084
1252
1310
1255
886
895
366
319
-95
-684
-902
-1922
-1948
-1767
-2524
-2310
-2650
-2467
-2840
-2950
-2419
-2591
-2580
-2441
-2653
-2274
-2348
-2270
-1761
-2026
-1254
-1139
-484
-55
-59
917
1183
1680
2508
2701
2615
3258
2813
2943
3475
2913
2858
2635
2391
1618
1471
1317
814
955
468
417
407
280
198
534
653
944
1090
1217
1102
1008
1431
917
1335
1032
547
762
333
228
279
-294
-114
-399
-776
-146
-687
-930
-768
-1366
-1160
-1157
-1147
-1266
-1362
-1330
-1309
-1377
-1496
-1346
-1226
-840
-1214
-1135
-1035
-1552
-1086
-1062
-1151
-889
-1054
-1064
-744
-1060
-1220
-854
-1192
-748
-498
-348
-447
-106
-382
-177
368
53
314
-85
438
133
505
484
152
150
-39
381
-228
111
129
126
334
244
241
471
955
703
907
1435
1321
962
1388
1248
1510
1368
1862
1639
1831
2010
1460
1949
1477
1464
1254
1341
1386
1064
799
330
842
37
-90
281
-21
-400
247
-148
-747
-985
-907
-1196
-1418
-1185
-1409
-1365
-1661
-1193
-1713
-1350
-1999
-1969
-1772
-2047
-1901
-1906
-1637
-1680
-1785
-1010
-673
-878
-481
-425
-546
48
74
-231
3
174
368
412
433
1041
817
474
1325
894
871
937
1025
1015
1021
1035
1082
1006
1185
1193
723
1279
668
753
961
899
710
270
569
219
506
486
287
317
156
62
54
-236
305
226
-156
-85
18
-99
-249
83
-355
-257
86
85
-109
-179
24
-519
-277
-737
-305
-610
-765
-709
-1284
-759
-1214
-1054
-976
-977
-935
-1080
-1388
-1255
-1436
-1559
-1090
-657
-945
-983
-890
-747
-895
-583
-532
-547
-30
188
-36
-96
206
117
389
1044
646
868
649
739
642
731
1010
345
1127
951
897
1052
964
1252
1031
1120
1169
1001
1092
850
919
661
1096
1091
748
1186
1318
1184
1439
1242
1099
1323
1253
1014
1119
538
562
795
277
349
645
439
318
191
-193
-314
-410
-694
-656
-587
-1090
-1289
-1197
-1606
-1951
-1423
-1679
-1750
-1945
-1486
-1146
-1449
-1428
-1184
-1415
-1118
-978
-1043
-1082
-930
-933
-1631
-1185
-1931
-2061
-1696
-2180
-1667
-1825
-1805
-1443
-1501
-1431
-908
-1130
-749
-539
-432
-256
-242
166
451
549
516
1066
931
1398
1152
1782
1820
1993
2528
2223
2544
2872
2569
2693
3062
2374
2170
2631
2102
2204
2611
2445
2905
2556
2920
3075
2883
3125
2843
2506
2340
1567
1297
682
135
-685
-1215
-1492
-2142
-2543
-2996
-3708
-3780
-3687
-3682
-3254
-3775
-3391
-3258
-3041
-2657
-2660
-2164
-2068
-1716
-1547
-1605
-1033
-880
-725
-348
-191
-47
-206
131
361
91
160
505
333
304
437
389
322
137
567
667
648
573
263
562
551
656
765
716
967
766
989
641
746
581
659
604
253
711
622
235
371
49
422
432
299
551
164
-56
242
-340
-179
-93
-300
169
-271
-165
-299
-85
265
28
25
146
-118
2
361
-191
-124
84
-254
-13
400
-175
30
209
14
487
736
1563
1248
1679
2219
2268
3010
3074
3561
3662
3434
3697
3235
2729
3002
2669
2078
1971
1020
458
4
-1039
-1626
-2842
-4073
-4628
-5932
-6488
-6569
-7016
-6742
-6442
-6272
-5839
-6002
-5804
-4820
-5044
-4559
-4011
-3990
-3651
-3216
-2847
-2374
-2380
-1577
-1096
-1001
-300
323
971
1678
2545
3288
3654
4142
4884
5183
5634
5933
5496
5669
5425
5363
5064
4965
5096
4915
5058
4374
4212
3857
3565
3222
2975
3138
2489
2162
1906
1888
1212
1307
1456
295
365
121
-299
-810
-1022
-1165
-1462
-1575
-2214
-2081
-2478
-2640
-2728
-2598
-2757
-2797
-3111
-3249
-3282
-3235
-2945
-3426
-2815
-3275
-3161
-2884
-2984
-3114
-2545
-2633
-2466
-2306
-2207
-1953
-2028
-1895
-1387
-1490
-1154
-618
-761
-261
-81
67
330
84
549
735
395
1120
832
828
1302
1157
1319
1431
1375
1664
1538
1354
1928
1618
1609
1744
1491
1625
1319
1380
1410
1253
1162
896
1163
846
615
814
554
273
-86
119
137
25
24
-243
-103
274
-24
76
566
197
449
715
360
470
608
635
641
571
156
279
274
205
-120
35
140
-465
-411
-178
-563
-367
294
-420
-141
-203
-157
-56
-521
42
-437
-456
-233
-513
-533
-542
-432
-492
-312
-377
-495
-582
-280
-531
-557
-321
-300
-371
-147
-272
-519
-168
84
-403
-36
26
-74
80
-130
-88
-76
-92
83
-268
-292
-223
-404
-356
-608
-275
-540
-706
-574
-811
-766
-642
-777
-891
-782
-636
-930
-755
-315
-423
-143
19
89
102
-257
34
259
-84
431
427
86
487
175
376
603
559
604
650
607
747
561
585
828
844
815
867
559
660
892
830
909
672
835
733
629
339
619
675
382
410
923
698
804
1296
1300
1219
1410
1582
1084
1151
963
836
589
731
389
42
64
-18
-460
-786
-789
-908
-726
-646
-569
-353
-482
-299
-333
-164
4
-353
-105
-222
-244
-289
-204
-287
-636
-831
-1423
-1389
-1852
-2324
-2635
-2882
-3195
-3518
-3700
-3897
-4036
-3810
-3938
-3812
-3364
-3319
-2994
-2705
-2388
-1744
-1097
-1302
-474
78
112
552
997
1718
1872
2181
2458
2826
3019
2811
3358
3356
3446
3692
3590
3759
3629
3604
3217
3036
3184
2955
2754
2645
2619
2405
2052
2151
1920
1702
1465
1512
1091
1001
870
1037
870
671
573
196
285
93
-180
-256
-149
-643
-665
-658
-1151
-1161
-982
-1280
-1419
-1341
-1550
-1573
-1806
-1773
-1805
-1960
-1885
-1742
-2125
-1909
-1929
-2160
-1948
-2117
-1733
-1813
-1828
-1528
-1832
-1740
-1535
-1661
-1488
-1531
-1042
-1612
-1471
-1572
-1122
-1187
-1102
-602
-981
-533
-545
-337
-523
-58
-166
-166
515
109
580
634
620
801
741
811
636
626
934
918
893
1178
1102
1446
1406
1342
1808
1524
1449
1884
1543
1649
1455
1433
1338
1428
1565
957
1555
1322
958
1097
1120
945
832
827
860
643
331
669
433
361
423
137
19
92
7
-274
-230
-153
-378
-301
-225
-220
-338
-576
-251
-347
-436
-384
-244
-389
-509
-378
-535
-417
-507
-422
-485
-429
-516
-444
-559
-318
-233
-479
-338
-301
-350
-352
-406
-291
-372
-182
-311
-593
-198
-899
-769
-605
-807
-827
-1173
-1098
-1457
-1341
-1319
-1298
-1424
-1416
-1508
-1828
-1483
-1828
-1580
-1355
-1507
-1352
-1270
-885
-1015
-421
-258
-131
318
631
882
1212
1498
1451
1752
2087
2018
2242
2564
2112
2556
2568
2313
2536
2588
2271
2015
1870
1552
1607
1406
1304
1289
870
821
693
667
454
194
369
-276
104
-159
-667
-655
-427
-828
-835
-742
-1103
-678
-1416
-908
-1015
-1207
-932
-868
-687
-600
-676
-754
-391
-600
-599
-429
-438
-335
-345
-455
-142
-390
-283
-513
-299
-382
-688
-512
-752
-785
-806
-808
-916
-828
-807
-829
-962
-873
-831
-1003
-826
-778
-1006
-737
-939
-880
-437
-404
-375
-93
65
-139
106
440
175
419
666
724
881
1331
955
1012
1412
1278
1431
1750
1185
1358
1498
1246
1314
1428
1461
1249
1392
1138
1147
1236
1162
1073
818
780
821
686
508
434
484
258
181
460
83
-32
193
-346
-157
-211
-476
-390
-276
-545
-792
-660
-701
-778
-961
-730
-817
-1245
-924
-1052
-1107
-1291
-1521
-1246
-1351
-1305
-1043
-834
-713
-542
-344
-311
0
45
70
469
402
516
737
747
706
777
839
751
689
742
635
536
386
207
-37
-77
-94
-214
-405
-521
-821
-1004
-806
-994
-883
-1065
-933
-950
-851
-609
-753
-479
-553
-625
-564
-449
-441
-444
-481
-659
-806
-1243
-1105
-1122
-1261
-1342
-1336
-1218
-1129
-832
-290
73
421
1040
1340
1758
2077
2438
2712
2871
2884
2839
2834
2946
2790
2502
2410
2028
2034
1654
1679
1451
1094
874
816
667
305
556
393
211
431
100
-28
-34
-183
-240
-417
-466
-452
-303
-722
-792
-901
-1049
-1081
-1001
-1084
-1216
-1248
-1300
-1539
-1633
-1505
-1580
-1595
-1709
-1854
-1642
-1679
-1573
-1356
-1696
-1520
-1465
-1497
-1117
-1259
-1169
-1015
-739
-579
-593
-438
-408
-204
-151
164
341
458
659
731
1043
733
940
1203
1303
1306
1483
1546
1470
1724
1448
1420
1807
1727
1668
1733
1568
1083
1170
999
718
537
67
-257
-375
-754
-1020
-1053
-1332
-1477
-1717
-1890
-1758
-1826
-1820
-1562
-1429
-1441
-1204
-952
-1005
-773
-328
-20
38
423
582
710
818
1060
1045
1194
1262
1507
1446
1415
1643
1343
1346
1385
1246
1241
1333
961
854
941
698
483
496
380
316
267
149
-12
-102
-114
-182
-300
-398
-301
-399
-549
-414
-508
-609
-557
-543
-768
-825
-680
-825
-899
-683
-709
-822
-802
-707
-782
-827
-592
-592
-724
-525
-611
-474
-369
-575
-465
-369
-302
-313
-394
-311
-104
-268
-139
-77
-41
-82
-68
87
79
91
454
201
249
400
273
240
180
367
168
495
681
337
323
333
433
415
581
569
356
401
498
314
194
373
210
103
200
123
32
-12
16
-101
130
181
-143
97
-26
15
-78
24
1
-44
167
-115
262
99
-121
113
-86
-159
8
-84
-318
51
-183
-383
-251
-238
-324
-294
-511
-529
-263
-449
-357
-264
-185
-260
-136
-191
-55
-167
-65
83
97
-68
-1
81
209
2
-8
185
169
185
183
397
207
292
460
286
432
530
378
496
499
464
381
593
492
452
402
477
413
330
267
243
315
70
67
149
-108
-20
-22
-205
-214
-310
-267
-203
-156
-384
-367
-383
-499
-488
-273
-510
-478
-551
-541
-497
-772
-645
-712
-638
-508
-516
-634
-525
-593
-565
-593
-571
-443
-412
-201
-216
-351
-212
-178
-140
-84
54
99
106
210
102
190
119
160
260
260
225
211
346
411
330
380
533
483
448
419
396
388
445
470
357
265
459
392
274
327
382
366
279
393
239
243
290
270
218
148
244
277
92
305
204
45
163
95
-33
50
80
27
-25
-73
93
-3
5
22
65
-11
-59
-80
-84
-53
-77
-198
-116
-6
-208
-217
63
-53
-158
96
-2
-157
-157
-39
-233
-316
-215
-227
-203
-132
-197
-227
-413
-414
-313
-451
-440
-335
-257
-353
-292
-320
-324
-304
-397
-386
-378
-390
-177
-325
-171
-318
-238
-220
-279
-174
-69
20
33
-22
-43
-67
-57
95
28
199
265
134
245
136
110
133
99
177
75
165
138
116
113
39
100
140
140
285
206
210
234
95
76
192
76
313
238
261
288
147
250
248
192
248
269
198
334
271
232
286
178
235
315
226
244
244
288
276
79
213
305
126
317
317
117
136
230
210
115
100
172
152
122
58
1
33
65
-34
-85
-49
-53
-177
-177
-102
-329
-377
-189
-195
-474
-323
-301
-488
-463
-394
-455
-574
-521
-506
-428
-346
-519
-404
-419
-411
-387
-553
-385
-276
-325
-336
-244
-386
-307
-152
-305
-216
-142
-234
-81
-93
-128
-101
-64
18
96
21
107
180
139
150
231
252
244
182
319
285
212
367
373
339
345
316
324
417
374
437
595
421
394
343
350
562
430
550
353
230
333
329
309
280
278
119
97
122
130
96
96
132
83
243
312
334
321
342
485
427
453
477
357
302
362
265
67
109
-7
-177
-189
-351
-591
-603
-677
-803
-761
-950
-1106
-1060
-1199
-1223
-1120
-1175
-1122
-1039
-1112
-1050
-909
-948
-711
-655
-608
-351
-399
-256
-183
-127
63
94
193
363
350
409
498
549
640
729
733
791
799
851
893
854
830
748
794
791
793
738
620
545
525
446
467
384
306
244
190
127
131
22
-35
34
-15
-138
-107
-122
-242
-237
-188
-312
-281
-167
-247
-212
-211
-301
-313
-234
-224
-233
-254
-295
-289
-308
-385
-330
-379
-321
-300
-313
-250
-331
-301
-178
-150
-130
-118
-87
-110
-32
31
-20
-20
3
46
36
33
-16
-92
-4
-2
38
55
68
72
93
151
160
161
193
160
215
238
189
184
223
198
193
230
247
227
183
253
261
209
188
189
135
127
129
138
88
59
55
33
-41
-33
-29
-53
-39
-35
-63
-100
-120
-132
-150
-168
-176
-241
-248
-248
-286
-291
-331
-308
-257
-266
-218
-201
-191
-138
-139
-105
-79
-108
-71
-69
-75
-32
-46
-34
-16
-40
1
10
8
61
55
76
83
73
91
97
89
111
90
107
137
104
117
136
124
164
145
136
167
128
132
147
120
145
129
117
130
103
95
99
60
48
50
26
25
9
-22
-43
-67
-50
-57
-62
-51
-67
-62
-48
-56
-56
-67
-73
-70
-74
-78
-83
-90
-81
-74
-83
-79
-72
-56
-40
-32
-24
-42
-45
-40
-47
-31
-27
-34
-28
-23
-19
-15
-10
-1
1
11
18
26
36
32
33
43
37
47
52
43
49
65
72
64
51
40
42
42
48
57
50
43
50
60
62
50
34
33
39
41
41
13
-13
-22
-30
-29
-44
-63
-79
-101
-104
-96
-98
-93
-103
-118
-118
-116
-110
-101
-99
-92
-95
-93
-82
-85
-76
-67
-60
-40
-41
-38
-26
-17
9
27
25
27
24
34
65
85
102
97
71
68
71
82
104
98
93
89
81
87
97
104
112
111
107
107
105
114
123
132
134
125
112
99
94
98
101
98
79
56
43
30
19
12
-4
-21
-34
-47
-54
-55
-62
-76
-82
-84
-86
-88
-92
-96
-101
-103
-111
-113
-114
-115
-109
-108
-109
-116
-122
-125
-125
-116
-109
-105
-104
-105
-110
-110
-108
-104
-91
-78
-64
-55
-47
-41
-42
-41
-34
-21
-4
8
11
5
1
1
-1
5
11
19
30
39
45
49
53
57
64
71
81
91
98
104
103
102
98
92
90
84
85
91
90
82
74
66
66
66
70
69
62
56
55
56
53
47
36
26
21
19
13
4
-5
-12
-18
-19
-21
-23
-24
-23
-18
-11
-4
-3
-5
-7
-10
-10
-10
-10
-14
-16
-16
-22
-28
-37
-47
-55
-59
-59
-58
-58
-62
-64
-62
-57
-54
-47
-47
-40
-35
-25
-15
-13
-8
-13
-15
-16
-17
-19
-18
-18
-22
-21
-22
-20
-20
-25
-20
-15
-7
-2
4
10
11
13
16
19
22
26
28
26
26
28
25
25
22
17
14
10
9
12
15
9
7
5
2
4
4
6
6
5
3
0
0
0
5
8
10
11
16
18
20
24
26
27
26
23
22
21
20
19
10
4
0
-1
-1
-2
-5
-12
-13
-13
-10
-4
1
0
-2
-3
2
3
5
4
-3
-4
-9
-11
-9
-9
-12
-13
-17
-15
-14
-9
-6
-10
-11
-12
-11
-9
-6
-6
-6
-11
-12
-13
-12
-8
-11
-10
-11
-12
-12
-9
-8
-7
-6
-3
-2
0
3
6
10
11
11
12
11
12
14
16
17
15
15
12
13
9
11
10
8
7
5
5
5
5
3
3
4
4
4
5
7
7
4
8
10
11
11
9
10
11
9
6
7
8
3
3
0
-1
-2
-1
-2
-3
-2
-1
-1
-3
0
-2
-2
0
-2
-3
-5
-4
-3
-3
-1
-3
-5
-3
-5
-3
-5
-4
-6
-8
-5
-5
-5
-5
-5
-6
-8
-6
-3
-3
-1
-1
-1
0
0
2
2
1
1
1
3
4
7
4
1
3
0
3
2
2
5
3
2
3
2
4
2
2
4
3
3
2
2
4
3
0
1
-1
1
1
5
4
2
4
3
2
3
6
4
4
4
4
1
0
1
3
2
2
2
1
3
0
-1
-2
0
-1
0
-1
0
-2
-1
0
2
2
1
-1
-1
0
0
-2
-1
0
0
0
-1
-2
-2
-2
-2
0
-2
-2
-4
-4
-1
-2
-1
0
0
0
-1
-2
-1
-2
-1
-2
0
0
1
2
1
0
-1
1
2
1
3
3
1
0
1
0
1
1
2
1
-1
1
-1
-3
0
-1
1
3
0
1
0
3
4
3
4
3
3
3
2
2
1
1
2
1
1
2
2
3
0
1
0
0
1
0
0
1
0
0
0
2
2
-1
-2
0
3
1
0
-1
2
-2
-3
-2
-2
-2
-2
-3
1
1
-1
1
-1
-1
1
2
3
2
1
0
-1
0
-2
-2
-1
-1
-1
-3
-1
0
-2
-1
-1
-1
-2
-1
-1
1
-1
1
2
3
3
3
3
1
1
2
3
-1
-1
0
1
2
0
-1
0
3
-3
-1
-3
-1
-1
-1
1
1
1
0
1
0
0
2
0
0
-1
-1
-1
-1
-1
1
0
0
0
1
3
1
-1
-1
1
1
-3
-2
0
0
0
2
2
1
4
1
2
3
1
0
2
2
2
0
1
1
2
1
3
-1
0
0
-1
-1
-3
-1
-1
-1
-2
-1
-1
0
-1
-3
0
-2
-1
-2
-1
-1
0
2
2
0
0
1
0
2
-2
-1
0
0
1
0
1
0
-2
-2
-1
0
-3
-3
-1
-1
1
1
0
0
-1
-1
-1
-2
0
0
-1
2
1
0
0
1
-1
-1
2
2
2
3
1
-1
0
0
1
2
1
1
1
0
1
2
3
1
1
0
-1
0
0
0
-1
-2
0
-1
2
1
-1
1
-2
1
0
-2
-1
-1
1
1
0
0
-1
0
0
0
2
0
1
-1
1
1
0
0
1
0
0
-1
0
-1
-2
-1
-2
0
-1
1
0
-2
0
0
1
0
0
1
1
2
2
1
0
0
-1
0
-1
0
1
-3
-2
-2
-2
-2
-3
-1
-2
-2
0
0
0
3
1
1
0
-2
-1
0
3
1
-1
1
2
3
0
-2
1
0
0
1
1
2
3
1
0
-1
-1
-1
0
-2
-1
