0
0
1
0
1
0
0
-1
0
3
-2
0
0
2
-1
-1
0
-2
-1
-3
0
0
1
1
1
1
-2
-2
-1
2
0
-1
0
0
0
0
-1
3
1
0
-1
1
0
-1
1
0
2
2
0
-1
0
-1
1
1
1
2
0
3
2
1
2
0
-2
1
1
-1
0
-1
0
1
1
2
0
0
1
0
1
1
0
0
1
3
1
-1
-1
-1
-1
-4
-2
0
1
-1
-1
-2
-2
-2
-2
-2
-2
-4
-1
-2
-1
3
1
3
0
0
0
0
0
0
3
-1
0
0
-2
0
0
0
-1
-1
-1
-1
-1
-1
-2
-1
0
-1
0
0
3
3
1
1
1
1
2
1
1
3
1
0
1
-2
0
-2
0
0
2
1
2
1
0
0
-2
-1
-2
-1
0
-2
1
-2
0
3
0
1
2
1
-2
-2
0
0
-3
-2
-2
0
2
2
1
-1
1
5
4
2
1
2
4
0
0
1
0
0
2
3
1
-1
-2
-4
-3
-5
-3
-3
-4
1
-1
-4
-5
-5
-2
0
0
2
0
1
2
2
1
3
1
2
3
0
2
1
3
0
1
1
-2
-1
-3
0
-2
-2
-1
0
0
1
0
0
1
-2
-1
0
0
1
2
0
0
2
1
2
0
-1
4
1
1
0
2
1
-1
-1
-2
-2
-2
-2
2
-1
-1
0
-1
-1
-1
0
-1
-1
1
-1
-1
0
0
1
1
0
0
1
-1
-1
-1
-1
1
2
3
5
3
2
2
1
0
-2
0
1
-2
-1
-1
-1
-2
0
0
-4
-1
1
-2
-3
-2
-2
-3
0
2
1
0
-1
1
-1
1
0
1
0
2
2
1
2
1
-3
-4
-1
0
-1
1
1
-2
-2
-1
2
2
3
2
1
1
-1
0
3
4
2
1
0
-1
-1
1
3
1
0
0
-1
-3
-4
-4
-3
0
0
-1
-3
-3
2
5
3
2
2
-1
0
0
-3
2
3
4
3
-1
-2
-1
-2
-1
-4
-3
-2
0
0
-3
-1
0
-2
-2
0
2
1
1
2
0
1
4
2
2
0
1
2
0
-2
-2
0
0
-1
0
-1
-3
-1
1
1
4
5
1
1
0
0
0
1
2
5
5
3
1
-2
-2
-3
1
2
1
-2
-3
-6
-6
-3
-1
3
0
-2
-3
-2
-2
-1
1
1
4
-1
-3
-3
-4
0
2
7
4
-1
-2
-4
-6
-2
4
1
-3
-7
-8
-4
1
4
2
0
-3
-6
-6
-1
5
6
0
-2
-2
-4
0
4
5
4
3
2
-2
2
5
7
6
6
4
-1
-1
1
5
7
4
3
0
0
0
3
3
-1
-3
-4
-2
1
2
1
-3
-4
-3
-3
0
-1
2
-3
-3
2
3
1
3
0
-3
-5
-6
-2
0
2
-2
-2
-5
-3
-3
0
2
-1
-3
-2
-1
-2
0
-1
-3
-7
-5
2
4
0
-4
-1
1
-1
0
2
-2
-3
2
6
5
2
2
2
0
3
3
1
1
0
-3
-2
1
2
4
-1
1
2
1
3
4
1
1
4
5
1
2
3
5
6
7
4
2
5
3
-1
0
1
-4
-1
2
-3
-3
-2
-3
-5
-2
-2
-6
-5
-2
-4
-5
-4
-6
-7
-9
-4
-6
-7
1
-1
0
-2
-3
-6
-3
0
2
1
0
5
-3
0
3
1
0
4
9
3
-1
1
5
4
4
5
3
-2
1
5
-1
0
-1
-1
3
1
-1
2
7
3
5
9
0
1
4
5
6
3
2
-1
-1
2
1
2
1
-2
-5
-2
3
3
-2
-2
-5
-3
-1
5
8
2
-5
-3
-1
-2
-4
-4
2
-3
-1
-2
-4
-5
1
3
-1
-1
1
0
-8
-5
3
-4
-9
-2
-1
-3
-4
0
7
5
2
1
2
2
2
2
-1
0
0
0
-5
-6
-4
-1
-5
1
-1
-5
3
1
4
-2
3
3
-1
10
6
3
4
6
4
1
6
9
-1
3
10
-1
1
-4
2
1
-2
1
-3
4
-1
1
8
-5
-5
-5
1
-3
-7
10
5
-2
-1
4
1
-3
1
1
-1
-2
-2
-9
-3
-5
-7
-3
-6
-3
-1
1
-5
-4
-7
-7
-10
-6
7
-5
1
1
-2
-2
-3
7
1
-1
-2
3
-5
-7
1
-1
-5
-7
5
-2
-11
1
0
-5
-2
4
-1
-4
4
3
3
-1
7
8
-2
1
2
-1
3
5
1
0
-3
1
3
-1
13
8
9
2
-3
19
7
18
24
-4
7
4
-6
17
10
50
14
6
12
-24
24
35
14
16
37
38
-31
13
30
43
38
26
47
26
35
-4
28
40
-50
19
5
19
62
-11
66
4
-44
53
-16
-109
-68
-96
-111
-120
-84
-68
52
-40
-90
-40
-155
49
-103
-91
-13
-114
-149
-164
-29
-152
-109
-59
-165
-45
-208
-130
-57
-58
-60
-202
-41
-161
-81
5
-18
29
-56
3
48
-182
-18
41
-5
-36
24
2
-4
84
76
1
119
168
76
21
36
184
69
38
221
266
233
207
261
260
195
74
229
322
88
230
184
132
115
40
176
-84
136
86
48
-125
28
-25
-200
59
-228
-60
-186
-305
-202
-163
-132
-181
-21
-275
-30
-71
-102
-27
-151
222
-54
-45
-24
62
50
142
154
63
83
-1
185
48
198
129
139
130
82
87
145
106
-17
196
52
117
106
-158
60
20
34
-59
-76
50
93
-98
-165
-142
-21
-294
-172
-117
-312
-163
-314
-267
-288
-334
-197
-220
-166
-262
-351
-95
-144
-309
-212
-76
-103
-149
-5
23
-149
-74
-112
114
-108
177
61
19
123
24
236
102
-51
134
193
80
-25
31
203
-6
263
105
198
-114
232
136
168
37
92
321
51
248
122
233
86
205
272
83
315
216
209
245
247
215
203
179
286
291
137
182
348
188
111
459
-152
241
-9
-35
423
50
41
-15
-78
-209
-180
-157
-81
-209
-285
-525
-127
-252
-365
-308
-424
-309
-584
-317
-224
-359
-338
-399
-141
-396
-380
-310
-196
-187
-311
-268
-149
-178
-340
64
-245
-181
-132
-90
169
-106
-105
32
108
-19
-35
277
90
101
238
16
269
257
84
339
259
236
422
278
52
308
266
113
461
212
215
273
137
168
116
98
105
137
76
85
40
40
105
216
-69
119
3
-79
89
-202
139
59
113
-9
-17
198
-74
-166
6
-232
-207
-51
-35
-289
-145
-242
-294
-151
-347
-137
-350
-161
-219
-306
-134
-202
-138
44
67
140
169
176
332
264
268
399
166
493
460
322
512
380
267
510
234
296
276
117
266
41
27
7
167
-261
-161
20
-650
-182
-404
-592
-314
-545
-511
-546
-549
-470
-676
-596
-565
-629
-672
-749
-665
-870
-584
-672
-817
-384
-841
-505
-281
-617
-361
-403
-211
-233
-238
-147
-246
-148
214
-73
370
299
331
632
290
640
736
949
716
1256
1120
1321
1501
1652
1443
1849
1848
1811
2294
1763
2097
2187
2205
2072
2055
2193
1612
2029
1425
1200
1225
610
741
171
-279
-735
-814
-1545
-1610
-2473
-2645
-2736
-3434
-3406
-3709
-3817
-4066
-4015
-3905
-3774
-3605
-3572
-3109
-2987
-2628
-2297
-1567
-1698
-830
-661
-294
359
465
966
1083
1696
1817
2154
2423
2403
2735
2795
2786
2924
3161
3037
2875
2757
2687
2400
2309
1925
1456
1469
880
626
518
271
306
3
278
108
333
405
80
389
257
-43
-228
-289
-630
-887
-1180
-1611
-1915
-1961
-2247
-2541
-2660
-2402
-2745
-2106
-2377
-2179
-1585
-1549
-992
-1079
-483
-436
-202
455
120
735
682
747
931
906
1315
1061
1184
1004
1095
1129
963
1026
735
949
637
730
668
751
500
349
650
239
617
295
215
356
308
458
81
530
367
97
411
162
165
113
101
-34
136
-71
65
-192
-271
-136
-538
-346
-430
-729
-666
-284
-646
-915
-470
-703
-853
-550
-766
-910
-731
-580
-748
-845
-401
-578
-716
-311
-445
-282
-230
134
-252
42
135
-194
179
22
149
-53
345
319
14
447
232
148
293
345
422
275
59
305
312
60
321
202
191
219
519
113
469
279
344
233
440
425
525
448
73
835
168
530
282
215
220
359
325
64
265
-73
55
127
-192
-151
-275
9
-502
85
-523
-384
31
-602
-225
-368
-440
-255
-239
-244
-471
-305
-63
-549
-244
-369
-343
-278
-498
-265
-108
-408
-335
24
-108
79
97
-33
49
8
404
-175
64
415
152
319
195
175
404
97
288
216
278
195
272
446
48
551
-75
439
318
-61
331
91
117
204
221
102
120
-130
-100
-48
112
-11
-19
145
-340
69
-186
-359
-76
-249
-391
-52
-448
-310
-181
-127
-532
-350
-271
-435
-351
-477
-507
-482
-81
-340
-98
-105
-356
-232
130
-307
-42
-89
95
-237
156
5
-82
155
143
69
34
140
24
67
26
-163
69
73
-218
150
-20
-202
371
-167
-71
276
-90
508
-1
221
218
225
205
292
195
349
173
430
100
252
419
234
140
336
486
20
407
157
81
216
4
172
408
67
87
362
-27
326
280
14
245
-56
140
335
-23
156
100
131
32
68
416
-78
279
65
157
124
203
176
-147
102
-255
-379
-236
-550
-398
-407
-543
-262
-737
-560
-829
-568
-310
-992
-610
-694
-702
-624
-581
-581
-430
-354
-457
-166
-316
-230
103
-261
-536
2
-296
-51
518
-264
-38
377
-26
430
493
189
191
690
626
762
940
557
616
666
558
842
511
851
556
408
291
222
572
-18
368
47
121
316
5
-223
-111
-260
-221
54
-457
-429
-540
-442
-815
-426
-386
-867
-660
-492
-1073
-625
-282
-1059
-699
-386
-288
-370
-41
-91
26
139
469
309
310
1037
374
699
524
801
608
605
1051
401
868
1199
765
922
982
702
1037
519
417
768
725
533
352
483
382
391
481
459
681
175
279
429
-197
396
-162
-425
-287
-247
-283
-652
-377
-1094
-807
-1281
-1021
-1134
-1110
-1452
-1226
-1133
-1620
-1442
-1523
-2052
-1571
-1546
-2180
-1785
-1591
-1554
-1714
-1240
-1277
-1270
-454
-1010
-436
-450
-189
166
-71
411
327
726
997
1114
898
1419
1348
1319
1636
1350
1438
1895
1584
1975
1892
1697
1872
1949
1690
1632
1497
1567
1470
1189
681
864
661
1285
300
740
567
-71
463
-12
449
-486
-9
-257
-396
-300
-374
-175
-443
-300
-340
-719
-654
-770
-817
-470
-1124
-696
-901
-1130
-720
-979
-778
-869
-871
-978
-952
-722
-657
-687
-666
-848
-636
-767
-590
-340
-766
-579
-435
-646
-249
-461
-748
-126
-731
-263
-539
-155
-8
-626
-229
-207
19
-73
236
62
-93
82
506
-97
995
287
73
612
285
909
529
598
433
88
31
669
642
622
786
783
837
326
654
865
419
872
173
374
508
327
453
722
682
116
269
243
256
465
689
712
266
562
435
309
673
157
273
667
160
570
274
82
168
-102
-92
-206
-126
13
152
-599
19
-498
-415
-666
-557
-846
-637
-622
-1041
-524
-725
-656
-910
-588
-686
-720
-910
-853
-897
-827
-445
-464
-614
-750
-248
-386
-153
28
-246
-358
-195
-567
-150
398
-150
380
-10
383
99
-27
158
-119
253
-13
-72
-420
-710
-195
-305
-145
-439
-445
-140
123
-200
-73
250
365
967
222
463
319
383
1123
685
838
980
435
829
578
532
230
590
555
604
66
154
67
122
266
24
65
82
-343
162
144
2
66
55
510
229
748
311
239
588
761
588
770
373
376
94
229
529
-312
-144
37
-60
162
-167
-158
278
-35
-325
-473
-436
-439
-389
-73
-477
-578
-499
-1154
-1062
-700
-418
-246
-405
-688
-275
-217
-477
-889
-372
-90
-453
66
-24
-289
-405
-365
382
195
-346
102
-226
150
-516
-772
-566
-314
61
-347
-189
99
-232
-331
-249
-153
-265
-607
-834
-573
-95
79
-154
213
290
107
98
162
435
443
679
267
28
56
660
324
890
868
262
-37
77
341
696
784
371
381
85
284
370
185
838
785
936
449
562
556
457
322
381
671
259
646
789
546
-2
-218
-394
126
539
-271
33
-178
277
-185
104
-178
-1
-319
-1274
-625
-541
-372
-536
-50
-208
-185
295
-605
-684
-526
-520
-124
-214
-583
-637
-664
-361
-619
-865
-282
-360
-715
-54
32
-360
643
-275
13
803
-458
190
-759
-981
-500
-924
-345
-861
-475
254
-118
-130
541
376
426
132
-288
405
181
312
353
320
336
58
513
-31
42
843
954
978
652
701
998
779
758
715
429
222
542
230
179
-175
-156
-362
-391
-211
-715
-676
-275
-436
-471
-131
-233
-413
-122
43
-272
-542
-385
-436
-649
-630
-184
-238
-362
-178
-378
-17
-58
-601
-197
-183
88
206
59
545
262
337
812
358
181
-79
-50
135
85
134
346
97
-763
-203
-150
-714
-519
-1188
10
2
-593
560
-30
233
798
791
733
636
568
1000
487
445
685
211
1008
791
399
973
807
1239
1284
546
1081
219
-212
710
-775
-541
-378
-711
-594
-1433
-411
-189
-556
-365
-1357
-906
-2
-249
627
377
-419
-478
328
925
357
-634
-904
-247
-189
210
383
128
78
111
-421
-1028
-771
-1281
-909
-727
-589
-890
-914
-286
-332
447
507
813
558
779
794
1241
2751
1741
2583
2195
2156
2458
1214
449
349
-707
-1383
-915
-2375
-2514
-2364
-2636
-2416
-1869
-2536
-2605
-1647
-2504
-2890
-1871
-1751
-1726
-949
-1733
-1515
-625
-938
-454
-873
-569
-139
-345
110
409
270
68
937
1337
1266
1812
1678
2291
2494
2817
2355
2322
2880
2388
2810
3220
3640
2190
2492
2358
2376
2955
1201
2394
2522
1728
2082
1568
1757
2624
1824
1095
1711
1438
471
776
328
-1702
-2117
-1616
-2017
-2684
-3522
-3532
-2709
-2667
-1984
-1975
-3381
-3405
-3780
-3851
-2846
-2745
-1839
-2483
-2122
-2707
-4354
-2832
-3357
-1928
-270
-1250
-1387
-2041
-949
581
758
954
1777
1561
1718
-185
772
3240
1365
1049
1768
762
372
-385
304
1614
719
2513
1592
474
371
-784
1162
1006
398
2297
1828
1062
1099
823
1281
1301
738
1202
745
175
-286
-1454
164
1385
2017
2242
613
823
1072
275
954
1986
1573
621
1810
1274
-1684
-1746
-1638
-1349
-78
-1225
-1733
-2817
-2175
355
-989
-1017
-86
-1239
-1694
-2138
-1900
-1554
-1590
353
-889
-2376
-640
-1533
-1876
-1508
-1942
-1497
-1202
-1931
-1539
-391
747
909
23
1183
1490
1011
1889
958
1820
2126
1435
809
-456
-759
-757
-77
374
564
1983
2598
2007
2174
1245
1487
1326
1606
2327
953
273
1004
1211
1114
1556
1462
362
-737
-836
-888
-1333
-760
-795
-726
-501
-1172
-1616
-1662
-1384
-1952
-1555
-727
-283
192
699
1185
815
1503
2391
2843
2611
2530
2466
2398
2542
2553
2309
1430
562
-1092
-1615
-1423
-1664
-1773
-2020
-2216
-2864
-3451
-4447
-4651
-4135
-3949
-3843
-2893
-2433
-2729
-2060
-2522
-3222
-1795
-1029
-1620
-2282
-2132
-2420
-2455
-1010
-515
-527
318
614
679
1372
1591
2446
2836
2892
3637
3990
3938
3942
3680
3041
3183
2886
2640
2162
1387
1176
930
1010
507
559
683
627
676
720
913
617
540
-41
-816
-840
-982
-1389
-1431
-1327
-1146
-911
-941
-894
-976
-990
-898
-934
-516
-242
-65
-68
24
258
423
503
567
431
542
980
1045
1426
1693
1738
2341
2895
2838
2852
2942
2844
2792
2680
2626
2176
2013
1987
1625
1441
1282
1436
1313
638
-132
-1036
-1248
-1905
-4542
-7382
-8711
-8102
-7918
-8507
-9394
-10456
-10578
-10224
-9817
-9309
-8224
-6649
-4797
-3807
-3905
-3634
-2300
-42
1781
3467
4143
4589
5808
6917
7486
7993
8816
9211
9304
8659
7528
6850
6901
6974
6851
6209
5300
4399
4583
5084
5167
5538
6375
6798
7955
8987
4270
-3329
-7894
-6393
-3611
-2696
-4175
-8464
-11967
-13644
-13769
-13078
-11206
-9792
-8033
-6094
-6665
-8988
-8792
-4390
-25
3461
4904
4162
3413
4507
6082
6240
6359
7517
8026
7012
4278
718
-416
1237
3206
2319
-459
-2943
-4243
-3747
-2457
-1578
-550
1363
2594
2894
2860
3892
6336
9659
12472
12987
12920
13872
10279
2223
-3979
-3989
-1467
-1598
-4022
-9442
-15774
-19510
-19474
-17809
-15759
-15045
-14811
-13418
-12682
-13201
-12075
-6334
-9
4588
6837
6407
5777
8110
12401
14931
15645
14807
13127
11475
10022
7095
3912
3493
3931
2266
-1199
-4763
-7154
-6989
-4808
-3526
-3444
-2508
-1013
186
1948
3970
6041
9253
13310
15190
16479
17080
11394
1884
-2839
211
2861
898
-4306
-11299
-17255
-19723
-19527
-18691
-17254
-17255
-17125
-16145
-16124
-17137
-14113
-6105
409
3633
4709
4423
4949
9609
15037
17393
15667
14306
14785
14599
12585
9221
7252
5563
4027
1163
-3281
-6582
-6425
-5512
-6239
-6802
-6616
-4976
-1793
1135
2031
3264
6362
9279
12256
14858
18304
17670
9672
-261
-3476
1847
4535
1469
-5038
-12159
-18403
-20390
-18624
-16881
-16735
-17555
-17030
-16889
-17301
-17432
-12513
-4129
1639
3350
3195
2992
5279
11205
15626
16946
17004
16959
15174
13320
11687
9125
8363
8644
5575
-308
-4298
-6107
-6602
-5504
-5382
-6840
-6112
-3198
-2036
-550
2240
4765
6975
10754
12920
15523
16839
9516
-1214
-3447
4399
6630
2450
-4078
-11422
-17007
-17216
-15014
-14324
-14612
-16936
-17812
-16796
-16259
-17137
-12021
-3394
220
-63
30
704
3796
11364
16715
15129
11476
12208
14110
14788
13977
12072
9446
6240
3469
-52
-3000
-3448
-2917
-4384
-7529
-9199
-7922
-3858
172
2111
1913
2741
4894
8430
12406
17549
18534
9441
-1702
-4257
3522
7676
4411
-2877
-10165
-15835
-17173
-14759
-12989
-13474
-16020
-16689
-16771
-17385
-17015
-11270
-2960
583
-391
-2046
-1021
3687
11630
16211
13733
11194
12370
14305
14118
13850
12224
9548
7956
5483
530
-2621
-1731
-1894
-4255
-6937
-8930
-7830
-2917
1041
719
1017
2566
4301
8118
13574
17837
11261
-207
-6149
946
9260
6945
-1204
-8188
-12476
-14836
-12047
-9798
-10913
-14765
-16003
-15455
-15707
-15649
-12386
-4955
-856
-2363
-4557
-2584
1937
7851
13452
13001
7623
7337
12409
14700
13870
12500
9750
6271
5121
3468
370
139
787
-2858
-7117
-8213
-6670
-2459
2564
2420
-340
635
3718
7198
11783
17482
11571
-1230
-7658
-463
9183
8336
-99
-9054
-12689
-13894
-11130
-8042
-8432
-13662
-16739
-15190
-14632
-14441
-10802
-3857
-1227
-3187
-5487
-3682
1600
8047
12123
11450
8987
8200
10748
13307
14879
13779
11305
7706
4714
2876
2312
2903
1526
-2036
-6654
-8327
-6148
-1383
1927
1676
-135
-45
2284
6152
10515
15856
12534
-901
-10099
-3019
9799
9910
698
-9080
-14496
-15128
-9753
-5234
-7107
-13698
-18233
-16699
-13847
-12620
-10774
-5190
-2481
-5341
-7407
-4535
744
6852
11235
10090
6186
6024
10227
13909
15994
13888
9302
5892
5764
5514
4722
4419
2228
-1600
-4744
-5442
-3909
325
3545
1926
-460
-243
2595
6838
13238
15733
4134
-10418
-10612
4498
12727
5705
-6926
-14500
-14918
-10421
-4093
-3972
-10336
-17279
-16499
-11718
-10202
-10250
-6929
-2451
-3669
-6862
-5923
-464
5955
10254
10116
3620
247
6970
15947
16584
11013
6688
4372
5511
8716
7964
3180
1206
522
-2922
-4511
-2177
316
2381
3547
509
-1417
2873
8574
11404
14895
8910
-7225
-13125
1296
14228
8368
-5182
-15132
-16561
-10848
-3298
-2846
-9533
-17860
-20380
-13921
-8078
-8645
-9234
-5339
-5257
-8496
-6441
-33
5195
7885
7513
2569
2086
8748
15226
14987
10994
7387
6078
8366
9086
6700
3555
2172
106
-2452
-3328
-2910
-534
1396
1121
-1711
-937
3138
6866
8838
10760
11566
1957
-8435
-5693
9301
13864
2059
-10520
-14512
-11479
-5951
-464
-3611
-14185
-21739
-17870
-8769
-5754
-8209
-10058
-8837
-8789
-7430
-2356
2862
4135
3227
2647
1707
5343
12509
15762
11464
6934
5965
7387
10394
11650
8095
2354
218
-115
-210
710
1397
166
-514
-65
416
2843
6131
7382
8216
10477
3081
-9638
-8607
7794
14807
2566
-11949
-16607
-11985
-3810
1723
-2914
-14710
-22475
-17840
-6307
-2113
-7507
-12123
-10274
-7897
-5711
-797
2916
2813
2222
2504
1338
2282
9914
16518
13714
5236
1687
5915
12124
13564
7791
339
-2045
1175
3097
1608
-1005
-2138
-1227
554
1216
2209
4632
6983
6729
8583
9592
670
-8730
-2783
12052
11433
-3056
-13200
-12556
-7343
-1694
-23
-7098
-17573
-20727
-12613
-3740
-4442
-11412
-13520
-9862
-7148
-4335
-221
1369
-404
162
2517
2204
4350
10522
13632
9235
4206
4406
8090
12418
12473
6478
162
93
3560
4786
2896
-23
-1830
-220
2708
3723
3867
5054
5783
7256
10243
3765
-8819
-8820
7283
14048
1534
-12461
-15509
-10277
-2044
2756
-3426
-16330
-22338
-14823
-2603
52
-8618
-15444
-12537
-6704
-2693
752
1117
-2193
-1895
2587
3388
2760
7555
12580
10152
5138
3869
6793
11599
13556
7634
-752
-1826
3314
6397
4121
-1183
-5258
-3332
2567
4955
2638
1460
2686
4337
6918
11547
8088
-4653
-9867
2093
13641
7030
-6863
-12309
-9802
-4972
470
357
-9392
-19621
-17539
-6559
-925
-5980
-13042
-13595
-9787
-5581
-1632
252
-2456
-4468
-956
3227
3363
4057
8104
9035
6388
5538
7751
9704
10624
9155
4300
1407
4009
6597
4796
1221
-1243
-1447
1556
4881
3834
2124
2858
4361
5773
10223
8115
-4911
-11417
707
13092
6998
-6909
-13455
-11976
-5524
2200
1979
-9414
-20627
-18492
-6166
1451
-3811
-13213
-15171
-10520
-4547
686
1549
-3800
-6949
-1967
4019
4871
4416
5538
6008
6154
6925
7911
8912
9940
9060
5665
2583
2742
5317
6077
3056
-987
-2015
-40
3286
4572
3044
1462
2523
4760
6821
9779
5328
-6085
-9179
3390
12104
4094
-7995
-12283
-10548
-4142
3091
897
-11844
-20397
-15262
-4097
821
-5097
-13980
-15731
-10093
-3071
1151
174
-5876
-8149
-2039
4877
5513
4040
4218
4353
5645
8539
9933
8771
8523
8339
5500
3621
5472
6264
4258
2230
788
-841
486
3598
3609
1034
1185
2655
4101
5632
8284
7576
-914
-8601
-4220
8516
10216
-1571
-11585
-12037
-7322
-129
3920
-3311
-17223
-20729
-10394
333
189
-9059
-16781
-15550
-7292
536
2417
-2903
-9508
-7492
1855
7700
6182
3288
2644
3671
6914
10325
10628
8442
6724
5813
5259
6129
7315
5999
2739
535
441
1739
3237
3480
1342
-92
1692
4392
5761
6099
6756
2328
-5145
-5959
3099
9186
3174
-7046
-11393
-9137
-3072
2320
-26
-10752
-18950
-15013
-4199
942
-4754
-13959
-16727
-11422
-3050
2021
-82
-6988
-9304
-2630
5326
7521
4908
2241
2098
5863
10547
11156
8485
6520
6348
6827
7098
6526
4754
3377
2656
1494
674
829
1194
700
466
397
1031
2738
3824
2963
2759
4886
3137
-2734
-4344
2000
6049
2166
-4235
-7548
-7300
-3486
773
-779
-8582
-14620
-12438
-5096
-1082
-5067
-11782
-13569
-9386
-2976
960
-857
-6467
-7756
-1662
4964
6558
3991
1013
978
5067
9573
9777
7031
5001
4793
5986
7115
6553
4193
2454
1874
1546
1427
1431
1026
432
63
276
691
1938
2832
2337
1446
2335
4799
3466
-1021
-3061
398
3387
1767
-2045
-5203
-6311
-4292
-903
-1050
-6206
-11110
-10524
-5734
-2016
-3435
-7564
-9880
-8079
-3443
352
70
-3691
-5166
-1953
2469
4375
3427
1665
1124
3186
6005
6782
5389
3826
3558
4057
4521
4338
3327
1962
983
879
1147
1205
901
267
-313
-270
604
1773
2478
2323
1807
1495
1970
2837
4134
3521
208
-2785
-1580
1844
2553
-40
-3478
-5502
-4681
-1437
626
-1482
-5784
-7678
-5515
-1630
-301
-2624
-5711
-6357
-4159
-1195
119
-1464
-3752
-3575
-1187
972
1393
636
-418
-423
960
2396
2798
2520
2031
1700
1933
2555
2728
2321
1702
1041
821
1327
2119
2314
1694
939
744
1287
2098
2278
1449
491
528
1204
1523
1232
604
379
513
323
-242
-11
814
1054
641
282
-306
-656
68
936
441
-1140
-2150
-2122
-1298
-796
-1587
-3055
-3771
-3347
-2663
-2349
-2821
-3746
-3883
-3013
-2190
-1958
-1714
-1347
-1035
-661
-110
445
1037
1521
1572
1283
1166
1362
1519
1562
1455
962
400
330
651
800
665
369
-39
-92
386
948
1229
1283
1158
1167
1696
2388
2450
2324
2347
2463
2556
2665
2494
2048
1857
1948
1831
1424
890
359
-91
-344
-668
-1172
-1780
-2284
-2507
-2366
-2178
-2395
-2791
-3075
-3106
-2762
-2073
-1609
-1815
-2141
-1895
-1377
-986
-924
-1043
-1384
-1676
-1619
-1252
-932
-1019
-1413
-1713
-1692
-1212
-498
-50
-125
-305
-55
512
1165
1618
1711
1681
1778
2156
2613
3044
3140
2944
2702
2633
2716
2810
2701
2334
1920
1575
1351
1153
890
618
600
667
472
129
60
282
520
552
316
51
58
289
313
-29
-494
-897
-1213
-1463
-1637
-1871
-2208
-2530
-2881
-3217
-3289
-2954
-2572
-2542
-2843
-2987
-2653
-1984
-1443
-1185
-1239
-1380
-1179
-524
167
519
522
340
224
471
992
1349
1225
844
677
801
993
1065
1007
883
955
1185
1288
1199
1215
1535
1956
2134
1932
1762
1955
2355
2477
2191
1623
1193
1105
1240
1291
992
435
-44
-128
-46
-46
-175
-415
-683
-787
-626
-469
-479
-676
-954
-1196
-1287
-1237
-1104
-1016
-1115
-1395
-1599
-1675
-1653
-1546
-1418
-1536
-1833
-2044
-1981
-1793
-1645
-1603
-1569
-1491
-1419
-1321
-1129
-772
-393
-50
140
286
543
986
1374
1500
1366
1251
1351
1638
1798
1679
1427
1299
1342
1443
1500
1577
1580
1425
1149
1048
1230
1516
1578
1287
807
473
501
743
879
731
409
21
-114
97
360
239
-146
-519
-688
-612
-461
-554
-891
-1191
-1297
-1238
-1170
-1264
-1488
-1604
-1550
-1426
-1291
-1161
-1057
-984
-984
-1049
-1052
-920
-718
-580
-579
-666
-633
-469
-352
-316
-139
140
258
173
108
220
536
902
986
684
404
482
759
911
846
710
598
589
703
893
982
900
774
725
708
730
807
807
566
339
412
592
490
227
110
104
-5
-97
-30
96
105
31
-121
-352
-482
-327
-95
-137
-363
-411
-257
-205
-292
-315
-177
-45
-36
-159
-336
-364
-116
133
29
-356
-644
-729
-679
-510
-382
-632
-1132
-1338
-1078
-677
-382
-284
-507
-852
-813
-284
254
359
51
-253
-122
408
782
677
334
167
265
494
625
599
501
421
300
191
181
268
330
250
105
123
378
596
527
366
464
749
919
879
766
701
793
914
824
533
320
175
9
-27
52
-146
-679
-1110
-1166
-978
-767
-674
-813
-1169
-1437
-1233
-646
-232
-309
-579
-663
-481
-111
268
368
143
-78
22
312
468
378
150
-122
-250
-123
32
-40
-227
-286
-210
-83
7
13
50
276
576
693
541
369
533
997
1262
1009
533
267
327
568
743
585
87
-414
-630
-594
-469
-363
-394
-616
-848
-833
-596
-427
-438
-458
-354
-185
-87
-77
-82
-8
157
313
295
136
94
236
284
93
-137
-255
-285
-221
-123
-176
-359
-423
-294
-89
96
212
261
304
375
439
547
733
871
778
465
172
123
285
417
348
86
-227
-427
-454
-387
-342
-398
-519
-568
-472
-336
-296
-316
-290
-144
64
180
143
71
108
235
355
336
153
54
176
224
29
-167
-236
-309
-331
-217
-203
-392
-478
-275
-2
87
29
36
211
419
556
655
656
496
374
444
483
330
175
116
15
-118
-180
-219
-315
-422
-541
-673
-716
-594
-392
-278
-348
-485
-433
-134
165
278
227
111
57
186
396
474
376
223
72
-69
-120
-44
52
-6
-227
-430
-451
-306
-105
45
58
-27
-23
131
308
448
612
752
766
660
523
451
489
549
482
226
-107
-303
-276
-166
-196
-414
-708
-919
-896
-606
-325
-378
-685
-834
-580
-91
255
249
18
-122
1
263
456
482
381
231
96
1
-33
0
53
38
-135
-411
-579
-447
-122
61
-36
-207
-193
38
339
524
513
439
495
676
762
653
519
487
480
374
174
-5
-93
-124
-184
-301
-435
-537
-552
-487
-416
-385
-418
-503
-527
-321
48
279
208
2
-99
-35
149
364
449
284
-9
-158
-66
68
54
-94
-290
-465
-498
-345
-165
-151
-265
-333
-289
-141
91
348
462
337
170
249
529
683
587
398
243
116
66
167
272
155
-165
-416
-410
-245
-126
-128
-211
-320
-342
-197
-18
17
-6
88
235
269
223
209
222
238
289
302
157
-62
-120
22
95
-93
-394
-548
-497
-341
-214
-240
-391
-462
-330
-116
57
205
312
272
146
160
367
560
557
367
102
-90
-63
136
223
7
-352
-575
-547
-334
-121
-123
-347
-492
-324
-1
181
173
106
76
130
318
549
604
432
232
196
305
400
350
155
-54
-164
-225
-287
-280
-215
-231
-376
-484
-442
-347
-261
-145
-10
83
130
163
174
216
354
516
515
324
109
2
29
131
142
-82
-421
-577
-459
-283
-238
-325
-460
-537
-416
-121
118
163
101
64
103
243
463
610
553
347
171
156
295
436
373
82
-243
-390
-309
-114
-29
-214
-522
-618
-398
-149
-125
-204
-147
28
164
209
220
269
387
504
477
298
183
273
383
269
-19
-225
-240
-166
-160
-270
-440
-526
-412
-195
-112
-220
-283
-121
141
238
134
0
27
240
462
459
172
-134
-148
128
349
262
-94
-446
-509
-218
113
102
-224
-480
-411
-124
97
84
-65
-113
36
232
308
270
235
232
224
207
213
206
124
-19
-132
-178
-191
-194
-186
-181
-203
-248
-251
-149
15
118
136
145
194
256
289
288
262
259
305
305
167
1
-29
39
18
-130
-268
-328
-337
-320
-281
-293
-371
-401
-301
-164
-84
-40
2
37
87
192
296
307
269
250
214
132
108
171
153
-36
-230
-248
-173
-175
-257
-317
-328
-289
-170
-26
17
-41
-26
127
313
415
418
353
283
326
456
454
248
56
88
184
84
-171
-332
-317
-251
-229
-291
-417
-492
-402
-215
-95
-80
-74
-29
35
133
272
373
353
264
214
217
247
282
250
79
-148
-246
-187
-125
-150
-244
-369
-480
-468
-286
-76
-12
-89
-166
-133
36
298
499
460
242
121
240
415
440
359
266
119
-97
-216
-160
-78
-143
-334
-511
-579
-498
-316
-208
-278
-403
-355
-112
139
254
243
190
188
275
390
439
421
393
332
204
84
39
16
-42
-102
-147
-231
-326
-319
-193
-93
-90
-108
-87
-24
102
287
418
391
261
194
246
345
400
379
278
94
-104
-212
-198
-149
-197
-370
-582
-705
-668
-503
-358
-360
-487
-573
-451
-144
162
280
190
39
25
226
517
646
501
260
180
292
384
299
100
-61
-96
-38
-1
-73
-199
-220
-102
-21
-79
-124
23
287
405
280
75
25
220
488
575
378
81
-54
38
162
113
-119
-362
-473
-468
-452
-500
-572
-592
-540
-464
-414
-385
-333
-235
-101
21
93
139
196
267
299
277
251
279
355
392
303
106
-78
-109
12
139
130
-24
-193
-224
-84
97
169
128
104
170
270
316
290
262
287
368
431
377
222
74
42
83
68
-81
-286
-407
-396
-345
-385
-528
-630
-568
-392
-263
-275
-356
-373
-243
-28
133
163
87
10
31
159
309
366
276
124
15
0
41
75
64
10
-52
-87
-79
-37
13
50
83
116
149
179
210
247
293
337
356
341
323
313
286
208
91
-14
-78
-104
-142
-228
-366
-508
-564
-496
-373
-320
-394
-495
-466
-277
-53
49
6
-59
-28
99
212
246
235
227
210
150
76
59
101
136
82
-45
-143
-138
-33
52
42
-29
-71
-34
66
180
248
232
164
150
212
292
327
302
243
170
110
74
33
-18
-52
-85
-174
-314
-399
-348
-237
-196
-278
-405
-435
-299
-78
50
-15
-164
-196
-41
167
261
197
66
1
43
131
176
139
65
3
-38
-59
-36
14
45
16
-47
-83
-43
66
173
192
109
20
55
204
312
265
126
54
100
188
190
70
-76
-129
-78
-31
-93
-226
-301
-262
-183
-179
-261
-306
-213
-45
25
-82
-216
-169
64
250
193
-24
-137
-21
162
184
25
-121
-96
39
109
28
-116
-173
-83
72
151
100
1
-21
75
200
248
220
205
252
302
280
201
157
176
204
156
36
-84
-141
-143
-150
-203
-287
-342
-330
-276
-248
-265
-274
-218
-98
2
8
-48
-80
-15
114
202
170
58
-28
-27
34
76
43
-39
-97
-73
-17
-18
-88
-139
-90
24
102
94
52
59
123
207
261
286
295
284
266
241
216
198
188
164
87
-41
-154
-176
-138
-138
-225
-338
-381
-328
-248
-223
-255
-268
-209
-108
-35
-15
-2
33
67
81
103
144
160
116
44
12
32
49
14
-46
-82
-80
-73
-78
-83
-68
-36
-6
19
60
105
136
159
204
258
274
260
254
279
284
236
171
114
68
18
-38
-89
-153
-225
-295
-338
-335
-315
-312
-318
-305
-262
-202
-159
-119
-55
28
86
95
86
108
166
204
178
116
76
81
100
99
50
-21
-63
-59
-34
-26
-37
-49
-41
-23
0
19
51
110
174
195
161
134
169
236
263
209
116
46
20
27
2
-83
-192
-241
-227
-226
-275
-334
-341
-284
-202
-163
-198
-236
-179
-30
87
86
33
37
126
219
225
158
132
191
247
191
63
9
61
113
71
-30
-105
-99
-33
26
14
-54
-85
-28
59
95
92
91
110
128
131
122
103
93
110
116
48
-74
-141
-97
-27
-50
-186
-323
-334
-211
-86
-105
-257
-361
-278
-83
39
13
-87
-132
-48
110
204
167
94
102
165
175
134
111
113
113
98
53
-24
-70
-21
61
49
-48
-100
-52
17
52
69
78
71
74
105
124
87
67
107
150
100
-2
-47
-20
12
2
-49
-137
-213
-191
-96
-70
-159
-239
-214
-149
-111
-65
-18
-32
-87
-63
49
144
177
166
110
32
41
167
247
155
-9
-73
-26
44
76
11
-139
-228
-141
10
24
-92
-144
-77
10
47
35
-9
-32
45
175
181
37
-67
-8
104
136
75
-23
-110
-111
-9
71
3
-139
-181
-112
-46
-29
-29
-43
-61
-43
9
47
75
130
163
105
29
50
157
208
134
1
-88
-68
32
92
-3
-176
-233
-125
-6
-8
-87
-134
-121
-63
25
88
49
-30
-18
86
150
122
78
59
47
41
73
82
20
-47
-52
-31
-50
-80
-80
-87
-118
-113
-63
-36
-64
-86
-42
37
92
99
62
25
57
154
219
165
48
-16
7
66
90
44
-73
-179
-181
-91
-31
-72
-149
-189
-172
-104
-14
24
-27
-76
-32
60
103
87
70
76
91
106
90
42
28
79
113
37
-85
-111
-30
39
14
-65
-138
-146
-72
15
32
-25
-55
-15
28
42
59
104
135
121
76
27
19
76
154
142
11
-126
-134
-21
64
35
-76
-169
-166
-79
7
17
-44
-90
-56
17
49
25
9
38
69
77
55
23
9
37
77
47
-26
-63
-30
-3
-39
-93
-114
-92
-63
-38
-49
-81
-86
-38
16
21
17
34
57
51
42
60
90
105
91
73
37
16
26
44
41
-9
-48
-70
-70
-65
-45
-48
-56
-75
-68
-43
-17
-7
-14
-21
-12
15
39
47
30
21
18
21
13
41
73
101
50
-4
-43
-7
32
49
-3
-47
-68
-35
17
46
60
37
11
-17
-17
0
18
-4
-27
-67
-49
-20
17
4
-9
-24
-12
-8
14
26
32
8
-18
-35
-8
68
64
18
-88
-105
-37
25
54
-54
-110
-63
1
75
3
-19
-62
-14
-59
72
-120
-102
-742
-664
-605
-115
418
911
1411
1373
1367
851
502
-78
-327
-773
-1123
-2043
-1775
-1881
-752
-58
906
1558
1835
1771
1249
725
19
-487
-910
-1070
-964
-1286
-1374
-838
-724
139
375
1260
1094
1472
1099
1023
-47
-632
-999
-886
-482
241
878
439
298
-791
-812
-1566
-974
-824
-2
678
1241
1628
1532
1539
1157
860
356
25
-575
-617
-677
-544
-485
-216
140
194
32
-537
-665
-1064
-905
-806
-479
-291
-106
22
117
385
329
373
143
162
17
81
49
92
93
149
295
325
173
61
-97
-162
-147
-118
80
35
403
245
127
-481
-1012
-1639
-2472
-2192
-2160
-866
-46
1617
2301
2949
3150
2757
1804
540
-107
-1092
-1605
-1325
-736
-474
311
640
1028
810
866
526
-228
-584
-585
-761
-1038
-172
-27
261
94
207
150
44
106
-242
-459
-160
8
-182
284
66
-153
-238
189
340
-300
-22
96
-644
-210
-160
-490
-648
48
359
75
746
670
292
-166
-83
-239
-398
-599
94
-85
-251
43
62
92
-605
-400
-1150
-1155
-1338
-1059
-318
-467
1013
801
908
1110
1359
316
327
297
-257
455
501
250
98
695
620
-201
94
211
-490
-345
-229
338
-698
41
290
-75
82
-57
-923
-82
248
-138
654
180
-9
-128
-259
294
85
-400
-333
313
84
241
58
-66
-361
-57
-33
-958
-285
-22
-537
174
400
-712
-440
-510
-257
-75
574
-59
-354
210
242
409
-152
298
-39
-264
627
-168
-272
174
-48
390
-350
-1078
-1056
-919
-1387
-580
717
-169
207
667
1136
1622
474
1915
2201
1601
2851
2570
2574
717
2275
1988
1420
2678
1907
2148
2470
3338
3159
3107
3541
2899
2355
1621
49
-2302
-1676
-3560
-5144
-4863
-6564
-6037
-5595
-5481
-4491
-3862
-3604
-3233
-1764
-402
47
1008
877
2790
2294
3581
3256
4207
3366
2811
2109
710
643
-1922
-1953
-4349
-5308
-6107
-7227
-5794
-6528
-5737
-5656
-6455
-4850
-4612
-2987
-3871
-1190
-1282
-773
-1038
520
1563
626
3116
4442
4028
4050
4774
4910
4902
4518
4984
4756
4629
4134
4921
4169
3535
4045
5023
4802
4598
3814
2034
3515
3798
2030
3149
3322
4106
2550
2425
778
2189
1849
1238
-413
-1910
-2134
-4042
-5192
-7017
-7130
-7014
-6567
-6655
-6153
-5026
-6416
-5539
-4574
-4264
-2914
-3845
-2577
-656
1922
3011
3765
3425
4239
3709
4221
4173
5276
5040
3740
4049
3939
4139
4275
3536
3292
1810
-54
-472
-1769
-2145
-3110
-4687
-3756
-4002
-5356
-6648
-6730
-6152
-8171
-5261
-6277
-3834
-4770
-5189
-3747
-4470
-1973
-2991
-1078
-496
-297
126
16
1824
4119
7477
10139
11837
12616
11147
11326
11781
12763
13602
14518
14703
13473
11494
7773
5756
1680
-162
-1202
-3826
-5533
-7993
-9777
-12508
-14316
-18349
-20895
-23345
-25994
-24573
-22177
-19964
-19067
-16928
-13434
-11329
-10405
-7079
-3919
-2125
1093
3667
5588
8394
10598
11994
12697
13686
14222
14691
13153
13775
14071
12168
12142
11186
10998
8456
8330
8372
6575
6392
7165
7262
5761
7049
6372
5479
4955
3369
2855
2918
3271
2339
1185
320
-400
-1445
-1972
-1835
-2995
-2965
-4903
-5273
-4279
-5735
-7658
-8686
-6543
-6566
-8743
-7937
-6847
-6275
-4365
-3829
-4976
-6319
-5710
-6940
-6686
-4441
-5026
-4504
-4194
-3956
-2980
-3555
-3062
-2465
-1761
-2038
-1765
-394
58
688
756
1582
1170
663
2181
447
543
445
-189
-739
1180
3282
1985
2713
1256
-199
-147
-826
2221
3053
3287
2997
1669
3428
2338
3057
1056
2098
2300
1955
3477
3492
5775
4199
3747
3045
2342
2733
1982
4238
1225
1820
2214
107
308
1603
2136
183
2473
211
-1811
693
-638
-1759
-3144
-2759
-4073
-3767
-918
-3096
-1065
-3290
-2716
-1371
-1986
-110
152
-301
-1393
-1499
-533
-265
13
-2518
-4838
-3222
-793
-3425
-2364
-2735
-3197
-2803
-1668
-1314
-1889
-452
789
2597
1780
-1390
-731
1073
1437
267
1874
3714
1834
2635
3199
4489
3940
4066
4196
3063
3398
2439
1491
-44
756
405
-1100
-899
-2621
-1542
-2148
-1920
31
-1604
-419
544
1057
1633
2506
1463
734
994
424
387
703
1793
266
-784
-310
-1234
-1346
-567
-1768
-1446
-2702
-3526
-3331
-5965
-4952
-4460
-3261
-3814
-3492
-2613
-2505
693
-1720
1028
227
20
2147
1778
2837
2545
4336
4542
3203
4418
4892
6018
4935
6499
6718
7064
7981
6131
7929
7532
7461
6196
2510
-1326
-4496
-6712
-8790
-9608
-11247
-12175
-13323
-11284
-11752
-13429
-10327
-9959
-12145
-9272
-8968
-8971
-7844
-5009
-4682
-4611
-2480
-2624
-875
607
3880
4021
4666
7242
7296
5866
5999
7950
7424
7426
8536
8777
8689
8599
9206
7873
8205
6573
7970
6168
5342
7267
5175
5424
5833
5281
4030
4036
3657
3310
3096
2516
2890
2295
1787
2070
-1393
-1476
-1244
-2120
-1875
-2228
-2454
-3108
-2703
-3720
-4236
-5919
-6441
-4175
-5182
-4949
-6695
-6481
-7473
-5899
-5369
-6543
-5339
-7501
-6451
-6035
-5272
-5806
-5207
-4056
-4551
-3158
-3256
-3243
-3229
-1349
-2260
-1747
-2768
-1473
-1152
-449
1046
934
1825
993
2610
1095
2117
3211
2730
3223
2919
3315
2729
3084
3280
3307
3360
2785
2595
2165
3251
2371
1933
3149
1535
1803
1878
3233
4056
5782
6272
4091
3552
3443
1724
2079
2328
2872
1792
1798
2587
1916
767
1360
2070
1246
1130
1220
-501
174
2279
44
-527
419
-1004
-1490
-1799
-1673
-1895
-1114
-557
-2486
-2709
-2588
-4060
-4655
-4797
-5434
-4331
-4209
-2823
-3243
-1880
-1109
-1403
-2309
-3602
-4261
-1763
3718
145
-1594
-763
-1747
-1060
1065
545
-1033
904
1942
-357
-2265
-1378
-3265
-1553
-1995
-1705
-1949
-2032
-1919
-3103
-1743
-1643
1438
1622
3996
5350
5119
5184
3149
4023
4644
3334
3864
2144
2579
4272
2494
1471
2187
2339
1572
778
406
-907
-1316
-1866
-1662
-1183
215
916
985
807
-459
-963
-1896
-830
-111
74
284
-575
-1707
-1488
-2117
-1298
-1252
-2422
-1639
-1921
-1994
-2000
-1451
-1983
-2140
54
-152
-699
35
2285
1437
1252
1820
953
1323
1962
1604
1193
2096
2852
2878
1890
3234
3526
2757
1908
1748
2290
1288
2361
-1508
-1187
-607
-2989
-3758
-3186
-2711
-2977
-2757
-2623
-2525
-2248
-2454
-2104
-1682
-2054
-1386
-1737
-904
-1426
-1866
-2266
-2921
-1679
-2108
-964
-1526
-1650
574
767
1667
676
686
881
-338
1204
679
355
957
-71
-31
363
214
239
146
1323
1434
2225
1660
2057
2069
3181
2751
2240
3757
2339
1572
1411
1181
1232
1193
1774
901
568
2075
3260
3263
2010
1751
2382
2227
365
-294
-266
733
724
551
-790
164
104
-535
-955
-52
-1402
-2907
-2167
-2058
-1516
-3387
-1580
-823
-2436
-2571
-3608
-2666
-2832
-1903
-2453
-2711
-1468
-3141
-1967
-3025
-1813
-2053
-1766
-1688
-2634
-902
-1078
-576
-796
106
-96
-1048
707
-32
-85
146
160
712
376
779
917
854
1014
1118
653
1046
1807
1769
1565
1228
1087
1772
1763
1682
2153
1160
1814
1671
2626
1656
1085
1667
1066
1153
1313
1038
94
371
-68
1271
1792
-829
287
1588
509
1550
-142
-814
257
347
-174
-349
-231
801
2000
929
-798
999
2291
1613
-11
-2142
-2032
-2146
-524
-541
-524
298
-11
-884
-1745
-851
-451
-494
-457
-2016
-1673
-74
-203
-1448
-1472
-1762
-1755
-1820
-2790
-342
494
-847
-388
-156
-196
396
-493
-452
805
66
-714
-333
-1389
-1182
-1044
-1525
-990
-598
-334
-722
-952
-870
43
-634
-157
-972
74
705
-10
1528
1956
311
405
913
-96
-798
577
589
-288
526
1019
1277
310
147
-238
77
1780
460
758
884
523
1049
1574
405
669
1676
606
1456
1226
1491
1158
1134
1070
1045
1297
410
3
658
1299
1058
86
666
-500
-459
928
-1364
-1499
-72
-178
139
-207
-595
-1434
246
-174
1084
82
400
152
-101
916
-354
-1573
-1570
-2451
-1741
357
-626
103
-205
-263
-534
-266
-198
-961
-902
-215
-243
-1573
-1200
-1040
-65
600
-143
-50
-244
882
-719
-1427
-569
-592
631
393
-136
-173
-294
-403
-355
-679
-516
-215
-7
-402
-731
-377
-628
229
-149
844
66
261
140
-422
-1566
-1101
-245
-135
93
-636
265
-26
583
2215
1497
1215
997
-351
-875
-272
581
1103
379
1008
1910
1836
1815
749
614
974
382
-536
-647
196
-94
391
-272
1478
1339
534
1834
1448
505
-265
-781
-629
196
-142
27
-925
-633
-1263
-1118
-511
-301
-119
297
204
-491
689
-150
-936
-458
-1641
-1285
-209
-218
-913
-367
-170
-814
-104
-893
365
-808
-576
98
-427
-778
-330
660
216
835
380
626
-777
-1008
558
301
-35
711
887
-213
703
1255
242
-607
-977
-682
-76
-259
-57
454
1378
1969
1362
1466
1945
1780
1718
1726
650
-140
-651
-731
-846
-1258
-2282
-3535
-3827
-3775
-4029
-1870
-1189
340
84
902
2833
1922
376
862
471
-424
431
774
1874
1605
1664
2022
2624
2156
2447
2097
2852
1899
2562
3239
2543
1102
2337
1833
-127
-816
-1972
-2929
-3061
-3035
-4725
-5411
-5695
-5631
-6670
-7591
-7907
-6461
-6087
-5783
-4365
-3677
-2878
-1522
-213
555
1168
1229
1660
2624
4026
4152
4489
4868
4598
4347
5045
6252
5720
6882
7723
7387
4288
1441
377
-349
-861
-2039
-937
414
1307
235
-846
270
935
144
757
1051
723
127
718
-232
-191
-274
-436
-510
-1557
-146
-1107
-1637
-938
-1501
-1419
-1571
-459
-1014
-874
-1356
-1666
-1263
-2106
-761
-1638
-1211
-1786
-1868
-1280
-1768
-2432
-1802
-719
-634
-333
-648
277
347
95
838
621
243
339
419
387
-143
-273
211
15
362
-219
-102
150
-861
343
-124
100
-1258
-533
-182
575
-162
684
1366
199
1373
597
977
400
623
-315
-1604
570
1726
1309
2
-171
-686
256
448
-59
501
574
-234
855
804
110
1196
702
567
826
1201
591
-290
288
369
317
596
867
-69
-662
-357
-496
180
-704
-917
44
1059
439
670
1133
44
-673
-510
-425
-1141
-222
323
-799
-629
-40
-304
-515
-458
-866
-1413
70
-196
-51
-59
95
11
-85
-217
-198
-230
462
252
230
-133
813
1035
1036
143
82
552
1280
210
413
311
246
-525
-570
359
-777
-792
-977
-1230
-1365
-869
-664
-286
658
-280
-373
221
537
109
-1711
-318
-388
103
-354
18
-155
-147
161
-65
-160
-133
714
-492
71
320
99
-514
-431
352
-21
366
1006
224
-567
-143
156
131
194
56
-114
834
448
-113
-255
835
395
-238
612
765
1021
-245
-482
-556
25
-369
-1024
-1023
-842
-152
-858
-131
97
369
851
962
1561
1627
833
234
7
672
1394
745
1032
675
1195
380
-38
-309
-281
210
-1271
-291
-366
-268
-289
-954
-456
-1320
-10
-776
-1069
-608
-723
-68
-850
-501
-226
12
-843
-227
750
1205
1270
64
162
1169
541
-149
389
1454
1400
99
703
448
-745
-438
-707
-951
-1595
-598
-705
134
54
-921
629
809
1287
647
319
690
-3
81
244
-1016
-457
-219
-1162
-474
-454
-1181
-1525
-1048
-1913
-1614
-765
-948
-1097
-1186
-1208
-1284
-629
-395
-392
152
962
885
209
685
47
9
-11
-11
-34
-41
-233
173
-694
-220
119
187
8
-893
-16
-178
1146
175
915
1568
1243
1856
2189
1756
1958
3067
2356
2294
1216
1712
1706
1013
1345
2487
2134
2625
1791
803
2476
1683
1774
875
1078
1438
1263
689
-355
-909
-1152
-1633
-819
-1655
-1573
-1652
-1880
-932
-1191
-1226
-2079
-2902
-2442
-2814
-2774
-2626
-3405
-1956
-1398
-2413
-2461
-2701
-2010
-1483
-2050
-2286
-2885
-2785
-3866
-2669
-3204
-1215
-1842
-1579
-624
-789
-205
-511
-72
35
968
795
501
1102
426
1526
1660
1383
1771
1062
1063
1602
2665
2539
2278
2594
2896
2551
3232
3533
2666
2105
3200
2785
2953
3349
1794
900
1291
1338
1898
1430
1576
1733
2220
1073
566
478
664
1111
-17
367
-271
-1099
-932
-866
-1199
-2051
-2639
-2838
-3382
-3012
-1980
-2206
-2649
-2189
-2892
-3392
-2183
-1729
-1620
-1537
-1586
-835
-852
-101
-157
809
1784
1228
3164
3308
3492
4047
4569
4633
4142
4204
4194
5027
4943
4606
5157
6361
6648
6843
7910
8141
7237
5952
5094
2570
-238
-2540
-5570
-8433
-11010
-12868
-15080
-15425
-14435
-15303
-14540
-15708
-17865
-18611
-19283
-19405
-18858
-17337
-14741
-10306
-6985
-4826
-2239
118
2882
5346
7715
9790
10882
10670
8582
7288
5152
3922
2512
1944
1397
1600
3378
5980
8458
9587
11814
15618
16934
18088
19213
18842
20473
20042
19283
17583
15771
14154
10772
8569
6377
4369
1250
-1139
-4283
-5510
-6010
-7054
-7118
-8415
-9123
-7884
-7641
-5929
-6013
-5932
-4660
-4065
-4333
-4503
-3555
-4496
-4203
-4279
-4292
-3975
-3987
-4636
-5218
-6069
-5546
-5952
-6493
-6955
-6295
-6455
-8596
-8664
-7907
-7509
-6783
-6345
-6976
-6134
-4641
-4622
-2819
-2264
-1595
-669
-398
178
-296
1043
526
1886
3077
2544
2908
4505
5431
4252
5576
5831
6852
6678
7228
7367
6595
5899
4337
4053
2560
1135
-1203
-1487
-2303
-2803
-3699
-4506
-5547
-5410
-5741
-4155
-2590
-2224
-2940
-1274
-269
2363
4161
3826
5219
5553
5189
5659
4612
4773
5669
5345
5820
5933
5870
5411
5602
5386
6681
8354
9644
10616
11485
11109
10131
8533
7375
4842
4522
3997
1988
942
-1144
-1516
-1130
577
-70
-274
-753
-2169
-3447
-5610
-7014
-8526
-9606
-10071
-10663
-10701
-11712
-12972
-12999
-14019
-14950
-15716
-14204
-13834
-13312
-11278
-10245
-8339
-6986
-6099
-4160
-2143
-56
0
-1263
-2110
-5050
-7114
-9876
-9620
-9359
-8774
-7121
-5304
-4911
-5410
-3647
-4949
-4871
-4766
-2807
-731
1733
4593
6889
8174
8628
8424
9435
10137
11462
13378
14691
15646
15985
17695
18650
19492
21269
22867
24483
25140
25371
25485
24764
25051
23859
21775
19632
18121
14782
13356
12045
9708
7940
4206
1385
-1927
-4928
-7526
-10475
-12907
-15073
-17249
-19712
-21778
-22599
-23263
-24069
-24743
-25986
-26810
-27337
-26277
-26858
-26310
-25163
-23815
-21587
-19058
-18404
-17563
-15036
-12058
-9406
-6980
-5810
-3839
-1011
832
474
1130
4046
4394
5225
5773
7131
7260
7823
8270
9993
10977
12166
11559
11988
12226
11182
9794
8477
8486
7150
6382
5777
5580
3604
3719
5420
4728
4216
4440
3862
3985
4531
5200
5741
4931
6123
5521
5454
5226
5047
5553
4686
5052
4813
4949
4655
4657
4555
4504
4707
3524
2338
2405
1376
433
678
-661
-1353
-1675
-1724
-1912
-2126
-3096
-4024
-3616
-3736
-3421
-4019
-5788
-5749
-5907
-4811
-5911
-6224
-6670
-8263
-8412
-8639
-8442
-9836
-9218
-7638
-7143
-6097
-3788
-2442
-119
1829
3475
3912
5002
5959
5183
4125
2833
950
-1930
-4597
-5584
-5161
-4701
-3565
-918
-129
1064
1269
685
200
-1824
-2330
-3891
-5573
-6022
-6701
-7302
-7374
-6346
-4853
-2981
-301
1761
2511
4000
5333
5625
5837
5733
6344
7680
7216
7180
7667
7825
8948
11373
13539
15240
16569
16459
14302
10451
4230
-1252
-6923
-12967
-15998
-16685
-17112
-16766
-14834
-12425
-10376
-8235
-6938
-4635
-2065
561
2765
5122
5944
7981
7810
6802
6763
6811
7714
9120
10257
11785
12053
12409
11816
10179
8072
6894
3438
84
-1902
-5420
-7463
-8352
-9932
-11284
-10281
-11796
-10982
-10593
-9568
-9939
-7972
-5687
-5195
-3494
-2913
-3525
-3794
-3587
-3522
-2281
-1137
-496
344
159
-438
-991
-694
-862
-779
-41
263
1739
1980
2360
3156
4009
3747
3968
4035
3443
2782
3560
2976
3695
4092
3727
4168
3899
5648
4414
5263
4837
3526
2938
1328
1124
-794
-1700
-2164
-2703
-2901
-3295
-3140
-3355
-3478
-3039
-3034
-3418
-2574
-2897
-2261
-1952
-2357
-2043
-2812
-2424
-2727
-2407
-2566
-1528
-1300
-1209
-1325
-1560
-778
-681
-374
533
926
961
1635
962
2242
2491
2295
3225
2850
3955
4069
3374
2966
1565
2422
1935
2338
3134
2763
3021
2460
2310
2381
2863
2722
1606
1968
2014
1846
1802
1764
1888
1061
67
-169
440
-418
-513
-1209
-2010
-1692
-2654
-2935
-3484
-2723
-2663
-2853
-2451
-2733
-2953
-2911
-3323
-3746
-3504
-3949
-3239
-3382
-2899
-2675
-2924
-2228
-2384
-2710
-2497
-2074
-2136
-1776
-1786
-1441
-1904
-829
-268
-1315
-57
1078
877
1876
2305
2057
1641
1987
2591
2240
2307
3114
2706
3212
4097
4016
3511
3574
3246
2844
2792
2488
2225
1685
2433
2456
1983
1755
2077
1341
1031
1411
360
-63
-305
10
-351
-968
15
-561
-1877
-1593
-1104
-1949
-1408
-1585
-2082
-1859
-2528
-1440
-975
-1002
-1201
-1635
-1661
-2146
-1627
-1536
-1093
-738
-891
-529
-451
-1094
-1099
-794
-1422
-912
-1006
-1472
-1073
-275
-435
-814
-388
-248
-40
779
755
-13
1068
872
623
1170
1235
1005
693
1260
1579
1755
2031
1732
1797
1704
1830
1375
910
920
775
650
1195
1003
752
642
-56
-463
-904
-1037
-246
-311
-528
-650
-800
-271
-445
-422
-1159
-726
-212
-98
-27
-2
-265
-749
-333
-1062
-1018
-338
220
-29
-486
-380
-428
-635
-13
66
-188
399
-226
474
167
551
319
274
383
-43
446
51
170
-97
1139
73
-299
428
-351
-875
-150
-900
-257
125
3
-198
-572
-217
-758
-929
-148
701
321
819
874
81
393
703
694
1097
629
605
696
851
585
1038
1141
955
717
913
843
591
500
717
434
548
353
29
22
95
-109
466
-178
-358
-33
-404
125
192
-456
-549
-903
-648
-804
-990
-847
-1105
-1055
-1323
-1180
-1437
-1824
-1395
-1796
-1468
-1761
-2205
-952
-662
-995
-690
-651
-674
-699
217
235
6
846
724
237
635
375
340
1002
1365
1481
1522
1372
815
742
1298
582
39
715
301
-31
415
447
-222
779
-108
79
305
11
537
463
148
368
886
526
808
753
832
630
621
666
983
1084
896
497
203
424
60
780
1280
687
1117
684
475
247
783
332
-1
749
114
71
-445
242
-1334
-1041
-1173
-1611
-793
-1285
-1508
-1361
-1329
-1876
-1355
-137
-1505
-985
-629
-1943
-864
-1105
-1549
-1687
-1557
-1400
-1715
-997
-1444
-1471
-1751
-1623
-786
-1474
-1202
-926
-1005
-933
-477
8
274
714
1103
474
232
1165
477
835
1407
1180
807
1811
1589
1196
2175
1836
2014
2137
2199
2357
2126
2486
1809
1465
1779
1707
1262
1271
1388
1434
1353
926
1285
686
466
1369
792
153
608
-172
-689
-799
-827
-1321
-1296
-693
-121
284
-350
188
-1231
-760
-290
-892
-1226
-1688
-1927
-2365
-2148
-2993
-2824
-3475
-2705
-2147
-2306
-2431
-2593
-1739
-1552
-1212
-1644
-616
-698
-491
110
337
482
195
308
193
705
969
1230
731
1106
1267
1788
2010
1983
2419
2410
1745
1249
1523
87
728
116
-1009
-740
-1207
-1210
-1400
-1106
-1072
122
708
1952
2848
3753
5302
5190
4834
4849
3094
2345
1037
-1961
-2692
-4010
-5472
-6215
-6548
-6638
-6484
-6165
-6147
-4102
-4148
-2476
-1393
-1066
13
1264
1936
2215
2620
2578
3459
4395
3798
5051
6159
5939
6640
6629
6907
6751
5770
5657
4634
4363
3610
2311
1187
-232
-488
-697
-1760
-2377
-2656
-3103
-3970
-4318
-4677
-5275
-4688
-4561
-4527
-4498
-4808
-5022
-4977
-5101
-4368
-4417
-4600
-3964
-3345
-3402
-3380
-2660
-1750
-1278
-751
-190
-375
724
1492
611
1040
942
1377
1469
1128
1046
302
19
580
399
-204
-112
52
333
700
1479
1328
2155
4080
3837
3870
4498
5099
5142
5702
6139
5955
5758
5235
4899
4358
4063
3618
3436
2775
2152
1319
-4
-779
-1836
-2584
-3272
-3389
-4150
-4719
-4594
-4565
-4636
-4395
-3988
-3940
-3492
-3399
-2910
-2691
-2663
-1984
-882
-654
-1014
-448
687
-137
557
1716
530
1034
962
660
957
863
1204
46
312
696
-66
580
1185
814
1046
2117
2148
1341
1825
917
691
190
-416
-99
-1001
-1297
-1300
-2067
-2225
-1955
-1857
-2699
-2041
-2456
-1751
-913
-856
-1433
-707
-425
-252
-3
31
-475
-740
-1149
-1949
-1836
-1691
-2001
-2433
-1792
-2423
-1364
-753
-1264
-801
-165
-532
-244
341
713
1049
1426
1476
1963
2522
3386
3896
4125
5134
4978
4910
5149
5103
4639
4584
4049
3943
3623
3245
3530
2889
2489
3127
2438
2112
944
1274
266
-301
-410
-861
-1260
-1271
-1201
-2509
-2155
-2618
-2439
-2173
-2914
-2910
-2338
-1768
-2131
-2656
-2332
-2680
-3152
-3722
-3119
-3166
-3469
-2706
-3079
-4023
-3824
-3672
-3210
-3637
-2315
-2237
-3216
-2883
-3465
-3853
-3867
-2838
-3395
-3059
-1675
-1787
-1160
-681
786
1680
1851
2781
3247
4448
5566
6058
6043
6976
6279
6382
6673
6040
5809
5807
5608
5601
4464
4120
3089
2122
1579
604
104
-440
-589
-1783
-1586
-2078
-3220
-3217
-3666
-3793
-3911
-4009
-4382
-4803
-5239
-4345
-4721
-5124
-4725
-4130
-4031
-3535
-2456
-2184
-1106
-661
382
1042
1055
2495
2925
3171
3592
3561
3862
3850
4154
3840
3621
3180
3197
3204
2309
2253
1658
989
898
120
-572
169
-180
471
1100
1530
1755
1907
2665
3527
4061
4065
4537
3812
3185
1838
1190
743
45
-1392
-2234
-2775
-3735
-3958
-4252
-4489
-4778
-5032
-5042
-5221
-5349
-5478
-4847
-4770
-4691
-4895
-4265
-4037
-3911
-4099
-4901
-3847
-4101
-3314
-3257
-3471
-3003
-2350
-2545
-2259
-1634
-1473
-15
559
1487
2263
2936
2777
3153
3813
4249
4376
4235
5237
4707
4895
4448
4518
4222
3882
4308
4614
4500
4543
4152
3259
3645
3036
2735
2412
2022
2469
2006
1878
1567
1190
839
523
160
-157
-290
-398
-283
-1397
-977
-1392
-1469
-1494
-1876
-1931
-2174
-1696
-1876
-1718
-2029
-1944
-2362
-2827
-3007
-2276
-2162
-1813
-2248
-2192
-980
-1548
-999
-735
-893
-390
-228
-256
455
667
796
698
277
1169
1746
1690
2817
2939
2708
3242
2988
2817
1854
1511
1316
125
-956
-1548
-3119
-3965
-4809
-5437
-5435
-5902
-5684
-5298
-5428
-5385
-4650
-4108
-3742
-3698
-3211
-2464
-1991
-1566
-1002
-625
-251
176
1023
1429
1827
2528
2903
3101
3107
3624
3989
4320
4353
3942
4378
4111
3954
4080
4066
3763
3698
3504
2887
2765
2141
2110
2232
2559
2041
2067
3082
2852
3437
4427
5266
6217
7060
7280
8052
6888
5077
2706
36
-2574
-5681
-7620
-10223
-12853
-13989
-14458
-13970
-12325
-11123
-10402
-9379
-8667
-7049
-5429
-3324
-2164
-1536
215
624
1063
1673
1653
1910
2894
3576
3718
4077
5183
5129
5432
5322
5240
5729
5940
5548
4931
4091
3397
2390
1600
862
-221
-167
-227
-395
303
-24
968
888
448
708
307
522
-102
80
-204
-568
-992
-981
-2160
-3487
-3883
-4706
-5166
-5207
-3745
-2821
-1808
-413
319
1182
1897
1691
1813
978
-464
-982
-2161
-2100
-3004
-2843
-2819
-2856
-2284
-2747
-1398
-1704
-1406
-1489
-1140
-369
-583
-273
-180
-336
-385
-40
-57
33
468
893
1629
1879
2316
2575
2647
2937
2408
2252
2477
2701
2828
2714
2865
2717
3580
3806
3651
3814
3598
3459
3729
3253
3734
3527
3500
3378
2979
2458
2205
2230
1746
1069
782
-314
-9
-469
-831
-1182
-1777
-2707
-3954
-4351
-5377
-5448
-5658
-5608
-5633
-5243
-4620
-4120
-4358
-4312
-4066
-3355
-3224
-2167
-1889
-1541
-325
229
1282
2365
2991
4140
4990
5594
5378
5543
5828
4939
4321
3125
1222
-678
-1964
-4078
-6038
-8043
-9335
-9966
-10729
-10711
-10253
-9725
-8557
-7111
-6012
-4180
-2831
-1628
-316
1260
1983
3308
3482
3782
4746
4796
5234
5154
5159
5258
5239
5162
4564
4751
4856
4173
4236
4424
4128
4386
4348
3983
3833
3811
3614
3432
3364
3281
2900
2884
2732
2517
2586
1910
2302
1281
1387
1306
853
714
310
139
-257
-352
-428
-709
-693
-1186
-1854
-1523
-2012
-2209
-2326
-2587
-2438
-2794
-3188
-3140
-3433
-3802
-3695
-3817
-3945
-3614
-3502
-3563
-3904
-3320
-3288
-2972
-2929
-2772
-2557
-2442
-1935
-1709
-1603
-1307
-1555
-1801
-1596
-1566
-1341
-1403
-1203
-458
-474
-247
217
187
499
567
510
595
681
383
292
-119
-758
-650
-67
510
734
873
1182
1742
1597
2110
2860
2604
3213
3074
3234
3586
3326
3403
3097
3392
3003
2751
2733
2506
2874
2913
3552
3274
3120
3028
3011
2882
2784
2001
930
816
-44
-710
-938
-2020
-3000
-2855
-3371
-4035
-4615
-4250
-4458
-4774
-4088
-4025
-3282
-3266
-2011
-1807
-1326
-12
-134
729
1006
1489
2132
2251
2563
2179
2024
1866
1204
895
41
-322
-1310
-1774
-1489
-1870
-1836
-2272
-1984
-1951
-1776
-751
-941
-891
-572
104
166
841
1353
1161
1903
1720
1625
2017
1892
1678
1533
1052
340
-245
-251
-996
-905
-1226
-1155
-1295
-1568
-1254
-1683
-956
-923
-791
-242
136
622
447
913
1338
1632
1855
1713
2312
1964
1612
1134
1165
1016
244
127
-136
-902
-1250
-1555
-1743
-2208
-2508
-3041
-3443
-3239
-3356
-2837
-2092
-1388
-1235
-271
197
730
1404
2016
2725
2847
2997
3553
3815
3625
3453
3824
4060
3890
3918
4350
4203
4351
4160
3317
2792
2617
790
-898
-1907
-3957
-5697
-7091
-8353
-9500
-9569
-9731
-9053
-8223
-7545
-5871
-4504
-3418
-1898
-483
649
1042
1869
2780
2642
2818
3376
3467
3435
3664
3678
4171
3932
3811
3724
3234
2704
2556
2631
1983
1904
1773
1413
1180
1524
1461
875
1202
1188
328
730
771
442
301
795
401
180
485
40
-162
-412
-437
-1089
-1333
-1701
-2069
-2126
-3073
-3248
-3458
-3763
-2785
-2398
-2156
-1903
-1294
-1161
-503
382
809
1333
1813
2481
2412
2217
2848
2060
1544
1324
764
19
-270
-703
-1315
-1548
-2097
-1896
-2153
-1903
-1884
-1821
-1507
-985
-943
-1442
-1164
-1455
-1392
-1208
-1359
-944
-890
-622
-741
-1027
-1783
-1711
-1795
-2053
-1580
-1219
-914
-22
1228
1283
2045
3347
3714
4219
4632
4146
3570
3607
2856
2052
2119
1575
1241
1737
1530
1432
1704
2101
2526
2999
3477
3656
3673
3175
2411
1444
144
-1335
-2429
-3663
-4671
-5533
-5973
-6167
-6271
-6101
-5704
-5461
-4574
-3968
-3569
-2618
-1625
-1457
-680
61
422
1139
1077
1638
1533
1901
1853
1846
2482
2115
2562
2657
2609
3117
3222
3253
3342
3435
3066
2937
2440
2374
1744
1456
1248
359
-164
-583
-1204
-1830
-2252
-2063
-2518
-2813
-2460
-2690
-2613
-2234
-2197
-1848
-1208
-934
-603
-340
-598
-784
-868
-1249
-1297
-1332
-1603
-1605
-1554
-1416
-1196
-1088
-352
151
336
1062
1880
2388
2898
3014
3565
3490
3319
3722
3092
2885
2968
2632
2130
2058
1137
902
497
185
-374
-875
-826
-1508
-1495
-1729
-2371
-2755
-2891
-2687
-2818
-3019
-2797
-2685
-2903
-2717
-2519
-2905
-2613
-2207
-2154
-2389
-2110
-1746
-1925
-1504
-1269
-1367
-738
-597
-187
283
478
733
1261
1670
2048
2617
3115
3077
3528
3766
3633
3892
3834
3916
3646
3563
3222
3139
2617
2217
2032
1258
1047
513
30
-383
-768
-918
-1380
-1220
-1192
-1290
-1456
-1423
-954
-1266
-846
-488
-802
-295
-130
-361
-120
422
528
183
420
19
63
-25
4
-189
-291
-293
-788
-377
-548
-771
-721
-884
-928
-984
-806
-805
-816
-960
-1006
-858
-924
-807
-927
-1130
-658
-822
-818
-604
-690
-436
-397
-127
-277
-87
-357
-328
-414
-418
-520
-865
-212
-211
-495
-591
-338
-746
-694
-554
-830
-713
-1058
-892
-882
-914
-703
-594
-345
-504
-197
310
302
405
688
799
840
1061
1224
1084
1462
1681
1410
1817
2152
1886
2553
2759
2736
2814
3053
3081
3185
3242
3199
3197
3022
2809
2541
2667
1928
1807
1340
927
547
16
-308
-918
-1025
-1415
-1787
-1781
-2040
-2378
-2270
-2106
-2285
-2197
-2152
-2084
-1995
-1873
-1686
-1806
-1556
-1777
-1782
-1598
-1920
-1846
-1856
-2387
-2242
-2093
-2188
-2194
-2266
-2383
-2618
-2130
-2547
-2299
-2098
-2349
-1956
-1836
-1772
-1617
-1402
-1436
-859
-564
-366
-335
127
551
793
1089
1515
1986
2491
2855
3466
3575
3903
4188
4475
4344
4592
4916
4633
4915
4528
4402
4402
4072
4398
3535
3335
3397
2549
2578
1992
1969
1783
1353
1023
658
590
-24
104
-141
-615
-888
-1315
-1246
-1551
-1906
-1873
-2688
-2794
-3015
-3255
-3492
-3904
-4034
-4652
-4769
-5032
-5221
-5605
-6108
-6607
-6903
-6780
-7039
-6378
-6064
-5650
-4773
-4517
-3488
-2800
-1786
-1046
-77
834
1360
1847
2586
2971
3311
4212
4560
4663
5416
5536
5303
5375
5652
5280
4967
5361
4738
4526
4337
3794
3140
2561
2489
2106
1587
1440
1398
696
408
395
-196
-437
-137
-660
-1002
-748
-956
-977
-890
-665
-521
-666
-642
-582
-1164
-1217
-1440
-1829
-1918
-1932
-1778
-2087
-1283
-1471
-1410
-418
-276
-29
-30
120
286
236
557
157
-131
-137
-375
-539
-931
-983
-1129
-1344
-1229
-1286
-1497
-1101
-1117
-976
-844
-981
-567
-609
-494
-313
-346
134
-157
-62
156
207
831
756
607
565
742
1026
811
849
519
432
260
-139
-88
-564
-566
-697
-754
-960
-1156
-733
-1087
-1044
-315
-343
-548
65
119
94
569
497
608
758
1277
957
1132
1930
1417
1443
1950
1557
1486
1698
1647
1315
1067
1239
1208
1012
1217
1445
1054
1333
1114
1438
1211
1091
1409
997
790
961
533
487
274
209
-125
-402
-670
-1341
-1571
-1892
-2155
-2719
-2702
-2732
-3416
-3401
-2983
-3035
-2740
-2334
-1932
-1618
-1202
-805
-459
-165
286
638
481
977
965
942
1096
953
1168
1058
1206
1052
988
841
542
-135
-503
-1001
-1559
-2039
-2608
-2882
-3214
-3324
-3099
-3161
-2958
-2373
-2445
-1915
-1687
-940
-802
-214
322
180
906
1260
1567
1865
1948
2257
2402
2667
2856
2757
2917
2929
2825
2821
2814
2600
2710
2573
2603
2420
2520
2524
2547
2551
2033
2136
2071
1995
1827
1729
1557
1440
1276
984
630
527
341
182
-68
-260
-349
-994
-711
-1274
-1617
-1600
-2023
-2069
-2252
-2493
-2628
-2718
-3078
-2969
-2946
-3183
-2969
-3076
-3068
-3016
-3258
-2879
-2658
-2581
-2144
-2207
-1859
-1504
-1280
-1048
-645
-626
-272
-122
-306
221
416
349
700
525
628
722
559
964
718
556
667
715
543
701
656
480
727
832
752
898
924
1297
988
719
1101
1161
1088
927
1198
1176
1115
951
1138
1196
616
749
997
813
776
984
802
386
975
1034
781
703
896
1066
340
583
846
657
620
742
790
268
406
443
228
80
14
-23
-393
-538
-236
-324
-651
-453
-729
-809
-657
-812
-802
-687
-888
-1049
-877
-905
-1057
-1236
-1189
-1118
-990
-937
-798
-844
-885
-594
-521
-76
291
525
732
990
1195
1061
1051
1078
849
843
592
220
235
75
237
136
-80
160
493
221
508
1067
983
1456
1977
2087
2665
2946
2665
2668
2461
1840
1208
411
-719
-1985
-3198
-4384
-5550
-6460
-7416
-7972
-8256
-8651
-8651
-8181
-7810
-6930
-5873
-4737
-3801
-2646
-1510
-451
365
1205
2121
2768
3326
3865
4619
4797
5008
5343
5494
5530
5628
5758
5828
5781
5829
5707
5520
5192
4951
4630
4170
3865
3268
2770
2635
2163
1657
1206
800
488
-213
-262
-636
-997
-963
-1323
-1452
-1442
-1642
-1874
-1859
-1923
-2117
-2008
-2139
-2193
-2054
-2079
-2100
-2164
-2146
-2269
-2142
-2010
-2167
-1956
-1865
-2107
-1927
-1943
-2011
-1924
-1808
-1881
-1959
-1756
-1667
-1662
-1506
-1528
-1457
-1156
-875
-923
-735
-377
-294
-103
197
219
310
576
598
712
1040
980
917
1245
1268
1177
1386
1625
1339
1341
1478
1379
1452
1537
1358
1342
1300
1308
1230
1270
1219
1051
1096
831
800
965
528
476
589
388
338
217
183
8
0
-31
-236
-261
-175
-480
-398
-424
-602
-417
-593
-537
-544
-698
-473
-712
-639
-432
-664
-526
-406
-370
-507
-495
-313
-363
-511
-430
-267
-286
-243
-137
-184
-22
75
-45
-124
106
222
144
178
293
266
133
285
259
140
279
299
147
259
324
158
31
255
195
-108
98
193
-60
107
161
-23
-59
83
125
-48
118
197
8
-67
78
85
-26
82
161
-45
-19
108
-9
12
178
129
-67
-7
96
-85
-156
110
-14
-97
99
117
-81
79
88
-77
-57
119
33
44
245
188
-57
-24
38
-208
-217
-9
-36
-242
-209
-182
-375
-458
-326
-506
-671
-760
-821
-945
-948
-947
-1164
-1293
-1354
-1412
-1572
-1575
-1572
-1680
-1741
-1705
-1752
-1712
-1572
-1546
-1459
-1157
-976
-803
-487
-279
-82
152
609
1015
1262
1674
2074
2245
2549
2962
3055
3084
3332
3426
3387
3467
3664
3487
3269
3200
3018
2794
2664
2460
2130
1850
1657
1378
1015
819
590
316
107
-124
-380
-525
-690
-877
-1016
-1272
-1582
-1747
-1914
-2139
-2262
-2353
-2427
-2575
-2656
-2547
-2548
-2576
-2466
-2273
-2232
-2042
-1764
-1648
-1535
-1381
-1283
-1243
-944
-771
-751
-596
-430
-388
-378
-261
-142
-191
-88
47
62
207
301
360
374
442
490
551
713
838
852
906
947
922
895
896
926
783
636
585
522
338
219
134
-22
-206
-347
-425
-511
-553
-543
-550
-568
-595
-528
-400
-307
-210
-89
52
148
249
396
569
669
713
860
1008
1068
1165
1309
1406
1426
1479
1546
1539
1519
1460
1433
1427
1391
1314
1310
1224
1109
965
815
701
611
510
363
272
227
32
-195
-293
-386
-502
-580
-602
-672
-773
-927
-1054
-1135
-1203
-1224
-1214
-1194
-1184
-1204
-1232
-1234
-1224
-1191
-1191
-1160
-1139
-1144
-1127
-1065
-993
-924
-894
-845
-786
-722
-674
-613
-507
-400
-324
-281
-197
-119
-128
-172
-177
-134
-100
-106
-96
-57
-98
-210
-265
-276
-312
-289
-212
-121
-81
-75
-23
44
69
110
246
382
441
515
627
704
729
770
866
976
1064
1125
1186
1252
1316
1338
1338
1385
1421
1402
1379
1362
1313
1244
1192
1111
993
887
773
671
589
480
373
285
204
108
-35
-171
-258
-319
-370
-420
-471
-527
-612
-662
-684
-711
-743
-745
-723
-730
-743
-759
-770
-731
-660
-647
-648
-577
-486
-458
-451
-417
-372
-310
-239
-236
-311
-349
-321
-302
-315
-355
-409
-441
-447
-480
-559
-627
-640
-630
-632
-638
-640
-643
-644
-645
-662
-679
-647
-571
-505
-458
-409
-368
-324
-243
-157
-81
8
130
253
359
454
537
616
722
829
916
1000
1087
1168
1249
1317
1356
1370
1376
1387
1391
1384
1374
1354
1323
1297
1270
1205
1130
1066
1002
924
858
794
707
616
515
376
221
95
-20
-140
-234
-329
-451
-573
-676
-789
-900
-973
-1045
-1130
-1205
-1270
-1349
-1424
-1469
-1505
-1543
-1550
-1541
-1541
-1540
-1515
-1484
-1445
-1375
-1299
-1228
-1154
-1065
-975
-877
-769
-657
-550
-428
-302
-188
-65
64
194
323
442
543
634
726
813
892
964
1027
1088
1137
1166
1172
1169
1169
1165
1168
1167
1145
1111
1075
1033
981
930
889
848
806
767
729
672
609
557
495
422
359
296
213
134
71
4
-64
-118
-175
-240
-299
-349
-398
-438
-475
-510
-545
-579
-615
-646
-675
-702
-716
-722
-721
-716
-711
-711
-709
-707
-696
-675
-658
-635
-605
-575
-545
-506
-473
-442
-399
-346
-298
-247
-191
-149
-109
-61
-15
28
78
130
176
217
266
309
346
383
420
452
479
499
510
514
515
519
512
496
483
463
428
395
364
325
288
261
221
174
134
91
43
2
-32
-65
-94
-115
-139
-159
-175
-189
-199
-204
-199
-198
-194
-184
-179
-173
-164
-155
-154
-144
-137
-136
-130
-119
-116
-112
-99
-95
-93
-82
-73
-68
-56
-33
-21
-3
22
39
55
74
91
101
113
131
134
137
146
144
135
126
119
105
95
89
74
62
53
44
26
15
10
-4
-14
-17
-21
-29
-30
-31
-36
-40
-43
-45
-47
-47
-47
-47
-44
-42
-39
-33
-27
-23
-18
-13
-9
-6
-1
1
2
0
-2
-6
-10
-15
-26
-33
-43
-49
-57
-65
-73
-81
-87
-98
-103
-113
-121
-127
-137
-146
-155
-163
-169
-175
-178
-182
-181
-176
-174
-166
-154
-143
-131
-114
-96
-84
-67
-50
-35
-16
0
14
29
44
57
72
88
103
118
134
150
162
174
185
196
202
207
208
210
211
208
205
199
196
191
183
174
163
157
145
135
126
117
109
100
93
87
84
80
77
76
73
68
64
59
53
45
35
26
16
2
-10
-22
-35
-46
-53
-66
-76
-81
-87
-91
-96
-99
-101
-108
-110
-112
-115
-115
-120
-125
-129
-132
-138
-141
-144
-147
-149
-146
-147
-141
-136
-130
-121
-113
-104
-93
-83
-73
-65
-59
-49
-44
-39
-33
-27
-20
-13
-5
2
10
18
23
30
33
39
44
45
48
49
51
55
57
59
60
60
62
62
62
63
62
59
58
59
59
58
56
56
58
60
62
65
66
71
73
79
82
84
88
88
87
85
88
82
80
77
71
65
59
55
51
46
41
36
32
27
24
22
22
20
20
20
20
20
16
16
12
9
3
-3
-11
-18
-23
-32
-43
-52
-61
-70
-75
-80
-84
-91
-90
-92
-91
-90
-91
-84
-79
-75
-69
-64
-59
-54
-49
-44
-38
-33
-27
-23
-21
-17
-11
-9
-5
-7
-4
-2
-2
-1
-1
3
5
8
9
12
14
16
21
21
23
28
29
34
34
36
39
41
44
45
47
49
50
55
53
54
55
55
57
54
56
56
55
54
53
55
50
52
49
48
45
42
40
36
33
27
25
18
12
9
3
-1
-5
-11
-14
-21
-22
-26
-29
-31
-34
-34
-37
-37
-36
-38
-36
-35
-37
-36
-35
-32
-34
-35
-32
-31
-32
-33
-34
-33
-33
-34
-35
-36
-36
-37
-36
-35
-37
-35
-33
-33
-32
-29
-27
-26
-23
-19
-12
-9
-4
2
5
9
15
19
22
30
35
40
40
44
47
49
51
51
52
52
53
51
48
45
43
38
35
32
29
24
21
17
13
11
6
2
-2
-5
-7
-9
-11
-12
-14
-14
-10
-13
-11
-10
-11
-10
-9
-9
-9
-6
-5
-6
-4
-2
-5
-3
-5
-6
-6
-4
-8
-6
-9
-13
-14
-15
-19
-21
-25
-25
-28
-31
-31
-31
-31
-29
-31
-32
-30
-27
-29
-28
-27
-26
-23
-21
-19
-17
-18
-18
-14
-13
-10
-8
-7
-6
-3
-1
0
0
0
2
3
4
5
6
3
4
4
5
5
7
6
8
8
10
11
9
13
12
14
13
14
15
13
15
13
15
16
16
14
12
11
10
7
6
4
2
1
2
-1
0
-1
-1
-3
-2
-3
-4
-4
-3
-3
-3
-3
-5
-7
-4
-7
-7
-7
-9
-10
-9
-12
-11
-11
-12
-11
-15
-13
-13
-12
-11
-12
-11
-11
-11
-9
-5
-3
-2
-1
-2
-1
-1
0
2
4
2
3
2
1
-1
1
2
0
1
-2
1
-1
0
-3
-2
-1
0
1
-2
0
0
-2
-1
-1
-2
-3
0
1
-1
0
-1
-1
-2
-2
0
-3
-2
-1
1
1
1
0
0
1
2
0
0
2
1
1
2
2
1
1
-1
-1
0
-4
-3
-3
-4
-2
-3
1
0
-2
1
0
-1
-1
-1
0
1
-2
-1
0
-2
-2
0
-1
0
-2
-1
-1
-1
-2
-3
-3
-4
-4
-4
-6
-4
-2
-2
-1
1
3
3
0
1
-1
-1
1
0
0
-1
-1
0
0
-1
-1
-1
-1
2
2
2
1
-2
0
-1
-1
-2
-3
0
0
-1
-1
-1
0
0
2
0
-1
0
-2
-3
-4
-1
-3
-1
-4
-4
-1
-2
-1
0
-1
-1
-1
-1
-2
-4
-6
-4
-4
-3
-3
-4
-2
-2
1
0
0
-1
1
1
-2
-1
-1
0
-1
-2
-1
0
1
1
1
0
2
2
1
2
1
-1
0
0
0
-1
1
1
3
3
2
-1
0
2
0
-1
1
1
-1
0
0
0
-1
0
-1
0
0
0
-1
-1
0
-2
-3
-3
-2
-2
-4
-3
-3
-2
0
-2
0
-4
-1
0
-3
0
-1
-2
-3
-3
-2
-2
-3
-1
1
1
-1
1
1
-1
-2
-1
-1
-1
-1
-1
0
-1
0
1
2
0
0
1
1
1
-1
1
-1
0
-1
-1
1
1
-1
0
-2
-2
-2
-3
-1
-2
-2
-1
1
0
-1
-3
-1
-1
-1
2
-1
1
2
-2
1
1
-1
0
-2
-1
-4
-3
0
0
-1
0
2
0
3
1
1
0
0
0
0
1
0
-1
-2
-1
-1
