0
0
1
3
2
-1
-1
-1
2
1
2
0
0
2
2
1
0
2
1
1
0
0
-1
0
1
0
1
-1
2
-1
-2
0
2
1
-1
0
-2
-1
1
-1
0
1
1
1
2
-1
0
1
1
-1
-2
-2
-1
-1
-2
-2
1
0
-1
1
2
1
2
2
-1
1
3
1
0
1
-1
1
1
1
1
1
0
1
0
-1
-2
-1
-1
-3
-2
-2
-2
-1
-2
-2
0
2
1
-1
-1
-1
1
1
-1
1
1
1
0
2
0
0
1
1
2
-1
-2
-2
0
-1
-3
-1
0
-1
1
0
-1
0
1
0
-1
0
-1
0
0
0
0
0
2
-2
-1
1
1
-1
-1
2
0
2
1
1
0
1
2
2
3
3
-1
1
0
1
0
1
-1
-1
0
1
0
0
0
-1
-1
-1
-1
-3
-1
-2
-2
0
-2
0
-1
-4
0
-2
0
-1
-1
0
1
1
1
-2
-3
0
0
0
0
-1
-1
1
-2
0
2
1
1
0
-1
1
2
0
2
1
1
1
1
1
1
1
3
2
0
3
2
1
-1
0
1
0
0
-2
-1
-1
0
-2
-1
-1
-1
0
0
0
-1
0
2
2
1
1
2
-1
1
1
-1
-2
0
0
-2
-1
0
0
-1
-1
-1
-2
-1
0
-1
0
1
-2
-1
1
0
1
-2
0
1
-1
-2
-1
-1
-1
1
1
0
-1
-1
0
-2
-1
-1
0
0
1
2
2
0
1
1
0
2
-1
-1
-3
-2
1
-3
-1
1
0
0
0
-1
1
0
0
2
1
0
2
2
0
0
0
-1
1
-2
0
0
-2
-1
0
1
0
-1
1
2
0
1
1
1
1
0
0
1
0
0
1
0
0
2
1
1
3
1
0
1
0
-2
-1
-1
-2
-3
-1
1
-1
-2
1
-1
-3
-3
0
3
0
-1
-1
-1
1
0
-2
-1
-2
-1
-1
-1
-1
0
0
0
-1
-1
-1
0
3
1
1
0
0
0
0
0
-1
0
0
-1
1
-1
3
1
-2
1
1
1
1
0
2
2
2
2
2
1
0
0
2
1
1
1
0
0
0
0
0
1
0
0
-2
-3
-4
-2
0
1
-2
-1
0
1
1
3
5
2
2
1
0
-1
-1
0
-1
-1
-1
-1
2
2
1
0
1
-2
-1
-1
1
1
1
1
5
1
2
-1
-1
1
-3
-1
-3
-5
-3
-4
-4
-4
-3
-3
-4
-2
-1
3
3
1
2
3
3
2
1
0
2
-1
-1
-2
-1
0
2
0
2
4
5
4
3
3
0
0
2
0
1
-1
-1
2
2
1
0
1
1
1
1
-2
-1
-1
-4
-1
0
-1
-2
-1
-1
-2
-2
-2
-1
-2
-3
-1
-3
-2
-5
-4
-3
-5
-2
-1
-1
1
1
0
1
2
2
3
2
1
4
1
3
1
2
0
1
3
0
4
3
3
2
2
4
1
0
1
1
1
2
-3
2
2
1
0
1
0
-5
-2
-2
1
3
0
-2
-1
-5
0
0
-1
-3
-1
-3
-2
-4
-4
2
1
-1
-3
-2
-4
-4
-3
2
0
2
2
-1
0
3
1
4
1
1
-1
-2
0
-2
1
3
0
-5
-1
0
-1
-2
-2
-1
1
1
2
1
-3
1
2
1
1
1
-1
0
-5
-1
2
2
-1
1
1
-1
0
1
2
0
1
4
0
-3
-2
-5
-1
2
3
0
2
4
-1
0
2
-2
0
1
-1
-1
-8
-4
2
-2
0
-2
-2
-2
-1
1
-2
-1
5
-1
-3
0
-1
4
1
6
4
0
6
5
1
4
5
0
-1
3
3
-4
0
-2
-3
0
1
-4
-2
4
4
-3
-2
1
-2
-3
-4
-1
-1
-4
-1
-3
-2
-3
0
1
-3
2
-1
-2
2
1
1
2
-1
0
-3
-4
-1
2
1
1
5
3
-3
-2
1
1
2
-1
-2
7
3
-4
3
6
-1
3
4
-2
2
3
1
4
3
2
7
4
2
6
7
0
-2
7
1
1
7
4
0
0
1
4
2
1
-2
9
14
4
10
13
4
5
10
2
2
-2
11
16
-6
-10
-4
-1
-19
-9
-15
-31
-30
-31
-28
-54
-50
-54
-33
-52
-70
-59
-34
-85
-82
-59
-88
-80
-70
-60
-75
-66
-86
-70
-91
-98
-97
-76
-65
-70
-55
-53
-40
-64
-27
-38
-34
4
15
-16
-9
62
16
-2
52
109
57
57
83
69
97
84
139
191
144
112
194
172
99
117
162
227
191
202
186
153
218
150
127
169
75
137
181
154
155
196
169
223
146
119
145
217
189
202
273
250
251
250
288
265
258
267
273
289
157
205
199
211
91
66
133
-5
-15
-127
-87
-176
-265
-339
-414
-415
-503
-571
-522
-559
-739
-647
-765
-816
-769
-822
-746
-829
-729
-847
-753
-821
-644
-662
-641
-512
-570
-387
-449
-328
-247
-67
-123
54
79
128
248
226
417
436
622
470
704
729
730
777
811
825
839
740
736
827
706
861
696
750
684
586
488
523
440
422
421
338
196
211
164
27
-31
-44
89
-197
-50
-144
-240
-128
-312
-339
-178
-288
-398
-282
-346
-348
-389
-470
-339
-386
-358
-394
-348
-467
-285
-574
-253
-351
-396
-336
-321
-198
-317
-144
-207
-131
-94
-170
38
-9
-144
178
-21
219
21
154
189
-30
250
170
153
367
42
135
344
257
-24
176
251
112
372
151
-120
412
34
62
23
43
10
47
-43
30
-59
-202
-110
-125
-197
-326
-106
-173
-419
-46
-315
-404
-28
-270
-337
-264
-39
-321
-295
-64
-74
-261
100
29
-106
-3
193
78
9
212
177
205
182
378
134
426
333
327
179
273
265
343
341
91
423
325
110
319
262
202
319
185
388
231
169
-13
189
184
-16
-183
281
-132
-227
-162
-284
-150
-337
-516
-83
-587
-418
-372
-606
-179
-748
-380
-470
-740
-194
-625
-496
-440
-438
-285
-775
-171
-307
-240
-247
-127
73
-50
151
285
95
408
51
506
448
334
763
418
703
543
525
613
566
313
572
432
187
734
161
377
360
215
270
116
207
26
92
-9
131
-98
-27
-60
-129
-26
-84
-305
100
-170
-213
-10
-447
30
-420
-298
-114
-370
-396
-96
-368
-310
156
-436
-249
11
-241
-85
-362
-106
-147
-322
-339
-24
-168
-469
-226
-149
-486
-492
-175
-509
-615
-311
-436
-409
-268
-379
-244
-203
-378
28
-98
-212
-345
132
-142
-111
-41
-12
186
48
126
412
153
506
414
351
901
650
766
967
1297
1233
1237
1565
1676
1763
1925
1895
2281
2370
2195
2493
2567
2409
2450
2107
2043
1614
1392
641
283
-320
-917
-1533
-2257
-2366
-3231
-3398
-3779
-3703
-4257
-4216
-3797
-4122
-3912
-3607
-3244
-3328
-2977
-2334
-2385
-2089
-1578
-1443
-1010
-682
-581
-101
77
222
573
776
965
994
1375
1210
1719
1661
1472
2011
1694
1912
1862
2027
1946
2087
1950
2170
2061
1937
2301
1667
2050
1766
1779
1780
1388
1487
1483
1043
857
914
933
273
514
415
87
223
-288
-64
-298
-381
-663
-525
-856
-1081
-754
-1155
-811
-1243
-1160
-1227
-1356
-1200
-1318
-918
-1422
-1280
-990
-1258
-989
-1068
-866
-816
-769
-642
-513
-419
-616
-471
-333
-287
-532
-89
-138
-446
-8
75
156
-82
175
316
-88
293
360
274
398
265
354
298
638
380
348
425
391
312
447
186
466
0
606
310
-72
565
-79
540
-84
196
334
-117
146
17
112
-70
-173
-5
14
-193
-207
-4
-34
-493
-82
-46
-180
-15
-204
-105
-564
-264
-222
-534
-194
-349
-70
-139
-323
-75
239
-109
43
-62
416
-99
75
465
-57
374
451
467
337
311
472
342
478
356
342
374
261
545
90
474
92
513
240
331
608
268
273
575
363
124
746
307
97
780
-77
330
199
100
150
334
-249
355
-44
-95
-175
-192
-215
-293
-290
-380
-427
-463
-256
-456
-643
-550
-622
-576
-945
-751
-599
-851
-831
-597
-851
-837
-635
-976
-872
-797
-1014
-882
-850
-914
-746
-1003
-632
-632
-900
-619
-432
-725
-405
-842
296
-369
-388
243
-242
403
206
228
644
311
678
614
1161
761
1015
1097
938
1513
1049
1262
1381
1375
1312
1251
1237
1250
1184
1326
981
1121
1124
820
940
1051
651
748
606
641
433
696
186
378
103
102
99
-125
-93
-186
-184
-546
-70
-572
-669
-526
-425
-1046
-771
-570
-1110
-533
-850
-745
-820
-1024
-555
-994
-703
-979
-738
-857
-856
-994
-635
-598
-731
-506
-588
-391
-747
-367
-464
-489
-278
-457
-582
-156
-478
-144
-92
-388
-204
-218
-246
-47
-55
10
-270
-60
-197
25
-342
80
338
90
-33
215
330
-14
-1
424
423
53
595
461
230
521
577
672
550
899
823
575
820
777
883
702
759
864
693
643
914
364
798
633
547
422
505
505
73
310
172
41
199
69
-93
-2
-61
-559
-57
-133
-327
-191
-193
-272
-369
-440
-232
-15
-335
-49
-252
-312
31
-369
-44
-229
-274
594
-480
-89
199
-160
-213
235
-94
-102
86
-183
106
-185
-400
-165
-98
-25
-176
-277
-309
-380
-157
-126
-204
-382
-311
-195
-231
-376
69
-280
-224
-86
-417
40
-474
-122
-140
-296
-282
-222
-233
-237
-119
-612
-24
-513
-233
-281
-274
-290
-639
33
-709
-80
-246
-289
-256
-403
149
-443
133
-38
-264
97
214
158
128
141
596
412
271
434
435
269
708
697
442
407
619
918
124
661
487
841
424
677
659
616
742
361
522
771
306
417
626
214
203
402
678
-133
275
215
2
565
34
-69
88
35
-218
-3
-197
-253
-267
-22
-287
-301
-212
-335
-522
-10
-91
-587
-496
-151
-404
-607
-216
-464
-620
-252
-214
-485
-518
-667
-250
-216
-439
-466
-391
-256
-617
-314
29
-600
-109
-405
27
-224
131
-57
-197
69
-19
-33
-98
203
161
128
-13
214
-74
99
-14
71
199
-49
393
4
173
115
311
40
69
19
-80
398
53
276
2
350
226
-2
-28
40
136
34
-70
200
-30
-169
50
-174
10
62
39
-54
-51
-193
-98
-255
-215
64
-200
161
-14
69
-72
-165
83
-55
171
390
-266
135
715
-72
482
217
623
570
-95
507
367
400
251
389
575
43
210
251
-94
593
224
84
308
34
-129
109
90
-41
-186
-249
200
-377
-114
-323
-220
-278
-116
-297
-230
82
-486
217
-195
-425
-197
-8
56
29
-140
350
-136
168
426
-180
345
55
146
189
156
-145
18
258
-19
-111
-39
501
-240
-11
248
-49
-526
114
-50
-246
-123
-269
-138
-548
-244
-308
-697
-408
-719
-289
-669
-729
-723
-648
-882
-1028
-657
-762
-880
-538
-1130
-564
-677
-672
-448
-657
-623
-340
-316
-382
-92
58
108
185
339
175
857
243
834
1020
684
966
1218
808
1056
1081
1137
1233
1159
1205
1055
1227
1257
1089
870
1301
851
848
985
759
532
485
482
470
272
96
356
130
-32
228
69
-328
-181
136
1
163
276
106
157
500
411
206
699
602
295
463
514
120
168
-177
-553
-766
-1280
-1432
-1768
-1998
-2473
-2584
-2984
-2991
-3091
-2976
-2896
-2799
-2799
-2544
-1925
-2008
-1334
-995
-802
-393
-68
381
710
1146
1316
1357
1519
1795
1928
1793
1932
1986
1802
1755
1598
1447
1322
1448
1075
705
923
780
879
360
324
467
243
219
-112
55
-51
-458
-399
-516
-525
-389
-863
-829
-504
-972
-592
-788
-570
-608
-703
-131
-532
-187
-220
-617
-367
-124
87
66
318
706
323
702
694
434
812
993
676
850
844
790
1034
1062
939
1033
865
1025
955
759
1123
859
657
506
693
379
551
177
356
458
-237
238
-437
-398
-355
-789
-637
-705
-946
-676
-736
-542
-856
-938
-390
-887
-828
-580
-767
-938
-651
-969
-878
-490
-862
-772
-659
-599
-728
-400
-568
-371
-289
-693
-60
-397
-158
-31
-321
-606
-693
-733
-836
-1304
-851
-1177
-1499
-1233
-1446
-1294
-1425
-749
-1458
-919
-399
-772
-71
193
229
479
1326
872
1537
1787
1695
2339
2063
2284
2287
2302
2313
2322
2070
2069
1881
2020
1774
1629
1261
1242
653
727
286
3
-416
-744
-554
-1600
-1005
-1726
-1353
-1836
-1799
-1633
-1645
-1011
-1426
-906
-196
-140
38
719
888
1122
1796
1771
2008
2677
2536
2810
2775
2801
2676
2138
1896
1669
1360
478
505
193
-891
-801
-1388
-1801
-2139
-2251
-2753
-2979
-2826
-3135
-3306
-3178
-3098
-2956
-3159
-2804
-2526
-2427
-1857
-1834
-1812
-1656
-939
-1249
-994
-156
-927
-257
-84
-270
-122
346
168
-6
546
365
638
391
968
720
827
1294
675
1194
1197
1015
1124
1359
1251
1124
1206
1029
1305
1520
1159
1257
1587
1219
1233
1044
1285
1305
1008
1252
934
885
560
627
430
399
471
311
414
384
104
492
501
-115
259
205
-46
15
384
35
-68
229
-14
-335
120
291
-240
-38
-299
-232
-252
-486
-198
-984
-301
-548
-1061
-701
-855
-989
-1146
-969
-1050
-1235
-982
-708
-862
-738
-438
-927
-1003
-1108
-929
-993
-388
-434
-396
-379
-680
-321
-687
-612
-561
-347
-364
3
-124
-359
158
-400
-27
46
-488
358
-183
-141
255
-73
49
454
261
343
477
228
544
116
337
486
172
731
16
262
750
615
460
487
573
756
525
843
669
851
670
589
691
376
804
642
638
865
1110
699
607
408
328
839
570
482
402
206
207
198
60
24
482
106
2
63
448
-76
-98
343
-247
40
395
-63
21
-103
-326
-694
-392
-622
-572
-607
-1129
-939
-1335
-1491
-1402
-1672
-1589
-1331
-1366
-1584
-1864
-1518
-1114
-1561
-966
-1177
-1643
-959
-726
-1157
-794
-248
-820
-362
-642
51
414
502
346
489
863
918
1033
1091
1321
887
1212
1492
1478
1416
1468
1301
1424
1221
1297
1599
1485
1523
1106
1058
800
1151
581
788
924
440
404
101
66
-56
487
153
-88
-12
-537
-279
-199
-181
-109
-104
-590
-439
-197
-679
-579
-619
-339
-310
-474
-604
-68
-272
-581
-174
-225
-509
-933
-455
-247
-180
-497
-43
-149
-429
15
-884
-681
-446
-228
-577
-420
-479
-1055
-460
-113
-558
-1005
-975
-736
-115
-83
-390
-503
-743
-844
-128
-85
176
-6
-282
-83
-633
-475
-58
124
660
568
610
-144
402
353
530
804
434
874
600
737
1107
1251
401
546
498
794
702
564
416
483
1344
840
522
-64
437
913
1056
1022
625
201
-34
116
126
494
726
240
-34
46
-57
128
-88
132
-664
-203
547
-325
-228
-343
-668
-814
-249
-454
-192
-158
-1453
-873
-441
-434
-23
-970
-933
-532
-1075
-393
-848
-791
-162
41
-583
-276
-930
-373
201
-188
-26
-636
-279
-319
-384
198
464
-6
146
531
190
838
115
198
979
937
1302
227
621
502
756
707
324
336
-10
509
227
-237
-268
-289
-350
-439
-1050
-1266
-1183
-1106
-884
-1432
-833
-719
-1165
-1080
-1037
-373
-585
-650
-398
-283
24
396
-211
362
959
581
649
593
904
1359
1553
1413
1534
1763
1476
1376
1603
1650
1482
1534
1179
1168
717
448
753
777
255
472
453
-458
170
59
-182
-628
-424
-120
-857
-1156
-1304
-958
-574
-813
-857
-1287
-487
-594
-1508
-1368
-924
-706
-860
-1288
-1341
-1040
-1310
-1160
-1193
-680
-775
-1395
-723
-703
-287
209
-294
-102
-163
138
449
-42
548
962
493
542
624
671
1210
677
221
181
1103
1057
350
1077
658
342
1008
512
1045
578
426
1515
121
202
522
59
492
178
184
137
216
112
188
341
245
-239
-265
-51
-261
-763
-724
-126
-750
-411
-556
-626
45
-374
-457
-161
-679
20
-65
-324
443
98
649
513
423
264
14
392
-65
-194
-267
175
360
-374
-587
-276
-228
-300
-230
31
-317
-306
197
11
-325
-299
418
-204
-209
-104
-412
204
-327
-362
21
68
104
-345
-131
425
-133
-7
-330
-685
-81
-87
-687
-341
-386
-250
-217
-534
-361
-1100
-183
-449
-1036
142
544
777
64
-161
526
528
-49
36
259
326
103
130
230
-294
828
1131
-10
118
339
389
302
875
846
500
550
463
370
304
666
49
353
677
696
1271
1074
1295
1189
1712
978
694
878
915
715
492
127
-486
-146
-925
-946
-787
-667
-602
-1241
-632
-1278
-1497
-1569
-1152
-1031
-1570
-1152
-1445
-1353
-1643
-1061
-669
-167
-1112
-665
-469
-1585
225
23
-396
92
513
424
-69
275
86
-61
452
-232
-197
566
-480
587
918
916
1427
421
1070
644
1105
1300
-180
145
48
-127
-424
-435
293
457
-162
-283
663
350
-15
-41
384
43
-230
807
609
443
255
302
429
-105
838
794
762
393
794
775
315
485
327
297
518
-649
-680
561
-22
-206
-829
-1033
-446
-414
-849
-224
-1431
-1219
-38
-659
-15
736
-1035
-48
-235
-553
639
109
776
589
-215
229
406
-453
-586
-1260
-1736
-293
-345
-575
-322
649
1211
1492
1053
354
404
307
-866
-942
-161
-1094
-1132
-684
-635
-133
626
192
-185
481
-238
-369
713
151
-393
-606
405
108
86
900
-95
223
619
154
-302
-38
-281
-563
-415
283
-78
-1500
-724
66
-539
-134
-263
-381
-389
-806
-1282
-390
-248
-1141
-730
-217
-152
359
995
409
1437
1572
1546
1393
1320
1702
2299
1275
895
732
-252
429
742
666
125
1049
1030
683
1388
1141
1773
1001
161
-254
-162
-404
-624
-387
-387
-769
-512
156
-560
465
252
-7
311
169
-451
49
-295
-1093
-478
-1099
-1238
-903
-512
-804
-910
-637
-662
-208
-540
-274
67
-970
-752
-525
-1087
-1260
-1956
-1637
-1506
-2177
-2272
-1262
-2101
-2366
-1957
-2641
-1325
-2250
-1150
7
-28
777
1205
895
1017
2483
1766
2028
2315
1492
1608
1689
1991
1229
1251
1439
-74
-388
405
-293
72
691
-92
21
76
-873
-1017
-594
-925
-422
-13
1161
1588
1294
1724
1605
1405
2407
2595
2221
1900
1611
1790
2857
2725
2525
3059
1892
1363
1908
1979
1793
1973
1303
904
55
564
-1067
-1520
-1758
-2466
-2220
-2666
-3395
-2984
-2019
-2048
-2520
-1530
-1609
-1937
-1483
-1749
-1483
-1127
-1514
-2739
-2233
-3105
-3570
-3206
-2735
-3321
-4438
-4393
-4623
-4195
-3067
-3366
-3817
-3485
-3688
-2694
-2133
-1943
-1033
-90
1423
1336
1280
1930
2281
3203
3481
3296
4581
5886
6148
5542
6126
7668
8341
7924
7689
6152
4963
4782
3683
2792
2519
2846
1920
738
-61
-386
-1446
-1505
-1539
-2288
-1403
-774
-1217
-417
121
252
21
-18
-124
-1308
-2300
-1871
-2035
-1984
-1649
-1897
-1104
-1538
-2359
-2766
-4003
-4054
-3738
-4178
-4521
-4907
-4693
-4641
-5015
-4161
-3052
-2478
-2266
-2297
-1181
-146
158
679
1546
1655
1335
1131
1688
1860
1973
2912
2739
2103
2197
2543
1754
2101
2168
1925
1917
1771
1867
1407
1637
1852
1474
1289
1461
820
155
177
-295
-583
-892
-598
-192
149
168
-215
-132
80
175
440
366
150
450
717
678
708
1149
997
696
286
176
-753
-1184
-1620
-2113
-1835
-1855
-1562
-1306
-982
-315
-105
-44
320
498
1217
1646
1373
1556
1566
796
499
298
-30
-77
-215
-646
-951
-456
-400
-877
-1181
-1124
-1640
-2002
-1903
-1955
-1869
-1726
-1592
-1600
-1056
-590
-133
343
1020
1338
1161
1721
2340
2470
2570
2884
2547
2039
1837
1502
1256
1000
757
299
226
184
-91
-121
-453
-741
-928
-916
-842
-1136
-1253
-1059
-1461
-2440
-3188
-4182
-4377
-4205
-4744
-5256
-5434
-5255
-5105
-4910
-4443
-3699
-2162
-210
950
1653
2554
3186
4072
5093
5782
5989
6450
6880
6745
6647
6698
6801
6819
7101
6777
6070
5390
5191
4293
4244
4174
4341
4549
6072
6372
1554
-6305
-11618
-10912
-7986
-5583
-6190
-9182
-12028
-13491
-14072
-13455
-11457
-8832
-5504
-2130
-1618
-4083
-5717
-3337
855
5488
7897
7266
5722
5435
4844
4573
4610
5285
6026
6721
4951
-773
-3803
-2612
-232
1081
1077
-1588
-4366
-3916
-2442
-1739
-107
3159
4816
5763
6127
5021
5683
9585
13580
16075
16933
10815
156
-6794
-5490
-3140
-2341
-3275
-7763
-13125
-16436
-19072
-20714
-18295
-14283
-10645
-7536
-6696
-10116
-12028
-7168
-368
5708
10427
11662
9975
9785
10757
11005
11868
14355
14969
13153
9318
4196
500
-519
-196
-1028
-1944
-3941
-6289
-7767
-7957
-6809
-3440
650
2739
3656
3931
4695
7005
11332
15633
18368
21295
16966
6016
-3972
-5754
-2571
-465
-1316
-6619
-14118
-20077
-23524
-24839
-22238
-18939
-16567
-13394
-11690
-14088
-16667
-12514
-4010
3868
10007
11946
9938
9116
11401
12973
13022
14948
17258
16742
13159
7877
2037
-596
1290
2557
40
-4089
-7481
-10268
-10296
-7712
-5118
-2095
1836
3891
3237
4180
7293
11261
15895
21653
22833
14303
1717
-5767
-3261
2448
3645
-1303
-8510
-15216
-20297
-22933
-22069
-19174
-16785
-13714
-11136
-12024
-16046
-16100
-8752
1388
8662
11421
10337
8070
8825
10119
12549
16233
19251
18184
13880
8659
3462
1472
2791
3324
64
-3664
-7868
-11471
-12110
-10370
-7540
-3795
302
1128
710
1747
5059
9062
14911
18735
21010
21505
13765
575
-7437
-2824
3181
3728
-1603
-10987
-20871
-25113
-24411
-21902
-17883
-16039
-15926
-15436
-14569
-16654
-15296
-5630
5229
10495
11677
9711
7478
9159
13309
17895
20549
20728
16469
11999
8050
3627
2526
4936
3871
-1576
-6682
-11521
-14259
-11979
-7652
-6206
-4237
-1212
-750
218
4209
8461
11770
17267
20451
22502
22602
13464
-1541
-7128
1590
7729
4595
-4358
-15747
-24752
-25208
-21866
-19763
-17820
-17885
-19196
-18157
-15871
-17046
-13728
-1853
8294
10327
9186
7061
6850
11974
18278
21025
20328
18488
14001
10043
7420
4690
3935
4624
1985
-4669
-10005
-13442
-13679
-10512
-7396
-7172
-6025
-3301
-1439
1163
6006
9842
12993
16900
20145
22939
17757
3973
-6997
-1945
8912
8713
-1038
-12215
-21098
-24151
-20589
-17252
-16579
-17864
-19341
-18914
-16100
-15134
-14388
-5856
5861
10079
7637
6115
6474
11771
19648
21671
18208
16095
15562
12900
10955
9250
5786
3315
1544
-4293
-10578
-11795
-10722
-9865
-8832
-9437
-10580
-6658
-211
3463
5890
9344
10628
13136
17920
23350
24754
15613
523
-7068
1323
9370
4942
-6343
-16053
-22792
-24006
-20859
-18960
-19590
-20923
-20403
-18443
-16098
-16253
-13236
-2400
7975
9412
6517
6136
8677
15533
22956
21592
14965
13460
15597
14321
10571
6797
2837
1185
1386
-3693
-11260
-12520
-9900
-8813
-8752
-9559
-9861
-5197
2802
5930
6810
9205
12453
15602
22260
25811
14440
-1101
-5671
3768
11771
8013
-5461
-17721
-21384
-19403
-17635
-17148
-17683
-21185
-21779
-17926
-15815
-16973
-12594
-1796
5986
6740
4131
3562
7768
16432
22476
19631
13620
12286
14314
14907
13142
9792
5318
2157
-276
-5802
-10860
-9887
-7029
-7487
-9714
-11705
-11334
-4991
3773
6595
6399
8198
10731
14029
19930
26382
20770
5491
-5577
-2359
8231
9864
-691
-13677
-20178
-21496
-20357
-18484
-17352
-20092
-22255
-19659
-16645
-16534
-14584
-5652
4056
7376
5077
3937
7392
14467
20731
21744
16734
11442
11998
14028
13367
10424
7321
3246
-1388
-4447
-7591
-8830
-6739
-6052
-9424
-11965
-10237
-5469
1396
6408
7715
7797
10635
13943
19649
24114
14022
-3330
-6855
6695
13507
5576
-7847
-17911
-20722
-16479
-12992
-14982
-18645
-22249
-22183
-17369
-13047
-14675
-11984
-1395
5155
3038
1075
3969
8807
15985
20161
17771
13262
12465
13133
13223
13097
10828
6588
2763
-1171
-6561
-8548
-6879
-6119
-8399
-10822
-11788
-9143
-2540
3599
4669
5318
7510
10629
14650
20760
25330
16134
-576
-7895
2611
13769
9861
-4446
-16841
-21412
-19487
-14884
-13088
-15631
-21518
-23599
-19750
-14959
-13918
-11003
-2394
3986
3050
29
2544
8572
16435
20908
17379
11413
10779
14504
15193
13324
10207
6287
2254
-223
-3656
-6987
-6537
-5477
-7855
-11605
-12012
-8492
-1914
3838
4627
3785
5571
10608
15022
22167
22605
6572
-9092
-4477
12638
15930
3523
-11901
-19799
-18606
-12268
-9665
-12457
-17774
-23066
-22072
-15691
-12241
-13420
-8123
703
2334
-1741
-1379
4324
10843
17678
17488
11846
9378
12879
15401
14495
12555
8692
5098
3765
-323
-5908
-5669
-3318
-5196
-9666
-11577
-11277
-5548
3025
4892
1498
2624
7180
11648
17117
23674
17296
-406
-9551
391
15291
14266
-852
-15917
-19663
-15687
-10845
-9113
-11451
-18691
-23973
-20318
-13728
-11899
-11091
-4797
486
-290
-2941
-233
6805
13587
17011
13578
8625
9189
14717
16893
13561
9004
5400
3592
3405
1666
-2541
-4813
-5145
-7209
-9874
-9287
-6096
-2121
1989
2186
1365
3826
9780
14009
19427
20105
4520
-11407
-5890
14203
18666
4373
-12887
-20678
-16904
-7885
-4257
-8868
-16626
-23448
-22220
-13425
-7905
-10377
-8887
-2495
-1274
-4256
-1669
5471
11464
15080
13828
6306
1106
10342
21481
20094
9598
1888
583
3375
7651
4311
-5139
-8366
-6170
-7264
-8537
-5543
-3144
-1137
2398
1413
277
6358
14397
16262
18854
16006
-1005
-12177
455
18405
16057
-928
-17095
-22294
-14449
-3781
-3600
-10790
-19273
-25510
-22211
-10408
-5141
-9238
-8238
-3904
-4490
-4563
2123
8970
12368
14000
9364
1389
5028
18006
22366
14367
4714
-236
1247
8175
10131
1607
-6837
-7571
-6889
-6481
-4118
-2768
-3332
-909
265
-482
3582
11295
14098
15414
16759
3856
-12592
-7272
15279
21514
4990
-14884
-23122
-16174
-2767
2008
-5844
-17062
-25187
-23269
-10743
-1579
-6138
-11030
-7608
-5133
-4919
-77
7224
9990
10382
8158
1067
1180
13633
22468
16684
6061
404
627
6512
11797
6267
-4601
-7898
-6379
-5884
-3792
-1226
-2745
-3395
-721
-338
1844
8787
13515
11912
14462
14320
-394
-11237
-129
18074
16193
-1846
-18774
-21280
-10600
242
-465
-9935
-20630
-26704
-19543
-4737
-521
-9195
-12865
-9005
-5654
-2061
4021
7544
7265
7608
5836
4670
6853
12475
16803
14968
7355
451
2650
9148
10789
4908
-4492
-10252
-7180
-1379
-177
-3210
-5626
-5855
-2120
2791
5978
7482
9002
9526
12705
15876
5886
-8233
-4651
13721
17324
1390
-15627
-19523
-11856
-1302
564
-8763
-20354
-25773
-19047
-5870
-761
-9644
-15912
-11033
-4425
-1153
2046
4571
4518
5927
7490
5129
5429
13506
18595
13750
5702
2466
5162
10921
12722
4585
-5739
-7294
-2843
-367
-897
-3787
-6961
-5562
-31
2145
3062
5647
7827
7790
11829
15457
4507
-9022
-5116
12583
16960
2286
-14860
-18779
-10164
-441
479
-7452
-18227
-24718
-18370
-4725
-238
-9550
-15668
-11637
-5370
-1283
1841
3133
2522
3919
5751
5523
5981
11784
16408
13334
6274
3278
6811
12101
13805
5947
-5345
-7551
-1035
2693
448
-4148
-8732
-7860
-343
4137
2314
2435
4592
6174
8942
15166
11762
-2025
-8762
1300
14485
11339
-4703
-16775
-14385
-5430
-507
-3068
-11086
-20662
-22227
-12121
-2489
-4877
-12859
-14142
-9431
-3869
-302
1544
1772
2351
4150
6093
6958
8879
12984
14144
10498
6777
7070
9961
12279
10936
2544
-5083
-3690
1028
1449
-1500
-5518
-8971
-6109
1142
2994
1011
1821
3184
4910
9567
15511
9650
-3983
-8859
2527
14794
10282
-5751
-15978
-12824
-4685
153
-1942
-11085
-21551
-21418
-10289
-1860
-5425
-13276
-14864
-10122
-3792
113
1276
462
708
3780
6888
7565
9160
12910
13354
10432
8312
8184
10156
12771
10246
1931
-2546
-474
1317
815
-1478
-6508
-8712
-4135
707
682
409
659
1329
4854
10066
13054
6317
-5455
-8648
4257
15356
8153
-7327
-14283
-10917
-3552
2019
-1131
-12393
-21326
-18709
-8177
-851
-5025
-14081
-15847
-9870
-3096
354
1092
-946
-737
3819
6324
6594
9697
13305
11792
9310
8671
8907
11134
13111
8632
606
-1327
998
1930
1125
-2113
-7515
-8061
-3067
110
-312
-820
-512
625
5247
8186
10718
9390
763
-7591
-1795
11573
11731
717
-9281
-12105
-8372
-501
1625
-5895
-16524
-21061
-15304
-4652
-1632
-9702
-15941
-14563
-8698
-2255
2429
1137
-1820
42
4090
6996
9306
12083
12029
10638
9187
8780
10338
12421
11050
5441
1052
281
1151
1524
199
-3750
-7254
-6429
-2851
-344
-109
-400
-314
1951
4651
7977
10741
5866
-4179
-5980
5261
12619
7142
-3633
-10434
-10297
-4040
1666
-867
-10468
-19337
-18712
-9096
-1650
-5560
-13709
-16282
-12415
-4961
1577
2368
-1950
-2981
609
5068
9453
12192
10832
8147
8382
9185
10475
12630
11842
6339
2450
2286
2640
2954
1955
-2531
-6684
-5502
-2655
-930
-10
-883
-1622
319
3824
4848
7689
9181
2640
-4922
-2228
7337
9922
3953
-5468
-10907
-8685
-2152
356
-3851
-12375
-18954
-15919
-6591
-2688
-8058
-13617
-14623
-9839
-2030
2347
-318
-3921
-1886
3172
8407
10371
8907
6872
8424
10737
10818
10502
9914
7972
5589
4746
3577
2226
1276
-158
-2570
-3734
-3725
-3199
-1575
-255
-1092
-1756
297
2405
4021
5615
7801
6242
763
-2895
596
7117
6908
33
-7358
-9749
-7072
-1884
-551
-6131
-14284
-17181
-12160
-4908
-2875
-7385
-12156
-12484
-7130
-365
3009
661
-2611
-1951
2182
7576
10069
8502
5609
5873
7826
9410
10197
8707
5569
4027
4097
3313
2433
1451
-611
-2083
-1801
-1672
-1487
-507
-545
-1130
-147
1857
2613
3453
4145
4960
5529
2877
-1358
-1548
2410
3188
43
-4006
-7210
-7533
-4324
-2305
-4872
-9210
-11763
-10125
-5278
-2290
-4579
-7893
-8525
-6135
-1609
1791
957
-1758
-1630
873
4075
6201
5765
3901
3956
5465
6474
7198
6666
4756
3308
3055
2496
1951
1754
933
-307
-1072
-1453
-1274
-59
807
633
203
469
1162
2213
3000
2625
1961
2007
2929
2310
211
-1686
-1342
-41
-108
-1617
-3752
-4718
-4124
-2242
-1510
-2695
-4821
-5815
-4640
-2566
-1597
-2664
-4142
-4683
-3365
-1265
-82
-664
-1781
-2004
-795
1468
2748
2515
1494
1290
1935
3261
4109
3749
2791
1814
1431
1449
1726
1517
958
568
549
589
861
1190
1097
745
589
612
490
628
776
822
715
347
-104
-145
654
1378
1025
-41
-448
334
1238
1441
708
-493
-1103
-629
150
376
-334
-1666
-2569
-2313
-1553
-1405
-1851
-2751
-3454
-3148
-2232
-1796
-2103
-2257
-2046
-1375
-499
-211
-506
-440
278
911
1015
747
326
406
868
1060
829
460
80
-126
39
246
339
396
336
180
111
264
653
1225
1613
1519
1370
1662
2185
2407
2160
1844
1631
1690
1919
2060
1944
1307
616
286
550
855
860
360
-564
-1140
-1009
-599
-492
-720
-1115
-1429
-1480
-1434
-1417
-1337
-1225
-1178
-1267
-1426
-1600
-1555
-1286
-1189
-1493
-1966
-2109
-2026
-1875
-1784
-1770
-1824
-1854
-1575
-1078
-596
-362
-306
-114
293
888
1400
1712
1676
1410
1280
1472
1877
2255
2346
1961
1309
926
1130
1558
1887
1820
1328
651
275
533
1013
1290
1125
858
723
557
473
488
675
773
742
601
409
309
265
161
-132
-584
-961
-1094
-1244
-1536
-1836
-1933
-1933
-2017
-2044
-1914
-1507
-1270
-1392
-1646
-1456
-708
12
187
-243
-771
-914
-551
-10
315
243
-225
-784
-924
-565
-87
234
272
-35
-366
-359
-49
360
660
777
844
1044
1145
1101
1111
1240
1409
1636
1766
1627
1444
1410
1312
1083
823
612
428
220
-123
-486
-630
-606
-570
-556
-509
-417
-298
-256
-345
-336
24
546
739
423
-114
-446
-364
8
357
273
-357
-1147
-1456
-1142
-607
-301
-405
-864
-1290
-1263
-859
-496
-434
-489
-394
-69
78
-115
-207
62
339
424
494
525
445
423
420
246
72
138
251
83
-295
-526
-356
-88
-149
-377
-254
185
445
346
112
151
616
1258
1408
930
316
85
275
662
962
712
67
-485
-616
-509
-269
-39
15
-137
-437
-580
-469
-158
-27
-30
24
224
327
102
-136
-100
224
400
328
82
-101
-155
-221
-270
-308
-285
-337
-332
-425
-630
-772
-628
-334
-203
-133
2
179
94
13
118
359
590
767
700
292
-135
-345
-148
324
538
44
-671
-1037
-914
-472
1
158
-42
-326
-410
-104
339
554
520
503
515
536
601
592
406
278
385
470
343
158
-12
-276
-482
-461
-351
-380
-394
-305
-277
-450
-545
-318
86
388
509
471
272
199
464
857
939
657
256
10
-26
-59
-242
-500
-613
-630
-733
-1003
-1250
-1214
-936
-656
-445
-224
-156
-289
-284
81
579
891
919
688
518
611
833
897
757
476
219
171
118
-191
-605
-679
-539
-480
-570
-685
-706
-563
-319
-175
-36
194
502
760
880
815
782
1016
1250
1130
711
383
296
348
296
-30
-509
-852
-915
-876
-914
-1092
-1300
-1353
-1140
-716
-317
-208
-428
-579
-260
418
926
934
586
310
427
798
986
777
419
195
146
93
-144
-456
-596
-541
-518
-610
-738
-750
-532
-172
53
80
108
273
603
975
1127
968
755
730
822
860
752
488
146
-144
-289
-308
-329
-496
-803
-1071
-1133
-1028
-888
-736
-575
-441
-361
-331
-274
-13
437
754
722
491
293
281
531
816
763
370
-60
-316
-318
-127
-73
-392
-858
-1070
-861
-435
-180
-250
-378
-309
-40
367
736
888
888
923
968
912
792
705
704
659
353
-127
-413
-407
-345
-401
-575
-838
-1066
-1097
-914
-664
-491
-399
-339
-278
-127
188
547
714
681
640
618
554
573
734
746
417
14
-195
-221
-167
-180
-429
-810
-1023
-953
-667
-388
-360
-506
-493
-212
167
501
719
779
753
792
915
959
832
667
567
400
109
-150
-309
-447
-584
-685
-760
-854
-982
-1028
-888
-684
-565
-446
-265
-75
182
505
613
479
486
746
928
848
647
436
263
206
218
141
-74
-371
-639
-708
-604
-575
-650
-603
-452
-372
-304
-135
120
463
787
773
490
469
865
1208
1132
727
271
34
115
291
204
-258
-832
-1115
-925
-561
-479
-747
-1047
-1098
-826
-369
-35
-6
-71
51
309
515
638
701
668
597
587
570
450
257
85
-6
-35
-183
-499
-688
-561
-401
-505
-684
-643
-425
-242
-127
28
264
487
615
607
514
531
756
985
917
523
130
29
162
246
74
-360
-811
-931
-628
-276
-261
-540
-803
-801
-471
18
326
288
75
-64
30
393
773
813
493
125
-10
126
323
296
-5
-347
-551
-589
-433
-193
-214
-578
-851
-688
-283
8
94
86
131
297
481
560
544
508
498
500
444
342
298
258
53
-216
-314
-338
-452
-494
-386
-364
-462
-443
-277
-139
-51
68
235
426
525
412
241
255
448
618
609
365
41
-70
64
137
-49
-388
-681
-736
-505
-222
-219
-535
-817
-695
-244
91
82
-18
68
266
425
532
565
488
390
344
297
241
232
192
-30
-349
-537
-550
-504
-426
-339
-369
-521
-521
-201
153
211
106
190
473
696
721
590
396
315
456
621
493
164
-23
-16
-57
-229
-405
-563
-701
-681
-465
-336
-483
-676
-606
-307
7
197
219
167
221
456
681
718
587
427
299
232
264
336
242
-99
-458
-605
-567
-484
-429
-484
-647
-721
-544
-224
26
110
72
62
265
647
904
800
467
264
351
537
547
371
187
40
-164
-387
-469
-410
-393
-527
-685
-699
-592
-477
-396
-308
-206
-71
113
306
462
560
590
562
560
611
627
525
388
286
154
-42
-206
-261
-315
-479
-652
-680
-574
-459
-386
-320
-224
-109
1
106
255
465
624
605
444
319
318
360
351
316
267
107
-205
-509
-593
-464
-331
-395
-637
-844
-798
-518
-246
-160
-198
-165
41
340
579
660
618
560
548
562
572
572
532
400
168
-76
-247
-350
-402
-416
-458
-592
-748
-750
-534
-223
-19
-18
-125
-123
146
582
879
813
487
237
266
494
669
609
331
-4
-238
-345
-376
-391
-449
-595
-761
-816
-724
-568
-438
-366
-317
-214
-18
243
490
647
705
693
655
620
612
625
606
472
211
-51
-193
-246
-332
-484
-615
-681
-706
-688
-600
-428
-237
-127
-148
-184
-25
352
705
791
629
415
355
516
754
785
483
56
-186
-186
-143
-218
-419
-677
-887
-926
-785
-611
-536
-529
-490
-354
-122
156
391
532
596
602
611
682
812
854
710
468
279
206
147
6
-244
-515
-664
-630
-516
-503
-623
-718
-632
-399
-197
-103
-19
158
364
462
462
469
527
603
659
643
486
255
126
114
43
-185
-449
-605
-646
-636
-646
-716
-784
-726
-516
-293
-183
-141
-24
237
539
716
706
628
628
713
760
704
582
451
312
131
-93
-314
-440
-420
-353
-411
-630
-826
-782
-502
-207
-85
-122
-143
-7
266
496
544
472
450
544
635
580
394
225
167
146
17
-243
-496
-598
-546
-496
-608
-836
-934
-749
-414
-233
-301
-394
-250
130
487
607
523
422
450
607
773
805
649
421
249
138
25
-78
-113
-133
-245
-433
-557
-544
-439
-292
-141
-88
-174
-227
-22
351
550
458
314
343
503
609
582
454
264
100
32
7
-116
-334
-497
-550
-611
-744
-821
-725
-538
-452
-520
-591
-477
-158
177
304
216
130
225
452
619
636
560
465
349
219
145
163
215
172
-20
-262
-390
-349
-223
-126
-102
-126
-143
-106
23
189
280
296
335
426
466
401
353
397
424
309
103
-57
-138
-169
-200
-291
-495
-719
-760
-589
-423
-460
-639
-717
-521
-142
142
110
-118
-198
51
424
586
458
250
183
265
341
286
166
106
125
93
-42
-160
-148
-57
-10
-43
-80
-79
-16
120
233
194
64
91
351
587
522
242
71
147
314
368
240
-20
-269
-349
-252
-195
-344
-579
-670
-574
-456
-432
-466
-444
-301
-90
27
-39
-137
-35
252
426
318
110
47
146
243
247
168
49
-35
-17
59
62
-44
-129
-89
-1
17
-6
40
168
260
213
91
79
266
499
514
277
46
52
228
325
204
-61
-267
-274
-138
-76
-241
-522
-660
-542
-335
-249
-311
-371
-297
-138
-44
-59
-48
100
280
319
204
104
126
203
230
191
111
24
-14
30
98
77
-46
-166
-155
-23
90
66
-24
-24
91
171
140
102
150
233
258
223
174
126
110
141
143
21
-147
-167
-56
-49
-248
-466
-476
-321
-213
-252
-339
-339
-224
-90
-53
-101
-99
32
171
187
126
118
152
125
50
67
183
231
110
-68
-127
-24
122
152
27
-114
-104
35
147
156
120
84
54
82
181
240
170
97
158
243
179
32
-23
-5
-37
-91
-82
-84
-204
-349
-360
-272
-232
-263
-269
-215
-150
-136
-159
-156
-60
109
216
161
25
-6
141
295
263
88
-15
59
182
180
44
-80
-90
-18
23
-21
-92
-110
-64
-10
7
2
16
59
106
102
50
49
156
284
293
129
-74
-116
50
228
197
-38
-259
-291
-176
-69
-86
-225
-344
-288
-108
-35
-160
-288
-214
-17
100
106
67
10
-34
21
145
196
157
152
186
129
19
20
115
140
51
-45
-94
-94
-27
52
15
-123
-154
-15
107
77
5
25
113
201
241
179
38
-18
99
233
170
-40
-174
-143
-49
-12
-84
-247
-356
-267
-59
5
-161
-330
-285
-101
23
44
20
-18
-41
3
107
172
165
148
139
88
31
73
172
169
36
-88
-95
-16
56
50
-48
-152
-136
0
102
44
-76
-92
28
170
225
154
14
-64
11
167
219
108
-41
-91
-52
-20
-52
-122
-174
-164
-109
-97
-177
-279
-267
-149
-58
-58
-88
-94
-83
-38
51
156
202
160
81
41
98
201
245
187
67
-40
-66
21
140
136
-18
-159
-125
28
127
105
18
-48
-38
62
174
194
90
-12
3
82
117
81
25
-13
-41
-65
-90
-100
-80
-58
-98
-205
-265
-213
-134
-138
-204
-228
-173
-92
-65
-97
-112
-22
134
209
137
28
36
161
262
234
106
-8
-13
74
139
86
-65
-153
-69
89
141
48
-65
-87
3
131
201
149
32
-19
48
133
131
58
1
21
68
51
-49
-143
-129
-22
18
-88
-232
-266
-186
-114
-132
-186
-195
-147
-84
-38
-9
13
55
93
113
113
117
117
99
62
26
11
16
25
12
-42
-107
-116
-44
50
77
17
-56
-73
-11
99
177
170
77
-11
8
108
178
146
54
-9
-3
21
14
-21
-41
-26
-23
-59
-96
-86
-53
-50
-89
-110
-82
-38
-25
-42
-45
-22
25
67
96
108
98
64
37
34
40
37
10
-26
-69
-118
-153
-145
-86
-18
1
-38
-90
-92
-25
68
125
102
40
5
34
93
117
89
50
36
45
37
4
-22
-20
-3
-6
-45
-89
-99
-76
-58
-67
-79
-63
-18
29
37
7
-14
12
84
151
162
98
15
-21
17
68
67
7
-57
-87
-105
-135
-150
-114
-55
-33
-80
-147
-145
-53
67
120
88
22
6
61
136
163
121
56
28
43
65
63
34
-3
-31
-42
-30
2
17
-13
-73
-104
-70
6
56
47
4
-17
0
31
63
102
140
140
74
-20
-56
3
88
83
-35
-176
-215
-135
-47
-61
-157
-216
-166
-57
3
-18
-59
-49
5
53
77
101
127
121
67
16
37
117
152
81
-41
-97
-51
22
35
-36
-117
-139
-88
-26
-4
-20
-33
-9
34
70
77
64
63
90
128
139
96
17
-31
-17
17
12
-50
-127
-156
-131
-103
-109
-135
-149
-111
-52
-21
-25
-24
21
90
119
113
99
109
138
147
127
97
94
91
72
9
-28
-47
-9
18
1
-66
-156
-152
-62
16
21
-23
-81
-68
14
64
80
74
50
86
129
104
51
-13
-17
15
5
-12
-96
-166
-128
-143
-140
-189
-204
-152
-98
-48
-60
-88
-58
-1
72
126
105
99
132
132
20
149
170
309
146
126
19
-265
-205
-174
94
70
-121
-201
-467
-499
-1114
-1053
-530
-179
711
1196
1734
1727
1666
1231
649
10
-678
-1162
-1127
-961
-643
-50
231
675
729
779
-39
-1484
-1465
-2825
-2164
-1497
-302
1023
1915
2797
2527
2613
1458
941
-323
-973
-1469
-1608
-1187
-1345
-1344
-1349
-1010
-338
173
1222
1517
2006
1438
1537
522
1094
-59
-1511
-952
-2569
-1118
-2254
-292
-431
1241
1732
1768
2091
785
1026
-302
202
-799
-323
-1255
-1517
-1551
-2366
-1733
-2102
-799
-280
936
1688
2125
2440
2080
1862
963
477
-86
47
97
-28
470
73
555
164
-38
-602
-1319
-1333
-1760
-839
-777
110
-307
-128
-251
-476
-550
-1069
-631
-873
249
499
1357
1337
1086
1066
387
250
-556
-354
-396
143
353
786
734
704
712
233
318
-86
-305
-26
-138
276
-103
-379
-986
-1446
-1316
-1771
-845
-829
621
698
1427
1277
653
400
-343
112
-361
157
144
517
527
512
347
7
-249
-502
-604
-706
-552
-254
-294
-166
144
226
88
-595
-661
-880
-403
25
-5
1135
1072
1115
1185
411
732
-116
332
333
-54
49
-392
119
-565
-370
-599
-484
-400
-372
-118
-365
-2
-182
-72
-222
366
-41
-349
106
-160
241
337
506
466
198
-235
47
191
-159
-536
-232
-36
-52
421
10
251
-198
397
531
-908
-259
-540
-460
-177
-586
-400
-64
-146
206
156
-103
-150
-465
364
446
933
857
100
-188
-426
-65
-734
329
657
72
600
4
-55
-51
669
231
398
-100
-12
324
-192
-221
-325
263
123
173
-198
136
273
-50
179
-171
207
-417
-179
-101
692
151
451
123
-521
54
-944
406
-507
51
596
-183
22
-1069
-127
-1159
-770
-284
-454
-364
-169
884
-735
526
-534
-801
-3
-230
-842
-508
582
-548
230
219
1135
987
-6
553
-228
-169
779
-511
477
791
375
-131
445
526
326
643
114
21
296
855
-100
381
1310
168
-55
75
-240
102
-170
131
539
310
-26
64
574
137
590
-628
-402
16
-341
-181
231
56
-546
-509
381
-1237
-98
-310
-787
524
-320
256
-882
-580
-1439
7
-260
77
111
-211
8
-697
527
645
585
944
12
115
150
785
375
283
223
190
279
194
712
-253
581
-124
-588
-122
-1280
-815
-1318
-1189
-825
-245
-1204
-1282
-380
-1799
-1544
-1344
-762
-1224
-350
-282
-440
-497
311
-320
-1141
1031
247
1066
1648
1364
1112
1568
1105
611
1001
945
1741
1090
1510
2284
548
199
248
820
-282
855
566
612
1355
600
540
-336
-378
38
247
643
35
-417
111
-810
-269
-86
362
-990
-674
-869
-221
207
-637
-723
-792
195
-765
157
-1082
-499
-1289
-106
280
-652
273
-544
0
-243
-436
294
950
-587
1130
36
-362
698
-183
-810
-249
-189
-1329
-664
-823
-1329
-517
-585
-592
-891
-1367
-837
-1052
-567
-943
-657
99
720
1198
1580
1487
1020
1292
1317
1737
1647
1065
1338
1282
280
1167
1055
546
634
162
506
-159
55
-639
44
-67
51
-548
-1150
-745
-1392
-1344
-1188
-1409
-1894
-1840
-1989
-1766
-1521
-993
-884
-1405
-530
-924
-599
619
1278
617
1778
1919
2170
2475
2285
1894
1804
2236
1458
2033
783
890
938
345
291
207
-1035
-1526
-1515
-1576
-2130
-2608
-2287
-2182
-2460
-2813
-1952
-1506
-1224
-22
1148
1589
1462
3098
2681
3307
2470
3099
3088
3131
3030
2437
2007
1275
1352
462
-77
-421
-980
-1573
-1119
-1721
-2411
-1655
-1659
-1482
-1857
-2479
-2006
-1384
-1173
-1419
-1060
-1598
-1164
-1367
-1730
-644
-1127
-1085
-1526
-880
-831
-855
265
-64
-427
808
536
385
545
335
-18
1556
513
64
356
430
639
672
1120
642
787
28
506
465
1069
286
431
615
145
702
296
51
99
-870
527
125
1558
499
643
666
2
1289
-92
1158
-196
2
344
114
-59
191
220
-306
324
-19
-637
366
-445
-369
-592
-471
-270
-1131
53
-1768
-924
-467
-1207
-447
-407
147
-551
-1559
-381
-1178
-1431
388
-506
-119
396
-281
458
961
533
664
941
1116
1068
819
1521
1108
1671
2233
1438
2099
639
1484
956
1516
848
-42
277
-347
1253
644
-280
-247
963
-862
-394
80
-212
-1290
-1076
-1399
-1913
-2184
-2483
-1873
-2054
-1672
-2286
-2038
-1748
-1914
-1135
-1023
-526
-564
46
58
166
614
99
537
-824
-653
-852
-776
-749
-861
-1267
-755
-359
-647
-158
-427
465
789
1054
679
1269
1468
1379
2487
2537
3099
2940
2968
3681
2469
2055
2719
1614
1375
50
-87
-532
-1583
-1728
-2011
-1922
-2148
-1837
-2679
-2202
-2374
-2152
-1403
-567
-765
-610
786
404
999
274
474
450
1132
1274
871
941
883
778
881
1728
881
714
753
1244
777
652
891
835
923
757
811
465
643
413
271
-22
-457
-470
76
-120
-62
-856
-847
-245
-565
234
-662
-508
-537
-591
-232
-868
-504
-1082
-587
-945
-993
-1164
-817
-1171
-1401
-748
-1925
-1123
-2215
-1819
-1372
-1614
-517
-1255
-1311
-626
-546
-304
-10
-823
-1058
-1124
-551
141
5
229
976
-207
540
1267
731
529
795
636
585
814
360
1002
392
1276
1028
900
810
828
1161
765
872
96
574
499
599
946
788
923
744
861
997
1339
865
1134
1028
258
108
456
-497
-81
-32
-320
-769
146
163
-704
-372
49
83
-225
1135
350
668
479
621
88
523
761
774
1110
2052
1849
1409
640
110
-481
-93
139
-826
-808
-1097
-1174
-1187
-1168
-1696
-1507
-2067
-1736
-1172
-1107
-843
-1194
-1267
-951
-1439
-1606
-859
-1335
-483
-869
-853
-1278
-927
-769
-540
-561
-1142
-1115
-1162
-437
-408
-1
-440
111
-43
655
380
636
743
417
983
401
682
406
1178
855
919
1172
21
1104
870
532
807
855
1418
1060
1412
1101
828
287
534
504
-498
-10
158
441
-612
-262
18
-555
426
-1
36
-49
499
245
143
797
443
561
494
742
731
656
1172
393
590
443
-4
52
-322
-532
-395
-144
-411
-218
-1143
-1056
-564
-1192
-819
-500
-816
13
-937
-787
-488
-454
-143
-225
-8
-271
-291
222
-622
-592
715
15
-282
77
176
-18
-156
-283
4
-351
-689
-494
-178
-35
-195
289
388
108
223
-42
274
769
306
-63
299
219
116
486
227
62
-379
-184
124
205
606
-104
30
-509
-480
308
-845
47
-669
-164
215
115
559
137
192
157
2
-241
196
571
55
532
300
547
-172
-445
-48
18
-183
-297
-142
-543
-610
-34
-368
-481
171
-445
-178
37
-368
210
-154
-194
-74
-156
204
401
170
62
613
1045
1119
759
663
602
-110
-228
330
20
138
259
347
78
7
-194
-15
-6
-168
-501
-174
174
-55
-490
-719
-141
162
142
-355
451
659
403
936
997
502
588
137
405
677
686
499
659
782
-354
139
-81
152
133
257
-283
-90
-317
-1071
-414
-663
-1149
-1000
-1403
-1066
-1606
-983
-1597
-1501
-688
-1850
-1108
-1319
-1491
-818
-1358
-965
-1137
-857
-839
-468
-738
142
366
326
631
309
809
940
916
1101
877
1523
1786
1281
1727
1512
1345
1463
1632
1497
1425
869
1428
1361
1165
1680
1265
1025
1150
974
459
380
469
280
448
-461
-736
-531
-576
-425
-283
-405
-284
-104
-811
-591
-965
-239
-637
-645
-110
-1280
-905
-1433
-1018
-346
-428
-285
-432
-872
-938
-459
-516
-863
-557
-1173
-682
-773
-628
-65
-235
94
-660
-457
-251
-484
-588
-48
259
316
458
584
-94
-191
141
-98
-395
-660
-544
-213
-513
-202
-924
-1076
-329
-937
-129
84
42
263
210
296
676
147
823
916
833
1250
952
1532
1183
158
594
127
402
1304
925
647
475
452
668
255
732
371
376
1745
922
1111
1593
1068
1026
1035
367
619
971
1040
1067
922
377
888
312
411
703
395
544
-142
437
-110
-582
-243
-380
-425
-535
-305
-1138
-1357
-1671
-1640
-2052
-2645
-2302
-2540
-2381
-1816
-2832
-2518
-2503
-2886
-2396
-2309
-1991
-2067
-1766
-809
-644
-686
-208
99
291
93
999
690
590
919
967
1281
1080
1152
1581
1769
1749
1746
1309
1113
497
967
697
540
470
391
664
234
430
127
410
515
325
-168
77
424
-108
276
491
179
76
486
523
675
548
341
985
1013
1276
1188
778
1128
972
1546
1272
1119
1466
1218
1056
1208
1043
647
517
207
542
565
443
-309
-380
-694
-995
-1056
-1578
-1728
-2117
-1830
-1791
-2157
-2130
-1920
-2258
-1856
-1942
-2653
-2353
-2061
-2410
-2191
-1488
-1605
-1609
-1347
-828
-1351
-905
-1040
-937
-459
-639
-197
3
-370
111
749
883
1634
1260
1393
2162
2082
2965
3205
2316
2512
2432
1452
1401
846
1301
1339
1555
1570
1200
1596
1727
2039
1498
1667
2016
1212
503
290
19
-593
-882
-1697
-1703
-1795
-2483
-2157
-2425
-2456
-2427
-2067
-1995
-1911
-1315
-1082
-776
-419
-661
68
18
-149
213
464
974
483
904
841
175
352
592
1103
756
992
1043
804
298
59
-34
-144
-275
-442
-634
-410
-968
-612
-1434
-550
69
-392
644
456
953
800
752
651
1088
572
939
783
616
362
113
-170
61
-63
-266
-208
-720
-359
-951
-412
-383
-554
-393
-191
-414
-238
117
-62
214
-169
-224
-177
-737
-527
-935
-445
-340
-570
-387
-591
-804
-176
-648
-742
-596
-839
-231
-251
-940
-594
-686
-861
-415
-452
-89
697
508
-60
777
768
163
674
1170
-18
713
1298
1385
859
608
476
255
414
386
347
713
814
580
220
906
560
921
817
1055
1316
1202
1000
1153
1423
731
1037
1352
1431
1885
2244
2398
2206
2046
1132
1127
1395
-60
213
-1072
-1819
-2058
-2655
-2512
-2453
-2750
-2137
-2242
-2388
-1486
-1112
-1185
-1676
-1640
-1723
-1520
-1479
-1850
-2182
-2570
-1838
-2614
-2268
-2179
-1938
-1281
-1487
-1169
-904
-810
-928
-294
-283
-307
-264
-204
115
12
722
727
476
1295
1012
1615
1632
1910
2177
2108
2297
2832
2307
2406
2663
2437
2323
2368
1914
1845
2162
1587
1554
1175
959
443
492
581
419
745
220
63
-352
-218
-523
-1105
-661
-919
-125
-596
-1364
-1425
-1629
-814
-788
-301
-604
-260
-696
-660
-291
-854
-210
-435
-436
-271
18
-498
-44
445
330
270
543
161
566
186
-77
209
447
-8
386
544
-539
105
-409
-286
-235
-500
-199
18
-153
-368
-356
-344
445
18
-452
-614
-1205
-1442
-2537
-2283
-2327
-2020
-1758
-1418
-863
-385
-491
-946
-137
-102
336
395
658
588
183
382
254
-262
-97
192
637
258
378
-119
-350
-154
-139
-192
-513
387
274
384
752
448
944
419
780
1108
704
952
1389
1341
1074
2211
1720
1696
2272
1811
2087
2391
2075
2429
2014
2107
1823
1192
1106
630
705
236
13
-334
-640
-1136
-1501
-792
-1601
-1859
-1405
-2150
-1676
-1419
-2104
-2491
-2504
-2466
-1875
-1829
-1940
-1814
-1640
-1026
-1240
-1237
-23
-426
-336
656
-76
183
166
-31
175
471
112
103
-124
-442
-573
-255
293
345
912
482
334
612
169
-253
173
174
567
1018
1192
1336
1494
1679
1794
1676
2114
2395
1339
1882
1372
825
380
-502
-1121
-1769
-2364
-2356
-2289
-2843
-2130
-1726
-1305
-1317
-1106
-769
-720
-443
-794
-219
-569
-654
-327
-460
-479
-146
-48
250
335
589
180
880
734
956
1195
291
1203
604
1103
922
1175
1613
1626
1501
1422
1282
1236
1470
1433
866
1226
1218
703
802
580
587
656
-231
337
117
-131
-517
-595
-773
-606
-306
-397
194
-556
-288
-491
-706
-1121
-697
-858
-1050
-1353
-1441
-478
-714
-940
-943
-982
-1342
-1614
-1621
-1515
-745
-1146
-1275
-664
-816
-206
-412
-445
237
-218
-620
-17
109
-327
-193
-368
49
33
410
1061
505
718
1216
856
1142
883
522
344
-285
-112
-175
-452
-235
-206
-253
-239
67
332
609
275
669
708
820
372
785
86
288
788
760
254
472
557
966
1153
1067
844
521
791
936
732
720
1068
1247
1219
1039
600
234
410
47
1066
859
377
561
714
354
-283
-376
-686
-636
-773
-1054
-948
-1744
-1780
-2239
-2173
-2337
-2326
-2163
-2326
-2512
-1881
-1777
-1230
-1499
-1300
-1132
-677
-673
-1261
-638
-443
-92
53
233
-744
-491
-480
-187
-216
-25
529
126
806
808
910
762
765
1269
608
1496
1491
1168
1242
1383
1238
1291
1917
1333
1259
1084
902
1102
1057
2006
1832
1985
1582
1721
2093
1535
1319
1392
1662
1371
919
906
476
656
484
336
146
-822
-944
-879
-1188
-972
-499
-1199
-909
-620
-481
-241
-1334
-1316
-1039
-1613
-1992
-1644
-1850
-1840
-2230
-2134
-2414
-2129
-2513
-3387
-2403
-2197
-2119
-1974
-1768
-1377
-1448
-1561
-1466
-1407
-1551
-1284
-1170
-742
-577
-203
-125
-22
-107
279
356
338
1363
1393
1794
1851
1971
1954
2158
2180
2200
2281
2556
1912
2308
1991
2304
2418
2030
2224
1638
1935
1914
1606
1740
1435
1297
1219
720
777
439
139
711
802
-166
-145
-524
-640
-440
-478
-618
105
-280
-121
-339
-270
-399
-438
-521
-375
-551
-278
-538
-787
-549
-554
-528
-558
-327
-776
-597
-700
-1164
-788
-725
-1079
-688
-927
-630
-398
-754
-1479
-1439
-1248
-1102
-798
-626
-1167
-1000
-1255
-1175
-485
-682
-725
-622
-493
-42
8
-225
-5
35
-409
193
-416
-124
-261
-329
235
-347
-95
380
-297
-289
119
184
585
277
417
375
65
323
691
83
720
430
-81
735
285
155
1096
837
902
1001
737
1257
488
495
1181
1052
1154
1148
540
485
1047
-71
876
567
-93
547
239
575
548
608
37
340
549
677
792
47
923
795
483
672
219
567
-80
-69
-27
-76
436
-112
-461
-73
-1101
-664
-1007
-725
-884
-1701
-1751
-1717
-1169
-1307
-925
-1272
-1068
-1078
-473
-420
-592
-273
-276
222
659
424
355
391
531
204
-130
46
-5
-178
-421
135
-372
-339
-509
-403
-255
-168
-300
-729
-150
-240
-144
56
759
946
730
378
609
82
99
-149
273
-60
38
32
158
-36
-184
-237
-547
-353
-883
-510
-777
-833
-1018
-460
-810
-675
-448
-410
-329
-129
-78
235
1448
377
858
666
889
1564
1420
1136
1383
1650
558
1552
1232
1350
1268
1148
1274
1006
1108
984
895
550
451
280
410
-52
-74
282
206
-431
-386
-283
-345
-905
-872
-868
-1364
-1063
-2051
-1808
-1699
-1891
-2390
-2048
-2248
-2092
-1566
-1738
-1085
-1945
-1376
-1231
-838
-419
-350
-544
-24
249
759
1132
1417
1174
1361
1414
883
1206
1002
1872
1805
1694
1656
1812
1372
1060
1423
1007
1346
1719
1053
771
739
518
304
201
219
-288
199
-433
-451
-128
-507
-246
-282
-440
-605
-746
-915
-685
-791
-885
-1183
-1168
-897
-912
-795
-931
-708
-1083
-601
-620
-609
-706
-763
-572
-942
-381
-285
-570
-64
-364
-228
265
21
-293
-113
-311
-17
625
613
809
721
180
264
654
453
503
-55
562
70
30
485
119
248
-111
384
60
317
534
524
275
140
349
101
381
274
585
619
551
397
830
440
-221
156
96
99
203
-33
418
157
702
926
599
761
550
573
932
1242
948
544
595
197
-202
36
-200
-245
-521
-57
-549
-992
-918
-1440
-1807
-1940
-1569
-2068
-2160
-1641
-1967
-1883
-2135
-1911
-1598
-1947
-1177
-922
-1068
-733
-670
-698
-575
91
229
786
391
56
472
551
1016
976
1308
1738
1721
1680
2111
2331
2017
2372
2088
2082
2097
1804
2335
2083
1787
2151
1049
1424
1528
1363
920
724
293
-404
-316
-886
-1251
-1698
-1823
-1687
-2087
-2205
-2151
-2479
-2192
-1878
-1700
-1867
-1621
-1373
-1555
-1238
-870
-1078
-898
-152
26
-323
269
-449
-515
-112
-201
194
459
481
423
437
644
718
313
554
958
643
874
1086
505
343
218
626
579
391
347
326
82
42
162
109
581
442
389
653
233
717
280
119
467
349
-39
398
-173
-391
19
-98
-101
-38
-148
-282
-542
-480
-261
-7
-128
358
-194
-7
34
-488
-532
-240
-291
-421
320
8
-252
-687
-457
-971
-582
210
-62
82
-204
-499
-156
46
39
502
470
431
-15
447
605
-7
568
-150
93
-297
-417
58
-47
184
228
206
89
312
276
481
694
317
729
702
968
304
264
452
-28
438
156
19
99
257
-48
-374
-289
-322
-597
-560
-886
-762
-1284
-685
-331
-1107
-933
-734
-852
-725
-823
-836
-559
-654
-849
104
-279
-546
-165
210
402
229
671
223
-359
406
448
573
1155
941
661
671
803
603
591
476
735
861
1037
752
546
999
613
646
779
731
39
550
493
116
228
379
255
-214
-161
-384
-592
-537
-464
-580
-856
-1187
-951
-1138
-997
-903
-1186
-1069
-1028
-876
-1036
-741
-736
-407
-226
-511
-211
-99
209
-29
-58
165
237
179
207
475
331
458
476
681
857
619
916
457
577
436
-108
965
542
324
41
-321
545
383
184
-163
485
48
322
114
19
408
388
370
191
414
49
213
-120
-13
53
182
399
282
94
-122
-166
-134
-370
-545
-635
-1009
-549
-791
-1241
-734
-669
-574
-264
-144
-901
-318
-414
-278
-579
-1145
-314
-222
-320
-166
2
-161
-197
49
-97
-189
116
-50
335
637
546
545
264
429
654
901
711
815
828
779
596
752
855
384
754
685
390
827
1159
685
936
391
333
-189
-160
-208
-236
-95
-473
-154
-537
-446
-574
-864
-788
-925
-928
-911
-1408
-1067
-942
-797
-686
-830
-756
-755
-743
-835
-602
-726
-1149
-1227
-1297
-1010
-515
6
-384
183
551
422
550
860
1291
1531
1574
1655
1886
1712
1935
1807
1342
1309
2181
1544
1486
1524
1043
1258
756
1044
865
1066
1156
480
675
647
116
36
-188
-690
-632
-860
-1239
-1574
-2139
-2042
-2323
-2563
-2121
-1991
-1977
-2215
-2198
-1989
-2297
-1854
-2290
-1819
-1731
-1298
-1486
-1601
-916
-1058
-410
-30
-6
-199
214
196
835
841
862
1612
1752
1716
1719
1744
1777
1779
1961
2128
1741
2262
2371
2167
1912
2150
2136
2333
2129
1488
1330
759
723
618
396
487
-174
-108
-223
-300
-448
-734
-848
-1219
-1059
-900
-1355
-1381
-1183
-1239
-1169
-1408
-1469
-1097
-981
-1390
-1373
-668
-1086
-1038
-827
-958
-1283
-996
-765
-1339
-985
-788
-145
-34
-458
-749
135
33
351
405
-266
373
383
387
461
764
634
450
412
861
666
124
752
421
307
644
188
238
468
412
392
599
147
353
484
283
787
524
303
248
104
119
293
725
-202
-289
105
-238
-497
-321
36
-91
-77
112
-4
409
404
419
187
156
660
522
201
166
-314
-240
17
-371
-102
-387
-159
-134
-18
-244
165
435
472
108
-218
-145
-243
-227
-221
-392
-192
103
-200
-327
-334
-512
-458
-544
-260
-561
-391
-185
-735
-1067
-528
-359
-368
-120
-434
-266
1
82
97
294
496
14
73
351
281
433
205
9
624
181
39
20
174
309
613
664
203
595
506
-73
-409
49
-192
-490
-327
-112
8
-544
-272
-440
-348
-251
-89
171
-17
-135
229
-207
-90
215
-384
-30
-127
94
152
-308
-163
-589
-263
47
-276
-203
-53
-413
-253
294
25
58
-131
615
449
-33
766
454
907
841
969
1321
1061
1108
1013
1299
1018
1246
986
1195
1186
915
1362
671
1040
860
1049
1062
639
789
385
225
176
-187
-440
-960
-1146
-1113
-1737
-2021
-2133
-2179
-2678
-2045
-2244
-2405
-2626
-2295
-1856
-1847
-1569
-1691
-1185
-1280
-823
-820
-421
-203
-522
-167
-193
-408
-221
34
28
-230
5
69
198
336
-89
425
102
528
425
393
452
291
1240
467
786
920
780
1036
936
1100
966
1106
1416
1433
1247
1129
1252
1168
1065
1182
976
1423
757
1402
771
805
1434
680
859
635
836
440
285
264
182
176
283
542
126
-106
53
435
428
-156
-170
283
-90
-121
-193
-297
-377
-705
-820
-950
-922
-1029
-267
-908
-628
-805
-1259
-515
-1072
-1286
-1211
-1263
-1152
-1390
-1532
-1819
-1334
-1479
-1228
-1079
-876
-688
-714
-557
-1142
-412
-409
-384
-522
-456
323
172
-1
-90
-194
-2
354
429
762
266
555
517
399
481
393
170
243
420
-79
343
-167
159
267
165
473
31
598
460
519
455
418
543
719
991
500
878
483
1029
1085
623
970
902
1059
849
786
1147
1285
926
1329
815
493
677
537
623
338
-229
-451
-261
-362
-246
-834
-877
-907
-818
-433
-515
-299
-658
-529
-495
-556
-108
-425
-204
205
-105
51
-503
-110
-299
-3
192
-222
-449
-345
-252
33
-46
-347
-56
-763
-307
-298
-654
-644
-568
-536
-653
-219
-502
-542
-378
-412
-413
-493
-220
-215
72
229
164
156
-30
-112
127
11
248
39
36
-38
317
-189
-59
131
-364
163
-372
-120
-281
-490
-435
-253
38
98
134
11
470
311
132
666
347
436
344
-296
14
-93
14
276
402
559
-69
300
415
614
616
390
507
314
37
448
330
144
635
505
365
25
94
40
162
274
334
316
-30
247
-73
-327
-111
-108
-61
168
-8
289
234
21
61
-403
-211
-180
-297
96
-177
-334
-323
-395
-87
-133
-262
206
163
140
-13
-118
-151
-262
125
-167
202
80
-410
91
-243
-55
-52
-183
-737
-455
104
-258
-164
-234
-426
-284
-233
-532
-69
-316
-345
-136
-307
-412
-380
-361
-406
-88
-132
-63
-279
-696
-352
34
174
-27
-89
56
81
45
205
101
257
600
432
205
477
667
616
664
740
428
571
782
665
934
921
545
481
480
364
114
-51
-132
-258
-353
-379
-145
-243
-441
-393
-315
-17
252
-137
-12
-466
-588
-202
-236
-545
-715
-600
-547
-457
-519
-480
-117
45
46
39
88
191
49
-492
-20
293
21
-54
-298
235
287
286
293
217
148
166
202
46
15
4
47
-26
180
-26
-214
125
-52
451
14
-159
-153
162
-11
186
357
38
145
297
219
401
191
316
228
271
490
470
129
-195
-63
-280
-208
-65
93
-9
-154
-126
-165
-576
-549
-17
-334
-203
76
-297
-404
103
35
60
219
-124
-203
65
277
13
39
-167
-19
136
-271
-189
-240
-54
87
326
-237
-397
-156
-102
159
83
78
-431
-177
-43
-407
-127
-87
-135
21
-109
-375
-477
-382
-280
-530
-262
-163
-52
-38
-171
-236
14
31
83
18
146
28
-42
139
229
687
359
451
469
381
53
335
353
621
659
187
361
432
594
762
601
649
846
577
1193
1097
1131
954
557
691
433
675
808
588
276
533
262
-239
-156
-509
-599
-714
-466
-567
-879
-899
-1077
-1171
-965
-1020
-1518
-1420
-1423
-1059
-1284
-1231
-1123
-1444
-1350
-1243
-1180
-835
-563
-394
-452
-582
-141
-328
-178
147
284
424
161
462
408
555
495
440
394
762
610
803
1061
756
930
894
960
866
1065
904
726
725
1078
1052
559
215
313
515
231
159
11
-25
-330
-380
-408
-372
-453
-876
-524
-329
-369
-178
-176
-409
-7
0
235
297
160
49
84
102
393
528
741
869
656
689
329
745
676
618
638
531
522
295
162
-191
232
49
-164
-105
-203
-138
-601
-375
-728
-1100
-1109
-1155
-1121
-1087
-933
-1271
-1301
-1319
-1327
-1275
-1592
-1633
-1113
-812
-775
-700
-548
-449
-272
15
-195
133
334
278
554
844
961
1110
1094
1091
987
621
947
525
487
374
280
-107
-249
-158
-140
182
-39
104
467
448
132
92
482
391
762
757
189
190
37
-68
-38
-6
-249
47
52
-188
-79
-18
195
284
574
354
385
479
518
720
603
832
452
854
564
355
623
566
365
589
487
406
178
18
8
-145
-214
-306
-389
-193
-427
-728
-239
-636
-670
-1031
-564
-505
-581
-637
-768
-735
-777
-708
-905
-733
-746
-566
-656
-696
-884
-1020
-528
-681
-535
-597
-533
-550
-555
-206
-507
-2
111
14
395
330
278
530
824
1018
774
1144
906
631
895
703
861
1069
1139
746
557
309
-17
266
101
-26
-97
-446
-883
-821
-706
-696
-585
-551
-474
-836
-742
-574
-406
-442
-405
-305
-456
-97
141
-77
92
122
300
345
329
342
45
-133
260
-96
-30
339
237
125
235
33
432
461
955
823
777
721
664
607
673
1176
1002
1149
1110
1095
970
997
962
758
952
907
722
509
541
29
-60
-51
-58
-322
-593
-588
-851
-629
-972
-1065
-812
-665
-764
-631
-804
-669
-836
-787
-749
-916
-768
-913
-695
-1031
-815
-749
-1022
-910
-609
-621
-478
-872
-931
-804
-860
-915
-813
-712
-817
-448
-761
-963
-952
-999
-529
-788
-317
-321
-287
-493
-62
261
408
305
419
816
478
822
700
713
832
804
1166
1290
1354
1422
1205
1537
1492
1456
1443
1504
1359
1447
1596
1351
1329
1510
1427
1061
718
903
759
638
545
572
466
555
685
553
664
343
578
286
-138
-81
-276
-278
-50
-181
-653
-436
-94
201
365
572
365
275
-93
-370
-485
-951
-933
-1414
-1634
-2126
-2570
-2858
-3159
-3191
-3396
-3731
-3573
-3579
-3524
-3659
-3398
-3083
-2957
-2810
-2582
-2170
-1714
-1208
-951
-216
-221
237
927
1338
1274
1649
2031
2362
2589
2735
2718
3046
3236
3121
3228
3275
3401
3299
3370
3474
3112
2619
2362
2372
2151
1932
1758
1599
1488
1080
1088
694
507
507
472
285
91
-185
-407
-598
-540
-705
-1255
-1350
-1349
-1370
-1440
-1246
-1589
-1774
-1655
-1612
-1724
-1762
-1714
-1919
-1576
-1654
-1450
-1284
-1443
-1343
-1277
-1146
-950
-869
-909
-562
-637
-930
-703
-492
-540
-590
-647
-488
-213
-334
52
-226
-591
-397
-107
15
123
646
746
931
881
1220
899
1239
1507
1266
1493
1815
1886
1914
2084
1545
1485
1341
1223
767
665
833
433
662
189
460
594
132
-17
-170
48
-110
-371
-375
-637
-829
-1065
-1028
-1299
-1130
-1046
-1211
-1381
-1721
-1486
-1621
-1682
-1798
-1363
-1491
-1478
-1471
-1466
-1315
-1530
-963
-856
-869
-172
38
328
852
1049
1500
2017
2341
2789
3202
3296
3491
3650
3575
3697
3225
3090
2756
2402
2174
1626
1184
654
351
-379
-740
-1010
-1437
-1956
-2144
-2084
-2576
-2642
-2722
-2640
-2868
-2862
-2653
-2703
-2498
-2561
-2364
-1929
-1742
-1458
-1174
-875
-682
-721
-492
-233
-166
-97
452
368
305
466
428
496
718
817
771
952
633
926
718
1053
894
911
1097
1051
1071
829
923
745
1198
1018
1009
901
770
849
640
714
679
462
627
733
785
703
927
841
841
815
894
804
599
559
442
419
315
289
-136
-69
-110
-287
-424
-912
-982
-1180
-1118
-1295
-1569
-1362
-1646
-1422
-1467
-1564
-1485
-1492
-1436
-1368
-1354
-1336
-1153
-1388
-1071
-723
-964
-814
-593
-581
-389
-332
-211
-325
-237
150
136
160
601
637
737
840
768
851
787
896
917
1103
1153
846
1058
1099
888
973
1019
1069
1167
1049
1087
1046
900
895
754
842
1101
1119
1152
1198
1005
873
734
230
471
114
48
-32
-314
-324
-242
-487
-596
-614
-962
-938
-1163
-1002
-1358
-1221
-1243
-1576
-1502
-1681
-1404
-1531
-1618
-1276
-1441
-1229
-1497
-1227
-1222
-1092
-1117
-801
-1040
-730
-293
-489
-55
-82
113
-93
143
170
338
503
608
885
733
879
995
1090
1300
1286
1490
1372
1638
1403
1531
1278
1036
1141
991
1192
1069
1097
1097
790
825
883
817
601
617
1049
997
892
845
819
866
700
794
687
491
384
96
7
-113
-353
-780
-807
-879
-1259
-1333
-1354
-1691
-1847
-1914
-2063
-2153
-2305
-2307
-2316
-2251
-2357
-2153
-2085
-1980
-1898
-1851
-1809
-1498
-1266
-1263
-1049
-803
-725
-552
-332
-157
100
-99
172
446
274
629
829
960
1130
1219
1270
1483
1637
1644
1792
1673
1641
1839
1667
1647
1821
1678
1539
1664
1810
1704
1882
1752
1624
1714
1759
1522
1770
1634
1370
1353
1073
722
606
734
237
146
155
-162
-169
-114
-278
-234
-341
-472
-587
-535
-484
-599
-668
-756
-915
-904
-894
-1094
-1282
-1585
-1624
-1874
-1880
-1933
-2159
-2258
-2318
-2551
-2848
-2591
-2592
-2636
-2555
-2728
-2787
-2567
-2363
-2065
-1810
-1624
-1299
-1194
-847
-394
-62
331
744
1217
1488
1852
1917
2272
2328
2461
2844
2648
2701
2843
2766
2694
2283
2007
1960
1596
1471
1621
1533
1175
1214
1165
1393
1335
1254
1324
1199
1158
1126
1217
865
482
70
-163
-597
-801
-972
-1341
-1508
-1460
-1662
-1735
-1731
-1603
-1738
-1580
-1448
-1420
-1300
-1190
-758
-562
-528
-348
-140
-168
-112
-251
-5
77
80
188
90
-165
-352
-438
-469
-675
-673
-567
-499
-594
-605
-310
-397
-289
-125
-175
-25
45
-24
16
194
275
519
492
515
621
571
762
795
820
898
1010
864
766
958
1017
874
787
872
823
621
512
369
418
462
141
219
155
15
-213
-198
-557
-510
-644
-805
-368
-527
-453
-552
-596
-645
-781
-789
-824
-740
-892
-747
-706
-976
-1011
-893
-912
-1003
-664
-705
-785
-677
-546
-532
-606
-496
-556
-269
-271
-353
-148
-97
167
-79
35
289
313
380
675
729
828
834
809
996
961
1082
1157
1177
1130
1013
1028
1069
1088
944
766
818
879
652
653
585
694
740
722
656
552
670
412
496
595
472
467
141
171
-167
-292
-275
-242
-322
-300
-505
-880
-803
-911
-1079
-1058
-952
-1026
-1096
-1116
-1051
-1023
-1037
-888
-525
-672
-591
-496
-431
-696
-745
-445
-459
-351
-375
-158
-290
-201
3
-44
-130
143
296
-77
160
221
117
-70
63
381
172
426
305
101
131
177
292
317
319
203
383
252
241
321
168
175
154
137
181
46
37
-20
-9
-98
-20
-81
-11
-94
-38
173
76
-52
305
303
159
413
245
362
281
240
229
119
33
-4
-53
93
30
-11
-151
-254
-486
-629
-621
-863
-991
-911
-838
-834
-667
-616
-423
-280
160
164
34
302
410
581
688
953
864
933
1043
937
1087
834
958
1164
1310
1283
1242
1158
1070
1091
1029
972
951
1031
770
590
237
100
-167
-420
-633
-640
-886
-1207
-1347
-1430
-1437
-1617
-1766
-1492
-1505
-1627
-1530
-1279
-1334
-1354
-1155
-1145
-844
-775
-571
-672
-520
-275
-447
-181
-347
-84
-208
-295
-137
-104
108
125
608
713
847
975
899
991
1209
1112
1256
1074
1215
1201
1165
1214
1222
1111
1149
992
820
736
418
258
32
-56
-348
-541
-602
-637
-636
-637
-779
-740
-818
-796
-694
-493
-528
-451
-337
-474
-412
-291
-285
-284
-130
-200
-101
10
134
32
-14
106
126
273
377
354
620
768
555
837
798
532
884
936
834
996
855
874
720
673
375
348
262
235
251
332
416
-62
-156
-192
-256
-607
-977
-790
-837
-1029
-1075
-1081
-1338
-1228
-1260
-1242
-1358
-1411
-1410
-1404
-1384
-1222
-1270
-1450
-1312
-1255
-1182
-1248
-1048
-1016
-1085
-711
-753
-589
-323
-212
52
231
323
491
668
909
1374
1460
1563
1644
1852
2356
2242
2145
2257
2307
2230
2138
2114
2031
1992
1632
1972
1868
1509
1364
950
940
706
455
403
-13
-80
-240
-759
-851
-948
-1037
-1142
-1212
-1113
-1062
-1116
-1064
-1153
-1097
-1049
-866
-645
-406
-125
363
706
1022
1454
1788
2122
2221
2272
1998
1731
1457
881
605
-103
-842
-1410
-2051
-2557
-3296
-3585
-4171
-4693
-4836
-5111
-5146
-5211
-5107
-4867
-4758
-4419
-3807
-3503
-2988
-2354
-1793
-1263
-757
-203
383
805
1415
1940
2246
2672
3042
3306
3287
3606
3800
4016
4015
4128
4063
4119
4254
3913
3915
3742
3600
3363
3240
3222
2862
2590
2317
2065
1735
1558
1368
953
786
464
200
-48
-336
-330
-790
-972
-1193
-1356
-1404
-1489
-1502
-1622
-1734
-1911
-1993
-2006
-2093
-2134
-2148
-2089
-2102
-2062
-2076
-2191
-1961
-1876
-1754
-1653
-1456
-1387
-1323
-1180
-1137
-967
-833
-963
-890
-685
-697
-660
-410
-364
-503
-531
-407
-426
-307
-172
13
-5
128
400
359
391
536
605
524
693
931
828
924
1040
1143
1205
1230
1212
1153
1349
1310
1456
1349
1309
1311
1206
1280
1092
1207
1318
1053
1091
789
872
797
598
348
-37
-112
-339
-689
-897
-1256
-1406
-1572
-1632
-1843
-1912
-1781
-1948
-1745
-1783
-1605
-1355
-1102
-923
-787
-416
-72
112
407
509
707
922
829
1029
1016
1071
1230
1275
1428
1348
1373
1306
1238
1394
1117
1190
1078
1079
1035
820
835
712
635
581
367
287
74
-16
-98
-396
-430
-684
-680
-734
-740
-803
-1074
-960
-935
-994
-1058
-1282
-1244
-1373
-1327
-1211
-1252
-1240
-1209
-1139
-1022
-937
-918
-920
-907
-815
-678
-595
-568
-413
-393
-331
-167
-51
44
75
190
300
439
650
670
654
854
974
960
1078
1083
1085
1014
973
969
962
868
790
801
789
808
757
851
903
935
904
919
873
1023
850
844
571
333
392
53
-78
-442
-571
-939
-1183
-1411
-1601
-1811
-2083
-2109
-2278
-2308
-2335
-2265
-2248
-1940
-1866
-1668
-1490
-1276
-913
-781
-313
-66
191
473
946
1158
1358
1550
1724
1983
2060
2189
2308
2293
2272
2323
2267
2101
1881
1796
1700
1581
1367
1115
1043
831
615
507
366
187
27
-90
-140
-413
-536
-405
-525
-531
-519
-695
-653
-792
-739
-761
-807
-764
-802
-902
-1049
-1000
-1058
-1025
-995
-890
-871
-864
-839
-910
-1052
-1139
-1125
-1028
-989
-1003
-1009
-1084
-1053
-1005
-1040
-970
-902
-838
-733
-821
-709
-599
-545
-382
-360
-282
-291
-181
-68
11
163
297
475
476
592
798
765
802
943
1121
1146
1163
1122
1189
1269
1185
1266
1188
1272
1349
1250
1304
1299
1344
1263
1196
1256
1218
1086
945
947
862
753
672
668
651
446
367
296
166
49
5
-124
-175
-243
-307
-328
-442
-425
-503
-595
-615
-654
-690
-905
-870
-882
-920
-942
-1016
-1067
-1216
-1158
-1047
-1116
-1172
-1203
-1124
-1076
-1140
-1148
-1003
-931
-904
-765
-570
-544
-505
-408
-301
-213
-127
-69
28
71
117
198
276
269
340
416
393
418
539
672
641
626
653
653
673
660
584
595
634
648
646
588
545
527
514
436
360
452
450
412
344
206
136
129
110
108
86
102
76
53
67
61
93
122
142
136
131
180
193
167
90
10
6
-50
-38
-66
-162
-221
-286
-248
-262
-287
-310
-348
-308
-377
-374
-344
-280
-241
-315
-340
-435
-422
-357
-332
-289
-305
-297
-283
-319
-288
-289
-256
-186
-169
-114
-132
-90
-42
-5
44
-16
2
-41
-22
22
-49
-12
6
149
217
205
296
353
500
554
560
592
548
622
614
595
558
474
482
370
251
164
103
109
-5
-121
-201
-239
-192
-204
-193
-247
-319
-309
-351
-296
-302
-293
-233
-261
-205
-165
-120
-120
-144
-96
-89
-97
-96
-37
33
49
41
19
22
49
25
9
29
40
77
103
81
49
51
78
50
35
40
46
80
110
154
144
119
126
148
173
203
245
222
152
107
99
99
59
24
22
13
-25
-59
-88
-84
-79
-155
-240
-263
-240
-228
-255
-267
-216
-164
-190
-245
-263
-262
-237
-190
-175
-172
-175
-179
-121
-91
-93
-103
-124
-91
-44
-9
26
62
102
117
130
131
154
204
219
232
242
258
268
226
188
180
176
171
163
169
149
112
103
114
124
87
16
-41
-69
-46
-13
-1
6
-2
5
-28
-28
8
32
38
-14
11
61
125
142
102
71
18
31
43
85
90
50
-14
-90
-139
-193
-203
-217
-185
-170
-139
-120
-111
-73
-62
-32
-34
-16
-14
-9
2
13
47
39
38
15
27
46
88
121
140
161
160
173
148
127
90
67
59
65
86
89
93
62
33
-6
-34
-43
-45
-32
-41
-58
-96
-141
-184
-229
-238
-247
-240
-230
-209
-173
-154
-135
-121
-94
-74
-60
-47
-40
-29
-43
-74
-125
-188
-259
-330
-394
-463
-523
-589
-645
-702
-767
-828
-879
-892
-873
-833
-770
-688
-582
-459
-333
-200
-50
116
289
461
627
781
920
1051
1175
1283
1372
1439
1490
1522
1538
1534
1513
1480
1442
1391
1329
1250
1153
1048
933
817
709
611
511
409
297
173
50
-63
-172
-277
-373
-466
-551
-633
-717
-804
-892
-963
-1022
-1062
-1094
-1119
-1141
-1163
-1180
-1190
-1191
-1184
-1158
-1126
-1083
-1037
-993
-946
-906
-858
-807
-746
-677
-608
-542
-477
-411
-350
-296
-240
-182
-123
-56
10
77
136
190
241
290
343
396
444
492
539
574
605
628
647
666
684
701
723
744
754
755
746
730
713
699
685
668
652
631
607
575
538
499
460
428
395
371
348
324
299
269
230
189
141
97
53
14
-17
-46
-75
-106
-143
-188
-226
-258
-282
-298
-309
-316
-325
-337
-356
-375
-394
-414
-428
-433
-434
-431
-427
-430
-435
-448
-457
-462
-458
-442
-420
-395
-371
-352
-336
-326
-313
-293
-271
-240
-205
-162
-127
-92
-63
-39
-17
6
30
57
88
115
143
166
180
188
194
197
200
206
212
224
235
243
249
250
250
245
238
228
224
223
225
224
222
214
202
190
176
162
146
139
134
128
128
118
104
88
72
56
41
27
16
9
-1
-12
-23
-39
-50
-60
-68
-73
-76
-79
-82
-92
-98
-103
-109
-115
-116
-112
-109
-103
-101
-100
-99
-98
-97
-93
-89
-83
-73
-70
-65
-57
-60
-58
-57
-57
-53
-48
-43
-38
-30
-26
-21
-13
-5
3
13
17
25
32
37
43
47
48
48
49
46
41
32
29
25
21
22
20
20
19
20
20
23
23
22
24
25
26
24
21
14
11
7
4
2
0
-4
-2
-1
-4
-5
-5
-3
-3
3
8
10
12
14
16
20
20
21
20
18
16
16
13
11
8
5
2
-1
-5
-8
-10
-13
-13
-12
-13
-13
-15
-15
-16
-11
-7
-5
0
5
10
15
18
21
23
21
20
19
15
11
7
2
-2
-8
-13
-13
-17
-19
-21
-23
-22
-23
-21
-21
-19
-15
-14
-13
-11
-8
-7
-7
-5
-3
-2
-2
-2
-2
-4
-6
-3
-3
-5
-2
-2
-1
-3
-1
-5
-5
-6
-7
-9
-13
-15
-17
-18
-17
-17
-19
-18
-17
-17
-15
-12
-11
-7
-2
1
2
4
5
7
10
10
9
5
5
5
5
-1
1
2
-1
1
2
4
6
8
9
11
13
16
16
17
19
21
21
21
18
19
18
17
17
16
16
12
11
10
7
8
6
5
3
1
2
-2
0
-3
-7
-7
-11
-11
-14
-18
-22
-24
-24
-26
-27
-32
-32
-33
-33
-34
-33
-32
-30
-27
-27
-22
-18
-15
-14
-11
-8
-6
-4
0
5
8
15
17
20
24
26
29
31
33
36
38
38
41
43
44
45
45
44
44
43
43
41
41
40
34
35
31
27
26
23
16
12
8
3
0
-4
-8
-13
-21
-25
-30
-33
-39
-42
-45
-47
-46
-50
-49
-52
-50
-49
-46
-45
-44
-42
-40
-36
-34
-33
-33
-33
-30
-28
-29
-29
-28
-26
-26
-25
-26
-21
-19
-18
-17
-16
-14
-10
-8
-4
-2
1
4
8
12
15
19
21
25
27
31
33
34
38
40
37
40
43
40
42
40
39
38
37
35
33
33
29
29
25
23
24
22
19
14
12
11
8
8
6
3
4
2
1
-1
-2
-4
-5
-7
-7
-7
-8
-8
-10
-9
-11
-10
-10
-11
-11
-9
-9
-8
-9
-8
-7
-6
-5
-3
-4
-6
-8
-8
-7
-8
-9
-13
-12
-14
-14
-16
-16
-15
-15
-16
-14
-13
-14
-14
-13
-9
-10
-10
-9
-8
-8
-7
-4
-3
-2
-2
-2
3
3
2
3
4
4
3
2
3
3
4
5
5
5
5
6
5
4
5
4
2
2
3
1
2
1
2
4
1
4
3
2
3
5
8
8
6
7
8
8
10
10
12
12
9
10
9
7
5
5
6
1
