1
-1
1
2
1
2
1
1
2
0
2
2
0
0
1
-1
-2
1
0
0
2
-1
-3
-1
-2
-1
-2
-1
-2
-1
-1
0
2
-1
1
0
0
1
1
2
1
0
0
0
0
0
1
-1
0
0
1
1
0
-1
2
2
0
1
-2
-1
-2
-1
-2
0
2
-2
0
-2
1
0
0
2
1
0
-1
1
0
0
1
0
1
1
1
0
1
0
1
0
0
2
1
2
1
1
2
0
1
-1
1
0
2
1
1
0
1
0
-2
-1
-2
0
0
-1
-2
-3
-2
-1
3
1
0
0
-1
-1
-4
-2
-1
-1
-2
-1
1
-1
-2
-3
-2
0
3
-1
-1
0
-3
0
-2
2
1
0
2
1
1
-1
-1
1
2
1
1
0
1
-1
-2
-1
1
2
3
0
3
5
2
2
1
1
0
2
1
1
1
4
2
1
1
0
2
1
0
-1
1
-1
-1
-3
-3
1
-1
-4
-2
-1
-1
-1
1
1
-3
-2
-2
-2
-2
-1
-2
-1
0
0
0
0
-1
0
0
0
1
-1
-1
0
-1
-1
1
1
-1
0
0
-1
-1
-2
0
1
1
0
1
0
0
1
1
2
-2
0
2
0
-1
1
-2
1
2
-1
-1
0
3
2
-1
-1
4
1
0
1
1
1
0
1
0
3
1
-1
1
2
0
0
-2
0
0
0
1
-2
-2
0
-1
0
-2
0
-2
-1
1
0
-2
-4
-1
-1
-1
-1
0
1
0
0
1
1
0
2
0
2
2
0
1
-1
-1
-1
2
2
-2
-2
-1
0
1
-2
2
0
-2
0
-1
1
1
1
1
-1
0
-2
1
-1
2
1
0
0
0
0
-1
1
0
0
-2
-1
-1
-1
1
0
0
1
0
1
0
-1
-2
1
2
1
1
0
2
-1
-2
0
1
-1
-1
-1
-2
-1
1
0
1
2
-1
0
-2
0
0
1
1
1
1
1
0
1
-1
1
2
0
0
0
-1
-3
0
-1
1
-1
0
0
1
0
0
2
-1
0
1
0
1
-1
-1
0
-2
1
0
2
0
0
0
1
1
1
0
-2
1
1
0
0
0
-2
-2
0
1
-1
-1
0
-2
-2
-1
0
1
1
0
-1
-1
0
0
1
3
0
1
0
1
2
-1
-1
-3
0
0
0
0
-1
2
-1
0
2
0
-1
0
-1
-1
0
1
-1
-2
-2
-1
-2
1
-1
0
-1
2
0
0
1
0
1
0
-2
0
1
0
-2
-2
0
0
2
1
1
1
-1
1
2
2
2
-1
0
0
-1
-1
-3
-2
1
-1
-1
1
1
3
0
-1
0
2
1
-1
2
0
0
0
0
2
2
1
2
1
1
-1
0
-1
3
1
-1
-2
-1
-1
-3
1
-2
-1
-1
-1
-2
-2
0
-2
-1
0
1
0
-1
0
0
2
3
1
0
1
2
2
1
0
2
1
-1
0
0
-1
2
1
-1
3
1
2
0
-1
-1
0
0
1
0
-2
-1
2
2
0
2
0
-1
1
-1
-1
0
0
-1
1
0
-2
0
0
0
0
1
1
-1
-1
1
1
1
2
0
1
0
-1
-2
1
0
2
-2
0
0
-1
2
-3
-2
-2
-2
-2
-3
-3
-3
-4
-1
-1
-1
0
2
0
-1
-1
2
2
1
2
-1
1
1
2
0
-2
-2
-2
-1
0
-1
0
0
1
2
4
2
0
2
2
3
1
0
2
3
3
3
1
1
0
1
1
0
0
0
-1
-2
1
1
0
0
0
2
0
-1
0
2
2
1
1
2
0
0
1
2
0
-2
1
-4
-3
-2
0
-1
1
0
-2
-2
-2
-3
-6
1
0
-2
-2
-1
0
-2
-1
0
-1
2
2
-4
4
3
2
2
1
3
1
1
3
4
1
0
-3
-2
1
-1
-2
-2
-2
0
0
-1
-4
-2
-2
0
-1
0
-1
2
2
-2
-2
0
2
-3
0
-1
0
2
-1
0
-1
-3
-1
-4
2
0
1
1
2
2
0
-1
4
4
0
2
0
0
-1
1
-2
-1
2
4
2
1
4
4
0
-3
4
0
-1
-1
4
4
1
2
1
3
-2
0
1
0
-2
-2
1
1
-2
1
-3
-3
1
-1
-2
-3
1
0
-3
3
3
2
3
-2
-2
-2
-4
-4
-4
-7
-4
-2
-3
-2
1
0
-2
-4
-4
-1
-3
-4
1
-1
-1
-2
0
-1
-1
2
-1
-1
3
-1
-4
4
4
-5
1
6
0
4
3
1
5
4
-1
6
3
3
4
1
3
6
7
6
3
3
-1
0
5
2
-1
1
2
3
3
1
1
1
-4
-5
3
-4
-6
-4
-1
-3
-2
-1
0
-3
-4
2
-1
-4
-2
-1
-5
-2
-4
-2
-1
0
-1
1
-4
-3
-3
-5
-4
-5
2
-6
-1
3
-2
-1
6
0
-2
2
0
5
4
1
4
2
-2
3
-1
0
-1
-4
-3
1
4
-2
1
3
4
-2
1
7
0
0
0
6
3
-2
2
8
0
-1
2
3
1
0
11
2
2
-1
8
2
0
-3
0
1
-2
-2
-5
0
1
-6
-3
-2
-5
1
0
-8
-4
3
-3
-6
-2
-1
0
-1
-7
2
-6
-2
0
5
-1
-5
1
2
0
-4
7
1
-1
-2
9
-9
1
3
-3
0
-4
1
-2
4
-3
4
-5
5
-4
-2
3
1
-5
4
1
-8
8
-4
0
-4
6
-2
3
9
-7
2
3
-6
-1
12
-2
-5
10
1
-8
4
-3
4
-3
-3
-2
-2
3
-4
-2
-9
8
1
-15
3
10
-4
-1
5
7
-11
6
4
-3
2
7
-3
2
4
-6
7
7
-5
6
7
5
0
7
6
-3
4
4
3
-5
7
3
-6
-2
1
4
-5
3
0
-1
1
5
-7
2
2
-10
4
3
-5
1
3
-7
5
-9
-1
-1
-7
0
-14
-4
2
-9
-6
3
-8
-13
17
-12
-15
3
-5
-8
-2
-6
3
-10
0
2
-6
14
-2
-7
10
9
-18
11
12
-15
-1
14
-3
5
11
8
-4
9
9
-15
19
10
-12
26
8
-13
17
10
0
-3
18
11
-11
11
-4
15
-4
-7
14
-11
5
18
-28
11
9
-26
12
2
-11
-6
-2
16
-22
-6
11
-8
3
-14
2
6
-3
-18
7
24
-27
-15
21
-18
7
7
-48
62
-51
5
-10
36
-48
-2
31
-21
-19
-8
53
-85
99
-87
58
-29
21
-36
22
29
-70
62
-29
35
-57
63
-54
28
2
-11
3
2
34
-62
56
-15
11
-6
12
-9
51
-81
96
-15
-46
79
-50
-5
87
-101
31
72
-91
30
22
-4
-38
54
-60
61
-38
5
-36
109
-135
53
42
-69
53
-95
87
-36
-16
-28
57
-41
26
-70
71
21
-107
125
-106
100
-53
17
-33
98
-110
29
49
-24
-21
-15
101
-136
91
-86
58
-4
-45
9
76
-169
127
46
-175
155
-62
-8
5
9
16
-48
-2
143
-223
112
88
-180
85
46
-60
27
-50
137
-190
144
-18
-95
125
-99
111
-152
129
-18
-28
-87
245
-254
176
-82
69
-71
102
-102
68
-40
96
-113
32
71
-5
-200
319
-231
32
140
-187
48
208
-337
158
112
-268
339
-375
255
51
-251
103
194
-322
173
36
-188
283
-261
73
90
-154
191
-286
214
64
-266
166
-21
68
-100
-76
271
-305
300
-364
268
67
-264
142
41
-109
109
-17
-219
341
-65
-271
251
-54
48
-53
-204
518
-555
399
-274
85
89
-46
-69
-102
461
-470
143
65
-40
53
-171
153
-1
20
-224
287
-115
-41
68
-16
-90
177
-37
-230
277
78
-463
533
-312
4
275
-438
312
-54
-56
58
-200
330
-161
-77
-33
360
-403
55
319
-446
465
-416
209
123
-268
171
35
-251
355
-257
-4
177
-214
293
-428
440
-295
51
163
-235
159
-105
131
-72
-127
212
-135
132
-198
94
41
-38
111
-383
445
-156
-4
-170
256
-165
154
-69
-344
576
-167
-292
233
-131
436
-630
394
-169
64
310
-652
439
-25
-8
-66
-97
206
-88
98
-225
37
271
-200
-136
240
-59
-83
100
-72
-42
190
-172
-4
21
141
-104
-162
273
-24
-200
104
106
-111
-7
68
-126
235
-287
229
-135
32
79
-139
165
-229
268
-278
413
-580
560
-340
203
-272
305
-90
-193
339
-325
282
-305
400
-505
483
-287
1
155
-133
201
-381
442
-213
-83
147
17
-186
251
-280
279
-236
129
-85
77
-50
-162
453
-616
525
-402
345
-227
-14
155
-130
118
-137
92
23
-96
129
-207
303
-247
29
146
-132
33
-37
116
-127
99
-180
255
-36
-276
319
-117
89
-234
213
3
-46
-66
50
14
140
-366
385
-210
100
-54
13
-51
62
194
-456
353
-37
5
-236
380
-468
484
-134
-454
522
-20
-233
-61
207
30
-148
-9
17
101
-16
-93
-36
197
-143
-16
97
-104
21
113
-91
-160
279
-107
-29
-44
82
24
-108
57
-62
124
-119
-18
134
-83
-90
204
-96
-119
210
-89
-61
24
40
36
-154
93
105
-92
-56
8
223
-170
-171
270
48
-246
0
309
-211
-122
253
-125
80
-172
102
174
-307
124
101
-19
-196
146
193
-351
162
72
-113
134
-249
251
-45
-112
15
213
-273
63
176
-223
171
-168
164
-155
201
-229
87
117
-135
-90
193
-97
-1
-6
-67
167
-81
-38
-33
205
-139
-75
-10
307
-319
-37
241
-100
13
-240
359
-86
-202
116
68
17
-192
111
85
-15
-212
223
-8
-10
-220
238
112
-385
228
120
-254
94
178
-250
188
-212
330
-275
-23
243
-131
-104
131
66
-235
301
-301
282
-223
32
128
-194
249
-368
439
-358
148
59
-156
150
-133
192
-147
-45
162
-45
-112
44
176
-278
96
147
-215
190
-280
393
-266
-35
191
-133
73
-106
165
-175
130
-80
-8
160
-307
260
-165
145
-131
32
97
-189
250
-243
202
-162
131
-102
106
-51
-73
73
26
-105
107
-80
-15
154
-162
79
-114
192
-209
231
-265
141
22
-2
30
-179
213
-163
257
-293
115
42
-72
116
-99
-72
144
49
-147
34
49
4
44
-202
173
12
-84
86
-136
71
116
-119
-99
215
-225
220
-3
-245
157
19
47
-164
182
-239
271
-180
131
-103
-93
179
-77
64
-102
64
-225
480
-335
117
-272
296
58
-178
-9
-146
423
-424
361
-357
49
246
-64
-73
-214
359
-163
33
102
-288
158
138
-51
-173
85
213
-366
366
-218
-35
123
48
-111
-93
334
-343
229
-64
-55
18
46
106
-329
418
-389
198
68
-185
66
45
-7
-112
206
-277
244
-67
-56
3
98
-63
-58
201
-273
137
135
-311
155
142
-277
143
88
-167
57
141
-239
100
165
-304
263
-136
109
-212
232
-180
96
6
-120
151
-138
269
-359
174
106
-164
69
34
-82
4
172
-308
213
33
-121
69
-21
-36
41
-5
-43
73
-181
286
-263
181
-81
-120
321
-340
269
-128
-76
207
-166
59
12
-18
50
-98
142
-196
184
-117
26
-17
14
95
-158
72
-53
174
-246
243
-309
175
267
-571
475
-301
157
181
-396
187
94
-191
298
-368
165
80
-113
126
-60
-85
51
149
-138
50
-133
122
42
77
-236
-103
461
-269
-89
105
59
-193
357
-284
-148
484
-321
-126
298
-19
-311
302
-64
-120
198
-235
68
6
277
-410
16
474
-513
238
11
-67
-55
127
-32
-79
-10
180
-259
113
323
-748
552
61
-363
169
82
-153
126
-28
-103
146
9
-112
11
81
9
-77
24
-100
244
-201
44
45
-21
-63
58
138
-356
306
-23
-149
143
-41
-174
293
-91
-211
175
124
-246
140
-35
-3
80
-90
-12
54
82
-115
-10
172
-323
312
-136
-22
84
-75
31
113
-112
-85
199
-58
-62
-74
153
-77
43
-63
-45
129
104
-376
355
-289
282
-49
-327
408
-278
276
-213
-24
22
160
-151
120
-185
27
228
-255
313
-527
410
-19
-86
125
-324
197
168
-145
-144
18
196
-36
-117
86
-217
346
-14
-406
463
-326
131
205
-307
-6
233
-238
289
-152
-287
414
-97
32
-194
49
207
-156
151
-239
145
107
-185
68
36
2
-139
291
-329
299
-296
198
20
-129
100
-111
164
-89
-105
140
-67
21
84
-390
430
-126
-187
291
-165
-127
383
-420
318
-290
174
-89
114
-62
-180
263
-209
260
-284
169
-118
181
-81
-231
396
-242
61
22
-96
108
8
-131
133
-6
-143
199
-152
319
-530
313
263
-541
415
-158
-150
459
-402
-29
359
-308
129
-16
-75
21
189
-239
-10
99
202
-303
-99
465
-389
217
-144
-80
236
-75
-1
-190
270
-172
159
-70
-292
440
-107
-158
109
38
-129
197
-214
89
115
-258
179
85
-259
190
-46
-78
262
-419
333
-86
-107
236
-336
316
-157
19
-14
-32
112
-184
221
-78
-68
-23
156
-171
10
243
-453
330
33
-250
145
34
-141
37
126
-64
-249
486
-482
233
119
-249
126
-65
119
-171
209
-195
102
-91
145
-65
-96
325
-471
360
-33
-93
136
-139
133
-126
191
-52
-251
386
-251
106
29
-43
-5
-82
314
-298
81
123
-133
4
209
-166
34
7
169
-275
217
158
-472
426
-203
97
-145
121
-76
-155
336
-325
146
-195
222
-236
76
114
-374
300
-227
154
-161
16
-32
50
-77
72
-119
19
-30
-38
134
-215
36
76
-124
36
88
-162
32
278
-275
-13
208
-134
103
-74
120
-138
153
-25
42
-36
108
115
16
77
-29
205
181
-29
242
-183
272
167
80
63
-1
370
-119
122
118
136
-99
347
-195
71
-143
-14
83
-343
251
-491
15
-232
-134
-281
-112
-152
-220
-137
-363
-151
-519
61
-521
-20
-119
-222
245
-398
135
-272
28
148
-252
0
238
35
162
16
-307
276
-171
305
33
113
406
113
-76
-46
-55
-245
226
-220
326
-270
220
159
-285
-184
-1
-24
115
573
138
459
113
253
-8
-27
198
20
177
-81
420
-129
-44
116
-386
-289
167
241
751
-59
631
45
232
373
65
33
532
414
43
170
-10
128
116
143
114
-253
-351
318
-326
208
-388
-343
-552
-529
-545
-293
-252
-305
193
-913
-130
42
-424
-291
-12
-828
-182
-477
123
-1012
-938
534
-6
618
211
335
-139
6
-90
-381
37
1001
1401
531
819
36
-105
-319
229
-433
-126
570
205
71
-606
-380
-331
39
481
587
-282
327
-757
144
663
362
535
-540
-232
-212
-455
307
-199
-447
117
-592
-215
-92
-343
232
113
320
-217
-132
-148
-671
-352
41
419
296
555
-173
-174
348
189
305
376
132
-233
120
181
140
487
-86
-12
-377
-119
-314
520
525
460
221
-262
-268
-135
253
105
-27
-345
428
-390
-1
233
-371
-449
-174
69
-14
-552
-415
-391
402
1642
214
-628
97
-284
-210
185
160
-346
-305
481
-298
333
-274
25
36
366
447
-216
451
-200
275
-424
-585
-57
260
450
252
-127
-26
210
304
264
311
290
595
464
701
326
-383
535
289
406
127
-376
289
153
-31
-761
-1270
-1263
-1056
-463
-1139
102
-1146
-733
-322
-1315
-48
-1332
-868
-776
-243
-105
-404
-391
-1071
-383
-1083
-931
-208
145
-134
117
645
205
786
1119
459
653
589
776
-369
894
981
17
1268
1456
855
1621
866
2247
1924
395
237
553
-546
-281
359
146
601
-137
-332
209
1346
1203
589
666
329
-1182
-654
-1019
-1021
-1178
-995
-160
45
-630
565
485
388
226
-1113
-249
-555
-1289
-1408
-1400
-221
414
217
-84
943
858
858
-208
-86
-737
-152
440
-1099
-467
-182
-491
-462
-339
-46
354
213
67
-1193
177
519
350
-237
423
798
-463
230
-475
-1011
357
65
-180
415
-14
-406
675
-214
-1139
-2414
-2354
-1537
-2518
-2935
-1813
-2210
-721
-1022
-1073
-962
-1322
-572
332
421
235
58
1301
2473
2932
2071
2439
3622
2927
4048
4155
4485
4348
3588
2905
1770
1583
1301
868
1249
-573
99
206
-869
-289
-490
-125
1577
828
-568
60
-1121
-1930
-1984
-2642
-2854
-2871
-2088
-2653
-1439
-1810
-1027
-1575
-974
-763
-856
-771
-1137
-473
-196
-34
-1009
-933
-1255
-1079
-1355
-1828
-1662
-1169
-386
236
-250
202
-760
-403
-161
-1032
-450
908
815
-461
-450
-85
681
317
688
240
-243
1664
1323
1762
2409
2184
1177
2430
2046
1385
2551
2722
3118
2135
1497
2111
2556
1290
1072
-32
-1607
-1681
-2471
-2865
-2231
-2710
-1957
-2130
-2450
-2545
-1883
-2416
-1659
-333
-1065
-1226
-1050
-1078
-1430
-226
373
-272
488
1247
1571
1221
1189
1443
1942
2746
2460
1551
1683
2240
1985
2063
2924
2268
1979
1963
493
317
-402
-655
-341
260
-663
-1040
-1344
-802
-499
-1057
-1691
-1375
-847
-1736
-1674
-1471
-1433
469
321
-1199
-652
-663
-241
-6
833
-64
-1181
-1607
-1671
-1244
-531
673
353
-326
-294
-329
3
469
1049
1261
940
274
515
-764
-1942
-2249
-1812
-915
-1735
-1468
-1685
-3141
-2719
-2045
-1969
-1981
-2680
-1049
-1293
367
1498
904
2683
3780
3337
3347
3258
2769
3679
2713
2338
1864
1836
2415
1692
1101
840
266
354
805
-56
228
1214
1078
1716
1275
510
1097
912
1001
1052
379
1096
336
-892
-1258
-1856
-600
14
-1159
-1456
-2473
-2484
-1782
-1513
-1784
-2169
-1940
-2348
-2518
-3114
-2476
-1708
-1130
-1516
-2338
-2195
-1010
-206
173
55
-278
194
-17
289
62
-150
760
727
678
670
488
397
594
1332
1903
1666
1914
2193
1707
1638
1990
2453
2919
3069
2352
1748
1684
1763
1727
943
38
-180
-522
-393
189
-300
-984
-1053
-1561
-2633
-2735
-2582
-2449
-2271
-2202
-2392
-3238
-3719
-3682
-4470
-4690
-3818
-3458
-2961
-2388
-2105
-1465
-615
229
1167
1789
2240
2745
3239
3712
3848
3960
4770
5286
5486
5535
5149
5430
6345
6456
6325
5853
5665
6461
7187
7504
8529
7799
2442
-5214
-8944
-7072
-3764
-2459
-4479
-9014
-12693
-13851
-13720
-12166
-9907
-8543
-7318
-6417
-8109
-10594
-9679
-5255
-689
1851
1547
-256
103
2976
5168
5946
6327
6851
7623
7430
5481
3516
3876
5397
5713
4160
1608
-238
80
1161
1764
1947
2120
2435
3216
4169
5814
8475
12168
13901
8901
-1349
-8609
-6718
126
4030
1296
-6101
-12854
-15459
-14740
-12854
-10597
-9005
-8133
-7640
-9191
-12515
-12721
-6886
928
5956
6250
2924
401
2376
6996
10196
12256
13450
12494
9481
6421
4540
4809
7817
9605
6681
1086
-3301
-4992
-3638
-478
906
320
29
-264
-652
854
4081
7350
10957
13623
14963
13518
6209
-4079
-8058
-2873
2898
2567
-4583
-14848
-21474
-21713
-18911
-16246
-14709
-15941
-17687
-17675
-17791
-17961
-14091
-6204
444
3020
1432
-1509
-54
7570
15133
17025
15062
13123
12531
12494
12015
10891
10309
10863
9305
3704
-2750
-5346
-3808
-754
476
-1754
-4336
-3505
-112
2750
4962
7283
9412
12122
16051
19193
15102
3819
-4760
-2252
5663
7927
1252
-9778
-17391
-18665
-16645
-15026
-14890
-16684
-18623
-17716
-16630
-17418
-16346
-10122
-2108
2450
2189
136
174
3403
10207
17069
17284
13168
12245
13010
11196
10476
11182
9468
7738
5774
-805
-6935
-6069
-3264
-2813
-2560
-4338
-6739
-3216
2740
4511
5744
9165
11190
15052
20572
15152
396
-6737
-741
7788
10281
1825
-13284
-20553
-17726
-14460
-13505
-13660
-17892
-21352
-18398
-16638
-18463
-15739
-8052
-1850
1422
368
-4475
-3027
7393
16222
16950
12693
8522
8779
13812
16512
13831
10275
8010
5747
2732
-533
-3046
-2538
-858
-2584
-6645
-8087
-4613
1516
6096
6890
5875
6811
11007
17907
21383
12691
-2788
-7798
2096
11610
8678
-4296
-16615
-19427
-14903
-11585
-12740
-15949
-19310
-19451
-16067
-15040
-16545
-13320
-4787
1453
1744
-1438
-2597
3367
13195
17269
13589
9289
9349
12597
15643
14704
10353
7511
6824
4478
32
-2656
-2873
-1950
-2575
-6003
-8786
-6338
158
4473
5075
4125
4814
9037
16894
21315
12212
-4619
-10713
523
12462
10243
-4560
-18650
-21237
-15045
-10041
-11082
-15311
-19975
-20365
-16338
-14189
-14835
-11804
-3788
2006
1718
-1586
-1069
4718
11770
16748
16591
11261
8328
12268
15306
14055
12341
9412
4686
2661
1363
-1901
-2440
-1314
-4158
-7673
-7092
-5008
-887
4427
5107
3209
5246
9693
15039
22153
18241
-686
-12800
-3226
11644
13200
653
-16616
-24077
-17956
-10625
-10320
-13580
-19011
-23139
-19392
-14031
-14339
-12772
-4999
730
765
-1535
-1997
4178
14677
18779
14076
7292
5857
12425
19584
17589
9256
4115
2914
3897
3940
141
-3728
-3655
-4384
-8022
-8404
-4799
467
5413
5451
1396
2169
9971
18402
24835
20791
1400
-14295
-5824
13441
17802
3895
-15951
-26192
-20290
-9705
-7864
-12925
-19193
-24230
-22457
-16110
-13680
-12423
-6101
-524
-1618
-4628
-3250
4565
15178
19700
13669
3677
2526
13183
22348
19069
8834
1733
353
4410
7142
2673
-2688
-3619
-5403
-8737
-7271
-2811
1935
5908
4039
-872
1901
12074
19849
24664
20822
1938
-14411
-6644
14091
20605
6691
-15814
-28026
-20979
-8123
-4898
-10492
-18811
-26355
-24781
-15977
-10972
-9770
-6525
-3581
-4778
-5722
-2379
6162
16070
18754
11241
1995
3425
13092
20187
19166
10938
1154
-1294
4496
7310
4521
541
-4875
-9200
-8320
-4971
-2143
2078
3534
90
-698
4555
11862
17785
21887
20908
9082
-7943
-10790
7391
22551
13285
-10968
-27189
-24651
-11177
-2139
-6125
-18378
-28759
-29250
-18852
-8173
-6675
-10000
-9973
-7588
-6012
-1738
6469
13456
14834
10880
4634
3045
12890
23578
19380
7227
1447
1691
5064
10731
7096
-4330
-7534
-5314
-6593
-5015
-442
-1763
-2446
854
295
2317
11879
17129
15423
17967
16769
1820
-8960
565
17298
18300
150
-21426
-26081
-12730
-1626
-3761
-14193
-25910
-31068
-21874
-7685
-4900
-11075
-14771
-12207
-6204
-258
4064
8065
10753
8689
5651
5681
8849
16361
22513
16137
2457
-1048
5295
10983
12333
4904
-8222
-11700
-3748
404
-768
-1799
-5053
-5741
917
6111
7117
11000
13687
13350
16495
11977
-5378
-9779
9566
22168
9258
-13470
-25934
-18893
-1629
3495
-9042
-23532
-29573
-24346
-8932
100
-8272
-18453
-15860
-7346
-696
3521
4558
4975
6634
6198
4744
7308
12901
17117
15735
7656
783
3517
10971
12803
6440
-3490
-8568
-4897
1030
1351
-2798
-6233
-6152
-1702
3917
6703
7931
9676
10370
12158
17197
13331
-3233
-9570
6652
19980
9161
-12600
-23449
-16556
-2556
1087
-9412
-22049
-27362
-22268
-8589
-983
-9272
-19223
-15843
-5718
545
2489
2374
2541
4805
6669
6786
8588
12543
13818
10357
6330
5691
8233
10534
8863
2945
-2422
-2633
38
801
-1302
-3874
-4813
-3130
608
3662
4973
6526
8572
9555
12820
17240
9168
-8696
-9601
10898
20975
5228
-16429
-23288
-13242
473
1972
-9714
-22495
-27207
-19504
-3986
1015
-10693
-20241
-14819
-4141
1830
3278
1806
591
2652
5894
7844
9859
11617
10221
7349
6453
7301
8707
9785
7460
1655
-1660
-833
325
621
-468
-3728
-5422
-2931
485
3107
4959
5452
6261
8448
11784
16239
12644
-3890
-12186
3908
20190
11497
-10102
-21937
-17069
-3038
4013
-4242
-18349
-26277
-22422
-7600
2317
-6170
-19213
-17958
-7427
390
3457
1851
-1419
-477
3848
7067
9194
10948
10667
8737
7485
7588
7634
7821
9098
7376
1290
-2508
-1185
610
1634
563
-4825
-7510
-2440
3192
4634
4100
2659
3157
8080
13785
16681
9762
-7774
-13640
6141
23083
10808
-13595
-23791
-15166
1035
7384
-3707
-20190
-27322
-20149
-3153
5306
-6719
-21637
-19341
-6816
2015
4547
712
-4929
-3757
3201
8623
11037
10649
6888
4268
6409
10067
11857
11173
7438
2086
181
2830
5134
3521
-684
-4702
-5476
-1769
2181
2392
460
-441
1674
6430
9820
11170
11678
3935
-10060
-8652
11028
19630
4166
-15332
-20469
-9994
4596
7155
-5287
-20050
-25553
-16344
1365
6211
-9095
-22769
-18951
-6206
3831
5656
-1937
-9259
-6356
3150
10581
11685
6659
2282
4591
9602
12308
12844
9854
4318
1984
3797
5558
5650
2801
-2802
-5537
-2915
410
1073
-572
-3063
-3138
1089
6306
8142
6249
5888
9094
6317
-4519
-5793
8567
16141
4150
-11794
-15608
-6999
4319
6087
-4858
-18625
-23631
-14533
1533
4888
-10527
-24375
-20574
-6725
3959
4699
-4541
-12683
-8529
3790
12140
11336
5080
1346
4078
9664
13326
13072
9150
5376
4431
4957
6079
6892
4106
-676
-2931
-2754
-1102
1614
1261
-2292
-3295
174
4917
7532
6163
5043
5329
-57
-6495
480
12585
9724
-4198
-12445
-10241
-1179
5724
1377
-10520
-18988
-18003
-6685
3951
-1687
-17163
-21984
-13206
-1500
5195
1368
-9170
-12129
-3006
8442
13059
8609
1073
311
6758
12761
14358
10972
5211
3345
5624
6855
6569
4866
333
-3017
-2474
-1610
-1044
-283
-2454
-5386
-3827
-39
2537
4372
3744
1075
2605
8806
10138
2350
-4768
-864
8530
9760
861
-8143
-9746
-4457
1621
1261
-7099
-16509
-17688
-8828
-153
-2428
-12066
-16925
-12540
-3525
3113
2026
-4561
-7448
-2114
6213
10313
7979
3017
1626
5718
10987
12246
8500
3453
1865
4309
6792
5838
1777
-2118
-2859
-802
891
179
-2124
-3743
-2891
-52
2278
2480
1740
1807
2880
4864
7446
7033
1112
-4045
-949
5788
6265
-183
-7011
-9046
-5356
-297
49
-5332
-11848
-13475
-7674
-431
-439
-6671
-10828
-8777
-2283
3691
3593
-1736
-5102
-2484
3565
8025
7093
2231
-577
1642
5975
8153
6039
1521
-783
975
3721
3858
1011
-2057
-2689
-1022
775
918
-635
-1910
-1273
581
2175
2728
2090
1461
1983
2934
3326
3181
2674
2397
1941
-285
-2627
-1667
839
890
-1274
-3530
-4505
-2981
-273
470
-1230
-3628
-4720
-2652
891
1467
-1312
-3934
-4227
-1811
1646
2240
-917
-3918
-3752
-990
1802
1751
-960
-2838
-2087
32
1739
1622
-8
-913
-321
492
794
649
428
789
1373
1378
1198
1356
1658
1856
1532
727
465
981
1277
891
60
-653
-471
390
864
826
647
551
989
1640
1612
1422
1829
2225
2274
2183
1618
974
1164
1626
1457
725
-533
-1817
-1901
-1145
-1136
-2126
-3341
-4105
-3881
-3100
-2804
-3034
-3259
-3240
-2723
-1945
-1619
-1531
-985
-368
-142
71
424
637
644
468
142
-123
-148
73
277
38
-573
-931
-792
-420
27
455
685
764
907
1251
1848
2513
2867
2813
2646
2630
2829
3114
3220
3104
2780
2243
1785
1617
1447
1124
870
612
106
-477
-882
-1029
-875
-618
-683
-1150
-1619
-1666
-1274
-914
-1022
-1377
-1462
-1232
-1012
-1001
-1277
-1792
-2248
-2384
-2297
-2225
-2259
-2402
-2661
-2919
-2904
-2410
-1627
-1048
-985
-1188
-1056
-321
637
1248
1295
1013
874
1170
1757
2220
2263
1939
1587
1517
1670
1742
1571
1261
1044
1083
1217
1128
850
726
858
1108
1267
1206
1076
1151
1405
1607
1642
1580
1593
1700
1675
1370
865
323
-63
-185
-256
-618
-1279
-1859
-2077
-2093
-2183
-2306
-2295
-2203
-2186
-2278
-2293
-1963
-1337
-907
-1010
-1407
-1683
-1573
-1012
-330
-137
-606
-1188
-1214
-650
-149
-242
-746
-1075
-899
-356
74
59
-136
-18
448
893
1101
1199
1378
1563
1677
1887
2294
2617
2630
2426
2136
1845
1636
1518
1347
1034
730
567
346
-97
-464
-330
232
617
323
-413
-757
-206
842
1440
978
-47
-489
-54
502
571
110
-655
-1206
-1125
-716
-660
-1217
-2017
-2402
-2141
-1732
-1713
-2036
-2311
-2252
-1851
-1356
-1082
-1107
-1144
-978
-642
-205
242
525
672
710
575
543
875
945
470
184
338
569
549
160
-334
-344
226
843
1060
807
400
414
1044
1848
2164
1759
1145
1046
1425
1717
1643
1261
763
445
455
551
390
-16
-354
-431
-409
-545
-819
-1072
-1147
-931
-605
-592
-913
-1052
-771
-428
-330
-331
-225
-54
47
17
-84
-165
-167
-186
-357
-605
-633
-388
-321
-774
-1352
-1342
-646
61
89
-493
-936
-659
117
752
833
434
20
20
457
903
897
450
41
43
305
467
350
32
-227
-197
60
218
68
-265
-445
-230
254
532
303
-108
-119
334
724
670
392
311
479
635
618
452
233
68
16
17
29
61
14
-269
-616
-590
-98
370
328
-95
-363
-175
289
613
540
225
-2
-31
25
69
55
-92
-350
-550
-627
-688
-722
-629
-542
-696
-976
-1009
-681
-338
-277
-381
-431
-371
-138
249
479
378
248
291
349
420
590
679
461
125
134
370
79
-476
-11
880
270
-945
-575
549
650
248
212
272
312
521
775
892
752
432
366
595
639
398
168
33
-114
-312
-474
-499
-502
-651
-866
-973
-965
-880
-776
-717
-672
-586
-505
-453
-358
-112
247
426
200
-107
28
542
836
565
43
-182
26
309
321
65
-226
-321
-176
43
115
7
-81
38
284
429
392
345
445
613
682
585
436
392
467
545
472
209
-135
-345
-261
8
57
-375
-967
-1111
-698
-261
-272
-638
-939
-860
-450
-35
25
-227
-260
120
421
285
56
190
545
629
326
-31
-112
85
319
306
-57
-478
-482
-40
343
269
-90
-281
-99
301
621
634
388
162
205
423
513
381
215
150
85
-91
-298
-363
-247
-124
-252
-666
-1004
-867
-337
-11
-285
-820
-915
-378
256
404
71
-241
-127
334
717
713
400
154
194
388
467
328
89
-54
-46
-1
-81
-288
-401
-221
145
298
29
-363
-365
172
809
955
502
-62
-172
261
781
847
377
-193
-414
-260
-37
-17
-216
-505
-751
-845
-729
-489
-363
-491
-719
-731
-398
19
158
-5
-135
65
460
678
551
315
294
495
626
454
100
-78
86
307
180
-303
-682
-565
-84
240
92
-315
-530
-323
130
483
536
385
250
248
345
469
576
601
470
197
-60
-165
-121
-60
-125
-354
-667
-873
-829
-578
-374
-446
-711
-837
-593
-115
223
200
-21
-80
183
573
781
698
478
321
289
332
377
366
254
27
-250
-435
-426
-258
-109
-129
-309
-483
-466
-225
100
304
291
159
106
268
559
743
642
345
125
185
432
535
272
-226
-572
-508
-186
-10
-214
-631
-875
-756
-407
-142
-126
-250
-294
-155
67
226
271
267
319
432
474
349
128
26
152
330
278
-63
-429
-499
-292
-98
-136
-325
-419
-332
-198
-143
-112
13
207
303
205
58
117
346
526
463
142
-108
-36
190
256
16
-381
-563
-355
-32
34
-251
-599
-610
-217
220
312
56
-205
-129
264
615
631
375
177
240
439
485
298
73
16
99
102
-83
-313
-373
-254
-153
-200
-311
-321
-202
-72
-31
-29
49
193
276
230
147
168
282
321
167
-78
-192
-99
36
-35
-348
-661
-695
-435
-151
-115
-348
-608
-615
-305
124
373
293
32
-111
46
417
721
728
461
157
45
172
401
505
337
-37
-345
-343
-65
169
53
-333
-585
-403
40
281
79
-296
-361
19
459
526
210
-86
-40
251
421
276
-16
-172
-115
-31
-84
-246
-373
-402
-384
-374
-341
-267
-214
-255
-334
-278
-7
312
392
170
-95
-58
337
751
776
361
-119
-212
171
625
642
145
-427
-546
-147
306
297
-180
-614
-528
-28
327
160
-296
-465
-115
384
495
152
-216
-175
186
418
250
-112
-259
-95
105
33
-271
-472
-365
-101
7
-156
-377
-386
-157
103
197
127
45
76
184
287
323
301
270
243
209
144
61
1
-25
-31
-53
-121
-228
-321
-329
-239
-131
-94
-129
-160
-113
6
125
186
194
199
232
275
275
209
110
46
52
74
18
-169
-389
-465
-358
-207
-201
-358
-504
-460
-230
8
85
35
38
187
400
491
434
377
450
590
612
441
213
123
191
228
89
-164
-329
-311
-233
-270
-426
-518
-434
-257
-156
-182
-223
-151
18
158
204
221
282
351
326
198
85
98
192
200
17
-275
-479
-482
-345
-237
-281
-450
-605
-619
-435
-137
99
146
38
-28
108
414
686
747
601
431
404
502
581
528
352
140
-30
-127
-168
-196
-264
-392
-544
-629
-590
-461
-336
-283
-292
-285
-193
-5
210
358
390
328
279
316
431
514
451
251
39
-65
-77
-107
-220
-360
-425
-433
-469
-550
-568
-407
-132
40
-22
-168
-112
251
671
804
584
305
300
582
836
762
399
58
-26
69
91
-89
-354
-520
-550
-556
-614
-665
-605
-446
-340
-373
-442
-344
-17
334
438
258
68
155
499
770
677
297
-6
18
235
302
70
-281
-450
-374
-256
-295
-433
-455
-298
-125
-109
-189
-130
161
483
558
381
236
370
695
872
691
313
97
194
390
349
-11
-415
-563
-443
-323
-431
-707
-883
-799
-574
-442
-486
-549
-438
-171
54
96
46
112
341
560
571
384
224
277
458
524
330
-2
-208
-161
11
70
-85
-322
-424
-302
-71
87
92
30
39
161
331
466
537
553
526
465
399
383
420
426
296
29
-237
-340
-279
-215
-323
-598
-847
-878
-693
-482
-435
-538
-637
-585
-368
-111
65
119
95
76
128
260
416
486
411
245
122
120
196
215
125
-22
-120
-121
-77
-51
-46
-16
46
103
113
118
190
347
498
517
390
249
252
407
543
450
132
-180
-251
-96
33
-99
-459
-758
-776
-559
-361
-387
-577
-697
-591
-343
-156
-116
-126
-56
89
182
165
131
204
363
436
309
71
-55
52
243
278
79
-183
-273
-130
92
178
85
-50
-75
49
226
346
368
320
274
271
321
385
412
369
240
86
-17
-28
3
-24
-155
-347
-500
-526
-430
-316
-305
-423
-547
-536
-355
-118
8
-30
-139
-148
1
197
287
238
133
78
105
157
169
132
71
8
-51
-82
-54
18
61
17
-74
-93
23
195
286
220
94
69
205
387
435
294
98
24
107
206
167
-14
-200
-271
-228
-186
-246
-372
-445
-396
-291
-252
-303
-332
-244
-71
50
48
-25
-25
106
259
292
180
57
49
137
190
124
-16
-103
-84
-20
9
-33
-83
-77
-17
50
98
126
160
200
228
237
249
277
302
288
230
155
94
70
56
5
-89
-193
-263
-288
-288
-300
-334
-368
-370
-327
-265
-218
-190
-152
-85
8
72
91
81
95
157
227
233
146
37
1
64
140
105
-42
-190
-188
-42
98
87
-60
-169
-102
116
290
290
165
67
115
275
403
393
255
104
43
84
144
125
-2
-180
-306
-322
-264
-223
-272
-379
-453
-426
-317
-206
-154
-153
-147
-97
-3
97
167
187
174
154
156
184
207
188
115
25
-19
-11
6
-14
-74
-120
-117
-76
-41
-26
-14
14
58
96
114
131
168
216
243
219
170
137
141
170
162
87
-19
-89
-86
-60
-72
-148
-227
-246
-208
-157
-149
-186
-201
-156
-69
-7
-15
-45
-25
56
136
138
73
19
37
105
129
60
-46
-88
-42
20
7
-74
-137
-119
-38
19
2
-45
-40
26
92
102
69
61
107
165
167
102
42
58
121
139
61
-53
-95
-43
18
-5
-107
-191
-183
-97
-41
-71
-142
-163
-94
-12
12
-21
-43
-6
53
76
46
15
32
78
92
44
-21
-32
25
79
54
-33
-88
-57
25
68
27
-45
-63
-8
64
81
30
-18
-3
66
106
69
10
-6
40
85
63
-5
-51
-31
16
21
-29
-87
-91
-43
-8
-27
-81
-106
-66
-8
5
-36
-74
-60
-4
36
20
-18
-33
-5
36
41
13
-11
3
37
52
28
-3
-6
25
46
38
8
-11
5
31
35
10
-10
-4
25
34
11
-16
-13
22
43
21
-17
-32
-5
36
47
13
-34
-46
-10
32
30
-13
-53
-52
-19
6
-1
-33
-62
-57
-27
-3
-2
-24
-48
-49
-24
13
28
14
-14
-25
-2
34
55
43
6
-15
-2
36
56
38
-2
-25
-12
17
36
15
-15
-25
-6
17
23
2
-15
-13
10
26
17
-2
-13
-2
15
23
10
-6
-10
-1
7
4
-8
-17
-12
-5
-6
-18
-25
-13
-3
-6
-14
-16
-4
11
10
-2
-13
-8
12
22
15
-5
-16
-3
17
24
7
-18
-23
-3
17
15
-2
-19
-16
-1
12
10
-7
-20
-9
9
16
3
-10
-4
7
16
10
-3
-5
3
14
12
-2
-8
-5
4
6
-2
-14
-13
-5
-1
-4
-5
-4
1
9
6
1
2
11
18
12
-2
-10
-4
11
16
5
-16
-24
-10
11
15
0
-18
-22
-9
7
8
-8
-23
-14
2
5
-3
-13
-7
5
7
1
-8
-1
15
23
9
-8
-9
6
19
15
-7
-23
-12
4
12
4
-9
-5
2
10
9
5
7
10
16
11
-2
-4
5
15
8
-9
-19
-17
-3
5
1
-12
-16
-8
3
8
-1
-9
-9
-2
4
1
-5
-3
2
3
-3
-7
-2
6
9
3
-7
-11
0
12
14
2
-12
-11
-1
12
10
0
-7
-6
-2
5
5
4
5
0
1
0
0
0
2
4
-3
-4
-8
-5
0
3
1
-5
-8
-2
7
11
2
-8
-7
2
10
10
1
-6
-6
-2
3
3
2
0
-2
-3
-2
1
5
9
6
-2
-10
-6
4
17
12
0
-7
-8
1
6
7
0
-7
-11
-8
-2
-2
-6
-9
-4
0
-4
-5
-5
-3
4
6
-2
-4
0
10
15
7
-5
-6
5
13
13
2
-10
-10
-1
7
5
-3
-6
-5
-2
-2
1
-2
-2
2
0
-3
-6
3
12
9
3
-4
0
7
10
7
0
-4
-5
1
3
-2
-11
-18
-11
-7
-5
-7
-8
-8
-4
-1
2
4
7
5
6
7
8
11
12
15
9
3
-3
-2
2
5
0
-10
-17
-16
-7
1
1
-9
-15
-15
-2
4
5
5
2
4
8
16
20
17
13
6
9
12
13
9
1
-6
-9
-8
-8
-11
-14
-17
-15
-12
-12
-8
-8
-2
3
3
1
-1
5
12
18
13
4
1
6
15
16
5
-12
-16
-4
6
2
-14
-25
-21
-9
2
-8
-19
-18
-8
7
11
4
-1
3
14
20
18
10
8
13
16
11
1
-7
-4
0
-7
-15
-21
-15
-7
-10
-19
-21
-14
-3
9
6
-4
-8
0
21
28
18
1
0
15
29
29
6
-12
-10
4
14
7
-12
-26
-24
-10
4
0
-19
-25
-16
4
15
10
-2
-3
7
20
27
21
8
-1
5
17
18
5
-11
-15
-7
0
-6
-15
-21
-19
-10
-7
-10
-15
-13
-5
1
1
-4
0
9
15
16
7
1
5
12
16
12
3
-3
-2
1
-2
-7
-12
-14
-12
-10
-10
-12
-10
-8
-2
4
9
10
10
16
22
21
19
19
16
16
11
2
-5
-5
-3
-10
-19
-26
-26
-21
-23
-25
-27
-25
-18
-11
-9
-10
-5
1
9
13
18
19
20
23
27
36
37
32
26
20
19
18
10
4
-3
-10
-13
-16
-18
-24
-23
-17
-10
2
13
22
28
27
25
22
18
17
16
15
17
18
13
6
-13
-37
-54
-65
-71
-77
-77
-80
-76
-71
-65
-55
-44
-30
-7
14
34
48
59
69
76
76
62
48
36
29
24
16
3
-14
-27
-45
-55
-59
-54
-44
-27
-6
14
30
48
63
85
104
115
112
94
62
38
29
26
31
21
5
-27
-57
-91
-112
-111
-91
-58
-69
-124
-285
-466
-722
-825
-780
-538
-115
380
888
1226
1446
1386
1227
879
549
180
-112
-365
-579
-769
-1013
-1238
-1473
-1456
-1284
-773
-176
552
1116
1540
1726
1691
1540
1237
975
616
336
-86
-523
-1115
-1776
-2411
-2823
-2852
-2408
-1481
-312
924
1867
2449
2516
2269
1765
1188
609
65
-333
-689
-804
-851
-742
-681
-638
-605
-532
-250
117
636
956
1099
876
518
82
-258
-432
-541
-508
-513
-397
-301
-95
43
192
257
227
232
208
256
274
372
331
292
206
111
-8
-202
-482
-985
-1434
-1852
-1972
-1752
-1111
-240
743
1699
2271
2392
2021
1243
79
-956
-1799
-2252
-2203
-1648
-792
205
1216
1877
2208
2066
1626
987
430
12
-200
-230
-111
-43
68
164
26
-34
-246
-530
-678
-672
-706
-430
-127
101
433
618
592
449
388
63
-82
-86
-166
-409
-326
-125
-250
-137
164
73
-232
-19
-116
-517
-385
-155
-385
-433
-101
-202
-440
-288
14
-158
-161
167
26
-152
29
275
100
293
323
124
73
-167
-192
-158
-93
-182
57
116
-155
10
143
46
-28
108
202
-201
-65
209
9
158
505
464
142
382
380
133
434
560
435
62
12
-165
-430
-340
-51
23
-130
-33
70
-439
-318
-206
-118
-139
107
260
29
-19
53
322
41
291
460
-87
-464
-535
-965
-1081
-752
-433
-253
58
382
439
475
378
635
-51
210
140
4
25
344
517
302
829
145
275
-61
45
-30
-153
64
-160
-320
-463
148
-266
-119
82
-99
-535
-47
-225
-178
22
-219
84
-223
-70
-127
407
9
239
193
-79
6
-209
217
-62
420
-295
-65
-246
-326
58
-239
225
3
-284
-188
-250
-122
-145
89
83
-176
334
-355
462
371
-209
302
-124
253
354
778
-75
-105
231
-687
-9
17
63
-173
-31
-3
439
-312
-350
259
97
-355
147
379
-9
-41
111
380
-74
428
-6
-93
-585
-84
-492
-90
483
-3
-403
68
263
36
169
-77
-236
-222
-248
243
124
384
128
69
505
-514
168
-97
538
98
93
629
17
10
-354
-549
273
-915
619
-745
-357
141
-365
26
-590
705
-535
799
-982
142
-65
-403
195
-175
-278
538
-102
20
-82
-601
365
-38
-532
-116
-142
-471
-310
-91
264
-249
390
1174
-158
285
803
480
-151
637
384
-226
248
111
-184
530
111
13
315
-14
397
-143
35
-291
-85
22
446
-138
98
-195
-664
-124
-551
-134
826
-592
115
-253
75
25
15
631
-314
644
261
-425
354
-552
-428
720
-756
19
-363
-110
41
-12
108
-95
185
89
-9
-33
478
-35
392
-731
-25
-105
-443
433
-422
-258
-247
46
-104
-119
-158
171
-195
-749
-880
46
-89
-455
441
-261
291
-119
-675
-45
-165
66
-309
775
-564
367
-282
-730
270
-353
308
367
526
422
-173
555
-395
226
257
-80
737
263
1405
-574
1760
286
429
910
-388
84
703
550
-436
1307
-306
309
-184
-156
-697
93
-526
475
440
-486
407
-214
-970
-75
-285
-634
567
415
-256
331
-285
-472
137
-343
-585
-139
-482
-29
-392
-615
-557
-377
237
-722
391
-1113
685
-775
350
-104
84
372
-771
-73
223
-1095
744
-234
229
770
-529
167
-64
-86
-536
683
-380
967
-631
432
-362
-184
298
-15
136
-52
63
-210
706
942
467
327
669
-36
-218
116
-451
589
292
309
688
-349
-552
-117
-165
369
139
-204
245
-603
31
-76
-449
174
304
389
-263
-134
-541
160
-83
-23
763
-443
-11
-184
368
-277
-622
50
-46
166
61
59
-404
-745
311
-567
619
-814
446
166
189
-506
710
-568
-1590
-243
-126
147
280
661
-433
186
-875
192
619
1127
379
628
138
-211
4
-1130
270
705
-211
344
-591
853
-562
-692
-26
217
283
-415
466
249
-243
299
-331
431
136
147
-50
182
303
-850
365
48
424
-603
-38
637
-664
-5
741
-578
532
342
-514
1110
-353
630
533
-528
354
-13
-1239
428
-380
-334
-264
-224
546
-249
-644
494
-65
-496
971
284
373
-447
53
-133
35
-155
-551
-184
-321
335
852
-362
-254
-218
105
-121
626
-360
302
-314
-993
425
-418
306
-391
-1321
745
-186
-686
17
-433
580
-102
752
-512
181
296
-56
494
353
401
-42
-121
64
1263
-833
127
-512
-199
-608
71
80
-282
-183
-254
-449
-633
513
-1185
-282
487
584
479
96
-17
1314
-107
363
455
341
-326
832
-583
759
521
-289
-327
130
487
-775
-34
-178
452
-1757
1048
-1134
-444
367
-399
-226
270
-1225
264
-208
-161
949
158
311
563
166
187
480
-106
752
104
325
424
-274
-340
282
64
-676
640
-492
526
-223
721
490
-179
393
-10
-1159
1022
400
13
1631
-181
215
185
-619
-433
-52
-386
300
278
-53
-83
-432
-423
-157
-144
-4
38
-289
-121
-311
-456
-735
-548
59
-507
-228
-100
-481
172
206
-203
-84
-183
-719
-345
-827
63
-945
-568
-30
-1029
-830
-174
-680
-157
97
-322
-564
703
-667
476
656
-113
784
287
717
564
-812
472
309
298
682
731
981
829
-47
900
590
772
554
-240
775
-785
30
401
-781
846
-57
-102
391
-129
-122
361
579
98
1431
-276
1176
-284
-331
59
-480
526
-327
-163
-161
-366
-694
678
-356
784
-228
-1173
753
-34
-400
414
628
163
782
798
298
-356
-618
356
-605
225
-512
98
245
-565
-1250
-660
-307
-1352
-638
-288
-1106
-633
-323
-675
-346
-1021
534
490
-173
315
-644
-376
90
-159
264
594
-739
3
569
691
-67
-133
901
343
382
541
326
-631
47
-237
-1067
-241
-421
-594
-609
-634
-70
527
-144
713
-134
1166
899
291
1125
308
361
389
599
118
540
-639
-228
-378
273
-939
-273
-305
-1032
18
-1639
-943
-746
-407
-505
-227
790
179
-62
572
400
844
1265
854
678
1905
671
1114
907
351
499
711
890
581
850
-725
232
51
-41
-458
-112
30
-270
339
36
-240
287
-259
438
462
111
-121
132
274
-292
312
167
-616
-736
-313
-693
-332
-705
-802
-588
-858
-860
-724
-538
-367
-1203
327
259
-1416
179
147
214
-744
30
735
-88
-52
62
266
146
-38
-445
231
-738
-367
-631
-431
-734
-365
-727
-680
82
-585
-573
98
-121
-358
-71
-516
-632
-421
270
-636
-791
-524
-176
-619
-518
284
-262
600
-169
-270
575
-254
962
763
363
166
1904
1197
1032
1069
618
1132
1297
1428
1023
1752
895
-209
1366
1730
742
1764
1248
1319
1218
1184
458
1464
1255
-199
411
806
506
313
-48
456
-282
-95
-1010
-298
-1002
-1818
-377
-1252
-1024
-1413
-623
-954
-970
-808
-425
-608
-1308
-133
-1210
-719
-266
-627
1
-564
-1076
-87
-809
-992
-347
-1443
-1032
-1385
-799
-1065
-394
-1290
-897
-949
-1035
-535
-1087
-488
-990
322
-758
437
-481
-342
-38
-658
143
-70
93
-251
224
148
678
733
612
171
332
736
810
945
533
2139
1319
1348
1498
1250
2057
934
2163
1117
1500
1448
1616
1016
1062
612
818
432
-774
570
-38
-50
-402
118
-355
-65
965
88
284
-640
-636
233
307
135
195
-210
-1010
-896
-1047
-372
-765
-629
-434
-557
-656
-818
241
-589
-459
-474
67
-809
-936
-1109
-115
-771
-938
-306
-1216
-803
-728
-440
-1584
-163
-466
-517
-368
301
932
645
590
-29
1048
342
930
1266
-19
791
340
825
847
887
29
375
340
-174
-65
-83
-668
-176
-284
-90
62
-353
-166
-810
-74
442
-158
96
261
311
497
792
875
448
-426
-111
-830
-955
-97
-317
-1823
-1754
-135
-1418
-1643
-1165
-1371
-1052
-427
-664
119
260
-562
-40
398
516
705
9
520
136
247
219
641
1516
617
471
1534
1062
374
1139
540
948
1305
57
931
168
628
668
436
954
53
544
-114
361
839
349
1276
628
888
55
-16
953
-426
-809
174
193
-1176
407
206
226
334
-548
515
-44
-547
-1376
-90
-824
-470
-547
-1472
-2203
-1764
-1323
-2106
-985
-1748
-658
-1647
-1284
-730
-853
159
-1335
254
-389
-435
-614
-300
340
108
466
376
933
773
72
478
697
436
1220
1267
1208
691
199
1085
652
923
1018
763
420
883
579
22
-367
54
320
-183
290
595
-102
-728
595
749
-4
92
107
-358
-1076
137
127
538
-9
-337
98
467
179
389
1021
-109
666
259
1074
-712
-313
-723
-846
-251
-731
-898
-1927
-601
-835
-1355
-938
-1596
-470
-1066
-175
295
-714
-664
-365
-266
145
-437
-383
14
164
349
-222
-86
569
-224
538
1266
175
472
72
-212
752
297
472
735
426
634
400
993
79
1245
615
875
839
1161
423
826
639
733
1255
226
458
-14
320
345
-641
50
-865
0
-428
-331
41
-72
14
-520
-452
-591
194
-445
222
-681
-781
530
-63
-329
66
-144
80
-198
371
88
-59
-369
-1091
-523
-913
-475
-355
-1178
-287
-1406
-944
-572
-1010
-806
-975
-922
-1283
-222
-254
109
-289
255
395
105
138
461
-212
-311
303
-49
-317
-559
483
-133
-271
-463
133
365
730
1435
1072
865
933
1121
1234
605
943
893
231
863
298
827
802
490
352
579
269
89
1062
325
397
502
-92
766
-141
743
-277
-161
50
924
-483
-412
-912
-639
86
-452
-590
-853
-159
-1442
-263
-588
-163
-298
432
-661
11
-196
-83
-121
-398
-39
-795
187
-762
-152
-1462
-544
-370
-630
-892
-727
-1062
-987
230
317
6
-2
584
102
351
234
-430
-59
774
958
489
700
146
1035
990
-74
1037
587
721
301
929
-529
522
615
108
174
-247
613
372
378
-659
383
-72
502
348
312
-225
-311
209
-741
373
-113
219
-692
-873
114
-337
257
-797
-52
-617
-658
-643
-426
-754
-668
-497
-1016
164
-1322
67
-148
277
-884
137
-314
-680
1018
-379
520
-1138
-216
-365
4
112
-860
-259
-781
-356
-101
-471
-403
-36
121
615
-347
275
260
669
614
832
790
226
1295
622
722
701
1235
783
1354
544
824
921
853
1386
733
1330
560
653
636
509
283
518
559
710
593
396
-239
-726
671
-388
415
-804
488
-103
-622
-398
-1444
-951
-834
488
-654
-209
-1508
-855
-1311
-1532
-947
-1749
-824
-1904
-743
-1633
-1511
-2101
-1395
-1678
-963
-523
-978
-447
-892
-262
-579
74
-303
411
154
180
584
488
531
578
1024
814
730
528
1155
331
547
1037
510
974
850
770
254
326
1145
1183
904
983
1098
929
755
1262
624
1299
572
1367
418
604
431
296
361
-201
697
-242
100
-361
-860
124
-229
129
-659
-428
231
-104
433
-422
-1504
-516
-51
-462
56
-1098
-852
-1108
-411
-290
31
-630
-125
-158
-807
-727
-338
-670
-508
-243
-430
723
-341
-582
-213
-457
-972
0
-582
-524
-168
-449
-251
-671
402
197
263
-204
-420
-651
-355
-552
-745
-1034
412
-143
-239
-73
-323
141
105
908
313
1002
741
614
458
823
1301
1029
1077
497
-156
799
302
425
933
137
466
-283
593
425
-62
149
-265
616
-220
793
-11
576
-89
175
1196
1365
1266
100
-32
837
794
779
924
461
-500
-691
-186
-601
-761
-1132
-308
-1213
-622
-871
-634
-340
-1054
-106
-313
-239
-141
-307
-428
-235
-446
-788
-81
-1180
-494
-1407
-742
-562
-625
-688
-795
-1167
-240
-1156
-199
-422
-979
-412
-744
353
130
343
59
922
45
1207
428
356
-84
41
66
396
-350
660
258
828
807
506
1200
736
769
407
1011
563
813
700
547
757
162
1401
707
922
482
972
571
802
459
857
981
64
604
-51
856
-105
-292
299
-71
-130
-594
-1244
-391
-595
-818
-216
-492
-428
-639
-823
-637
-615
-990
-1086
-944
-857
-1014
-1016
-347
-55
53
-938
-342
-899
-79
-326
-908
-672
-1050
-196
-770
-752
-1032
-247
-1369
-51
-29
-1027
-172
-686
232
88
-62
-132
119
-484
100
337
369
1476
317
1192
1024
1207
1171
1102
1497
1120
1408
1021
1075
203
1587
1377
935
1091
592
-5
891
750
805
556
-88
672
527
812
106
365
-254
-395
-135
-273
-325
-690
-305
-401
-511
201
-861
89
-222
-667
66
-242
-703
-613
-425
-752
-736
-566
-699
-1437
-526
-1222
-502
-1329
-830
-208
-885
-992
-642
-29
-8
-237
-612
568
263
21
183
272
677
-254
364
-81
-195
917
-46
-375
-121
-625
-218
-206
-367
36
16
-490
265
-291
-712
-291
244
118
-415
-429
118
-243
817
787
360
935
382
661
1093
960
288
1478
253
685
443
840
1078
-157
1007
-185
212
438
643
818
279
525
393
60
-71
524
-324
-446
-375
-584
-349
-1096
17
-254
-28
88
-509
-49
113
-624
-411
-811
-646
-57
-605
225
-599
342
83
-117
477
642
989
300
997
705
466
275
81
-297
-316
47
-654
-914
-641
-664
-1070
-349
-882
-865
-774
-1097
-86
148
-866
-404
-264
-617
-428
130
-196
-776
537
-163
436
479
-76
107
93
416
150
176
124
-239
-466
284
-329
128
-356
-904
-608
-309
-11
-10
-15
-337
205
-323
361
515
659
1517
738
628
-58
1028
675
1440
1390
1824
619
1041
1163
1236
1894
632
1765
1076
1192
993
579
-106
-161
-488
392
-895
-1050
-492
-1904
-531
-1998
-1108
-960
-1515
-1179
-1693
-1176
-1219
-1341
-1232
-704
-1249
-264
-702
-1199
-366
-293
-278
53
-640
-302
48
-23
428
-546
-104
475
362
497
298
467
541
588
628
1206
87
762
471
892
1004
943
174
-703
262
606
369
301
129
-790
168
-601
-344
-593
44
-251
-80
256
-426
-151
287
78
735
291
961
283
339
629
712
572
468
597
186
-202
-84
-360
-105
555
162
-184
272
75
242
146
188
-75
154
-161
243
274
-600
-522
331
161
-709
-320
-13
-231
-1126
-550
-405
-519
-369
-635
-302
-820
-979
-1018
-164
465
-99
-780
-440
-143
-326
328
130
-156
-809
581
242
-352
-657
-416
222
533
870
273
-52
673
430
505
-22
69
665
380
567
17
51
266
761
-94
-544
-388
396
955
100
202
-707
-187
-308
-582
252
-69
431
42
28
21
-656
-575
-85
16
815
343
408
-371
256
18
9
177
23
491
-121
430
-489
160
500
193
-194
-288
314
340
449
-94
-519
-666
184
293
330
31
249
-214
-612
-532
-440
-723
95
767
381
449
-347
-121
-1052
-210
-321
210
660
-129
-672
-139
541
452
45
-955
262
-351
54
20
-523
88
-491
986
-195
216
275
-364
-15
451
125
347
640
99
-508
-636
653
138
-215
-307
-308
201
-259
-369
59
439
789
51
-411
39
379
-123
-272
-632
276
195
1296
-120
-542
-563
-333
-283
-306
308
-356
504
260
-683
-625
253
274
-91
-362
-72
232
445
554
-253
0
-34
25
199
-107
-409
208
-257
303
389
59
196
-578
608
-548
158
334
180
-235
-315
-532
76
489
685
454
-249
-181
-681
114
-44
-33
486
784
689
-72
-485
-971
-459
-166
719
52
191
168
143
-105
-1156
-793
-135
-404
-494
189
-116
-76
-1010
-918
-57
384
1079
-307
-607
-858
-173
175
1206
863
627
738
-668
533
390
627
258
721
96
193
592
445
602
-314
490
121
367
732
-464
-362
-393
502
477
203
58
412
-493
-816
-259
-177
529
-751
-29
-288
-709
24
-401
-247
-170
-26
-185
-176
-347
-453
-91
-54
144
-186
489
-211
-68
-307
89
356
-81
346
-290
291
-924
-409
28
-386
753
-121
431
-270
-143
-369
57
-48
-265
179
-310
45
-207
454
-549
608
191
-686
-317
-298
299
73
-566
-344
583
-572
342
48
249
145
259
-287
272
147
-359
695
-9
929
-614
231
-457
188
-356
30
618
-863
105
-154
80
-770
-246
81
65
445
-112
-305
-724
221
642
889
-417
247
626
359
509
-232
748
167
623
246
903
145
486
255
702
86
-273
360
312
454
-645
630
216
278
-244
212
364
-188
207
-894
332
321
435
149
-693
-669
-319
105
-44
-682
-251
-283
-536
604
-700
-354
-804
-631
236
-465
-496
-352
293
-905
-1081
-388
-219
55
-609
-661
-17
34
-957
-170
-51
-80
134
175
338
502
-147
-192
218
202
195
544
144
206
-159
-507
-35
443
461
-11
239
517
-149
-21
-183
234
281
159
192
34
-228
-5
4
878
372
-152
-305
-517
745
279
-8
-680
236
237
272
184
105
364
220
276
227
324
-107
493
551
507
-233
8
125
-162
-191
-521
-500
-656
-368
-617
-194
-451
-199
-420
-382
11
-508
573
-598
696
46
433
679
365
167
548
487
727
953
-22
1230
728
288
94
39
994
303
148
-70
-107
146
-323
-423
-315
-82
-568
136
-354
-200
-773
-569
-529
-295
-175
-327
-545
-224
-371
-707
-535
-750
-438
-455
-494
-214
-484
-309
-309
-1043
-236
-95
-361
-323
-320
-86
-681
-567
159
-748
-361
-163
118
-137
-256
265
271
-151
600
443
381
913
629
889
440
434
934
681
706
786
403
502
587
204
232
-44
-22
-16
331
251
-375
109
278
130
282
367
1033
523
365
943
534
544
579
345
52
571
202
54
-501
-491
-391
-159
-204
-232
-50
-216
217
-620
104
82
603
20
287
-314
-287
175
-304
-816
-505
262
-719
-1121
-698
-603
-676
-770
-811
-570
-287
-476
-651
-1003
-624
178
-402
-394
-745
135
-342
-849
28
48
96
-530
-167
478
-334
161
44
230
84
85
209
125
135
115
472
108
522
34
-172
239
317
387
-5
178
-76
95
466
-71
264
-259
319
642
161
22
-111
737
183
683
296
577
633
189
793
1050
794
121
1140
117
692
351
473
342
179
573
76
238
-131
128
-281
786
37
230
-56
213
382
-30
320
-45
6
13
-27
79
48
-321
-626
47
-634
-490
-856
-606
-1015
-1095
-939
-1492
-1072
-1277
-933
-1422
-1507
-1343
-1258
-1296
-1486
-1087
-685
-689
-881
-468
-464
-281
413
-91
-4
218
655
361
715
543
608
679
1155
535
73
797
471
843
458
544
949
662
966
978
1063
943
1246
870
1451
1014
1354
940
1286
1301
539
763
572
749
452
764
-91
432
144
253
128
-379
-242
-563
-258
-754
-577
-842
-656
-1178
-1101
-1400
-1559
-1486
-2099
-1117
-1429
-953
-1139
-797
-562
-1090
-1204
-798
-984
-610
-834
-604
-299
-448
-4
-38
78
-2
-309
58
-105
300
404
405
892
809
454
669
828
944
1037
623
747
835
1053
757
947
1267
984
1399
604
1179
573
992
624
379
409
131
741
27
824
87
439
357
268
-230
30
-217
-308
11
-491
13
-656
98
-779
-323
-324
-682
-376
-749
-353
-762
-110
-706
-285
-624
-297
-714
-472
-607
-779
-493
-828
-186
-881
-359
-667
-803
-1035
-900
-1135
-377
-711
-660
-310
-436
-172
-329
-38
-204
190
-110
-58
-204
-200
-111
195
-75
392
387
134
904
209
194
715
365
549
715
453
641
982
685
652
1126
1458
1088
1171
791
560
610
436
557
597
737
853
228
279
773
171
694
101
-184
-436
30
-445
-518
-67
-588
-197
-340
-14
-360
-38
-406
-356
-32
37
333
-238
0
-340
37
-438
-115
183
-275
-312
-286
-654
-529
-422
-590
-491
-148
29
-716
-568
-1015
-717
-680
-466
-558
-727
-320
-576
-425
-61
-132
-328
196
-71
-279
48
196
-202
498
577
-22
413
356
-247
49
574
-85
328
432
-100
-69
331
216
84
331
160
165
376
324
145
239
254
85
-269
-340
-33
-71
-347
-332
-170
-113
-342
93
-143
107
101
-2
-71
111
465
133
722
500
520
666
943
910
619
964
801
596
277
627
584
728
289
157
426
247
-120
-513
132
-138
-8
-292
-239
-761
-426
-803
-881
-904
-512
-529
-624
-560
-777
-350
-801
-719
-498
-99
-269
66
140
-27
403
517
313
187
768
564
267
494
475
268
148
293
171
-21
-100
103
142
95
102
296
39
-302
-242
-95
-169
-454
-91
-158
-627
-780
-405
-836
-962
-383
-654
-471
-638
-260
-583
-446
-237
-442
-301
-510
-406
-492
-367
-338
-338
-500
-109
-223
-320
-355
-347
-15
-279
82
-41
288
155
196
195
291
540
432
923
900
1236
787
1424
1300
1190
1353
1411
1414
1005
1245
1035
1086
792
901
880
612
918
685
1029
468
589
355
65
67
-362
-89
-643
-590
-818
-715
-1095
-983
-1042
-1093
-1207
-1100
-1043
-1231
-1087
-1147
-1110
-1194
-1143
-995
-1076
-1033
-1013
-900
-804
-469
-366
-368
-332
54
-185
47
270
396
587
588
636
525
569
399
692
596
559
618
827
686
871
915
538
991
432
469
-2
317
89
232
35
11
474
-77
-148
-384
-277
-523
-280
-799
-727
-727
-737
-804
-603
-590
-731
53
-170
128
-102
376
770
858
980
1037
1560
1321
1358
1241
1520
1534
1593
1509
1674
1769
1924
1324
1560
1459
1358
706
463
525
-372
-74
-916
-849
-1611
-1910
-2162
-2307
-2548
-2980
-2711
-3109
-3194
-3510
-3532
-3853
-3560
-3407
-3417
-3197
-2986
-2812
-2965
-2363
-2428
-1790
-1754
-1144
-1129
-479
-347
-212
588
843
1105
1606
2027
2162
2648
2849
3119
3144
3759
3612
3783
3939
3722
4244
4116
4000
4106
4061
3825
3611
3366
3560
3120
3271
2829
2382
2154
1711
1258
1155
950
664
466
-182
-517
-805
-1082
-1531
-1398
-1853
-2123
-2067
-2592
-2589
-2635
-2664
-2701
-2672
-3025
-2664
-2952
-2676
-2704
-2620
-2576
-2634
-2643
-2580
-2583
-2279
-2156
-2342
-1856
-2129
-1771
-1507
-1892
-1265
-1416
-1343
-1323
-1134
-1313
-546
-944
-415
-477
-254
-229
-45
241
-23
518
530
588
603
916
632
1139
1128
1241
1601
1622
1958
1855
2326
2342
2715
2788
2864
2835
2693
2489
2319
2381
2172
2346
1976
1943
1456
1395
1258
849
1122
921
719
808
492
137
100
-149
-252
-223
-283
-309
-348
-449
-421
-634
-695
-802
-880
-913
-850
-905
-974
-789
-1052
-865
-1007
-882
-1045
-897
-989
-934
-903
-932
-744
-926
-685
-880
-561
-804
-758
-600
-607
-620
-625
-587
-727
-747
-737
-715
-533
-650
-315
-150
-84
-59
276
225
335
411
424
443
481
370
475
527
344
643
353
455
176
206
-166
14
-141
-145
85
-101
105
-229
-109
-301
-396
-551
-493
-527
-782
-635
-633
-558
-641
-442
-430
-462
-526
-388
-234
-199
51
250
520
453
738
593
858
592
788
609
760
697
791
882
984
1151
1100
1087
1020
956
834
847
954
875
924
978
1015
1009
929
1081
993
907
721
846
502
524
407
345
185
35
20
-251
-152
-509
-479
-731
-789
-865
-985
-945
-988
-1082
-874
-1017
-1107
-1245
-1132
-1240
-1288
-1180
-1399
-1277
-1479
-1069
-1309
-1063
-1091
-835
-787
-527
-441
-531
-257
-380
56
-320
44
-275
-41
-186
-47
-223
-367
-213
-280
-148
-498
-322
-665
-419
-487
-202
-444
-177
44
199
546
826
1264
1340
1850
2030
2084
2216
2287
2187
2100
1957
1851
1480
1485
1279
987
753
636
493
309
239
110
-197
-95
-344
-193
-326
-449
-366
-658
-579
-600
-399
-565
-346
-457
-326
-255
-126
-28
14
-60
34
28
-117
111
-62
-172
-134
-182
-284
-263
-255
-554
-318
-528
-259
-248
-234
-348
-235
-368
-305
-108
-422
-388
-458
-669
-616
-469
-845
-608
-873
-836
-931
-822
-1008
-879
-969
-1037
-637
-817
-653
-454
-562
-441
-200
-218
-37
62
-1
165
299
173
622
548
524
809
862
742
1136
1028
998
1113
1022
985
1002
913
782
923
429
933
674
680
1023
787
748
917
730
742
574
490
491
387
268
687
315
307
654
214
269
371
39
99
-30
-200
-97
-570
-428
-435
-1054
-690
-804
-1525
-896
-1215
-1591
-1101
-1344
-1425
-1255
-1378
-1263
-1367
-1216
-1114
-975
-1226
-820
-829
-999
-627
-538
-736
-318
-235
-318
-49
360
-10
430
736
466
641
1014
480
875
913
729
775
1091
759
925
1024
948
1027
1169
1188
1131
1252
1038
1069
830
872
926
790
469
986
378
297
577
532
-53
639
171
-57
100
25
-438
-222
-134
-424
-518
-265
-760
-865
-660
-928
-833
-972
-798
-1253
-1313
-1118
-1274
-1328
-862
-938
-983
-1018
-626
-1072
-714
-361
-728
-373
-53
-757
-395
-214
-577
-269
-77
-51
-119
60
-7
68
174
402
443
563
473
796
458
635
916
911
794
1044
1023
655
894
877
714
803
875
528
610
524
391
397
310
348
358
28
382
164
108
451
151
452
287
49
280
-159
-114
71
-219
-79
-33
-89
-239
-124
-95
-329
-125
-23
-257
-10
49
-212
25
142
-281
216
128
-229
272
-39
-239
60
-324
-437
-273
-696
-810
-658
-1194
-1026
-948
-1319
-830
-1081
-1148
-1124
-1417
-1426
-1655
-1457
-1370
-1502
-889
-996
-1034
-549
-624
-650
-233
-185
-217
157
133
389
500
705
946
996
1348
1475
1627
1763
1769
1959
1839
2001
2004
1978
1923
1952
1952
1719
1793
1840
1542
1470
1649
1163
1037
914
718
311
384
300
-127
-196
-158
-640
-601
-614
-1113
-1169
-1195
-1611
-1585
-1413
-1754
-1666
-1448
-1682
-1569
-1393
-1502
-1609
-1238
-1238
-1277
-968
-1012
-1148
-853
-674
-818
-497
-438
-622
-258
-159
-270
10
28
-43
165
344
227
297
514
447
515
807
632
444
578
644
384
737
523
451
671
570
395
598
447
341
469
388
400
331
410
413
383
518
286
415
258
73
359
47
20
293
-107
-38
81
-167
131
23
-43
251
65
263
266
136
347
154
129
231
-16
132
101
19
318
138
3
210
-46
-108
3
-342
-305
-139
-387
-403
-248
-236
-186
-200
8
-28
-295
-223
-101
-383
-315
-144
-231
-227
-234
-285
-537
-484
-371
-617
-600
-507
-645
-781
-597
-595
-743
-408
-427
-487
-177
-345
-225
76
-110
232
158
118
243
101
139
186
72
293
175
185
443
45
332
241
172
305
290
274
278
358
330
355
294
353
142
278
167
107
68
158
133
28
301
80
269
183
199
358
278
341
352
563
372
796
592
839
882
807
967
826
899
790
810
675
714
514
508
367
199
161
-66
-144
-315
-346
-597
-516
-729
-746
-856
-953
-1008
-1219
-1055
-1357
-1232
-1273
-1286
-1283
-1307
-1138
-1407
-1113
-1226
-1128
-1065
-1006
-861
-813
-726
-558
-452
-488
-149
-186
-186
134
125
56
407
305
434
395
681
577
532
729
805
545
732
922
572
719
870
830
618
846
919
695
698
914
785
581
695
787
562
494
594
665
318
452
575
513
147
398
558
28
29
386
96
-265
75
132
-200
-341
214
-94
-447
-56
34
-518
-346
-146
-306
-615
-207
-152
-455
-346
0
-323
-359
-172
-312
-416
-455
-298
-654
-472
-520
-574
-526
-428
-501
-489
-335
-352
-471
-307
-180
-428
-263
-137
-267
-246
-44
-159
-128
-124
-19
-203
-114
-88
-191
-180
-101
-165
-149
-85
-19
-104
-23
188
-43
145
177
276
136
353
396
296
353
468
437
291
498
442
333
403
428
441
273
439
383
274
339
232
340
71
194
143
75
21
12
97
-137
5
-64
-74
-147
-158
-75
-252
-189
-213
-250
-230
-311
-199
-270
-205
-181
-138
-4
-148
101
72
90
112
159
250
54
254
252
174
199
212
302
147
160
245
141
142
-16
152
64
-76
16
162
80
-20
252
229
78
79
252
176
-172
162
95
-27
-128
-6
93
-436
-127
-223
-363
-592
-458
-343
-751
-577
-492
-433
-630
-477
-288
-451
-375
-333
-91
-296
-217
6
-36
-53
-120
232
-16
-122
113
20
-23
-143
170
19
-169
178
120
39
-4
214
169
-72
190
149
35
42
176
117
-16
203
78
45
87
115
84
39
262
41
236
233
203
226
182
387
76
228
286
138
182
137
292
77
112
253
114
144
108
228
99
148
190
160
208
124
235
185
175
173
216
277
138
257
277
192
204
248
239
93
214
174
104
125
196
167
94
255
235
159
241
312
255
198
300
259
157
117
128
-31
-198
-243
-369
-576
-770
-796
-970
-1204
-1238
-1303
-1505
-1626
-1535
-1653
-1735
-1632
-1598
-1587
-1556
-1359
-1284
-1239
-1065
-855
-735
-639
-386
-175
-130
88
359
357
523
779
901
953
1189
1386
1339
1500
1658
1649
1625
1692
1685
1569
1563
1541
1418
1339
1327
1192
1113
1022
884
816
717
638
475
481
443
251
303
332
112
51
172
-25
-218
-110
-149
-417
-344
-248
-497
-513
-417
-529
-676
-603
-604
-787
-755
-655
-739
-796
-650
-616
-727
-630
-519
-634
-636
-502
-530
-618
-517
-476
-577
-540
-487
-570
-568
-545
-578
-601
-584
-579
-583
-517
-497
-461
-383
-328
-282
-180
-124
-56
46
114
201
265
330
379
423
488
495
527
545
545
559
543
564
555
532
553
581
541
534
587
539
518
555
504
458
471
422
345
363
310
241
246
192
116
127
90
24
33
23
-28
-10
-9
-54
-32
-34
-66
-58
-61
-82
-85
-91
-86
-97
-103
-108
-109
-147
-137
-124
-181
-168
-146
-186
-205
-186
-204
-225
-200
-192
-198
-179
-182
-145
-149
-147
-106
-87
-96
-79
-67
-94
-85
-87
-117
-140
-147
-165
-190
-204
-225
-233
-231
-242
-233
-217
-190
-170
-145
-102
-83
-42
-11
11
18
23
37
39
47
35
33
44
34
39
45
54
93
98
106
137
153
160
182
203
215
219
236
237
248
246
228
223
211
202
190
179
164
136
129
133
103
83
89
52
23
17
-3
-38
-50
-59
-95
-106
-124
-130
-131
-139
-142
-154
-152
-168
-160
-166
-170
-168
-183
-163
-167
-178
-174
-163
-163
-151
-143
-128
-109
-95
-63
-73
-50
-18
-15
-1
19
39
61
65
77
102
91
94
94
89
87
78
90
93
84
88
102
111
123
132
133
145
147
142
142
130
120
128
106
96
96
86
86
79
72
73
71
70
81
81
80
90
92
95
87
71
61
43
32
7
-26
-39
-63
-84
-107
-135
-154
-168
-177
-190
-199
-202
-205
-206
-217
-207
-199
-197
-180
-179
-174
-172
-161
-157
-137
-138
-128
-119
-120
-95
-106
-87
-81
-71
-57
-72
-50
-60
-46
-27
-32
-27
-13
0
-8
23
26
37
48
51
73
68
92
95
106
125
132
151
151
167
168
186
193
194
203
199
207
190
201
203
183
189
167
154
146
131
116
95
91
76
77
59
53
44
35
31
3
22
-1
-10
-8
-21
-13
-27
-22
-42
-40
-39
-50
-50
-59
-76
-79
-76
-75
-94
-86
-91
-109
-115
-104
-106
-109
-92
-113
-97
-100
-96
-82
-82
-70
-80
-84
-81
-82
-66
-69
-69
-68
-76
-68
-74
-65
-54
-54
-36
-28
-21
-31
-9
-3
-1
16
7
18
24
23
24
29
27
39
42
32
54
64
62
72
79
90
89
98
102
94
93
92
88
73
75
69
49
49
29
22
16
-4
-15
-25
-28
-35
-45
-38
-42
-47
-41
-51
-48
-42
-37
-36
-35
-34
-26
-22
-19
-17
-15
-12
-3
-5
-3
0
-6
-4
-2
-1
-13
-5
-6
-17
-15
-9
-13
-10
-4
-5
7
12
15
11
17
22
23
35
35
40
31
23
31
38
30
30
35
31
28
38
34
34
31
27
29
28
23
13
14
14
17
16
19
10
16
14
6
10
7
2
1
9
-4
-10
-8
-17
-11
-15
-13
-22
-22
-25
-38
-31
-43
-45
-46
-45
-56
-53
-59
-56
-56
-58
-57
-59
-53
-53
-44
-39
-38
-35
-25
-22
-17
-18
-11
-2
-4
2
1
-5
-3
-4
1
0
3
6
-2
2
11
20
14
21
21
23
23
23
23
25
28
24
21
23
24
28
29
31
36
32
35
25
23
32
30
29
28
28
22
19
18
15
16
22
19
13
10
6
9
7
14
12
7
1
0
0
0
-4
-8
-6
-16
-9
-12
-14
-14
-14
-8
-9
-14
-17
-11
-15
-12
-11
-11
-10
-6
-12
-13
2
-4
-7
3
-2
-7
-1
-6
-8
-3
-2
-5
-4
-7
-9
-8
-7
-15
-14
-9
-11
-13
-12
-12
-11
-14
-6
-3
-11
-6
-4
1
-4
-4
-4
-1
-1
1
0
-5
1
4
3
-1
-1
-3
-1
4
5
3
5
1
9
8
4
10
3
-1
0
5
7
15
6
4
10
4
10
8
12
10
14
13
15
11
8
11
8
8
6
8
6
3
0
-4
-5
-5
-1
-2
-6
-6
-2
-8
-7
-4
-3
-4
-5
-1
-8
-8
3
2
3
3
1
4
0
0
0
1
0
1
-5
-5
-5
-7
-1
1
-1
-6
2
0
-1
-3
0
-4
-4
1
-4
-6
-5
-8
-5
3
1
0
-5
-3
1
0
-3
-3
-1
-1
0
-7
-5
0
6
1
-2
1
0
0
-2
1
4
3
1
1
3
3
3
0
1
4
9
6
2
2
0
7
4
3
12
1
2
-1
4
3
0
5
3
3
1
2
0
0
1
2
1
5
1
5
5
5
3
5
4
2
0
-4
-1
-2
-4
-2
4
-3
-5
-7
-10
-7
-2
-3
-9
-8
-13
-16
-10
-11
-10
-4
-6
-9
-5
-7
-11
-9
-7
-3
0
-3
-3
-5
-5
-6
-3
1
2
7
9
4
5
3
5
7
5
8
6
7
5
4
0
5
10
5
3
6
5
6
9
10
1
2
5
2
3
2
3
3
4
0
2
2
6
9
8
7
7
7
6
7
7
3
3
6
5
-2
-5
-1
-2
-1
0
-7
-5
-7
-5
-6
-8
-5
-2
-3
-6
-6
-7
-7
-10
-8
-6
-5
-2
-4
-5
-5
-6
-6
-7
-5
-7
-6
-4
-7
-3
-3
-4
-4
-6
-5
-7
-5
-2
-2
-3
-1
0
0
0
0
3
-3
-2
-1
2
4
2
3
-1
3
3
2
4
2
6
4
2
3
4
6
5
9
3
3
4
4
6
6
5
4
8
4
5
6
5
2
2
2
2
7
2
3
6
6
4
5
4
2
4
4
3
3
2
0
1
0
-2
-6
-5
-2
-3
-2
-1
-2
-4
-3
-6
-7
-7
-7
-6
-6
-8
-7
-8
-10
-10
-8
-6
-5
-4
-4
-3
-5
-5
-1
-3
0
1
1
3
0
3
4
3
0
0
1
3
3
5
4
1
0
1
-1
3
1
1
3
1
0
0
2
2
2
1
2
3
3
2
0
2
0
5
4
7
7
3
3
4
4
3
2
3
2
1
-1
-3
-2
-2
-3
-5
-4
-3
-5
-5
-6
-3
-3
-2
0
0
-2
-3
-3
-2
-2
1
2
3
0
-2
0
-2
0
0
0
-3
-5
-2
-3
-2
2
-2
-2
2
1
1
3
3
3
2
2
2
2
3
2
3
1
0
-2
-2
-2
-3
-2
-1
1
0
1
1
-3
0
2
3
4
3
3
6
7
4
2
2
2
2
1
0
1
-1
0
-1
-2
-2
-2
0
-2
-1
-3
-4
-3
-2
2
1
3
0
1
1
0
-1
1
0
-2
-1
0
-1
0
-3
-2
-2
-1
-1
-1
0
-1
-1
-2
-1
-2
0
2
3
2
2
2
2
0
0
-1
-2
-1
-2
-1
-2
-2
0
-1
-1
2
1
1
1
0
1
0
0
1
0
4
5
3
3
3
5
6
6
5
5
4
3
1
1
1
0
-1
-1
-1
-1
-2
-2
1
-2
-1
0
-2
-1
0
-1
0
1
0
-1
-1
0
-3
-3
-1
-1
1
0
0
-2
0
0
-1
-3
-1
1
-3
-2
-4
-1
-2
0
2
1
1
1
1
3
3
-1
-1
-1
0
1
0
-1
-1
-2
0
0
0
1
0
0
3
4
3
4
1
2
1
1
1
0
0
0
0
0
0
1
1
-1
0
0
0
0
2
-1
-1
-3
0
1
0
1
0
-1
0
1
0
0
1
0
1
3
2
0
3
0
1
1
1
0
-1
-3
-1
1
0
1
0
2
-2
-1
0
1
1
-1
2
1
-2
-1
0
0
1
-1
-1
1
0
1
0
0
1
0
1
1
1
1
0
0
1
-1
1
-1
-1
0
1
2
1
0
-3
-3
-2
-2
-2
-3
-3
-2
0
-3
-1
0
-2
-2
1
0
-1
2
3
-1
0
1
1
3
1
2
1
3
2
1
2
0
0
-2
-1
0
0
-2
-1
0
1
1
0
2
1
0
2
1
0
2
1
-2
0
-1
0
-1
-4
-2
-3
-3
0
1
0
-1
-1
-2
0
1
-1
2
0
0
1
0
1
2
2
3
1
1
0
1
2
0
0
-3
0
-1
-2
3
2
1
2
2
1
-1
0
-1
-1
-1
0
0
0
0
0
0
-3
-1
-1
0
-1
2
0
1
-1
-2
-1
0
-2
0
1
-2
1
-2
0
0
-1
1
0
3
3
1
1
0
-2
-2
0
0
2
-1
0
0
-1
1
1
-1
-1
-1
0
-1
-1
-1
1
0
-1
1
0
0
2
1
3
-1
1
-1
2
2
0
0
0
-1
0
1
-1
-1
0
-1
0
1
0
0
-1
0
-1
-1
0
-2
1
2
-1
-1
0
0
0
-2
-3
0
0
0
-1
-2
-2
-2
-2
0
0
1
0
1
1
1
1
-1
1
1
0
1
0
0
0
2
1
-1
1
2
0
1
0
2
1
1
0
2
2
1
2
0
1
0
-1
0
0
-2
0
1
-1
0
-2
-1
-3
-4
-4
-2
-2
0
0
-1
1
-1
0
-1
0
0
-1
-2
0
-1
0
-1
1
1
2
1
1
2
1
3
1
0
0
-2
-1
0
0
-1
1
1
1
-1
1
0
1
1
0
2
0
0
1
1
1
2
0
2
3
0
0
0
-1
0
1
1
-1
-1
-2
-1
-3
0
-1
-1
1
-1
-1
-1
0
0
1
-2
0
-1
-2
0
0
-2
-2
-2
-1
-1
0
1
-4
-2
-1
0
0
0
0
-1
2
2
3
1
1
2
-1
1
1
1
0
-2
-2
-2
0
-2
0
1
-1
0
0
3
0
-1
-2
0
1
2
0
1
0
-1
0
1
2
0
1
-1
1
1
0
2
2
3
-1
1
1
0
1
0
0
1
1
0
0
-1
0
-1
-1
-2
-1
-3
-2
0
0
0
-2
-1
-2
0
-1
-2
0
1
0
1
2
0
0
-2
-2
0
-1
0
1
1
1
0
1
2
2
1
0
1
1
0
1
0
-1
-2
0
-1
-1
0
0
-1
2
2
1
1
2
-1
2
0
-1
1
0
0
0
2
-2
1
-1
0
1
2
1
1
0
0
-2
-1
-1
-2
-3
-1
-2
-1
-1
1
1
-1
1
1
-2
-1
2
-1
-1
0
0
1
-1
2
-1
-2
-1
-1
0
2
0
0
1
1
0
2
2
2
0
2
4
0
-1
0
-2
0
-1
2
2
0
1
0
1
2
1
1
0
1
-1
-1
2
0
-2
-1
-2
-1
1
0
0
0
0
-3
-1
1
-2
0
0
0
1
0
1
-1
1
-1
-1
-3
0
0
-2
0
-1
-2
-3
0
0
1
2
0
2
3
0
-1
-1
-1
-1
-1
0
-1
0
1
0
0
-1
1
3
1
2
1
1
-1
-1
1
0
0
3
0
0
-1
-1
-1
2
1
-1
-1
1
-1
1
0
-1
0
0
0
1
-1
-1
-1
-1
2
-3
0
1
1
-1
-1
0
0
-3
0
1
-1
0
1
1
0
1
0
-1
2
2
0
2
3
1
-1
1
1
-1
0
2
1
-1
-1
