0
-1
0
0
1
-1
3
3
2
1
-1
-1
-3
0
1
1
-1
-3
-1
-2
0
1
1
1
0
1
-1
0
0
2
-1
2
2
1
-2
-3
-2
-1
0
0
2
1
0
1
0
-3
-1
-1
-1
0
-1
0
2
1
2
0
0
-3
-3
-2
-1
-2
-1
-3
-1
1
1
4
-2
0
0
0
0
0
1
1
-1
2
2
2
3
-1
3
1
0
1
0
1
0
0
-1
0
-1
-2
-5
-2
-3
-1
-3
-2
-1
0
2
0
1
0
0
-1
2
0
1
4
5
3
3
2
-1
-3
-3
-1
-3
-1
0
-2
-3
-1
0
3
3
2
2
2
-2
1
1
0
2
2
-1
-1
2
-2
-2
1
-1
-1
-1
-1
0
2
1
1
0
0
-2
-3
-2
0
0
0
1
-2
0
1
1
0
0
-1
-1
-2
-6
0
-1
-2
-2
-2
-4
-1
0
0
2
3
3
-1
-1
1
-1
3
3
1
3
1
-1
-1
1
3
3
2
-2
-4
-4
-3
1
0
0
1
-3
-2
1
-2
2
2
1
0
1
1
-1
1
1
1
1
5
4
4
-1
3
4
0
2
-2
-2
-1
-2
1
3
1
0
-2
-1
-2
-1
-1
-2
-3
3
0
-1
-2
-2
-2
-2
0
-2
-3
-2
-2
-2
0
-1
1
1
-1
3
0
-3
-1
0
1
0
-2
-3
0
0
-2
1
1
-1
0
0
-1
1
2
-1
-3
0
1
-1
-3
3
-1
1
3
2
1
1
0
1
-4
0
4
2
2
1
1
3
1
1
4
4
2
-1
-2
-3
0
-1
1
3
3
1
-4
-1
-1
-1
-1
-1
0
-1
1
-1
-1
0
0
0
1
0
2
2
2
4
-1
1
3
-5
-5
0
1
2
0
1
-2
-3
3
-2
-1
-2
1
-1
-1
5
1
-1
0
-3
3
4
-1
0
0
3
-3
-4
1
-1
-5
-2
-1
1
0
-3
2
1
-2
-1
-6
0
5
-2
1
-1
-5
6
4
-2
3
-3
0
4
-1
-4
-4
4
3
1
5
-1
2
8
1
-3
-1
0
1
2
-2
0
-8
0
4
0
0
2
5
-3
4
2
-1
-4
5
-1
-3
2
-3
0
3
-2
-7
1
6
-1
0
-4
-5
0
5
1
-4
4
3
-4
2
-2
-4
6
-3
-2
0
-5
-2
-1
0
1
-3
-3
2
2
5
7
2
-1
-1
1
2
1
5
1
1
-2
-3
1
0
-1
5
0
-2
-1
-3
-3
-2
3
5
4
-7
6
5
-3
-3
-3
-2
-1
-1
-6
-3
2
-5
0
0
-3
-6
5
2
-7
-3
0
2
-5
-1
6
-5
8
-3
-5
2
-1
-6
3
9
-2
-2
6
-2
-5
10
2
1
-3
4
4
3
-1
1
-6
12
-2
-22
40
-17
11
-24
-3
18
-2
9
-44
30
25
5
-48
45
-27
26
13
-27
23
14
6
-43
13
-32
48
-32
-67
47
68
-53
-51
22
63
-126
52
85
-134
84
30
-52
0
86
-13
-67
-14
105
-100
-37
112
-27
-61
-4
147
-150
8
71
39
-111
142
-38
-123
72
-12
-83
-107
142
11
-165
98
100
-195
-63
153
107
-170
182
25
-49
6
113
-115
16
218
-120
-98
164
34
-217
-14
29
80
-144
21
92
-160
30
-26
40
40
127
-181
81
50
51
-85
0
160
-238
175
67
-114
-48
48
48
-151
259
-265
95
5
-1
-114
182
-175
-96
218
-31
-93
-108
129
-56
54
-108
-16
201
-99
-209
232
40
-273
246
40
-129
42
54
77
-173
72
191
-147
51
-4
-27
183
-301
136
215
-186
-59
236
-142
-78
137
-68
50
-108
245
-126
-232
133
11
9
-253
436
-395
-15
238
-433
390
-170
-162
179
179
-278
-102
378
-225
-36
335
-35
-241
133
138
-91
-187
233
90
-180
-10
211
-227
-5
-52
-77
210
-103
-54
5
99
-126
-47
8
92
50
-151
218
-21
-89
130
154
-306
169
-77
184
-192
48
302
-436
241
-76
-147
111
111
-312
284
-144
102
8
-202
218
-188
207
-206
105
32
55
-214
30
206
-267
138
-1
186
-279
183
-32
-68
153
-132
-65
-25
64
14
-75
139
-28
-35
168
-189
75
75
-110
77
29
14
-159
-97
220
-222
24
315
-208
44
47
-45
10
-192
-8
277
-292
36
79
-172
13
362
-279
131
-28
-179
118
-197
118
-24
-11
13
-76
193
-30
35
-238
421
-351
291
76
-187
11
115
38
-84
206
19
-74
77
-121
-139
216
-202
255
241
-382
214
-188
-176
113
-55
39
43
63
-320
163
8
77
-17
-86
78
-69
100
-274
127
-51
-197
313
-139
81
53
-85
-53
99
119
-185
104
-159
16
73
-91
154
77
8
1
76
-111
123
-264
105
64
-17
-114
198
-11
-251
223
-260
198
-56
-58
83
-151
124
-166
-2
42
-153
154
-50
-121
212
-269
100
24
-229
388
-280
86
93
-197
162
62
28
-167
182
-169
161
-57
73
6
36
5
44
248
-336
318
-151
-144
271
-219
158
25
-10
107
-5
83
-238
243
-62
-118
231
-224
154
-147
8
212
-234
159
2
-66
-11
-214
292
-209
-200
237
27
-164
78
5
-105
218
-170
-8
-77
-128
15
-133
262
-44
42
-102
181
-25
-91
-55
236
-183
31
-68
80
-66
1
222
-112
-9
42
140
-248
-182
480
-325
102
-154
26
82
-22
-110
187
-337
48
205
-58
-75
60
-31
112
-209
17
15
-121
267
-329
337
-100
5
-141
352
-247
-14
149
-234
232
-93
-84
220
78
-249
158
88
18
-82
-214
590
-451
311
30
-40
-55
-51
164
-420
491
-395
354
-7
-129
66
-292
341
-266
47
-77
150
-52
-283
169
311
-296
223
68
-263
-78
59
298
-576
236
-86
-66
-51
34
410
-471
301
68
-226
-81
-83
-381
375
-96
-87
327
-308
-127
3
-98
175
-293
161
-65
-449
310
55
-317
0
184
-202
195
-130
79
-318
308
-277
-9
129
-159
419
-169
168
88
279
-44
-8
476
-287
257
60
-39
-135
323
76
-430
493
-99
-89
204
-102
-58
103
-370
459
-351
111
-268
417
-453
136
72
99
21
218
346
-58
50
47
59
-177
179
-5
96
115
3
-17
118
-49
174
-211
-38
416
-537
57
-222
23
-350
94
-242
-171
-28
-196
60
-505
-77
-152
-172
-201
229
-98
64
515
-396
732
-53
-203
468
21
275
-51
834
17
268
672
7
219
384
333
172
373
236
617
578
319
756
497
558
326
1245
105
1065
813
786
914
804
774
681
574
173
-277
52
-662
-1205
-583
-1480
-1899
-1842
-1919
-1950
-2897
-2146
-2680
-2733
-2811
-2675
-2802
-2801
-2660
-2257
-2064
-2366
-1974
-1424
-1434
-1232
-797
-648
-317
-209
385
657
856
1199
1493
1608
1932
2393
2136
2931
3433
2543
3812
3451
3602
3771
3876
3568
3685
4048
3913
3414
3619
3367
2627
2969
2539
1568
1805
849
795
176
-82
-981
-739
-1139
-1437
-1648
-1813
-2142
-1918
-2754
-2242
-2071
-2796
-2116
-2439
-2078
-2059
-1918
-1353
-1465
-1678
-812
-1235
-1163
-671
-1000
-937
-1166
-126
-1380
-769
-1117
-1058
-1250
-840
-1825
-1803
-1506
-2235
-1926
-2483
-2304
-1853
-2096
-2093
-1721
-1868
-1465
-917
-655
-289
-49
801
245
518
681
817
23
737
396
199
656
301
585
265
1049
1058
775
2039
2059
2250
3005
2978
3246
3462
3902
3700
3806
4027
3773
3596
3896
3368
3449
2896
2924
2525
1677
1573
1295
1034
621
192
304
-953
-473
-1232
-1582
-1482
-2544
-2132
-2683
-2806
-2922
-3008
-3234
-2926
-3309
-2801
-3224
-2870
-2879
-2890
-2474
-2540
-2363
-1824
-1912
-1489
-984
-1119
-924
-614
-42
-327
158
336
626
526
901
799
1203
1185
1020
1844
1273
1859
1132
1632
1389
1195
1313
861
1126
541
209
380
184
-307
-179
-448
-812
-702
-1122
-919
-1148
-758
-808
-1125
-956
-680
-647
-287
-399
201
-261
-8
255
741
451
572
778
1144
658
953
1190
904
982
1325
923
649
719
830
439
830
537
-135
375
-96
-114
-82
-802
-157
-657
-588
-785
-882
-401
-505
-1177
-222
-594
-573
-527
-168
-122
-698
721
-17
300
169
699
239
626
513
1082
1042
616
1142
987
868
1044
789
827
1113
893
626
1095
118
647
326
218
659
-7
249
68
-413
-53
-351
-410
-1103
-527
-729
-1087
-1219
-1198
-950
-1532
-810
-1430
-846
-998
-736
-755
-617
-221
-509
99
-469
175
223
298
404
-32
823
-495
-220
-568
-777
-1616
-1318
-2210
-2278
-2429
-3220
-2474
-3673
-3326
-3272
-2848
-2928
-3196
-1784
-2405
-1880
-963
-967
-459
316
810
1477
1786
2044
2707
2810
3371
3368
3746
4354
4087
4637
4327
4446
4736
4349
4856
4535
4918
4243
4368
4258
3485
3540
2986
2452
2175
1647
696
957
-418
258
-134
-590
-923
-972
-1319
-1891
-1137
-2200
-1999
-2007
-2171
-2398
-2591
-3221
-3310
-3214
-3092
-3799
-3859
-3361
-3880
-3237
-3416
-3464
-3011
-3455
-3526
-3527
-3766
-3447
-3784
-3397
-3523
-3336
-3332
-2603
-2189
-1643
-1220
-421
-68
311
1032
1125
1994
1551
2970
2403
2617
3465
2413
2806
2911
3044
2449
2931
2639
2485
2301
2953
3035
2377
3177
3515
2255
3023
3610
2143
2903
2908
1944
2283
2158
1457
1701
685
812
492
363
350
-88
-203
-647
-702
-986
-1671
-1089
-1420
-2109
-1002
-1554
-2160
-1174
-2242
-1691
-2039
-2182
-1746
-2685
-2024
-2310
-2288
-2453
-1727
-1877
-2005
-970
-1853
-899
-930
-456
-985
59
-688
-724
-839
-882
-218
-1044
-1074
-745
-728
-366
-595
656
459
823
1797
1960
2664
2103
3480
2792
2497
2907
2465
2542
1976
2986
2752
2597
3540
3321
2151
1864
1015
-670
-1297
-2449
-2641
-2474
-2559
-1231
-722
-132
499
243
817
302
-519
-1132
-2054
-2482
-3112
-2885
-2540
-1940
-1461
-506
-153
426
1213
1487
2172
2553
2451
2560
1842
2016
964
1364
338
32
462
-671
-1055
-999
-1868
-2582
-2022
-3880
-3155
-4257
-4241
-4781
-4900
-4582
-4756
-4558
-4162
-4389
-3775
-3132
-3335
-2510
-2420
-1431
-1317
-818
-263
479
644
1190
2615
1983
3927
3444
4488
4972
4996
5812
5612
6318
6679
6378
6276
6247
6332
6062
5502
5533
4711
4669
4349
4102
3640
3278
2814
2706
2113
1921
1220
617
624
-145
-668
-1142
-1467
-2053
-1983
-3144
-3085
-3059
-3819
-3720
-3957
-4102
-4782
-5155
-4769
-5109
-5219
-4937
-5164
-5235
-4963
-4724
-5147
-4578
-4211
-4561
-3679
-3742
-3658
-2892
-2786
-2875
-2341
-1987
-1485
-1613
-1300
-745
-242
97
236
1015
535
1041
1273
1304
1740
2398
2183
2555
2252
2796
2970
2412
3108
3179
3541
3789
3428
2773
2903
3118
2819
2699
2557
2572
2064
2425
2113
1968
2098
1375
1122
1461
826
1292
858
548
814
236
462
39
210
667
-8
-179
84
-331
170
-170
-667
-89
-450
-211
-305
-425
-49
425
-117
320
512
267
1382
615
960
1242
1306
1173
1038
1437
1481
1198
1388
1259
1368
565
1176
-445
-649
-447
-1731
-1656
-2700
-2942
-3584
-3989
-4225
-5041
-5507
-6255
-6352
-7007
-7316
-7180
-7110
-6794
-6330
-5323
-5017
-4289
-3414
-2871
-1656
-1972
-989
-77
129
1338
1433
2207
2381
2479
2474
2308
2864
2789
3564
3380
3599
3526
3797
3731
4275
4713
4127
4237
4418
4646
4321
3998
3858
3535
3044
2839
3034
2287
2740
2942
2193
2149
2015
1842
1674
1230
1094
735
580
807
93
-50
-184
-416
-296
-493
-962
-1249
-1548
-1169
-1829
-2078
-1938
-2531
-2364
-2416
-2876
-2466
-2929
-3124
-2834
-2929
-2546
-2627
-2728
-2231
-2482
-1792
-1825
-1973
-1000
-1521
-1502
-1370
-1077
-484
-321
-903
-322
-747
-873
45
-355
-191
-294
115
-188
191
-232
142
515
3
450
394
614
1054
997
1029
1093
877
888
965
1357
966
1016
952
1164
691
820
739
1001
1149
1449
1339
1276
1774
1325
1547
1379
1430
1118
1462
1622
1017
1330
945
1443
281
267
683
611
617
104
11
-695
-414
-877
-1225
-980
-1298
-1284
-1752
-1819
-1383
-1832
-1598
-1511
-1925
-2038
-1307
-1687
-1432
-1478
-1977
-1237
-1228
-896
-744
-773
-647
-318
-281
-142
721
115
490
689
204
262
-134
399
32
236
515
-94
333
208
468
213
81
978
349
900
1455
1272
1274
2050
1610
2054
2230
2688
3197
3223
2771
2694
2338
3233
3158
2451
2537
2552
1949
2035
2022
557
684
-75
-514
-803
-1580
-1744
-2576
-2633
-2699
-2914
-2938
-3203
-3099
-3358
-3032
-2838
-2455
-3387
-3230
-2622
-3267
-2774
-3001
-2763
-2409
-2603
-2441
-2174
-2012
-2247
-1420
-2258
-1115
-1161
-1713
-1590
-1692
-185
-400
71
644
1026
285
738
1106
243
969
1116
1196
1395
1751
2885
2772
2919
4403
4227
3677
4046
3450
4236
4045
3554
4063
3194
2756
2505
2557
2512
2213
1131
1312
1667
583
1119
498
516
378
109
293
-4
525
92
102
-766
-643
-794
-438
-254
-1338
-1102
-1629
-2421
-1822
-2105
-2617
-1931
-2335
-2472
-2201
-1843
-1701
-1121
-1245
-1025
-1739
-1832
-1705
-2230
-1912
-1870
-1437
-1617
-1738
-2255
-1537
-2906
-2184
-2064
-2126
-1821
-2042
-1189
-1967
-950
-528
-77
218
1339
1044
944
1163
1350
1121
331
1897
2655
1928
2436
2359
1779
3050
3279
2599
3044
3328
2745
2193
1622
1375
599
385
832
-648
-354
-499
-1692
-1786
-1484
-2213
-2359
-913
-488
-1201
-999
-507
-748
748
773
789
256
-427
1137
-401
114
1063
-120
723
918
868
1206
1488
2105
2889
3464
3412
3924
2965
3084
3522
2661
2467
1917
2680
2636
1823
1328
2232
1323
1426
937
-1129
-1467
-3218
-5578
-6725
-8019
-8319
-7554
-8118
-7972
-8351
-8795
-7766
-7889
-6789
-5513
-5994
-4709
-4351
-2840
-890
456
1915
2274
3611
4969
6033
6982
6915
6334
6630
6349
4811
4698
3939
3764
3749
2501
3213
2475
2138
2596
1500
1806
1372
196
31
66
249
633
-214
372
446
-1377
-557
-1004
-2181
-1683
-2175
-2730
-3183
-3081
-2866
-2365
-1769
-878
328
1340
3264
3951
4574
5637
4221
2901
1350
-573
-1341
-2377
-3847
-4501
-4496
-5170
-5088
-5091
-4933
-4869
-3959
-2827
-2570
-1620
0
1323
2625
3641
4156
4439
4352
3816
3732
2770
1602
2041
1701
659
721
937
859
-9
-1183
-2232
-2175
-1910
-2150
-2497
-2180
-1930
-1699
-1138
-1210
114
1358
1759
1690
1324
1994
2758
3071
3322
3160
4216
4151
3878
3490
1638
-794
-1819
-2138
-1694
-75
414
582
775
401
65
287
-90
-1328
-1565
-2106
-2798
-3672
-3803
-4677
-5398
-5816
-6438
-6602
-7078
-6732
-6610
-6270
-5563
-4865
-4158
-4105
-3580
-3118
-2237
-1710
-999
140
561
1654
2281
3175
4069
4950
6168
7044
7389
7437
8526
10392
11115
10387
10990
11609
11533
10834
9389
9021
8416
5908
4749
4061
2270
1353
22
-1830
-2993
-4665
-6004
-6670
-7210
-7651
-7653
-7040
-6814
-6884
-7155
-7196
-7281
-6919
-6227
-4985
-4442
-4482
-3777
-3890
-3282
-2652
-2754
-1905
-1037
-747
-776
-1818
-2240
-2004
-1605
-499
-255
646
2024
2685
4497
6353
8017
10176
11358
11865
11566
9595
7809
5792
3835
2675
737
-1156
-2151
-3138
-4322
-4955
-5298
-5782
-6867
-7798
-8724
-9531
-8879
-8365
-8975
-8890
-8574
-8682
-8229
-7567
-7013
-6185
-4982
-3667
-2669
-1508
-214
532
1898
3514
4631
5462
6402
7049
7514
8364
9139
9593
9838
9896
10330
10279
10145
9500
9302
9424
9043
8443
7443
6603
5805
5468
4876
4114
3908
3580
3660
3251
822
-2822
-4516
-3544
-3143
-3807
-4990
-6779
-8814
-9602
-10162
-10879
-11103
-10602
-10142
-9909
-10051
-10871
-10663
-8175
-5705
-4622
-3872
-4501
-4959
-2653
539
1477
1930
3542
3825
3089
3942
4115
3682
5209
6710
5251
3404
3209
2582
2893
4471
5065
4739
5260
6317
6209
6880
5762
-110
-5243
-3520
363
608
-1143
-3887
-7465
-8429
-7288
-7234
-7267
-6304
-5861
-5370
-4185
-5238
-7246
-4950
-25
2246
2892
2745
1309
1184
4125
6037
5076
4738
6012
6217
5024
2995
1210
1648
4191
4984
2269
-734
-2063
-1645
-325
694
656
817
1879
2498
2094
2048
3539
5705
8300
9898
10763
9032
3460
-2007
-2428
1324
3242
1774
-1588
-5722
-8979
-10304
-10347
-9846
-9043
-9227
-9749
-10391
-12173
-13962
-12291
-6741
-2167
-335
-386
-1155
-800
2422
6047
8157
8978
8774
8388
8605
7566
5544
5853
7174
6152
3984
2009
-947
-2304
-421
231
-1072
-522
364
-665
330
2564
2943
4038
7250
8721
8856
11101
8361
-337
-5121
-1648
1706
1233
-1524
-7027
-12407
-13433
-13079
-13450
-12493
-11796
-13405
-13013
-11645
-13608
-14924
-9558
-3029
-482
431
134
-1289
1034
6712
10271
10155
8435
8322
9695
10789
9171
7972
8408
7633
5802
3766
468
-1670
103
1244
-658
-1685
-1037
-525
1252
4231
4534
4556
7217
9208
10711
12875
8484
-1496
-4554
1932
5461
2720
-1770
-7029
-11159
-10877
-9769
-10743
-10838
-10507
-11537
-10773
-9758
-12371
-12675
-5690
662
1126
364
-165
-1031
2101
8126
11124
10448
9649
8491
7391
7669
7906
7318
6892
5749
2525
-1007
-2897
-3340
-2615
-1861
-2343
-3282
-3148
-2310
-768
1311
3455
4559
6093
8278
11527
10124
1075
-7129
-4302
4125
5710
78
-7045
-12404
-14350
-12310
-9910
-9804
-11281
-12995
-12626
-10927
-11349
-12662
-8125
97
3558
1519
-520
-339
3115
9783
14386
11734
7114
8195
11300
10900
9329
9127
7915
6119
4061
79
-3855
-2700
110
-869
-3976
-5553
-4824
-1392
2632
3784
3332
4378
6563
8450
13060
14237
4785
-5505
-3247
5997
7345
779
-6765
-11134
-11619
-10003
-10175
-11500
-12499
-13913
-13562
-10842
-11211
-13765
-10080
-1251
2614
571
-1384
-439
3516
9976
13029
10051
8137
10340
11730
10690
9249
7678
6757
7615
5820
62
-3447
-2102
-1027
-1922
-3573
-5264
-4663
-550
2397
2287
2034
4114
6282
11259
13182
3032
-9572
-7120
5950
9940
2487
-7741
-14135
-13816
-8750
-6537
-8754
-11558
-14128
-14037
-10609
-9822
-12697
-9562
-175
3522
-483
-3787
-2716
2612
10344
12990
9485
7039
7886
8692
10374
11263
8306
5993
6778
3942
-1532
-2232
62
-357
-1222
-3055
-6270
-5155
1315
4454
3801
4177
4758
5531
10396
16639
11752
-1916
-8311
167
10218
8081
-3077
-11768
-12883
-10298
-8408
-8686
-10723
-14173
-15279
-11849
-9615
-12147
-12799
-5703
1828
2028
-2463
-3910
-16
6896
12079
12532
8987
6167
7284
10857
11965
8966
6020
5867
4999
1741
-1238
-1968
-1646
-1036
-1981
-4742
-5470
-1359
2816
4094
3833
3710
4720
9820
15571
8306
-7372
-10179
3970
12676
5645
-6596
-14024
-14326
-8928
-4189
-5955
-11397
-15994
-15873
-10510
-7091
-10214
-11016
-3151
2618
-242
-4263
-2144
2731
8432
11631
9480
5187
5393
9180
11789
11436
8710
5271
2779
1986
1745
923
-60
-1314
-2814
-4963
-5045
-1463
3002
4420
4459
3841
3546
6121
12796
17907
10675
-4538
-9808
1886
12296
7403
-5097
-12871
-14151
-11497
-7799
-7406
-11067
-15662
-16396
-12709
-10006
-11711
-11470
-3861
2417
96
-4644
-3042
3211
10118
13582
10203
3029
1556
9140
15755
12989
5915
2619
2907
3752
4059
1945
-1391
-1681
-973
-3622
-5592
-2139
2943
5520
6107
4301
2419
6431
15555
13965
-1693
-11467
-1168
11982
9398
-3118
-12305
-14383
-10703
-4704
-3685
-9558
-16821
-17936
-11607
-5942
-8066
-12077
-7627
45
928
-2912
-2673
2168
7148
9672
7933
4706
4946
8767
11479
10587
7318
4215
4282
4650
1447
-1130
236
474
-2444
-4461
-4966
-3728
1670
5872
3622
1800
4324
7270
10740
17022
13166
-3177
-11089
1218
13842
9767
-3441
-12849
-14292
-9967
-5406
-5703
-9771
-15025
-17816
-14148
-8377
-8714
-10848
-6196
-441
-1729
-5084
-2698
3414
9061
11104
7113
889
2505
11083
15233
10945
4927
2444
3392
5648
5348
1520
-1348
-1235
-1412
-3101
-3408
-821
3071
5026
4103
2820
4115
8502
14955
13187
-1696
-13193
-2832
13684
11896
-3195
-13534
-15111
-10633
-2864
-799
-8037
-16742
-18593
-12788
-5477
-4741
-9217
-8267
-1581
-192
-3912
-2780
3614
7640
7611
5263
2421
3927
9373
11999
9096
4994
2617
2854
4417
3713
887
-354
-970
-3048
-4369
-2967
-365
3047
4863
2850
1650
5181
9443
12659
16010
9426
-7391
-11798
5458
17530
7752
-8572
-15689
-14359
-7748
-1803
-3689
-11509
-18200
-18975
-12497
-4936
-5469
-9418
-6541
-1503
-2849
-4349
700
6800
8858
7785
3617
127
4851
13694
14820
7678
1265
-148
2879
7386
7253
1062
-4006
-3963
-2580
-1402
254
1777
2339
2673
3125
4422
7267
11546
15101
8532
-7470
-12222
4385
17523
8206
-8843
-15943
-14646
-7960
210
-152
-10897
-20292
-19601
-10747
-2703
-3292
-8788
-8352
-3004
-1876
-2541
1761
7163
7532
6525
4253
-510
2408
14167
17106
6274
-1453
38
2805
6809
9205
1268
-8506
-6803
-853
-659
-740
639
-1012
-1340
2999
6000
6901
9513
12110
13397
8456
-4110
-9407
5168
18771
9672
-9118
-17392
-14901
-6645
1640
62
-12021
-22621
-22642
-12289
-1029
-1300
-10257
-12391
-6545
-3016
-527
4923
7219
4538
3918
5397
5132
5170
8895
12588
10048
2700
-1030
2278
6601
7155
3870
-2563
-7328
-4512
1718
3235
1385
19
-465
1728
7276
10522
10174
11855
8523
-5375
-11423
4489
18621
8999
-9335
-15990
-13734
-7776
163
1356
-9173
-21334
-22594
-11982
-816
-656
-8571
-11690
-7729
-3523
290
5237
7630
5204
3107
2674
1901
6365
15549
15859
4587
-3028
-22
5670
10353
9951
-756
-10497
-6793
596
845
-798
-1685
-4646
-3685
2718
6383
6434
8257
8555
8739
11768
6720
-6177
-4331
13168
16606
-17
-13883
-14776
-8814
-399
2389
-6020
-18554
-24151
-17742
-3577
2591
-6986
-16892
-13583
-5250
277
4825
5569
927
-731
3327
7435
8109
8140
9458
9754
5652
1118
3546
8614
8446
4864
-590
-6254
-4879
2980
4857
-769
-4092
-3063
-1
6149
10180
7530
4134
7940
10571
1455
-8202
-1021
13392
11495
-4212
-13863
-13485
-8076
385
3419
-6635
-20634
-23585
-13271
336
3313
-7470
-17197
-13191
-3303
3035
6334
5393
-967
-3488
3026
8445
8063
9431
10361
4640
-413
3247
8125
8065
6379
1815
-5256
-5314
1788
4682
932
-2307
-3965
-3168
2929
8774
7719
4857
4887
8184
11675
6877
-5343
-6062
9004
14419
695
-11920
-12925
-8838
-2271
2116
-4205
-17439
-23275
-16062
-2684
2566
-6502
-16778
-14448
-5505
1114
5324
4402
-2096
-3851
3459
9559
8811
6611
5897
5642
5533
6280
7202
7079
5379
3060
630
-1510
-1239
1589
2094
-1059
-3123
-2316
110
3834
6806
5719
3614
4469
8838
11461
5048
-5969
-4625
8414
11686
2
-10008
-11502
-8599
-2706
1194
-4440
-15820
-20774
-14139
-2512
988
-7194
-14925
-12763
-5847
606
4788
2850
-3494
-3937
2768
8349
8449
4654
2184
5067
8087
6512
5124
5743
4063
3342
4636
1827
-1500
1535
3797
836
-203
940
562
3337
7876
6827
3762
5906
9520
6267
-2461
-5839
2222
9802
4443
-6856
-11479
-10314
-6127
-720
-836
-10203
-19348
-17900
-7396
932
-1622
-10989
-14782
-9805
-1968
4409
5609
-635
-6340
-2104
6962
9938
6598
3298
2723
4114
6585
8210
6820
3808
2795
3336
2686
2004
2493
2136
842
619
425
396
2862
5402
4760
3826
4411
5604
8426
7860
-1460
-7941
284
9415
4859
-4858
-9776
-11453
-8081
-753
396
-8158
-16949
-17633
-9312
100
-281
-8980
-13690
-10541
-3819
3318
5556
-603
-6411
-2940
4719
8739
7673
3106
82
3052
7852
8838
6947
4169
1969
3189
5570
4548
2523
2337
1786
875
1646
2053
1883
3379
4648
3664
3390
4345
5965
7030
2641
-5807
-5344
4387
6892
-1172
-7856
-10248
-9955
-4418
1056
-2844
-12229
-16313
-12357
-3977
1155
-2903
-10345
-11543
-6889
-694
4285
3275
-3495
-5992
-390
5617
7346
5776
1689
-712
3012
8486
8798
5597
3244
2439
3489
6098
6604
3929
1512
1446
2016
2534
3072
3139
2481
2170
2357
2772
3518
4950
4603
-109
-5454
-4293
1621
3397
-1035
-6430
-9560
-8853
-3947
-7
-2337
-8544
-12379
-10517
-3954
950
-1321
-7176
-9410
-6774
-1437
3439
2983
-2585
-5462
-2154
2841
5776
5489
1912
-792
1566
6084
7919
6856
4431
2365
2992
5555
6468
4894
2692
1199
1091
2201
2834
2066
839
460
888
1575
2190
2318
1543
767
117
-1745
-3336
-1567
1001
-4
-3090
-4920
-5425
-4158
-1377
-578
-3260
-6133
-6823
-5067
-1831
-319
-2650
-5733
-6148
-4258
-1489
443
-590
-3259
-3748
-1473
1412
3309
3116
1357
907
2911
5357
6484
5837
4014
2996
3751
4822
4827
3623
1667
456
764
1270
913
350
-245
-643
-326
-61
-708
-853
-109
-60
-499
-21
218
-974
-1763
-663
857
1014
96
-834
-1317
-1196
-343
408
-118
-1812
-3222
-3265
-2305
-1802
-2395
-3323
-3866
-3866
-3020
-1737
-1261
-1625
-1552
-668
433
1428
2064
2187
2233
2613
3130
3504
3533
3075
2338
1682
1144
772
715
694
270
-511
-1245
-1544
-1208
-718
-736
-1227
-1476
-1152
-531
-46
272
545
784
903
1087
1384
1678
1793
1551
1044
968
1381
1355
579
-273
-832
-962
-531
-143
-525
-1359
-1844
-1538
-493
281
-99
-862
-811
-176
361
712
709
258
19
346
602
377
-114
-658
-978
-939
-990
-1348
-1661
-1916
-2196
-2180
-1902
-1837
-1865
-1668
-1397
-1131
-673
-112
325
558
637
838
1414
1948
1933
1628
1536
1620
1636
1423
941
469
378
581
810
794
404
68
534
1502
1963
1646
1243
1276
1761
2236
2332
2069
1663
1358
1431
1577
1150
268
-434
-852
-1192
-1490
-1873
-2381
-2799
-3028
-3282
-3552
-3595
-3305
-3012
-2992
-3028
-2634
-1870
-1175
-854
-818
-746
-271
462
810
577
337
460
654
613
318
-103
-380
-189
328
590
271
-75
315
1257
1831
1808
1630
1681
2068
2708
3147
3076
2712
2550
2695
2876
2775
2385
1862
1283
687
246
61
-97
-496
-1136
-1822
-2248
-2177
-1918
-1909
-2112
-2267
-2282
-1964
-1362
-977
-1083
-1244
-1072
-635
-306
-326
-639
-942
-1035
-902
-876
-1256
-1794
-1910
-1584
-1227
-1118
-1089
-943
-649
-317
57
456
809
1080
1395
1763
2046
2132
2209
2444
2640
2498
2172
2011
1949
1639
1079
603
447
471
282
-238
-747
-949
-868
-675
-544
-644
-850
-778
-340
88
239
191
138
249
586
880
729
86
-505
-547
-217
-165
-681
-1451
-1877
-1660
-1094
-762
-862
-1175
-1361
-1143
-545
-40
61
80
270
404
500
803
1068
992
831
799
759
670
508
166
-174
-275
-315
-467
-632
-753
-874
-923
-893
-809
-645
-404
-184
26
229
367
521
822
1131
1295
1352
1233
832
445
352
489
576
344
-307
-935
-993
-451
148
176
-465
-1015
-747
58
579
539
251
65
173
656
1252
1398
876
264
206
624
910
633
-55
-641
-861
-814
-702
-764
-1132
-1499
-1513
-1294
-1160
-1174
-1193
-1009
-562
-142
-69
-146
82
600
979
1055
938
647
286
228
530
647
233
-316
-514
-405
-245
-86
-9
-170
-371
-258
95
366
531
625
524
364
545
1031
1340
1190
796
530
564
747
778
495
-38
-535
-705
-579
-537
-826
-1197
-1318
-1191
-1065
-1042
-1085
-1067
-860
-456
-98
50
167
436
757
943
929
752
534
434
483
588
487
50
-375
-369
-85
17
-228
-559
-628
-378
-125
-28
67
146
73
62
309
611
723
616
387
289
450
639
633
449
65
-388
-512
-289
-243
-572
-944
-1093
-1009
-787
-691
-860
-1000
-867
-621
-355
-16
262
399
545
701
757
781
811
822
818
747
513
278
242
343
390
248
-46
-223
-168
-114
-178
-147
28
124
35
-110
-156
-32
171
309
295
147
-4
25
223
282
0
-368
-476
-337
-244
-394
-722
-947
-845
-567
-443
-577
-820
-966
-825
-397
-16
100
137
238
353
504
666
697
602
594
696
692
545
353
272
350
355
191
138
227
119
-144
-142
139
365
462
405
126
-176
-165
180
508
462
58
-313
-303
-9
137
-18
-322
-646
-662
-387
-333
-606
-898
-998
-877
-608
-451
-652
-919
-790
-314
168
185
6
263
401
380
660
748
500
494
761
745
574
585
442
255
296
224
232
273
-54
-150
145
262
103
23
54
-63
-118
18
107
184
149
-80
-223
-222
-48
110
-25
-256
-434
-475
-405
-368
-390
-601
-839
-778
-527
-401
-514
-612
-511
-343
-55
261
310
229
216
334
511
582
600
581
495
486
605
677
513
255
145
182
296
331
240
83
-57
15
195
140
-92
-173
-103
-45
31
98
-88
-350
-320
-111
-19
-86
-294
-659
-716
-213
66
-303
-681
-692
-516
-311
-317
-576
-614
-259
-69
-128
8
170
136
210
469
584
497
489
535
485
496
642
683
475
194
90
199
379
463
350
150
34
20
96
170
8
-257
-253
-85
-57
-69
-87
-296
-469
-335
-215
-336
-405
-290
-255
-415
-503
-398
-348
-456
-537
-477
-387
-363
-337
-271
-233
-172
37
293
318
131
68
290
599
700
527
284
245
497
808
769
308
-106
0
491
799
571
84
-81
188
439
366
122
-58
-105
-45
35
14
-127
-265
-233
-145
-284
-536
-488
-192
-156
-448
-638
-572
-436
-359
-363
-470
-614
-554
-207
51
-112
-417
-370
19
346
385
214
80
169
396
540
485
305
213
333
465
316
27
-15
239
462
384
57
-176
-41
292
437
285
5
-168
-46
265
324
23
-197
-76
73
-33
-205
-198
-103
-157
-386
-541
-436
-221
-173
-362
-603
-655
-428
-103
2
-187
-398
-373
-86
242
312
157
127
307
410
345
303
319
336
404
443
255
-14
-2
272
436
309
75
-37
-30
25
151
254
142
-91
-131
10
36
-48
-48
-12
-108
-269
-286
-133
-27
-104
-244
-336
-407
-388
-224
-143
-326
-569
-568
-324
-63
13
-112
-224
-156
18
184
323
376
296
185
209
341
418
394
350
305
206
108
123
264
372
318
160
20
-32
35
198
289
156
-68
-127
-24
31
-18
-64
-115
-237
-317
-247
-137
-175
-339
-459
-427
-294
-193
-241
-392
-469
-382
-260
-225
-213
-142
-66
-41
-26
1
73
233
409
427
261
99
107
269
456
499
351
139
40
121
300
422
383
236
99
33
69
228
377
323
87
-95
-87
50
192
196
-18
-313
-419
-269
-71
-61
-289
-603
-739
-546
-192
-61
-311
-680
-775
-479
-69
110
-62
-349
-400
-144
167
297
269
216
215
268
326
319
267
297
416
452
288
85
72
251
396
331
139
16
63
189
228
133
33
46
94
53
-36
-47
-5
-33
-157
-262
-284
-212
-104
-135
-394
-651
-568
-199
59
-42
-354
-590
-551
-222
159
247
-27
-333
-334
-41
279
400
289
78
-36
49
244
390
383
250
117
102
182
272
376
464
381
124
-9
176
435
441
209
-12
-76
-4
105
147
56
-149
-329
-333
-219
-194
-285
-372
-434
-523
-535
-391
-262
-278
-358
-383
-334
-204
-40
60
83
48
-13
18
183
313
269
174
161
181
151
107
84
95
126
161
167
105
0
-20
169
383
323
45
-66
124
332
349
248
146
61
51
173
278
172
-83
-264
-257
-153
-106
-205
-413
-589
-576
-391
-228
-258
-403
-451
-357
-227
-105
31
131
99
9
50
242
411
415
310
204
140
157
249
294
157
-57
-61
148
249
51
-191
-170
56
213
160
-14
-134
-57
188
347
226
-25
-74
148
347
260
-35
-253
-227
-42
56
-103
-414
-578
-458
-237
-179
-330
-517
-518
-312
-99
-71
-141
-128
-26
86
195
294
323
285
273
311
315
283
317
389
298
26
-110
60
283
231
-53
-288
-301
-122
84
98
-128
-348
-289
-12
167
80
-109
-116
90
259
203
17
-82
-23
57
36
-67
-151
-180
-166
-133
-149
-236
-251
-134
-56
-112
-178
-123
-8
102
202
254
224
181
211
287
304
262
261
313
260
97
61
212
273
84
-139
-188
-128
-98
-130
-218
-327
-376
-298
-156
-97
-195
-338
-324
-155
1
24
-46
-107
-113
-81
-29
45
120
117
1
-121
-107
0
93
120
71
-47
-138
-57
149
275
237
138
75
104
209
311
309
229
194
226
238
189
168
221
240
111
-79
-140
-54
21
-27
-161
-312
-412
-381
-234
-132
-193
-340
-409
-349
-208
-67
-12
-78
-196
-258
-205
-41
147
209
75
-116
-137
51
228
231
115
17
-22
-24
43
169
254
214
85
-29
-35
90
262
337
256
98
21
99
307
478
419
140
-90
-35
204
311
135
-129
-241
-195
-145
-178
-249
-294
-284
-264
-293
-346
-319
-177
-61
-118
-298
-386
-241
15
135
32
-148
-202
-76
122
225
151
-9
-100
-41
88
178
185
111
18
-11
57
160
219
216
172
139
165
263
368
369
273
171
137
167
227
259
169
-30
-183
-181
-106
-102
-179
-280
-370
-402
-328
-207
-172
-251
-316
-310
-284
-247
-142
-14
8
-78
-125
-46
85
171
177
108
-5
-73
-14
128
219
157
-4
-130
-116
15
142
166
85
10
43
190
340
366
276
188
207
301
350
306
209
138
107
82
30
-51
-126
-177
-212
-262
-323
-351
-317
-254
-241
-315
-392
-359
-223
-87
-33
-53
-95
-110
-57
56
167
193
112
-8
-71
-30
77
150
115
-11
-130
-141
-37
87
139
91
-1
-20
103
297
385
302
187
185
268
337
365
351
260
98
-23
-13
52
40
-82
-242
-360
-402
-358
-276
-239
-290
-386
-433
-374
-234
-93
-19
-36
-100
-134
-70
87
226
230
97
-44
-66
32
161
204
116
-49
-154
-107
17
95
83
50
36
58
134
260
345
295
178
165
302
435
425
298
151
49
37
116
163
48
-187
-340
-314
-249
-274
-335
-352
-356
-389
-399
-346
-275
-220
-153
-84
-83
-120
-78
82
218
203
86
-4
7
89
176
179
69
-58
-68
35
101
36
-69
-79
39
189
268
231
131
92
169
294
356
330
273
225
177
135
109
92
59
0
-95
-205
-278
-283
-267
-296
-371
-432
-436
-401
-349
-305
-268
-223
-150
-72
-24
8
63
145
214
227
190
126
109
161
216
183
63
-37
-53
-6
49
66
28
-21
11
124
208
189
147
184
266
296
271
256
259
233
184
136
89
31
-11
-44
-127
-250
-329
-308
-259
-280
-382
-470
-470
-390
-293
-235
-221
-212
-162
-87
-31
9
76
172
231
201
126
80
103
172
208
159
63
1
6
42
49
25
20
65
127
133
76
48
122
241
274
204
132
152
220
224
139
46
18
34
31
-42
-168
-261
-248
-174
-183
-308
-422
-405
-312
-261
-270
-275
-247
-190
-123
-74
-52
-16
81
187
193
113
88
177
263
247
169
110
79
81
114
132
79
1
4
74
98
46
26
82
143
150
122
109
132
180
194
135
37
19
99
145
45
-141
-236
-166
-50
-58
-213
-367
-375
-258
-162
-181
-269
-313
-248
-125
-46
-56
-95
-62
39
112
106
89
116
164
168
129
93
82
87
96
93
51
-11
-39
-12
29
41
31
29
27
3
6
66
142
150
78
14
1
32
79
119
98
-13
-117
-109
-25
13
-30
-90
-125
-148
-130
-59
-10
-63
-152
-142
-24
66
48
-23
-81
-81
7
139
181
62
-97
-106
33
145
113
1
-75
-55
26
83
61
-7
-23
52
125
105
20
-3
73
152
135
37
-25
6
69
68
-10
-88
-89
-29
13
-39
-156
-207
-132
-18
-5
-100
-177
-153
-70
-35
-62
-90
-53
20
46
-18
-94
-67
67
178
145
-1
-94
-33
111
173
97
-16
-41
35
119
113
40
-11
8
80
125
96
30
14
30
33
13
31
79
76
-15
-126
-129
-37
73
65
-84
-235
-235
-54
89
60
-122
-234
-158
-2
92
25
-89
-133
-32
84
90
7
-61
-20
74
96
36
-24
-27
32
58
61
17
27
59
67
39
3
52
131
156
103
37
7
61
134
123
-4
-59
-4
107
78
-91
-163
-145
-15
55
-2
-174
-268
-152
24
98
-68
-198
-208
-91
45
65
-17
-128
-137
-16
59
73
19
-6
31
49
72
89
51
-5
-47
-3
100
92
71
74
7
-21
-36
34
99
-50
46
-192
13
-833
-583
-702
-478
23
350
999
924
1135
726
765
313
32
-238
-560
-584
-670
-409
-277
-107
-62
184
122
-451
-373
-872
-466
-292
491
928
1237
1043
720
325
25
-208
-525
-705
-712
-402
-66
253
384
342
308
318
334
227
47
-222
-336
-536
-311
-514
-211
-508
-185
-804
-1525
-1291
-1451
-584
-525
823
880
2196
2281
2161
1382
548
-225
-700
-761
-812
-478
-164
182
336
597
442
492
302
250
11
-121
-269
-315
-153
-248
-213
-169
20
519
-309
-677
-1473
-2206
-2262
-1748
-588
441
1699
2120
2445
2407
1933
1494
610
-625
-1867
-2765
-2588
-2062
-621
514
1615
2055
1849
1149
404
-257
-850
-1139
-1159
-621
-69
631
742
850
454
401
22
-391
-420
-605
-326
-402
-45
5
176
313
433
270
6
-68
-157
18
-128
-189
-151
-172
-141
-25
233
200
44
125
61
168
-2
46
80
-79
140
-229
-184
51
-373
-256
42
-334
-173
170
188
137
195
-221
-49
-101
128
-14
-448
-104
-9
140
9
175
-90
-88
-137
-178
-173
296
167
-106
163
-34
-546
285
415
-175
543
-154
78
526
438
271
285
-115
-522
-175
-171
336
343
64
154
-159
286
-190
-779
-601
-442
-396
214
-49
190
509
-274
155
108
-9
172
-572
555
-35
-74
333
15
207
174
115
-26
-24
-277
-142
136
-2
-179
115
-138
460
-552
332
50
248
175
-392
586
-134
437
-531
364
-267
-106
437
-699
199
-234
-66
-105
-209
-64
-316
-127
-412
456
-633
111
236
0
17
-481
101
-14
62
111
610
452
-940
639
-339
-71
-35
-21
-44
3
-180
-302
845
-492
437
-527
202
-172
59
40
148
77
-519
1251
-798
871
-90
60
232
-386
493
-548
394
-209
547
-372
424
-130
285
-538
-413
604
-799
630
267
-857
842
-289
-428
242
73
288
-161
89
-902
803
-547
711
-303
-312
255
-605
1300
-762
-260
-12
-519
754
-241
251
-323
-276
102
152
-841
801
-451
-53
248
-77
16
-210
506
-633
652
-350
821
-822
15
463
-544
-1
250
-878
582
-55
-94
941
-318
-89
-59
-451
450
122
-201
618
-226
-109
17
67
48
294
-51
-562
1131
-731
334
270
-13
-319
256
90
-600
713
-191
403
-418
-109
-349
-61
708
-695
-369
851
-928
29
69
583
-839
917
-104
-380
300
-157
489
-1002
741
-396
-104
-216
-397
-20
478
136
-44
501
-50
51
202
-11
-193
254
167
-155
135
-19
-607
361
149
-548
-167
-408
-60
289
50
2
-71
283
-433
-43
-425
181
192
-66
89
-90
126
-434
-75
807
-484
317
196
-66
250
113
801
-377
802
-515
-37
311
-178
105
283
673
-279
-48
956
-1009
264
190
-582
723
-637
599
-363
-22
-215
-331
297
-742
584
-722
-89
240
-794
1093
-847
278
-889
249
-380
-290
-169
-118
115
271
-473
234
692
-5
206
80
189
106
-108
403
547
-375
448
311
-322
16
386
-680
760
-180
-782
737
-635
108
739
-897
261
-45
29
-160
148
-635
506
-64
-350
370
-412
210
-834
315
657
-756
362
-760
355
-1141
139
-70
-257
56
-36
318
-1464
711
-595
-93
-235
1071
-596
265
178
-831
927
-42
356
991
-901
1022
-21
493
211
104
471
696
285
-259
1107
-223
774
553
-470
251
173
390
-84
368
804
-498
1072
-837
816
-402
-223
-395
-829
226
-1098
24
-265
390
-1039
-300
115
-909
-469
-811
310
-990
-449
208
-499
-269
320
-636
-622
932
-658
-310
211
-440
196
132
-430
-98
601
507
-523
466
-491
302
-67
312
-355
761
187
-151
466
-297
204
-234
399
43
541
113
178
726
-30
630
292
832
-130
332
428
825
-430
278
-223
-326
80
-431
215
-737
-8
-906
-791
-35
-55
-539
-702
-669
-576
-37
-601
62
-419
64
660
-655
377
-46
298
-1
565
539
-174
1057
-512
943
272
427
803
215
722
-158
205
222
-115
744
-51
-524
284
-238
-503
-176
320
-478
439
-162
189
-6
553
-1281
243
688
-1222
650
-294
-675
-113
-273
-92
-440
-126
274
-269
-150
-381
-853
592
-776
98
-271
-9
-30
-607
-65
465
-903
456
657
-402
133
-722
-241
-34
-129
306
-263
-885
55
73
-351
699
-28
-379
705
16
169
-182
877
-181
-153
1174
-50
301
204
220
-74
458
-212
-177
523
-398
546
118
127
100
-849
906
-283
185
176
-207
681
-739
502
113
317
-16
935
-157
402
453
67
240
314
-241
172
-340
-234
165
-735
639
-336
-310
-22
-323
-441
-351
347
-443
467
-870
-23
-314
-601
241
-316
-89
-634
18
-1119
-155
-920
-105
-641
-299
-28
-1142
383
-776
-387
199
-280
365
556
-268
466
711
-402
834
-13
58
725
578
-467
813
334
226
474
-384
757
438
274
443
-519
-362
444
-245
323
187
-419
457
-247
197
448
-252
418
-140
347
206
-37
429
336
636
337
912
-182
123
304
-398
202
-157
29
-177
-233
-141
-451
33
-601
-255
135
-597
-367
131
-526
-263
-223
-66
-147
-274
152
-35
-743
285
-41
-259
131
-152
-357
106
-104
-406
-477
-3
82
-496
519
304
-544
187
124
292
-97
425
201
-390
727
7
563
534
320
241
304
982
-188
1199
528
553
1167
329
921
473
872
808
645
-44
771
-353
294
-333
-452
-481
-627
-1044
-1078
-1227
-1188
-852
-1658
-1078
-1469
-1002
-1103
-867
-449
-1400
-207
-417
379
24
57
48
31
686
188
1192
350
928
1200
1172
1510
1252
1498
968
1403
411
763
541
534
200
355
-136
-32
-150
-510
-291
-564
-248
-157
-243
1
-498
-97
174
-402
425
-615
-522
-176
-732
-686
-827
-1258
-1705
-1311
-1997
-1309
-1917
-1299
-1713
-2257
-1648
-1656
-2129
-931
-913
-1678
-64
-785
30
-178
49
648
914
1363
997
1463
1678
1540
2159
1805
1657
2835
1779
1865
3066
2116
2331
2312
2195
2105
2296
1826
1752
2105
1332
1388
1327
1416
1359
821
1174
274
747
428
-43
405
-394
-463
-519
-1025
-508
-1177
-1007
-1149
-1278
-1406
-1539
-1583
-1948
-1723
-2647
-1776
-2206
-2686
-1707
-3047
-2127
-2812
-2653
-2828
-1729
-2171
-2278
-1659
-1984
-2223
-1296
-999
-2019
-750
-893
-769
-707
-213
-340
412
128
-90
696
752
674
1501
1467
1254
1688
1293
1707
1457
1738
1262
1763
1535
1629
2131
1625
1247
1786
1460
1925
1616
1328
1998
1245
1048
1375
929
503
992
850
314
611
314
17
-127
-279
239
-608
-398
-696
-242
-383
-20
-53
-712
-542
-780
-451
-315
-514
-158
-588
-210
-218
-995
-316
-448
174
-554
-75
-379
-540
-38
-445
-63
-530
-176
-220
-666
-55
-565
-175
-362
-114
-172
-284
-353
-473
171
122
-537
66
-703
-326
-28
-585
26
-446
-416
-578
-348
-621
-538
-429
-775
-420
-264
-732
-26
-86
-419
1
-338
-131
351
73
-221
382
-161
292
542
77
663
445
371
160
402
24
50
627
57
498
-99
573
-58
238
304
3
543
186
673
435
177
-396
431
468
-334
700
314
-207
508
-111
23
-144
-63
-160
-7
-262
-399
169
-584
412
-195
-180
167
-496
848
207
53
32
-185
-134
516
-173
4
345
-119
-403
487
182
94
245
529
27
434
518
75
496
397
2
44
801
-635
191
270
-31
740
-420
31
-342
-177
-363
-85
194
-226
160
-803
-331
-713
-527
-397
-353
-69
196
139
71
-280
-994
-1048
-836
-1086
-1208
-343
-1478
-602
-880
-530
-753
-381
-434
-468
-56
-67
-33
439
484
38
1003
516
1048
349
758
878
778
1284
1041
763
971
1202
755
1167
1008
1843
720
1206
1062
920
1076
340
700
730
173
327
306
59
517
-237
-34
73
-218
-297
-137
-273
-134
-200
-658
-711
-436
-775
-528
-662
-238
-641
-1056
-911
-964
-1320
-1105
-1403
-1460
-1980
-2236
-1812
-2418
-2255
-1694
-2312
-2334
-1930
-2112
-2084
-1891
-1509
-1338
-1106
-583
-292
-395
351
602
938
951
982
1784
1530
1504
1930
2171
1941
1868
2290
2203
2588
2589
2699
2716
2745
2593
2646
1828
2510
2156
1913
2307
1548
2046
1024
1776
1140
633
375
681
31
-74
119
-893
-462
-794
-1037
-539
-997
-1963
-1301
-1721
-1729
-1469
-2002
-1644
-2055
-2233
-1471
-1929
-1246
-1536
-1419
-2006
-1163
-1220
-1709
-1012
-1357
-792
-1805
-535
-1183
-477
-408
-794
-36
-533
-474
-328
-423
55
-381
62
343
35
68
313
-18
296
603
87
583
735
-192
715
670
234
572
523
1112
59
1110
504
215
766
878
777
602
661
199
525
701
725
704
311
895
-6
797
492
120
317
647
604
289
229
216
567
322
177
256
182
-425
456
15
216
-317
-51
-31
-167
526
-279
231
191
-238
305
169
394
-174
-21
-245
138
-141
-31
-81
-251
-29
-829
-392
-212
-179
251
-92
-291
-13
188
-744
-185
-357
-233
-128
-529
-520
-417
-530
-132
-755
-154
-561
-1050
242
-564
-857
-419
-702
-209
-348
95
-322
-680
-76
-434
-239
-565
159
-80
-258
346
-432
-410
141
149
-117
284
678
-147
172
444
48
124
-302
144
-344
269
270
125
484
-406
422
-8
92
305
134
273
182
406
300
658
889
394
-73
897
562
852
939
931
693
375
382
59
146
594
251
191
619
96
7
-308
307
-59
20
-149
-191
-115
239
-60
-112
320
-71
282
293
-318
274
-246
-580
-129
-897
-529
-177
-488
-714
-504
72
-583
-708
-233
-42
-476
-559
-330
-600
-565
-152
-246
24
-345
-15
-268
298
-531
348
575
146
566
418
813
259
289
58
99
674
181
-22
160
111
87
-31
-267
-112
447
85
125
233
30
481
-272
228
820
327
177
191
-7
-77
45
-285
-285
-587
1
-578
-991
-930
-311
-1272
-870
-623
-1422
-551
-1164
-800
-809
-840
-416
-670
-605
147
-605
-146
517
-429
565
487
108
690
417
409
718
928
699
898
763
1261
1246
838
1129
713
1484
1302
564
1308
1173
639
933
801
1099
754
560
1156
282
483
100
348
-132
31
-174
279
-468
-402
-41
-574
-563
-166
-371
-441
-525
-329
-387
-289
-636
-499
-589
-929
-677
-681
-738
-662
-472
-651
-984
-488
-961
-833
-325
-733
-428
-468
-1048
-417
-632
-175
-533
-833
-284
-723
-23
-409
-259
-473
-405
-184
-775
-73
492
-373
-26
144
-673
224
233
253
349
81
14
507
250
701
445
374
1058
163
909
333
483
1005
674
510
741
735
149
888
187
516
674
15
429
-69
262
637
-329
211
521
-99
296
457
73
431
419
60
490
-9
191
429
-106
141
-16
39
327
-210
-123
-204
77
-492
296
-388
544
52
-767
-356
-328
-582
-641
20
-111
-196
-240
-418
-198
-206
-365
-126
-83
268
236
-50
-329
209
-59
-135
-6
-334
200
-552
-344
120
-370
-256
-765
-25
-266
-289
-457
-543
-379
-386
-529
124
-63
-263
-306
-271
-64
-285
-45
-304
487
-173
-104
140
-255
111
158
1
146
-203
563
256
606
470
-87
216
862
471
-259
232
752
125
450
251
-222
367
-77
154
-211
-45
-527
262
-214
-568
-265
-335
-182
-944
-114
-622
-760
186
-213
-221
-137
109
-51
-301
505
368
332
421
515
608
391
988
598
1273
931
714
616
967
1748
893
1310
1130
963
605
662
814
403
585
618
394
-32
-94
344
-52
-580
-559
-964
-1009
-1110
-1654
-1229
-2054
-1809
-1891
-1608
-1833
-1283
-1461
-1654
-1306
-1417
-1502
-1676
-842
-610
-834
-270
-57
-473
-449
115
421
417
586
432
284
631
1202
608
641
992
1170
866
1109
512
1040
748
1061
810
658
1295
483
954
406
229
858
630
251
506
414
-363
134
485
106
-47
303
-7
498
430
-156
630
558
558
101
591
532
478
345
-108
-298
-504
363
-330
-178
-111
-428
-1010
-515
-789
-473
-462
-623
-495
-529
-869
-19
-421
-677
-176
-941
-738
-89
-960
-201
-498
-859
-399
-720
-547
78
-446
-348
-158
-483
149
-293
-350
-155
145
-471
217
-16
-324
139
126
-24
167
520
-206
-138
-349
322
9
221
316
238
-135
-31
151
-313
-72
233
-166
286
163
-596
209
447
371
744
693
634
1070
744
881
769
806
1210
838
718
1190
531
955
920
528
833
877
677
572
557
1104
1016
383
826
1064
190
697
51
-163
-477
-387
-445
-881
-1192
-1088
-938
-1527
-1141
-1064
-1226
-1280
-1510
-1728
-1334
-1593
-1620
-1157
-1367
-1043
-372
-1469
-1089
-504
-783
-651
-565
-590
-507
-50
-352
-931
69
-113
-114
3
150
73
1041
427
997
1051
855
1030
289
1314
852
1137
1450
1013
1399
1514
1374
1576
1020
820
1076
895
1230
186
546
16
53
20
-500
-608
-1271
-119
-569
-746
-703
-530
-1000
-916
-622
-1025
-750
-477
-847
-108
-423
-305
-90
-71
-130
110
524
-222
195
-302
-87
220
330
-369
17
-228
-481
141
-121
170
379
-147
-362
-11
-196
-89
-346
-134
494
-68
-208
102
-113
-153
-292
-140
-57
-221
459
517
458
-70
444
134
-13
341
846
795
249
1065
678
442
402
226
282
387
669
127
330
359
-250
-9
369
-187
-272
185
264
-475
156
-11
-268
155
-577
-23
-277
145
113
-435
92
-175
-434
-185
43
-385
-398
-111
-366
-329
-495
-489
-517
-535
-503
-811
-255
-482
-656
-109
-114
-515
-168
-638
-677
-470
-870
-473
-441
20
-368
-243
71
-151
-421
59
286
-236
176
348
-139
112
413
174
294
395
386
-40
139
294
137
370
-187
564
568
197
100
136
230
-15
791
119
194
509
382
469
382
-96
611
480
159
299
596
600
-37
393
343
141
622
876
648
495
432
244
967
181
-179
545
483
-59
121
387
174
9
228
312
-419
512
-159
-344
289
-37
-178
-510
-288
-276
-195
-199
-473
-606
-680
-391
-338
-596
-594
-610
-754
-646
-865
-596
-144
-365
-254
-502
-460
-608
-505
-751
-561
-407
-339
-521
-546
-514
-773
-581
-280
-585
-362
-513
-564
-549
-773
-1145
-445
-392
-202
137
-238
235
190
-123
-218
102
-58
490
556
742
515
234
522
1235
742
982
975
678
1040
942
647
900
957
1082
965
646
882
531
538
343
767
-29
359
590
638
778
563
900
362
517
280
51
587
986
269
735
157
64
32
-97
47
-563
284
-604
-409
-66
-295
-292
-208
-469
-749
-99
-366
-621
59
-128
-942
-854
-1210
-740
-824
-488
-657
-1168
-417
-922
-984
-1140
-489
-1073
-748
-668
-741
-824
-1089
-688
-722
-1098
-149
-417
-208
-185
-442
199
44
-226
514
2
648
140
353
425
86
190
-28
690
505
725
671
640
898
347
808
972
329
1109
642
44
934
456
597
536
612
339
219
-83
686
258
-36
824
11
122
737
-86
481
246
-149
112
353
445
-188
320
-224
322
600
-73
219
-272
81
-171
-113
14
89
-253
-287
-52
-72
-337
-399
148
89
-361
-440
9
-277
-62
38
-550
-17
-399
-418
-807
-833
-430
-597
-395
-717
-310
-351
-413
-100
-577
-162
-476
-458
-296
-524
-281
-169
78
119
64
-201
254
88
0
169
77
-279
73
182
115
4
84
-350
-60
513
437
351
-186
352
-41
-162
-42
123
339
-83
357
-385
-141
494
-250
478
294
348
351
251
383
64
-42
581
-181
1
-22
422
480
235
62
-124
106
384
99
269
314
56
-186
113
371
311
280
128
-72
-19
-248
-232
323
-340
172
85
-479
263
93
-119
109
-85
-45
194
149
-25
-108
-189
-569
-510
-95
80
128
137
74
-14
253
-7
-256
233
-79
-144
-194
51
-197
-136
-215
-150
56
88
-1
-509
-330
-357
-501
-417
-373
-465
-113
-459
58
-157
-211
-89
-34
-131
-149
168
-19
-177
641
-4
-232
349
264
-114
-154
37
101
45
-184
236
301
260
-182
358
310
-74
140
272
-75
-143
66
-302
-7
408
-223
285
-93
339
381
207
88
151
95
-113
819
242
392
341
37
528
-179
330
94
81
446
172
573
77
81
159
-160
81
21
-219
-127
-134
-861
-329
-280
-512
-465
-315
-499
-583
-398
-649
-335
-849
-528
-85
-473
-230
172
-329
-289
-106
-337
124
489
566
47
-45
45
-368
233
305
788
-216
379
268
51
840
84
677
8
25
568
83
462
651
255
235
430
272
-78
95
197
421
348
307
57
362
163
99
434
58
437
-149
424
129
14
392
-20
348
-229
-242
-29
-413
-211
-146
-336
-412
-236
-507
-251
-131
-420
-190
-91
-506
-575
-436
-566
-421
-645
-525
-497
-834
-514
-341
-574
-397
-533
-466
-188
-612
-486
-362
-615
-408
-217
-309
-544
-215
-290
-102
-18
9
483
-83
465
1
-442
467
722
627
808
836
976
1205
655
1100
490
686
858
303
622
646
409
653
399
124
210
-272
-11
-164
-376
-481
-318
-195
-196
-125
-32
-401
30
192
260
214
-119
528
-250
-63
-7
269
465
210
454
210
140
611
485
391
500
199
193
-116
405
256
297
115
-136
169
-189
108
467
12
-242
-365
-607
-498
-219
-417
18
-861
-665
-433
-745
-270
-879
-719
-499
-662
-438
-738
-759
-615
-452
-547
-539
-549
-316
110
-204
-308
-488
-353
-204
-107
-91
-89
-133
-196
-546
239
-487
-335
384
47
525
-143
17
38
250
-19
405
278
302
528
238
175
70
409
380
287
548
845
457
854
282
686
601
549
629
603
703
329
758
312
46
564
358
462
141
278
356
-145
193
351
267
330
105
-136
-178
162
38
-285
13
-434
-451
-280
-261
-573
-422
-373
-459
-231
-664
-336
-181
-554
-375
-107
-215
-492
-381
-563
-537
-124
-157
-361
-25
-90
-358
-138
159
-126
-267
535
143
-330
80
-182
-313
390
251
-293
218
320
-91
-194
-69
-182
93
434
50
103
38
75
-105
136
358
-11
360
311
26
101
353
-22
54
495
288
37
329
473
90
665
790
760
597
690
1023
1014
988
655
622
136
382
671
49
46
104
-206
-579
-879
-601
-651
-848
-837
-1337
-1242
-1351
-976
-1466
-1144
-1190
-1362
-1146
-1366
-1025
-1066
-841
-1050
-795
-776
-1115
-529
-565
-422
-233
-76
-263
-266
294
263
500
636
373
430
722
509
694
849
724
759
507
739
628
861
962
1101
769
1023
1082
999
922
1270
1078
1161
973
810
810
637
682
706
652
794
703
737
831
759
469
190
-124
319
-69
-171
-44
-618
-415
-395
-422
-382
-213
190
57
-19
-460
-478
-137
-184
-380
-637
-233
-537
-834
-193
-560
-536
-454
-509
-563
-624
-350
-692
-554
-698
-820
-503
-772
-684
-636
-578
-714
-819
-764
-523
-677
-965
-835
-777
-638
-523
-596
-762
-484
-112
-548
-387
-96
-421
-6
22
172
55
77
260
221
-102
495
566
165
576
570
348
443
59
423
372
404
696
337
647
157
243
384
-37
212
239
-48
366
678
164
497
496
174
469
365
432
618
348
452
602
582
568
824
659
762
744
718
756
324
655
514
430
504
280
467
172
582
543
80
587
120
188
513
243
175
-179
77
-107
-119
82
-285
-86
-426
286
-487
-363
-205
-700
-376
-503
-584
-727
-563
-869
-886
-535
-900
-659
-854
-930
-1013
-1274
-812
-1284
-1131
-1093
-1292
-978
-1243
-1273
-1270
-880
-974
-1038
-666
-887
-446
-697
-448
-98
-422
-176
132
-57
57
-102
122
454
314
267
228
465
276
755
754
786
300
677
879
665
980
947
751
448
942
448
912
1109
684
1244
577
910
898
719
1035
706
978
777
623
800
93
427
549
548
549
683
475
174
691
50
28
140
89
-29
32
182
-196
-350
-499
-367
-304
-213
-77
-392
-411
-375
-392
-263
-523
-41
-377
-534
-814
-975
-663
-542
-653
-477
-483
-701
-592
-521
-612
-370
-575
-763
-525
-785
-771
-772
-755
-298
-496
-405
-285
-385
-380
-543
-214
-11
-164
-1
-58
118
33
10
440
298
343
132
110
198
658
345
445
915
377
540
597
559
829
554
999
504
675
349
648
207
124
713
-4
267
259
212
-179
-107
216
-216
158
172
-292
30
-177
-149
-34
74
-145
-26
49
-525
-116
-547
-151
246
-456
134
-157
-157
-31
-236
-145
-171
76
-361
-130
-396
-147
-408
-522
-277
-588
-330
-316
69
405
76
72
89
122
383
164
514
257
163
37
230
301
213
449
98
196
-42
-77
415
121
-56
-82
399
34
242
38
-183
140
295
370
272
49
124
116
-25
196
-84
-261
-146
-96
-458
-32
-196
-136
-135
-163
39
-152
-52
2
-36
-117
-218
-446
-91
-423
-50
-13
268
-137
-18
-216
-204
-165
-567
395
-21
173
-30
-116
-78
-254
-77
98
-65
-152
189
-27
41
-66
-98
-99
20
7
-63
279
-112
-103
62
-163
-215
37
125
18
-129
84
104
371
112
108
235
-116
-62
-291
-194
-267
-6
73
-82
299
51
392
292
245
480
207
469
127
171
98
306
323
53
484
-187
306
584
287
284
184
277
68
214
217
179
102
-100
-91
-46
-21
-137
-160
-64
-195
-357
-205
108
15
-298
-158
-161
-368
-287
19
-247
-303
-22
-252
-169
-336
-143
-558
-449
-318
-304
-233
-150
-68
36
21
-23
-422
-259
-41
-239
16
-66
-198
-212
-288
-325
26
-14
200
-287
-65
-109
-34
149
-48
-40
34
29
442
506
363
315
395
447
65
342
305
106
389
384
34
214
213
76
207
301
243
203
328
271
225
93
29
-84
87
-213
-112
-9
161
34
-37
2
-271
-80
-187
-87
-358
-421
-155
17
84
-34
-213
-52
-229
-145
-83
-214
-189
107
76
7
-104
-41
-270
-46
-152
-335
135
62
125
191
139
90
-60
-96
35
-28
-22
52
-135
148
-136
-145
-329
78
7
-128
182
54
119
-28
22
284
145
-98
248
220
-49
271
368
142
65
61
-137
-17
11
191
-35
-73
11
-170
-205
23
138
-64
240
127
52
107
106
17
160
-50
-44
176
53
50
-113
-142
-191
-84
-39
-92
21
-145
-601
-345
-137
-377
-98
-249
-255
-355
4
-330
-420
111
-290
-412
-230
-186
-307
-234
-86
-300
-20
51
-74
130
186
-90
133
274
-138
81
191
53
290
101
310
262
267
318
219
337
288
640
282
426
360
113
642
416
328
29
371
249
163
520
214
337
322
194
195
-13
-4
-146
-81
14
-297
-134
-212
-213
-240
-267
-26
-57
176
68
248
-73
-135
41
-133
7
-115
-63
27
7
-166
-48
39
-229
-238
-201
-17
-299
-464
-46
-367
-383
-408
-374
-583
-663
-273
-469
-436
-185
-219
-336
-334
-274
-337
-376
-293
-264
-332
-13
-12
-239
-89
-215
-169
-54
77
98
32
64
119
230
32
452
346
398
460
220
534
236
280
373
102
292
315
315
688
451
182
481
353
246
275
156
256
-77
92
151
-141
143
481
71
240
150
-38
-22
153
273
174
-23
117
52
-123
159
41
264
161
22
-99
45
-177
-225
-85
-265
-151
-281
-35
-249
-214
-146
-317
-189
-174
-300
32
-94
-482
-10
-331
-335
-104
-2
-247
-90
32
-419
-124
-178
-185
-172
102
16
-242
183
6
-254
-250
31
104
-14
209
-11
82
119
182
-52
17
167
-101
133
0
-31
-22
44
-68
-269
-118
-140
-122
-139
-69
-87
-52
100
-13
196
103
-166
169
-68
279
171
-105
217
-103
127
36
-8
40
163
82
57
269
209
255
231
226
145
230
133
232
197
101
129
51
79
10
149
210
11
75
174
152
131
112
-97
-201
-103
-406
-214
-199
-240
-314
-219
-177
-461
-311
-403
-406
-207
-88
-174
-189
-62
-344
-233
27
-329
-232
39
-44
55
100
-104
-107
11
27
-36
-20
44
-24
143
-103
25
19
89
149
-24
96
-27
24
104
182
109
14
212
153
170
249
303
259
274
336
615
314
441
409
222
389
359
293
154
167
227
193
4
155
105
218
154
254
152
30
220
-1
-47
-52
145
-136
-203
-120
-346
-406
-373
-272
-428
-429
-432
-252
-513
-356
-358
-345
-377
-347
-260
-316
-94
-101
65
31
-232
-171
59
117
-62
-31
230
20
-24
-33
127
137
106
186
72
397
197
180
312
69
126
104
68
141
24
-92
21
-108
-152
-181
-109
-330
-345
-429
-463
-488
-578
-618
-614
-591
-487
-701
-418
-495
-634
-389
-387
-334
-223
-145
-210
50
36
-35
50
162
208
198
376
528
514
480
544
648
587
882
664
827
874
789
1024
918
955
899
1040
793
805
647
625
766
570
448
521
524
117
331
245
-8
85
-39
93
-51
158
-68
-106
-122
-220
-164
-282
-243
-515
-228
-458
-531
-418
-751
-496
-573
-533
-407
-611
-623
-548
-611
-646
-546
-568
-652
-688
-847
-660
-700
-474
-704
-667
-473
-555
-458
-370
-397
-339
-324
-299
-269
-364
-272
-257
-170
-37
-79
33
54
124
66
198
68
52
299
230
425
521
307
139
330
331
309
529
396
403
666
472
390
431
480
351
631
780
678
600
629
629
348
528
364
401
503
245
153
269
189
83
42
177
122
8
-30
-97
2
-25
-69
-170
-293
-206
-227
-129
-56
3
-79
-146
23
-288
-167
-53
-254
-68
-181
-294
-180
-94
-105
-314
-134
-9
-219
-171
-388
-166
-249
-167
-355
-92
-37
-137
-206
-231
54
-185
-139
-259
-100
-253
-262
-237
-47
-142
-266
-140
-209
77
-25
-55
85
-1
-150
-315
-141
-68
-99
53
-92
-165
-164
-277
-76
-121
46
114
65
97
31
25
187
283
203
410
294
261
190
264
197
111
300
235
51
154
119
-15
98
194
260
264
153
27
72
52
144
69
41
102
149
117
-28
184
62
-2
-76
78
-55
-95
-62
-32
-41
-340
-142
-176
-29
-73
-210
-12
-83
-79
-206
-49
-174
-168
15
-186
-60
5
48
-20
117
106
-89
18
86
-145
-109
-4
-48
16
41
-58
-82
91
-79
-6
-46
-53
-53
-66
50
-124
-27
-73
-120
109
-17
3
-7
61
-69
4
0
-204
-118
-15
-114
-23
-53
-31
-43
39
-26
-69
104
-28
49
7
31
15
-72
-14
11
70
82
-7
108
146
-4
78
316
-42
122
177
108
-43
149
125
81
176
-15
140
81
168
48
5
205
-111
-14
43
91
-49
-41
13
-125
-85
-136
-33
-9
-69
-78
-45
-80
-111
-179
44
-100
-35
-17
-51
-80
-158
-65
-257
-122
-48
-74
8
12
-160
-73
-63
-157
9
81
-160
55
67
-48
56
-9
179
-5
-27
31
-16
84
125
146
192
84
112
149
236
139
160
192
-29
89
-30
-116
-2
-220
-143
-142
-115
-60
-38
12
-91
-144
-124
-53
-151
3
-125
-168
-98
-160
-65
-97
-150
-215
-310
-291
-274
-192
-200
-404
-281
-234
-310
-134
-6
105
157
369
283
396
628
543
701
692
880
828
856
973
863
904
916
863
1022
922
828
750
727
732
586
472
340
256
-16
-42
-288
-242
-363
-503
-596
-717
-725
-1015
-893
-1048
-1033
-1224
-1136
-1218
-1403
-1332
-1396
-1370
-1347
-1355
-1471
-1300
-1247
-1204
-1005
-903
-895
-860
-726
-650
-547
-328
-241
-97
97
207
326
477
610
627
857
1063
1054
1185
1184
1147
1213
1265
1302
1347
1368
1210
1368
1222
1202
1260
1122
1056
1021
1050
859
872
827
622
648
573
397
431
336
168
95
52
78
-18
-20
-138
-348
-316
-258
-274
-386
-426
-497
-598
-524
-570
-669
-513
-614
-665
-695
-788
-843
-815
-657
-808
-853
-749
-788
-910
-691
-738
-712
-557
-510
-582
-633
-456
-616
-319
-438
-408
-318
-481
-265
-333
-281
-190
-98
-247
-34
15
-103
88
164
179
194
260
223
236
232
318
223
305
508
356
411
524
411
441
530
498
606
567
567
537
539
568
535
399
510
591
441
508
370
353
283
329
303
333
333
396
252
233
205
145
212
193
132
226
226
-21
156
41
111
-34
-70
-59
-163
-167
-201
-138
-323
-284
-423
-677
-517
-438
-525
-565
-524
-634
-638
-505
-468
-472
-545
-468
-459
-661
-340
-292
-363
-249
-280
-356
-518
-298
-272
-145
-120
-26
-121
-160
39
12
94
197
236
190
250
283
253
362
335
350
418
313
387
483
429
378
347
346
339
332
334
329
262
309
368
257
251
225
270
231
182
244
256
113
140
106
-146
-91
-1
-104
-80
-2
11
-8
-99
-86
-108
-115
-32
-21
-194
-219
-272
-250
-373
-462
-353
-424
-415
-391
-446
-491
-414
-367
-459
-481
-434
-496
-358
-341
-550
-376
-382
-385
-250
-144
-135
-2
146
-3
149
145
161
362
358
395
350
422
423
371
513
496
518
589
643
567
512
563
561
555
478
473
504
412
358
332
247
164
114
90
14
29
-16
-30
-56
-271
-190
-194
-306
-222
-265
-226
-254
-349
-399
-447
-387
-339
-221
-238
-310
-314
-340
-300
-274
-179
-143
-169
-152
-216
-213
-181
-192
-112
-37
-61
-68
14
35
54
83
77
133
111
148
209
161
101
167
183
86
171
167
55
86
57
44
95
39
12
-15
-16
-15
-50
-17
-30
2
-37
-64
-51
-92
9
8
-87
-99
-36
-5
-5
-4
-54
-75
-63
15
61
-8
45
48
-24
13
-8
63
150
81
136
145
18
101
173
154
164
198
232
217
166
149
132
138
235
180
171
208
102
115
85
58
120
107
176
85
-54
75
16
-93
27
-39
-104
-6
-69
-151
-161
-116
-140
-176
-128
-240
-282
-140
-296
-313
-224
-360
-283
-309
-340
-360
-367
-314
-341
-346
-394
-347
-341
-298
-332
-329
-245
-275
-169
-137
-143
-76
20
48
76
169
183
215
266
278
308
339
397
418
388
414
392
396
431
451
456
433
396
396
380
338
366
333
297
311
344
254
170
257
196
100
161
159
19
60
65
-99
-123
-79
-129
-215
-169
-159
-281
-293
-247
-329
-383
-283
-258
-381
-340
-284
-355
-320
-234
-251
-298
-232
-179
-234
-208
-110
-117
-151
-84
-87
-165
-110
-29
-22
-36
48
80
-47
-28
40
-36
17
157
127
61
124
119
-2
16
122
66
17
131
104
-50
-10
50
-33
-3
126
103
32
90
80
-55
-61
-2
-68
-58
52
47
-1
93
147
37
33
89
4
-67
11
14
-86
4
62
-64
-56
20
-8
-8
100
140
97
140
141
38
0
35
-12
-46
54
74
10
75
110
25
23
78
35
0
62
70
36
65
98
55
13
60
56
2
46
62
-1
16
57
-6
-44
8
-18
-72
-31
-9
-36
-30
-1
-21
-86
-88
-74
-128
-113
-49
-66
-84
-52
-54
-95
-78
-35
-42
-65
-38
-28
-61
-56
-17
-27
-69
-79
-87
-138
-151
-117
-113
-88
-50
-53
-68
-97
-113
-93
-78
-33
37
59
39
37
32
5
9
60
97
93
87
79
26
-32
-22
21
36
57
97
71
25
29
38
41
80
119
101
78
87
60
47
96
128
130
156
151
108
101
99
60
57
87
51
16
38
22
-30
-13
15
-20
-39
-15
-26
-62
-41
-6
-31
-59
-38
-48
-100
-87
-48
-55
-55
-9
2
-29
-44
-53
-79
-89
-82
-61
-21
-11
-25
-16
-16
-64
-82
-43
-17
-14
21
65
42
-6
-14
-3
-30
-37
17
47
27
14
30
21
-14
-17
8
15
-7
-6
17
11
-8
-3
17
9
-15
-7
11
6
10
32
42
26
7
2
-11
-21
-12
5
22
33
31
29
21
1
-3
10
16
25
38
45
38
30
21
1
-3
-1
-9
-10
2
-1
-9
-8
-11
-22
-26
-24
-24
-16
-11
-3
1
1
2
2
-8
-12
-13
-19
-19
-17
-13
-16
-20
-20
-32
-44
-36
-28
-22
-9
5
1
-4
0
0
-8
5
20
19
20
17
6
-12
-20
-18
-17
-12
3
4
2
0
-7
-10
-8
-5
0
9
19
22
23
18
10
1
-7
-8
0
11
19
23
25
22
13
10
8
15
22
28
31
35
34
29
23
18
14
14
19
15
11
13
8
3
2
1
-5
-7
-6
-11
-12
-9
-11
-14
-14
-14
-14
-12
-9
-10
-13
-11
-8
-8
-6
-4
-1
-2
-3
-7
-8
-13
-14
-16
-17
-12
-14
-15
-14
-16
-21
-18
-16
-11
-8
-5
-2
-2
2
2
3
4
3
4
4
7
6
4
3
3
1
4
6
7
6
6
6
4
0
2
5
7
11
5
5
5
3
3
4
6
3
5
6
5
4
1
0
-3
-4
-5
-2
-2
0
0
0
0
-2
-3
-6
-3
-4
-1
-1
0
0
-2
-4
-5
-6
-6
-4
-4
-1
-3
-3
-6
-6
-7
-9
-5
-3
-2
-4
-5
-5
-4
-5
-4
-4
1
0
1
1
2
0
-1
-3
-4
-2
-1
0
2
6
7
9
7
6
4
3
3
3
10
12
14
14
14
7
6
1
-2
1
3
5
4
4
2
-1
-4
-7
-6
-3
1
4
8
6
4
-1
-6
-6
-9
-5
-3
-1
-1
-2
-2
-5
-9
-12
-10
-8
-6
-5
-2
1
1
-3
-5
-9
-9
-5
-6
-1
-1
1
3
2
4
5
7
10
15
18
22
23
23
22
19
21
23
24
26
27
28
26
22
19
15
13
17
18
19
19
17
13
6
2
-3
-9
-13
-17
-20
-18
-26
-31
-39
-47
-50
-55
-58
-61
-67
-70
-75
-77
-80
-85
-85
-84
-86
-86
-90
-90
-89
-87
-80
-80
-77
-73
-69
-64
-61
-53
-45
-35
-23
-10
1
9
18
26
38
49
59
71
82
92
102
115
121
130
137
142
149
157
161
161
163
162
160
157
151
144
140
139
130
121
116
106
95
86
73
65
55
48
42
29
21
10
-4
-11
-22
-29
-41
-48
-55
-66
-74
-84
-93
-104
-109
-111
-116
-118
-122
-126
-131
-131
-133
-133
-134
-130
-125
-121
-119
-118
-116
-113
-108
-103
-99
-94
-91
-84
-78
-75
-69
-67
-63
-58
-52
-46
-42
-36
-30
-25
-20
-15
-9
-4
2
10
18
24
32
40
45
50
52
57
63
68
73
78
80
83
84
87
88
87
90
90
93
92
92
94
92
93
89
88
87
87
86
84
83
80
76
74
71
66
61
57
53
48
44
40
33
25
19
11
4
-4
-13
-20
-27
-34
-41
-47
-52
-56
-61
-64
-66
-70
-67
-67
-68
-69
-66
-66
-62
-60
-59
-55
-56
-56
-51
-47
-45
-44
-41
-38
-35
-32
-32
-29
-28
-28
-25
-25
-24
-22
-22
-19
-18
-16
-12
-10
-9
-9
-8
-4
-2
-1
0
-1
-1
2
4
1
4
6
6
8
8
5
7
7
8
8
9
9
9
11
10
9
11
13
15
19
15
15
16
17
18
19
19
19
21
21
22
22
23
25
25
26
24
24
23
21
20
16
17
15
14
12
10
9
7
7
4
3
4
2
1
-1
-4
-4
-5
-8
-7
-7
-8
-10
-11
-10
-10
-13
-14
-14
-15
-16
-13
-14
-14
-12
-11
-11
-10
-10
-8
-7
-5
-3
-4
-1
1
1
2
4
4
3
2
4
6
4
4
6
6
6
6
6
7
8
5
3
6
5
5
4
7
5
3
5
3
5
4
4
1
3
0
2
1
-1
2
0
0
0
-1
-2
-1
-1
-1
-3
-4
-3
-5
-3
-3
-5
-3
-1
-2
-3
-1
-1
-2
0
-1
-1
0
1
0
2
0
3
1
1
2
2
1
2
1
1
1
-1
-2
-1
-3
-3
-3
0
-1
-2
-4
-4
-4
-6
-5
-5
-4
-4
-4
-5
-2
-4
-3
-2
-3
-2
-2
-2
-1
-2
0
0
1
0
1
4
4
4
5
5
6
5
7
7
7
6
4
5
6
6
5
6
4
3
5
4
4
5
4
3
3
1
3
4
1
-2
0
-2
-2
-2
-3
-4
-2
-4
-5
-5
-8
-7
-6
-5
-4
-4
-3
-2
-3
-2
-1
0
-2
-2
-3
-1
-2
-2
-1
-1
1
-1
0
-1
1
0
-2
0
-1
0
1
-1
-1
0
1
1
-1
-1
-1
-3
-2
0
0
-1
0
2
-2
-1
0
0
-1
-1
0
2
0
0
1
2
0
1
1
3
2
2
3
5
3
2
1
1
1
2
0
0
0
1
-1
-1
1
3
3
2
2
2
2
2
2
-1
1
-1
-1
-2
0
-1
-3
-2
1
2
0
2
0
2
0
-2
-1
-2
1
0
0
1
0
1
0
-2
1
1
-1
-2
0
-1
-1
0
-1
0
-2
0
-2
-1
-1
-3
-1
-1
1
0
3
2
-1
0
0
2
-2
-2
-2
0
0
1
3
2
0
3
-1
1
3
3
-1
1
0
2
1
-1
2
0
2
1
-1
-1
-1
0
0
1
0
1
0
-2
1
-2
1
-1
0
-1
1
2
0
1
-1
-1
-1
1
1
0
-1
0
0
1
1
-1
0
1
0
0
1
1
0
2
3
1
0
0
-1
0
-1
0
0
2
2
2
1
1
2
1
2
0
0
1
0
-1
0
-1
1
1
0
-1
0
0
0
1
1
-1
-1
1
-2
-3
0
-1
-1
-1
0
0
0
0
-1
2
0
-1
1
-2
0
-1
0
-2
0
0
1
0
0
1
2
1
2
2
1
2
0
0
0
1
3
1
0
1
2
2
1
0
-2
-1
