0
1
-1
2
0
4
4
4
4
1
4
1
1
0
1
0
0
0
-2
-1
-1
2
1
-2
-1
-1
1
-1
1
1
0
1
2
2
0
0
-3
0
0
-2
0
2
-1
-1
-1
-2
0
0
0
3
2
0
0
1
-1
0
1
0
-1
0
0
-1
1
2
0
0
-1
0
-1
-1
-1
-2
-1
-1
0
-2
-2
-1
0
0
2
1
3
2
-2
2
1
0
0
1
1
2
-2
0
-2
0
2
-1
0
-1
-3
-2
1
-1
-3
0
1
-1
-1
-1
-1
-1
0
1
-1
-2
1
3
2
0
0
0
-1
-2
-3
0
0
0
2
0
0
-1
-1
0
1
1
3
4
1
2
-1
0
2
0
1
1
0
0
1
1
2
2
2
2
-1
2
0
0
0
-3
-2
-2
-2
-2
-1
-1
0
-1
-1
0
0
0
-1
-3
-1
0
1
2
2
2
1
2
3
2
2
1
0
-3
-2
-4
-4
-3
-3
-1
-1
-2
-3
-4
-2
0
0
-2
0
0
-2
-2
-1
-1
0
0
-1
0
1
1
2
0
0
2
3
2
2
2
3
2
2
1
-2
-2
-1
-1
-2
2
0
-1
0
1
1
1
1
0
3
1
1
3
5
1
-1
1
0
1
1
0
1
-1
1
1
1
0
-1
0
0
-1
-3
-2
-1
-2
-1
-1
-2
-2
-2
1
0
0
0
-3
-4
-2
-2
-1
1
-1
1
2
1
0
3
3
0
2
0
-2
0
-2
0
2
1
0
0
-1
-2
2
-1
1
1
1
0
2
1
1
3
0
0
1
3
0
1
2
0
0
-1
0
-1
-1
-1
0
0
-1
0
0
-1
0
0
-2
1
0
0
1
0
2
0
-1
3
3
2
-1
-1
-1
0
0
-1
-2
0
1
-1
-1
-3
0
0
-1
-1
1
1
-1
-1
1
0
0
1
0
-2
0
2
3
2
-1
-1
0
-2
0
-1
0
1
2
1
0
0
2
0
1
1
-1
0
-2
1
-1
-2
0
-1
0
0
1
-3
0
0
-1
1
0
0
-1
-1
0
0
2
3
1
2
0
0
1
2
0
0
-2
-1
0
-1
-1
-2
-1
-1
-1
-2
-1
-1
1
-1
1
0
1
3
1
2
3
0
0
1
0
-1
1
1
0
0
0
0
2
0
0
0
-1
-3
0
-1
-2
0
-1
-1
0
1
0
-2
0
1
0
0
-2
-1
0
0
0
0
-1
0
-1
-1
0
0
-1
1
-2
0
0
1
1
-1
4
2
3
0
0
1
-1
-1
1
0
0
0
-1
-1
-1
3
1
0
-3
0
-1
0
0
-3
-1
-2
0
0
2
1
0
1
3
1
-1
-2
-1
1
-1
-2
0
2
1
0
-2
0
0
2
3
3
-2
0
1
0
2
3
-1
-2
1
-1
2
2
0
-1
0
-2
-1
2
0
-2
-1
0
-1
0
0
-3
-2
-4
0
2
2
-2
2
-1
-3
2
1
-1
-2
-1
0
2
2
-1
0
-2
0
2
3
1
0
2
2
4
2
0
2
1
1
2
1
0
-2
-3
-1
0
-1
0
-2
0
1
-1
-4
-1
-2
-4
-1
0
-1
-1
0
-1
0
2
-1
-1
0
-1
0
-1
0
-1
-2
0
-1
1
0
1
3
0
0
1
3
3
2
1
1
1
1
1
0
-1
2
-1
-3
-2
1
1
0
2
2
1
0
0
-1
1
3
3
2
2
2
0
2
-1
-2
0
0
1
0
-2
-1
0
0
-1
2
0
-1
0
-1
-2
0
-1
-2
3
-1
-2
0
-2
-1
-2
-2
-1
2
1
-2
-2
1
1
0
2
0
-2
-1
1
1
3
2
3
0
-2
2
3
0
0
-2
-5
-1
0
1
1
-2
-2
-1
-3
0
1
1
3
0
-1
0
1
1
3
-1
0
2
1
2
1
1
0
1
2
1
3
3
3
-1
-1
1
2
0
-1
-4
-2
2
-2
-1
-1
0
2
-3
-3
-1
0
-2
0
1
0
-1
2
0
-4
1
1
0
-2
-1
2
-2
1
1
1
0
-1
0
0
2
3
0
-3
0
4
1
-4
0
-2
-3
-3
-3
2
1
4
-3
1
3
0
3
-1
0
3
0
-4
-1
2
0
1
4
2
0
-1
0
-1
1
-1
-1
0
-2
1
-1
2
0
-1
1
0
-1
-1
0
-2
0
-1
-4
-3
-3
-2
1
1
0
0
-1
0
0
1
-3
-1
0
1
-2
-2
0
-4
3
-1
0
5
4
0
1
5
2
1
2
-1
-1
0
-1
-1
-2
-3
-4
1
3
-3
0
0
2
0
-1
-1
2
-2
-3
-2
0
1
-2
0
1
4
-2
-4
1
5
-2
0
2
-1
0
4
2
-3
-2
1
0
-2
0
3
3
2
-2
-1
5
-1
-3
4
4
1
-4
1
2
1
-1
-1
2
0
-4
0
2
-4
-2
3
-2
-1
3
-4
-6
-1
-2
-7
-4
-2
0
1
-3
-3
-2
-3
-3
0
-2
0
-1
-1
6
0
-3
6
5
-4
3
9
-1
-1
6
4
-1
1
3
1
4
-1
0
4
4
-3
1
1
-5
0
8
-2
-4
4
-9
-2
4
1
-2
0
-1
2
-1
-5
4
-2
-1
-3
2
-5
-4
-1
1
-3
-4
3
-4
3
5
-3
-2
1
-2
4
2
-7
1
4
-2
-8
4
3
0
3
4
-1
-5
4
5
-3
-4
4
-7
-1
5
2
-7
1
3
-1
3
-1
1
-3
0
2
0
0
1
-3
0
5
-3
-3
-2
3
-1
-9
0
3
0
2
-1
-6
3
8
-3
-4
1
2
8
-6
2
6
-7
7
0
-2
6
0
-4
2
4
-7
4
-2
1
-1
-5
3
-3
3
1
-6
4
4
-4
2
1
-1
4
1
-2
1
-3
0
1
-1
-4
3
3
-4
3
4
-5
6
3
-1
4
-4
3
12
-3
-3
-1
5
0
-5
6
-1
-1
-3
-1
0
-1
-3
2
-5
3
-2
-2
2
-6
-6
-1
6
-4
-4
5
-2
-10
1
-1
-2
2
-3
-1
6
2
-4
-2
5
0
-4
7
3
-3
-3
3
12
-8
6
3
-3
2
-11
19
3
-7
5
1
0
-5
-8
19
0
-3
-8
-1
8
10
-5
-10
13
-14
-14
37
-17
-6
3
4
0
-14
14
-8
13
-13
-23
20
11
-11
-8
-7
24
10
-28
-26
55
-1
-38
5
8
7
7
-28
5
22
-6
7
-8
-5
26
-34
23
-15
11
-16
-13
59
-21
-40
6
65
-55
10
-5
22
-49
36
20
-50
48
-59
64
-36
7
-6
3
26
-45
16
6
18
-42
82
-87
14
30
17
-24
2
-26
17
42
-24
-6
-3
10
-33
62
-23
-15
17
-18
-15
47
-29
-4
24
-35
-13
56
-35
-13
36
-59
61
-33
18
-15
-9
46
-32
-20
49
-9
-51
80
-23
-42
55
-11
-40
50
-23
1
-16
30
-31
2
30
-37
32
-21
2
13
-15
5
-3
0
-10
32
-36
0
-5
26
39
-121
90
7
-21
-19
16
-13
26
15
-67
37
-4
33
-41
-23
37
16
-38
6
-11
70
-78
11
20
-5
24
-51
-18
66
35
-119
56
31
23
-76
17
79
-81
-5
57
15
-134
127
9
-127
96
56
-124
-30
239
-196
9
23
74
-55
-32
-11
94
-56
-4
4
-56
141
-57
-122
92
89
-133
91
-148
87
169
-192
-145
304
-81
-78
-30
85
-47
92
-138
65
-2
32
-77
70
-13
-89
155
-149
73
54
-41
-206
317
-46
-224
166
-25
-6
103
-180
13
148
7
-182
86
58
-45
-44
183
-249
8
336
-303
-8
146
-48
-98
165
-124
-15
71
-21
35
-78
46
-71
165
-94
-122
175
-40
-3
-73
48
11
124
-276
88
254
-213
-146
244
13
-101
-103
191
-15
-53
-107
167
46
-271
272
-114
-20
10
107
-165
108
-35
-40
134
-80
-159
201
119
-356
179
101
-122
-45
140
-84
-111
229
-54
-162
52
143
-30
-171
38
189
-90
-192
256
-32
-189
196
-55
-35
-19
141
-229
228
-50
-239
309
-126
101
-307
244
106
-192
-39
117
-67
113
-140
-23
143
-89
36
-66
74
44
-151
46
144
-139
-40
163
-137
102
-71
21
16
45
-81
-43
249
-303
184
-100
95
-87
92
-148
139
28
-205
160
91
-188
-90
410
-357
47
222
-308
221
-19
-136
111
16
-93
119
-118
41
91
-152
41
82
-74
-52
192
-246
110
148
-245
121
94
-301
350
-147
-100
186
-149
49
116
-195
56
114
-106
-33
121
-81
-164
390
-286
-59
181
-26
-70
6
-46
196
-202
-28
298
-375
214
81
-252
161
127
-360
308
35
-322
267
-17
-101
14
90
-68
6
-14
26
66
-166
73
129
-108
-97
128
167
-364
193
103
-91
-181
264
12
-272
180
9
57
-244
233
-70
9
-17
-85
205
-117
-144
256
-34
-258
237
33
-153
48
37
12
-45
-7
90
-101
-20
157
-177
170
-220
187
-28
-115
213
-320
388
-374
192
165
-453
371
-52
-84
-17
32
118
-205
140
-61
34
-13
-47
97
-189
263
-204
61
-144
319
-172
-216
369
-183
43
-106
203
-193
136
-126
189
-176
-70
369
-360
52
187
-67
-216
338
-266
229
-243
82
204
-291
159
-75
150
-251
334
-311
114
58
32
-118
-46
224
-267
224
-115
53
-225
406
-240
-54
107
-13
39
-141
140
52
-170
-77
383
-279
45
-74
135
1
-102
42
-5
98
-286
348
-194
80
-179
161
154
-424
400
-259
184
-124
-13
132
-129
23
67
-125
116
8
-140
192
-191
253
-341
275
-41
-82
-81
199
7
-314
383
-295
271
-370
380
-165
-44
131
-163
218
-180
166
-219
154
57
-156
105
-16
0
-135
291
-235
86
-81
44
-14
77
-10
-181
146
-12
45
-144
219
-111
-313
567
-232
-58
-24
97
-88
156
-137
11
35
-163
243
-69
-38
-170
222
18
-97
-29
33
39
48
-172
107
99
-272
233
-32
27
-299
334
-53
-97
68
-240
377
-191
73
-240
316
-75
-146
211
-268
272
-3
-267
109
299
-274
-144
207
166
-262
38
-17
207
-130
-236
547
-553
347
-125
10
-65
291
-321
-96
460
-437
309
-216
23
120
8
-263
254
107
-494
506
-120
-324
350
-30
-55
-232
257
132
-265
-35
171
-109
64
36
-124
-81
313
31
-548
451
-33
-49
-181
211
-85
40
-22
23
144
-263
39
281
-185
-201
310
-136
-70
195
-182
286
-361
56
300
11
-445
220
320
-403
184
-131
-94
194
53
-180
5
189
-62
-10
-55
-142
175
-151
127
-125
98
-44
145
-215
127
11
-100
182
-92
-151
360
-308
-70
187
-151
333
-366
18
406
-176
-251
176
59
39
-98
-104
122
82
-326
201
73
-163
59
224
-126
-68
-21
46
71
49
-423
527
-208
-49
114
-239
108
-52
308
-284
-77
446
-249
-41
33
-31
-29
-84
306
-314
202
-176
157
-57
-18
-119
94
-7
7
4
-179
331
-107
-115
66
165
-372
249
-39
73
-28
-45
136
-126
208
-202
-162
267
217
-337
1
215
-63
-105
-104
106
20
-75
76
157
-82
-184
184
-120
-96
50
-76
201
-125
28
-6
66
-223
217
-102
10
21
110
-132
-1
-122
38
100
67
-119
-73
408
-260
-263
154
39
-104
178
-73
99
3
51
-122
-83
-15
257
-111
-52
-33
474
-299
-207
182
93
-33
-140
281
-278
35
314
-183
-149
16
98
153
-432
301
-378
284
-45
-81
281
-272
56
201
-208
-139
156
26
-32
-57
84
0
-373
206
91
-223
171
-1
-119
116
35
-256
209
110
198
-291
234
0
-207
-13
73
-290
198
199
-257
83
-13
-157
11
219
-213
289
153
249
-101
-83
168
20
-137
81
302
-60
87
-203
171
-183
12
34
-104
50
-69
263
-60
-190
123
-189
-5
170
-167
32
42
-290
313
-565
-37
366
-331
71
-403
194
68
-188
-234
20
-19
-58
-21
-110
-54
57
-283
279
-222
99
-54
-104
76
-199
171
110
-96
-103
-3
112
120
-76
421
-203
364
-274
204
331
-22
-166
201
-9
-112
220
-70
90
-11
51
32
-23
85
-10
78
153
-131
292
-251
266
141
-51
-111
-25
110
-167
-8
123
78
53
143
-139
-99
-71
-1
186
73
-25
-292
252
-122
-175
133
-251
-123
73
-293
-47
123
-183
0
95
-189
-381
188
-158
-283
181
300
-369
74
-102
-347
481
-201
0
114
217
-37
33
122
-127
10
77
205
-332
59
60
-96
233
138
-28
215
114
-171
156
-54
-105
157
164
-135
145
-197
-23
58
152
63
-236
254
19
-99
144
54
-64
132
8
-64
46
104
153
298
-15
-144
-62
-69
-176
-97
185
-284
136
-110
151
-469
-164
273
-155
76
-254
290
-464
50
-1
-254
-366
367
-348
86
139
-147
111
-307
121
-170
-66
-71
132
-305
151
156
-71
86
128
191
92
200
117
4
185
-59
138
-80
446
-205
122
298
-29
35
163
203
24
-140
167
9
-107
124
-24
-37
-32
241
-374
-52
-35
149
-392
193
-335
-25
-3
-224
267
-172
3
-104
-146
-138
-23
-130
-156
84
8
-3
-22
-82
-37
437
-453
262
-219
-137
-6
95
105
-147
-132
417
-30
-44
63
-51
70
-30
-42
-196
-262
142
-26
-68
375
-104
53
-89
-184
267
132
229
-276
-34
-136
-12
194
-231
-100
450
-29
-350
-40
468
15
-250
499
-158
44
-200
129
-118
73
539
-196
-238
-2
560
-132
252
-136
-165
341
-359
606
-281
-669
735
-304
175
-65
114
56
-82
332
173
-386
161
49
131
387
-148
218
-145
-85
135
169
-238
-128
255
-274
-89
53
-362
-6
-57
-419
223
-70
-166
71
-374
-372
96
-10
-152
149
207
-26
-589
499
-620
409
-371
23
299
-694
56
-225
67
-28
-86
-297
188
-372
84
-90
-182
80
-188
101
-394
130
-271
224
76
57
28
6
298
-201
281
-133
386
395
-133
193
397
84
525
11
214
245
-13
542
-296
330
324
179
-30
171
83
177
58
334
385
-15
-92
292
-165
268
337
-38
107
104
-122
-158
-183
-281
272
-349
409
-661
-220
-177
-156
-87
-63
-122
-556
-262
-359
-115
-391
-1
-63
-101
37
-37
143
-535
9
-128
-550
-145
137
-56
-259
-304
152
-137
-460
0
-266
338
-171
-145
-204
319
-121
-292
176
139
143
130
175
141
73
691
218
389
-17
478
315
-87
471
-161
146
101
133
334
229
-104
106
-179
157
65
68
-56
317
200
219
262
-471
-108
290
-365
-116
75
32
261
-17
-12
-507
-364
209
-181
173
-218
-13
-470
437
192
-356
-48
-108
-111
-336
-111
-503
274
-506
84
-266
147
-284
-8
-81
-613
-207
195
86
-126
231
10
-98
108
265
-47
-122
336
-176
69
45
-340
185
151
67
120
-40
364
-58
-222
430
-127
372
412
69
20
258
192
333
246
189
66
134
-153
-63
544
85
304
-623
-153
-71
-270
-121
436
249
-84
-266
-81
128
-36
31
-353
318
190
-227
-48
-419
-136
220
295
-195
-117
-292
-255
-89
614
-106
-81
-414
-276
-65
-116
459
-332
-214
-469
115
11
139
-215
-531
-45
-303
-363
-209
-244
-112
34
-80
-110
159
62
-298
38
-138
-67
277
-228
-25
-212
323
-238
475
360
-181
190
160
102
266
-50
77
500
150
525
771
496
236
675
373
233
335
222
-43
298
-150
-4
284
-148
35
-71
-37
-566
-120
-78
115
-114
-65
11
-115
187
-334
109
-148
-201
-129
-443
-303
-348
-92
-418
-68
59
206
-252
-501
-422
-416
65
-913
-623
44
-112
31
-303
-36
-628
88
-46
11
48
532
454
115
437
-165
721
575
538
-32
18
-935
-46
257
270
976
376
836
-366
361
-8
742
63
299
512
-284
207
-234
683
-259
130
-91
-201
29
-363
131
-198
-224
-1168
-211
-1471
-49
-706
-624
-108
-687
-385
-358
-213
-557
583
-642
-210
-990
-717
-537
322
965
740
634
228
1089
620
1489
1076
970
424
868
236
140
1015
-260
-71
462
-95
-179
126
-420
-968
-1018
-721
-821
28
-366
-130
-23
-281
-1368
-446
141
-365
-290
755
-495
-393
326
78
209
704
685
99
780
345
138
133
491
644
115
298
51
199
721
736
52
558
743
910
691
502
1026
633
-402
-93
97
-135
-77
-702
-176
-568
-511
203
-452
-411
241
-115
-483
-689
-714
-737
-751
-1281
-594
-237
-1126
-1689
-1331
-117
-763
-556
-774
-275
-335
-1098
-1363
-2142
-670
-892
-968
-98
-344
-82
619
-161
-290
185
426
310
-353
816
-61
-37
-759
617
132
738
499
-293
366
-518
1217
626
1387
1258
1811
2024
1974
2893
3103
2337
1898
1484
2275
1471
2007
1810
1793
1917
1503
1809
1660
620
-49
33
-519
-906
-980
-932
-1831
-1986
-1412
-1043
-1469
-1042
-1808
-683
-454
-1985
-203
335
329
-27
-634
-321
-728
-1500
-2376
-2598
-4242
-3052
-2765
-2812
-2013
-2515
-1909
-1330
-1471
-931
314
536
509
1188
2183
2021
899
1117
2540
1491
654
164
760
655
858
1248
1790
2027
752
1207
600
330
-163
-666
-1226
-817
-1159
-2909
-2453
-2409
-1052
-490
278
-1756
-1558
-331
663
394
332
51
-901
1301
980
1547
1307
2162
2669
3260
2665
1313
1435
1816
2184
527
26
661
621
102
107
1274
625
857
-390
-464
-3
-1151
-595
-1546
-2134
-832
-860
-2007
-1312
-1172
-1272
-318
931
-243
1616
543
-175
1761
1074
2233
1915
1220
1592
1125
656
404
1358
417
425
-950
-593
-17
-1484
-1876
-1374
-380
-1023
-523
-41
7
-1695
-1283
-1972
-1553
-3335
-3272
-3026
-4413
-4454
-3648
-1453
-2090
-2156
-681
256
-749
137
1685
1979
1486
2487
3088
1586
1306
1107
1686
2944
3255
3320
1781
1778
843
46
532
1534
446
71
837
406
697
-609
-1519
-2011
-1663
-993
-790
-2042
-1883
-1356
-883
115
1002
977
2337
3787
2909
1915
646
579
569
-523
-1812
-1415
-1699
-1397
-1473
-1123
1173
2264
1757
830
741
664
1184
1074
1098
1467
1701
1855
76
553
1354
1839
912
-445
-752
-381
-399
-601
-1051
-1325
-1749
-1573
-1000
-2312
-3125
-3080
-2973
-3959
-5795
-5715
-6749
-6598
-5325
-5424
-4830
-4530
-1635
978
1854
1408
3845
4376
5430
5321
3751
3786
2883
2949
2683
2362
1495
2387
2787
1968
2043
3226
3399
3937
3701
2983
1900
2838
3147
2269
-488
-513
1192
-343
-1866
-2718
-1307
-699
-860
-2570
-2612
-748
-1030
-1788
-501
208
697
758
716
2076
1787
1626
1723
1851
838
-400
368
221
-1003
-973
-1297
-2614
-3656
-3948
-3153
-3439
-3333
-2499
-2088
-1478
-1171
-1442
-616
133
128
-512
103
273
-518
-336
-398
-1713
-2371
-2085
-1282
-272
-747
-334
-1061
-1693
-2205
-2183
-3146
-3231
-3203
-3514
-3050
-3006
-3083
-2144
-1001
-535
382
277
1373
1220
1745
2757
3052
3313
3890
4093
4545
5169
4918
5996
5682
5421
5940
6017
5462
5725
5157
4352
4987
4634
4784
5339
4291
2706
2525
1881
932
205
-397
-1098
-1405
-1588
-1933
-2429
-3175
-2808
-3532
-3911
-3760
-4292
-4547
-4502
-4680
-4187
-3386
-4428
-4185
-3675
-4354
-4294
-4827
-4429
-3846
-3397
-3326
-3596
-2357
-876
-437
-153
651
1249
1434
1831
1045
-188
-269
553
318
-657
-580
-772
-703
-551
-661
-910
-310
-63
-414
-384
-118
-574
-321
405
243
322
660
263
556
1592
2424
2965
4265
5150
4889
4859
5136
4371
3889
4534
4363
3863
3577
3491
4151
4580
3740
2829
2989
3126
1809
455
-432
-1581
-3137
-3928
-4034
-4162
-4439
-5416
-6759
-7263
-6791
-6629
-6400
-6400
-6612
-6424
-5450
-4401
-3390
-2368
-1919
-1162
-70
733
1322
2241
3444
4418
5703
6356
6414
6193
6448
6833
6725
7030
7424
7780
8168
8167
7929
8066
9379
9507
5395
-2228
-8355
-8579
-5602
-3439
-4832
-8295
-12185
-14165
-13949
-12487
-10972
-9693
-8399
-6630
-6217
-8051
-9707
-8368
-4015
481
3010
2366
875
45
1482
4039
6408
7516
7720
7413
6216
4227
3052
3633
5242
6419
5421
2344
-580
-1658
-483
2069
3730
4395
4475
4692
4867
5535
7438
10276
14155
16317
10834
524
-6311
-4585
-1
2695
915
-4949
-11363
-14667
-15763
-14963
-12943
-11948
-11162
-9552
-10301
-13973
-15825
-12342
-5751
690
4294
2651
-417
348
3400
6651
10232
11607
11146
9734
8256
5485
3621
4942
7093
7663
5508
1020
-3288
-3867
-1403
1345
2991
2906
2393
1819
2462
3995
7023
11535
16130
19218
13763
1918
-7814
-5983
1836
7094
4168
-4600
-13817
-18617
-18706
-16661
-13973
-13129
-13895
-13906
-14659
-17595
-19520
-15123
-6477
1142
3539
724
-2886
-1457
4348
10155
13244
12511
11873
11958
10926
7506
6613
6913
7403
7484
5235
-906
-4689
-3110
-1376
-369
1083
374
-800
1507
4060
4451
7342
12082
15788
20006
16858
2425
-10011
-5731
5100
9995
6165
-4842
-16464
-19323
-16053
-13675
-11600
-11457
-14936
-15802
-13805
-15671
-18166
-12224
-2865
2981
4336
916
-3679
-836
6994
11910
14631
14916
11346
8758
10175
9632
8554
10364
10759
6375
2160
-1444
-4831
-3140
984
1283
-371
-396
-1160
36
4185
7696
8909
13505
16819
8650
-5548
-12563
-5947
5104
9376
956
-12026
-19839
-19934
-15942
-10480
-8010
-12145
-15838
-15152
-14156
-14730
-12678
-5927
1258
4854
1251
-4856
-5350
3598
14397
18860
14779
7500
5102
8166
12094
12659
10654
7770
5482
2204
-2327
-4570
-2527
955
2232
245
-3465
-4165
417
6279
8809
9047
9512
13500
17958
11368
-4673
-12743
-2654
10027
11217
-308
-15476
-23327
-19397
-10794
-6640
-8746
-16050
-20755
-17610
-12059
-11927
-11427
-5006
1590
3057
-950
-4614
-1953
9822
19858
18913
10408
4338
6308
12981
16644
13154
7647
4432
3645
1868
-913
-2134
-668
1714
500
-2486
-4379
-804
5656
9701
9352
8718
13588
12239
-1604
-15273
-9251
6894
12363
1936
-14183
-23893
-22320
-12850
-5599
-4951
-12573
-21527
-21043
-12657
-7824
-8225
-4787
531
2135
-1573
-4815
-2629
8615
20325
20389
9740
642
2265
11855
19262
16177
6917
875
590
1816
1930
1049
52
174
-909
-4112
-4185
698
8066
11714
10603
6659
10153
16764
8810
-9156
-12354
3465
13318
6293
-10454
-23100
-22880
-12679
-5164
-6058
-13195
-23517
-24488
-13383
-5085
-7713
-9336
-3947
242
431
-695
836
5088
12152
17113
14716
6719
4495
10840
15635
14002
8604
2506
-479
2779
4367
256
-2758
-3083
-3860
-3464
-64
1470
4076
8184
9052
7413
12337
19734
11120
-7528
-13518
1689
15347
10504
-8231
-22308
-21682
-12802
-6181
-6397
-12911
-22874
-24432
-15158
-7735
-9161
-10848
-5963
-784
121
-2277
-930
5522
11849
14632
12782
7158
4702
11172
16810
14081
7978
3107
375
2392
5228
1714
-2437
-2982
-4125
-5181
-1281
2649
4345
7464
8891
7362
11258
20550
14122
-5670
-13637
1100
16012
12912
-5336
-21585
-21837
-11553
-4416
-5617
-12663
-23045
-25195
-14687
-6220
-8605
-11776
-7643
-2428
-543
-1638
-635
5390
11854
12346
9870
7750
6867
10940
16889
14202
5899
2628
2671
2164
3151
1814
-3601
-5582
-4439
-5412
-3948
2314
4281
3840
5715
7444
9530
19793
25196
7783
-13993
-11625
10565
21725
10383
-13035
-25732
-19240
-6978
-3012
-7686
-17789
-27517
-23555
-11304
-7511
-12073
-11487
-5635
-2211
-2699
-3961
263
10036
16214
11890
5162
5029
10519
17048
17696
10769
2597
2136
5097
5343
2872
-784
-4162
-5820
-5334
-5082
-1091
4210
5698
3872
4050
7054
14781
24805
16076
-8735
-17862
3343
22023
15989
-6344
-24030
-22992
-8580
457
-4575
-15376
-25895
-25986
-13148
-4332
-9409
-13943
-8150
-2851
-2305
-3218
-1430
4944
12171
13594
9614
6500
7040
13753
18622
13964
5342
2708
3305
4284
5391
1275
-5190
-6700
-5947
-6863
-3995
1678
2660
1885
3535
5476
9105
18587
26155
13623
-10573
-16428
6507
26087
17345
-9217
-26420
-22147
-7340
1381
-3543
-16587
-28683
-27454
-14045
-4985
-8863
-13786
-10280
-5386
-4426
-3627
1782
8542
10625
8272
6578
7949
11700
18271
19162
10364
3176
5102
7821
7845
6573
-210
-7147
-6398
-4263
-5270
-2722
1680
258
-776
2598
6575
10939
19790
22356
4820
-16293
-12161
14855
27666
10529
-17678
-28500
-17044
-405
4343
-5628
-21340
-30834
-23549
-7833
-1899
-9105
-14709
-11158
-6021
-3916
-1684
3768
7778
8002
7047
6540
8084
13208
18611
15302
7608
4291
5952
7927
9093
5398
-3033
-6925
-4930
-3697
-2940
-958
-677
-1790
-391
2871
7442
12710
17887
20997
9315
-12313
-14973
11722
29145
14013
-14920
-29125
-20551
-1796
6598
-3835
-21014
-32280
-27258
-9513
769
-7276
-17385
-15373
-8875
-3799
823
4110
4936
5370
6327
6819
9984
15373
19282
15470
6904
3371
7821
12807
11571
4548
-4876
-7771
-3250
158
-1940
-3825
-4042
-2887
-387
2775
5460
9145
13279
18989
17176
-1619
-17242
-2063
25373
24350
-3042
-26340
-25752
-7606
7344
2672
-15452
-30953
-31631
-14874
1241
-2244
-17027
-20750
-13183
-4667
1199
2819
649
187
5525
9397
10010
11560
15899
16253
10838
7217
8280
11511
12250
8465
-391
-5386
-2590
1127
-482
-3753
-5510
-4458
121
2855
3280
4321
7925
11871
20097
17240
-4881
-18567
1576
26726
20217
-7783
-27833
-23185
-3876
8065
-155
-18721
-32490
-29231
-9589
3226
-5341
-20116
-21028
-12158
-2329
2770
887
-2790
687
7782
9126
8365
11088
15476
15584
11398
6620
6720
12291
14410
8080
-1529
-4794
-1107
3800
2222
-4566
-8033
-3706
2819
4604
3696
2812
5790
11964
21075
16786
-4936
-18098
956
25786
19178
-9390
-27992
-21320
-2754
7941
-1275
-21075
-32768
-26746
-7213
2773
-7294
-22486
-21839
-10179
-733
1519
-356
-3349
-1238
6577
10201
9215
10957
15418
14368
10317
8857
10163
12986
13561
7367
-1199
-1873
2757
4054
-76
-5648
-7310
-2766
3766
3732
868
639
4724
10071
17221
19598
4800
-13707
-9603
15450
23445
4160
-19535
-24413
-11727
2579
3446
-10790
-26181
-30443
-18153
-2736
-1675
-14743
-22591
-17761
-7796
825
1956
-3683
-5315
2916
9064
9344
10258
12378
13328
13143
11236
8704
11658
14837
11557
4424
302
729
4057
4899
-911
-6343
-5245
533
4355
3327
697
894
5872
11622
18343
14490
-3550
-15413
-1157
19352
16789
-4432
-23057
-22427
-6750
5865
330
-16475
-29878
-28203
-11079
1601
-4791
-19162
-22741
-15748
-4023
3547
150
-6362
-3342
4683
8183
10035
11105
11098
12032
12567
9969
10277
14132
13568
8647
3717
1442
3325
6709
3743
-3099
-5247
-2392
2520
5208
2624
-917
1499
7382
11504
16221
11915
-4314
-13238
478
16348
12677
-5280
-21297
-20576
-6059
4330
-2063
-17028
-28695
-26227
-9665
1008
-6336
-19438
-22681
-15568
-2765
4007
-1019
-6993
-3721
3257
8049
11030
10325
9152
10800
12012
10506
11977
14325
12240
8340
5497
4090
5792
7628
3410
-2528
-3341
-22
3854
5540
1575
-1901
553
6455
10298
13999
11111
-2160
-11505
-3629
11119
12412
-665
-16860
-20598
-10741
430
3
-11328
-23957
-26273
-13958
-2091
-3496
-14216
-21042
-18132
-6281
3369
852
-6472
-6914
-452
6402
10550
9245
6882
8451
10943
11308
12246
13135
11432
9874
8124
6087
6452
7820
5247
1404
-286
264
3122
5359
2519
-1038
488
4265
7304
9269
9579
4102
-4381
-7145
1323
9410
5031
-7262
-16048
-15475
-7387
221
-3073
-14843
-23394
-20424
-9308
-2267
-6442
-15842
-19033
-13443
-4016
651
-2441
-6855
-5776
-124
5523
8518
7647
6227
7107
9354
11350
13132
13271
11413
9543
8280
8132
9175
8891
5544
2284
1337
2370
4379
4641
1774
-849
191
2799
5006
5716
5801
3887
-1351
-5906
-2877
3555
3255
-3225
-10214
-13296
-9979
-3188
-2101
-8546
-16218
-18505
-12338
-4077
-3356
-10242
-15682
-14732
-7879
-1309
-1467
-5577
-6551
-3229
1804
5934
6036
4423
5541
8073
9970
11704
12382
11197
10403
9828
9237
9417
9265
7006
4486
3216
3054
3879
4010
1672
-949
-820
784
2120
2160
906
-30
1294
907
-2263
-3492
-1677
-1186
-2279
-3888
-6722
-7241
-4872
-4194
-5731
-6742
-8964
-10209
-7046
-4992
-6696
-8002
-8545
-9007
-5692
-3187
-5420
-5727
-2601
-1004
369
2655
2074
3068
6991
7979
6892
8336
9161
8872
10086
9027
6422
6705
7409
5617
4469
3202
1212
1914
2716
634
-901
-191
-380
-63
388
-1023
-1746
-433
193
463
1647
-306
-2872
-2039
286
292
-577
-2487
-4763
-4757
-3215
-1484
-1367
-3909
-7599
-7788
-5769
-3858
-2955
-4530
-7403
-7590
-4657
-2399
-1012
-1304
-2762
-2707
539
3641
4589
4364
3699
4188
5703
6851
6195
5557
4930
4403
4286
3722
2420
1672
1840
945
142
-189
-385
-400
-144
-772
-1647
-1173
-585
88
371
-22
-771
-190
744
946
1066
1041
961
620
290
-419
-490
-298
-471
-789
-1351
-1872
-1966
-1602
-1937
-1937
-1567
-1604
-1829
-1733
-1691
-1463
-676
-454
-574
-575
-469
-179
560
859
489
70
-188
39
643
620
-185
-754
-793
-606
-431
-795
-1320
-1309
-1104
-944
-611
-318
-138
245
409
500
1137
1611
1589
1523
1663
1686
1889
1864
1397
848
605
808
1321
1617
1111
217
-276
388
1573
1865
1144
539
628
1138
1623
1579
1140
1044
1223
1310
1106
601
-2
-250
-227
-366
-743
-1427
-2165
-2549
-2459
-2409
-2748
-3320
-3588
-3473
-3365
-3225
-2856
-2406
-2162
-2043
-1882
-1366
-664
-370
-375
-199
163
461
620
347
-78
-117
161
720
1342
1220
303
-52
663
1737
2480
2415
1824
1546
2052
2792
3166
2902
2584
2821
3088
2704
2032
1955
2320
2410
1693
664
0
-135
-93
-354
-990
-1666
-1841
-1700
-1723
-2280
-2799
-2536
-1629
-1019
-1273
-1870
-1970
-1249
-439
-342
-908
-1314
-1135
-759
-663
-965
-1467
-1719
-1394
-911
-879
-1265
-1451
-1006
-208
239
182
1
66
536
1252
1618
1478
1418
1687
1927
1829
1627
1670
1972
1969
1453
871
554
502
529
331
-223
-655
-631
-349
-278
-659
-1035
-769
5
436
95
-490
-449
358
1016
820
3
-634
-629
-32
477
141
-821
-1492
-1417
-1039
-767
-708
-732
-652
-465
-320
-178
27
216
542
970
1074
810
691
903
1214
1374
1268
970
658
374
127
8
-31
-222
-648
-1073
-1283
-1247
-1102
-992
-1019
-1077
-999
-712
-339
-83
-74
-54
316
763
826
574
294
79
48
236
307
-15
-557
-890
-881
-809
-818
-643
-319
-185
-249
-202
89
522
984
1350
1415
1111
850
1102
1723
2034
1681
1075
803
888
864
466
-139
-591
-699
-685
-885
-1311
-1592
-1490
-1203
-1069
-1127
-1178
-1004
-583
-172
-14
20
171
449
739
898
782
449
65
-174
-164
-88
-266
-664
-1013
-1152
-1020
-636
-303
-365
-672
-657
-62
726
1143
1029
693
588
892
1442
1833
1714
1209
792
710
888
1041
747
3
-590
-707
-717
-862
-989
-1092
-1220
-1253
-1182
-1132
-1028
-789
-495
-243
-71
19
130
351
692
1063
1209
863
215
-206
-125
244
417
56
-642
-1104
-959
-341
134
-75
-659
-781
-205
562
957
822
443
254
453
937
1370
1301
718
168
114
466
722
483
-65
-496
-777
-926
-732
-451
-674
-1210
-1333
-972
-651
-645
-747
-681
-422
-151
-23
1
99
424
859
997
602
18
-213
99
608
737
276
-349
-505
-107
324
384
229
169
246
353
464
616
791
815
594
395
440
570
561
418
171
-155
-384
-349
-159
-155
-522
-994
-1073
-743
-532
-788
-1225
-1288
-806
-254
-200
-552
-737
-519
-144
74
100
169
379
509
376
122
9
168
455
502
170
-176
-95
344
626
422
39
89
642
1041
805
317
254
746
1297
1305
700
70
-1
412
751
547
-128
-712
-765
-453
-265
-454
-866
-1131
-1035
-789
-778
-1022
-1158
-968
-588
-303
-336
-586
-663
-381
21
242
236
110
5
34
185
365
451
364
203
102
56
137
468
774
634
234
142
551
1051
1057
529
142
382
915
1145
830
214
-177
-58
317
522
324
-204
-662
-667
-425
-385
-568
-692
-687
-703
-846
-985
-900
-664
-527
-527
-551
-531
-388
-163
-69
-167
-241
-110
162
336
236
7
-62
143
403
389
95
-36
286
733
779
399
125
338
807
982
665
221
160
596
1041
908
278
-220
-196
209
573
518
21
-523
-705
-491
-220
-205
-458
-763
-931
-871
-635
-459
-572
-821
-811
-477
-153
-122
-352
-614
-632
-301
136
358
265
12
-122
26
344
563
482
157
-10
266
669
707
434
250
308
479
579
554
464
419
496
653
693
461
155
56
150
252
262
111
-175
-399
-402
-290
-304
-492
-686
-754
-725
-665
-585
-588
-724
-769
-530
-206
-160
-414
-682
-651
-249
254
392
64
-291
-204
236
563
538
283
51
47
310
601
618
379
176
159
245
369
480
460
326
304
499
725
777
634
388
165
159
395
560
376
9
-225
-335
-451
-469
-305
-246
-561
-979
-1033
-715
-441
-505
-795
-984
-856
-538
-349
-406
-496
-377
-112
84
154
193
244
281
309
344
392
436
437
363
243
162
124
103
185
405
497
207
-203
-183
343
868
957
603
95
-181
57
646
985
685
51
-334
-304
-84
116
150
-71
-447
-678
-593
-357
-269
-469
-822
-1052
-917
-502
-217
-358
-710
-779
-381
161
365
127
-205
-198
199
624
715
462
167
102
247
328
181
22
150
427
399
2
-250
25
533
755
558
184
-60
28
395
661
509
124
-25
123
184
-25
-235
-192
-30
-13
-201
-440
-542
-440
-316
-424
-737
-876
-620
-282
-324
-662
-747
-343
147
205
-135
-372
-154
331
619
478
126
-5
215
475
444
196
74
189
316
282
195
221
341
437
449
352
226
231
422
548
356
25
-29
211
312
55
-255
-276
-99
-70
-301
-561
-583
-392
-277
-448
-743
-827
-603
-353
-369
-581
-665
-447
-101
52
-76
-240
-129
251
551
486
171
13
212
524
583
349
93
26
117
243
342
391
359
251
114
74
247
562
733
525
96
-93
175
592
668
275
-210
-318
8
332
195
-337
-743
-671
-333
-198
-439
-822
-1009
-885
-597
-398
-433
-624
-736
-604
-308
-39
101
119
55
16
122
339
479
448
371
380
399
317
183
165
307
482
508
311
22
-80
133
445
547
366
114
7
107
315
450
377
138
-68
-73
62
139
51
-157
-377
-508
-493
-405
-395
-538
-710
-737
-606
-460
-418
-455
-479
-433
-300
-98
115
224
172
41
3
160
423
575
506
300
140
110
182
325
468
469
237
-33
-31
269
542
487
190
0
122
412
557
444
215
101
146
219
167
-4
-162
-216
-215
-296
-495
-694
-766
-723
-686
-722
-749
-700
-616
-562
-505
-354
-133
46
108
114
166
276
389
471
505
461
334
211
222
350
404
217
-92
-208
-19
226
214
-36
-188
-39
237
345
238
145
259
503
633
556
381
276
287
329
285
113
-115
-298
-405
-496
-614
-746
-828
-865
-898
-908
-831
-661
-498
-431
-401
-262
42
348
434
316
251
436
749
870
631
237
72
276
581
567
142
-326
-402
-78
222
161
-167
-377
-243
89
325
309
156
88
234
493
645
584
388
231
210
269
275
130
-140
-416
-566
-561
-522
-593
-785
-971
-998
-832
-600
-455
-436
-432
-308
-45
224
356
363
389
514
661
688
527
313
244
370
502
383
9
-313
-319
-90
54
-68
-319
-426
-275
-26
103
52
-52
-41
134
363
505
489
352
227
221
294
311
192
10
-128
-200
-272
-386
-513
-595
-618
-606
-573
-510
-408
-318
-277
-236
-102
117
313
420
453
444
418
419
442
426
356
294
282
260
136
-50
-146
-105
-17
-18
-127
-236
-241
-155
-83
-86
-133
-154
-106
13
132
160
96
42
71
103
57
-28
-19
56
37
-138
-344
-422
-341
-216
-162
-204
-288
-331
-285
-123
80
192
155
67
110
306
487
485
333
203
195
279
346
332
254
148
53
-25
-57
1
112
136
-19
-250
-340
-207
-6
42
-101
-274
-323
-259
-171
-100
-58
-88
-211
-334
-307
-109
54
-4
-233
-380
-271
-26
101
5
-162
-204
-83
80
161
157
128
126
152
183
209
240
277
291
238
144
107
208
388
475
349
108
-3
160
433
518
283
-64
-199
-55
117
41
-222
-395
-326
-189
-234
-459
-599
-463
-205
-137
-347
-587
-543
-244
-13
-75
-291
-341
-121
142
191
34
-83
30
277
398
271
55
6
182
352
285
52
-62
83
298
313
130
25
182
442
513
338
163
222
434
524
361
106
-9
48
107
10
-198
-348
-364
-333
-382
-495
-558
-505
-421
-440
-544
-567
-413
-198
-131
-249
-339
-206
85
260
180
-1
-20
174
364
347
174
66
117
199
163
36
-18
81
195
178
46
-16
117
334
425
329
202
220
368
481
443
305
196
167
171
125
28
-81
-185
-288
-369
-397
-375
-369
-451
-579
-646
-577
-428
-317
-304
-337
-324
-232
-95
19
81
123
169
202
196
163
158
219
293
274
130
-34
-53
104
277
274
101
-45
27
277
457
403
205
102
209
400
477
367
192
97
111
149
123
52
-30
-118
-246
-372
-403
-323
-261
-355
-573
-713
-631
-409
-266
-312
-420
-414
-264
-93
-13
-3
27
99
137
106
74
125
236
267
155
-11
-44
102
282
310
160
13
56
273
465
456
291
167
217
371
451
377
230
145
146
171
150
69
-34
-117
-171
-207
-246
-296
-354
-411
-450
-477
-482
-475
-441
-383
-330
-312
-316
-272
-133
38
116
47
-67
-47
144
340
336
117
-103
-103
109
312
308
124
-40
-27
143
319
379
337
274
254
263
282
313
359
381
325
200
87
67
130
164
80
-95
-227
-238
-185
-206
-347
-495
-519
-410
-326
-375
-514
-568
-436
-224
-104
-137
-220
-204
-66
94
179
172
138
116
115
125
135
139
143
150
141
105
57
51
124
243
310
273
178
134
179
259
304
292
255
214
159
101
81
116
155
112
-25
-167
-213
-165
-149
-249
-405
-475
-418
-364
-430
-569
-595
-425
-196
-123
-243
-364
-271
7
254
302
176
58
62
157
247
285
289
263
183
76
38
122
263
327
253
125
72
129
203
209
159
155
224
273
199
39
-36
68
264
323
146
-119
-240
-140
7
-1
-188
-373
-408
-347
-339
-437
-520
-469
-313
-218
-268
-369
-365
-193
38
167
141
51
1
41
129
214
272
267
187
55
-30
26
189
301
247
83
-27
11
134
210
197
149
134
151
141
109
115
183
241
207
104
21
21
56
20
-82
-169
-186
-179
-248
-388
-479
-426
-288
-215
-272
-368
-362
-216
-46
35
27
17
57
106
109
91
113
190
251
197
52
-58
-20
136
262
236
82
-50
-56
56
185
239
202
120
48
32
86
191
276
258
124
-30
-68
38
163
139
-54
-259
-299
-182
-85
-150
-331
-440
-359
-182
-97
-182
-314
-311
-124
97
163
44
-115
-146
-12
168
248
174
19
-81
-53
60
144
132
55
-2
3
36
46
33
43
90
136
128
64
30
85
201
274
238
122
39
44
92
98
39
-33
-80
-122
-188
-258
-267
-199
-124
-128
-211
-282
-241
-111
3
31
2
-4
44
95
93
63
77
151
218
185
62
-35
-21
74
142
103
0
-84
-91
-51
1
52
76
61
-10
-70
-53
84
229
255
104
-79
-133
13
182
195
9
-199
-234
-105
27
-23
-193
-329
-273
-117
-35
-139
-289
-302
-104
132
208
86
-67
-48
128
298
283
106
-54
-70
37
118
108
9
-60
-57
6
34
32
8
22
28
50
66
76
65
40
51
84
145
162
98
-47
-134
-61
105
153
-11
-261
-346
-194
50
137
-59
-319
-364
-103
174
168
-55
-254
-127
85
233
89
-105
-115
83
329
210
-7
-225
-125
-1
167
-46
-39
-269
13
-249
-271
-1032
-1373
-1226
-981
166
950
2224
2548
2826
2039
1403
444
-232
-1266
-1891
-3009
-2933
-2507
-1207
59
1264
2340
2832
3115
2335
1314
-86
-1136
-1901
-2239
-2103
-1510
-666
424
615
510
253
-250
29
-53
659
500
1052
226
-64
-490
-920
-629
-462
309
529
1142
1303
1213
931
-767
-2057
-2795
-2847
-1654
-1134
319
505
1702
1329
1379
845
203
-218
-921
-832
-749
19
634
1075
1572
1443
1355
1015
626
259
-285
-366
-600
-397
-814
-1391
-1481
-1492
-891
-698
-273
-58
390
1055
1236
1465
1056
60
-525
-989
-956
-763
-195
460
1043
1666
1183
849
-115
-605
-831
-500
-270
335
786
812
1138
657
166
-414
-288
-854
-792
-488
-494
-527
-82
138
-185
-382
-165
-126
113
276
-90
2
-215
-232
-330
25
102
-44
499
-414
-923
-1585
-1999
-1782
-1312
-488
56
1724
1860
2107
1573
966
99
-305
-388
-359
551
96
262
770
1097
284
296
180
-318
-316
-567
295
-434
10
-245
3
-111
-262
-289
-464
357
-465
-104
-63
428
260
-91
52
133
23
185
609
369
-102
8
223
-935
-361
-1135
-1181
-886
-404
384
749
1026
753
979
810
717
281
-405
115
106
-434
472
347
122
202
216
-92
-433
139
-590
-711
-813
-84
-606
-34
-132
-358
-305
-570
39
-1282
-146
-341
210
375
-46
1103
99
284
73
-358
194
-56
914
-278
114
561
101
343
-956
-245
131
-353
380
364
260
448
-322
-407
-777
-64
-337
263
130
362
375
-577
491
421
-586
59
67
498
907
-273
143
-122
-641
190
-669
75
-117
-726
800
-143
-107
-285
601
-382
73
478
-211
413
-203
374
258
337
-77
-207
1317
-60
770
840
-597
187
627
-579
553
238
-621
92
15
-470
-49
2
-378
75
-229
335
-1136
-297
-419
-672
-28
-283
-144
-227
-608
-294
-150
171
553
-357
-169
-625
-139
327
157
248
-336
-688
-341
-156
108
-509
410
-279
-72
-250
121
243
-99
724
-172
166
-92
51
-256
588
210
106
459
1119
75
-750
1244
63
791
222
571
-292
1
381
-168
590
-682
-216
35
480
-293
-164
321
-766
1125
648
257
1
180
622
-79
195
-721
281
42
728
-373
-1353
-365
-1035
-473
-103
-845
-909
-88
-1312
-1
31
328
89
-363
7
-563
-35
-103
-624
577
109
586
305
177
641
-162
-94
-375
160
692
-110
992
756
344
484
846
310
-281
-259
-851
601
-545
-142
-998
-331
-830
429
-1604
157
-18
99
1065
383
70
-212
-195
518
-621
-1025
-83
-1039
-641
458
1175
1356
1471
1314
82
797
1435
764
2339
802
918
733
991
-27
1306
353
-664
887
-1028
255
1421
40
-450
82
319
-441
-911
-2072
-976
-1792
-3089
-1112
-3509
-3505
-3096
-2361
-1815
-1442
-1736
-812
-225
-1039
246
1218
775
-127
-219
-57
982
57
25
1447
-617
5
-347
517
764
-428
764
831
1548
1032
1909
752
510
1424
89
1878
781
-1165
1085
1295
69
1044
1995
197
154
1376
1182
233
694
1148
965
-95
1382
-360
500
1725
441
45
-310
1463
-1457
-1247
258
-183
-1246
934
1435
-1369
1430
-1435
-432
408
-377
-259
-347
-259
-438
-1162
755
268
-1315
492
-420
-1341
410
-409
-807
-1240
-344
-2264
-724
-483
-1286
-750
-1585
-447
-1424
457
-2014
-649
-1255
-593
-1055
-1128
-1043
-1373
-102
-1242
285
-1016
-400
754
-1628
177
-677
511
869
-87
-436
1239
1397
-431
781
763
899
444
682
642
-608
1392
539
1551
1083
307
3540
156
2969
736
1351
1928
-833
950
1575
1977
518
-421
819
2318
-1625
1825
238
-859
36
124
-1461
1040
-1227
56
382
-2172
1485
-751
-716
692
-228
4
-685
-1383
-1203
-113
-464
-1247
-1305
-194
-291
-796
-457
-313
-660
282
-11
-822
1319
-1647
312
-627
273
-946
-234
512
-1081
-168
-329
204
-858
516
-804
-662
193
-1800
-1216
-770
-302
-429
-182
-968
-820
618
124
491
-206
1830
399
1298
-267
1042
1560
204
593
-609
2056
992
115
542
12
702
-620
858
772
-223
1140
947
-15
1197
1004
-500
1258
-440
-125
817
5
118
667
102
137
317
-2015
222
-2821
-109
246
-1789
1010
42
233
-1062
-273
-469
-188
186
120
489
-1213
213
299
-466
-2103
172
-1886
-289
-208
-1108
539
-2134
684
-770
-2223
662
-270
-1874
508
149
-553
927
-496
514
304
-332
1752
-868
2114
127
1471
-198
686
462
43
1282
367
42
38
879
423
516
-268
1282
-898
962
760
191
139
872
494
-718
1252
-68
1450
330
268
-135
174
567
-794
261
-558
-578
308
305
-381
-61
236
-539
768
-660
395
-1023
716
-975
-764
341
-1074
32
-836
137
-1443
1077
-2073
994
-843
-1212
1611
-1811
1023
-1837
250
-295
-321
-185
-48
-320
-435
-84
-609
1354
-882
1690
-278
1228
9
524
-186
322
-128
269
353
-557
729
-813
47
-1404
336
-1639
720
-247
-14
365
-82
44
-909
1113
-1223
1273
-1894
2199
-970
1138
-866
-4
659
-821
-35
-387
1679
-1451
1905
-1039
1359
-270
290
825
-720
-479
-439
1286
-479
1795
-1030
297
-780
411
197
-129
775
542
182
360
332
-721
1369
-712
1021
372
122
1097
610
-262
820
-583
-319
290
-363
-425
1231
-1726
623
-868
-31
-6
-438
589
-847
252
-702
-176
-77
-544
-1209
393
-1066
-280
1044
-969
55
439
974
-1400
1193
-678
417
-816
350
288
-810
1274
-1416
1491
-1890
1345
-1072
-186
89
-283
103
-690
1176
-1208
1296
-549
-395
-1006
629
-219
-1064
-13
-1307
278
-1358
276
-468
-463
-80
-218
-222
-323
621
-1013
-178
-436
341
135
1335
1641
891
1737
2053
1909
1604
2400
2011
3329
1535
3745
2935
2338
3282
1471
2110
1451
1605
861
374
1110
26
74
-417
-1095
-735
-1826
-1708
-2120
-2129
-2785
-3853
-2177
-4298
-4777
-2940
-5208
-5302
-3460
-4375
-3530
-4512
-4247
-2858
-4797
-2356
-2621
-2892
-1536
-1095
-1402
-1693
235
-314
-278
1992
914
759
3703
1724
3672
3323
3092
4720
4207
4672
4986
4665
5146
4161
5247
4834
3658
5439
4548
2822
4067
2666
2857
2038
1729
1629
663
639
-626
125
-1096
-1064
-1179
-1569
-1144
-1719
-1966
-2206
-2951
-2470
-2457
-2473
-2418
-2717
-3777
-1483
-2775
-2922
-2431
-2262
-1463
-2129
-2035
-1870
-1973
-1165
-1593
-2310
-1349
-899
-1980
-738
-823
-991
-472
-1146
-91
-175
218
245
840
-842
444
214
1021
1181
763
275
147
610
-336
2185
-250
975
2206
1907
2209
2457
2163
2844
2072
2386
3044
2118
2448
2445
1293
1692
1110
1796
355
-240
492
-636
716
-775
-383
-246
-1107
-861
-345
-1851
-1450
-1041
-857
-1678
-1200
-1239
-2083
-446
-2206
-1661
-1474
-1177
-1909
-1410
-856
-1373
-1204
-110
-840
-424
-254
-756
712
-175
344
406
1180
736
191
698
835
-416
689
1200
1161
1067
-478
1792
-1372
745
718
114
528
667
316
1070
790
883
1512
11
2658
292
2105
1380
2077
892
1795
904
1012
1214
259
634
-538
427
-1178
-306
-1010
-1648
-1196
-2980
-2524
-2736
-3503
-2827
-3401
-3698
-2949
-2617
-2825
-1567
-1092
-53
-396
-144
1501
527
2254
1265
1861
2157
1041
759
969
484
-35
126
-695
-2246
-2171
-1478
-1738
-1527
-1390
-1456
-1336
-226
-603
-430
-113
575
534
1871
1352
1099
1974
1679
2258
2975
3254
3201
3996
3365
3472
3564
3544
3358
2538
3708
1950
2519
1860
731
1084
-244
-166
-1915
-665
-1184
-1882
-1532
-1751
-2949
-1401
-2883
-2335
-2322
-2590
-2731
-2321
-2159
-4035
-1847
-3143
-2013
-2236
-1741
-1431
-2010
57
-1245
616
-265
147
-256
-421
37
-1040
-1428
-1714
-2175
-2694
-2473
-3287
-3242
-2618
-3097
-2493
-2207
-2474
-435
-879
787
1173
1673
3429
3065
3981
5373
4198
5958
5708
6243
6553
5653
6491
4585
5066
3211
2926
1715
1934
876
413
-25
554
113
-631
57
-892
-397
-880
-306
-1161
-807
-622
-1606
-1666
-2165
-2447
-1969
-2358
-1409
-2340
-2014
-2407
-2022
-3231
-1618
-1981
-2473
-1066
-1994
-1524
-1682
-1008
-1877
-1179
-1385
-1464
-432
-789
-1005
-1311
-322
-389
305
10
-315
408
1259
250
1158
69
1019
1162
-87
-92
272
355
493
582
749
122
651
-128
334
1150
-568
407
-339
754
-300
1042
296
-432
-712
213
863
-632
1164
1024
956
1056
2985
1939
1966
2968
2490
3199
2442
3069
2070
1898
1099
2264
1424
713
1385
1227
713
1042
976
488
825
853
489
143
501
-606
363
-1283
-381
-457
-694
19
502
767
673
1083
906
2171
206
875
-1678
-545
-3033
-4435
-6137
-8016
-8374
-9703
-10184
-10391
-9553
-10583
-7449
-9089
-6008
-5151
-4906
-2330
-2879
-809
-621
-77
-193
1230
2510
2967
3855
3953
3225
3480
3169
3402
4272
3995
4281
4149
3888
4518
4688
4271
5175
4255
6211
5190
5213
4980
4379
5008
4670
5469
4445
4369
3265
3624
3980
3823
3355
3364
3638
3390
2888
2040
3086
1325
2258
1313
372
761
-377
-560
-1312
-2515
-2006
-3385
-2775
-3780
-4931
-5354
-6319
-6648
-7585
-7639
-7508
-6452
-7197
-6439
-6325
-5821
-5747
-5814
-5036
-4773
-3983
-4280
-2559
-2714
-2389
-947
-1674
-336
65
641
1136
888
1341
2246
1894
2882
2907
2794
2773
3058
2576
2224
2790
2103
3014
3137
2676
2494
1921
2167
1659
956
1268
1032
716
170
-598
-1138
-544
-2243
-903
-1812
-1584
-1225
-1864
-768
-1674
-44
-895
864
-870
776
990
608
1629
1671
2758
2146
3059
1981
2729
2913
2694
3279
2858
2864
3896
3585
3568
3543
3084
2419
3789
3164
3001
2127
3185
2562
2371
1125
1582
731
1560
1196
331
675
-805
-177
-2941
-1921
-2680
-3808
-5158
-5214
-5635
-6392
-7447
-7894
-7684
-8639
-8294
-9153
-7917
-8480
-7696
-7227
-6186
-5473
-4394
-4000
-2798
-1789
-995
435
854
1870
2212
3776
3482
4273
3634
5051
4931
4544
5102
4249
4936
4954
5023
5128
5083
4590
4894
4465
4839
3753
4115
3883
3747
2655
2272
1609
1787
2055
436
428
-832
-1406
-1935
-2179
-3839
-2646
-3945
-3737
-4420
-3860
-3869
-3893
-3553
-2876
-3203
-2173
-1656
-1872
-924
-1122
-1011
-275
-922
-652
372
-259
480
-524
988
924
933
1689
1483
1544
1463
2148
1559
1889
1674
2261
1926
1886
2772
2082
2341
2440
1895
2128
2518
3349
2604
2183
2858
1983
2165
2453
2261
1643
2053
1538
1239
1226
864
-109
569
-1101
-229
-2035
-2551
-3552
-5391
-5345
-6920
-7741
-9425
-7958
-10034
-8705
-8813
-7951
-6503
-5661
-4902
-4241
-3148
-3197
-1796
-1967
-575
1073
1921
2935
4111
4237
4857
5015
6017
6796
6178
8190
7494
7452
6722
5991
6178
4234
4123
2296
948
31
-1497
-2886
-2919
-3690
-4703
-4824
-5340
-4817
-4464
-4057
-3746
-2184
-2191
-1168
-21
1132
2218
2375
3281
4198
4267
3581
4277
4581
4328
4145
3975
3300
2994
2583
1926
1604
1558
911
1020
728
-41
46
150
-262
-828
-311
-1189
-1069
-1579
-1908
-1120
-1773
-2337
-2683
-2374
-3012
-2382
-3513
-2382
-1656
-3020
-2426
-2590
-3220
-1717
-1262
-1096
-771
-225
686
-137
821
1167
409
-129
1023
742
551
1937
1772
2320
2183
1983
1464
1587
212
489
219
-652
-743
-1240
-1200
-1768
-1439
-1983
-1575
-2546
-2376
-2459
-2323
-2664
-3019
-1778
-2453
-1691
-978
-1068
-1146
-772
-752
334
405
827
540
1127
1409
718
1354
965
1317
865
676
280
983
815
644
2194
1213
1315
1426
1576
1221
1576
677
1334
1227
435
868
617
602
105
536
847
985
1486
2071
1567
1300
1950
1870
2142
1921
1756
1636
1263
1823
1431
1786
1382
644
568
834
-394
-284
-144
-513
-673
-1219
-1253
-1986
-1261
-2323
-1103
-1516
-1601
-1378
-1590
-2563
-1961
-1870
-2485
-1303
-1936
-1695
-1922
-1219
-1864
-1650
-1632
-689
-1501
-530
-371
-1203
-619
-902
-785
-1376
-621
-1582
-253
-1082
-527
39
352
185
277
1859
474
1186
786
863
1568
1332
592
834
760
1171
1044
731
373
682
-748
197
105
-279
-155
-921
238
-713
327
-456
203
-148
653
-143
209
884
279
730
-321
922
-148
-101
742
786
93
159
-17
-151
-339
563
-7
-126
-134
-515
-46
268
622
516
1051
587
1161
1682
1620
1775
2452
2080
1438
1906
1707
778
881
261
-159
-1216
-1531
-1415
-2312
-1542
-2723
-2508
-2140
-2532
-1413
-1580
-1120
-486
233
390
1015
593
1613
1406
1318
2251
2435
1333
1882
1176
1777
1452
975
887
268
-35
-703
-614
-903
-973
-1526
-1367
-1702
-1694
-1829
-1907
-1522
-1562
-1469
-1753
-1409
-804
-1633
-1217
-1213
-781
-617
-1228
-676
181
-934
-144
-824
-1047
-55
-1371
334
147
-735
-382
-226
111
289
-580
-291
633
95
1317
623
43
1064
562
986
1205
955
1424
1231
466
1647
619
1225
1863
1914
1291
1763
1449
1186
1014
847
1644
369
942
521
-208
678
532
334
1521
865
552
-80
-345
452
-178
-268
-296
-904
-432
-106
-1100
-689
-451
-592
-299
-566
-234
-330
-203
-488
179
-482
518
274
-265
720
-284
-374
-170
-100
255
189
-60
424
-169
753
-107
847
642
278
807
186
295
386
627
-401
483
-693
-828
-1341
-1834
-1274
-2399
-1060
-1923
-1899
-1679
-2476
-1674
-2657
-2117
-2397
-2311
-2095
-2431
-2582
-2374
-2707
-2435
-1861
-2542
-1566
-2142
-1022
-1241
-867
97
32
496
1142
1443
1373
1840
2219
3261
2455
3303
3377
3150
3222
3984
3577
3272
3551
3158
3957
3663
3794
4049
3195
3202
2566
2204
1994
1810
1945
2541
725
1290
715
755
665
45
281
-513
653
-1263
-939
-1211
-359
-1314
-1277
-1236
-1420
-1614
-2292
-2028
-3038
-1938
-2984
-2437
-2657
-3592
-2570
-3368
-2681
-3595
-3081
-2308
-3131
-2425
-1645
-2027
-2165
-1685
-2049
-1432
-1982
-1279
-870
-1687
-850
-395
-106
-88
783
766
1042
1374
1246
2036
1527
2143
2252
1942
2057
1968
2218
1954
2034
2318
1860
1495
1545
1291
669
1560
818
1011
561
415
523
-761
31
-331
-408
-1144
-462
-1413
-1227
-998
-1339
-1452
-1134
-1026
-1578
-652
-1156
-749
-628
-99
-319
-15
569
-187
720
1141
545
625
669
765
687
1671
1509
1664
1326
1430
988
896
1143
603
1086
342
689
700
663
571
1091
696
770
787
439
390
-146
-27
-282
-88
-195
62
-300
-436
-1094
-1315
-871
-1413
-1163
-1529
-1235
-1190
-1230
-1073
-999
-1105
-362
-547
-696
-274
-531
-891
-1094
-571
-645
-799
-825
-340
-502
-445
-112
120
281
-102
980
-27
752
-334
527
-215
578
539
414
817
506
1083
-606
609
331
447
481
459
525
-487
-178
-1052
333
-995
47
-678
-208
-960
-1146
47
-1042
-710
-792
-206
-1125
-547
-777
-266
-489
338
32
-679
887
191
497
595
408
1101
963
796
1133
1066
1373
1666
1362
1895
1119
1907
1208
1602
462
918
-138
-83
262
-421
155
-360
-55
-1092
-622
-580
-215
-671
101
-134
-389
753
178
245
885
960
1065
978
1198
671
1020
443
607
527
570
355
-21
-305
-319
243
-1338
25
-106
-628
-618
-801
-670
-1277
-505
-1149
-1506
-981
-1091
-1954
-700
-1746
-1307
-1218
-1792
-1065
-1578
-900
-1404
-1117
-1046
-749
-1744
-863
-725
-938
-428
-508
-397
-810
-353
-603
74
-154
527
182
271
228
580
603
425
885
720
1498
1028
828
1276
843
1247
1332
1869
1440
773
1416
-13
961
1298
1509
933
1434
978
1216
917
1140
1469
620
1212
355
1198
901
197
657
1186
695
-46
720
209
-276
-64
82
-843
175
-605
-1066
-686
-986
-1206
-1694
-948
-1202
-1758
-1598
-1409
-1527
-1178
-1229
-1726
-1263
-942
-964
-1164
-921
-880
-618
-1052
-963
-70
-485
-276
37
-41
-39
61
-263
335
447
375
84
350
1019
676
266
932
1034
218
1148
357
971
572
370
939
109
339
-26
502
235
305
-44
553
197
-122
65
402
222
-96
183
-500
75
-487
-216
-119
-38
-57
-430
-345
-654
-37
-551
144
-188
272
-180
495
-86
-96
-41
109
-19
-215
440
-186
612
-530
405
-261
-558
449
10
371
428
451
259
67
204
56
-79
-157
326
279
276
-12
57
232
-526
370
-327
327
72
342
192
321
417
-373
206
-15
341
-401
-370
-34
89
-208
79
-73
-433
203
-640
379
-618
222
-407
-218
-300
-836
115
-744
-109
-723
61
-430
-49
-312
-38
-44
-403
-314
-289
-172
-42
-91
-122
420
-280
324
-82
-80
-15
209
-255
-1
158
-171
-41
92
379
-195
482
-259
420
151
268
145
-435
643
81
325
237
313
304
31
-823
-209
679
-135
615
51
282
-83
124
-11
405
-251
448
101
-460
654
-514
142
170
4
-19
-83
304
346
-347
245
497
-513
703
-410
335
192
402
-96
-160
165
-454
466
-23
12
-236
200
-639
466
-129
-564
114
-155
474
8
-377
-559
14
-299
430
74
512
-49
-396
563
-106
382
-124
-8
-194
-42
-243
-292
-295
3
-386
-263
-248
-366
122
-332
-416
202
-462
-436
-254
-400
222
-92
-89
152
-89
-182
136
-125
303
-207
48
-348
-162
117
-117
-357
-272
119
-408
169
3
-233
15
452
442
-350
634
-6
40
267
187
31
453
447
-332
182
-243
525
6
492
374
-103
472
-17
-235
607
31
141
188
-216
616
-457
556
355
584
477
569
267
531
-133
113
696
-4
310
-242
266
-637
293
225
83
226
-464
66
-510
-194
-496
-200
-397
-339
-40
-255
-520
-559
-244
-354
-447
-740
-79
-782
-354
-304
-245
-289
122
-218
115
131
-43
436
-285
364
-110
197
-347
494
25
237
710
70
544
465
324
29
231
226
84
-20
-384
481
-338
317
137
-323
50
151
-130
-200
235
-604
243
-129
311
-190
-97
-9
-315
-278
-271
103
-198
223
-241
284
-31
-118
218
-240
232
42
95
66
-67
-435
153
-209
-48
141
-507
157
-180
-88
140
-126
-423
-154
-112
54
-27
-161
158
253
-167
55
-286
-99
-54
-133
-272
-299
-85
-329
-412
198
167
-245
112
-349
53
27
113
404
-194
55
241
439
-393
886
435
696
1021
338
842
231
777
411
571
-42
860
230
868
740
69
237
164
-93
-65
-44
-113
192
-334
390
-179
-584
83
-410
18
-348
-500
67
-419
-183
-284
-155
-345
-363
-485
-336
-519
-472
-526
-322
-406
-589
-746
-677
-418
-803
-327
-525
-807
-685
-922
-288
-389
-519
-595
-109
-230
223
88
-26
180
-240
481
-146
382
26
803
129
228
563
309
667
289
702
430
678
612
796
469
485
362
81
527
750
82
379
485
5
559
-150
624
-56
53
514
-144
415
404
35
-21
638
-11
100
365
386
227
339
736
95
531
350
450
11
454
390
-241
357
-148
91
-396
-405
-88
-807
-342
-908
-801
-669
-1113
-791
-1206
-1482
-1554
-1174
-1310
-1437
-1483
-1437
-1544
-1911
-1241
-1508
-1532
-1155
-1373
-855
-830
-521
-459
-265
63
619
303
901
1163
1167
1369
1684
1946
1733
1968
1984
2017
2145
1752
2062
1936
1666
2015
1609
1532
1496
1804
1222
976
583
993
783
518
495
460
-411
166
-181
-771
-42
-893
-319
-679
-993
-565
-954
-1102
-885
-1166
-897
-933
-1408
-894
-907
-1304
-857
-1004
-1176
-1232
-1088
-633
-1207
-1408
-535
-1023
-870
-644
-1253
-509
-691
-498
-773
-242
-541
-266
-112
62
16
-515
167
6
-283
289
-73
-108
165
213
81
346
270
498
652
851
609
239
723
585
497
363
1212
78
752
936
632
913
698
1058
703
724
678
773
578
834
921
132
1010
704
16
528
338
-28
258
370
-314
-2
150
-209
-111
-282
-181
-402
-274
-285
-399
-566
-480
-214
-235
-415
-242
-280
-570
-58
-461
-140
-496
-226
-173
-613
-128
-523
-327
5
-257
-235
-139
-88
-371
-182
-309
10
-111
180
-2
126
93
-302
33
-70
-291
-466
-173
-31
-358
72
131
-255
-50
-81
-508
38
-439
-88
212
-17
-92
118
514
-30
338
-130
179
45
77
203
331
55
263
524
101
262
-111
198
261
206
143
119
167
-21
94
229
185
89
349
165
350
508
114
-20
326
273
-15
440
347
-57
44
231
-138
2
8
-98
338
-43
-83
152
-426
165
-142
-241
-196
-280
-247
-200
-90
-531
-40
-278
-176
-351
-449
-465
-465
-88
-322
-214
-495
-83
-697
-276
-199
-165
-227
-182
123
-380
-52
-431
54
-12
180
177
-149
119
-81
-49
136
114
-318
504
102
-137
468
-300
312
426
180
508
112
184
388
132
351
306
507
158
323
657
4
252
38
449
-93
146
397
129
-114
232
-148
-73
198
-385
478
-448
-8
13
-50
16
-282
-361
42
-247
-454
-257
-531
-172
-492
71
-295
-241
-253
-314
64
-189
-94
105
107
-433
282
124
-334
240
38
359
52
-3
2
-254
-193
119
-277
128
-200
47
264
-443
263
-15
245
360
224
170
284
156
241
-117
601
1
41
449
36
-56
451
-87
164
276
6
330
-15
247
-93
205
195
26
220
-83
52
-6
-77
-34
-148
105
256
-317
339
178
-527
-236
-195
-402
-415
-633
-438
-597
-704
-692
-956
-558
-556
-581
-714
-430
-875
-432
-461
-112
-322
-265
261
-5
563
31
536
459
650
737
506
635
587
1123
270
1009
387
418
528
753
556
121
720
118
344
-78
166
-241
105
-74
-197
-237
-371
48
-529
-150
-232
-545
-207
-205
-399
-384
-587
-472
-442
-490
-196
-958
-75
-466
-303
-440
-488
-31
-115
214
215
-68
133
381
99
797
747
377
356
820
529
524
685
626
501
549
368
231
315
-22
519
66
228
335
92
13
-56
-42
285
-287
206
192
-200
212
-171
413
-145
268
76
-21
26
-140
-105
-288
-329
135
-143
-303
-28
-421
-10
-234
-460
-180
-293
-362
-475
-476
-356
-536
-712
-408
-713
-565
-297
-395
-377
-448
-641
-322
-301
-689
-304
-520
-459
-253
-548
-206
-212
-83
-293
-4
70
-190
55
-336
182
-206
5
288
239
317
191
317
357
573
-151
305
544
459
368
512
432
868
282
344
572
321
565
144
552
516
79
787
410
304
871
286
553
515
335
451
313
-5
689
150
349
410
74
549
-47
199
63
-125
-55
8
40
66
-34
-270
-50
-367
223
-627
-212
-145
-376
-127
-418
-258
-840
-442
-431
-564
-265
-427
-630
-191
-486
-482
-516
-585
-526
-384
-313
-103
-255
-256
-87
-366
29
-360
-156
0
-289
-54
29
-110
-38
88
-138
-15
67
15
-25
-108
72
-107
78
-166
-12
49
-176
156
73
-11
6
88
-265
307
-62
117
297
192
222
315
233
-105
170
151
108
173
613
451
555
283
390
454
112
518
337
459
449
460
206
625
340
341
412
176
620
165
374
271
-196
250
1
-206
320
-287
-377
-255
-405
-309
-477
-606
-756
-1006
-901
-1124
-1038
-892
-793
-1002
-807
-923
-866
-729
-608
-172
-738
-63
-344
-171
55
110
528
520
718
843
693
509
804
597
834
1019
781
916
1010
642
957
901
630
808
750
748
437
450
304
4
-156
106
-75
-266
31
-246
-356
-462
-372
-370
-504
-498
-443
-547
-845
-500
-659
-581
-446
-587
-458
-784
-459
-742
-415
-562
-542
-130
-17
-259
-100
138
-260
322
-57
149
9
2
392
106
427
184
335
446
172
254
146
204
314
260
139
394
192
473
402
244
418
364
368
342
191
377
312
387
113
84
231
22
246
-51
-113
16
-163
-308
-232
-169
-528
-244
-376
-404
-304
-305
-187
-206
-316
-294
127
-73
45
-127
-25
-34
228
114
-261
100
-132
-107
180
50
79
43
-187
-48
-28
-200
228
-162
-93
-181
-453
63
-210
25
-201
-416
-74
-347
-120
-243
-440
-402
-227
-143
-258
-79
-100
-35
-87
303
-110
103
261
34
279
-83
165
38
176
96
-205
463
90
353
373
390
254
419
391
517
424
448
671
257
573
333
583
464
356
649
518
402
192
364
-56
192
249
48
54
-105
-205
-239
-352
-296
-124
-182
-224
-230
-359
-423
-615
-569
-367
-369
-309
-67
-386
-319
-161
-508
-53
-226
-150
-386
-260
-479
-346
-415
-195
-151
-559
-59
-132
-397
70
-25
-303
-107
-75
-177
-367
43
-120
-263
-8
-66
-124
-105
34
78
-157
268
118
67
34
292
124
307
292
282
524
297
619
285
549
540
485
673
387
602
454
650
298
338
591
-9
188
183
-59
-23
113
-38
-1
-84
-103
-65
-144
58
-332
-185
55
-250
-174
-57
-252
-57
-190
-17
-375
-133
-237
-514
-123
-472
-364
-470
-234
-355
-513
-199
-70
-374
-49
-76
14
-50
4
207
-83
104
106
92
42
14
22
92
94
-113
128
-18
-77
32
-33
16
-8
25
68
131
214
423
273
423
562
183
511
494
256
418
207
154
100
151
317
175
162
253
-39
46
-115
-250
-209
-215
-221
-224
-248
-446
-264
-409
-251
-54
-152
-269
-314
-435
-520
-160
-240
-136
-89
203
-39
-93
360
150
97
235
281
133
171
134
79
-79
199
104
-56
139
0
7
6
13
35
15
-122
-65
194
-24
303
316
56
157
25
80
-167
-58
156
-76
-36
8
-228
-86
-157
-201
148
-195
-154
-79
-403
-407
-267
-321
-251
-173
-231
-121
-484
-108
-177
-279
68
103
96
131
166
51
93
-52
283
90
-26
333
-16
-70
85
45
-37
326
150
341
281
67
382
-16
258
292
219
226
102
172
55
135
213
369
148
202
358
63
308
233
220
245
184
31
15
-37
-141
-53
-23
-16
-67
-221
-77
-250
-215
-159
-127
-117
-290
-176
-72
-417
-323
-50
-344
-247
-85
-152
-193
-330
-161
-285
-263
-154
-150
-117
-202
-193
-236
-96
-309
-158
-4
-12
-81
62
166
-94
21
113
140
54
188
280
168
93
213
141
-34
124
168
131
122
176
197
193
137
201
224
122
242
195
139
78
93
101
-5
-77
10
4
-83
-53
-5
-52
-73
-12
-124
-97
-132
-40
-77
-39
-90
-71
-73
-110
-224
-134
-82
-132
-111
-95
-101
-237
-150
-119
-210
-222
-104
-223
-203
-259
-166
-183
-243
-105
-99
-176
-82
58
-70
113
100
145
192
173
270
244
260
323
282
285
311
223
248
365
284
252
376
268
261
245
249
206
221
200
154
184
112
113
107
155
133
106
200
121
70
66
50
-43
-70
-73
-217
-246
-316
-366
-418
-506
-446
-535
-536
-448
-549
-535
-512
-549
-579
-567
-477
-477
-476
-329
-321
-378
-223
-167
-189
-63
56
107
86
151
187
87
143
212
182
199
246
234
172
170
227
212
234
349
349
334
360
355
349
367
422
433
386
400
361
274
296
315
285
306
314
240
179
176
147
117
175
155
103
92
45
-11
-37
4
1
-34
-4
-62
-159
-156
-174
-219
-185
-171
-214
-236
-256
-278
-316
-321
-311
-368
-387
-385
-439
-443
-410
-416
-399
-367
-347
-338
-326
-267
-241
-224
-157
-142
-143
-122
-118
-111
-89
-48
-2
13
42
62
57
78
118
148
202
246
263
266
244
224
228
241
273
300
309
296
255
242
238
238
275
309
303
296
280
239
219
229
238
245
252
244
197
161
147
121
114
137
129
114
105
69
31
14
12
8
-7
-14
-37
-77
-94
-105
-117
-121
-130
-145
-161
-174
-179
-180
-177
-171
-172
-182
-191
-200
-201
-188
-179
-170
-168
-176
-184
-193
-199
-198
-183
-166
-153
-138
-137
-144
-147
-147
-142
-131
-110
-94
-82
-75
-76
-80
-73
-56
-37
-23
-3
12
21
24
30
40
52
74
92
110
122
129
127
128
135
144
153
164
170
166
160
152
144
137
140
135
130
123
109
96
83
75
68
61
62
59
55
56
51
49
47
49
51
52
54
58
62
62
58
52
42
31
23
18
15
9
3
-8
-17
-30
-37
-42
-47
-51
-54
-56
-60
-61
-61
-57
-59
-58
-60
-59
-62
-62
-61
-68
-74
-79
-84
-90
-95
-97
-101
-101
-105
-106
-104
-95
-88
-79
-70
-64
-57
-55
-48
-40
-33
-25
-19
-15
-10
-10
-9
-3
3
6
14
19
23
33
42
48
56
62
68
73
78
81
85
86
87
89
86
84
80
77
73
67
63
56
53
48
42
40
32
28
24
20
15
13
12
14
10
10
8
5
7
5
4
1
1
-3
-4
-4
-8
-9
-10
-14
-17
-20
-22
-22
-26
-28
-31
-32
-30
-32
-30
-32
-30
-29
-29
-27
-24
-21
-20
-18
-15
-13
-10
-9
-7
-2
-5
-3
1
3
5
7
10
9
11
10
11
11
11
10
9
7
3
3
1
-1
-4
-5
-6
-7
-7
-6
-8
-9
-10
-13
-11
-13
-14
-12
-12
-11
-10
-10
-11
-10
-7
-6
-4
-3
2
3
6
8
8
9
8
11
10
9
9
8
10
9
13
13
12
11
14
11
11
13
12
10
8
6
4
0
-4
-5
-7
-7
-10
-9
-9
-7
-6
-7
-6
-5
-2
0
3
-1
4
3
4
4
6
6
7
9
8
7
2
1
0
-1
-4
-5
-4
-5
-6
-7
-8
-7
-6
-6
-6
-6
-6
-4
-4
-2
-1
-2
0
2
2
3
2
1
2
1
2
4
5
5
5
7
6
7
6
5
4
3
2
-2
-2
-1
-3
-1
-2
-3
-1
-2
-3
-2
-3
-3
0
0
3
1
1
2
1
3
2
6
3
3
1
2
2
0
1
-1
0
0
-1
-2
-1
-1
0
1
1
1
0
1
2
2
0
1
-1
-2
0
-1
-1
-1
0
-1
-2
-2
-1
-1
-2
-2
0
-3
-1
0
-1
-1
-1
-1
-2
-2
-2
0
-1
0
-1
2
2
1
-1
0
0
0
1
2
2
1
2
-2
-2
-4
-3
0
0
-1
0
0
-1
-1
-2
-1
-4
1
0
2
1
-2
-4
-4
-3
-4
-2
-2
1
0
0
-1
0
-1
0
3
4
2
4
5
1
3
0
0
2
2
2
2
1
1
-1
0
-3
-3
-1
-2
-2
1
1
-2
0
0
1
0
-2
-1
0
1
0
1
2
-1
0
0
-1
0
0
0
1
2
2
3
0
0
1
1
0
-2
-3
0
-2
-4
-3
-1
-2
-1
-1
-3
-2
-2
-2
-2
-1
-2
1
1
1
-2
0
0
0
1
-2
0
1
2
0
-2
0
0
-3
-2
-4
-2
-1
-1
-1
-2
-1
-1
0
-1
1
0
0
0
3
4
3
3
-1
3
2
0
1
1
1
1
-1
0
2
1
-1
-4
-3
-1
-1
2
3
-1
2
0
-1
-1
-2
1
-1
0
0
-2
1
-1
-3
-1
0
-1
1
1
0
1
0
-2
-2
-3
0
-1
0
1
1
0
-1
-2
0
2
0
0
0
1
1
0
1
2
0
0
0
1
0
-1
-1
0
0
0
-1
-3
-2
-2
-5
-3
-4
-3
-3
-2
-2
-2
0
-2
1
0
0
2
1
2
1
-1
1
2
2
0
0
1
2
3
2
2
2
1
2
1
0
-1
1
1
2
3
4
1
3
2
1
3
0
1
0
-1
0
0
-1
0
-2
-2
-2
-3
-4
-3
-2
-2
-2
-4
-4
-4
-3
-2
-1
1
1
-1
-1
-3
-3
-2
-2
-1
-1
1
2
2
-1
0
-3
-2
-1
0
-1
2
1
0
1
0
0
0
1
-1
3
4
0
1
2
2
0
-1
0
3
3
0
-2
-1
-2
-1
0
1
0
-2
0
2
0
-2
-1
-1
-1
-1
-4
-1
0
0
2
1
3
3
2
0
-1
0
-1
0
-1
-2
1
2
2
2
0
1
0
0
1
-1
0
-3
0
0
-2
-1
-2
0
-1
-2
0
-2
0
-1
-1
-3
-2
-1
-1
-3
0
1
1
2
0
1
0
2
0
1
1
0
-1
-2
-1
0
0
-1
-3
-1
1
2
1
0
0
0
-1
-2
-1
0
-1
0
1
0
1
-2
-2
1
0
0
0
0
-1
0
0
-1
