2
0
2
0
1
1
-2
-1
1
-1
1
1
1
0
0
1
0
1
-1
1
0
1
1
1
2
0
2
2
2
0
0
2
1
-2
-3
-3
-3
-1
-2
-1
-2
-1
-2
-4
-2
1
-1
1
0
0
1
-1
-2
-2
-1
-1
-1
-3
-3
1
2
0
0
0
0
1
0
-1
-1
1
3
3
-1
2
1
2
1
0
2
3
1
-1
-1
-1
0
0
0
2
2
0
1
0
-1
-1
0
1
4
1
0
-2
-4
-2
-2
2
3
3
2
0
1
0
-2
0
1
2
2
1
0
-1
-3
1
3
0
2
0
-5
-4
-1
-2
1
3
1
1
-1
-3
-2
0
1
4
2
-1
-3
-3
-2
1
2
3
5
1
1
-1
-2
0
1
3
1
-1
1
-1
0
-1
2
4
1
-1
-1
-1
-4
1
0
0
0
-2
-3
-3
0
2
1
1
3
0
-1
-2
-3
-1
0
0
0
-1
-2
-2
0
2
4
2
-1
-2
-1
-1
3
0
1
0
0
1
5
1
2
3
2
2
-1
-3
-3
1
2
2
3
0
-2
-2
-1
2
3
4
-1
-1
1
-1
1
2
4
0
-2
-2
-3
-2
-2
0
0
-1
-2
-3
-1
-2
1
0
0
2
0
-2
-1
0
4
2
0
1
-1
-1
1
0
1
-1
-1
-1
-3
-2
1
-2
0
1
-2
-3
-2
0
0
2
1
0
1
-1
-1
1
-1
1
-1
-1
1
-1
2
2
4
2
4
3
0
1
1
0
0
1
-1
-1
0
-2
-1
2
2
0
3
1
2
2
0
1
3
1
0
-1
2
2
1
1
-1
-1
-1
1
-2
-1
-1
-2
0
-2
-1
-3
-5
-1
-3
-3
-3
-4
-4
-3
-2
-4
-2
0
1
-2
0
1
2
1
0
4
3
2
-2
-1
3
-2
-3
0
2
1
-1
1
2
1
-1
1
-1
2
5
1
-1
3
-3
-1
2
3
-2
-1
2
0
2
-1
-1
2
3
2
-1
1
3
1
-3
-1
0
-1
2
-2
0
-3
2
-2
-1
2
-2
-3
-1
-2
-1
-3
2
1
-1
0
2
2
-3
3
1
6
-2
1
-2
-3
3
-3
2
3
3
2
-6
0
6
-2
-4
4
4
-5
4
3
-5
-3
2
-5
3
-2
-3
0
-2
-2
-4
1
-1
-1
2
0
-7
1
2
-3
-7
8
1
-2
5
2
-1
0
3
-1
0
-2
1
2
-3
4
3
-1
4
2
3
-2
-3
3
3
-7
-1
0
-6
-4
3
5
-4
4
0
-4
-1
2
0
-2
1
-1
2
-4
-3
3
3
-1
0
-2
2
0
-9
2
3
-2
1
2
4
-3
-1
2
-5
-2
6
5
-5
7
1
-4
-2
4
-1
-6
2
3
-7
-5
7
-3
-4
4
0
-7
2
1
-2
1
2
-2
1
1
-6
4
4
0
-1
7
-2
-3
7
-4
3
3
-2
5
-1
0
1
0
1
4
1
4
-8
0
2
-5
3
7
-4
-3
3
2
-5
8
0
-3
10
1
-3
-1
3
-8
-2
4
-6
-4
2
-5
1
1
-1
-4
4
-2
-8
3
-9
-2
1
-3
-2
-1
4
-9
1
3
-2
2
-1
0
7
1
-8
14
-4
0
2
-1
5
-1
3
1
-1
-2
-4
-3
2
0
-1
-5
2
5
0
-3
7
5
-5
0
11
-3
-2
2
-1
4
0
0
8
1
1
6
-4
0
0
2
1
-5
10
3
-13
3
4
-10
-1
11
-12
17
-17
10
-5
-4
2
-20
15
2
-2
-10
9
10
-8
-1
-10
14
12
-43
17
22
-12
-15
-19
37
18
-87
64
-10
-8
7
-22
44
-8
-39
35
26
-60
21
28
-25
12
-28
2
18
-44
39
-3
6
13
-55
92
-123
117
-57
-14
77
-45
-37
67
-45
-82
175
-85
-53
114
-52
-54
44
68
-175
136
-24
-13
38
-70
26
21
-39
57
-12
-70
93
-43
23
-80
63
-11
-26
90
-88
18
78
-105
52
15
-3
-26
25
62
-131
88
-73
66
73
-121
15
81
-49
-87
161
-85
-56
153
-97
-41
41
30
-91
125
-129
129
-86
-43
142
-104
20
-25
60
-96
37
-5
-22
57
-58
24
-1
-6
-46
94
-68
50
77
-173
73
97
-108
3
123
-38
-86
106
-83
-59
157
-127
146
-170
86
-73
3
-5
91
-79
4
62
-13
-106
-15
214
-144
79
-2
-6
-76
88
64
-144
115
-43
19
-85
95
-130
65
-46
68
-63
53
-236
286
-213
85
51
-207
271
-204
28
149
-162
-49
335
-225
-72
225
-192
65
163
-179
69
17
93
-199
210
-52
-24
147
-176
217
-169
155
-35
7
68
-81
67
81
-78
-42
163
-93
-7
37
-33
40
37
-105
89
-88
20
10
-4
7
-95
125
-207
194
-113
-146
204
-75
-60
-113
199
-167
-63
133
-86
-48
-49
109
-188
49
24
-195
180
-181
29
4
-163
128
-95
88
-174
96
-56
19
-61
29
89
-183
168
-70
-4
81
-149
195
4
-48
-3
-46
234
-172
-18
108
1
-10
-12
130
-108
158
24
-28
196
-162
169
77
-45
-6
91
-36
-56
46
-4
-129
107
-76
-12
-67
190
-109
-119
314
-131
25
-101
251
-4
-84
86
95
52
-86
238
-70
-6
86
10
-127
43
-57
-133
-27
52
-445
279
-219
-91
54
-214
58
-96
-110
-115
20
-192
-86
-89
-111
-42
-149
-8
-257
115
-160
-185
23
-16
-188
-10
52
-146
48
32
-59
134
-65
213
1
105
177
179
184
157
145
259
242
240
165
-2
603
46
149
241
246
150
224
235
85
152
127
202
-50
142
45
-56
226
-194
156
113
-238
-5
138
-232
4
-140
-175
-86
34
0
-308
47
259
-139
-206
236
-29
-125
-46
-21
-41
-268
148
-186
-209
20
-227
-306
-99
-360
-368
-198
-532
-216
-154
-576
-75
-181
-430
-30
-239
-232
-156
-46
-44
-199
137
-6
75
108
-140
262
67
-180
146
127
-148
88
24
-45
8
-24
39
-186
137
-186
32
23
3
-44
62
268
123
48
265
428
103
392
282
470
355
381
468
531
451
516
398
708
200
519
590
266
301
409
542
-156
472
139
12
11
2
-125
-131
-234
-183
-191
-574
-125
-443
-535
-409
-481
-542
-435
-529
-474
-445
-510
-406
-449
-336
-493
-411
-225
-384
-290
-198
-400
-142
-171
-232
-125
-255
26
20
-215
43
-5
-104
94
70
-137
257
45
104
219
26
244
110
173
181
297
309
-71
560
92
301
248
208
221
316
251
129
430
1
248
292
73
166
164
96
36
179
-26
48
13
34
101
-279
78
-75
-16
36
-142
-270
107
-111
-26
-77
-194
34
1
-312
176
-84
-195
-93
162
-123
50
-66
-8
-85
152
-44
-25
164
-71
-20
-63
156
-48
-1
158
-403
194
-29
-163
73
-59
122
-315
122
-152
-40
-128
80
-34
-143
-100
-100
-101
-82
-95
-160
17
-244
60
-89
-66
-308
320
-156
-133
-5
-257
41
-65
145
-262
172
-69
61
-95
58
-70
283
-39
105
-1
318
-37
355
67
-118
485
209
-24
294
428
-153
515
188
168
250
201
315
230
58
323
147
20
5
175
-158
-264
8
-289
-65
-297
-191
-295
-650
-257
-127
-799
-528
-599
-651
-414
-454
-905
-785
-543
-322
-737
-89
-560
-365
224
-589
141
108
372
104
330
729
123
777
653
457
1156
932
767
750
1028
906
830
809
1151
871
724
920
481
731
390
472
532
152
247
205
69
-202
-126
-231
-322
-231
-569
-585
-804
-568
-652
-868
-1041
-800
-897
-888
-1089
-1139
-1067
-1094
-835
-1122
-923
-1189
-487
-779
-934
-735
-646
-227
-368
-552
-143
-162
51
156
82
-7
793
253
430
457
637
1111
400
862
642
1096
665
1007
857
621
1009
665
842
666
509
626
661
103
853
68
855
25
660
-105
342
126
-169
451
-239
109
-304
48
-63
-235
-192
-53
-296
-89
-44
-591
-239
-189
-663
-457
-641
-396
-404
-377
-399
-578
-320
-506
-128
-1045
-27
-468
-471
-106
-555
-187
-226
-241
-509
176
-341
629
-194
281
-61
242
406
-150
303
576
285
576
190
440
768
39
979
433
672
392
418
597
297
536
200
285
194
562
40
265
112
275
99
61
75
80
-61
-102
-566
96
-306
-197
-46
-404
-479
-365
-249
-670
-196
-626
-247
-519
-324
-794
-360
-337
-696
-269
-523
-439
-333
-1087
-98
-132
-269
-77
-475
-306
161
-462
86
-21
-107
318
-291
178
-102
155
316
-116
474
46
45
117
226
3
407
-131
158
200
105
-54
130
68
-81
147
-110
-155
424
-18
-179
298
130
28
-247
466
131
109
530
335
551
159
724
342
530
660
1140
723
1039
1025
527
1060
974
878
937
1036
626
993
1172
879
659
761
380
542
463
443
292
127
338
76
-186
-123
-388
-461
-426
-612
-891
-785
-882
-1349
-1180
-1571
-1413
-1755
-1291
-1778
-1771
-2088
-1837
-2052
-2663
-1876
-2378
-2278
-1871
-1968
-2038
-1568
-1953
-1840
-1279
-1285
-1003
-743
-797
-505
-191
-274
2
379
785
805
855
1659
1255
1872
1907
1715
2077
2384
2229
2187
2415
2291
2590
2260
2363
2286
2385
2464
2301
2494
2171
2457
2018
1890
1902
1469
1264
1673
1137
1094
1167
909
478
353
431
-232
-123
-370
-450
-901
-839
-1161
-1419
-1257
-1799
-1468
-1953
-1803
-2280
-2388
-2157
-2490
-2375
-2634
-2386
-2637
-2421
-2255
-2271
-2197
-2034
-1720
-2136
-1701
-1620
-1454
-1118
-1073
-757
-902
-205
-558
-119
178
369
672
861
956
872
1271
1115
1168
1409
1603
1394
1715
1207
1269
1224
1405
1616
1452
1353
1275
1166
958
1341
763
1261
1034
1127
939
516
899
481
330
762
164
306
739
171
126
-12
165
-166
-94
-369
-73
-504
-318
-513
-724
-490
-518
-804
-650
-772
-688
-741
-477
-737
-627
-733
-785
-751
-1085
-828
-1165
-792
-784
-954
-868
-1112
-1022
-990
-291
-809
-688
-389
-580
-314
-12
20
249
221
679
716
510
970
1140
980
1787
1438
1591
1660
1426
1824
1499
1597
1484
1414
909
860
870
254
289
14
157
-19
-403
138
-946
-551
-923
-1113
-1296
-999
-1266
-1135
-1074
-1238
-1288
-1157
-676
-1358
-1002
-371
-1079
-391
-740
-471
-439
-134
-290
-183
-135
-446
107
-219
38
230
-143
235
242
-80
439
622
218
543
278
184
596
493
734
876
605
1278
648
1261
1093
1096
999
774
1313
1198
1112
723
709
469
525
252
314
-62
-337
-499
-1300
-726
-1343
-1453
-1149
-1484
-1448
-1670
-1653
-1798
-1834
-1524
-1729
-1633
-1595
-1249
-1242
-690
-648
-355
-231
-97
513
299
950
1009
671
1445
1070
1429
1611
1633
2165
1695
1638
1881
1753
1745
1551
1460
1162
1187
840
1162
918
664
601
159
75
74
-301
-102
-310
-269
-883
-510
-739
-1153
-788
-904
-974
-1158
-1219
-1652
-1216
-1673
-1419
-1514
-1643
-1117
-1418
-1047
-1424
-894
-711
-1338
-627
-972
-1096
-623
-1094
-447
-618
-531
-415
-312
-465
133
-65
176
658
389
931
385
690
611
857
768
1103
1144
1294
1259
1606
1214
996
1400
1082
979
1496
1135
891
1481
869
1185
1117
1362
1420
1167
1187
1480
1689
1832
1641
1457
1990
1806
1662
1190
865
170
-259
-285
-501
-1501
-1307
-1513
-2130
-1988
-1909
-2247
-2537
-2816
-2955
-2351
-2420
-1732
-1682
-1766
-1320
-1839
-1280
-1105
-642
-413
-658
-873
-755
-533
-567
-879
-484
-4
-346
-451
-89
-367
-178
-105
-131
-188
-102
81
-253
-256
-1
-124
-526
-260
-509
-746
-808
-713
-369
-490
-395
145
-345
-57
820
422
720
934
1045
1352
1586
1662
1743
1986
1933
1862
2727
2210
1969
1863
2071
2274
2125
2489
2321
1855
1516
1693
1149
900
1083
1102
1359
1053
645
478
620
535
512
194
-352
259
-823
-379
-995
-580
-546
-917
-788
-1643
-1445
-1501
-1904
-772
-1563
-1423
-1448
-1971
-1654
-1621
-1413
-939
-1501
-1534
-1081
-1476
-1473
-1333
-1419
-1435
-1191
-1094
-1394
-651
-1305
-1702
-1934
-1060
-783
-1141
-260
-596
-1663
-1044
-669
-825
-481
166
109
-470
814
671
651
1346
1664
1464
1400
1608
1318
1349
2027
1742
1000
2104
1462
753
895
1357
769
71
1325
306
16
826
149
-169
-270
-275
94
-58
-435
-469
-946
-586
-120
-268
173
485
386
512
239
801
-31
593
930
151
366
68
358
371
1225
1096
899
1448
1371
1520
1340
1719
1320
1592
1049
630
1048
601
747
549
192
-86
442
429
-71
748
232
-142
-137
-242
-627
-508
-1497
-1763
-2085
-2378
-2493
-3545
-3454
-3249
-2867
-3334
-4195
-3313
-4052
-4120
-3023
-2944
-3034
-2369
-2539
-2574
-1676
-1946
-871
-707
-292
-659
-1359
504
648
606
1107
2199
2011
1747
2304
2212
2761
3367
3401
3834
4322
4585
4584
4607
4669
5142
4846
4620
5707
4784
4777
4948
3970
3423
3194
2365
870
-402
-976
-1052
-2521
-2640
-3064
-4434
-4144
-4628
-5390
-5424
-5468
-5302
-4262
-4516
-4499
-3478
-3482
-2698
-2732
-1341
-366
-355
768
732
1111
2524
3234
3204
4105
4888
4729
5407
5051
4703
3958
2979
2631
217
428
-417
-1548
-2286
-2880
-3859
-4752
-5026
-5708
-5158
-5658
-5311
-4254
-4198
-3669
-2324
-2499
-1805
-1344
-789
-737
-295
20
-209
-633
-7
293
-334
-17
147
49
468
1857
1555
1417
2284
2683
2040
2320
2378
1702
2590
2485
2355
2230
3244
3494
4048
4439
4758
4590
3872
3595
3332
1903
929
909
-267
-1503
-2517
-2952
-3282
-3935
-3996
-3891
-4239
-3565
-3148
-3328
-2493
-2676
-1748
-884
-1197
-104
454
675
1655
1379
2155
2353
2081
2977
3339
2933
3574
3807
3528
4087
3865
3309
3374
3277
2857
2107
2269
1608
691
372
340
-145
-1231
-1601
-1665
-2337
-3007
-3034
-3666
-3839
-4362
-4835
-4316
-5035
-4869
-5147
-5151
-5207
-5062
-4714
-4626
-4338
-4228
-3843
-3793
-3117
-2315
-2519
-1634
-1581
-1823
-1416
-1157
-243
613
274
986
1587
1273
1868
2322
3000
2951
2935
3072
3200
3054
3421
3187
2921
3522
3046
3196
3318
3029
3108
3026
2363
2699
2165
1784
1998
1241
1392
957
306
1023
160
-468
-189
-993
-974
-1369
-1713
-1826
-2071
-1952
-1615
-1338
-1628
-1360
-1418
-689
720
2627
4917
7501
10754
13287
14905
16180
16556
15357
13868
11333
8011
4871
1943
-661
-3250
-5703
-7770
-10343
-12737
-14562
-16886
-18960
-19965
-20647
-20791
-19874
-18792
-17255
-15020
-13063
-10589
-8485
-6321
-4009
-2230
77
1981
3449
5258
6747
7495
8373
8789
9562
9944
9829
10053
9528
8512
7730
6517
4503
3322
1905
692
182
-249
-234
-217
241
977
696
1068
1396
1035
1044
1017
605
639
780
681
642
472
799
508
636
1186
754
1104
965
926
895
601
559
644
905
997
1366
1423
1185
1226
1339
1910
2596
2762
2853
2726
2778
3206
3286
3277
3790
3601
2773
2405
1797
-703
-4384
-6943
-7238
-7026
-7093
-7728
-9133
-10647
-11104
-11017
-10407
-9238
-8418
-7452
-6002
-5365
-5687
-4916
-2936
-1729
-786
1195
2572
2603
3445
4885
5455
6165
7550
8055
7292
7189
7021
6238
6008
6240
5358
4617
4622
4289
3472
3030
2734
2756
3248
4059
4444
4391
5697
4066
-1156
-5360
-4857
-2513
-1211
-1632
-4199
-7775
-9634
-9802
-9091
-7708
-7035
-7176
-6357
-5580
-7066
-8151
-6232
-2794
207
2582
2743
952
640
2806
5139
5898
5919
6126
6398
5522
4236
3519
2596
2731
4005
3436
625
-1040
-1381
-1637
-635
845
506
210
1720
2446
2142
3510
5131
5802
7736
9174
9338
9111
5737
-226
-2545
374
1269
-716
-2889
-6500
-10985
-11887
-11000
-11386
-11595
-11022
-11243
-10563
-10119
-11292
-10826
-6239
-1963
1
1672
1850
1096
3342
7429
9410
9953
9759
8683
8469
8943
7562
6001
6168
5565
3553
1539
-1588
-4535
-3635
-1711
-2093
-2868
-3024
-3535
-2583
286
1713
2126
4173
5752
6519
8067
10124
10358
6764
2152
-88
1729
2593
409
-3002
-5820
-8832
-11033
-11501
-11438
-12479
-13058
-12299
-11254
-11838
-12732
-11722
-8113
-4008
-1589
-438
13
991
3211
6804
8995
8003
6891
8781
11090
10532
9034
7801
6204
5705
6406
4530
1057
-91
164
-795
-932
-732
-1165
-299
2369
2983
2426
3528
5640
6941
9938
10676
4182
-3088
-2713
2014
3644
2122
-2148
-7502
-10006
-9430
-9129
-8906
-9188
-10656
-10634
-8577
-9635
-12278
-10207
-4606
-1002
672
450
-1568
-1097
3513
7718
7989
6319
6447
7957
8013
7061
6861
6219
4997
4957
3521
-585
-2338
-1099
-1135
-2068
-1904
-3081
-3459
-703
1268
823
2333
4455
4657
6038
9215
9757
5166
-262
-2715
268
3512
1919
-3016
-6758
-9515
-11222
-10432
-8729
-9968
-11854
-11482
-10006
-10409
-11100
-9748
-5684
-1166
1096
864
153
1255
4562
8841
10240
8893
8730
10463
9759
8455
9155
8775
6689
6166
4541
421
-1055
273
-797
-2225
-1848
-2577
-3090
-347
1369
916
2664
4454
4614
6388
10587
9148
1851
-3716
-2398
2676
4769
1182
-4776
-8898
-10656
-10655
-8672
-7717
-10256
-12765
-11333
-9744
-11088
-11466
-8342
-3462
-219
381
-961
-1414
1290
6251
10522
10846
6681
4993
8556
10399
8117
8085
8539
5116
2860
2684
-937
-3378
-52
717
-3259
-4270
-3599
-3730
-286
3707
2628
1793
4602
5675
7455
12140
8301
-2368
-4652
2366
5264
3204
-953
-7342
-11025
-9011
-7647
-8484
-9061
-11470
-13698
-10334
-8364
-11774
-11577
-5072
-1056
-361
262
-836
-1038
4328
10076
11352
9174
5634
5380
10101
11961
8474
7287
7343
4421
2828
2640
-1045
-2696
459
-40
-4436
-4561
-2781
-1638
1922
4511
2274
1626
5012
7484
10607
9881
194
-7347
-723
7039
4614
-994
-6063
-11394
-11150
-6775
-6431
-9517
-11559
-13436
-12182
-8540
-9569
-12230
-7328
-735
-337
-1335
-814
-1238
2226
9649
12645
8252
4364
5960
9980
12009
10044
7345
5904
5286
4057
2008
-552
-1434
-174
-92
-3137
-5366
-4067
-458
2439
3645
2451
1607
3709
7304
11463
10641
1527
-7017
-3064
6110
6657
203
-6327
-10881
-11384
-7951
-6060
-8120
-11425
-13810
-12471
-9199
-9666
-11895
-8282
-1453
204
-1420
-1909
-1336
1875
8519
12543
8933
4075
5628
10019
11672
10569
8161
5032
4388
5464
3388
-69
-366
254
-930
-2341
-3605
-4085
-635
3485
3638
2382
2833
3832
6597
12293
9583
-2803
-8806
-856
6843
5329
-1198
-8735
-13381
-11199
-6705
-5691
-8029
-12142
-15147
-11781
-7418
-9285
-10935
-5427
-168
-338
-999
-878
-564
3742
10494
11621
7029
4935
7345
9599
10710
10197
7041
4061
4411
4109
967
-805
-447
-1161
-2246
-3004
-4151
-3312
1108
3544
2668
2461
3570
4719
8680
13814
8949
-3568
-7685
1026
8087
5616
-1777
-9272
-13115
-10919
-6842
-5638
-8421
-13426
-15930
-11829
-8260
-10337
-10859
-5067
-760
-1231
-1821
-1362
-342
4549
10885
11441
6717
5021
7703
10690
12000
10678
6893
4694
4826
3387
1175
732
-15
-1754
-2491
-3870
-4995
-2229
2229
2536
1824
2427
2852
4394
10302
13482
5083
-6384
-6281
3734
8911
4279
-4247
-10689
-12317
-9276
-5437
-4854
-9088
-14772
-15164
-9838
-7864
-10330
-9141
-3640
-1139
-2033
-2245
-1492
704
5966
10982
10007
4786
3936
8317
11551
11326
9841
5932
2585
3737
4905
1820
-111
1
-1973
-3706
-2634
-2316
-1258
2560
3650
1517
1898
4599
6753
11998
12934
1103
-9842
-3665
7765
8239
1579
-6290
-13509
-13546
-7076
-3675
-5986
-10901
-16484
-15858
-8938
-7106
-10196
-7413
-1764
-2161
-3522
-1638
-52
3237
9472
11740
7141
2276
3352
9725
14824
11984
5480
3077
3574
3857
4736
3468
-876
-2652
-1397
-3084
-4419
-1394
1984
2385
2877
2465
1651
4589
10502
13830
7802
-4386
-9169
838
10643
7184
-2955
-10556
-13939
-11156
-4406
-2158
-7723
-14885
-17149
-12774
-7613
-7453
-8925
-5878
-2049
-2555
-3274
-1119
1783
5656
10538
10764
3779
315
5959
13193
14135
10286
4666
-412
447
5977
7089
2120
-2277
-3884
-4941
-3494
-190
640
848
2100
1954
998
3881
8040
11589
13849
6327
-7486
-8784
5066
12084
6020
-3015
-11548
-16159
-10717
-2100
-1581
-8021
-15413
-18951
-13727
-6736
-6755
-8124
-4676
-3338
-5482
-3617
480
2837
6657
10720
8206
1906
2012
8728
14420
13935
8434
1792
272
4672
8047
5371
477
-3186
-4865
-3631
-1128
-910
-1070
988
1223
44
1540
5244
7685
11330
12950
3315
-9053
-6653
7132
12730
5878
-5225
-14210
-14978
-7110
75
-747
-8334
-17523
-19688
-11340
-4097
-5478
-7585
-5864
-5673
-5904
-2201
1528
3302
6187
8350
6052
1972
2381
8430
14678
13900
7011
1024
57
3644
8364
7941
1140
-5033
-5676
-3392
-640
1388
621
-1072
-1088
533
2610
5771
8372
10092
11502
5207
-6665
-8013
5354
13392
6943
-4154
-12837
-15860
-9244
451
1545
-6858
-17253
-21327
-13818
-3508
-2292
-6609
-7663
-7577
-7421
-2608
3216
4093
4313
6067
6004
2827
3137
8220
12888
12560
8212
3201
790
3258
7558
7287
2279
-2969
-5264
-4024
-371
1597
529
-839
-1124
-409
2421
6126
7783
8497
10742
6469
-4966
-8395
3198
12326
7761
-2776
-11772
-15456
-9924
-439
2016
-4936
-15841
-21973
-15383
-3605
-1089
-6054
-8303
-8640
-8391
-2948
3767
4577
3328
4128
4655
4543
5212
6897
10477
13010
9171
3232
2442
4708
6386
6855
3638
-2855
-5442
-2554
48
434
-146
-1852
-2525
-286
3089
4838
6191
6831
8575
9381
2243
-7283
-3863
9023
11439
1853
-7979
-13615
-12731
-4215
2795
-943
-11941
-20881
-19339
-7612
412
-3410
-9795
-10777
-9420
-5280
2270
5484
2401
1165
3599
5486
6317
7446
9120
10558
9569
6424
4917
5580
6054
6736
5226
186
-3843
-3001
-969
-33
64
-2094
-4404
-2586
1100
3776
5369
5394
4008
7121
9103
903
-7013
-400
9840
7850
-799
-7707
-11944
-9673
-1630
2197
-3433
-13565
-20409
-15751
-3542
437
-6213
-11151
-11016
-9190
-3020
4413
4224
-178
-114
3300
6138
8063
8391
8354
8676
7211
5781
7171
7189
5503
5901
4430
-855
-2275
60
-221
-540
359
-2527
-4327
-411
2807
3067
4765
5008
4122
7677
5864
-5063
-6880
5203
9890
2589
-4080
-9405
-12352
-6112
1979
349
-8032
-16382
-19108
-10167
579
-1308
-9033
-10753
-10043
-7301
1468
6656
2121
-1425
1099
4163
6835
9293
9166
8613
7102
4604
5909
9434
7872
5187
4384
-201
-3615
386
2380
-1360
-2529
-2776
-5526
-2711
2982
2472
1202
3465
3309
3656
9980
8973
-2534
-6512
2260
8534
6311
387
-7552
-11586
-6895
-615
223
-4502
-13448
-19352
-12601
-2130
-2229
-7896
-10450
-11340
-8820
-460
4551
1789
-1014
-295
2658
7479
10031
8103
7106
7278
6396
7643
9589
6925
4560
5228
2977
-331
362
76
-2024
-1123
-1008
-4243
-3717
-30
883
2227
4494
3042
2063
7119
7506
-1244
-5226
1623
7554
5862
549
-6014
-10133
-7186
-990
1351
-3056
-12495
-18672
-12811
-2394
-1031
-6338
-10399
-12217
-9633
-739
5608
3000
-1938
-2720
1258
7268
10257
8083
6055
6148
6068
7088
8714
7452
5630
5450
2917
-768
-653
602
131
-65
-1641
-5066
-4696
-85
2312
2934
3272
1692
873
5769
9421
3567
-3799
-1919
4937
6904
3386
-2583
-8400
-9035
-3791
822
-1080
-8966
-16520
-15353
-6454
-1472
-4465
-9183
-11804
-10823
-3907
3934
4102
-950
-3457
-541
5381
9878
9514
6207
4444
5263
7791
9730
8643
5749
3712
2533
1709
1613
1015
-408
-1268
-2135
-3273
-2896
-705
992
2012
2312
1379
1118
4114
8165
6365
-531
-3512
1363
6093
5033
653
-4840
-8883
-7296
-1859
158
-4360
-11741
-15574
-11580
-4817
-2948
-5557
-8753
-10700
-8308
-961
3841
1877
-1511
-1223
2076
6151
8981
8253
5198
3920
6235
8845
8736
6889
4747
2560
1534
2158
1888
138
-930
-1578
-2801
-2695
-1145
64
729
1411
1186
1215
2744
5219
7424
5684
-460
-3498
1323
5990
4659
463
-4646
-8992
-7582
-1750
313
-3921
-10628
-14802
-11924
-4798
-1554
-3933
-7624
-10184
-8688
-1629
3901
2632
-714
-1194
544
4208
8038
7655
4846
4694
6048
6296
6736
6795
4742
3115
3094
1750
-72
110
579
-228
-757
-1307
-2295
-1400
959
1634
1437
1834
1746
1996
4961
6390
2182
-2258
-1311
1902
3090
2150
-1520
-6419
-7489
-4259
-1215
-1440
-5278
-10392
-11003
-6181
-2164
-1968
-3818
-6762
-8121
-4205
1544
2819
740
-838
-951
999
4624
6547
5301
3428
2767
3491
5066
5969
5056
3174
1701
1059
1020
1145
1097
496
-707
-1627
-1592
-1035
10
1237
1537
939
975
1625
2128
2712
3552
3599
1770
-951
-1728
146
1695
1028
-944
-3482
-5401
-4494
-1559
-304
-2041
-5015
-6760
-5623
-2623
-753
-1188
-3041
-4777
-4232
-1111
1335
1133
-191
-981
-691
997
2872
3275
2573
1844
1400
1635
2417
2642
2230
1797
1076
13
-449
-90
524
943
693
-102
-520
-57
864
1670
1809
1054
323
500
1218
1601
1502
1142
893
941
650
-226
-463
369
870
490
-80
-745
-1188
-726
50
-7
-820
-1745
-2109
-1452
-623
-728
-1390
-1948
-2308
-1981
-1081
-815
-1249
-1449
-1442
-1439
-997
-363
-152
-139
-194
-505
-616
-232
169
453
554
75
-365
152
854
869
696
511
73
49
616
826
554
403
403
548
848
883
690
829
1195
1388
1472
1497
1421
1439
1604
1644
1447
1251
1298
1484
1501
1259
875
518
404
510
421
-61
-613
-959
-1127
-1170
-1227
-1423
-1633
-1810
-2055
-2174
-2001
-1810
-1761
-1645
-1529
-1661
-1785
-1495
-1033
-943
-1190
-1377
-1304
-1030
-708
-570
-690
-899
-882
-488
59
326
251
152
259
577
1027
1391
1505
1473
1418
1384
1521
1858
2095
1990
1671
1466
1540
1757
1876
1793
1532
1182
902
806
834
792
644
543
486
305
31
-141
-113
56
111
-117
-414
-512
-449
-419
-570
-904
-1259
-1520
-1617
-1556
-1517
-1701
-2034
-2252
-2169
-1912
-1742
-1653
-1553
-1474
-1374
-1123
-809
-558
-340
-140
-47
-80
-65
239
720
884
568
248
335
743
1171
1304
1007
625
586
835
1066
1085
878
766
1020
1290
1150
821
728
940
1306
1495
1269
925
888
1047
1141
1031
624
130
-33
95
117
-65
-364
-729
-908
-749
-646
-830
-963
-867
-776
-801
-864
-878
-764
-635
-647
-727
-810
-842
-682
-517
-723
-1120
-1212
-919
-470
-222
-420
-823
-962
-754
-428
-231
-253
-318
-197
53
188
173
230
487
773
868
768
696
844
1161
1342
1199
879
623
612
846
995
785
428
237
238
343
418
309
106
66
229
405
396
195
22
77
204
163
35
34
116
72
-153
-445
-642
-604
-330
-55
-121
-496
-790
-778
-617
-490
-437
-488
-566
-518
-434
-459
-480
-368
-222
-170
-258
-391
-324
-6
228
132
-134
-275
-143
138
287
143
-123
-159
57
224
174
20
-46
113
420
560
420
222
136
209
410
539
421
224
206
342
343
84
-166
-88
219
382
257
33
-79
-41
105
205
133
-26
-114
-79
40
108
-34
-210
-171
-58
-118
-245
-263
-173
-28
21
-156
-333
-273
-107
38
119
-15
-194
-39
258
265
62
-82
-40
267
558
389
-45
-246
-219
-139
13
86
-121
-384
-406
-297
-280
-383
-494
-444
-204
-60
-148
-178
-25
83
109
162
219
252
268
213
107
111
270
377
278
49
-143
-197
-97
47
59
-68
-240
-358
-289
-63
79
47
26
125
304
467
454
329
388
611
718
649
481
267
154
130
42
-20
5
-84
-318
-536
-707
-764
-609
-437
-454
-602
-747
-697
-322
53
40
-184
-229
-1
366
590
419
70
8
268
488
454
180
-137
-229
-104
-22
-84
-215
-356
-398
-302
-215
-223
-196
-54
117
199
177
170
351
694
925
827
540
356
378
496
522
353
105
-15
-12
-62
-239
-456
-541
-424
-327
-482
-704
-725
-542
-256
-35
-133
-424
-415
13
413
422
127
-156
-143
183
491
451
100
-225
-260
-37
134
-22
-360
-507
-412
-290
-182
-79
-81
-143
-71
112
278
441
590
633
613
632
604
472
399
401
286
111
62
49
-74
-226
-336
-396
-351
-292
-362
-492
-528
-436
-209
15
-18
-200
-189
31
207
266
244
164
100
112
135
129
106
58
3
-72
-221
-364
-345
-211
-165
-304
-495
-486
-213
66
150
99
20
62
379
744
744
504
403
447
506
525
351
34
-93
-43
-116
-333
-509
-573
-439
-225
-271
-543
-689
-605
-342
36
201
-17
-153
90
358
412
416
400
314
258
217
129
89
121
128
99
-55
-397
-606
-369
-31
-50
-322
-497
-443
-181
119
250
218
186
256
415
588
667
634
565
506
403
245
114
90
98
-18
-270
-549
-720
-665
-392
-202
-343
-642
-750
-561
-207
62
68
-82
-152
-39
194
383
391
291
240
204
100
43
105
163
140
31
-201
-412
-355
-106
-21
-201
-383
-360
-181
-5
95
154
215
277
369
482
503
433
430
543
583
427
187
30
-5
30
18
-139
-390
-540
-459
-233
-105
-218
-446
-529
-365
-82
143
161
-42
-252
-201
94
371
421
242
-19
-155
-42
192
269
68
-213
-372
-367
-220
-56
-83
-309
-467
-363
-89
137
145
15
5
169
337
437
449
295
131
183
325
350
305
177
-41
-157
-103
-77
-118
-132
-202
-312
-255
-53
56
29
-59
-130
-45
197
319
189
-18
-110
28
322
465
258
-91
-272
-212
-5
133
-7
-329
-538
-458
-198
-26
-126
-365
-429
-240
42
198
139
22
70
253
371
372
298
179
120
161
172
120
55
-31
-137
-233
-321
-309
-199
-192
-256
-183
-162
-298
-73
431
423
51
80
378
429
325
231
120
121
271
346
231
-18
-237
-228
-46
-7
-216
-441
-490
-389
-244
-133
-147
-300
-320
-13
225
68
-51
172
361
359
345
283
168
172
226
187
140
37
-196
-318
-267
-270
-328
-339
-383
-422
-319
-191
-144
-35
136
190
168
249
401
482
436
312
218
184
164
193
259
162
-122
-298
-256
-202
-231
-259
-327
-498
-591
-440
-197
-98
-140
-139
-8
140
225
322
458
502
415
367
393
376
329
325
283
141
-19
-142
-236
-281
-288
-276
-284
-372
-481
-436
-236
-51
44
81
96
120
219
370
461
419
276
154
137
184
199
117
-55
-230
-358
-419
-391
-314
-303
-435
-613
-657
-484
-205
9
67
-2
-79
-9
263
589
732
583
291
138
239
430
525
441
171
-134
-259
-240
-248
-241
-199
-279
-418
-446
-439
-379
-71
236
169
-7
84
312
489
586
482
222
118
263
408
360
122
-147
-241
-184
-203
-345
-461
-505
-511
-493
-520
-598
-542
-252
54
145
53
-39
13
300
702
861
592
203
85
291
573
636
374
-27
-265
-275
-190
-160
-237
-359
-453
-505
-494
-355
-136
5
22
7
46
169
373
564
587
416
233
239
401
487
326
29
-173
-207
-182
-213
-324
-489
-632
-652
-579
-525
-498
-413
-267
-144
-91
-49
63
267
487
605
580
473
388
406
485
509
418
228
12
-166
-244
-253
-270
-307
-361
-463
-589
-600
-415
-170
-37
-13
-21
9
130
345
526
538
416
315
343
415
395
272
130
26
-63
-166
-283
-372
-406
-436
-522
-626
-643
-513
-298
-126
-83
-145
-139
82
426
642
623
483
393
424
546
640
574
358
130
4
-57
-128
-192
-222
-277
-409
-541
-568
-463
-283
-125
-82
-162
-215
-61
242
434
375
230
214
325
416
412
311
153
31
7
10
-105
-319
-461
-469
-464
-535
-609
-589
-489
-373
-284
-234
-196
-67
165
369
413
361
370
459
543
559
528
439
310
187
105
32
-54
-126
-178
-244
-350
-428
-412
-324
-213
-117
-76
-102
-94
51
277
418
428
402
395
383
379
429
463
356
135
-51
-136
-171
-205
-260
-409
-638
-769
-670
-478
-416
-505
-561
-480
-282
-43
122
141
89
149
352
499
472
398
398
407
324
206
139
113
83
31
-68
-217
-316
-263
-116
-46
-100
-150
-96
30
152
230
256
272
341
432
435
324
245
300
382
316
84
-157
-253
-205
-153
-248
-504
-731
-740
-547
-380
-416
-569
-613
-429
-129
56
9
-132
-100
157
418
446
281
145
173
293
350
276
127
26
24
57
26
-82
-148
-92
22
63
11
-23
63
220
304
257
183
222
372
480
419
244
134
186
281
247
55
-161
-260
-238
-209
-282
-453
-601
-617
-503
-394
-394
-447
-418
-281
-134
-67
-71
-59
44
197
276
236
148
122
171
239
256
187
81
10
-1
13
8
-29
-60
-52
-17
1
10
45
109
153
158
165
219
294
314
261
210
223
261
254
176
49
-52
-84
-83
-111
-192
-293
-360
-377
-369
-376
-375
-325
-243
-183
-188
-219
-180
-33
122
162
95
32
47
116
170
159
119
94
89
83
62
30
2
3
27
35
19
-5
-16
6
41
82
119
156
185
172
125
93
133
228
262
156
-25
-130
-86
33
62
-75
-285
-381
-286
-125
-99
-245
-393
-353
-149
17
-2
-133
-187
-74
119
221
162
48
26
120
188
145
58
48
110
132
48
-70
-103
-25
82
85
-33
-136
-74
99
197
119
-11
-19
123
279
285
123
-35
-4
186
297
164
-93
-215
-119
47
69
-94
-299
-361
-238
-100
-127
-277
-333
-207
-54
-42
-139
-190
-97
81
195
138
-18
-68
83
260
238
51
-71
-2
142
193
91
-86
-177
-81
107
168
26
-146
-157
-28
101
154
138
83
36
56
134
192
190
177
163
94
-4
-29
45
89
8
-134
-227
-233
-165
-77
-83
-214
-331
-264
-73
15
-63
-176
-183
-70
100
203
137
-27
-89
33
181
200
125
59
15
-10
7
47
36
-27
-66
-59
-55
-50
-4
30
-27
-97
-49
86
165
149
111
84
72
106
182
196
115
35
47
76
29
-44
-79
-103
-131
-131
-115
-138
-180
-170
-127
-130
-163
-147
-83
-34
-19
7
34
36
32
51
73
78
93
121
113
47
-7
0
34
41
0
-54
-74
-36
16
19
-34
-80
-38
67
125
92
28
19
85
159
171
116
45
25
57
99
86
8
-68
-86
-75
-77
-107
-127
-133
-134
-140
-151
-151
-138
-111
-78
-59
-57
-43
-4
37
55
53
52
65
93
111
97
65
49
58
65
32
-25
-44
5
60
39
-44
-85
-32
68
120
91
31
13
78
173
197
131
51
37
86
114
79
2
-53
-55
-55
-93
-149
-171
-144
-117
-144
-204
-235
-198
-126
-94
-110
-131
-115
-57
7
41
34
10
26
86
136
122
72
49
74
104
92
40
-3
9
55
75
31
-23
-20
43
99
90
37
4
35
108
146
101
22
-2
51
107
88
4
-61
-44
7
17
-49
-129
-144
-84
-22
-47
-139
-195
-145
-48
-7
-53
-124
-128
-55
34
51
-7
-58
-25
58
103
70
2
-17
26
75
68
19
-21
-9
29
44
22
-5
10
54
79
57
24
34
84
122
114
65
26
31
68
95
72
9
-45
-55
-37
-15
-19
-59
-104
-117
-100
-78
-74
-86
-94
-89
-81
-68
-52
-32
-11
-4
-13
-22
-10
21
44
35
8
-10
-10
-16
-26
-39
-46
-44
-37
-33
-28
-13
20
56
65
53
40
67
114
143
133
98
79
86
107
104
81
48
23
9
-11
-26
-34
-24
-19
-25
-54
-87
-88
-54
-10
-4
-44
-86
-75
-3
73
72
-3
-73
-50
38
104
78
-7
-59
-42
11
15
-34
-107
-146
-129
-96
-52
-41
-29
-8
29
43
12
-2
13
87
89
70
14
24
67
98
88
9
-17
-45
-14
-30
-44
-92
-86
-43
-21
21
-12
-56
-36
24
40
43
40
62
54
59
35
20
45
93
146
33
9
-144
-64
-646
-752
-933
-792
-318
278
1005
1320
1689
1239
1092
494
81
-508
-890
-1007
-1099
-755
-582
-6
298
683
708
769
537
480
-281
-1333
-1096
-1027
-1374
-620
-94
329
867
1207
376
814
-417
-1708
-1736
-2238
-891
-63
1855
1742
2861
2268
2311
1660
900
384
-523
-471
-1120
-695
-907
-616
-577
-305
-134
35
110
-197
-669
-1034
-1571
-2031
-1731
-1562
-582
-31
985
1279
2042
1843
1820
648
-91
-684
-1109
-721
-248
656
375
873
439
733
158
177
-133
-182
-185
-582
-374
-661
-206
-447
21
-745
-770
-1092
-868
-274
331
1282
1602
2192
1679
1553
599
130
-649
-950
-951
-864
-723
-258
60
156
218
12
-228
-392
-59
-148
-49
38
136
-119
42
277
75
475
334
265
0
-303
-306
-433
-283
-345
16
71
268
363
297
158
-111
-198
-538
-298
-265
-363
-43
31
490
412
147
-142
-146
-229
-208
125
3
145
22
440
455
80
114
-438
-525
-660
-485
-364
-187
518
534
513
-46
-726
-1512
-1535
-1107
-574
364
1440
1551
1776
1196
915
-230
-131
-404
-652
-555
-249
324
209
711
611
149
-424
134
-694
-232
387
-390
342
432
155
356
312
155
-97
378
-115
345
-111
152
-201
-195
-115
-301
162
-300
-117
120
-288
-152
-427
-320
-166
102
-464
263
-377
-504
728
-68
66
435
-321
548
428
-223
-583
366
-156
-346
188
-791
145
-1085
282
-205
-211
-299
-108
323
-569
649
-507
377
515
19
429
64
573
92
-209
157
-247
313
-215
200
-63
142
-230
-147
-154
55
414
-799
74
-119
220
-289
104
255
-160
251
-109
492
-161
344
51
-80
169
53
-55
640
-115
664
-19
-132
245
83
-253
383
-376
-115
308
79
534
74
-8
259
-5
-802
355
126
177
545
150
-23
483
-777
-249
-64
-542
3
-787
-765
-15
-553
-273
-918
-475
-623
-749
-167
-469
76
-80
35
-406
-113
496
-240
22
501
50
85
426
778
106
464
-360
192
-417
456
582
106
294
-450
321
504
-454
-14
291
-202
320
804
243
136
483
72
506
-299
468
367
-100
-424
197
-540
-498
648
-395
34
-55
-423
-451
366
-96
-720
35
-322
544
1427
-22
174
212
787
99
457
327
606
-180
193
614
-305
-181
7
-88
-420
498
287
-503
369
-423
787
-528
622
-17
131
-226
-575
498
-425
204
-503
-480
-927
-758
-838
-412
-419
-702
57
-1115
-755
-1030
-192
-437
-270
227
33
1025
277
1499
777
467
2042
338
912
1018
786
39
-198
148
-1306
-768
-629
-1875
-1110
-1370
-1889
-1474
-877
-2103
-1440
-1498
-1254
-1663
-1043
-494
-992
681
-978
338
493
-108
1037
-91
1259
356
1431
1702
1299
1725
1764
2102
2461
2450
1914
2509
2733
2044
3145
2673
2811
2864
2365
2410
1690
2946
1460
2692
1532
1688
1855
1050
853
1429
1208
-3
382
1074
-315
-389
-349
-455
-1838
-1271
-2527
-3415
-2853
-4814
-4660
-4679
-5250
-5501
-5269
-4879
-4608
-5349
-4985
-4503
-4285
-4153
-3938
-4134
-3771
-4278
-3477
-4051
-3917
-4117
-3237
-2216
-2604
-1084
-1440
1230
858
1748
2671
3692
5470
4308
6413
5844
5470
5614
4822
4548
4645
3874
3426
2520
3153
2135
2271
2240
2931
2434
3154
4168
3321
4881
5259
3950
4869
4708
3779
3383
3893
2982
2609
3324
1853
1113
1789
957
61
-222
-619
-1344
-1857
-1584
-2477
-3042
-3383
-3631
-4311
-3813
-4527
-5123
-5033
-4578
-5346
-5199
-5045
-5622
-4648
-4446
-4572
-3935
-4593
-3646
-2976
-2936
-2453
-2006
-1045
-2175
-489
-1173
-1210
-442
-694
358
547
462
382
417
751
876
1169
1262
1553
707
1569
307
567
2246
1847
1437
1677
1318
1573
1391
1896
835
1361
1751
588
1882
100
714
1054
1478
-233
980
284
252
-112
509
-33
123
533
734
668
1085
531
940
608
564
1602
1047
1259
779
1486
1190
993
1936
1003
1433
1874
1107
1419
1607
1618
2022
2204
2164
3477
1739
3245
3242
2082
2852
1833
1142
1618
1426
518
-203
11
-1306
-2424
-2174
-3530
-3974
-4307
-4932
-4943
-4554
-5897
-5916
-5508
-6559
-5396
-4956
-4948
-4876
-4032
-3992
-3141
-2729
-1480
-2225
-151
639
396
1515
-49
657
-464
449
-460
-593
-1321
-1161
-1441
-742
-823
-961
-706
-225
617
1270
1156
1950
1777
2436
3265
2608
3712
4238
3785
4600
4575
4685
5111
4881
5195
4786
4429
3662
3328
3065
2557
2183
1081
712
616
188
-176
-809
-1425
-739
-285
-501
-1360
-424
-822
-427
-395
396
432
393
2160
51
1995
931
1112
1151
224
488
378
-902
-219
-1281
-1873
-2419
-3431
-3161
-3801
-3340
-4940
-3840
-5570
-4289
-5121
-5147
-4851
-4076
-3346
-3814
-1896
-2964
-1908
-1600
-1928
-726
-1138
-956
-81
183
721
1904
1030
1895
2072
1700
1517
2001
1804
1254
2819
1800
2564
2529
3422
2598
2643
2375
1137
1457
782
-249
-947
-1394
-2433
-3345
-3056
-3378
-3824
-3503
-3367
-3334
-2457
-2626
-732
-913
585
254
1331
1847
2593
2933
3148
3841
4414
5094
6122
7690
8576
10169
10608
10592
12824
11875
11573
12718
10458
10106
8818
6797
4963
3074
1615
-955
-1496
-4247
-4722
-6454
-7919
-9500
-10740
-11761
-12597
-12885
-13760
-13295
-14264
-14419
-14425
-13369
-13351
-11608
-11049
-9483
-8795
-7868
-6803
-6101
-5921
-4063
-3539
-2832
-1095
-644
843
1098
2693
3155
3535
5031
5367
6311
6316
7092
6763
7455
6910
6933
6181
6066
6172
4753
5143
4661
4329
4850
3507
3631
3460
4398
3859
4322
4912
5018
4767
5370
5121
4238
4922
4314
3920
3726
2880
3447
2548
2354
2907
1331
1935
1452
1110
578
711
327
-352
-82
-1199
-870
-1310
-1630
-2074
-2672
-2475
-3213
-2651
-4107
-3738
-4229
-4472
-4782
-4987
-4980
-5317
-4431
-5814
-5534
-5179
-6348
-4775
-6362
-5755
-5255
-6199
-5164
-5734
-5847
-5558
-5199
-5115
-4267
-4329
-3854
-3377
-3252
-2811
-2552
-1422
-674
-583
286
1047
1509
2103
2575
3558
3673
4214
4253
4850
5537
5724
6005
5639
6905
6254
6951
6557
7066
6860
6952
6263
6138
6198
4950
5296
4724
4166
3807
3456
2757
2085
1502
847
467
45
-1025
-1098
-1630
-2371
-2383
-2965
-2934
-3236
-2351
-2864
-2253
-2268
-2189
-2624
-2275
-3017
-2650
-2590
-1862
-1313
-467
-570
-585
14
-1639
-1672
-3096
-3797
-5743
-6328
-7642
-7522
-7923
-7012
-6136
-5221
-3456
-1832
-757
330
1603
2586
2940
4243
4464
3991
4037
4289
4112
4477
4861
4915
5139
5330
5025
4814
4299
3897
3273
1836
2185
892
734
177
-767
-393
-1209
-1457
-2165
-2353
-3056
-2786
-2827
-2783
-1055
-1305
-664
-708
-1753
-1707
-3285
-3764
-3875
-4573
-3374
-3338
-1984
-293
910
2252
3584
4433
5078
6102
5807
5563
5804
4380
3462
3285
1321
151
-621
-2118
-3955
-4214
-6210
-6406
-7543
-8088
-8289
-8251
-7944
-7335
-5595
-5962
-4493
-3214
-1919
-1294
-316
617
1561
2276
2699
3469
4211
4475
4788
5229
4784
5807
5066
4925
5534
4616
4705
4075
3934
3777
3054
2790
2798
2643
2369
2237
1869
1594
1632
1025
1269
432
980
635
370
180
-226
-415
-451
-732
-707
-515
-929
-1278
-1194
-1458
-1960
-1602
-1872
-2014
-1903
-1402
-1767
-2323
-2263
-2111
-2790
-1325
-2607
-2182
-1774
-2016
-2045
-2059
-2101
-2219
-1399
-2032
-1377
-1478
-1362
-1268
-1348
-1206
-1206
-967
-1033
-427
-547
-667
-198
184
-270
174
971
679
644
657
1032
908
1542
1459
1508
1705
1845
1733
1105
2126
1451
1681
1729
1527
1046
1214
1104
561
830
224
-83
207
-1004
-435
-631
-698
-716
-884
-1021
-632
-1050
-732
-303
-1064
-49
-231
19
830
63
542
888
820
831
1002
814
699
1022
649
1015
1053
624
809
951
296
175
274
3
425
-396
-39
-260
-295
14
-402
-171
-661
-226
-405
-118
-374
201
-197
-223
28
87
434
524
242
521
629
-250
776
352
490
367
473
106
320
126
-57
176
-2
99
-431
-353
-437
-614
-280
-480
-288
-1250
-1201
-726
-1248
-867
-979
-994
-1061
-1395
-963
-1015
-1257
-1236
-1284
-744
-1624
-999
-1181
-1610
-900
-1041
-1056
-690
-427
-310
-333
-18
388
-277
281
405
560
628
695
609
896
966
1043
1411
852
1462
837
1613
1173
1725
1347
1229
1358
896
1269
1134
627
881
1065
131
863
727
731
671
894
204
814
683
-58
458
76
664
-275
277
321
-354
268
106
-402
-562
-40
-293
-369
-130
-619
-108
-885
-270
-376
-709
-245
-481
-705
47
-689
-733
-57
-803
-63
-763
-592
-683
-589
-934
-576
-771
-364
-436
-452
-378
-631
-704
-471
-533
-482
-496
-376
-387
-40
-171
-400
96
258
15
500
706
-215
412
346
-140
1095
408
360
631
720
-311
578
413
324
732
126
787
-289
153
29
37
154
-133
271
301
171
254
262
12
45
278
153
-402
631
-54
327
-71
378
305
-148
724
227
55
526
227
193
91
539
181
610
591
407
158
399
-168
-206
131
-21
-366
-429
-98
-35
-560
-371
-513
-1063
-94
-918
-687
-266
-899
-588
-488
-1005
-272
-569
-150
-615
-478
-526
-153
-445
-346
176
-633
-63
-139
-142
423
-143
293
423
123
50
275
-179
207
198
129
495
-234
182
121
45
-9
393
170
-142
101
181
-140
322
301
469
1022
1120
1295
977
1171
932
1278
1187
2097
1730
1482
1460
1094
783
742
523
-10
290
-661
-971
-1014
-1029
-1575
-1460
-1252
-1854
-828
-987
-788
-615
-319
-529
-119
-205
-88
-301
-74
-246
-576
-730
-744
-1036
-1161
-588
-1365
-548
-551
-829
-620
-230
-929
-450
-267
-894
-565
-650
32
-369
163
-107
178
238
246
218
771
425
463
1189
731
446
1087
1243
1157
1629
1598
2087
1822
2453
2185
1403
1830
1037
562
-432
-108
-1265
-1856
-1928
-2293
-2702
-2216
-1780
-2371
-1480
-721
-889
43
150
129
508
843
1077
1110
1575
1616
2017
1936
2195
2371
1955
2485
1708
1744
1320
1418
1337
924
1679
1123
1228
1137
502
-369
-303
-1314
-2228
-2333
-3344
-3436
-4075
-4370
-4369
-4744
-3939
-4035
-3672
-3599
-3378
-2538
-1906
-1066
-786
316
586
1129
1888
1552
1476
1832
1415
1061
1515
335
253
862
587
1184
1958
1869
2187
2321
2454
2397
2683
2082
2064
1942
1232
1352
588
225
-163
-783
-1457
-1618
-1943
-1792
-1690
-1233
-546
-462
82
661
52
404
1295
1053
1321
1209
1722
1082
1530
1453
1508
1577
1092
728
230
433
246
12
142
-617
-989
-384
-1034
-421
-598
-781
-940
-1238
-1227
-1202
-1567
-1611
-1417
-1845
-2033
-2258
-2480
-2675
-2340
-2403
-2598
-2118
-2070
-2182
-1952
-1417
-1534
-1240
-596
-671
-202
690
-123
1075
1066
1313
1426
2122
1988
1917
2251
1631
1676
882
1200
1142
1158
849
899
807
1128
827
1828
1069
1835
1980
1750
1879
1795
1995
1737
2349
1420
2085
2095
1781
1952
1650
2258
1674
1332
1590
1450
1058
1492
1666
2034
2349
2356
2178
1404
1196
453
-567
-1319
-1467
-2635
-3090
-3797
-4731
-5404
-5508
-6398
-6650
-6599
-6872
-6615
-6466
-5835
-6008
-5662
-5696
-5850
-6673
-6544
-6539
-6721
-6157
-5782
-4486
-3457
-2148
-1107
307
1961
2636
3880
4470
5365
6300
7013
7654
8367
8497
9381
9538
9336
9398
9260
8688
8298
8033
7657
6317
5816
5571
4398
3927
2948
2389
1686
1161
597
-597
-1526
-1822
-3216
-3518
-4191
-4929
-4946
-5467
-5335
-5717
-6018
-5346
-5631
-5694
-5442
-5039
-5450
-4339
-4825
-4605
-4137
-3824
-3131
-2932
-2253
-1695
-1202
-299
17
509
674
1207
1592
1795
2526
2642
2730
2567
2948
2809
2889
2951
2873
3105
2757
2898
2432
2774
2596
2263
2624
2134
1781
1189
1129
-127
-628
-570
-1912
-1789
-2618
-2868
-2804
-3244
-2940
-2901
-2783
-1789
-1803
-1531
-1036
-675
-577
71
-140
843
737
918
1331
1074
1433
1294
1569
1697
1308
1446
1191
563
-23
-95
-466
-1220
-1459
-2281
-2224
-2499
-2653
-2825
-3313
-2449
-3291
-2551
-2974
-2821
-2851
-2266
-1801
-2265
-893
-1188
-688
-56
94
669
1634
1725
2079
2659
3028
3426
3776
4330
4384
4984
4805
4930
5347
5166
5092
5227
5077
4840
4571
3763
3654
3470
2510
2430
1743
1324
587
38
-572
-1238
-1633
-2026
-2490
-2282
-2953
-3230
-3002
-3386
-3648
-3408
-3735
-3500
-3504
-3609
-3261
-3389
-3169
-3013
-2694
-2930
-2501
-2341
-2610
-2163
-2200
-2015
-1903
-1433
-1537
-1946
-814
-1397
-1204
-264
-568
4
326
466
542
1248
1680
1323
2584
2111
2133
2105
2196
1617
1693
1389
893
286
-17
-379
-1224
-1215
-2056
-2263
-2536
-2443
-2161
-2083
-1259
-822
-445
617
779
1464
2264
2398
2853
2957
3198
3326
3192
3585
2890
3299
3065
2802
2682
2689
2186
2115
2214
1373
1618
1040
598
574
147
-490
-657
-1206
-1897
-1721
-2381
-2911
-2974
-3524
-3292
-3557
-3418
-3193
-3365
-2828
-2870
-2396
-2183
-1618
-841
-1002
-111
169
775
1103
1372
2249
1976
2891
2761
3253
3097
2984
3490
2801
2554
2694
1728
1472
1092
817
27
-100
-339
-540
-1172
-1137
-1704
-2095
-1687
-1955
-1919
-1793
-1624
-1857
-1652
-1286
-1542
-1335
-684
-693
-397
-811
-341
-330
-581
-226
-506
-84
80
-107
153
44
206
261
-58
502
218
75
314
-229
332
94
269
-104
202
-123
-11
91
-378
-285
-127
-108
-210
-131
-20
221
231
319
130
537
221
-50
253
425
-5
286
167
304
334
-87
598
119
311
364
279
417
516
22
410
539
-96
208
335
-159
318
55
339
215
7
532
107
131
458
83
654
236
130
546
184
375
405
239
489
458
710
682
550
317
698
-3
770
149
-349
224
-572
-1071
-737
-1496
-1686
-1506
-2277
-1508
-2053
-1930
-1631
-1490
-1422
-1048
-795
-260
184
516
664
803
1094
1474
1042
1824
1702
1763
1265
1742
2146
1771
2580
2264
2709
2310
3012
2879
2713
2971
2220
1900
1049
171
-1116
-1830
-2795
-3912
-4969
-5086
-6070
-6265
-6552
-6370
-6212
-6016
-5149
-4203
-3903
-3202
-1955
-1914
-649
-264
135
1340
1550
1988
2656
2891
2694
3512
3818
3684
3691
3872
3728
3800
3946
3646
3652
3674
3523
3533
3334
2927
3107
2352
2360
1912
1516
847
1073
943
330
-10
541
-162
-37
59
-102
-396
-80
-982
-1348
-1457
-2001
-2356
-1962
-2246
-2432
-2173
-2988
-2687
-3245
-3840
-3432
-4599
-4205
-4656
-5017
-4821
-5370
-4639
-4296
-4294
-3613
-3055
-2564
-1727
-736
-203
854
1932
2354
3689
4578
5295
5864
6680
7266
7656
8415
8768
9010
8897
8708
7777
6579
5964
3750
2595
629
-1048
-3054
-4978
-5714
-7331
-7580
-7869
-7748
-7875
-7117
-6297
-5995
-5159
-4387
-3490
-3263
-2298
-1912
-1841
-831
-448
347
630
2251
2433
3040
4126
4539
4970
5394
5371
5666
4692
4591
3400
2267
1400
-278
-1507
-2460
-3783
-4731
-5144
-5470
-5571
-5468
-4688
-4293
-3856
-2760
-1589
-1525
-429
306
697
1352
1709
1704
2134
2587
2721
3045
2880
2853
2773
2567
2750
2347
2591
2827
2570
2921
2884
2979
3781
3546
3868
4143
4128
4109
4238
3987
3587
3089
2440
1202
328
-473
-1972
-3173
-4203
-5328
-5634
-6635
-7105
-7174
-6957
-6696
-5986
-5773
-5267
-4735
-4658
-3719
-4066
-3689
-3098
-3310
-2798
-2349
-2331
-1968
-1355
-1438
-609
-409
66
451
350
1087
1360
1245
2156
2027
2220
2797
2846
2963
3092
3400
3204
3287
3899
3850
3991
4256
4243
3814
4159
3732
3076
3303
2506
2050
1904
1419
724
450
792
-377
-468
-353
-821
-906
-619
-1272
-894
-1045
-1383
-1087
-1347
-1185
-1127
-1616
-1577
-1287
-1803
-1245
-1331
-1538
-1049
-1467
-1508
-1077
-1324
-1338
-1255
-1369
-975
-1069
-1179
-467
-753
-487
-216
-175
392
-452
451
336
13
891
367
138
430
147
41
310
-221
-34
243
-36
-202
-43
-107
-418
-239
-236
-518
-519
-224
-573
-959
-20
-648
-597
-341
-685
-90
-542
-428
-303
-562
-57
136
-184
182
275
117
533
835
1176
1592
1494
2288
2100
2421
3046
2285
2871
2721
2777
2295
1624
1546
602
155
-434
-814
-1619
-1864
-2313
-3063
-3019
-3278
-3656
-3245
-3296
-3193
-2964
-2635
-2439
-2147
-1746
-1455
-876
-805
-137
324
539
1035
1210
1771
1711
2655
3096
3012
3584
3435
3481
3596
3173
3025
2550
1889
1702
726
221
-591
-976
-1747
-2239
-2501
-3285
-3207
-4018
-4331
-4548
-4545
-4554
-4051
-3678
-2834
-1988
-1169
172
926
2205
2955
3805
4789
5162
5923
6497
6269
6841
6806
6696
6273
5789
4973
4200
3349
2036
1397
130
-558
-1702
-2386
-3163
-4194
-4205
-4793
-4971
-5184
-5227
-5285
-5536
-5285
-5047
-4942
-4439
-4427
-3800
-3656
-3624
-3522
-3784
-3377
-3442
-3410
-3189
-2765
-2330
-2175
-1708
-1188
-692
-122
245
625
1393
1372
1824
2342
2511
2893
2971
3363
3137
3378
3175
3290
3097
3151
2746
3069
2744
2783
2768
2581
2684
2183
2340
2289
2183
2204
2155
1896
2397
1816
1861
1898
1623
1763
1956
2028
1716
1982
1580
1467
1321
1507
1464
732
1354
880
284
361
378
-301
-250
-427
-1047
-1171
-1236
-1349
-2000
-2326
-2150
-2683
-2779
-2633
-2569
-3028
-3033
-2862
-2996
-2976
-3134
-3104
-3306
-2848
-2862
-3235
-2724
-2963
-2932
-2517
-2546
-2284
-2284
-2251
-1976
-2113
-1869
-1620
-1331
-1361
-628
-693
-504
-143
-408
304
219
538
645
792
1378
1173
1444
1658
2015
1601
2094
2074
2027
2351
2317
2537
2072
2370
2515
2111
2156
2242
2124
1887
2309
2138
2048
2356
2023
1987
1796
1784
1808
1761
1894
1712
1442
1481
1310
1243
985
959
591
413
390
-110
-633
-1097
-1150
-1631
-2187
-1983
-2354
-2603
-2443
-2792
-2840
-2763
-2962
-2969
-2842
-2857
-2497
-2186
-2409
-1578
-1576
-1081
-502
-315
198
164
397
523
570
449
538
785
442
1272
898
870
1119
1025
1269
1306
1642
1425
1582
1471
1458
1424
1455
1540
1409
1441
1254
1087
1582
1165
974
1104
784
774
691
751
540
538
574
216
86
-277
-378
-882
-1326
-1174
-1743
-1910
-2540
-2558
-2742
-3146
-2843
-2886
-3039
-2424
-2194
-2243
-1839
-1479
-1019
-912
-782
-181
23
645
926
741
1123
1278
1389
1619
1568
1242
1512
1288
646
559
328
17
-447
-307
-666
-1271
-1174
-1468
-1756
-1694
-2225
-2025
-2141
-1874
-1995
-1767
-1654
-1571
-979
-939
-156
-401
153
374
672
887
1136
1673
1850
2258
2070
2564
2597
2871
3183
3044
3395
3473
3284
3714
3519
3701
3636
3848
3905
3551
3517
3213
3275
2746
2678
2325
1848
1514
1082
639
514
136
-228
-522
-940
-1150
-1779
-2062
-2433
-2502
-2609
-2856
-2956
-3107
-3589
-3453
-3450
-3829
-3397
-3349
-3732
-3326
-3097
-3350
-3323
-3132
-3064
-2651
-2514
-2338
-2152
-2260
-1675
-1655
-1518
-1095
-1216
-1136
-744
-855
-370
-414
-494
-104
107
356
554
643
627
866
876
1004
1335
1382
1607
1554
1516
1739
1536
2055
2143
2124
2455
2369
2183
2181
2285
2242
2158
2148
2109
2064
2029
1617
1472
1415
1115
1368
1155
1062
937
778
733
131
220
422
383
617
467
159
220
128
-249
104
28
-30
-43
-138
-297
-461
-644
-599
-801
-792
-775
-1080
-987
-956
-893
-1232
-1214
-998
-1316
-1151
-981
-1181
-957
-1007
-1056
-1113
-1085
-930
-1029
-1022
-965
-1074
-1273
-918
-1026
-1371
-983
-821
-1093
-746
-640
-597
-546
-611
-420
-422
-353
22
-254
-42
320
201
439
500
483
551
453
332
564
574
617
641
614
654
534
398
475
425
756
758
453
693
737
526
665
658
611
855
974
882
948
671
288
511
382
272
642
525
31
209
147
125
460
288
278
198
120
-118
41
123
271
154
-21
32
-329
-414
-149
-271
-170
-40
-148
-237
-585
-389
-238
-532
-258
-42
-306
-245
-183
-678
-601
-513
-451
-509
-477
-155
-468
-231
-264
-443
-320
-126
-196
-68
-351
-395
-202
-309
-473
-133
-234
-383
28
-83
-40
-161
-128
-54
-158
174
-16
-149
27
85
92
140
213
181
-58
250
257
34
136
271
135
211
253
40
233
358
99
118
109
68
317
188
342
230
156
340
226
318
274
190
110
90
59
127
109
-118
58
-36
2
144
86
116
196
10
-39
101
217
-24
77
116
-22
-205
13
94
-198
-111
-22
-17
-53
105
-26
-186
-162
43
-9
-12
31
82
-154
-157
-128
-114
-246
-67
33
-139
34
-1
-47
-25
61
-25
-39
7
-186
-205
-145
-37
-17
-116
10
-154
-98
93
-149
51
50
34
53
-2
-50
-112
-59
-115
-51
-95
-75
-7
59
-71
45
33
43
97
77
-53
-89
1
-75
90
135
131
212
189
1
43
-82
-7
131
-79
-79
90
-147
-65
-160
-215
-91
-61
-101
-21
-139
-113
-31
-50
-36
120
59
-49
74
171
44
177
289
198
164
316
217
12
148
176
-84
134
305
-36
51
-7
-99
41
75
130
119
16
94
140
-143
113
173
-77
289
240
32
54
14
-2
-6
1
202
82
-135
86
49
-104
42
-43
-216
-87
-99
-120
-134
-111
-176
-342
-352
-364
-373
-477
-243
-128
-372
-305
-275
-621
-534
-405
-392
-344
-244
-221
-218
-213
-303
-99
-171
-72
91
-80
24
172
71
155
317
278
434
526
489
511
521
558
484
451
548
580
625
667
700
626
563
568
612
555
353
386
269
103
146
122
69
74
37
-98
-161
-158
-157
-126
-219
-196
-212
-179
-119
-254
-271
-181
-164
-320
-217
-238
-360
-325
-414
-443
-468
-429
-326
-347
-211
-294
-443
-506
-473
-445
-364
-206
-204
-202
-201
-252
-263
-284
-232
-113
-186
-133
-143
-248
-234
-231
-97
-69
-95
-83
-95
-121
-9
56
-22
7
149
99
209
238
196
205
174
324
298
371
427
229
231
377
383
403
537
594
505
499
466
379
267
401
473
360
462
503
320
272
230
210
120
214
293
219
245
196
25
-18
-25
-5
132
139
101
37
-196
-166
-135
-270
-176
-214
-323
-241
-251
-287
-307
-426
-410
-390
-452
-402
-486
-635
-590
-612
-585
-467
-406
-401
-389
-334
-297
-281
-172
-154
-163
-44
21
-27
-25
1
-36
-88
-94
-70
-27
14
16
-66
-84
-40
-6
36
134
193
211
234
244
174
157
200
178
223
329
315
264
222
169
138
120
184
221
190
221
214
112
87
87
73
105
182
246
218
154
169
150
123
204
202
170
201
166
81
31
12
21
35
19
-2
-62
-86
-11
-43
-69
-24
-53
-81
-76
-92
-86
-99
-90
-64
-124
-159
-134
-188
-203
-146
-135
-150
-144
-134
-148
-170
-123
-108
-148
-108
-78
-115
-107
-113
-121
-130
-140
-93
-97
-100
-44
-60
-98
-75
-93
-97
-65
-63
-20
7
-7
54
60
15
4
-4
-13
47
137
183
185
145
75
-18
-53
5
47
104
160
159
131
101
75
52
42
78
114
116
129
127
88
60
47
42
34
37
57
59
34
18
-1
-46
-40
7
2
2
17
-27
-42
-10
13
45
27
-26
-61
-129
-116
-27
-3
38
55
-15
-64
-102
-119
-87
-53
-7
21
-13
-50
-99
-154
-132
-66
-20
27
42
-6
-52
-72
-65
-19
38
71
81
53
6
-3
-18
2
26
14
1
-30
-54
-48
-47
-60
-69
-100
-139
-146
-121
-81
-35
34
94
109
117
114
87
72
91
117
121
131
127
92
47
25
-4
-42
-35
-23
-17
-10
-10
-22
-49
-55
-52
-60
-53
-17
12
33
72
88
67
51
46
34
41
70
82
64
33
5
-37
-63
-58
-58
-58
-47
-46
-65
-78
-84
-97
-91
-64
-41
-29
-10
3
-1
-1
8
6
0
18
30
22
13
-7
-47
-74
-65
-37
-12
20
35
10
-12
-16
-15
6
53
99
123
126
113
76
35
16
10
25
50
58
36
-10
-63
-108
-124
-107
-70
-37
-14
-14
-34
-59
-67
-56
-29
11
46
61
52
27
-1
-26
-34
-30
-25
-16
-13
-23
-41
-60
-73
-80
-74
-52
-24
4
27
39
35
30
29
30
45
68
88
93
83
63
36
14
10
14
25
27
26
17
-2
-12
-12
-4
7
13
17
9
-1
-3
1
10
21
27
21
12
-4
-23
-33
-33
-31
-26
-26
-33
-42
-52
-56
-50
-35
-22
-6
8
13
12
8
11
16
25
36
35
30
20
-1
-22
-39
-44
-42
-33
-24
-21
-22
-26
-27
-20
-4
23
51
69
77
71
61
47
35
24
19
15
10
-2
-16
-31
-49
-65
-72
-70
-57
-37
-18
-3
2
-4
-12
-19
-14
-2
20
41
56
60
50
32
10
-1
-2
10
27
39
36
22
-1
-28
-42
-41
-26
-9
4
13
8
-4
-11
-19
-13
1
13
25
26
26
18
5
-3
-11
-12
-12
-7
-1
3
4
-1
-9
-22
-26
-24
-19
-6
7
21
23
19
8
-5
-5
-5
4
11
16
14
8
-2
-13
-13
-13
-8
-2
2
0
-3
-5
-10
-8
-7
-4
-5
-2
2
4
10
10
9
8
4
2
2
2
3
5
8
9
7
5
3
-1
-3
-1
4
4
9
10
8
5
2
2
3
4
1
2
1
-5
-11
-17
-16
-19
-17
-12
-6
0
-4
-2
-4
-5
-4
-3
-1
0
2
6
6
3
1
1
-3
-3
-3
-3
1
3
3
5
3
2
-1
-3
-3
-1
-4
-3
2
2
5
6
5
6
6
5
3
2
4
6
10
9
8
6
4
3
0
3
1
5
7
4
3
1
1
-1
-4
-4
-6
-2
-3
-5
-3
-6
-6
-5
-6
-6
-5
-2
-1
-1
0
-1
-3
-2
-4
-5
-2
-2
-1
-3
-1
-3
-4
-5
-5
-5
-4
0
2
3
4
1
-3
-1
-2
1
1
4
7
7
6
3
0
-2
-2
0
2
4
3
2
3
-1
-2
0
-2
1
0
3
5
3
0
-1
-1
-1
0
3
4
4
4
2
1
0
-1
0
-1
-1
3
2
3
3
2
3
3
1
1
1
-2
5
1
1
0
0
2
-2
-1
-1
-3
-2
-3
-7
-4
-2
-5
-4
-5
-3
-3
-3
-2
-2
-1
-5
-4
-3
-2
-3
-2
-3
-2
-1
-3
-2
-1
0
1
2
2
3
3
1
-1
-1
2
3
3
3
4
6
5
2
1
2
2
2
0
4
3
4
2
-1
-2
2
1
2
-2
-2
2
2
4
1
2
3
0
-2
0
0
0
-2
-1
0
1
-1
-3
1
0
1
-1
-1
-1
1
-1
-3
-2
2
3
0
-2
1
0
2
0
-1
0
2
0
-3
-1
-3
-2
-1
-2
0
1
-1
-5
-2
1
-2
-2
-3
-2
0
0
-2
0
-1
-1
-2
2
2
1
2
1
1
0
2
3
0
1
3
5
2
-1
3
1
0
-3
-1
2
1
2
0
1
1
2
-2
-3
-1
1
1
1
0
-2
1
2
1
-1
4
2
-2
-3
-1
0
-3
-2
-2
-2
1
-1
-1
-1
2
2
0
0
1
1
1
0
0
1
-1
1
-1
1
2
1
0
-2
-1
-3
-2
-2
-1
0
-2
-1
-2
1
1
1
-1
0
3
3
1
1
0
1
1
0
0
-1
0
1
-3
-1
2
2
5
3
2
5
3
1
2
2
2
-1
-1
-1
-1
1
-2
-3
-1
-1
-1
-2
-4
-2
-2
0
-1
-3
-3
-2
0
0
1
2
1
2
-1
-1
0
-1
1
2
2
2
0
3
4
-1
-1
-1
0
-2
-1
0
-1
0
-1
-1
-1
-1
2
1
-2
-2
-2
2
2
-1
-1
-1
0
0
-1
0
0
0
0
-1
0
-1
-1
0
-1
1
1
-1
0
1
3
2
0
2
2
3
2
1
2
0
1
1
0
0
2
1
0
1
1
0
2
0
-2
0
1
-3
-2
1
0
3
1
-2
-3
-2
-3
-1
-2
-3
-3
-3
0
0
0
2
1
1
1
1
-2
-1
-3
0
-1
-1
0
1
-1
-2
-1
2
1
2
3
1
3
2
1
1
0
1
3
0
-1
0
1
2
1
0
0
1
1
3
0
2
2
0
2
-2
-2
1
0
-1
0
0
0
-4
-1
-3
-2
0
0
-1
1
-1
1
0
-3
0
-1
0
-3
0
1
-1
-2
-2
0
-1
0
-1
0
0
1
1
1
1
2
0
-1
-1
-2
0
-2
-2
0
0
0
-1
-3
1
2
1
-1
0
3
1
3
-1
1
2
0
1
1
0
2
3
3
2
2
1
-1
1
-1
0
2
1
0
-2
-1
-3
-1
0
1
