0
1
2
-3
0
-1
-3
-2
-2
1
0
3
0
1
2
0
1
0
0
0
-1
2
0
-1
-2
0
1
0
-1
0
1
0
-1
-1
-1
0
-2
0
-1
-1
0
0
0
1
0
0
-1
-2
0
-1
-2
-2
0
0
1
2
3
2
1
1
2
0
0
0
2
-2
0
1
0
0
2
1
-1
0
-2
-1
-1
-1
-2
-3
0
0
0
1
0
1
-1
-1
1
-3
-1
1
1
1
1
0
1
1
0
0
1
2
1
-1
1
0
1
2
-1
0
0
-1
0
-1
1
-2
-1
-1
-3
-2
-1
-2
-1
0
1
1
0
2
1
-1
-1
1
1
-1
0
0
0
0
0
0
-1
-2
-1
-3
-2
-1
1
0
-2
-1
0
-1
2
1
0
-2
-2
-1
0
2
2
0
-1
0
1
-1
1
2
2
1
2
1
1
2
1
1
2
1
-1
0
-2
0
-1
-3
0
-2
0
0
-1
-1
0
1
0
2
0
1
2
-1
1
0
-1
1
0
1
1
1
1
1
0
-1
-2
1
0
-1
1
0
0
3
-1
1
0
-2
-1
0
1
-3
0
0
2
-1
-1
1
0
-1
-1
-1
-1
-2
-2
-1
-1
-2
0
1
-1
-2
0
-1
-2
1
2
-2
0
-1
-3
-1
-2
2
2
0
1
3
3
2
2
1
0
0
0
1
-1
-1
-1
-1
0
0
2
2
1
0
1
1
3
1
1
1
0
1
-1
1
-1
-3
-2
-1
0
-2
-2
1
1
0
-3
0
0
-1
-1
0
0
-1
-1
-2
1
2
1
-2
1
0
1
-1
-1
0
-1
2
0
3
0
1
3
-1
-1
-2
-2
-1
0
2
2
0
0
0
1
1
-1
-2
-1
0
0
2
0
0
-2
0
-2
-2
2
3
1
-2
-1
-2
1
-1
1
0
0
0
-1
1
1
1
-1
-1
2
-2
0
2
2
1
3
0
1
-1
0
-2
-2
3
0
0
0
1
0
0
1
0
-1
2
0
2
-1
1
-1
1
-1
0
2
0
1
-3
0
-1
-2
-2
0
-4
-2
1
-2
-1
0
0
1
1
0
-1
0
-1
0
-2
-2
0
0
-1
-1
1
1
2
3
2
-2
-1
2
1
1
1
1
2
1
1
1
1
-1
3
0
0
0
1
3
1
0
2
1
0
-1
0
1
1
0
-1
-2
1
0
0
0
-1
-2
-3
-1
0
-1
-1
-1
-1
2
1
0
2
-1
0
-1
-1
-3
-1
-1
-2
-1
1
1
0
-2
-1
1
0
-1
-2
-2
-3
-2
0
0
-1
0
-3
0
0
0
-1
0
-1
-1
2
-1
0
1
2
1
4
1
1
1
0
3
1
1
1
0
0
-1
0
0
0
2
0
1
2
1
2
0
-1
1
3
3
3
2
2
-1
2
-1
-2
-2
-1
-1
-1
-2
-1
-1
-2
3
1
1
0
0
1
-2
1
0
1
1
2
1
0
2
1
1
1
-1
0
1
-1
-1
-1
-1
-1
-1
-3
-1
-1
-2
-3
-2
-3
-3
0
-1
-1
-1
-2
0
1
0
0
1
0
2
2
1
0
-1
0
0
0
0
1
0
-1
0
-1
0
2
3
3
2
1
1
2
1
1
0
1
1
0
2
-1
0
1
2
2
0
0
-1
1
1
1
3
1
2
-1
-2
-2
1
0
-1
1
1
-1
-1
-1
0
-1
-2
-2
-1
-2
-2
-2
-2
-1
0
-1
-2
-2
1
-2
-2
-2
-1
0
0
2
0
2
1
3
4
3
1
1
1
3
2
1
2
-1
2
-1
0
-1
-1
-3
0
-1
-1
0
0
0
-1
-2
-1
0
0
-1
0
0
-3
0
0
-1
-1
1
-1
0
0
1
0
0
0
0
2
0
-2
-1
1
1
1
2
-1
0
2
0
0
0
-1
0
2
2
0
0
0
0
1
1
0
0
0
0
1
0
-1
-1
2
1
-1
-3
-3
-2
1
-1
-2
0
-3
-1
-1
0
1
0
0
0
0
1
-1
-1
1
3
1
1
1
1
1
1
0
-2
0
-2
1
1
1
0
0
2
1
1
1
-3
1
1
-1
-2
-3
1
1
-1
1
-1
-2
-1
-1
-1
-2
-3
-3
-2
-2
-1
-2
0
0
-1
2
2
2
0
2
1
2
4
2
-1
0
1
-1
-1
-1
0
0
-3
-1
-1
2
2
2
1
1
5
3
3
2
0
1
2
1
1
1
-1
-1
2
0
1
2
3
1
-2
1
2
2
-1
0
1
3
-1
-1
0
-1
0
-3
-1
-3
-4
-2
-1
-4
-6
-6
-1
-3
-4
-4
0
-1
-3
-3
-2
-1
-1
-1
-1
2
2
-1
0
1
1
1
2
3
0
-1
1
1
0
-1
1
3
2
2
2
2
1
0
2
2
2
3
4
5
3
3
3
2
1
0
4
4
0
2
3
0
-2
1
1
-4
-2
-1
-2
-2
-6
0
-1
-4
-1
0
2
-2
-1
-1
-1
-6
-3
-1
-2
-4
-2
-1
-3
-5
-1
-1
-3
-2
1
-1
-2
-1
1
0
-1
2
3
0
-2
0
1
-1
2
3
0
-3
1
2
-2
-1
3
-2
-5
4
1
-1
-1
6
6
2
4
8
0
-2
6
-2
-4
5
4
-7
1
9
-6
-6
7
-3
-4
5
1
-1
2
3
-7
2
3
-5
-2
1
-3
-3
1
-1
2
-4
-2
-3
6
-1
3
6
5
-3
2
1
-1
3
5
0
7
2
-4
5
4
-5
5
2
0
-4
-10
-3
-5
-3
-6
0
-9
0
-3
-1
-3
-7
-11
25
-23
7
5
-5
-1
-11
27
-24
7
-1
-9
16
7
-11
-10
3
28
-53
52
-19
-21
34
-13
5
-11
22
-11
-1
13
64
-61
-16
51
-9
12
-21
37
-49
11
15
-16
-25
9
-64
-25
123
-84
-62
58
-4
-32
19
110
-153
64
95
-133
86
15
17
-107
107
80
-121
-1
76
-34
-33
104
-124
47
65
-145
91
33
-16
-68
58
178
-222
105
47
-117
132
-37
-30
-49
91
-23
-193
206
-14
-230
35
127
-87
-81
52
-8
-62
115
7
-162
159
-63
16
-74
205
-96
-39
-4
19
162
-235
-1
15
162
-182
-3
267
-171
-122
180
-14
-111
86
105
-118
41
76
74
-219
173
-112
-98
209
-48
-9
-30
38
7
69
-85
-53
29
79
-44
0
89
-92
92
-14
11
-120
51
11
76
-155
110
86
-62
-67
-52
56
10
-41
-122
116
-15
71
-247
141
-68
-45
-109
214
-226
105
4
-114
10
163
-175
-214
320
-38
-89
-174
440
-221
-184
207
196
-366
225
29
14
-5
26
105
-10
-142
-22
310
-25
-161
72
66
19
112
-182
-51
66
161
-135
-234
261
-77
32
-172
-15
30
65
-26
-218
125
90
11
17
-127
70
95
85
23
-162
165
169
56
-62
25
-49
360
-85
-96
6
158
72
24
-80
-47
61
-19
-4
-265
237
7
-206
-209
180
-128
-24
-160
-173
-9
-26
217
-525
115
-70
-60
101
-282
19
178
-249
-157
27
243
-77
-376
171
66
139
-112
-101
124
50
207
-66
165
-56
-21
244
19
41
196
6
-64
299
-32
31
-24
-36
-37
93
87
-220
50
-74
77
13
-169
-132
36
-7
27
-51
122
12
-106
225
114
-89
253
-103
144
142
151
122
62
118
4
245
123
-13
-1
13
0
414
-173
-32
119
45
162
-407
-59
177
-114
-186
-167
-243
-47
102
-282
-264
-100
55
-400
0
-210
-131
-134
-231
-95
-293
146
-239
-253
-203
57
-182
-339
-49
-35
180
-168
13
-19
-105
191
160
-271
-130
262
158
25
58
-36
238
46
121
43
236
123
109
279
-29
359
123
194
52
176
96
52
296
82
177
-73
204
217
160
-201
235
133
90
221
-196
191
-314
151
-108
246
-78
-105
-2
-42
-15
-76
91
-254
-189
-25
157
-527
200
63
-155
-158
69
-225
-243
24
63
-58
-307
240
-100
-171
21
120
3
-308
275
-125
-278
93
-184
-17
-94
-218
-218
238
-383
-29
155
-66
-132
-40
34
-144
41
-213
-58
126
-42
142
-96
61
27
152
33
-3
324
78
-37
106
285
69
160
-192
252
-55
321
-244
293
262
63
114
25
95
109
3
257
-21
-71
52
-28
-164
231
-162
-277
302
-508
164
-253
-3
178
-377
268
-86
-217
-214
519
-500
-191
139
-352
-314
256
-117
-311
53
54
-278
147
64
-114
346
-269
53
-41
212
-163
221
-73
-57
113
-109
-48
95
163
-14
-76
277
-215
50
191
38
93
166
83
27
390
44
-136
25
283
-204
21
228
-401
268
157
-17
-21
59
121
24
88
-371
399
-155
-67
-20
-28
463
-274
-338
44
-134
171
-8
-262
123
-19
-184
112
-120
-96
52
-23
-368
-118
150
-216
141
6
229
-238
60
93
-388
450
68
-193
67
38
-186
114
68
187
-269
238
-11
139
-165
-13
43
-229
255
-52
190
-153
55
-205
-130
71
-102
-257
-41
39
-48
-442
242
-79
-101
155
-100
213
-345
-205
22
-316
-120
-100
-183
192
-163
-4
217
-118
152
49
17
-65
-85
191
-40
-7
119
132
-82
390
150
86
3
189
35
-23
400
-141
197
95
-59
-166
353
-43
241
-168
380
32
-125
348
-269
47
299
62
-187
54
171
25
-194
343
-156
117
289
-170
-41
146
10
217
-16
74
242
-119
209
-274
225
-82
35
-149
-174
-200
-70
-166
-256
3
-297
-56
-213
30
-386
-156
-343
144
-357
-329
-50
-632
17
-349
-161
-247
-135
67
-135
-64
92
-97
-282
445
-137
-41
8
-4
191
21
48
106
122
18
328
-69
329
212
10
481
125
17
499
-221
227
57
218
32
213
-40
-6
11
121
-32
137
233
2
71
114
298
-310
304
-134
154
38
147
-266
-45
71
-168
104
16
5
-86
-33
79
-72
-95
19
-272
576
12
125
-242
294
-225
-73
23
-107
-185
-205
134
-657
21
-117
-585
-138
-156
-107
-55
-218
-98
-173
142
45
108
-17
20
61
-17
135
-16
-248
-476
-62
-191
217
-110
243
443
-33
384
-245
-176
222
-51
158
-29
-236
74
302
355
52
206
90
248
-40
121
528
159
409
11
-16
284
30
-352
-82
-188
-30
15
-192
21
-70
-59
173
-210
171
288
-196
7
-580
9
-85
-240
40
-77
-26
285
17
-351
30
138
73
-119
18
-91
-272
-211
-167
-395
220
-100
-316
-97
197
-75
184
451
58
-154
-234
86
-505
9
68
214
179
306
-31
-97
201
-176
-83
41
233
112
133
272
-389
236
-57
-81
-93
258
182
-298
248
75
1
412
137
-367
347
-147
85
-428
-3
-206
-413
254
71
-38
-117
165
351
534
351
138
-185
-284
-264
341
156
209
353
245
287
243
425
215
-127
-291
-88
-305
-192
-621
-1010
-425
-626
-127
330
-51
132
-680
-126
-50
-648
-234
-207
-140
-286
120
-101
78
-200
327
114
35
459
-106
361
297
101
386
472
240
400
556
567
210
204
258
90
147
175
58
85
-27
-1
148
-404
-213
-156
128
245
-316
78
82
431
79
89
-231
34
-256
-444
310
-206
-298
-318
-417
-416
-348
-70
-21
-216
-180
-365
46
-196
445
96
-341
328
172
55
61
-197
-262
-27
-149
-102
-162
-269
-332
-54
84
153
-48
-479
20
-137
-433
72
-489
-485
-297
-277
-76
21
115
-142
71
119
61
10
98
338
639
-38
83
569
29
687
242
185
531
743
516
47
13
308
497
253
-195
654
529
42
-52
339
154
-325
240
196
-334
33
692
-56
168
162
-76
204
-256
-269
-718
136
519
-404
-65
-39
182
-320
-328
-268
-533
-170
-310
-353
-278
77
-222
-512
156
-193
10
-312
-597
-30
496
-134
-773
238
12
-436
-250
-541
-624
81
-125
-124
238
-513
-38
-615
-9
-210
-705
454
52
-679
181
423
556
-164
-147
113
172
-28
455
722
484
130
-155
1155
730
-69
249
89
-420
572
-400
157
-712
-119
611
-70
684
31
129
353
192
141
-974
411
462
561
-275
-177
-279
-732
-92
288
700
-217
-422
279
137
-108
234
-60
-167
-387
326
194
-11
-565
391
285
55
385
-606
-414
800
926
464
277
24
352
-40
-496
302
890
-8
-335
5
628
-134
-299
-288
-554
287
-391
-622
-221
124
-517
150
-374
217
-223
-63
648
-503
56
-121
-416
308
1304
250
-510
-466
-761
-283
-500
-459
113
-257
-415
-671
26
-95
4
-300
22
64
-140
18
-556
33
630
164
-632
-492
-392
-167
-433
-300
-852
274
721
-154
-722
-150
53
-563
-246
-257
848
-558
-102
698
-332
421
302
334
-127
-151
58
354
141
124
98
-265
154
176
243
100
303
276
888
16
395
87
237
1723
537
405
418
707
884
150
253
-85
771
848
166
359
212
710
484
528
-124
-721
258
612
434
660
-266
22
300
-801
288
-91
-231
128
-756
2
-530
-435
-345
-909
483
-1028
248
-16
258
786
62
702
149
279
778
432
-184
626
236
204
404
227
168
-859
-361
-378
-1277
-896
-1454
-1494
-1349
-1995
-2684
-2599
-2912
-2079
-2242
-2561
-2407
-2260
-2128
-2879
-1477
-634
-1138
-1159
-506
-1032
-568
-323
-172
123
148
300
605
1466
1181
933
1599
2565
3195
2640
2776
2576
2189
2649
3008
2581
2743
3065
2468
2293
2086
2465
2681
2386
2221
2043
1609
1801
1329
1389
2051
957
664
-261
-41
380
-126
-102
-91
-678
-531
-1032
-790
-905
-1835
-1612
-1761
-1842
-2372
-1732
-1208
-1398
-1634
-2390
-2366
-2218
-1737
-2594
-2440
-2049
-2555
-2179
-1868
-1605
-1769
-1630
-346
-514
-860
-307
-603
-503
-1
-551
-253
254
275
1231
768
98
595
644
996
735
533
250
-10
117
-226
-365
401
1494
1089
1828
1526
1884
1284
834
1613
1253
1566
1284
655
490
1174
-225
-378
410
29
-360
-912
-896
-2055
-1426
-1198
-1871
-2206
-1189
-1065
-866
-228
-941
2075
1660
274
-121
209
1790
1229
1015
452
673
540
781
-697
-945
-200
-476
-325
-442
706
11
-281
-1011
-338
99
830
1038
-151
205
436
423
-252
753
1388
299
964
701
403
-888
-695
2072
1636
349
-110
-116
-736
-315
-534
126
826
493
805
547
727
-58
-935
-219
38
117
1035
1476
906
742
422
1041
1693
1929
2304
1041
1374
1308
593
298
387
400
-827
-396
-773
-1285
-1454
-794
-1044
-1854
-2161
-3276
-2629
-2723
-2655
-2546
-3439
-4069
-4766
-4937
-5126
-4715
-4678
-4107
-3488
-3362
-3290
-3205
-2045
-1907
-749
-695
-408
114
-123
461
685
1272
1889
2790
2516
2729
3104
3511
3805
3801
3983
3955
3913
3834
3709
3810
3947
3647
3518
4068
3931
3860
3847
3680
3014
2192
2306
2183
2349
2424
2224
1941
1482
1215
744
604
199
-31
-344
-1320
-1491
-1488
-1545
-2193
-2496
-2782
-3087
-3362
-3656
-3551
-3466
-3428
-3174
-2813
-2925
-2919
-3060
-3068
-3011
-2911
-2509
-2260
-1989
-1714
-1769
-1329
-884
-902
-695
-466
93
244
534
555
832
1404
1591
1489
1144
1310
1330
1671
1410
1549
2097
2200
2098
1690
1798
1979
2284
1422
-875
-3046
-3244
-2690
-2241
-2111
-3244
-4331
-5064
-5146
-4839
-4340
-3560
-2945
-1927
-1341
-1446
-1666
-755
536
2180
3757
4043
3950
4082
4423
4031
3940
4335
5190
5929
6323
5397
3807
3253
3431
3864
3938
3721
2888
2122
2041
1523
1233
1970
2775
3014
3200
3102
2979
3391
4430
5162
2542
-2197
-5780
-5802
-4039
-3317
-4376
-7018
-9550
-11071
-11632
-11702
-11134
-10415
-9476
-8008
-7502
-8202
-8778
-7117
-4076
-895
1539
2170
1713
2113
3753
5522
7202
8158
8533
8605
8312
6970
5328
4592
4444
4033
2901
-277
-3515
-3808
-2531
-2268
-2721
-2956
-3666
-2873
-685
279
266
1972
4101
5256
6392
6408
5796
7104
9714
10754
10789
11437
10772
6145
213
-3812
-4082
-2406
-2114
-4518
-8498
-12234
-15258
-16306
-14717
-12623
-11902
-11386
-10498
-10478
-10601
-9429
-6184
-1611
2731
4870
4810
4488
5084
6819
9262
11073
11469
11525
11015
9236
7348
6267
5810
5592
4893
2434
-881
-3023
-4202
-5058
-5265
-4943
-4711
-3937
-2780
-2156
-1279
557
2975
5167
6336
6427
6476
7598
9255
11581
11797
6605
-438
-3425
-1642
-139
-747
-3967
-8756
-12405
-13640
-13971
-13943
-13074
-12800
-12285
-11019
-10731
-11894
-10946
-6568
-1830
1672
3282
2890
2331
4337
7569
10328
12291
12611
11495
10361
9610
8199
7181
7089
6410
4026
1029
-1900
-4164
-4675
-4309
-4221
-4732
-4842
-4304
-3209
-1277
720
2688
4356
5758
6238
7236
8779
11076
13046
9160
1554
-3013
-725
2224
2052
-1302
-6836
-11398
-12807
-12080
-11768
-11253
-11832
-12538
-11630
-10546
-11264
-11130
-7107
-2172
1367
2754
2003
879
2981
7398
10860
12511
12030
10444
9475
9453
8887
7885
7283
5882
3735
1398
-1464
-3989
-4268
-3693
-4129
-4859
-5591
-5876
-4179
-669
1490
2631
3915
4530
5179
7085
9422
11309
13552
9881
555
-5004
-1637
2780
2736
-729
-7195
-12904
-14324
-12763
-11828
-10737
-11015
-12792
-12755
-11476
-11881
-11366
-6294
-814
1866
2552
1304
-429
2094
7852
12024
13221
12213
9689
8626
9257
9552
8761
8268
6632
3096
-106
-3604
-5192
-3958
-2623
-4249
-6494
-7701
-7602
-4417
238
2602
2704
3805
4878
5776
8190
11349
13690
15759
12076
1766
-5320
-1658
4729
5346
678
-7664
-15146
-16744
-13779
-11499
-10438
-11490
-14625
-15529
-13553
-12366
-10966
-5433
328
2249
1901
739
813
5248
12443
15858
14822
10589
5822
7657
13315
14222
9369
5790
2539
-1239
-1225
-970
-3722
-4824
-4022
-7060
-10505
-9369
-6685
-2950
2419
3590
233
682
4840
8200
11886
14726
14286
13397
9539
493
-4221
2040
7452
4293
-2604
-10617
-17548
-17490
-12397
-9949
-10555
-13584
-18343
-19126
-14185
-10248
-8331
-3772
-148
-524
-386
2032
4572
9098
13850
13844
11061
10313
10844
12000
13712
12477
7583
4429
3177
872
-1066
-1754
-3667
-6260
-7602
-9156
-10051
-7661
-4073
-2391
-1286
-521
142
3271
8043
10442
11034
11825
13289
14413
9905
942
-2899
3542
8669
4549
-4690
-13126
-16800
-14064
-9100
-8458
-12221
-17302
-19711
-16624
-10900
-8561
-8376
-5483
-2008
-703
194
2386
5428
9706
13657
13527
10420
8188
8526
12067
15619
13429
5879
951
531
948
989
-312
-4282
-8123
-8573
-8354
-8183
-6176
-3491
-1771
-400
426
868
4217
8910
11873
12411
13176
13832
9235
1388
-1860
4084
9664
5960
-3946
-12371
-14992
-12413
-8182
-7348
-11059
-17077
-20135
-16943
-10932
-7785
-7657
-6505
-4334
-2823
-1111
2003
6029
9726
12047
11277
8859
7666
8752
12751
15976
13366
5859
516
399
2462
3531
1213
-4628
-9069
-9459
-8189
-6599
-4854
-4198
-4186
-2956
-1027
1061
4987
9191
10419
10432
10801
12661
14047
9273
546
-1325
5968
8497
1513
-7545
-13184
-14054
-10535
-7488
-9866
-15196
-19317
-18865
-13442
-8237
-8439
-9915
-7119
-3268
-1060
1283
4291
6667
9627
11878
11029
8997
9793
12054
13456
13331
9939
4474
1711
3193
3677
1261
-2251
-6400
-9365
-8450
-6106
-6183
-6568
-5708
-4895
-3149
698
3747
5969
8184
9323
9670
11486
15234
13660
5030
-2008
1282
8764
7928
-863
-10031
-13833
-12064
-8139
-7247
-11069
-16911
-19946
-16844
-10868
-8286
-9597
-9295
-6042
-2874
-825
1285
4083
7184
10003
11082
9994
8840
9334
12166
14929
13474
7789
2785
2515
4343
4694
1965
-3626
-8418
-8899
-6472
-5020
-5391
-6595
-6972
-5183
-1594
1427
3678
6239
7390
8018
9313
12306
14679
10204
763
-2514
5505
10791
4696
-5215
-11339
-12371
-9160
-5474
-7068
-13008
-18083
-18399
-13416
-8002
-8037
-10543
-9074
-5212
-2711
-625
2228
4555
6819
9010
9480
8283
8139
10660
14236
14395
9626
4731
3887
5333
6176
4645
-527
-5996
-7287
-5933
-5041
-4778
-5549
-7357
-6859
-3886
-1055
1660
4415
5874
5749
6752
8586
12096
15176
9861
-829
-3599
5205
10538
5259
-4106
-11402
-13141
-8976
-4618
-6165
-11868
-17484
-18379
-12918
-7266
-7718
-10096
-8550
-5570
-3295
-451
2127
3849
6266
8573
8412
8112
8272
9139
12825
14997
10302
3687
3505
5538
5868
5304
789
-6459
-7944
-3935
-2965
-4432
-5308
-7380
-7617
-2890
930
1257
2739
5281
5404
6490
9069
11735
13145
8152
-1763
-3601
6170
10696
3750
-5130
-10846
-12516
-8141
-3087
-5282
-11899
-17112
-17786
-12321
-5784
-6118
-9726
-8925
-6112
-3983
-210
3464
3971
4573
6725
7424
7576
9327
10276
10061
10630
9672
6116
4668
5952
4982
2470
596
-2372
-5307
-4861
-3561
-4371
-5032
-5390
-6131
-4153
-66
2156
2643
4144
5123
5717
8046
11179
13310
9095
-500
-4804
3508
11563
6940
-3816
-11153
-12621
-8565
-2661
-2942
-10088
-17102
-18561
-13112
-5668
-4285
-8797
-10723
-8154
-4671
-733
2956
3775
3214
4557
6062
6716
7831
10012
11611
10986
7843
4544
4762
7096
7842
4515
-820
-4257
-3587
-1163
-953
-3198
-6095
-7038
-5159
-1533
749
875
791
2229
4903
6709
7649
8534
11167
10080
2024
-4401
372
9097
8240
-273
-8782
-12771
-10381
-3825
-1022
-6091
-14482
-19392
-15683
-6555
-2238
-5998
-10460
-10628
-7465
-1678
3594
4093
1670
1456
3759
6719
9114
9166
7992
8438
8833
6792
5442
6452
6505
4675
2410
-431
-2662
-2130
-886
-1553
-3341
-5088
-5445
-3213
187
1317
924
992
2611
5265
6873
7130
7940
10498
7804
-608
-4375
2069
8599
5709
-2450
-9864
-12431
-8686
-2597
-1393
-7100
-15075
-18641
-13075
-4052
-1884
-6693
-10583
-10322
-6496
106
4700
3341
-280
-217
3372
7344
9420
8877
6898
5797
6412
7185
7270
6770
5273
2486
545
626
839
172
-600
-2165
-4197
-3937
-1753
-464
215
553
333
1128
4219
6040
5589
5563
7156
8905
5797
-1337
-4017
2467
7397
3176
-4201
-9343
-10822
-7310
-1632
-1850
-8575
-15093
-16107
-10008
-2549
-1978
-7484
-10807
-9330
-4834
1419
4609
1450
-2500
-870
4051
7803
8768
6702
3950
4291
6891
7886
7049
5717
3813
2026
2062
2355
1124
-67
-526
-1482
-2396
-1847
-1237
-1201
-195
725
686
1672
3646
4610
4390
4920
5312
6990
8015
3183
-3381
-2472
4004
5120
817
-4657
-9610
-9901
-4755
-972
-3581
-9109
-13936
-13829
-7202
-1724
-3347
-7660
-9526
-8665
-3833
2320
2972
-897
-2647
-720
2992
6801
7413
4623
2735
3685
5590
7127
7139
4971
2751
2415
3198
3307
2326
874
-120
-160
255
304
-134
-232
404
1063
1695
2491
2998
3213
3412
3733
4049
5612
5965
1911
-3030
-2695
1785
3346
670
-3958
-7972
-8303
-4922
-1707
-2436
-6483
-11038
-11459
-6499
-2059
-2510
-5660
-8066
-8049
-4251
717
1645
-1020
-2774
-1995
786
4087
5136
3417
2013
2656
4031
5372
5981
5060
3603
3077
3389
3447
3171
2678
1960
1323
948
893
974
1132
1177
860
688
1168
1947
2215
2020
1759
1455
1896
3101
4032
2428
-1424
-3577
-1652
1538
1579
-850
-3990
-6168
-5451
-2401
-431
-2045
-5303
-7671
-6898
-3560
-1460
-2274
-4520
-5978
-5797
-3377
-507
-94
-1589
-2853
-2502
-569
1821
2703
2013
1500
1642
2314
3460
4527
4476
3729
3110
2868
2887
3012
3015
2301
1334
915
1177
1386
1310
922
103
-17
795
1473
1357
932
389
63
723
1543
1521
828
526
669
363
-302
-352
494
798
215
-465
-1136
-1601
-1389
-634
-730
-1746
-2827
-3536
-3379
-2687
-2360
-2973
-3814
-4317
-4058
-2808
-1923
-2138
-2638
-2538
-2032
-1076
161
703
604
616
997
1581
2212
2385
1917
1509
1494
1784
2053
1955
1366
893
996
1309
1531
1368
895
489
541
962
1311
1369
885
469
639
1157
1482
1459
1298
1053
1089
1368
1572
1597
1385
1064
809
680
577
435
215
-124
-281
-388
-864
-1425
-1600
-1484
-1439
-1611
-2083
-2645
-2774
-2454
-2073
-1883
-2114
-2586
-2719
-2225
-1536
-1227
-1360
-1656
-1577
-983
-359
-141
-350
-588
-496
-36
389
421
273
155
207
508
863
939
707
610
786
1073
1300
1355
1416
1582
1740
1725
1710
1824
1879
1868
1845
1793
1678
1573
1469
1276
1066
914
831
721
491
278
218
214
66
-216
-461
-556
-482
-310
-301
-600
-944
-963
-716
-559
-680
-1003
-1252
-1145
-850
-822
-1164
-1472
-1489
-1330
-1252
-1337
-1429
-1415
-1374
-1339
-1228
-1170
-1273
-1239
-916
-638
-684
-804
-613
-137
239
272
120
104
346
731
1020
1032
882
849
1013
1166
1188
1157
1120
1117
1183
1226
1172
1132
1153
1116
967
804
807
976
978
606
206
150
368
597
605
261
-207
-320
6
278
138
-181
-308
-204
-64
-55
-158
-218
-197
-197
-193
-236
-414
-530
-434
-383
-545
-773
-926
-878
-632
-524
-769
-1055
-1066
-895
-748
-744
-866
-855
-646
-560
-716
-781
-594
-315
-81
-20
-183
-327
-150
197
368
254
32
-13
172
310
232
171
280
407
475
452
279
203
484
830
861
664
508
589
933
1247
1261
1053
808
692
827
1034
990
706
447
307
243
239
248
161
-39
-255
-391
-432
-391
-340
-385
-540
-700
-683
-419
-206
-390
-742
-782
-492
-162
16
-86
-435
-636
-429
-94
-23
-250
-568
-729
-639
-530
-596
-701
-722
-709
-664
-624
-650
-603
-374
-129
5
49
29
95
403
770
919
828
666
621
763
945
997
872
569
245
194
419
585
458
108
-214
-296
-143
50
124
12
-236
-359
-167
140
243
157
79
115
271
466
566
508
378
295
296
314
229
20
-182
-291
-340
-386
-528
-793
-987
-972
-885
-842
-827
-841
-826
-651
-381
-197
-69
107
304
446
494
516
627
759
769
737
702
511
218
108
208
265
82
-290
-573
-594
-492
-415
-378
-454
-633
-682
-473
-185
-33
-55
-114
6
330
632
797
842
751
632
671
783
745
570
436
329
157
-67
-276
-443
-524
-508
-509
-619
-788
-885
-798
-542
-299
-222
-247
-212
-43
167
303
405
526
577
550
552
529
370
197
164
236
257
71
-289
-544
-548
-491
-481
-448
-479
-638
-686
-518
-317
-172
-61
-53
-95
38
376
702
828
723
519
434
544
700
733
612
362
90
-45
-63
-91
-152
-259
-447
-632
-681
-598
-451
-337
-315
-299
-196
-55
90
242
307
293
345
457
506
472
350
146
22
70
150
101
-119
-401
-534
-447
-364
-431
-514
-551
-586
-560
-406
-218
-88
-23
2
33
131
335
593
761
712
504
360
372
483
613
609
359
17
-199
-286
-291
-181
-88
-261
-627
-837
-666
-256
9
-87
-291
-265
-24
262
458
416
192
116
314
530
549
356
68
-114
-78
39
44
-108
-350
-530
-504
-356
-290
-328
-380
-434
-425
-226
59
209
168
69
60
233
528
735
719
525
326
276
384
452
335
103
-114
-263
-325
-319
-361
-466
-503
-476
-524
-600
-511
-270
-77
-4
8
6
53
226
507
707
636
339
142
276
497
461
217
-46
-243
-309
-242
-204
-261
-352
-496
-646
-592
-312
-69
-65
-236
-333
-149
229
487
513
420
327
357
565
771
745
506
243
95
109
195
161
-63
-368
-593
-645
-547
-440
-427
-493
-605
-692
-598
-298
2
127
128
118
163
317
560
739
677
420
241
281
362
292
119
-66
-266
-429
-483
-432
-359
-337
-425
-588
-661
-505
-179
74
90
-25
-7
200
432
584
691
738
700
650
664
715
702
562
327
128
33
-31
-150
-353
-573
-713
-732
-714
-740
-757
-711
-633
-571
-500
-365
-138
100
227
225
235
396
639
759
633
391
267
313
375
303
70
-230
-436
-453
-365
-343
-449
-616
-714
-644
-424
-213
-148
-197
-167
67
395
579
569
544
639
816
941
962
869
697
506
375
335
296
148
-105
-377
-583
-665
-631
-607
-705
-847
-844
-648
-448
-392
-401
-294
-32
243
373
355
321
395
567
696
636
407
189
121
181
189
8
-313
-551
-552
-416
-404
-611
-839
-826
-564
-296
-223
-316
-361
-191
161
500
637
587
519
577
752
935
1000
876
604
351
274
345
355
146
-235
-547
-607
-481
-410
-558
-812
-901
-708
-404
-251
-303
-367
-240
72
375
490
417
320
348
508
664
665
493
269
126
87
59
-33
-188
-328
-405
-465
-546
-633
-665
-612
-507
-405
-335
-293
-236
-107
111
339
472
478
451
515
679
839
846
677
445
316
342
390
284
-5
-307
-433
-387
-351
-469
-674
-775
-687
-516
-409
-390
-367
-279
-125
51
205
281
266
241
301
444
551
510
342
173
106
137
180
137
-37
-276
-437
-423
-268
-165
-262
-496
-627
-495
-197
24
46
-33
-19
146
354
469
471
444
467
542
584
532
398
262
178
132
60
-57
-173
-252
-337
-457
-555
-544
-436
-358
-369
-402
-357
-211
-36
102
175
175
134
135
224
353
416
359
234
119
39
-14
-31
-14
-29
-150
-333
-424
-344
-213
-199
-315
-397
-313
-101
64
89
41
70
222
408
493
450
382
389
466
516
474
347
204
101
43
-3
-67
-146
-241
-338
-404
-413
-376
-356
-363
-362
-299
-185
-88
-39
-7
54
122
152
146
145
177
213
203
135
47
-25
-57
-59
-66
-124
-229
-325
-338
-254
-161
-165
-270
-337
-257
-47
136
170
80
30
140
363
537
544
405
251
229
369
541
560
361
77
-77
-18
122
130
-59
-313
-437
-359
-188
-99
-189
-366
-452
-331
-73
122
127
-14
-134
-93
84
255
284
151
-25
-97
-37
55
55
-72
-227
-299
-264
-210
-210
-274
-331
-320
-252
-178
-135
-112
-76
-11
75
156
224
275
328
372
393
383
370
391
438
449
359
198
61
32
91
128
48
-135
-305
-352
-266
-132
-78
-155
-295
-355
-252
-33
139
131
-21
-156
-130
45
218
233
80
-105
-176
-99
22
48
-59
-210
-283
-233
-143
-98
-134
-188
-200
-162
-98
-24
52
92
74
46
80
196
332
380
305
182
137
224
365
399
257
46
-58
0
115
133
24
-140
-240
-224
-123
-32
-35
-129
-218
-206
-111
2
59
33
-54
-128
-118
-10
99
107
-3
-140
-192
-141
-31
38
-11
-148
-251
-224
-95
11
8
-67
-122
-92
-7
75
107
89
57
52
93
163
212
206
138
62
47
114
209
219
99
-74
-152
-63
96
151
32
-154
-228
-122
65
176
122
-29
-121
-59
112
240
221
86
-45
-80
-6
90
120
50
-81
-192
-225
-173
-93
-46
-81
-189
-299
-317
-207
-30
76
19
-147
-240
-135
112
297
262
68
-80
-28
171
330
300
114
-63
-98
2
114
127
15
-147
-238
-199
-70
24
-4
-133
-228
-173
5
159
161
33
-49
28
212
330
284
140
40
69
161
197
128
13
-69
-91
-88
-100
-125
-134
-135
-155
-202
-247
-218
-109
6
22
-77
-179
-147
44
246
288
153
-10
-23
136
315
345
208
24
-60
-11
81
106
27
-107
-224
-260
-212
-130
-93
-138
-222
-256
-172
-23
70
50
-9
17
148
279
291
187
93
107
212
273
209
56
-83
-128
-104
-66
-60
-99
-182
-276
-325
-277
-148
-22
9
-74
-182
-194
-60
142
267
239
106
5
29
163
294
323
236
90
-17
-28
30
89
76
-36
-178
-265
-241
-142
-71
-92
-183
-228
-157
-23
63
48
4
35
143
230
212
116
67
119
201
205
104
-18
-60
-18
17
-17
-94
-142
-141
-136
-160
-185
-161
-89
-40
-66
-138
-149
-43
120
204
148
41
10
99
229
283
223
109
37
23
33
41
34
8
-63
-169
-250
-240
-137
-40
-51
-161
-254
-214
-58
84
117
61
20
65
152
203
195
161
151
159
150
103
36
-8
-24
-31
-52
-98
-152
-184
-187
-170
-148
-131
-124
-110
-91
-56
-26
7
55
113
153
146
115
100
140
203
221
163
64
1
0
25
24
-22
-91
-160
-208
-224
-197
-134
-94
-109
-161
-186
-131
-17
87
128
108
78
85
123
173
212
226
206
148
70
18
27
79
100
28
-96
-200
-202
-115
-39
-44
-127
-210
-213
-131
-18
49
36
-11
-25
34
124
179
166
120
100
111
126
116
71
17
-26
-54
-76
-98
-127
-159
-183
-200
-194
-171
-148
-127
-114
-93
-56
4
71
120
136
123
118
149
200
231
211
145
78
49
56
71
62
15
-65
-135
-164
-131
-68
-37
-71
-151
-205
-166
-50
63
89
26
-46
-40
59
183
241
201
115
62
83
146
180
137
45
-29
-60
-58
-67
-115
-173
-197
-184
-166
-179
-206
-198
-138
-55
-12
-17
-34
-7
64
133
142
107
82
96
130
130
88
39
23
39
51
17
-40
-80
-75
-43
-25
-38
-68
-88
-86
-60
-22
16
40
37
12
4
46
125
183
168
91
30
46
115
161
118
6
-80
-86
-42
-25
-70
-140
-176
-156
-116
-107
-121
-124
-84
-25
12
9
-8
6
61
122
144
109
50
26
52
93
96
46
-17
-55
-53
-40
-42
-48
-56
-65
-82
-105
-102
-61
-3
24
-4
-49
-57
-3
80
126
114
74
48
63
104
135
138
111
68
21
-11
-20
-10
-1
-24
-86
-155
-186
-145
-74
-34
-59
-111
-119
-51
49
103
79
24
20
81
150
147
73
-2
-10
43
82
49
-42
-111
-99
-36
13
-2
-68
-122
-120
-63
1
27
3
-49
-76
-48
23
88
109
78
36
22
54
108
142
129
77
18
-16
-21
-3
14
1
-49
-116
-168
-156
-85
-12
2
-63
-140
-140
-38
96
154
94
-13
-54
16
137
192
134
14
-58
-35
37
79
42
-46
-104
-90
-32
9
-10
-68
-111
-97
-37
20
19
-27
-76
-73
-6
78
111
80
24
3
51
122
158
133
75
25
6
4
0
-4
-13
-43
-109
-181
-200
-134
-35
7
-56
-161
-188
-83
88
185
136
18
-43
33
176
256
213
88
-2
5
75
121
89
-2
-86
-105
-75
-38
-36
-77
-131
-159
-132
-76
-32
-39
-80
-106
-64
25
92
95
49
25
61
126
166
144
78
27
12
23
32
8
-36
-86
-123
-135
-114
-77
-51
-63
-100
-121
-83
1
73
86
41
-5
11
78
149
163
115
53
20
37
69
74
45
-1
-42
-66
-73
-68
-54
-52
-66
-90
-104
-93
-60
-26
-7
-13
-19
-6
20
53
77
83
84
84
91
102
103
88
57
25
5
7
8
-18
-76
-131
-144
-101
-47
-35
-76
-129
-122
-41
59
99
57
-4
-12
60
152
183
124
25
-22
18
93
116
51
-62
-130
-116
-47
-4
-39
-120
-177
-157
-85
-20
-11
-53
-86
-64
8
73
88
64
41
59
101
129
119
92
75
75
66
33
-7
-31
-20
-13
-45
-107
-144
-123
-62
-16
-34
-88
-107
-55
39
97
84
31
4
39
107
146
125
64
14
10
37
50
31
-12
-53
-76
-76
-63
-58
-70
-90
-101
-94
-69
-40
-27
-24
-24
-6
24
57
82
95
97
86
77
80
97
108
91
46
-20
-55
-44
-19
-19
-71
-136
-166
-134
-63
-19
-35
-85
-100
-53
40
110
106
60
28
50
110
147
135
88
46
38
43
38
14
-14
-34
-46
-72
-105
-127
-119
-91
-73
-81
-108
-116
-83
-18
39
51
31
20
44
95
138
135
102
70
64
75
77
43
-10
-52
-58
-56
-67
-99
-141
-153
-126
-83
-57
-57
-68
-64
-19
48
106
126
109
87
94
135
177
184
149
92
56
49
48
32
-9
-52
-77
-93
-112
-132
-144
-132
-108
-88
-94
-107
-99
-47
21
63
53
22
20
64
132
162
131
64
19
26
49
53
13
-50
-97
-118
-121
-122
-133
-138
-130
-103
-83
-70
-56
-27
26
83
125
141
133
125
133
159
189
198
172
116
54
15
8
18
20
-20
-90
-155
-175
-153
-115
-101
-123
-152
-157
-119
-61
-19
-3
-1
11
46
86
109
106
96
94
105
106
80
41
7
-9
-5
-14
-43
-88
-123
-120
-83
-54
-51
-76
-92
-67
-9
49
69
53
42
63
112
144
137
106
87
95
110
101
53
-3
-26
-13
-3
-34
-95
-141
-144
-115
-90
-99
-128
-144
-125
-75
-30
-10
-14
-13
15
60
102
114
107
96
95
104
107
92
62
34
9
-10
-33
-62
-81
-91
-87
-85
-91
-99
-98
-74
-31
6
21
18
18
39
82
118
127
110
86
77
87
92
73
34
0
-15
-18
-30
-59
-91
-109
-101
-88
-84
-93
-105
-101
-74
-38
-12
-4
-5
5
36
71
99
105
93
83
79
85
87
78
54
18
-16
-39
-48
-48
-49
-62
-80
-96
-92
-72
-45
-20
-9
-11
-11
1
34
63
76
60
38
28
38
60
59
37
1
-22
-22
-8
-4
-18
-43
-60
-54
-34
-18
-16
-22
-28
-18
6
24
26
13
4
12
34
44
37
15
-3
0
16
25
13
-4
-17
-21
-24
-28
-28
-20
-5
-2
-20
-51
-59
-30
22
52
32
-16
-46
-15
54
95
73
13
-26
-10
36
67
47
1
-34
-30
-6
12
9
-15
-32
-37
-26
-10
-3
-5
-13
-16
-11
-2
7
11
4
3
5
10
13
5
-6
-3
9
20
11
-19
-37
-30
-4
14
2
-28
-42
-27
4
14
1
-21
-19
8
33
32
8
-6
3
29
42
35
15
6
8
12
12
7
0
-5
-10
-17
-15
-11
-9
-7
-14
-14
-7
1
5
1
-3
-1
4
6
4
-1
0
4
5
-1
-8
-6
5
9
4
-10
-16
-10
2
7
-2
-16
-23
-10
12
21
8
-9
-9
8
27
33
22
5
4
9
15
14
4
-2
-8
-13
-19
-25
-20
-12
-12
-18
-24
-23
-14
1
7
6
4
2
4
8
7
10
11
5
-2
-7
-8
-4
2
2
-3
-8
-5
0
3
3
0
3
7
9
8
4
4
9
13
14
8
2
2
7
12
14
9
2
-3
2
4
4
3
-5
-12
-16
-15
-12
-8
-9
-15
-15
-14
-10
-5
-1
1
6
5
5
5
4
6
8
11
7
3
-5
-10
-7
-5
-1
-5
-11
-18
-20
-16
-7
-1
-3
-4
-6
0
6
12
19
21
22
20
19
18
22
26
24
19
9
5
0
2
0
-5
-13
-20
-28
-30
-24
-22
-20
-22
-24
-23
-19
-12
-2
3
7
7
8
12
18
21
23
22
19
14
10
11
7
5
-2
-7
-12
-17
-15
-13
-12
-15
-18
-16
-13
-6
2
6
9
11
10
18
24
25
27
27
24
15
13
12
10
7
0
-7
-16
-21
-21
-21
-26
-28
-32
-34
-31
-28
-21
-19
-13
-5
1
1
2
5
10
19
24
22
15
10
9
10
11
7
0
-5
-7
-4
-6
-10
-14
-9
-6
-2
2
5
10
14
17
19
23
25
30
30
28
26
20
21
18
19
18
10
4
-2
-7
-9
-10
-15
-18
-23
-30
-33
-31
-26
-25
-28
-31
-33
-27
-16
-11
-8
-13
-13
-7
1
5
6
4
0
0
-1
-2
0
3
0
-2
-5
-6
-1
5
8
5
5
8
16
19
20
20
21
24
26
24
19
15
13
16
16
16
9
5
0
-3
1
-1
-4
-8
-13
-17
-15
-14
-12
-11
-12
-19
-17
-15
-10
-6
-5
-6
-11
-11
-7
-4
-2
-3
-4
-11
-9
-5
2
5
4
0
-2
-2
3
8
13
12
6
5
8
11
13
15
11
5
7
11
15
16
11
4
2
7
10
6
2
-3
-5
-3
-3
-5
-8
-14
-14
-14
-14
-13
-11
-10
-13
-15
-14
-11
-5
-1
-6
-9
-14
-9
-3
2
3
-5
-11
-7
1
12
10
4
0
-1
6
14
16
17
10
6
8
12
19
19
13
7
7
10
15
16
9
4
2
5
11
8
-2
-4
-6
-6
-1
-5
-9
-11
-14
-14
-12
-11
-10
-10
-11
-13
-14
-12
-7
-3
-5
-12
-13
-10
-5
2
0
-1
-5
-11
-6
4
5
5
0
-3
-3
0
5
9
12
4
1
3
5
10
17
14
8
6
4
8
13
14
11
8
3
2
4
7
8
0
-5
-8
-9
-4
1
-2
-8
-12
-9
-5
-3
-3
-8
-10
-10
-6
0
-2
-3
-5
-3
1
3
3
-2
-1
-1
1
3
5
2
0
1
4
2
-1
1
0
1
2
1
-1
1
4
6
8
4
1
2
8
10
9
7
3
-1
-1
1
3
-1
-7
-10
-7
-5
-4
-6
-9
-9
-7
-4
-5
-6
-8
-6
-4
-4
-1
-6
-6
-3
0
5
4
1
-1
-1
3
2
4
1
2
1
2
4
4
3
1
1
0
1
3
5
6
3
4
2
5
8
7
7
6
5
4
2
4
4
2
1
-1
-1
-1
-1
-3
-6
-4
-4
-4
-3
-8
-8
-6
-5
-4
-5
-5
-5
-5
-3
-2
0
-2
-4
-3
-2
3
2
-1
2
1
2
5
4
2
3
2
0
2
4
6
4
2
1
3
1
0
1
3
4
2
0
-1
3
3
2
1
-2
-2
0
2
2
-1
-1
-3
-2
1
-1
-3
-7
-7
-5
-1
-3
-3
-5
-8
-3
-1
1
-1
-2
-3
1
1
1
1
3
2
3
3
0
2
2
1
-1
1
2
0
4
2
2
-1
-2
1
3
2
5
4
1
2
3
7
5
3
2
1
0
2
1
-1
-4
-2
-1
1
-2
-5
-5
-5
-4
-2
-2
-3
-5
-4
0
0
-2
0
2
-2
1
1
0
3
1
3
1
2
1
0
0
1
1
1
2
2
1
0
1
0
1
-3
2
3
-2
1
-1
1
2
4
1
-1
-3
-3
-1
-1
1
-2
-4
-4
1
0
-2
-3
-4
-2
-3
-2
-1
-3
-1
-2
0
0
0
-3
-1
1
2
2
2
0
4
4
2
1
0
3
4
4
1
0
0
2
4
4
3
2
1
1
1
1
-1
3
2
0
3
2
1
0
-2
-2
0
3
0
-3
-3
-3
-3
-2
-1
-3
-6
-2
-4
-4
-4
-4
-3
-4
-1
-3
-3
0
-1
0
1
0
3
2
2
1
4
4
0
0
0
5
5
3
1
1
0
1
1
-1
-3
0
0
1
-1
-2
-2
-2
2
1
1
2
1
2
3
0
2
3
0
0
-1
-1
-1
-1
-4
-4
-1
-4
-3
-1
-2
-4
-3
-3
-2
-1
1
3
2
2
3
2
4
4
0
1
1
2
5
3
4
1
-2
1
1
4
3
2
1
0
-1
-3
-3
-2
-2
-1
-2
-2
-3
-1
0
0
-1
-3
-2
-1
-2
-2
-2
-3
-4
-4
-2
-3
-3
-2
-4
-4
-3
1
-2
-2
0
0
1
2
0
1
1
1
4
3
4
4
3
4
3
4
5
5
2
0
3
2
4
4
4
1
0
-1
-3
-1
-2
0
-1
0
-4
-2
2
0
1
1
2
-1
-1
1
0
0
-2
-4
-1
-3
-3
-6
-7
-8
-9
-6
-13
-10
-14
-11
-5
4
2
2
-3
-3
0
0
8
4
10
12
22
20
26
22
19
10
6
16
10
14
-9
-3
-23
-11
-15
-7
-4
-11
-14
-17
-12
-11
-3
-6
-19
4
-20
5
-4
-9
-3
-4
-28
-31
-69
-39
-72
12
-10
-94
-105
-549
-194
-479
121
92
474
633
547
877
373
613
-284
-497
-977
-1095
-801
-693
101
260
988
985
1342
1169
994
766
220
82
-497
-490
-842
-697
-721
-579
-362
-282
6
3
205
199
340
218
194
12
-186
-168
-483
-363
-1004
-1128
-1443
-1329
-858
-517
263
468
1139
1186
1663
1539
1553
1312
971
771
316
72
-567
-755
-1132
-1028
-996
-558
-367
87
541
845
1444
63
-223
-1729
-1872
-2148
-2034
-1198
-945
359
422
1588
1401
1938
1646
1553
1248
683
633
-14
88
-455
-319
-578
-327
-336
-212
-77
-8
329
100
458
289
377
94
-790
-1178
-2030
-1881
-2052
-1173
-846
-306
290
213
975
689
1396
1043
1463
1143
1050
836
413
450
-49
167
-265
16
-265
-148
-206
-207
-401
-456
-135
-66
274
182
499
141
285
-485
-521
-743
-1051
-624
-821
23
-86
503
416
765
729
320
341
-129
118
-350
-205
-528
-366
-429
-803
-191
-353
50
106
309
603
263
607
302
157
54
-146
47
-62
-170
-201
0
268
-39
-147
82
21
126
108
131
33
-106
90
-332
-49
-54
112
-313
-97
8
69
-26
-66
52
-192
363
48
90
-43
159
100
-69
279
-161
250
-69
-100
494
-157
145
-77
-119
-512
-1038
-899
-1275
-507
-835
22
301
791
1034
1000
731
172
475
-305
446
-325
213
281
-454
697
222
869
518
-194
240
-227
-171
-278
-137
-192
179
84
63
61
-160
-327
90
-93
-275
693
-585
-171
246
-214
281
560
-257
51
173
-142
-153
-678
570
-578
-322
-290
-317
-623
38
-236
-369
-612
-110
147
-141
187
-312
168
414
65
248
-411
-105
839
-845
1114
-228
262
388
-514
286
-628
902
-251
24
-463
355
-124
-409
-34
132
109
-264
85
-668
-609
30
274
-394
-27
455
129
471
1063
301
699
-153
283
157
-180
558
-518
152
400
26
192
155
31
476
-107
-1017
346
-618
-58
152
-184
655
-691
655
-156
-592
-18
324
199
-530
160
572
195
-250
539
-338
129
384
-694
497
-536
726
259
-212
116
-260
210
-1289
959
-430
166
412
-831
101
-958
182
-517
-460
-48
-508
170
616
-254
-646
172
-326
-215
411
-513
170
384
-667
260
-23
-224
85
116
677
243
-268
-127
260
-418
744
-80
-136
-113
-264
290
-451
-123
245
-464
474
-64
-44
-651
274
-116
68
-617
215
415
-1030
1469
296
-692
1189
-15
224
422
-131
91
-155
460
-121
-121
1011
-429
877
-386
-63
200
-383
837
24
274
314
432
178
499
-930
1013
16
-891
547
-326
1192
-1027
-221
1055
-316
-239
-688
258
260
-821
-72
23
-517
146
-606
-180
-71
-1215
-167
276
-521
206
-609
-293
-115
-106
-99
-608
680
-165
-366
-695
987
-381
629
147
-988
-215
561
1089
-957
398
-706
-17
682
163
114
86
711
-818
-67
645
345
-30
-304
590
-150
-205
-274
206
214
-214
1110
-575
-155
6
-408
484
-562
38
-247
112
397
-165
50
-114
-122
318
-189
418
225
495
-428
797
580
-227
26
-229
238
671
-510
-27
-813
640
56
-267
611
-527
-277
-186
0
-689
277
-498
1269
-801
-358
227
-260
468
-505
803
-508
377
595
-500
128
283
303
-161
-281
655
-905
-2
82
-404
885
-1174
-19
19
-526
-375
-641
435
-775
-29
51
487
-111
-142
92
-532
556
-595
212
490
127
335
-258
159
1003
93
11
-157
214
137
-242
392
-484
-133
-98
717
-361
1050
-348
-454
697
-759
-103
-1
299
10
163
552
76
-237
456
-657
-28
-413
-66
584
-10
225
-647
-436
-215
-559
-444
661
-629
292
151
-1274
-274
-888
-451
217
329
618
-885
621
-551
201
348
-154
674
-897
499
483
-175
178
-8
447
-6
626
485
-28
-317
364
378
323
9
-64
536
-123
1134
303
373
-108
308
686
3
-273
25
-346
222
395
309
-233
-454
-299
-361
579
-480
235
-327
-504
-581
1
118
-613
-168
-720
-111
-224
-845
-658
-6
-431
14
-384
110
-4
-544
187
-497
62
-397
191
-104
184
31
-362
30
-103
-311
-562
271
60
-24
397
408
132
-210
-872
208
421
425
526
379
631
204
514
687
314
658
343
519
1110
-365
52
87
326
601
237
334
234
-56
-374
182
137
-29
-477
75
418
-194
-129
-77
208
237
190
-420
190
-674
-418
-39
-657
-43
-939
-458
-666
-416
-550
-165
-77
-289
-489
-23
-161
-137
-113
160
390
-835
813
-3
-118
9
284
194
-275
401
121
-110
-669
1168
-240
-543
232
56
-557
-49
447
-446
380
-390
387
54
-774
399
-64
-5
787
-618
549
392
-77
225
58
819
195
4
261
-225
-97
-483
184
-356
4
120
-123
587
-163
453
88
246
-13
-202
467
-354
105
536
-203
289
-135
-45
-14
-280
137
-615
-461
-129
-85
32
-121
-196
72
267
-436
44
-309
-153
-208
240
-57
-115
272
-64
-200
-203
236
598
30
321
-55
-351
-4
-116
60
455
-52
131
873
426
412
-163
-173
373
-413
-165
115
332
-22
-176
-43
504
-79
-174
-26
-195
-429
3
59
182
177
-163
-311
-233
-222
-335
-273
173
-498
30
209
-24
-235
-185
-141
-148
248
109
-214
85
424
-662
1
-750
-103
-61
215
-50
-296
490
-216
532
-189
-349
-15
-22
377
-260
7
359
-252
325
-526
258
230
-135
995
0
212
9
612
276
-47
-33
115
-111
335
260
-312
230
239
-270
-235
-429
-145
-522
150
140
-316
-148
-668
-147
-90
-93
-128
146
154
125
-319
301
190
469
524
290
45
53
-40
-1
17
457
-27
-28
91
339
146
-82
752
-364
172
167
113
194
-85
-151
-122
-538
-78
-62
-523
523
-197
-206
-651
-54
-88
-223
23
-62
89
124
-700
225
-294
317
-79
272
99
-471
146
-586
22
220
-356
67
252
39
685
-889
299
-435
-163
98
-60
274
-238
800
-391
82
-130
71
469
-146
219
-86
-9
95
-43
115
351
-419
147
171
-279
-103
69
176
517
414
309
251
-227
-68
214
-461
-216
-105
34
32
146
-183
-267
43
-117
-194
334
109
-282
-27
-657
2
-170
54
105
354
53
359
90
-258
-55
197
-3
-171
296
159
-289
-123
-138
-239
687
101
74
-203
-472
-177
-365
4
-28
-310
28
403
17
-459
172
299
613
-242
75
382
29
659
-147
-52
200
-107
-140
-255
90
135
-438
-113
-238
117
-146
-41
-267
35
-217
134
-16
-112
387
60
135
1
131
-74
306
-30
337
-5
-28
283
20
-30
25
-135
-30
134
-289
-5
21
170
179
-226
-123
27
316
256
-299
255
250
-31
-35
-354
-103
-185
132
-287
-93
-210
-154
-498
121
-232
-393
104
137
-399
-375
-458
-249
-81
-572
135
-217
-259
-263
-5
198
82
98
187
92
28
185
316
172
616
227
591
35
328
732
-309
538
-189
371
405
124
275
241
-126
-124
-42
-95
392
244
26
420
-158
180
-237
40
635
-25
-161
-231
-43
-37
169
117
109
244
442
65
-52
-321
-466
41
-44
120
-415
-147
-350
68
-331
-111
-365
-383
-370
-230
-179
-468
-296
-479
-329
-153
-138
-57
69
167
-320
-354
-168
-23
28
-105
-77
215
-495
144
-12
333
-311
-9
-297
181
277
-46
-154
-114
599
-247
97
-206
231
196
99
268
173
-265
497
-32
95
382
195
531
167
374
17
166
273
219
576
510
234
285
337
-497
-18
92
-381
-27
329
381
-53
27
106
213
-106
334
71
85
196
26
-194
-571
142
74
56
-267
174
-8
-503
-273
-362
-507
48
-136
-34
-36
-475
79
-194
-266
231
-177
-17
166
-358
-128
-340
166
-427
-383
217
-187
-311
130
-51
-19
207
120
-103
124
-155
242
-225
135
182
-135
275
163
-207
3
204
-98
13
-64
-333
469
1
-139
359
-260
230
-462
-345
-239
263
176
317
-445
176
57
-224
139
258
263
-66
-105
2
62
251
21
21
-174
-11
42
43
-166
-74
191
636
-156
-106
464
-93
142
16
-342
146
172
96
231
313
-326
-57
184
294
-16
187
-153
-412
310
-348
34
-459
184
366
-307
381
-641
449
-120
-222
304
-297
230
-307
-15
-43
-40
245
38
110
-123
-223
278
-771
74
113
175
-4
262
-53
308
-326
-97
454
-5
1100
-336
-187
-75
-379
-232
78
56
-50
302
-193
-105
-198
119
113
-150
-179
-295
120
-122
315
-135
371
-101
-183
-25
-503
-125
-47
78
113
109
-56
-320
70
309
263
-303
-81
5
-245
-272
-8
-323
-319
-77
-413
163
-316
106
286
-165
-37
-222
-15
-82
343
-125
290
-323
78
18
-31
359
33
191
-60
-164
78
379
240
139
350
167
-220
298
-95
-199
110
853
-284
86
501
-136
-129
261
773
62
-145
-167
583
0
12
-557
-150
150
-523
415
32
-143
-94
25
-145
-257
-40
-252
-383
-102
-65
185
-254
-173
-455
306
-683
265
-187
-308
618
-253
467
-221
-153
-515
64
-35
197
420
14
512
181
365
-359
-67
301
-367
443
-214
-219
70
-467
22
-88
-299
-201
-142
-36
-45
-150
-279
208
-128
485
186
-105
353
-29
180
-82
7
219
-12
213
470
-23
-219
514
81
-251
-185
-99
542
328
268
-286
19
-83
-225
174
-397
-218
-56
-376
-69
267
-107
-144
-140
-553
-71
-116
226
229
436
-85
137
13
-341
-167
-195
438
-50
-419
23
48
42
-320
-114
216
-86
271
555
-37
-8
210
-227
131
-181
-19
224
-102
53
446
-19
-374
138
-155
237
-58
349
-87
-34
528
54
-323
-192
-13
-190
-163
-123
287
-239
163
150
111
-234
-171
-5
423
-169
-375
513
-85
225
251
-133
69
-22
83
-53
-435
206
95
12
-360
-176
374
-77
297
-80
-342
-34
-657
-417
-178
16
43
-387
-779
355
249
-201
417
72
-32
87
-431
131
92
-53
94
-468
201
389
110
-489
-418
231
234
10
50
33
-247
571
66
110
464
-172
577
479
524
544
325
31
271
-11
470
366
513
158
48
-445
-16
-347
164
77
-522
19
-565
45
7
86
-354
-672
-448
-218
-479
244
-28
-158
141
-471
164
41
105
-99
-460
-588
169
-57
-733
-332
-394
-72
-137
-18
-81
106
53
457
166
-98
-38
-342
881
293
163
80
-169
32
84
277
158
173
227
267
-317
747
343
100
452
-127
-236
51
377
300
-51
-282
453
229
-185
-43
-229
-162
52
-42
-275
-10
22
-242
-129
-210
-264
-284
70
-443
46
-44
-68
565
-448
-25
-58
-303
-145
-86
-98
-359
239
18
-68
314
333
21
-201
-118
32
-429
277
366
139
-396
-300
409
126
323
-255
-252
296
86
651
422
-263
-47
239
-112
-11
-365
-89
-6
-412
-193
436
-109
-186
80
-30
274
-145
16
251
70
285
29
261
-6
-43
54
150
377
430
38
-113
-69
-172
339
78
-264
-8
206
266
-97
-44
-409
-87
45
-203
-255
-528
-326
-370
-90
-36
137
221
31
-94
-181
-49
-139
30
-313
-11
-442
-167
-19
-164
-379
42
-143
235
322
-44
221
-97
218
-2
-291
-192
-205
478
250
244
-237
-61
376
356
204
-122
-47
-93
-43
237
669
328
-73
46
434
-264
496
-340
-472
397
-47
-44
-375
-143
44
-200
146
384
-275
-61
-290
-72
-136
-39
56
-27
44
220
24
-199
249
107
-45
517
158
-103
-561
210
373
331
352
274
313
-59
496
-423
426
107
49
50
-466
-68
-376
117
-84
-29
-9
-426
-486
9
-409
-374
-224
-506
-241
-2
20
45
-622
-97
-634
-188
-50
179
-61
70
77
-234
-102
-99
339
176
-184
113
-402
274
391
55
224
-274
105
117
-251
73
-200
326
285
303
643
-62
-26
-195
460
-13
87
264
98
108
-185
345
174
427
273
207
-9
320
-132
106
109
-107
272
-217
-34
50
-115
-71
-41
-586
82
48
-41
145
211
85
-227
-172
-52
196
10
-180
-9
-244
254
-36
-100
-113
-298
75
329
541
-11
-79
-45
-35
-889
80
-162
-214
-41
203
131
174
-557
-323
37
-186
216
-271
344
-106
-29
-78
-31
-327
-65
27
-137
-143
-372
-109
-237
-549
-5
-252
-207
69
-306
144
173
57
25
88
23
35
-365
-65
-209
290
319
-198
-16
-288
-120
65
338
361
507
273
417
594
227
302
153
311
266
428
645
257
254
36
81
381
-18
85
157
-132
-355
-150
365
333
58
-98
-467
-269
142
514
-337
-315
-150
32
-112
-229
260
-198
-18
10
-369
214
399
25
-43
-146
-3
-426
-404
-274
-433
-555
372
28
-318
-243
-264
-164
-687
17
-405
144
311
-136
-199
-278
-91
-762
59
242
54
262
-51
-304
-334
-232
73
34
-47
309
-300
-45
96
-348
206
286
378
293
-75
397
273
367
551
-431
266
235
-25
-5
-36
133
-136
190
385
325
-197
564
477
160
96
-402
271
240
279
116
219
233
-208
-521
327
353
109
83
209
265
114
-6
2
158
-499
126
-258
73
-375
-31
114
-189
4
72
-125
-228
-110
-5
137
-43
-436
-164
40
64
-191
-410
-548
-431
352
-146
-196
-462
-67
211
-473
-6
-160
-320
-35
144
6
-168
-525
-385
-140
9
92
-7
-239
304
-102
-12
-206
-111
517
-122
-115
5
3
-71
299
-127
-166
229
143
304
-97
-74
363
544
537
-551
73
357
214
141
-81
201
2
344
379
-218
265
581
211
85
410
589
308
357
-93
445
146
262
311
-125
-80
-49
201
-88
-319
-238
48
-103
66
-88
-232
-500
-234
0
-690
-194
-261
-128
-271
186
-433
-241
-90
-212
-307
25
-327
-331
-260
-640
42
-176
-145
-161
82
-92
-164
-150
-42
344
-77
256
386
79
225
103
188
38
87
-80
289
-260
318
393
20
247
-414
428
348
-107
-50
-62
49
-166
417
166
201
-8
424
327
-522
-21
128
19
133
146
-125
-313
-6
74
84
-542
183
247
-69
-448
6
47
-528
146
10
204
-220
183
-48
-30
71
246
-5
-13
304
-7
54
-72
200
-216
36
187
188
-463
-21
242
-20
-216
-181
-244
24
41
-455
421
140
-163
-231
-159
-374
-603
-69
43
380
-330
44
-53
-121
57
-337
-278
-31
176
-353
-484
410
-79
6
142
126
-217
175
369
200
165
115
59
19
315
-64
458
739
316
187
84
4
416
-64
307
-80
40
-229
-101
-14
-230
-655
-339
251
159
394
140
502
-197
-126
141
243
-62
-313
582
106
-106
-14
-26
-42
26
99
98
11
-254
-265
179
-103
79
-320
-86
-64
-593
-53
-48
-12
-198
-4
-439
-57
28
-71
455
-228
-483
-146
296
-22
-12
41
-209
-136
259
225
-203
155
-301
-249
290
-294
282
81
-401
-107
-276
-150
-536
310
-438
139
-17
49
-90
-152
532
-70
59
112
2
293
-9
26
-160
151
226
464
252
-120
518
-6
72
62
145
67
49
-121
209
318
-214
-354
-5
60
-142
205
413
318
-223
13
-160
-466
-79
101
513
120
47
358
-463
301
-267
-346
377
443
394
-219
-377
42
238
-307
211
80
207
-18
-127
106
331
-91
-312
-259
-341
199
-28
-280
-224
-123
19
-35
119
-50
163
-260
-383
-246
435
238
-237
329
-352
-9
-466
-300
17
-62
171
-350
-370
-483
33
-581
59
304
-4
-307
149
64
-143
-121
209
151
170
8
-52
180
93
299
175
84
38
280
-418
94
-209
136
125
-225
251
-258
174
261
112
-63
-21
285
378
58
-98
516
544
597
148
-25
890
53
59
396
-24
-122
2
-457
-5
173
-67
-115
-156
6
-38
-412
-345
-186
-416
-75
322
-77
-261
-354
-191
-125
-610
112
152
-409
-202
-141
-440
-540
-560
86
-112
-32
179
-504
464
-90
-45
-73
41
113
-321
47
129
325
21
-224
309
172
147
205
137
13
135
226
-203
174
556
412
328
179
257
-23
362
256
195
147
412
186
-236
64
35
-4
197
-225
233
343
-82
-207
-95
-60
-17
-229
185
171
-481
-30
-245
132
137
431
269
-511
-156
-558
19
210
-72
-180
-55
-209
-85
-472
-575
55
-624
-322
-56
-117
-256
-689
-344
25
-153
59
100
226
-236
56
-214
-32
-127
173
467
251
386
68
-325
222
440
454
221
-182
-11
-100
73
-129
11
81
-122
34
359
164
-71
318
-201
-332
309
317
220
-171
312
-170
-317
160
135
125
362
478
-491
-112
47
287
312
-31
174
537
368
-38
-144
322
453
-220
22
-131
-424
-203
-247
-139
-59
-110
341
-250
-543
-261
-752
108
156
-127
-182
92
177
-476
-149
-143
-237
-110
-210
-142
89
235
-272
-121
-6
-388
361
-414
-86
-5
59
207
9
88
-47
-25
-317
176
77
224
633
-184
-101
32
116
341
-62
359
286
59
141
-254
228
-27
-24
120
-85
301
146
112
112
-171
184
-3
41
371
56
-440
-343
-107
-170
-74
135
72
-404
-15
140
-304
-391
29
247
145
5
219
-139
-94
-50
-99
454
-7
242
46
-7
-58
31
-328
-113
118
-77
372
194
-156
-171
-137
-113
-24
293
259
100
-2
93
17
-22
-281
-106
39
10
429
4
-165
137
46
20
-156
-28
336
65
-143
-123
-316
-89
-292
-300
-7
-32
-93
-94
-66
-312
-14
90
351
-119
-485
-141
-60
68
-49
-242
119
430
-504
210
352
102
-240
-189
494
31
73
-38
60
-215
-87
292
169
182
113
376
-105
24
-7
-187
180
323
116
118
-183
-96
-1
-243
199
153
-214
-26
-74
-114
-142
16
162
-117
6
-48
-270
-487
314
136
-335
-239
-232
-32
122
171
216
338
-13
245
217
154
212
68
468
34
-47
476
138
48
-96
92
-112
-92
-444
-376
-95
307
-98
-450
92
-159
93
-283
-123
380
147
230
292
-34
-292
-156
-127
104
-184
0
50
-542
-218
-213
-59
-69
-229
-195
-97
99
-188
-49
70
84
-128
-57
-164
49
399
-190
11
382
-49
229
-64
41
-15
-269
165
51
138
-1
-188
-217
112
64
-184
227
-116
325
155
182
293
-352
49
36
149
220
264
1
15
30
26
402
387
-101
39
383
-6
-347
360
80
-138
-114
-244
35
-363
243
-59
17
-22
-46
-221
-89
272
-148
9
79
-262
-68
-72
-237
-42
-244
203
65
149
-162
-172
-84
-165
17
-263
66
41
5
-134
-46
201
-35
-54
-152
-203
74
182
155
26
-180
-79
-236
-477
135
-574
209
13
53
233
-140
65
-60
135
25
-98
-79
-150
-8
305
269
115
-55
194
198
413
290
-63
339
92
90
10
-78
523
174
-43
-154
-190
615
243
-204
-201
-161
78
-91
-49
88
-384
-138
339
100
-133
123
-120
-135
227
-13
10
-290
-41
-30
-570
-50
164
-213
181
-16
28
-8
-234
127
-141
-82
-198
128
-8
181
-84
-141
523
-338
208
-146
66
415
-187
4
-232
21
102
2
-19
109
-88
-462
-18
-271
-294
-113
-253
293
42
-281
20
-92
-12
32
114
-153
-336
17
51
68
-126
251
182
243
-198
192
174
-280
-80
-107
218
115
264
197
-390
13
19
62
151
227
290
-262
64
-24
23
194
-206
89
238
84
88
-330
-165
-160
283
378
198
-30
44
25
-38
-60
95
305
212
400
307
201
286
15
25
-80
203
239
-154
242
-135
-119
-203
32
-103
-83
-191
-149
-117
-317
-56
-87
-262
-230
-173
72
-25
-232
-178
-87
-55
-354
-320
-679
-352
-278
-148
-260
-101
-161
-313
-122
-162
174
163
-23
-184
292
-54
189
329
104
342
156
164
197
-157
128
303
-23
-122
10
-61
265
213
366
234
-17
55
-25
26
9
189
564
193
165
82
302
-252
-125
205
121
89
164
-115
-288
-76
58
39
-102
170
-56
-110
139
1
-99
130
102
0
-120
-76
-247
-222
193
103
4
-65
-247
-106
142
121
71
45
115
138
-70
47
-46
-80
-267
-32
143
-30
4
-378
-341
-331
-161
-156
-32
-33
-183
40
-119
-263
-332
-273
57
-326
48
158
305
119
39
-173
-374
11
-253
-114
289
-5
-104
-42
39
140
-131
71
181
290
134
311
262
269
381
128
287
203
107
258
-37
195
125
204
313
-106
120
39
117
186
188
399
-168
-130
-22
-95
-104
-236
-93
76
208
-17
-8
-274
-252
-12
105
90
-68
-163
-8
-150
-474
-487
-219
68
187
-179
-171
-98
-379
-15
-106
-164
-238
-46
33
-329
-483
-192
-158
10
99
-168
-256
-5
60
-139
49
-41
129
-34
-128
135
32
167
140
-71
124
130
153
214
252
7
263
382
-2
134
143
317
242
355
187
-40
165
163
-119
-118
82
120
91
27
327
114
-148
288
53
-64
196
291
-151
-148
29
40
-102
70
110
-169
27
124
-65
-6
-112
-316
-51
-332
-120
-213
-143
32
29
-29
-204
-36
-130
268
242
216
178
-143
-119
15
-117
-98
-267
-264
119
-156
-63
-115
-145
-145
-23
67
92
49
19
-146
-69
46
-134
-114
272
19
25
-24
-236
-76
-307
17
119
30
-74
-49
106
8
59
92
89
-18
-80
-146
-127
92
-126
-52
-311
-184
-22
-223
33
-99
-116
-25
75
98
251
-13
98
179
20
87
-120
67
51
158
235
83
452
475
342
33
106
264
285
371
115
29
250
59
4
177
231
235
223
295
248
114
109
-64
-16
167
238
97
18
-115
-45
-144
-219
-69
23
67
-160
-163
-240
-163
-266
-211
-243
-459
-194
-266
-279
-187
-284
-211
-78
-178
-264
-331
-395
-449
-294
-371
-88
-105
-330
-264
-47
-52
-210
77
103
-143
-227
-18
-254
-315
-142
54
-5
-47
190
119
91
153
141
57
163
182
153
208
137
8
-59
244
186
340
390
287
172
230
275
98
265
545
351
187
278
214
58
284
409
183
159
324
119
-140
106
1
148
103
106
41
112
-87
150
-305
-54
119
-77
2
-289
-14
13
-380
-438
-249
-166
10
-145
-30
-285
-121
-181
-93
-203
-240
-192
-168
-141
-429
-349
-85
-248
-95
36
-51
-98
-259
-194
-165
-191
149
-33
-86
54
89
19
162
186
64
-38
126
219
41
7
53
-27
-121
95
77
199
100
-38
2
-113
117
86
-19
177
-69
142
34
-158
106
87
207
-22
49
88
30
-17
312
84
19
224
154
143
-50
-78
-47
0
-164
30
102
56
-74
-42
25
125
94
109
119
-32
-108
75
-141
-40
370
-5
13
69
-146
-148
-235
-252
-60
24
-21
4
-285
-99
-65
-70
24
-33
-177
-25
-59
-161
26
-98
32
-48
-130
-60
21
188
22
-29
51
139
-59
-113
-103
33
57
108
143
-87
-20
59
97
-46
49
85
146
78
-44
70
-17
-5
61
55
29
26
110
65
-93
-112
-40
-217
-7
82
-80
-56
24
-34
-66
-30
-103
5
-41
-21
-81
-74
-45
-125
35
-25
-1
-11
-34
160
57
-5
47
57
83
61
28
-15
-20
23
33
40
63
117
152
52
-53
112
118
145
56
109
75
-28
52
42
-23
-50
-72
-70
34
48
27
12
-111
-28
-7
-190
-22
-57
-45
92
-75
-21
-59
-105
-93
-98
-61
19
-126
-68
-102
-169
-6
-72
-144
7
-123
-111
64
-47
-99
-185
-165
-76
-71
-28
93
-52
123
269
-44
-3
55
72
201
119
-10
48
108
148
47
107
5
0
190
128
68
146
-69
54
86
63
3
30
9
112
194
58
112
-106
73
188
15
46
24
88
24
4
151
-126
-19
78
12
35
58
49
9
-47
8
79
79
104
35
0
-30
-8
-14
-25
-114
144
0
102
36
-79
60
-93
-56
-27
43
-69
-142
-24
-134
-281
-145
-164
-42
-183
-34
-133
-199
-208
-370
-127
-292
-198
-240
-237
-221
-270
-274
-202
-96
-230
-137
-23
-53
-116
-38
-46
-113
-1
-65
88
163
0
113
39
179
146
81
193
186
219
194
95
26
46
136
204
156
191
77
89
106
227
60
195
234
244
153
131
121
231
243
193
281
380
128
73
233
105
146
179
346
269
290
276
68
170
129
184
252
112
82
-7
43
-19
-33
-114
-122
-73
-124
-120
-321
-227
-254
-205
-237
-336
-221
-293
-381
-307
-370
-397
-376
-412
-376
-505
-442
-311
-428
-320
-241
-320
-232
-210
-232
-106
-187
-203
-61
-177
-116
-103
-47
-48
-105
-23
-14
28
12
20
65
114
101
149
209
72
328
321
260
368
205
228
212
264
237
231
249
261
269
173
244
180
161
178
170
230
93
172
203
116
153
218
226
198
175
226
284
176
244
232
61
170
86
161
197
132
202
95
62
47
-29
-59
-24
-22
-46
-38
-163
-81
-215
-255
-207
-297
-219
-239
-324
-300
-329
-384
-325
-387
-406
-307
-355
-278
-360
-247
-264
-328
-275
-306
-226
-243
-212
-122
-101
-111
-133
-55
-127
-79
-48
-20
78
-4
87
24
53
71
74
185
148
168
127
149
110
82
125
151
198
82
105
54
-67
91
34
30
65
-4
55
-26
-47
-20
-72
6
24
45
-3
-55
-18
-28
108
39
57
89
-9
102
111
113
113
37
172
135
146
183
158
202
247
246
240
221
158
189
237
202
258
222
194
211
182
202
218
210
212
175
130
122
64
69
23
7
49
-2
-16
-66
-139
-156
-202
-209
-232
-265
-254
-303
-366
-351
-401
-377
-362
-363
-357
-368
-407
-364
-417
-403
-376
-412
-339
-341
-301
-284
-298
-305
-285
-330
-266
-220
-175
-121
-108
-59
-11
-2
42
79
78
142
154
198
201
190
194
194
209
258
271
280
292
266
259
221
220
218
220
228
249
269
314
328
316
302
270
263
245
254
239
218
200
202
191
179
157
158
175
170
157
97
33
-9
-14
-7
9
-4
-19
-19
-40
-65
-92
-122
-121
-122
-137
-125
-125
-126
-128
-163
-156
-108
-86
-80
-127
-162
-149
-152
-148
-157
-198
-178
-158
-157
-140
-171
-166
-141
-171
-152
-152
-170
-153
-197
-199
-164
-144
-88
-70
-68
-38
-50
-55
-46
-71
-29
20
52
92
81
70
76
62
79
105
117
158
171
167
169
134
118
115
109
129
131
128
125
122
113
101
83
76
84
87
88
80
60
48
33
21
12
24
39
40
34
8
-6
-26
-37
-33
-40
-24
-27
-24
-29
-44
-39
-44
-28
-27
-18
-18
-19
-14
-27
-21
-18
4
24
24
18
-7
-10
-6
4
17
19
17
6
-1
-12
-10
-3
5
9
-2
-3
-2
3
13
17
29
30
27
29
24
21
13
10
14
24
30
24
12
-1
-5
-2
3
-2
-10
-23
-35
-36
-39
-35
-36
-34
-34
-35
-33
-40
-40
-42
-37
-28
-22
-18
-22
-25
-29
-27
-21
-16
-10
-7
-5
-8
-10
-10
-15
-12
-7
-3
-3
1
1
-2
0
-2
0
1
6
10
15
19
18
25
19
22
22
23
30
30
31
31
30
25
25
22
18
16
16
20
17
18
18
18
13
12
15
15
18
15
14
13
9
9
9
10
6
3
1
-2
-4
-3
-7
-10
-13
-19
-18
-16
-17
-22
-24
-24
-25
-24
-24
-23
-23
-21
-16
-13
-13
-12
-9
-9
-5
1
2
6
7
11
16
17
19
17
14
18
18
19
18
14
14
12
13
11
7
7
8
6
5
0
0
2
0
0
1
2
1
1
-3
1
3
3
2
3
4
4
5
6
6
4
4
2
4
8
5
4
-1
1
1
1
0
-4
-7
-8
-9
-9
-9
-10
-9
-13
-13
-15
-15
-15
-13
-9
-7
-8
-9
-8
-7
-5
-4
0
4
4
1
-1
0
3
5
7
7
8
7
5
3
2
2
-1
4
5
6
5
4
-2
-5
-9
-11
-7
-2
6
10
11
7
3
-3
-3
4
11
16
20
17
10
1
-6
-12
-10
-5
-3
1
-3
-6
-14
-18
-20
-14
-8
-2
5
7
6
2
1
-1
3
8
12
17
18
19
15
8
5
2
5
9
9
8
4
2
-6
-11
-10
-7
-5
-1
0
-2
-3
-5
-6
-7
-5
-1
-2
0
3
3
2
0
-5
-4
-1
-2
1
2
4
2
-1
-1
-3
-3
0
0
1
2
1
0
-2
-1
-4
-4
-1
0
1
3
2
2
1
-1
0
-1
0
-1
0
2
3
0
-1
0
-2
-1
0
-2
-3
0
0
-1
0
0
0
-2
-1
1
2
3
3
3
3
1
0
1
1
2
4
3
3
2
2
0
2
-1
-2
-1
0
-1
0
-1
-1
0
-2
0
0
1
0
-2
-2
-1
-1
0
-2
1
2
-1
-1
-1
3
1
2
2
-1
2
2
0
0
-1
0
0
0
0
-2
-2
2
-1
-3
-1
-1
0
-1
-1
0
1
0
-1
-1
1
1
-1
-1
-1
-1
1
-1
2
0
-1
-3
-1
0
-2
1
-2
0
0
-1
1
0
3
2
2
2
2
2
2
1
1
-1
0
0
2
1
1
1
-3
-2
0
1
-1
1
0
2
0
0
1
-1
-3
-2
0
-1
-2
0
0
0
-2
1
-1
0
0
0
-4
-2
-1
-1
-1
-1
-1
-2
-2
-2
0
2
0
-1
-2
-3
-2
1
-1
-3
-1
1
3
2
1
1
1
1
1
3
3
1
-1
-2
-2
2
0
1
0
0
-1
1
1
1
0
0
-1
0
-2
-1
-1
-2
1
-1
0
-1
1
2
2
2
1
2
1
0
-2
2
1
-1
2
0
0
2
-1
2
0
-1
1
0
0
1
-2
-2
0
-2
-1
-1
-1
0
-1
-1
-2
1
1
-3
-1
-1
1
0
-1
1
-1
-1
0
0
-2
-2
-1
0
-1
-2
-1
-1
-1
-2
-3
-2
0
1
-1
1
0
0
0
2
2
1
-1
1
-1
0
-1
1
2
1
3
3
1
-1
0
-2
0
1
1
2
-3
3
1
-1
-2
1
2
1
1
0
2
0
2
2
0
2
0
0
-2
2
1
-1
1
0
-1
-1
-4
-2
2
-2
-3
0
-3
1
-2
-1
-2
0
0
0
-3
-1
-1
-2
1
-3
-2
-2
-4
-3
-2
0
-2
-2
-1
-2
1
0
-1
1
0
0
2
3
0
-1
-1
-1
0
2
1
2
2
1
1
1
1
0
1
2
1
2
-2
1
0
-1
1
1
1
-1
0
0
-1
-1
0
0
2
2
2
0
-1
0
1
1
0
0
0
-1
1
-1
0
1
0
-1
-1
0
0
1
0
-1
1
1
0
0
-1
0
-1
-2
-3
0
-3
-4
-4
0
0
-2
0
-2
0
-2
-1
0
-2
-2
-1
1
-1
0
0
1
1
2
1
0
2
0
0
0
-1
0
1
1
-1
0
-1
-2
1
-1
0
0
1
1
2
3
1
0
1
-1
0
2
1
2
-2
1
-2
1
1
1
-1
-1
1
-1
1
1
-1
-1
-3
-3
-1
-1
-1
1
0
1
0
-2
0
0
-2
0
1
0
1
2
0
-1
-3
3
1
-3
-1
0
-1
0
-2
-3
-1
-1
0
0
-2
0
0
0
2
0
0
-1
0
-2
1
1
-1
2
0
1
-1
0
-1
-2
0
1
2
-1
1
-1
-2
0
0
0
1
-1
0
2
0
-1
-1
0
-2
0
2
-2
2
0
-1
1
1
0
2
1
1
2
2
4
1
1
2
1
1
0
0
1
-2
0
0
0
-1
-3
-2
0
1
1
-1
0
0
-1
1
0
-2
-1
-3
-1
1
1
-1
1
-1
-1
-1
-4
-1
-2
-1
-1
1
2
1
2
1
0
3
2
1
-1
0
0
0
-2
0
-2
-1
-2
-2
-2
0
2
0
1
0
2
0
0
-1
-1
-2
1
0
0
1
-2
-2
2
1
0
1
1
1
1
1
2
-1
1
0
0
-1
1
2
0
1
-1
-2
-1
2
1
-1
0
-1
1
2
1
0
-3
-1
-2
-4
-3
-2
-2
0
1
-2
0
1
2
0
1
0
1
2
1
0
1
1
1
0
-3
1
0
0
-2
-2
2
0
0
0
0
2
1
0
0
0
-1
0
-2
1
-2
-1
-2
-2
-2
-1
2
-1
1
-2
-1
-3
-2
-2
1
-1
-1
0
1
-1
2
1
0
2
0
-1
-1
1
-1
-1
1
3
0
0
1
0
1
1
2
0
1
-1
0
-1
-1
0
-1
0
0
1
1
1
0
0
-1
0
-1
2
1
-1
-1
-1
0
2
-2
-1
0
1
0
-1
1
1
0
-3
0
-1
-1
1
0
-1
0
-1
0
-1
-1
0
-1
-1
0
2
0
0
0
0
-2
0
0
1
0
-2
0
-3
0
1
0
-2
0
0
0
-1
1
3
0
4
3
0
0
1
1
1
0
-1
0
0
1
-1
1
-1
-3
-1
-1
1
1
2
1
1
3
0
0
1
3
1
-2
-1
-3
0
-1
-1
-1
-4
0
1
0
-1
1
-2
0
0
1
0
0
3
-1
0
2
1
1
0
-1
-2
-1
-1
0
1
1
3
0
-1
-1
-3
-1
-1
0
0
0
-2
0
-1
-1
0
-1
0
0
1
0
-1
0
-4
-1
-1
0
0
1
1
1
0
-1
1
0
1
1
1
1
2
2
1
0
1
1
1
-1
1
1
1
1
0
0
0
-1
-1
0
-1
0
2
-1
1
1
-1
0
-2
-1
-2
-2
0
-1
0
0
-1
-1
0
-1
0
0
0
3
2
1
1
1
-1
-2
1
-3
-1
2
2
0
0
3
1
0
0
-2
0
0
0
-2
-2
-2
-1
0
0
0
-2
-1
2
0
0
0
-2
2
0
-1
0
1
-1
1
0
-1
1
-1
1
-1
0
1
0
0
0
1
0
1
0
2
3
-2
-3
0
1
-2
-1
2
0
-2
-1
-2
-3
-2
2
1
0
2
2
2
0
-2
-1
0
-2
-1
-1
-1
-1
-2
0
1
1
0
-1
-3
-2
-1
-1
0
0
0
-1
1
1
1
0
1
3
-1
-1
0
0
1
2
1
2
-1
-1
-1
0
0
0
-1
1
2
2
0
-2
0
0
-1
-2
0
-2
-1
-2
-1
-2
0
-1
-1
-1
-2
1
