1
3
5
0
-5
-2
-1
-2
0
-1
-2
-2
-4
-4
-4
1
-3
0
-3
-6
-5
-3
-3
-4
-2
-2
-3
-5
-5
-3
-2
0
2
3
3
0
-1
0
0
3
1
3
2
2
2
2
2
5
6
3
0
2
4
5
6
5
3
1
0
2
0
0
-1
1
1
-1
0
0
3
-1
-1
-3
-2
-3
-6
-3
-3
-4
-3
-2
0
0
-2
-3
-3
-4
1
2
0
0
-3
-1
0
0
-1
0
5
1
2
1
0
-1
0
6
2
4
2
0
1
-1
0
0
1
2
1
-3
-4
-1
2
3
0
2
1
-5
-5
0
0
1
-3
-4
-4
0
1
1
1
3
2
0
3
-1
3
1
0
0
0
1
2
5
-1
-3
-4
-6
-3
0
3
-2
-6
-1
2
2
2
-1
0
1
0
-3
-1
0
-2
1
2
6
1
0
0
2
0
0
3
1
-5
-3
-3
-2
-1
-3
-5
-5
-2
1
-4
3
7
1
-1
3
7
4
7
4
0
7
5
2
-2
-7
-3
5
1
-5
-2
-1
-3
-2
-2
-4
-5
-2
-2
-2
1
-6
-5
1
0
1
3
-4
-2
1
-5
2
3
-3
-4
3
4
-1
0
0
1
2
5
5
3
1
-2
0
2
6
3
1
0
-4
3
3
0
4
1
-5
-2
0
3
5
6
2
-1
-1
-3
2
-1
-4
-4
0
5
-1
-4
-5
2
5
0
-3
-5
4
9
1
0
4
8
6
3
3
-2
5
6
1
-5
-5
4
-1
1
-1
-3
-2
0
1
-1
-4
-2
-5
-6
-2
1
-5
-3
-3
-2
-2
-9
-4
1
1
-1
-6
-6
-1
7
4
-3
-3
3
8
1
-2
4
4
-1
-3
0
4
2
1
3
4
2
8
1
-2
-4
-6
-2
-3
-3
-2
3
6
-7
-7
-7
-7
-11
-13
3
-8
-12
-9
-5
-4
-2
-6
-2
1
-8
-6
-2
4
-2
-2
5
4
5
9
8
9
9
14
12
18
11
11
19
20
20
23
20
15
27
17
15
12
20
23
11
16
14
12
7
11
11
2
-7
4
3
1
-6
-7
-2
-5
-10
-21
-17
-17
-24
-27
-29
-32
-24
-23
-27
-36
-24
-16
-34
-29
-33
-29
-13
-20
-26
-25
-19
-13
-15
-14
-15
-12
-2
-1
-2
1
5
16
7
-4
12
23
15
12
12
16
19
19
23
22
21
19
9
22
25
12
10
14
21
14
23
17
8
6
13
12
14
6
0
11
6
-4
-12
2
0
-8
-17
-9
6
-6
-15
-11
-10
-23
-27
-11
-19
-25
-22
-20
-19
-5
-5
-26
-21
-5
-5
-13
-2
17
3
-4
14
11
9
6
26
28
22
16
21
38
30
36
40
38
39
45
33
26
32
28
15
26
23
16
5
26
26
8
16
9
16
8
6
6
-11
-2
16
0
-12
-13
-11
-25
-29
-27
-45
-64
-70
-69
-81
-77
-79
-85
-99
-72
-69
-86
-77
-82
-57
-50
-77
-83
-66
-60
-74
-74
-95
-88
-89
-68
-73
-78
-74
-63
-46
-40
-36
-23
-13
-10
18
39
43
49
86
94
98
99
119
113
132
136
126
123
125
127
128
131
122
136
113
120
126
121
115
100
110
115
107
100
95
110
97
79
76
69
65
56
43
36
26
7
3
-4
-9
-33
-44
-37
-54
-82
-83
-74
-97
-109
-109
-119
-124
-122
-120
-129
-118
-122
-118
-124
-119
-102
-111
-109
-104
-93
-79
-74
-64
-36
-32
-33
-24
-14
-9
-10
10
12
15
21
15
34
49
43
38
40
53
56
45
68
55
50
47
46
48
31
19
17
13
-4
2
8
1
-10
6
-2
-6
-13
-13
-15
6
-10
-12
-9
-19
-7
-3
-16
-29
-11
-21
-1
-19
-20
-14
-32
-8
-18
-7
-12
-15
-13
7
8
-5
5
-9
16
18
19
16
24
54
48
53
46
57
79
70
63
94
78
77
96
71
76
79
74
63
56
30
14
17
-30
-28
-18
-39
-62
-53
-50
-49
-53
-54
-50
-62
-43
-51
-45
-41
-26
-42
-38
-16
-35
-44
-45
-48
-39
-40
-49
-58
-38
-30
-43
-23
6
-11
-29
-7
4
-5
-2
-17
-13
-17
-36
-34
-37
-57
-62
-57
-74
-60
-62
-82
-52
-45
-55
-17
-4
12
9
21
29
38
26
21
10
-2
-30
-58
-56
-67
-95
-98
-74
-80
-65
-49
-11
35
78
121
181
226
259
319
347
402
418
438
427
449
438
428
406
382
363
313
282
240
211
158
105
84
33
-30
-33
-74
-133
-154
-171
-231
-232
-257
-295
-308
-315
-347
-362
-395
-399
-422
-451
-441
-471
-484
-485
-493
-495
-502
-490
-490
-462
-460
-433
-434
-424
-358
-368
-311
-292
-260
-209
-151
-89
-45
7
75
149
199
281
342
399
454
512
537
598
613
628
647
642
645
633
630
600
550
543
506
492
444
394
370
364
326
297
298
261
256
236
239
208
194
197
148
132
131
92
72
34
7
-14
-71
-105
-119
-153
-210
-221
-243
-286
-307
-321
-340
-358
-391
-378
-401
-442
-414
-439
-440
-436
-431
-422
-431
-394
-369
-360
-341
-304
-286
-260
-229
-190
-178
-152
-112
-101
-76
-57
-15
-30
12
45
33
47
71
66
70
93
89
101
88
93
106
98
100
106
110
115
117
118
125
131
121
139
121
131
131
101
111
89
82
76
64
55
73
40
52
51
27
51
43
46
45
62
71
73
89
97
100
111
129
116
116
119
132
124
115
112
110
99
69
93
43
47
34
7
25
-2
11
10
2
-6
18
30
30
43
60
73
98
81
78
90
76
75
29
15
-15
-73
-100
-178
-222
-294
-358
-419
-481
-526
-597
-641
-649
-706
-711
-743
-764
-736
-751
-704
-691
-669
-614
-551
-494
-433
-366
-287
-179
-110
-41
47
128
219
280
343
424
447
498
555
566
589
581
598
602
608
592
589
584
560
581
561
554
533
554
527
527
520
469
495
434
426
373
352
281
237
216
123
100
58
-1
-52
-84
-122
-162
-197
-203
-241
-264
-277
-274
-296
-303
-294
-301
-283
-269
-258
-257
-226
-207
-191
-178
-152
-111
-103
-85
-63
-22
-20
-24
-7
-8
12
12
-12
-18
-45
-48
-83
-112
-112
-126
-144
-150
-167
-160
-151
-156
-140
-138
-111
-91
-85
-68
-60
-33
-30
-9
-17
-13
30
-20
14
31
-7
14
26
29
26
42
71
62
109
102
120
142
141
168
162
166
161
165
157
135
140
117
119
95
70
55
56
19
32
-6
-4
-15
-26
-31
-27
-34
-56
-22
-38
-32
-35
-16
-8
-10
19
6
11
20
4
36
14
35
9
30
23
11
32
16
41
-3
34
40
12
29
14
21
25
-1
14
2
-19
0
-37
-11
-19
-32
-32
-56
-37
-59
-30
-63
-66
-37
-77
-63
-73
-77
-69
-68
-77
-94
-87
-74
-66
-92
-87
-55
-77
-53
-52
-45
-51
-56
-41
-47
-34
-37
-27
-36
-7
-22
-25
22
3
36
31
36
28
46
75
59
65
93
79
81
77
95
86
109
84
105
98
95
103
88
102
77
91
66
74
58
45
44
25
8
8
-12
-12
-26
-49
-30
-37
-42
-61
-52
-51
-44
-40
-24
-49
-24
-27
-29
-7
-35
-20
-14
-18
-9
-9
-19
-15
-31
-2
-23
-11
-10
-15
-12
-14
-4
-7
-13
-23
-17
-4
-38
-33
-8
-31
-8
-42
-33
-41
-36
-24
-41
-31
-50
-47
-40
-38
-51
-26
-27
-37
-29
-14
-3
-26
10
6
-5
21
17
14
16
44
40
47
43
49
56
56
66
58
78
44
64
61
50
55
52
55
35
29
49
18
39
28
7
8
2
14
-7
14
-14
-2
-15
-3
-11
-23
-3
-26
-1
-30
-32
-25
-28
-42
-50
-30
-31
-32
-28
-25
-50
-30
-46
-26
-37
-44
-50
-28
-35
-39
-31
-18
-19
-21
-16
-17
2
0
5
16
18
3
6
16
32
14
-5
19
11
5
4
21
27
10
22
18
31
18
21
27
7
-3
17
17
1
11
12
35
12
-7
28
4
8
6
-7
11
-8
15
0
-32
-5
2
-17
2
-4
-14
-12
-25
-6
-12
-11
6
15
3
12
-2
-4
4
-4
11
-23
-8
11
-28
1
-4
-5
-3
-32
-12
3
-9
6
10
-6
13
-13
1
-8
-3
-4
1
-2
-5
6
-8
5
-14
4
3
15
-11
-13
12
7
10
-2
-14
-4
-2
-11
-5
0
-16
2
3
-8
6
8
-10
9
6
10
8
-10
13
-7
3
-5
6
10
6
7
-6
-5
12
8
-3
7
-5
15
9
27
-16
0
6
-6
2
-1
1
9
6
-4
14
3
3
8
2
-3
1
12
-19
-23
19
4
-16
-4
-5
15
-16
-1
3
-18
6
-12
-7
-20
3
-11
-5
0
-3
-8
-14
5
-18
0
-8
9
24
-12
1
-3
11
-2
2
16
-18
-14
2
-10
-19
11
-20
7
-10
-6
4
7
-4
-11
-1
7
2
1
11
7
6
18
22
5
25
14
12
-7
19
13
18
12
11
11
15
-4
8
3
2
15
28
-15
16
7
-21
29
3
11
-19
-4
-12
-28
-11
-6
-9
-22
-3
-18
-20
-36
-21
-13
-25
-24
-23
-26
-18
-39
-1
-33
-19
-23
-2
-26
-37
25
-22
14
9
25
-7
10
2
14
21
15
6
15
13
29
33
5
15
16
13
30
7
33
31
16
21
18
27
7
29
-8
-4
-17
6
-29
24
-13
-5
0
-37
16
-32
-4
-30
1
-15
-7
-16
-4
-10
-2
33
0
6
-5
17
6
-4
22
3
25
0
22
-6
24
2
4
38
-18
5
-2
20
-22
15
-3
9
17
-22
-9
-20
1
-32
-15
-12
-21
-25
-45
-20
-23
-37
-20
-19
-12
-35
-11
-43
-20
-16
-20
11
-25
2
-8
16
11
4
26
5
35
22
29
21
23
31
22
42
37
46
44
52
52
44
47
20
14
1
24
-4
2
-5
-35
-29
-48
-24
-31
-43
-42
-44
-42
-45
-41
-38
-28
-32
-51
-42
-20
-26
-31
-1
5
-5
6
2
3
25
19
22
29
50
6
25
62
46
49
47
43
33
50
58
34
-1
15
23
-13
16
-16
-16
-25
-21
-19
-55
-17
-1
-46
-43
-8
-63
-16
3
-28
-10
-17
-1
-3
-27
7
38
-27
32
30
-22
71
-5
25
59
-4
55
7
19
49
-21
46
67
12
24
15
24
36
-32
36
15
6
32
-5
-25
6
-33
-38
-34
-75
-22
-51
-52
-61
-71
-42
-48
-70
-44
-66
-57
-20
-47
-57
-71
-27
-18
-60
-20
-7
-30
-32
-27
-38
3
1
26
-11
-2
39
-4
30
43
86
64
44
70
58
29
54
80
55
53
75
77
1
23
60
78
62
61
70
-14
6
24
66
56
37
56
15
-51
-51
32
15
-14
26
3
-53
-103
-4
-16
-27
-31
-2
-27
-57
-71
-37
-52
-16
-2
-52
-77
-50
7
-83
-63
-30
29
16
-7
-20
-64
-26
21
27
-16
50
62
4
-39
-26
-44
62
145
11
2
29
5
-50
-12
113
27
59
96
50
-83
1
57
76
144
47
44
-14
65
-57
-69
52
128
58
-71
24
-47
-22
-73
15
7
59
1
-142
-5
-22
-27
-90
48
-38
-113
-62
-76
-100
-152
32
-53
5
-91
-148
-150
-79
11
-108
20
-13
-11
-76
-91
-49
-35
45
-16
48
-5
34
34
9
17
99
220
68
73
-39
15
52
108
112
16
118
19
20
41
70
19
38
77
20
-26
-37
-3
-16
74
-44
-32
1
38
17
-71
5
-62
22
59
37
46
-5
4
14
7
16
-59
-33
4
-5
38
16
-35
-56
-82
7
6
-9
-30
-58
0
29
44
-18
14
-27
-74
6
-6
-86
-156
15
20
6
25
-33
-102
-54
50
-114
-9
75
59
19
61
51
-44
9
-52
-18
26
-37
52
64
8
36
38
134
146
78
17
80
183
43
13
0
86
24
-50
70
-26
-71
-221
-148
-110
-104
-140
-164
1
12
-8
-238
-90
-7
21
-84
-186
21
13
145
0
-32
6
33
81
-25
20
-73
-27
136
196
188
82
57
-45
-26
22
18
90
116
-13
-191
-159
-74
-87
87
130
116
-2
-101
17
-27
142
74
57
63
132
116
-30
109
19
51
-15
-54
-41
43
201
24
124
71
-131
-235
-174
89
-135
-122
-191
-226
-32
-41
-16
-64
154
121
-66
-25
4
62
48
289
98
4
-2
-178
-214
-262
-67
-1
-52
-16
-115
-140
-16
-144
-58
125
10
142
-101
-6
73
187
200
-74
-10
123
169
7
225
158
110
227
-14
139
84
-25
-4
-222
-41
46
-39
313
59
-4
-38
-355
-37
7
31
142
42
-125
-199
-233
71
-12
-15
185
-482
-530
-362
-637
-254
-4
26
-23
-6
203
-12
-193
165
65
114
650
297
-34
85
-173
-204
-254
-243
-341
-645
-497
-621
-1017
-567
-119
54
433
266
-231
-622
-405
323
814
1291
1393
807
646
889
1007
1218
1070
745
421
376
688
348
285
352
323
793
1005
701
44
-506
-700
-824
-152
439
313
353
458
57
-49
155
105
200
597
710
-129
-1063
-979
-1236
-1043
-224
-406
-943
-1305
-1846
-2373
-2566
-2108
-1910
-1956
-1476
-1372
-1638
-1388
-1236
-1316
-955
-608
-582
-559
-555
-474
-14
427
1001
1606
1537
1257
1138
1032
871
573
845
1247
1306
1468
1133
513
657
701
828
1252
1294
1149
642
356
485
213
568
1197
904
850
911
902
1171
1092
1268
1491
1302
1204
712
778
1581
1556
1721
1982
1618
1396
929
696
979
1048
1032
598
-2
-175
-770
-1284
-1244
-1518
-1946
-2734
-3682
-4351
-5135
-5570
-5716
-5990
-5871
-5686
-5590
-5173
-4864
-4548
-3967
-3043
-1859
-1098
-602
-53
314
905
1696
2232
2565
2774
3079
3660
4268
4711
4821
4991
5452
5433
5166
5073
4897
4711
4525
4767
5350
5721
6127
6525
6530
5390
2281
-1244
-2905
-2606
-1674
-1770
-3398
-5746
-7828
-8881
-9283
-9529
-9340
-8721
-7860
-7240
-7628
-8511
-8294
-6277
-3257
-666
651
862
796
1212
2081
3284
4965
6530
6990
6049
4421
3276
3434
4512
5054
4307
2894
1678
810
363
417
857
1771
2956
3608
3202
2614
3036
4423
6055
7391
8386
9766
10888
8695
2604
-3030
-4224
-2027
176
-272
-4314
-9500
-12661
-13703
-13753
-13124
-12384
-11678
-10529
-10256
-12080
-13409
-11323
-6742
-1873
1564
2131
1011
1176
3301
6247
9250
11232
11426
10548
9134
7218
5910
6092
6696
6357
4458
1094
-2169
-3495
-3039
-2224
-1727
-1399
-1173
-1137
-1080
-406
1391
4141
6801
8223
8251
8059
9288
12379
14406
11032
3219
-2739
-3330
-1542
-1298
-3883
-8428
-12612
-15026
-16427
-17531
-17885
-17279
-15300
-12487
-11694
-13665
-14379
-11036
-5433
68
3707
4419
4112
5512
8288
11217
13709
14527
14099
14091
13113
9805
7212
7184
7648
7262
5224
620
-3679
-4511
-3903
-3699
-2902
-2277
-2543
-1781
-398
65
1575
5202
8372
9915
11118
12820
14435
12027
3490
-4257
-3638
1497
2863
-1152
-8278
-15224
-18367
-17750
-16475
-15925
-16107
-16670
-15983
-14781
-15607
-16009
-11577
-4417
807
3229
3062
1484
2848
8733
14415
16381
15907
14636
13349
12815
12093
10318
9217
9233
7623
3425
-1133
-4234
-5073
-3841
-3010
-4352
-5782
-5187
-3344
-1114
1256
2986
4595
7464
9987
10750
12705
16811
16214
7021
-3046
-4995
-220
3311
837
-6641
-14344
-18586
-19331
-18115
-16721
-16963
-17937
-16870
-15396
-16600
-17501
-13354
-5840
511
3716
3235
1146
2610
9140
15743
18188
17177
15168
13892
13679
13196
11627
10066
8888
6570
2393
-2162
-4987
-5251
-4206
-4228
-6080
-7804
-7149
-4156
-574
2118
3590
4762
6990
9788
12113
15480
19609
17270
5408
-5305
-4463
3064
6067
1074
-8428
-16787
-20172
-19450
-17598
-16443
-17083
-18457
-17782
-16660
-18048
-17940
-11385
-2275
3091
3895
1852
203
3676
12046
18944
20214
17544
14447
13285
13894
14042
12845
11412
9298
4910
-721
-4861
-6204
-5263
-4062
-5355
-8972
-10987
-8722
-3799
894
3663
4162
4036
5998
9905
13562
17616
22312
20399
7251
-6141
-6024
3746
8761
3298
-8165
-18553
-22968
-21616
-18367
-16357
-17065
-19586
-20447
-19676
-20229
-19208
-11507
-1354
3480
2679
173
-210
5190
14339
19912
19765
17289
14737
13792
15116
15548
13777
12167
9300
2798
-3355
-5322
-4610
-3499
-4286
-8915
-13655
-13102
-8158
-2576
1441
2455
1912
3094
6258
10186
14863
19783
23470
21168
8293
-6311
-6379
6073
12730
6062
-7562
-20243
-25216
-21040
-15004
-13539
-16410
-21057
-23361
-21497
-19307
-17101
-9897
-595
2701
459
-1781
-235
7740
18321
22088
18293
14208
13138
14908
18199
18635
14594
10104
6272
1664
-2038
-3191
-3004
-3367
-6298
-11844
-15326
-13334
-7492
-1425
1111
-632
-1677
1765
7309
12349
16184
18656
20985
19421
7075
-7117
-4893
9650
14796
4497
-11197
-23258
-25413
-17734
-10358
-11343
-18440
-25362
-26191
-20783
-15974
-13483
-8134
-1810
-583
-2294
-1803
2531
11137
19693
20875
15899
12204
13019
17592
21926
19828
12320
6802
4773
3005
768
-2126
-5200
-6848
-9095
-13607
-15573
-12059
-6664
-2355
-1172
-3727
-3917
2793
10767
14957
16269
16156
18215
21849
15262
-1162
-5900
6912
15392
7150
-8786
-21882
-25146
-17315
-9174
-11055
-20245
-28425
-28717
-20370
-13009
-12840
-12221
-6729
-2940
-2178
202
4510
11281
19830
21254
13220
8981
15052
22563
24415
19448
9483
3090
5138
7182
3754
-745
-5202
-10078
-12277
-12785
-13433
-10580
-5782
-5057
-6496
-5598
-2046
5037
13099
15153
12534
13498
19810
23394
15068
-426
-4149
8200
15324
5056
-10704
-20365
-21703
-15119
-8837
-13305
-24323
-29725
-25583
-17244
-12881
-14709
-14714
-8582
-3125
-1333
1060
5031
10805
17891
18517
11890
11011
18736
23965
22775
16987
7759
3699
8680
10321
3165
-3402
-6678
-9528
-9936
-9915
-12403
-11857
-7438
-6208
-7146
-4837
-236
5271
10709
12220
10799
12947
20467
25617
17111
-1346
-7404
6792
17826
8784
-8960
-20807
-22535
-15045
-7639
-11381
-22699
-29528
-26618
-17981
-12748
-14508
-15043
-9145
-3781
-2651
-712
4118
10425
16416
17361
12796
11296
16908
23086
23699
17941
9344
5173
7804
10135
6403
-930
-7323
-10126
-9705
-9455
-10679
-10910
-9614
-8147
-6305
-3844
-671
3997
8513
10307
10754
13540
20176
24721
15979
-1997
-6585
8352
18758
8946
-9215
-20571
-20907
-13097
-6615
-10611
-22150
-30018
-27092
-17460
-12139
-14189
-15232
-11025
-6622
-4100
-716
4085
9959
15744
16324
10581
8340
16189
25550
25765
17289
7263
3287
8283
13875
9718
-641
-7517
-9324
-8537
-7074
-7924
-10266
-10193
-8630
-7628
-4858
84
4412
7320
8835
8947
10875
17845
24826
19619
1765
-8464
2783
17743
13691
-4399
-18572
-21489
-14985
-6628
-7425
-18678
-28923
-28495
-19327
-11798
-12546
-15812
-13575
-8538
-5256
-1689
2893
7487
12766
14355
9166
7937
17216
25551
24365
17171
7964
4004
11350
17866
10751
-1152
-6891
-7818
-5337
-2942
-7346
-13235
-12052
-8828
-7689
-4692
-1200
336
3291
6348
6992
9478
15077
20609
22603
13095
-4522
-7208
10403
20652
8714
-10646
-22172
-20706
-9109
-1759
-9145
-23353
-31521
-27497
-14952
-7982
-12596
-17172
-14643
-10214
-4662
1715
4688
7103
10694
9246
7062
13848
22268
23143
19393
12738
6435
9910
17834
15318
5363
-1979
-5544
-4369
-437
-2708
-9952
-11929
-9887
-7979
-4515
-1732
-1808
-733
2674
5073
8205
12435
16239
19329
13069
-3261
-8571
8194
21221
10873
-8777
-20559
-19040
-7568
1619
-4652
-20759
-30923
-27089
-12856
-4276
-9577
-18315
-18211
-12124
-4682
2585
4034
2520
4697
7759
7341
10599
18651
21108
17347
12343
8357
8755
15530
17916
8751
-1427
-4685
-2405
1149
1033
-6323
-13129
-11292
-6023
-2438
-1541
-2900
-3880
-237
5633
8663
9785
11145
15498
16352
5128
-7224
-889
15690
16110
115
-15368
-19903
-12074
17
986
-13081
-27716
-29804
-17418
-3850
-4600
-16069
-21828
-16625
-6944
2259
4636
79
-1293
3690
8241
11118
15138
16610
14744
13159
11475
10646
13632
16383
11668
3026
-1589
-1156
1517
1926
-2852
-9869
-11671
-7354
-2925
-1506
-3276
-5096
-3459
1983
7057
8614
8102
8669
13849
15299
4957
-5080
1243
13617
11768
-1241
-12822
-15694
-8864
-239
-1960
-14744
-25469
-24776
-13225
-4223
-8181
-17959
-20643
-14239
-4879
2014
963
-3788
-2490
4288
9414
11256
12507
12366
12302
13066
12747
12184
13440
13982
9551
3934
1810
2258
2672
1099
-3516
-8432
-7974
-3950
-2344
-3524
-4948
-4762
-1727
2998
5451
5312
5286
7215
12759
15380
6550
-4724
-1893
9817
12267
3240
-8454
-14640
-10590
-1777
-407
-9675
-20434
-23186
-15221
-5951
-6579
-14119
-18342
-15625
-7988
-355
354
-3834
-3876
1264
6497
9137
9516
9403
10946
12402
11730
11032
11619
12090
10623
6783
3050
2558
3758
2765
-704
-4531
-6091
-3903
-1123
-1603
-4003
-4569
-2416
1309
4538
5241
4090
4475
8842
12687
7832
-2150
-3666
5132
10573
5366
-5036
-12455
-11172
-3189
1161
-4911
-15768
-21016
-15874
-6102
-3062
-9328
-16462
-16617
-9385
-511
2111
-2487
-5938
-2988
3776
9197
9509
6216
5628
9106
11623
11387
9836
7937
7530
8047
6235
3140
2182
2133
1122
-403
-2604
-3950
-2364
-482
-1250
-2603
-2349
-527
2618
5052
4512
2921
4065
8466
10479
4831
-3040
-2695
4214
7273
3035
-5074
-11447
-10094
-2839
394
-5095
-13729
-17676
-12973
-4687
-2496
-8008
-13727
-13551
-7192
247
1748
-2606
-5510
-2691
3577
7876
7036
4117
4078
6569
8875
9696
8211
5976
5478
5601
4819
4188
3469
1910
746
-225
-1436
-1127
256
43
-1319
-2048
-1664
721
3772
3919
1858
1108
2373
5112
8325
7409
1045
-3769
-1799
3161
4839
1245
-5150
-8876
-6761
-2208
-709
-4121
-9525
-11962
-8969
-4142
-2654
-5253
-8709
-9255
-5705
-963
593
-1510
-3694
-2987
562
4276
5068
2642
929
2717
5680
6640
5510
3724
2884
3995
5138
4114
2043
799
617
1214
1643
751
-486
-587
213
1076
1390
1077
858
1477
2354
2222
917
164
1355
3310
4551
3692
311
-2219
-712
1976
1734
-651
-3090
-4159
-2743
-617
-882
-3187
-5063
-5307
-3734
-1926
-2149
-3857
-4874
-4587
-3290
-1711
-1483
-2641
-3278
-2637
-1344
-43
319
-469
-801
195
1521
2311
2427
1956
1430
1454
1895
2440
2719
2282
1452
1122
1591
2223
2211
1421
715
858
1569
2116
2063
1417
711
580
910
1179
1119
742
233
-16
200
657
1081
1175
533
-444
-485
678
1739
1632
514
-690
-769
471
1424
745
-930
-2155
-2185
-1301
-732
-1433
-2903
-4034
-4194
-3365
-2324
-2247
-3166
-3906
-3627
-2464
-1251
-870
-1308
-1578
-1094
-174
686
1094
869
427
463
1071
1721
1881
1458
916
763
1024
1254
1113
696
372
375
550
630
629
769
1002
1100
1106
1197
1436
1829
2277
2447
2178
1846
1945
2470
2843
2555
1779
1178
1080
1198
1137
728
38
-646
-1061
-1226
-1262
-1354
-1715
-2247
-2562
-2516
-2287
-2078
-2050
-2210
-2331
-2143
-1603
-1016
-872
-1257
-1589
-1357
-745
-341
-474
-930
-1205
-1062
-746
-658
-900
-1157
-1123
-912
-798
-756
-564
-256
-57
3
125
491
1053
1574
1829
1740
1549
1777
2539
3172
3016
2279
1770
1929
2415
2525
1953
1097
552
491
613
541
158
-336
-685
-780
-655
-468
-410
-489
-554
-512
-344
-34
334
489
333
100
105
350
541
436
52
-354
-563
-553
-557
-822
-1289
-1657
-1724
-1625
-1602
-1700
-1785
-1773
-1686
-1553
-1345
-1027
-675
-455
-416
-412
-205
294
804
909
580
235
255
599
896
788
288
-223
-384
-142
191
174
-245
-636
-590
-191
192
346
391
378
278
249
803
1734
1940
1331
838
1098
1717
1918
1559
1155
1037
1043
881
551
259
124
53
-102
-347
-534
-574
-524
-528
-604
-645
-535
-272
-45
-67
-303
-418
-156
317
541
241
-306
-567
-408
-139
-122
-481
-917
-1218
-1399
-1390
-1217
-1069
-1200
-1599
-1876
-1677
-1094
-586
-510
-779
-943
-630
83
709
819
506
301
581
1139
1417
1176
749
619
843
1056
901
475
159
176
394
495
365
123
0
108
341
527
584
584
632
714
743
729
799
988
1111
953
572
256
232
394
422
137
-332
-729
-900
-878
-802
-807
-939
-1175
-1412
-1469
-1226
-774
-420
-439
-758
-951
-640
62
594
526
17
-315
-58
517
783
445
-139
-400
-165
181
154
-284
-695
-691
-334
-27
-62
-330
-470
-262
164
496
554
451
410
540
749
902
958
925
802
621
443
353
367
377
230
-114
-497
-687
-594
-382
-331
-546
-844
-932
-720
-352
-77
-5
-50
-70
16
212
477
722
835
719
423
175
183
411
557
350
-171
-652
-734
-464
-240
-379
-772
-1007
-833
-407
-122
-175
-343
-271
132
592
762
621
454
517
786
1024
1014
756
428
216
155
164
122
-53
-365
-728
-986
-995
-796
-622
-677
-938
-1128
-990
-541
-78
126
76
14
149
471
809
1008
1047
977
835
670
577
602
649
534
154
-343
-646
-601
-409
-404
-687
-1020
-1077
-796
-425
-250
-298
-328
-130
251
568
664
618
618
735
890
946
842
631
407
239
137
53
-70
-298
-625
-937
-1069
-966
-783
-763
-971
-1194
-1155
-770
-270
29
34
-69
12
363
821
1122
1150
1000
854
827
894
942
864
628
283
-54
-250
-292
-292
-403
-652
-887
-919
-737
-521
-438
-461
-410
-182
140
368
428
432
523
721
864
825
642
474
424
416
294
24
-268
-456
-534
-624
-790
-955
-1016
-967
-902
-882
-862
-744
-514
-248
-41
88
206
385
621
837
969
1007
980
919
847
770
701
617
448
167
-142
-344
-397
-392
-483
-689
-863
-847
-660
-476
-417
-426
-334
-90
195
361
380
379
483
680
810
747
542
367
331
363
296
64
-233
-448
-520
-516
-553
-673
-807
-857
-794
-661
-511
-398
-303
-195
-36
163
366
531
634
694
735
778
807
784
691
542
400
281
161
7
-188
-384
-527
-587
-599
-603
-628
-652
-637
-542
-356
-139
35
123
151
218
375
571
711
716
579
396
294
316
367
297
43
-297
-531
-556
-451
-401
-521
-749
-884
-806
-551
-295
-187
-208
-215
-75
204
492
647
656
615
636
737
821
787
630
438
310
248
155
-34
-262
-432
-498
-516
-575
-670
-716
-638
-496
-382
-336
-289
-143
94
307
386
356
338
432
601
684
562
301
94
66
137
111
-113
-437
-652
-645
-510
-427
-512
-678
-729
-572
-283
-40
43
23
62
257
541
765
827
761
703
746
846
863
719
482
292
219
176
29
-239
-497
-603
-562
-530
-628
-785
-836
-684
-444
-290
-267
-270
-151
92
323
415
388
358
420
518
517
386
212
109
67
-18
-191
-400
-538
-577
-589
-647
-741
-778
-705
-564
-435
-345
-246
-87
126
329
478
592
722
861
953
976
947
908
860
765
609
431
270
124
-46
-261
-476
-607
-632
-630
-692
-796
-832
-722
-499
-305
-221
-188
-97
106
346
492
500
453
454
508
520
426
262
100
-19
-128
-264
-426
-569
-659
-709
-744
-774
-758
-683
-564
-431
-292
-143
40
242
435
608
754
886
989
1053
1067
1046
995
902
767
597
413
220
20
-184
-387
-561
-681
-760
-823
-882
-901
-846
-718
-566
-428
-311
-185
-23
166
341
453
502
522
528
527
501
433
313
156
-14
-164
-280
-381
-490
-619
-744
-811
-791
-711
-623
-567
-515
-409
-222
9
217
363
472
595
744
887
978
996
951
879
808
739
640
482
280
65
-121
-262
-366
-477
-614
-737
-797
-779
-699
-611
-547
-479
-370
-210
-35
112
215
300
390
472
517
509
470
419
362
275
143
-4
-119
-201
-280
-392
-526
-630
-643
-569
-486
-461
-476
-443
-294
-50
167
281
312
353
492
702
864
880
761
616
569
617
636
506
221
-87
-252
-253
-216
-306
-550
-803
-883
-755
-542
-424
-480
-571
-535
-308
-3
207
240
183
174
277
453
560
525
379
211
118
110
117
57
-94
-298
-446
-479
-424
-360
-354
-418
-479
-440
-274
-50
120
179
179
220
367
588
763
795
696
578
559
637
702
630
393
106
-76
-90
-34
-80
-296
-585
-755
-707
-519
-386
-424
-573
-646
-515
-234
26
108
31
-53
-2
186
388
449
328
127
2
18
111
143
23
-208
-413
-462
-375
-269
-262
-376
-505
-514
-358
-126
39
70
40
70
220
448
638
695
633
561
567
643
715
690
537
319
147
81
92
75
-55
-279
-489
-565
-477
-340
-295
-389
-525
-538
-369
-108
74
82
-26
-95
-6
205
380
382
208
-4
-90
-10
122
132
-51
-318
-486
-445
-270
-150
-221
-427
-567
-479
-198
60
111
-22
-130
-16
301
598
668
506
325
337
560
792
799
542
211
50
132
298
303
50
-318
-559
-534
-325
-174
-239
-485
-683
-639
-358
-50
72
-29
-188
-199
-5
275
429
363
161
3
8
136
236
178
-26
-251
-357
-314
-208
-166
-249
-392
-481
-430
-255
-79
-15
-58
-106
-40
155
371
476
438
348
334
446
592
634
523
332
195
182
245
257
133
-87
-285
-357
-290
-194
-186
-299
-453
-507
-392
-174
-10
4
-94
-167
-99
100
297
349
239
75
2
66
185
224
115
-86
-241
-267
-185
-105
-129
-248
-372
-396
-297
-147
-58
-74
-132
-128
-16
149
264
276
225
204
262
361
418
372
264
171
142
163
161
81
-58
-182
-238
-224
-184
-188
-247
-320
-342
-270
-135
-19
11
-22
-39
27
158
280
314
254
165
125
154
205
201
119
-11
-115
-151
-129
-108
-135
-204
-269
-290
-249
-167
-104
-88
-100
-88
-24
72
145
169
168
177
216
260
263
225
177
153
146
124
65
-13
-80
-113
-128
-151
-190
-225
-242
-240
-214
-188
-154
-111
-72
-41
-10
39
100
153
175
161
153
165
177
169
126
75
36
13
-11
-58
-101
-134
-141
-138
-150
-168
-174
-145
-95
-58
-36
-20
13
63
104
137
162
193
209
206
181
153
156
162
140
73
-8
-59
-68
-67
-95
-160
-215
-229
-203
-169
-160
-162
-155
-118
-66
-23
12
43
79
111
126
126
131
148
159
135
91
51
34
31
16
-20
-70
-102
-104
-93
-92
-99
-109
-103
-83
-54
-24
2
20
31
47
73
107
133
144
128
109
98
108
121
98
48
-9
-37
-44
-44
-66
-112
-151
-167
-154
-129
-115
-110
-108
-98
-67
-22
24
48
57
59
65
87
113
127
113
83
54
42
41
36
18
-14
-49
-64
-68
-65
-63
-65
-69
-73
-70
-48
-13
11
16
11
15
46
79
97
93
72
58
62
76
80
59
24
-6
-18
-17
-25
-40
-67
-88
-91
-87
-77
-65
-61
-62
-57
-37
-5
21
32
33
30
40
59
77
73
56
39
31
33
30
21
7
-13
-29
-38
-40
-40
-38
-35
-41
-51
-50
-30
-5
6
1
-6
3
29
55
60
42
30
29
37
43
40
23
4
-14
-25
-27
-28
-30
-39
-55
-70
-67
-44
-20
-19
-32
-39
-21
18
46
44
24
15
31
60
66
45
24
16
24
30
17
1
-7
-5
-11
-24
-34
-30
-11
-5
-18
-36
-33
-5
18
17
-1
-9
11
38
48
28
5
7
24
35
24
0
-14
-8
-3
-13
-29
-34
-25
-23
-32
-47
-47
-24
-3
-2
-19
-30
-13
20
40
28
3
-2
15
39
40
18
-2
-2
11
18
10
-6
-9
-5
-2
-8
-12
-6
-1
3
-3
-8
-3
6
13
9
2
8
15
23
18
8
4
6
10
13
6
-7
-11
-10
-10
-11
-16
-17
-17
-22
-23
-22
-11
-4
-4
-11
-18
-9
7
19
16
2
-8
-2
16
22
16
1
-8
-7
3
10
5
-2
-8
-10
-6
1
8
12
3
-3
-4
3
12
13
9
1
1
11
17
9
-2
-4
2
10
12
2
-7
-10
-6
-1
0
-7
-11
-10
-8
-8
-6
-6
-3
0
-6
-12
-13
-2
8
12
3
-9
-8
2
11
12
2
-6
-6
0
8
9
2
-2
-7
-8
0
6
9
6
-2
-4
-1
1
6
6
3
-1
0
3
3
1
-1
-3
-1
3
4
3
-2
-7
-5
1
1
0
-2
-7
-10
-5
3
3
-4
-9
-11
-9
-3
5
5
-1
-6
-2
6
10
9
1
-3
-3
1
4
3
1
1
-1
-6
-6
0
5
4
2
-4
-3
1
5
6
4
0
-2
0
1
2
-2
-2
-1
3
7
3
-1
-1
2
4
3
4
1
-3
-4
-2
4
7
-1
-5
-9
-7
1
9
9
0
-4
-3
3
7
7
3
-3
-4
1
5
6
2
-4
-5
-7
-5
-1
1
0
-4
-7
-6
-3
0
0
-2
-3
-3
-3
-4
-4
-5
-2
2
2
3
-1
-1
0
2
4
1
2
0
-1
-2
-4
1
3
-2
-6
-7
-8
-3
4
6
3
-2
-4
2
9
9
5
4
3
2
7
8
5
3
0
-3
-4
-1
5
3
1
-2
-4
-1
1
-1
1
-1
0
-4
-5
-7
-3
0
-1
-3
-1
1
0
0
1
3
3
1
-2
0
0
0
1
3
-2
-4
-5
-6
-2
-1
-1
-1
-3
-1
1
4
6
1
1
5
8
8
7
5
8
6
2
-1
1
2
5
5
1
-3
-6
-5
-6
-4
-3
-4
-8
-13
-11
-5
-2
2
2
-3
-4
-2
5
10
10
4
0
-2
3
4
4
4
-1
-2
-6
-7
-8
-6
-4
-8
-10
-8
-7
-3
3
3
1
-1
3
8
11
11
9
9
10
8
9
9
6
3
2
-1
-4
-4
-5
-9
-11
-9
-7
-12
-14
-13
-12
-6
-1
1
0
-2
-1
4
15
19
19
11
6
10
15
17
14
5
-3
-5
-7
-5
-7
-8
-14
-20
-21
-17
-13
-9
-9
-13
-10
-5
5
12
12
11
10
15
18
19
17
16
14
13
9
5
5
0
-5
-9
-13
-15
-13
-19
-22
-20
-15
-10
-7
-7
-9
-8
-1
10
16
14
12
9
12
15
16
13
5
-1
-5
-8
-13
-16
-17
-18
-21
-24
-19
-16
-10
-3
-5
-4
2
12
24
26
28
24
25
29
31
27
22
18
13
7
1
-2
-8
-11
-17
-23
-22
-25
-20
-19
-22
-24
-18
-7
0
4
2
5
16
24
27
21
16
14
17
18
13
3
-8
-13
-18
-19
-26
-28
-31
-34
-32
-31
-30
-23
-14
-6
0
2
13
23
31
38
38
37
39
41
41
37
30
25
16
8
-3
-14
-19
-22
-29
-33
-38
-42
-41
-35
-33
-29
-23
-17
-8
0
5
11
20
26
30
29
30
30
31
29
19
9
1
-5
-9
-17
-27
-34
-36
-36
-33
-31
-31
-27
-18
-8
4
12
17
24
33
42
49
45
44
43
42
40
34
26
14
4
-3
-9
-18
-29
-38
-42
-46
-44
-43
-41
-38
-34
-27
-20
-8
2
11
23
30
35
38
38
39
38
37
30
20
10
-1
-7
-13
-26
-38
-49
-51
-49
-48
-47
-46
-43
-33
-17
-6
6
13
24
35
50
60
62
62
59
57
55
47
37
22
9
-2
-9
-21
-33
-45
-53
-53
-52
-49
-50
-45
-39
-27
-16
-5
5
12
19
27
31
37
40
35
31
28
22
10
-1
-4
-12
-23
-29
-33
-35
-33
-33
-32
-28
-23
-13
1
10
16
22
31
38
44
50
50
49
47
45
38
31
23
14
6
-4
-11
-17
-25
-33
-39
-43
-41
-39
-35
-34
-34
-31
-22
-12
-6
-2
-1
4
7
13
14
14
13
12
9
7
0
-4
-6
-7
-12
-14
-17
-17
-13
-13
-13
-12
-6
-1
2
3
5
9
13
19
20
19
21
21
17
18
16
13
8
7
4
1
-2
-7
-10
-12
-14
-9
-7
-11
-3
-6
-4
1
7
14
12
18
14
17
18
20
22
18
19
15
14
6
0
-5
-8
-16
-19
-21
-21
-23
-26
-23
-23
-21
-16
-13
-7
-3
1
5
9
11
11
13
14
13
12
11
10
7
6
1
-3
-1
-6
-11
-11
-13
-13
-11
-9
-10
-12
-11
-9
-4
1
0
-1
-2
1
4
2
1
2
-2
-2
-2
-2
-3
-6
-7
-7
-9
-13
-10
-8
-6
-4
-4
3
9
12
19
28
35
35
39
40
47
50
47
45
39
39
39
38
34
25
21
20
12
-4
-16
-23
-21
-16
-10
-10
-18
-25
-34
-29
-18
10
22
34
-3
-81
-203
-385
-492
-617
-517
-359
-68
249
571
794
826
757
499
220
-135
-390
-571
-586
-536
-401
-204
-16
203
387
611
736
791
717
509
205
-198
-549
-788
-828
-738
-577
-390
-355
-446
-622
-755
-710
-439
93
746
1366
1762
1889
1626
1091
411
-254
-738
-1025
-1028
-880
-565
-269
31
243
390
458
438
388
248
99
-133
-355
-566
-754
-861
-950
-915
-817
-593
-269
103
470
738
908
904
787
565
324
136
23
6
41
70
64
52
-40
-129
-199
-275
-270
-259
-214
-122
-68
-2
16
-16
-41
-115
-149
-195
-196
-191
-133
-77
-14
50
92
148
174
221
271
302
333
324
288
271
179
147
111
77
75
58
45
22
-32
-78
-103
-110
-106
-44
-24
16
41
7
-60
-136
-212
-297
-284
-276
-200
-166
-128
-49
-94
-64
-118
-159
-183
-246
-184
-210
-46
24
178
358
415
570
540
493
394
219
53
-35
-37
-63
44
51
123
100
40
-99
-165
-272
-352
-288
-328
-214
-172
-47
-71
-65
-10
-120
-17
-70
-17
86
-7
203
-11
108
35
-31
52
-130
105
46
129
292
48
373
1
168
-62
-84
22
-198
122
-13
-4
130
-65
-12
-134
-143
-166
-72
-82
33
-2
42
77
-110
-112
-263
-248
-385
-135
-156
-59
241
4
352
-8
38
-98
-258
-90
-408
107
-221
161
227
-18
366
-127
208
-221
103
141
-254
742
-137
578
436
15
623
-114
509
-67
375
259
315
466
218
481
168
161
-19
199
-205
-141
247
-352
193
-102
-204
41
-287
-199
-91
-309
-200
102
-528
71
58
-485
133
-86
-125
-260
-44
-310
-275
-163
-394
-70
-370
134
-509
-31
-131
-497
81
-471
12
-111
-185
-116
-64
-77
-550
276
-296
-83
281
-178
310
-214
161
-196
-341
-38
-336
-98
-362
240
-130
-44
168
-196
222
-344
573
-196
417
330
165
462
56
475
-1
467
323
323
561
156
613
36
286
135
188
-41
362
107
360
254
158
269
-67
166
-353
171
-291
-47
-26
-428
120
-489
-149
-430
-30
-453
33
-164
-14
175
78
-91
220
-130
-109
176
-347
258
-260
260
-421
383
-315
46
38
-79
118
-147
346
-196
489
-229
380
-411
206
-522
-174
-150
-485
268
-615
331
-542
331
-546
231
-261
-255
246
-557
391
-289
-84
254
-513
412
-299
171
-43
262
62
305
237
299
399
324
286
452
-235
521
-207
7
384
-492
539
-516
265
-340
-86
-315
-208
-295
-420
-55
-589
206
-502
100
-305
-94
-344
-293
-300
-484
170
-612
542
-390
318
87
-145
408
-359
419
-207
522
177
362
903
-61
953
13
294
673
-183
1215
-196
1162
66
869
172
308
222
-449
528
-541
569
-124
125
-40
-107
-367
11
-528
-102
-226
-266
-115
303
-611
137
-773
-223
-50
-772
186
-295
-406
-129
-194
-700
-189
-204
-1081
-116
39
-598
258
-242
52
-858
230
-141
-417
725
-174
302
365
747
38
466
860
-366
629
310
724
593
-13
1023
-505
632
240
-429
-136
206
-563
-235
-12
-7
-991
177
-1126
180
-502
-436
-67
-780
509
-585
316
-731
577
-240
-342
128
730
-657
513
430
-741
806
-38
375
-231
808
-432
622
-28
833
318
34
383
279
289
597
161
-244
682
-333
970
-468
136
267
-323
-117
-43
-317
-122
-147
-341
-116
-686
230
-332
-692
-50
66
-721
-45
139
-880
184
-462
-390
-31
-108
104
-156
-1153
1103
-1034
207
-375
-71
24
669
-75
-816
1113
-877
747
10
-293
547
619
214
465
-466
865
-617
856
-9
-137
841
157
163
-222
625
-968
868
-412
-558
602
-441
-108
-508
-234
53
-894
352
-962
195
262
-141
80
-661
1045
-603
374
74
88
562
709
650
-23
1263
-310
431
113
701
-253
1284
-177
448
882
-786
411
-773
238
-605
243
-720
-79
309
-459
-395
120
-1186
17
-76
-1230
268
103
-162
596
151
-531
609
-718
-22
272
62
605
315
-120
312
159
-907
705
-820
546
-324
-116
-394
-687
1031
-1570
-180
-281
-1190
-116
-822
-732
-1108
346
-705
-494
165
-1311
153
-1054
168
-59
-244
1231
-370
171
1478
-294
534
697
530
823
666
719
706
358
1575
-688
1174
165
89
435
-482
1210
-828
443
523
9
-40
-310
99
-554
252
-403
356
37
-227
663
333
-776
658
-177
-397
979
42
451
167
889
-240
41
849
-393
464
344
438
-115
94
388
-16
-117
-47
-173
147
-399
682
-366
-668
172
-1188
408
-1295
90
-919
-1390
68
-1199
-874
-677
-496
-1216
-911
282
-2100
-259
-375
-847
380
-157
421
-311
-35
454
-1055
827
-169
-233
680
476
-64
146
758
-1248
614
-321
-240
7
570
-56
832
579
473
-31
145
188
86
1255
444
957
217
278
871
-34
700
788
-646
988
-367
761
106
454
49
-729
811
-406
438
-668
1174
-887
236
757
-862
372
-305
-336
-1126
397
-130
147
560
-297
623
-1052
111
68
-395
300
351
-908
366
-77
4
-183
-415
-599
-1091
-364
-231
26
-655
-236
-542
-808
92
-380
-215
-25
211
588
288
465
365
-35
774
832
898
403
444
714
572
730
509
133
369
343
556
-149
437
225
-58
87
111
-223
326
-802
-85
-216
-752
394
-774
-263
-981
-313
-1433
72
-198
-863
-121
-1192
-138
-687
-1253
441
-1403
-73
-566
-1369
277
-1137
177
-740
-261
-210
-34
-735
-228
566
-717
1356
-217
345
727
-424
1079
301
416
1364
570
308
1786
-220
972
1199
495
1302
-380
1577
74
537
670
122
331
-360
925
-1237
608
-132
16
-246
-216
-462
-485
399
-344
44
-206
-626
-530
1037
-1641
798
-562
-20
266
-1048
-178
-405
-129
-183
101
-916
554
330
-935
710
676
-183
828
-1515
1747
-254
206
527
703
-324
606
336
-1120
859
-646
647
-994
24
224
-260
213
-253
-206
-21
275
-71
-59
180
753
267
278
131
-418
560
-55
-393
-195
-102
-371
-545
-552
-925
-373
-1032
-932
-523
-1019
-817
-523
-1007
-174
-633
-302
-175
-521
96
357
-160
365
637
137
555
94
557
116
389
283
447
-931
1028
-404
70
308
-485
567
-285
626
-532
371
-30
731
-194
205
666
448
646
379
657
440
300
1746
-260
1100
363
420
1449
-19
-155
180
961
204
446
-1403
1092
393
-927
281
-471
-280
-46
-332
70
-874
143
311
-405
251
-202
-422
193
177
-146
118
-658
654
-196
-682
35
-274
-713
609
-914
-857
662
-1529
821
-1143
255
-333
-1191
140
-504
-1215
50
-718
-708
-604
-671
-594
-1143
-447
-88
-850
-848
27
-904
304
-122
-525
843
-73
-475
437
224
990
704
203
718
1507
261
951
-107
910
1879
66
1441
-486
1117
148
717
61
529
497
-493
1402
-648
625
-173
-182
1557
-287
-314
637
-241
932
17
375
-270
397
267
-714
115
-207
213
-365
-307
-854
-209
-167
-964
-1040
299
-962
-660
-376
-1617
253
-936
-272
-926
-266
-219
98
-271
-316
509
-265
522
219
87
258
-75
698
200
-146
628
-383
799
-271
258
-95
397
682
-48
696
55
1317
-117
1311
393
562
1067
52
154
278
104
455
-243
-398
64
-473
165
-1335
108
-1064
-137
-638
-1433
-963
-385
-1550
300
-1515
-496
281
-1288
752
-1258
-229
-275
-413
64
-1317
-539
-585
-185
-260
-557
-330
60
438
94
-132
512
54
1344
440
273
1032
908
1002
1131
538
1358
625
1133
767
92
1026
336
624
395
-689
1903
-172
865
358
721
1025
838
1216
-486
1535
83
-131
475
-939
-540
-180
-1079
-1232
-475
-1646
-706
-922
-670
-966
-431
-900
-138
-627
-225
113
-478
-155
122
-92
44
-92
-125
184
172
-150
-334
391
-869
879
-1054
342
-627
-504
356
-1518
441
-793
-587
-160
-370
-373
-243
191
-835
652
-576
-130
320
-226
-141
348
-199
529
35
-339
1374
-576
1130
373
-473
1638
-988
1135
98
-328
659
-137
-149
819
-563
353
488
-8
647
412
464
692
393
1460
22
1182
583
891
500
711
644
54
880
-694
921
-533
-385
-248
-346
-58
-1379
-290
63
-1289
224
-1048
-68
-66
-993
-114
-9
-531
-214
-393
183
-362
-808
-277
412
-1099
-134
406
-993
541
-479
-275
161
187
-458
216
377
-392
-379
750
-1113
354
-328
-102
-632
373
-835
-241
-219
-596
54
-867
321
-536
227
-102
-346
733
-332
708
361
118
895
378
336
750
473
343
703
-134
1277
-810
959
334
-130
818
-8
453
2
1240
-973
1152
-152
331
194
-597
1061
-1099
443
-252
-523
216
-626
-333
-245
390
-480
208
607
193
233
10
1041
-353
765
53
308
170
-699
316
-1040
-130
-698
-758
-476
-1458
-250
-1699
-162
-1888
-139
-1682
-340
-1440
-743
-165
-1215
-516
209
-444
282
501
437
1307
34
1421
1257
232
1916
374
751
1373
-739
1327
248
-863
1126
-441
-124
403
-742
861
-150
-209
953
-383
1158
-297
921
697
665
-135
812
356
-235
324
-450
658
-723
236
-175
-453
1032
-1239
703
568
-385
418
341
427
-156
427
-336
937
-1138
1051
-558
-60
1161
-1892
793
-267
-1143
-582
-626
-1087
-1356
-401
-2115
-458
-1307
-1287
-1173
-867
-674
-1538
-109
-1174
-474
-836
-112
-1214
-114
-281
-1116
600
-888
330
117
-161
612
280
498
865
118
1617
434
572
1739
179
1659
634
1203
1414
664
1335
1307
390
1882
484
993
1064
936
157
1306
773
-132
1467
114
502
297
549
67
2
255
-339
42
-280
-471
7
-807
-160
-494
-861
-126
-801
-549
-367
-499
-169
-1190
-163
-571
-867
-115
-686
-368
-176
-1183
-92
-146
-1375
148
-931
-1015
279
-1033
-288
-296
-708
-383
-714
-628
-19
-665
-951
302
-794
-329
-544
-205
-97
-673
-39
36
-175
-218
566
-437
304
575
-59
540
547
210
1110
-345
1184
664
-433
1859
-759
1528
-160
396
752
-174
342
719
-263
772
95
652
312
316
887
519
521
966
746
693
797
851
993
203
1187
445
235
869
386
101
918
-396
853
-365
253
-3
26
-584
170
-538
-583
-456
-687
-388
-1336
236
-1113
-1083
195
-1526
-429
-548
-963
-685
-937
-515
-1184
-545
-684
-897
-671
-315
-1208
-114
-675
-899
64
-1097
-234
-552
-599
-426
-382
-536
-224
-319
-220
-412
414
-483
41
454
-156
340
506
4
898
-218
1397
-77
673
1096
158
1043
776
820
266
1843
156
664
1636
-37
1495
601
799
708
710
1177
-182
1065
326
365
495
-256
459
183
-25
-424
537
-5
-115
-597
830
-185
-570
83
277
-570
-250
-157
-735
-194
-424
-1241
-238
-486
-1092
-268
-957
-370
-648
-249
-781
-641
468
-793
-926
1044
-763
-238
-43
102
-97
-393
216
-341
334
-318
-51
-200
510
-147
-490
841
-188
303
-89
501
406
-293
979
-837
998
-367
-8
384
-139
260
64
370
-322
854
-377
387
-210
10
52
-547
6
-600
-121
-625
-541
586
-620
-325
732
-129
20
47
306
-305
24
-307
-44
-118
-53
-142
-31
536
-268
680
447
513
193
780
91
267
770
-601
263
130
-493
86
-186
-78
-282
-118
-367
156
-455
556
-651
225
-453
165
-216
-611
-4
-597
92
-578
-220
110
-89
-1241
900
-68
-174
399
311
580
-344
1106
486
-25
599
153
219
146
89
124
-545
580
-348
333
-207
-265
320
205
-138
738
-540
895
-445
-432
414
-9
1028
-170
1314
-809
824
194
-153
325
-335
1050
-284
816
-268
-217
-227
112
591
-12
636
-102
595
202
383
448
-280
715
-318
-14
906
-458
930
17
140
-324
313
-727
-791
-503
-518
-370
-1062
-576
-1459
-1770
-1951
-770
-2244
-1171
-1915
-1609
-1591
-1695
-1128
-2318
-1222
-1596
-955
-1441
-540
-1192
-154
-777
-182
234
-472
1356
138
1583
666
1475
1697
1592
1688
1473
1806
1453
1927
1218
1761
1334
1389
1734
1134
1732
930
1467
895
1348
842
1378
1147
-8
1598
198
1459
357
973
348
679
857
157
809
-605
931
-927
246
-852
-706
-586
-774
-1350
-979
-1001
-1477
-791
-1277
-1467
-739
-1232
-506
-849
-1074
-563
-537
-925
88
-621
-818
62
-1185
-154
-403
-418
-941
-5
-1154
-217
-487
-470
-688
-353
-424
-236
-606
45
34
-726
569
-319
115
-88
371
-423
325
34
-40
233
343
-228
457
-6
469
161
53
950
-351
653
340
310
-259
1334
-613
859
389
-38
917
-334
1014
-241
839
-405
986
-446
582
309
-439
1008
-680
883
-551
821
-127
69
397
22
360
-178
725
27
164
700
-89
446
358
357
144
549
341
107
389
-23
717
-364
40
737
-935
601
-509
122
-376
-110
-242
-479
161
-971
116
-684
-533
-318
-985
-124
-895
-649
-365
-712
-502
-178
-612
115
-309
-47
-229
432
-198
1
274
-220
414
-318
25
359
-479
298
-66
-245
642
-697
275
345
-579
537
-122
249
2
98
240
-66
21
384
-255
44
343
-103
-40
285
200
-17
58
525
-93
208
115
412
-199
318
269
-520
1163
-955
718
-369
244
-158
-570
466
-995
185
-768
8
-568
-306
-175
-242
-177
-84
-81
96
-228
430
-233
54
7
151
-41
-228
253
-135
-197
375
-23
-42
422
186
159
501
191
500
12
509
300
-49
455
-150
304
-37
79
-83
77
25
-46
22
98
-424
292
-342
141
-42
184
-160
273
0
167
-56
-77
213
-293
46
-170
-301
26
-441
-99
-246
201
-323
-109
98
-26
-120
-64
85
-244
297
-479
250
-149
-242
40
-366
333
-250
-183
370
-238
52
173
-165
198
-98
163
-198
284
-209
-134
151
-154
126
-102
-43
225
-101
148
-51
38
282
-297
302
40
-88
87
-153
42
131
-236
301
-277
135
165
-384
550
-456
303
-30
90
-39
80
287
-189
291
-68
282
18
49
11
138
46
-66
45
40
-54
26
14
-93
-76
49
-18
-174
-27
-12
-113
-125
-5
-198
147
-229
-19
19
-48
34
-114
131
-58
-42
70
7
-40
75
3
72
-106
123
4
19
-25
61
46
-104
136
-75
53
-74
39
-8
-66
-1
56
-3
-29
-73
64
96
-102
-19
56
-5
-96
-23
55
-69
-79
14
28
-45
-60
-25
60
-62
-42
31
-62
20
-167
146
29
-206
193
-192
119
-61
-8
68
-59
46
1
53
-39
112
-103
192
-109
130
5
-10
3
70
75
-104
39
-50
67
-60
-40
61
-87
58
-74
11
70
-190
113
-28
87
-17
-46
135
-22
142
2
79
44
37
70
74
79
-3
59
129
47
109
-82
175
33
-16
55
-19
18
-33
-22
-18
-18
-111
9
-161
5
-151
-6
-58
-121
18
-184
-15
-86
-71
-3
-123
-11
-52
-58
4
-114
29
-95
42
-70
-41
28
-74
48
-60
-4
34
-68
73
11
0
46
7
88
70
1
49
99
19
101
9
67
41
9
38
-2
26
15
-17
-9
-37
-27
-25
-12
-22
-28
5
-71
41
-62
-15
38
-71
23
-20
-18
32
-57
9
26
-78
77
-39
63
2
32
-3
41
0
-1
22
-27
63
-46
33
6
-47
57
-15
-26
31
-20
59
-8
26
19
84
0
47
50
-11
78
-28
62
3
-15
83
-52
21
32
-63
73
-75
39
5
-25
20
-42
5
-23
-15
-20
12
-3
7
-19
-11
13
-23
5
-39
7
-35
-40
-8
-40
-31
-42
5
-53
-21
-32
-34
-31
-2
-36
-21
-18
-23
1
-21
11
-45
16
-32
-2
27
-28
15
-34
17
-4
0
23
-12
12
-4
17
-1
31
8
19
0
41
24
-8
47
-13
26
21
-19
41
-2
24
30
16
23
-10
40
-11
10
-13
46
-5
13
10
-10
12
-2
40
-27
15
29
-13
-1
11
-4
-13
5
-11
9
-21
-6
13
-19
11
-23
-10
-4
-35
21
5
-28
3
-15
-18
-13
11
-9
5
-9
13
-5
2
-7
-1
-4
13
-25
-11
-7
-7
5
-13
-2
-10
6
-8
6
-17
17
6
-5
-9
-10
13
3
9
-7
-6
5
-4
3
10
0
-4
41
-7
-11
-26
9
-19
-18
26
-10
2
-15
-1
-11
13
27
2
30
-4
2
13
-6
17
22
37
-18
-3
23
5
24
2
-8
1
20
-3
-14
0
-13
-4
-15
-8
3
-31
-17
-3
-23
1
-10
-3
5
4
-4
-31
1
14
-4
-6
-14
-6
-18
-6
-18
9
15
-6
14
9
11
-13
22
10
9
12
14
-1
8
32
-2
2
10
12
-4
9
0
16
9
-7
20
-18
-10
-6
-1
5
-22
-8
-15
8
-17
0
2
-9
9
-22
-7
19
-23
8
4
2
0
-8
7
-5
2
10
17
-4
4
-18
-8
1
5
1
-1
22
4
-4
-1
-1
3
-2
5
8
-10
-1
-1
3
-1
5
-10
-2
10
-20
-10
-19
-1
-14
-17
25
-10
10
-11
-10
20
-9
4
-1
2
-7
22
10
-5
21
10
25
10
-1
6
10
0
15
2
-16
2
-2
-1
-3
-8
2
-26
-2
-25
6
7
-6
-8
-11
20
-20
7
1
-16
-1
-10
2
16
6
-11
10
2
-1
-16
19
8
-19
21
-15
-23
-10
17
12
5
23
-4
10
3
8
-5
0
7
-4
1
13
-5
-5
7
-10
0
-8
-12
-8
-5
-8
0
19
-7
2
8
17
7
-16
5
0
-10
-12
8
3
1
5
5
-3
-7
23
-13
15
-7
18
3
14
18
-15
27
18
-7
-3
6
2
-11
-18
3
-21
-13
-4
-27
-22
-9
-24
-24
-31
-16
-31
-10
-2
3
0
-5
6
-2
12
-12
8
9
-2
3
-1
20
4
1
16
2
24
2
18
12
19
8
37
7
7
17
3
13
-9
9
9
-6
1
12
-8
-3
-2
-5
9
17
7
-6
-11
2
-27
2
13
-20
6
-10
-11
-22
-4
-5
-1
9
-13
5
-3
-12
-4
-2
1
-2
-18
1
-7
-4
7
-12
9
-18
-11
-5
-16
-1
2
-8
-15
6
-12
1
-2
-1
-10
5
4
9
-1
-6
-3
9
8
3
12
14
8
-3
8
4
14
-7
4
20
19
-8
-5
10
5
0
-6
1
0
20
4
-10
2
2
3
3
-13
-4
15
3
-8
-15
1
9
0
-11
-2
6
-8
9
-11
-10
5
-3
-1
3
7
0
-4
1
-4
-9
0
-6
-3
10
-7
14
-8
-3
5
2
14
0
14
9
-16
-7
11
-4
3
5
15
8
0
-4
-1
-7
7
4
-3
-2
-14
-7
2
-10
-12
-10
-8
-3
-20
2
-3
-2
-13
-8
-9
-7
-6
7
0
-4
15
-17
13
14
-8
7
-1
4
8
-3
13
-10
4
24
14
0
-4
20
-5
2
5
3
8
-5
-3
0
3
16
0
6
-13
-6
-2
-6
7
-2
2
0
-8
3
-1
0
10
-5
5
-1
-20
-13
1
12
4
-6
13
9
-5
7
4
-9
-3
-3
2
8
-9
-4
10
-1
5
-8
4
1
0
-2
-9
-2
4
8
-2
1
-10
4
6
-12
-1
-13
-4
-4
-7
13
-15
-6
-6
3
-8
-6
3
1
5
-3
-3
-12
-8
-2
10
2
6
-12
12
10
-5
10
4
0
-8
7
-7
4
6
4
-5
14
10
-1
6
-2
18
8
1
15
-7
10
12
-4
-6
12
11
-7
-17
0
-8
-9
-6
-9
-4
2
-6
8
-6
4
9
8
8
-7
3
9
1
0
-3
-13
1
-19
-9
-4
-6
14
-4
-6
-5
4
-15
-5
-3
-2
-4
5
-10
0
7
2
-2
-5
5
1
8
-3
-6
8
5
-7
7
-2
-6
-1
10
-11
6
13
-5
9
-4
1
-3
-1
5
-8
11
4
-14
-5
13
4
-3
-10
4
9
1
-1
15
-2
4
0
-3
-2
-1
6
-8
0
6
2
-4
-4
-8
10
-11
3
-3
-13
9
-4
-4
-2
-4
13
-3
-9
9
2
-12
6
-8
-9
-3
-4
6
-7
1
11
-11
1
1
-7
4
-6
-6
5
11
-5
17
6
11
14
14
28
0
14
-19
5
7
7
15
-4
-6
-1
-8
-3
-9
2
14
-8
1
1
-3
-11
1
8
0
3
-3
-3
-1
-7
1
-8
-10
-8
-8
-4
-3
-16
-17
-2
-3
-3
-6
-18
-3
-6
1
-7
-6
-7
-1
-5
-3
18
-4
8
-6
3
4
4
12
-4
-10
-4
0
4
14
5
6
12
3
6
3
2
2
6
12
9
0
1
11
6
0
-6
13
13
2
19
1
1
5
3
4
0
0
-5
4
9
-4
1
5
-4
0
-10
-1
-4
7
-6
2
-4
-3
-5
-13
4
-16
5
-5
-7
5
-4
-11
-3
-1
0
-1
-6
-11
-4
-9
-11
-7
-14
5
-10
-4
1
-7
5
1
-8
5
6
-11
3
6
-1
6
5
5
8
9
18
4
13
6
0
2
-1
1
5
-2
-8
0
0
4
-7
-15
2
9
0
0
-5
13
8
-6
0
-5
6
-1
-6
-6
5
3
2
7
5
12
1
-5
-2
-1
-6
-2
-2
-5
-5
-11
6
-2
3
-3
-13
-2
-3
1
-4
6
5
-5
1
-3
1
-4
6
5
0
6
-4
4
6
-3
-7
4
-2
-7
-1
-1
1
-11
1
-2
1
-2
10
4
7
1
-3
4
-2
3
0
12
7
11
-2
9
-3
3
5
-6
6
-10
1
7
-1
-7
-3
8
4
-9
0
1
-2
-4
-4
-8
3
-4
-7
-2
-7
-8
-7
6
0
1
-5
4
-2
-3
10
-4
-8
-9
6
-2
0
0
-1
8
-9
1
-1
1
1
7
5
-8
2
3
0
0
-2
-7
7
-1
1
-5
-7
-4
-7
2
-3
-11
-4
3
-6
-5
-3
3
9
8
7
8
9
9
10
6
8
17
3
5
7
7
2
-1
4
1
-6
2
-4
-2
-2
0
-6
-17
-7
-6
-2
-1
-5
2
2
1
1
-10
-1
3
-2
5
4
7
-4
3
14
5
1
3
0
-6
-2
1
-1
-12
-8
-6
-6
-5
-6
-3
-7
-2
-3
0
-1
-10
0
-6
5
-1
-13
-2
-2
-3
-6
7
10
-7
-9
8
8
2
7
4
7
-2
-6
5
2
6
3
2
-5
3
4
-2
7
3
3
-1
3
9
4
3
-4
9
5
6
8
2
7
-2
-10
-2
-3
-7
-2
-3
-2
-2
3
-4
1
2
2
-2
5
9
-1
-5
1
3
-2
3
-3
-9
-10
-3
5
2
-11
-8
-6
-6
-2
3
-4
3
1
-3
2
-9
-2
-7
-3
5
2
0
1
-1
-1
-4
0
-3
-1
6
-2
-1
-2
3
5
-2
2
4
-4
7
-1
-1
12
2
2
4
5
14
3
6
10
-4
6
8
-3
0
-2
-4
2
2
6
-2
-5
3
1
-2
5
1
-8
0
1
-5
-4
-1
-5
-9
6
-7
-3
-2
-6
6
0
-8
2
-8
-16
10
6
-3
-9
-4
-2
-13
-3
1
-10
-3
0
-6
-3
-1
1
-6
-1
1
-4
9
3
-9
7
0
3
3
8
16
6
8
8
6
-1
8
5
7
6
-6
5
-5
8
12
2
5
5
5
1
-2
-5
1
1
-2
-4
-3
0
-1
-6
-4
-5
-1
-4
-3
-9
-5
-2
-3
5
-6
-1
-2
-4
-1
-4
-2
-5
0
2
-4
0
1
3
0
-3
6
-4
7
4
-2
1
-5
2
-4
1
5
2
8
-1
2
5
-7
5
-5
-2
0
-2
4
-2
0
-2
-5
-2
-5
-5
3
0
7
-1
1
5
4
5
1
-1
0
-3
2
1
2
4
-5
-1
-3
6
4
1
4
0
-2
2
-7
2
-2
0
-1
-4
-1
4
-2
-8
-3
-4
-2
-7
6
0
-2
0
-4
-4
-3
2
5
-4
-2
9
-1
-4
2
5
4
2
2
3
8
-1
1
1
6
6
