4
0
0
-1
1
-1
-1
0
0
1
0
0
0
-1
0
-1
0
0
1
1
1
-1
0
2
1
2
0
-1
-1
0
-1
-3
-4
0
-2
0
1
0
-1
-2
-2
0
-1
-2
0
-1
-2
-1
0
0
0
0
1
2
0
1
1
0
1
2
1
2
0
-1
3
0
1
1
0
-2
1
1
-1
0
0
0
2
2
0
1
2
1
-1
1
1
-2
-1
0
1
2
1
0
-1
3
4
1
1
2
-1
-1
-1
-1
-1
-2
-2
-3
-1
-2
-2
-2
-3
-1
0
-2
-2
-1
0
3
1
-1
1
2
-1
0
0
1
1
1
3
2
0
-1
0
-1
1
-1
-2
0
-1
-1
-1
-1
1
-1
-2
0
-1
-1
-1
-1
1
0
2
1
1
0
-1
0
1
-1
-1
2
2
2
1
-1
0
0
0
-1
0
1
0
1
2
3
1
0
3
1
0
0
0
2
-1
0
1
0
0
0
2
0
-1
0
-1
-1
-2
-2
-3
0
1
0
2
-1
-1
-1
-1
0
0
0
-1
1
-2
0
1
-2
0
1
1
2
0
0
-1
0
0
1
1
-1
1
0
-1
0
2
0
0
0
-2
0
0
-3
-2
3
-1
1
0
1
1
-1
-1
1
0
1
2
1
1
0
0
-1
0
1
-2
0
-1
-3
1
1
0
-1
-1
0
2
0
2
0
-1
0
0
-1
-2
1
2
1
0
1
2
2
0
1
2
0
-3
-1
-1
-3
0
-2
-1
-1
-2
-2
-2
-2
1
2
0
2
0
-1
0
0
0
0
-1
-2
0
2
0
-2
-1
-1
1
1
2
0
1
1
0
0
1
2
0
0
1
1
-1
2
1
0
1
-1
0
-1
2
0
0
1
1
1
0
0
2
0
-1
-2
-2
-1
2
2
0
-1
1
-2
-3
0
0
1
0
-1
-2
1
0
1
-1
0
-1
-1
-1
-1
1
-1
0
-1
0
0
-2
-1
-3
-2
-2
-1
0
0
1
1
2
1
1
3
1
1
3
2
4
3
3
1
3
1
1
2
2
2
0
1
1
1
0
0
2
1
1
-1
-3
-3
-1
-2
0
-1
-1
-1
0
-1
0
-1
-2
1
0
-1
-1
-1
0
-2
0
-1
-1
-2
-3
-2
0
0
0
-1
-1
-2
-1
0
0
0
1
-2
-2
-3
-1
1
1
1
0
1
1
2
2
0
0
0
1
-2
-3
-3
2
1
-2
-1
-1
1
0
0
1
1
2
1
1
1
1
2
2
1
1
0
1
-1
2
0
1
1
-1
2
3
1
0
2
-1
-1
0
2
4
3
3
0
0
2
0
-2
-1
-1
2
2
0
1
-1
-1
-2
-2
-1
1
0
-5
-3
-4
-3
-1
0
-4
-4
-3
-2
-2
-2
-2
-2
-2
-1
1
1
-1
-1
1
2
3
2
1
-1
0
1
2
3
0
1
-1
1
2
-1
0
1
2
3
3
0
2
2
2
1
1
0
-1
-1
1
1
3
0
-2
-2
-3
-2
0
-1
-2
0
0
0
-1
0
1
-1
1
0
-2
0
-1
3
2
2
1
2
1
1
2
0
1
2
0
0
-1
-3
0
0
1
1
-1
0
-1
0
-1
-5
-2
1
-2
-2
-1
0
-1
-1
0
1
0
-3
-1
1
1
-1
2
3
-2
1
2
0
0
0
0
0
0
1
1
1
-1
1
3
4
1
0
2
1
5
6
4
0
-1
2
3
0
-1
0
0
0
0
-3
-2
-1
-3
0
0
-1
-1
-1
-1
-2
1
0
-3
-2
-2
-2
1
-1
-3
-1
-1
-2
0
1
-1
-3
0
1
1
1
0
0
2
1
1
4
-1
-1
-3
-2
-5
-3
0
-3
0
-5
-2
-3
-3
1
-5
2
3
-1
0
-1
0
2
0
2
1
-1
-1
-2
0
0
1
0
-2
1
3
3
2
0
-2
4
5
2
4
0
0
1
5
7
1
2
3
-1
1
4
1
-1
4
2
-1
2
3
3
1
-4
-3
0
-2
-4
0
0
-1
-4
4
5
3
0
-6
-4
0
3
0
1
2
-2
-6
2
0
-1
4
-4
-4
5
-5
-3
4
-3
0
-4
-2
-1
-3
-2
-3
1
3
-5
0
-5
-6
3
-2
4
-4
-6
-3
-7
-2
-3
-4
-1
-1
-1
-1
-4
-1
-4
-2
0
-1
1
-2
0
-5
-5
-3
1
4
0
1
1
5
2
1
-1
8
0
-3
6
1
7
-1
-4
8
0
-5
0
3
5
3
-2
-3
9
1
-1
7
-3
1
3
4
2
3
5
2
7
9
2
2
1
-4
-2
2
-2
-3
4
1
-3
-4
5
-3
1
4
-6
-5
0
-3
-5
6
-4
-1
1
-8
1
3
-6
0
-1
-10
0
-3
-5
-2
-1
-7
-4
2
-2
-6
-1
-1
-1
-2
-4
-1
7
-4
-3
2
-10
4
-1
-2
5
-4
-9
3
2
-4
1
2
-9
0
0
4
4
3
7
5
-3
-2
2
5
1
3
5
2
2
8
-2
5
3
-5
1
0
4
10
2
0
14
1
0
12
1
-6
13
8
-5
-9
14
2
-1
-2
4
7
-6
10
-12
5
5
-12
-2
3
-7
23
-14
-8
31
-15
-1
6
-11
-4
4
-14
-13
3
3
-20
-15
12
-8
-6
-22
11
8
-14
-21
6
13
-31
-5
12
3
-22
10
-2
10
-23
11
0
-17
24
-14
-5
20
-31
-1
41
-49
16
28
-15
-9
21
6
7
-14
4
18
-8
11
1
17
2
8
-11
28
-10
15
43
-51
66
0
-43
76
-4
-33
44
13
-11
13
5
18
-3
21
-31
15
36
-62
25
28
-35
-10
36
-14
-32
-3
11
-22
2
-11
-2
9
-20
-20
-15
37
-42
-56
31
25
-91
8
15
7
-92
48
0
-40
-8
-3
19
-43
13
5
-21
-13
26
27
-109
120
-26
-61
11
67
-95
28
45
-84
98
-108
101
-90
101
-97
66
19
-79
60
36
-50
-19
122
-132
174
-140
79
27
11
64
-159
286
-165
133
-74
117
62
-54
83
106
-34
20
213
-168
222
-126
177
-4
36
-86
178
73
-245
203
-14
-4
-50
56
-85
45
41
-253
180
-92
-104
2
-52
-167
73
-100
-121
5
-221
104
-101
-258
61
-151
3
-129
-254
209
-235
-104
51
-212
12
74
-299
188
-153
-47
186
-231
122
23
1
133
-145
247
69
-105
267
80
-37
277
-26
178
147
115
-57
319
201
-302
488
-93
175
11
-38
294
-155
26
143
-32
-80
144
-178
237
-169
-162
272
-137
-75
52
-102
-21
131
-157
-109
128
-227
186
-156
-121
8
-94
193
-322
-149
150
-67
-161
-97
-254
305
-362
-117
-46
-178
11
-212
-17
-254
-15
-76
47
-412
130
-36
-76
-10
-127
159
-106
185
-155
210
48
20
250
-14
119
311
-108
258
331
-231
451
11
258
37
123
95
262
85
-227
487
-155
216
-2
-185
438
-187
12
154
-170
-66
338
-225
-260
331
-313
211
-195
-147
102
-163
241
-475
182
-29
-249
199
-229
-56
-147
195
-278
-62
60
-304
306
-249
-116
15
106
-110
-90
62
-45
36
30
-210
195
-146
-16
98
-296
218
-268
199
-200
-83
92
-206
52
-67
-27
-203
92
-38
-16
-159
-88
229
-187
68
-81
-131
363
-131
-85
114
171
-223
324
124
-399
628
-328
308
0
111
-61
193
252
-179
86
252
31
-26
267
-110
155
67
75
65
-49
215
-24
-111
328
-226
60
397
-542
419
-40
-32
-40
20
81
-238
267
-324
118
-83
7
-330
330
-283
-45
-175
145
-80
-269
163
-283
273
-382
308
-386
159
33
-275
157
-135
-4
-79
63
-257
258
-97
-275
214
-109
140
-123
-191
209
-13
-108
-52
94
-140
39
-19
37
28
-177
150
109
-184
285
-370
519
-352
17
195
162
-363
167
149
-143
333
-377
170
81
130
-208
272
-219
219
-162
250
31
-234
174
43
94
-229
171
61
24
-143
209
-11
-204
279
-188
166
8
-87
-26
210
-51
-321
325
84
-325
303
-170
113
-334
295
85
-498
291
108
-49
-385
277
7
-243
-65
312
-124
-248
35
278
-412
200
-158
35
193
-209
-10
8
5
21
-198
260
-135
-12
-38
86
71
-193
29
12
223
-259
107
-118
112
23
-77
-55
75
-20
143
-240
108
-14
19
45
-65
34
114
-58
-75
195
-63
83
-60
-107
461
-304
81
-61
261
-66
-169
212
-166
307
-181
99
-147
125
184
-309
-38
193
183
-254
1
172
-172
169
-245
171
-62
130
-67
-15
70
-123
-39
63
177
-334
83
289
-247
-171
122
45
-202
170
94
-356
138
122
-252
79
-212
298
-219
152
-256
8
-32
8
33
-156
-97
313
-199
-137
-26
-37
281
-380
159
-74
127
-61
-181
19
408
-386
65
276
-282
335
-305
173
222
-161
203
21
-30
271
-73
-36
147
329
-258
123
260
-76
138
-98
141
190
-84
137
-159
178
339
-596
372
91
-116
-119
203
-125
13
-188
16
188
-354
154
-340
224
-49
-263
-149
117
-56
-211
-41
27
-223
-96
177
-302
-113
8
166
-157
-283
12
60
32
-199
4
-88
252
-278
84
-123
71
168
-194
227
-259
395
-123
-69
248
-108
216
-126
95
128
122
-74
-10
46
246
-152
12
217
-121
140
-174
98
62
105
-123
11
220
-328
301
-210
-43
301
-42
-225
11
285
-182
-114
258
-175
-147
362
-87
-384
251
199
-302
-51
280
68
-424
298
-27
-190
53
47
100
-13
-95
-181
296
-94
-199
372
-234
40
-80
8
11
19
-156
176
122
-249
-22
-73
266
-172
-225
230
102
-133
-7
-20
75
-258
23
347
-222
-2
-49
39
107
-329
257
49
-49
126
-84
-8
-202
232
61
29
-9
-212
485
-247
-65
-113
-39
417
-71
-171
-12
72
81
-68
-275
294
-135
203
49
-294
200
-317
212
144
-327
212
-171
321
-179
91
-240
-279
673
-343
139
-69
-82
-47
255
-103
-227
-146
383
87
-240
-27
21
70
-102
11
7
109
-224
92
253
-138
-110
-43
48
2
111
119
-320
322
3
12
-230
209
93
-166
73
120
55
-20
68
-286
341
-62
-2
-68
-96
273
-171
266
-305
93
-50
-255
317
21
-404
411
-290
33
174
-376
-14
77
-51
-93
209
-117
156
-487
466
-314
-54
292
-81
-97
48
169
39
-33
-143
-92
345
96
-358
382
-21
-146
-148
300
-3
-128
73
-17
151
-39
-47
-33
-165
183
47
-166
210
-53
-57
-85
-54
182
-110
-14
-215
316
36
-130
-65
-181
-47
624
-654
62
430
-498
316
-127
99
-159
434
-319
-210
297
45
-7
-565
516
131
221
-531
27
328
-286
101
-260
309
-5
-136
-61
384
-279
151
-334
117
26
-260
614
-270
0
-314
484
-275
-151
321
-114
3
-199
625
-365
-50
-223
375
-158
-29
185
-193
-13
-64
353
-374
338
22
-342
-18
214
-206
-73
491
-434
257
117
-110
-14
-222
-181
212
321
-177
-95
597
-448
-411
352
179
-238
11
208
-90
-78
-113
-5
507
-188
-268
327
-28
-432
72
153
-155
76
174
-84
23
-119
-67
132
-96
-50
73
0
-52
18
55
-289
408
17
-389
32
-165
431
-403
-68
495
207
-339
64
-41
-179
24
105
98
-119
6
265
161
-214
-334
116
225
-7
-131
-179
264
65
93
-408
442
-339
160
-222
87
-139
90
382
-249
361
-540
369
-27
-88
191
-142
20
-186
543
-291
183
-372
348
8
-216
7
58
-320
224
328
-302
88
-318
182
178
-5
-246
135
441
-652
171
237
-7
-26
376
-93
91
-24
-472
246
-26
-332
-142
531
-433
54
-56
-23
-90
1
102
-344
-257
88
-9
436
-242
104
-115
-317
226
-502
216
63
-314
151
-30
4
21
-291
-63
83
-524
-157
-203
-406
312
-289
41
183
-59
-398
172
282
-173
335
-127
82
82
-110
127
357
-14
178
287
87
36
340
-12
125
609
40
515
-76
277
623
76
315
-26
122
82
198
337
-177
187
160
329
-99
207
67
-190
349
-311
98
-21
-57
-136
-257
-215
180
-299
-211
-270
-135
224
-257
98
-368
-257
-496
66
-49
-201
-318
-232
89
29
-248
-517
269
-463
-218
-60
-342
-183
-240
52
-592
32
-203
-269
-289
69
-24
136
-219
-355
1
-425
5
-244
246
-175
331
-65
360
73
20
646
-101
480
372
83
193
247
437
-139
339
60
199
-185
-117
549
85
666
114
271
91
-200
752
-25
-72
498
-159
382
321
124
168
-169
92
333
243
69
562
118
22
147
-141
69
-382
-317
-537
-59
224
-272
-137
-279
-218
-186
-478
218
-387
181
156
-605
308
-288
46
186
5
-40
-132
-161
-514
-314
-149
-314
-317
353
-325
-72
-247
-828
-273
-239
-521
-359
-802
-434
-442
-262
-266
-561
-17
-250
-382
-213
-250
485
-58
220
349
348
468
268
-82
123
537
-264
496
-45
95
240
559
403
215
803
269
679
485
1082
299
690
718
602
945
354
684
456
370
955
483
701
761
66
408
410
142
247
-290
133
67
-796
-62
-368
-126
-485
-833
-434
-437
-408
-930
-347
-372
-231
-845
-413
-190
-545
-786
-859
-770
-182
126
-376
-218
-272
-844
-592
-159
-562
-562
-5
2
-64
-143
-123
-421
-23
146
-3
-253
-329
-222
-704
-443
-158
28
-521
-439
-138
434
-162
457
-128
553
867
340
1043
219
674
104
279
160
347
564
-129
484
250
-176
-580
208
-338
85
-25
-278
406
651
773
971
948
798
898
1069
1344
751
1628
1340
1091
1294
477
583
134
-58
-25
-371
-762
-310
-1123
-1478
-914
-1488
-640
-968
-680
-922
-1609
-1016
-440
-607
-537
-676
-161
141
161
-232
223
145
-452
-121
471
405
-350
538
-410
-473
505
647
224
409
701
607
760
1005
969
88
566
349
31
93
-365
384
250
44
463
751
-456
-474
-285
-1221
-735
-627
-644
-672
-1682
-1148
-1093
-43
228
-232
112
100
-126
-851
-585
-705
-87
-1328
-700
-666
-1159
-1064
-1046
-482
410
238
681
257
-1107
-314
301
-139
-36
241
537
216
1362
1865
2173
1180
941
1499
733
519
319
1238
139
1074
1276
1024
1197
601
804
226
-211
522
750
698
341
708
984
-66
210
-840
-252
-1657
-1169
-711
-721
-422
-288
-554
116
759
-507
-780
651
688
-8
-782
-1218
-1188
-817
-211
139
-437
153
-86
-173
-525
228
538
706
136
-1095
-428
-1346
-10
-639
-221
-357
-701
509
1028
548
871
-986
-119
806
82
970
43
-38
-1763
-658
-390
-828
-397
-1024
86
-783
-745
-970
-973
-894
-1389
-717
-2540
-2195
-880
-870
189
-437
761
2401
2763
2620
1990
2738
3090
2170
595
835
-793
-922
-759
-2024
-1147
1133
1008
388
1132
886
996
1148
1484
2103
-246
224
141
-87
-86
181
212
70
-266
-288
-1345
-1576
82
3
105
-1257
-1948
-2380
-2056
-2783
-2252
-1180
-725
1164
-510
161
753
1137
1480
1286
1105
12
1382
1385
1146
666
2144
1593
603
1524
1001
152
710
-314
-711
1038
671
53
-1167
-1821
-161
-609
-1007
-347
-421
-828
-604
-170
572
182
-2093
-1139
-216
-624
-1058
-964
-657
-173
-460
-676
-450
-1113
-472
-147
1240
1355
656
459
1246
1105
-1630
-2007
-1872
-884
-97
-872
-870
-988
-133
-6
-502
454
895
671
611
-154
508
1220
530
1523
2020
2832
1779
2220
2690
1544
1344
734
449
-273
-1165
-1853
-1622
-2116
-1840
-1236
-2455
-4142
-4043
-3823
-3667
-4479
-2766
-2316
-362
1313
666
2104
3327
3335
3996
3616
2911
3761
3176
3091
2629
3048
3160
2969
3319
3936
3348
1760
2462
792
-712
-88
-753
-787
-956
-651
-338
-1454
169
669
-544
-451
-330
-2051
-2189
-2311
-3633
-3373
-3571
-3667
-4313
-4539
-3192
-3146
-3967
-2758
-3592
-3138
-2399
-2946
-2822
-1670
-1218
-695
489
250
806
1685
1919
1170
1304
2555
1631
1274
1006
537
30
308
611
-761
142
1088
88
441
1165
1166
1587
2033
2193
1400
1021
832
1261
1045
2391
2611
3390
3074
2527
2423
2675
2263
2787
3272
1894
3009
2723
3
-1028
281
257
1269
1294
1269
1360
1111
1145
1046
296
-14
-267
-1011
-2045
-3677
-5560
-6013
-4941
-3987
-2885
-2866
-3407
-3161
-1726
-1618
-1675
-1776
-1572
-1061
-1190
-470
75
272
687
-605
-1526
-1714
-2567
-2517
-2018
-2539
-2926
-2587
-1763
-994
-1254
-624
665
919
1769
2203
1436
1424
1959
2629
2270
2053
1940
1928
1487
1550
1892
1164
1920
3175
3706
2984
2403
2459
1657
2049
2198
1577
720
294
897
1242
2146
2538
2368
2294
1048
-23
-499
-1142
-1479
-1674
-1493
-2290
-2397
-2275
-2980
-3961
-3600
-2251
-2271
-1990
-1950
-1870
-1435
-1153
-751
-513
-1208
-2027
-2000
-2192
-2132
-1383
-992
-1086
-544
-141
-114
-302
-28
339
851
1581
1404
1024
755
599
390
378
643
999
528
587
885
814
1387
2175
2414
2550
3295
3237
2919
3297
3550
3399
3061
3224
2876
2562
2266
1855
1762
2072
1394
609
815
847
219
-406
-519
-1884
-4366
-5870
-5391
-4727
-5357
-7134
-8683
-8905
-8434
-7929
-7766
-7582
-7027
-5811
-4562
-4076
-3329
-1914
203
2407
4121
4673
5044
6116
7337
8181
8632
8648
8568
8717
8641
7812
6704
6433
6236
5600
5496
4762
4763
5059
5689
5491
6206
5175
-1143
-9316
-12335
-8954
-5012
-3893
-7551
-13054
-16056
-15854
-14187
-11802
-9450
-8503
-7837
-6353
-6343
-7986
-6903
-2348
2546
5436
5361
2798
1264
2240
4364
7798
10485
10175
7528
6042
5222
5040
6692
8222
7216
5044
2804
45
-1253
0
1567
2424
3045
2554
954
1345
3191
5282
8228
10934
11809
13152
12229
3784
-6764
-8090
-217
5332
3421
-4796
-14382
-18982
-17263
-14553
-12220
-11029
-13171
-15176
-14050
-13231
-15192
-13583
-5677
1361
3915
2668
-945
-1321
5277
12507
15459
13771
10148
7296
7859
9287
7766
6440
6976
5564
1796
-2044
-5405
-5631
-1944
977
-286
-3427
-4468
-2807
1031
5333
6938
7410
9412
11911
14119
17487
13981
1981
-8307
-5409
3379
5661
-1660
-12685
-20199
-20275
-17218
-16492
-16530
-17568
-19211
-18102
-14604
-14555
-15487
-10502
-563
5859
6744
4188
2779
7131
15647
20906
20926
16222
10268
9959
14083
15254
12774
11014
8228
3524
729
-1125
-4014
-2867
132
-1716
-5589
-6113
-5541
-2205
4371
7344
5990
6992
10619
13025
17472
14682
-178
-12110
-5135
6466
7387
-2149
-15456
-24192
-21081
-14385
-14313
-16757
-18612
-21537
-20541
-14455
-13823
-16404
-10585
240
4678
3713
633
-882
6216
18053
22236
16713
8919
6905
11338
16273
13683
7878
5725
5555
3219
-371
-4793
-6405
-2363
391
-3601
-8290
-7468
-2437
4293
8127
6483
5097
9694
15690
19615
23032
17231
1020
-9641
-2649
9526
11137
-620
-16489
-23883
-19801
-15568
-16732
-17700
-18903
-22242
-21810
-17892
-17641
-17002
-8972
952
4483
2336
-1330
134
10215
20522
22586
17907
10647
8184
14048
18603
13226
7512
7184
5376
1097
-1736
-5698
-7380
-2455
-1107
-8056
-11602
-7270
-1897
3885
7346
4360
3431
10746
17135
20543
23861
14612
-5373
-11377
3927
15862
10960
-5146
-20812
-24448
-15906
-11770
-15431
-17551
-19742
-24206
-22041
-16230
-16639
-15532
-5320
3074
2147
-1380
-2403
3775
17036
24479
19094
10979
9154
12291
17545
19501
12764
4515
4306
5394
1661
-2289
-3282
-4273
-4881
-6187
-10254
-11391
-4109
3119
3661
1782
1817
4660
12483
20758
24144
16116
-912
-12979
-4153
15167
18141
101
-19081
-24577
-18636
-11277
-10248
-14540
-19915
-23414
-23180
-18971
-15394
-13622
-8590
-59
2350
-2845
-5266
2376
15413
23451
20902
9594
3673
11815
23041
23062
15146
5859
116
1825
6377
3454
-2939
-4024
-5437
-10630
-11582
-8462
-4930
1763
5101
-362
-3733
3446
12326
18698
23100
23470
12863
-1782
-9050
412
17512
19523
-412
-21305
-25819
-18931
-11017
-7469
-11235
-21490
-29315
-27960
-20231
-12724
-8798
-7621
-5195
-3957
-5722
-4075
6893
18839
21583
14967
7657
7243
12997
20649
23370
17414
6686
1174
2468
4834
5423
4024
-2346
-10123
-12427
-10317
-6467
-73
2682
-1166
-4315
-797
5226
12804
19410
21765
14495
-1323
-13230
-5374
16266
22796
4543
-18596
-26206
-19151
-7511
-2433
-7805
-18837
-26950
-26780
-18385
-9773
-7458
-8743
-6599
-4779
-6525
-5448
4552
15332
17806
11659
4584
5629
14893
22738
21162
13537
5213
2363
5710
8811
6555
2079
-2435
-7599
-10096
-7342
-3275
46
1400
-1420
-4929
-1392
6911
13426
16432
16998
16063
7614
-5834
-9865
5410
20991
13934
-10086
-26520
-24243
-11034
-1517
-4262
-16121
-27443
-30251
-21411
-8588
-4329
-9755
-13123
-9044
-4868
-2261
3329
11653
15577
12270
5701
3633
12139
23754
24858
14153
3024
905
6950
13329
11820
1902
-6669
-8272
-6189
-4577
-2951
-2216
-2853
-3276
-3320
-1562
4452
11876
15027
14229
15421
10225
-4085
-10633
3829
20993
15986
-7615
-26195
-23826
-7783
1791
-4164
-17184
-27226
-29458
-20043
-6113
-3630
-12233
-16704
-11361
-4739
-727
3187
8334
12432
11591
5539
3112
9938
21843
26263
18217
3786
-2453
5207
15870
16184
4859
-7956
-12009
-6358
235
399
-3495
-6485
-6462
-3673
343
5044
9161
11628
11484
13307
15397
6212
-7839
-5425
14147
21514
3706
-19911
-25658
-12384
1709
15
-13857
-25968
-29033
-22493
-9012
-2604
-10822
-20439
-16485
-5677
31
1233
3613
7662
10442
8580
6613
7943
13791
21005
21315
10823
-37
3396
13349
15470
8611
-1739
-9369
-6630
1548
1691
-4440
-6422
-5671
-3460
702
4676
5267
7950
11340
13692
15246
5921
-10370
-9060
14306
24243
4418
-20762
-25944
-12021
4014
3293
-12911
-26879
-28035
-20369
-7231
-777
-10226
-21933
-16968
-4317
487
505
2736
5868
8577
8255
6032
6993
12911
19898
19619
10585
770
3434
13561
16345
8381
-2807
-8974
-5226
2665
2640
-4592
-8249
-6869
-2946
2047
4268
4116
5525
9169
11084
16092
13956
-2831
-13029
3023
22339
14773
-10098
-24549
-17669
-767
4716
-7238
-21601
-26413
-23193
-12852
-2037
-6270
-19679
-20777
-8460
-452
116
-115
2368
6603
8950
6923
7663
11041
13473
16321
15378
7106
2416
9854
14597
9360
2957
-2521
-5715
-529
4134
-1972
-7575
-4939
-2668
-321
3861
4577
3294
7429
11498
14626
11812
-3464
-15055
1074
24114
16753
-11524
-26270
-17473
296
8245
-3465
-21846
-28318
-22061
-9861
738
-3893
-20241
-23716
-8657
2022
1496
-482
551
3104
6933
7812
8298
11004
11885
12409
13433
10206
4284
8042
13788
8469
363
-1611
-2473
-769
2805
-1418
-9824
-7221
-643
1126
1892
2905
1519
4358
11427
14494
15691
7612
-9344
-11496
12396
26137
7746
-17905
-23457
-10875
4835
5820
-9616
-24663
-26690
-19394
-6430
859
-9707
-24430
-20406
-5312
749
-243
-582
41
2750
6074
7303
9695
14695
14236
8580
6753
8520
11398
14521
11943
2191
-2914
1452
4677
2874
-1223
-6520
-8056
-2261
2606
929
-492
1725
3746
7114
12250
16039
7374
-9194
-12669
7808
25222
12694
-14862
-24894
-11412
5442
7561
-5018
-20806
-27320
-20200
-4500
3606
-7263
-23498
-23331
-7691
2815
1718
-2890
-3773
-472
4170
7771
10243
11215
8507
6524
9058
11173
10359
10759
9756
4568
1544
3446
3387
1827
556
-3264
-6454
-2600
1384
1150
728
1490
1899
5894
10928
13788
11562
-1345
-13580
-3526
20332
20957
-3874
-23180
-18824
-1586
9966
3205
-15255
-27556
-24389
-10593
3537
816
-18180
-28420
-15768
949
4633
-368
-5723
-6048
516
8238
11208
10328
8370
5878
6393
11146
14641
13341
8165
3270
2375
5449
7416
3838
-2305
-5789
-4138
-435
1049
-1265
-3464
-2325
1630
5787
7796
7532
9203
11912
3293
-9629
-5280
15375
21058
2234
-18905
-20099
-3991
10165
6155
-11034
-26110
-27206
-13389
4929
5089
-15972
-31358
-21650
-1081
8108
2595
-8295
-11749
-3859
7956
14081
12075
5119
1756
4981
10266
13688
15004
10747
3569
1527
4894
8223
8608
3682
-4721
-6670
-452
3975
2840
12
-3456
-2248
5369
11244
9542
8905
5132
-6800
-10682
5318
20354
11794
-10399
-22818
-13638
5401
11011
-2366
-18861
-26231
-20744
-3654
9021
-2689
-24517
-28464
-11604
5383
8651
-1648
-12371
-10488
1268
11825
15055
9042
225
60
7613
14112
16037
12890
4135
-65
4399
9313
9145
5044
-2517
-6987
-2375
3395
2378
-1304
-4091
-4523
253
7529
8728
5029
3345
6443
5927
-992
-4187
5527
14073
5610
-10487
-14807
-5599
4370
4301
-6172
-18510
-22049
-13611
10
3757
-10086
-25610
-22420
-4421
6770
3242
-7517
-13540
-7957
5379
14196
11177
1537
-2852
3601
12575
14566
11038
6375
3195
4260
8080
8372
5518
2979
-337
-2339
-289
2187
1795
330
-1507
-3015
843
7033
8110
4757
3926
6158
3257
-2827
-2287
7853
11632
653
-12437
-12385
-2213
4418
791
-9112
-18016
-18612
-9622
1828
867
-13307
-23506
-16417
-681
6362
864
-9152
-11925
-4293
7433
12853
7388
-1823
-2758
6290
13440
11875
7192
3486
2815
5812
8883
6773
3141
1466
-482
-895
1543
2661
906
-637
-1853
-1881
1959
6168
6187
4077
2358
4166
6813
3818
-2830
-1157
6408
5812
-2485
-8287
-7435
-2623
748
-2220
-9257
-13851
-13274
-6765
167
-3141
-13395
-16472
-8625
-225
2465
-1436
-7532
-7878
-1260
6168
8271
4076
-1765
-921
5992
9914
8892
5544
1779
1304
5616
8042
5193
2000
87
2
2417
3814
1459
-459
-131
-264
985
3658
4000
2825
2641
2743
3505
6617
5877
-348
-4462
-1323
3961
4750
-609
-7634
-8623
-3549
274
-619
-4992
-10409
-11634
-5659
328
-1297
-7197
-10553
-7932
-1855
1931
-296
-4333
-5386
-2446
2418
4861
2414
-1174
-988
2216
5280
5550
3148
866
1178
2964
4428
4252
2398
688
844
1683
2330
2379
1803
1046
956
1045
1616
3086
3548
2169
974
1256
2031
2870
3304
1924
-1134
-3026
-1649
1568
2568
-292
-4165
-4844
-2289
430
836
-1483
-4597
-5378
-2890
31
68
-2525
-4807
-4359
-1929
-102
-452
-2262
-3492
-2988
-1064
457
306
-1130
-2053
-1284
600
2085
2067
720
-530
-146
1532
2353
1633
635
395
800
1476
1892
1659
1207
783
533
783
1272
1197
793
647
376
166
593
1172
1118
726
418
578
1425
1918
1396
891
1269
1698
1703
1454
1117
950
1066
1076
747
173
-476
-834
-713
-836
-1571
-2305
-2489
-2378
-2337
-2456
-2672
-2707
-2606
-2432
-2151
-1812
-1674
-1565
-1267
-924
-642
-325
-164
-200
-274
-334
-454
-463
-381
-357
-434
-601
-805
-762
-377
-30
-41
-239
-199
235
855
1342
1556
1560
1573
1921
2465
2750
2639
2492
2588
2878
3004
2820
2559
2430
2232
1872
1475
1158
996
983
795
285
-272
-422
-222
-165
-552
-1008
-1244
-1223
-962
-707
-1032
-1747
-2057
-1760
-1456
-1572
-2052
-2462
-2459
-2250
-2228
-2424
-2733
-2942
-2644
-1966
-1675
-1973
-2193
-1898
-1331
-804
-431
-274
-286
-206
216
838
1226
1183
1022
1176
1620
2009
2182
2153
1927
1711
1687
1729
1755
1848
1864
1670
1484
1427
1406
1453
1573
1611
1496
1311
1238
1502
1875
1764
1159
737
828
985
750
216
-158
-244
-323
-673
-1272
-1800
-1888
-1601
-1512
-1988
-2669
-2895
-2434
-1825
-1755
-2167
-2424
-2228
-1739
-1265
-1143
-1431
-1673
-1432
-804
-267
-201
-452
-558
-370
-193
-224
-343
-356
-162
132
270
192
140
258
506
795
982
982
1012
1317
1791
2095
2033
1809
1786
1979
2072
1934
1761
1717
1656
1417
1091
824
610
557
753
802
314
-329
-491
-197
133
168
-223
-765
-921
-549
-85
-32
-526
-1118
-1197
-738
-288
-250
-593
-1043
-1262
-1178
-1095
-1268
-1484
-1492
-1361
-1321
-1463
-1601
-1494
-1126
-923
-1025
-1154
-954
-341
188
235
-55
8
446
838
1052
775
535
838
1378
1304
740
506
480
1056
1385
875
282
222
585
771
850
604
300
211
201
548
895
760
241
2
155
458
783
783
485
155
-30
-40
30
-19
-227
-360
-443
-537
-633
-727
-765
-665
-595
-741
-906
-844
-508
-139
-102
-400
-535
-231
182
291
99
-7
168
295
91
-194
-173
180
483
227
-468
-845
-506
53
162
-215
-678
-868
-673
-150
299
180
-367
-697
-332
384
583
202
157
559
574
389
543
527
155
94
350
435
325
75
-161
-77
148
129
-133
-416
-364
103
360
66
-219
-118
141
408
623
651
554
485
462
454
427
498
727
733
209
-344
-310
42
112
-118
-370
-658
-985
-1031
-721
-447
-505
-804
-1042
-928
-547
-247
-46
162
146
-198
-387
-47
505
702
328
-252
-376
107
571
462
-51
-452
-436
-121
66
-56
-260
-340
-294
-150
15
101
167
343
558
590
430
340
531
915
1182
1061
588
165
129
407
576
381
22
-224
-388
-502
-464
-332
-318
-484
-683
-784
-681
-363
-133
-132
-85
-62
-234
-232
94
400
405
80
-237
-257
-100
155
253
-168
-629
-508
-144
-107
-214
-387
-871
-908
160
597
-289
-389
305
251
232
756
577
-62
308
1576
1708
235
-563
249
927
738
440
68
-409
-505
-178
186
211
-249
-756
-656
-96
133
-69
-186
-98
-17
80
127
12
-115
-63
57
74
-8
-131
-310
-464
-401
-245
-270
-479
-628
-527
-300
-302
-562
-633
-315
37
169
190
219
270
345
457
611
824
987
954
716
435
311
384
502
477
212
-229
-567
-520
-227
-102
-273
-503
-577
-443
-251
-191
-187
-34
190
242
131
34
48
153
287
346
271
97
-95
-224
-209
-84
-83
-340
-601
-541
-304
-303
-586
-756
-541
-138
130
172
115
96
203
438
677
784
771
756
726
588
422
372
373
294
161
1
-253
-534
-608
-457
-363
-489
-615
-523
-367
-364
-375
-170
102
178
102
73
155
250
263
215
191
235
229
55
-201
-286
-131
-30
-218
-476
-501
-395
-390
-422
-348
-252
-230
-153
134
476
514
224
103
498
1043
1143
739
331
323
575
673
446
135
23
43
-65
-334
-526
-515
-394
-289
-262
-356
-537
-582
-333
35
183
44
-144
-157
14
208
260
153
28
5
14
-48
-125
-152
-230
-417
-485
-290
-141
-361
-704
-675
-298
-29
-43
-58
105
235
176
144
401
807
979
768
413
255
407
648
670
396
40
-136
-108
-39
-94
-302
-513
-522
-295
-40
-20
-216
-362
-264
33
340
465
310
-8
-166
46
431
577
292
-183
-458
-314
74
216
-189
-797
-923
-432
25
-139
-690
-952
-656
-116
243
255
9
-217
-120
352
858
963
619
220
157
417
642
531
178
-96
-151
-125
-176
-286
-365
-393
-388
-358
-289
-169
-11
120
125
48
87
363
685
698
349
11
61
423
654
441
-54
-392
-319
-48
-23
-378
-742
-732
-439
-284
-442
-700
-768
-541
-134
230
302
34
-236
-70
522
1018
970
503
127
160
442
595
419
48
-227
-287
-261
-311
-426
-510
-507
-447
-401
-382
-289
-56
183
217
92
132
463
776
729
395
144
224
495
628
414
-49
-382
-341
-83
-17
-295
-660
-803
-676
-463
-334
-384
-550
-575
-232
292
479
131
-233
7
727
1167
891
274
-27
186
560
674
416
-26
-376
-471
-339
-184
-194
-399
-633
-684
-484
-167
61
100
15
-59
33
349
694
758
458
91
45
349
632
528
73
-348
-431
-238
-98
-209
-476
-682
-742
-666
-486
-319
-317
-459
-455
-118
286
338
57
-59
275
725
814
528
241
209
353
453
403
215
-13
-160
-176
-155
-211
-300
-309
-247
-243
-288
-209
56
299
294
128
107
359
652
690
441
163
102
237
328
192
-100
-350
-450
-464
-480
-505
-521
-577
-717
-817
-692
-387
-163
-164
-222
-108
134
294
325
384
539
670
642
511
402
345
305
281
266
167
-92
-397
-495
-334
-149
-198
-442
-596
-460
-107
187
230
67
-32
158
559
823
704
355
143
268
527
555
245
-145
-306
-236
-193
-353
-596
-708
-644
-561
-602
-712
-716
-525
-239
-32
10
-28
22
212
467
638
647
568
505
486
452
377
312
283
222
42
-217
-408
-408
-271
-184
-288
-530
-654
-459
-28
297
271
15
-81
201
672
902
687
280
106
308
572
518
131
-240
-321
-223
-240
-464
-690
-734
-630
-581
-661
-747
-677
-432
-151
8
-8
-73
16
308
621
711
568
419
454
596
624
474
284
174
118
27
-119
-264
-343
-349
-321
-325
-394
-457
-381
-131
132
207
97
38
206
504
664
569
369
280
336
382
281
69
-117
-211
-265
-373
-536
-653
-660
-608
-619
-700
-712
-555
-297
-120
-111
-152
-49
241
545
657
538
388
439
647
758
615
332
152
142
168
97
-78
-274
-381
-367
-296
-282
-379
-445
-294
-17
126
44
-48
122
469
650
523
314
298
471
576
438
168
-27
-78
-70
-142
-329
-543
-655
-605
-546
-612
-745
-775
-560
-270
-188
-279
-344
-189
176
428
427
291
221
383
572
605
450
179
174
283
217
212
-63
-383
-160
-187
-197
64
-341
-435
-42
-140
147
317
-142
154
482
376
597
382
119
420
463
423
397
35
-156
-142
-152
-148
-299
-476
-522
-542
-587
-661
-627
-422
-256
-236
-319
-370
-218
39
234
298
234
192
222
284
338
350
312
235
124
44
43
58
14
-89
-162
-160
-102
-59
-52
-20
46
115
169
181
194
269
352
432
453
344
204
150
201
282
206
-50
-257
-291
-192
-132
-275
-508
-628
-551
-342
-216
-282
-420
-444
-265
-5
90
-21
-138
-56
203
366
251
-6
-107
55
258
253
24
-212
-229
-69
54
32
-110
-232
-193
-36
120
195
165
114
138
219
326
417
450
421
337
253
247
308
328
226
38
-111
-126
-77
-90
-177
-307
-418
-438
-365
-246
-165
-212
-331
-352
-207
17
138
60
-92
-103
71
251
236
35
-127
-88
77
154
43
-170
-288
-205
-28
53
-46
-203
-235
-80
118
209
173
112
122
193
292
383
429
392
266
154
156
248
280
145
-62
-185
-172
-121
-136
-230
-325
-363
-349
-287
-218
-175
-183
-202
-167
-66
47
94
63
13
32
126
209
170
35
-77
-66
35
74
-28
-195
-269
-183
-48
-23
-124
-203
-127
57
184
183
131
153
268
385
421
377
321
300
307
301
250
157
50
-41
-102
-136
-170
-229
-309
-367
-384
-353
-306
-268
-243
-221
-185
-134
-63
21
96
124
94
64
101
199
250
160
-15
-122
-52
94
108
-98
-355
-392
-167
75
58
-196
-369
-219
138
370
295
75
12
211
484
591
465
258
170
245
353
335
172
-25
-144
-161
-140
-159
-239
-347
-429
-430
-354
-261
-237
-269
-273
-201
-75
20
40
36
68
134
181
176
140
119
123
106
46
-14
-32
-38
-82
-161
-199
-158
-97
-103
-161
-168
-72
69
141
114
77
138
294
416
401
289
225
289
398
395
231
31
-43
26
77
-29
-247
-398
-373
-258
-215
-296
-409
-426
-309
-146
-56
-69
-115
-92
31
178
248
207
115
79
139
218
207
79
-55
-85
-41
-23
-98
-206
-246
-193
-118
-96
-115
-116
-59
24
84
130
186
246
275
256
232
259
329
358
274
114
6
20
95
90
-57
-250
-341
-290
-184
-157
-233
-340
-364
-275
-137
-45
-36
-67
-70
-2
102
192
223
185
117
83
117
174
178
90
-48
-131
-113
-43
-41
-142
-256
-259
-137
-17
-14
-99
-126
-13
172
279
243
156
159
277
399
391
262
133
110
157
156
50
-94
-182
-202
-208
-257
-311
-317
-288
-288
-323
-325
-236
-98
-27
-68
-124
-64
115
263
248
110
31
110
263
303
168
-10
-59
26
101
45
-104
-203
-160
-37
17
-59
-162
-150
3
163
193
102
29
87
244
354
320
192
89
98
171
199
123
-11
-118
-156
-149
-147
-164
-202
-256
-314
-335
-271
-151
-60
-82
-185
-231
-113
117
267
202
6
-101
11
243
356
227
-28
-169
-78
114
171
7
-225
-298
-153
34
43
-127
-272
-198
42
209
145
-32
-80
92
331
395
243
60
56
218
343
270
66
-67
-34
57
50
-77
-190
-197
-135
-112
-172
-223
-182
-80
-30
-79
-145
-100
53
175
149
16
-59
21
184
254
142
-55
-154
-76
68
90
-66
-257
-304
-183
-42
-36
-165
-267
-208
-37
88
74
-11
-23
91
231
271
196
119
143
228
261
185
66
13
37
70
29
-55
-117
-128
-118
-119
-122
-111
-88
-90
-110
-111
-50
46
102
76
13
1
69
167
202
141
31
-37
-18
56
79
-9
-150
-227
-174
-76
-53
-136
-227
-213
-90
27
34
-33
-53
47
185
232
153
64
95
214
269
173
10
-58
17
104
65
-100
-229
-208
-95
-42
-111
-216
-234
-137
-33
-12
-52
-56
16
98
117
84
80
140
205
196
109
34
47
122
146
55
-92
-150
-78
21
11
-118
-226
-193
-54
39
-2
-101
-120
-19
105
140
74
14
45
132
176
124
43
11
40
59
17
-52
-88
-83
-89
-127
-157
-137
-91
-81
-122
-154
-105
2
74
51
-12
-16
64
157
176
129
79
69
80
86
82
69
34
-36
-96
-91
-34
1
-53
-150
-184
-100
14
36
-37
-93
-40
81
138
84
15
39
129
165
91
-10
-24
44
85
25
-82
-124
-72
-18
-33
-94
-117
-73
-16
-5
-31
-37
12
77
100
71
37
47
92
130
122
65
0
-24
-1
27
8
-63
-131
-138
-95
-62
-81
-131
-146
-103
-34
-1
-20
-40
-10
65
114
100
59
55
103
140
116
52
9
19
44
28
-29
-76
-80
-59
-54
-75
-87
-70
-41
-29
-31
-23
9
52
74
63
48
55
84
113
107
72
33
14
24
36
20
-29
-83
-101
-79
-59
-64
-106
-140
-132
-82
-25
-8
-30
-52
-25
41
101
104
72
48
65
104
105
63
16
2
7
4
-23
-57
-71
-59
-51
-62
-73
-61
-30
7
20
23
42
71
90
85
68
68
103
128
123
74
27
7
18
11
-26
-91
-126
-125
-111
-110
-137
-154
-157
-126
-105
-71
-50
-20
-2
12
47
90
147
159
152
117
119
127
137
96
36
-2
1
26
-14
-81
-150
-118
-51
-1
-45
-106
-99
-3
103
100
19
-51
14
120
196
107
44
-50
71
14
48
-100
-113
-88
-318
-502
-1274
-1209
-1412
-577
-152
623
1127
1498
1971
1679
1670
771
530
-167
-308
-640
-889
-871
-1090
-759
-1054
-896
-1075
-799
-328
223
1007
1260
1672
1290
1096
287
-80
-813
-822
-1003
-482
-127
496
803
744
724
202
391
126
410
66
246
125
505
325
76
-954
-1631
-1792
-1817
-867
-1147
32
-131
1076
606
183
-235
-1548
-748
-1763
-70
-645
1141
1196
2154
2232
1605
1214
-33
30
-1025
-540
-962
-172
18
882
894
1125
745
450
413
241
384
-512
-1005
-2337
-3289
-3707
-3738
-2649
-1318
634
1937
2996
3122
2546
2017
1158
548
-13
-279
-139
-52
395
208
520
402
387
470
-141
-63
-702
-585
-576
-30
89
315
342
550
341
456
-29
-164
-109
21
-179
-282
-196
-609
98
-246
753
91
283
-279
-674
-390
-571
-454
-432
-54
-278
303
-68
-185
-48
-406
-99
-134
-138
-301
-395
196
88
-90
126
-291
-275
219
-368
-139
-279
-119
-221
-146
-38
-30
-289
117
15
-31
40
312
346
157
492
285
222
220
210
108
323
103
216
330
3
13
-33
-508
-335
-208
116
-49
-87
28
-144
26
-114
784
710
599
677
827
869
104
321
125
-564
-527
67
128
227
168
17
-460
-313
-168
-583
122
-385
-372
-511
-176
-83
389
-257
-467
667
-74
190
-82
-311
132
70
222
427
-166
-653
-200
-189
111
-393
40
139
177
-542
42
115
-389
-280
-737
49
-962
-666
-164
-9
211
632
701
-166
438
655
206
-56
138
-14
-255
-253
86
-727
-386
799
416
-102
-4
111
-418
-185
-510
523
555
-317
746
435
547
-197
48
76
167
107
-83
192
-338
181
485
-328
-287
-72
37
506
-339
215
-452
982
205
-319
304
-239
212
-939
897
-530
156
750
79
115
-149
36
-252
53
-128
-309
148
-693
560
-1292
-327
-49
-67
452
-290
-250
452
-487
-267
-62
-34
390
99
653
-910
272
548
-279
232
-222
321
71
-339
-381
309
-289
37
684
36
229
385
-107
-347
899
-650
708
-705
962
-390
-327
-273
-645
-532
-313
813
-30
-79
-133
-119
-1590
428
-556
-814
-401
433
-303
-64
469
-827
-41
-282
848
-692
258
926
-37
343
804
-342
1129
846
147
-370
747
710
-21
634
-964
1025
-440
-1
-141
271
337
-247
901
-747
463
50
39
-37
-268
202
-305
726
-734
795
-282
160
-212
-54
428
-1241
616
-721
-502
-629
-400
22
-302
-206
-532
106
-792
455
-778
-231
578
-712
1466
-998
1071
-91
-20
-10
33
-26
896
518
-662
444
-157
469
-854
488
-371
-946
392
792
-640
464
638
-941
1031
-1344
1042
-234
-48
532
147
212
-751
907
-1534
1290
-637
-439
789
236
-799
-299
-571
-839
438
-1097
769
-658
358
-112
-330
-46
-759
625
169
-497
1201
-626
339
192
-258
633
322
-172
679
491
-161
441
514
-802
697
260
-405
302
681
-418
611
503
-207
-116
-318
354
-29
-243
172
477
-74
479
-86
97
-375
49
-540
718
150
85
-527
-407
-95
-728
626
-1029
-227
-326
514
-718
-817
-86
-1421
312
-1273
145
92
-267
596
-427
211
360
-241
313
-463
404
95
-844
370
-1148
887
-580
-27
654
207
721
-23
1230
210
938
-304
1219
148
804
693
-109
640
-468
1112
-804
914
-1158
533
-872
-670
128
-655
-151
-184
-247
-685
-197
-153
349
-137
486
-110
-60
303
-318
944
184
576
-369
399
283
132
-535
184
834
-1157
535
-669
-412
184
-296
-511
631
-596
668
-707
359
197
-376
713
-88
207
-652
676
-237
133
-871
102
1053
205
203
-360
111
150
235
476
-811
190
-363
-136
29
-136
-645
-1041
23
-243
186
-479
-1538
823
-966
-72
-222
-666
-414
-232
-249
-727
-906
-867
-564
-668
-262
542
-344
-176
44
-434
83
-872
189
-239
56
-334
179
403
591
299
653
484
1611
-87
466
1377
1334
1154
982
509
338
1243
990
1457
592
2491
939
1243
1563
732
1854
972
663
1259
1068
933
467
244
375
-260
139
-380
-454
-117
-653
-665
-1009
-1786
-2358
-2181
-1630
-1179
-2709
-969
-2663
-1359
-2352
-1596
-1709
-2044
-809
-1761
-651
-1710
-40
-1217
-84
316
-748
45
-868
-99
-919
655
727
199
641
1037
1157
286
814
899
698
1135
1269
590
1708
939
654
1575
157
1516
218
747
831
926
380
1824
271
811
-20
286
919
-537
252
0
-109
84
366
-1198
-7
-206
-428
-164
-378
-208
419
-737
418
-720
-1218
-504
-659
-342
-914
300
-1082
-47
-553
-201
-270
-440
-164
-647
-561
-300
-275
-349
-257
-143
26
276
279
-105
-716
-165
-271
-201
362
-368
-68
-112
124
423
-233
1176
545
788
1141
521
998
542
318
1901
709
1161
1310
452
313
324
-200
638
1062
-371
1462
786
938
1001
1855
464
584
1571
981
1964
949
1381
343
517
-382
256
135
-594
-165
-850
-883
-1814
-227
-1266
-2039
-2311
-2743
-2870
-3263
-2552
-2983
-2610
-2856
-2613
-2766
-2784
-2298
-3449
-1270
-2199
-1744
-1887
-1631
-1967
-1812
-423
-956
-546
-210
44
-142
357
-53
619
23
629
1255
1650
2187
1075
2261
1481
1605
2582
1969
2661
2313
1945
3162
2307
2937
3074
2565
2218
2834
2915
2109
3384
1463
2387
1926
2192
1506
1034
1669
1332
743
1255
744
742
625
-194
1125
169
-4
-75
61
224
-288
-1478
-803
-1827
-1105
-509
-1999
-606
-2035
-1943
-2630
-2429
-2189
-3096
-2706
-2727
-2563
-3857
-2670
-2704
-2005
-2213
-2587
-1671
-1811
-1155
-820
419
-512
225
-256
467
957
860
1117
290
867
266
-377
630
-830
-598
-605
-1442
-246
-1568
-530
150
-25
-362
-314
-443
-512
180
147
110
308
-407
163
132
376
668
203
-415
-334
516
459
573
544
1951
759
1746
2319
1330
2275
1999
2588
3122
2109
2738
2922
3538
3141
3239
2467
3301
1882
1482
1639
239
462
-48
98
-718
-325
-1755
-630
-1753
-559
-1766
-1252
-1403
-1925
-1593
-1765
-1081
-1374
-1123
-1949
-429
-1207
-1144
-1458
-1811
-639
-1861
134
-1424
-412
-392
-1213
-692
-1098
-371
-1096
696
-720
44
-111
-1784
-268
-748
-1453
-379
-721
-776
-343
-344
-773
40
-24
313
27
-43
-336
-288
-50
-479
-120
134
25
282
955
1625
1609
2555
1887
1364
848
356
1937
1099
1941
1295
677
606
451
588
334
51
596
192
-730
-294
-293
-377
-246
-143
-813
-1043
-875
-1409
-724
-1344
-835
-1072
-67
71
-852
-375
-1081
27
-326
854
-115
1098
250
1308
1386
451
1754
379
1264
870
248
584
1109
-272
1346
-6
-337
133
-446
-465
293
-580
-66
943
-512
-199
-1176
-435
-924
-937
-781
-1954
-829
-1506
-1622
-2131
-1187
-1350
-1538
-480
-678
-215
9
1083
781
663
1384
1561
1345
1770
2037
1699
1252
690
1566
1231
1287
1566
1899
1162
1412
1229
958
507
738
148
-399
252
-743
-766
-1536
-1768
-1978
-2236
-1665
-1998
-1670
-1570
-1173
-1042
-1718
-1074
-1952
-1002
-2158
68
-1097
-492
-817
65
407
183
743
447
484
354
0
972
1265
1216
995
836
1396
559
574
441
707
279
516
399
853
-156
325
-465
415
-99
135
276
-60
520
-674
-315
-718
-593
-681
-1001
-304
-203
-974
-70
-450
134
-63
-845
-231
122
244
398
155
361
411
295
760
497
1224
1303
792
988
1084
459
781
1586
-6
471
625
515
503
-277
210
-337
-199
-248
-109
-2
-311
-691
-461
-436
-106
-566
-454
-526
30
-635
220
-688
170
-320
-539
411
-252
-227
-436
67
-703
-616
-514
-250
-326
-600
-467
-307
-228
-187
-920
-203
-894
-395
178
-430
510
-78
-88
230
227
-472
15
-200
-156
-209
-619
-2
-1347
321
-789
-906
-784
-248
-818
-25
-765
413
540
354
1073
228
1129
-126
668
1028
636
683
912
170
328
497
436
1244
1257
707
1468
730
169
399
-114
428
228
-264
396
-259
-113
48
-451
-103
-391
304
284
-26
-274
-872
-396
-629
-274
-935
-322
-311
199
-390
22
370
-979
770
383
1744
179
707
1368
-383
814
27
1139
843
325
137
181
742
305
-172
175
-303
-519
534
-835
78
-617
-708
-553
-757
-158
-278
-436
-759
-106
-646
-379
-307
-483
-646
-1409
-396
-883
-435
-1215
-871
-1076
-1418
-1392
-813
-1061
-1118
-645
-1129
-996
-190
-383
-3
-589
-50
129
194
554
-201
24
265
273
539
1304
1282
1575
829
1902
1953
1312
1135
743
1586
625
1183
1234
1092
938
745
1463
508
889
1243
1522
1266
1127
1397
1420
905
1184
952
433
430
-259
473
-600
-354
-632
-598
-1261
-1292
-1497
-1558
-1533
-1743
-1757
-3340
-2922
-2314
-2840
-2827
-2492
-2224
-1434
-1666
-1806
-1332
-1758
-567
-1495
-921
-1147
-1350
-306
-211
-417
330
358
574
1516
1018
1935
2356
2399
2181
3475
3703
3857
3792
4044
4254
3613
3968
3028
2967
2841
2022
2284
2074
1319
1704
1012
-399
-367
-493
-1306
-1009
-1884
-2127
-2923
-2655
-2245
-2261
-1697
-2081
-2367
-2060
-1931
-951
-550
-97
-376
-784
-703
-2163
-2317
-3033
-3492
-3365
-3997
-4619
-4687
-4229
-4441
-3169
-3961
-2921
-2958
-2546
-969
-603
-407
399
913
1158
2801
1754
3380
3407
3136
3819
3616
3728
4243
3509
4184
4321
4077
4261
3201
3589
2794
3383
2683
2221
2024
1861
1303
1489
276
888
17
-411
230
-768
376
-860
-876
-1038
-1323
-1140
-1000
-1032
-252
-380
-609
172
-437
607
361
220
13
183
381
-605
-1682
-1929
-982
-1965
-1083
-1988
-1307
-1866
-1450
-1463
-2558
-1418
-1995
-1363
-1391
-1434
-2152
-1743
-1565
-1476
-977
-1681
-1448
-1514
-1341
-1170
-1296
-1481
-1846
-970
-1308
-713
-640
-412
-62
412
1052
892
1139
759
462
1448
1529
989
1853
1534
1984
2034
1582
1466
1537
1125
1559
1016
886
1545
959
1035
661
825
755
1174
1251
1018
1670
694
836
254
858
162
-156
361
47
529
178
588
49
667
-273
817
-116
402
188
-591
1223
-441
287
-258
834
-546
368
283
-548
723
189
-217
-595
-237
-446
-656
337
181
-818
-640
-1181
-805
-186
-167
-1507
-683
-1392
-1598
-968
-1965
-1518
-1269
-2343
-2404
-2112
-2287
-2110
-1533
-2275
-1933
-2243
-1459
-1628
-1385
-792
-1178
-455
-389
-118
-361
282
475
630
339
794
905
1520
1540
2205
1465
1432
1164
1005
1428
1750
1836
1787
2436
1399
2122
1738
1563
1816
966
1546
1544
1214
1361
954
423
843
461
645
405
193
376
8
470
71
730
53
429
122
-348
-257
-204
-42
-411
623
-163
658
-483
-847
-947
-195
459
604
408
-279
163
-922
-594
-807
-1027
-844
-1519
-1731
-718
-1621
-1805
-1918
-1885
-2010
-3429
-2654
-2544
-2890
-2492
-3068
-2751
-1861
-1264
-2144
-1091
-2017
-872
-349
-768
-733
-471
353
-430
400
381
1523
961
1431
873
1532
1639
1518
1427
2125
2165
1530
2411
1155
2109
1824
2642
2443
2150
2419
2155
2904
2503
1922
2307
1924
1639
1791
1093
1439
1445
615
1079
863
828
452
268
55
-421
-364
-766
-512
-416
-1350
-1504
-1558
-1164
-878
-1886
-1013
-645
-953
-388
-1145
-526
-551
-144
-43
145
547
477
162
788
1055
303
1014
471
58
-395
-188
-1323
-1020
-1117
-1395
-1805
-2209
-2590
-2038
-2674
-2497
-2912
-2695
-2002
-2451
-2262
-2264
-2496
-1859
-2503
-1746
-1959
-2411
-2563
-3522
-3265
-3831
-3650
-2686
-3858
-2367
-1640
-1200
-47
438
2563
3238
3923
5013
5580
6828
8214
8595
10675
11480
11972
12890
11623
10598
8737
6973
4029
1836
-682
-3131
-4751
-6149
-7078
-7718
-8071
-7864
-8194
-8231
-7420
-7665
-7745
-6758
-6466
-5621
-4821
-4144
-3065
-1420
330
2275
4329
6160
6536
6665
6842
6149
5575
5660
5904
5530
5261
5418
5541
4382
4251
3485
2352
1706
1247
205
-598
-1587
-2316
-3157
-3543
-3515
-3914
-3581
-4116
-3303
-2866
-3121
-2456
-2583
-2279
-2287
-2304
-1925
-2655
-2929
-2942
-3151
-3567
-3164
-4122
-3511
-3665
-3686
-4041
-3357
-2572
-3113
-2441
-2659
-1539
-2301
-1396
-896
-722
476
573
1475
1948
1715
1681
1667
1988
2461
2530
2831
3556
3409
2960
3024
2747
3404
3706
3803
4014
3649
3578
3326
3172
3038
2886
2822
2492
2417
1995
2059
1716
1373
1485
1135
951
597
560
724
138
418
-203
-128
-892
-436
-674
-426
-480
-614
-1078
-1558
-876
-1786
-1707
-1651
-1457
-1883
-2066
-1844
-1551
-1608
-1673
-1680
-1391
-1850
-2050
-1919
-2404
-1973
-2309
-2324
-1828
-2160
-1036
-2043
-1371
-1551
-1387
-609
-404
-382
-245
-90
-584
297
-223
595
-588
517
147
181
569
704
1042
559
1615
829
683
586
860
656
650
816
833
1076
205
751
421
524
75
727
-27
-283
228
-742
-7
-388
-595
-1192
-231
-526
-607
-375
-380
-96
133
-325
34
142
333
262
434
340
336
359
480
905
457
781
849
494
1346
347
799
861
964
972
703
1294
1017
1768
546
1590
1050
929
751
998
771
1033
571
855
-100
200
78
99
-174
-911
-133
-143
-707
-904
-298
-1200
-648
-831
-1190
-1006
-337
-916
-681
-1018
-1027
-1098
-835
-1165
-909
-1486
-910
-886
-1266
-866
-1391
-1171
-1286
-1348
-1052
-843
-680
-1254
-270
-801
-398
-539
-135
-449
-624
591
133
49
-28
-203
-172
-14
99
481
412
464
1154
739
797
1001
545
1033
1030
87
988
655
874
940
747
1099
271
1168
185
826
180
537
829
267
1371
-101
422
330
1064
656
706
974
-14
683
286
166
-29
691
-212
371
149
-422
-393
248
-282
-187
111
-752
-87
-695
-531
-396
-334
-645
-1080
-611
-275
-455
-373
-287
-391
85
204
-518
-229
-520
-815
-367
-363
-359
-171
-659
-115
-708
-680
-472
-46
-36
-366
-85
-750
-144
-489
118
-184
162
251
-81
645
-15
627
663
732
285
9
487
317
440
317
422
684
225
511
343
-284
248
595
146
248
469
186
-469
391
45
-868
245
-56
-156
152
-83
-236
-243
-605
-308
-431
-236
-270
-517
5
-272
239
437
292
255
487
-90
757
239
742
8
567
308
138
-93
118
377
-3
407
344
466
527
140
-32
187
114
-123
-24
230
-143
-367
-53
-779
-609
-600
-1373
-833
-1089
-733
-304
-121
-787
-210
-342
7
138
-406
252
346
452
543
569
15
160
714
236
-11
431
902
481
-231
143
79
147
478
442
591
564
630
199
341
428
118
-13
-176
60
-104
-479
200
-431
-483
-242
-574
-635
-95
-543
-1050
-555
-1055
-399
-665
-616
-202
-509
16
-386
-421
375
-180
198
211
-562
223
-205
280
415
49
479
283
376
660
241
464
302
206
500
270
-64
411
96
272
352
516
284
178
881
279
365
196
570
120
346
98
112
3
-253
-343
-255
78
-218
155
-109
-120
-220
-420
127
-115
-6
-261
10
-903
67
-349
-237
-356
-26
-239
-595
-291
-902
-90
-629
-525
-276
-162
60
-211
-459
-296
362
-377
155
140
184
665
-97
709
499
527
293
662
627
415
805
746
468
458
601
449
719
584
309
364
104
-39
-195
421
314
240
122
-458
-317
-475
-775
27
-204
-281
-421
-328
-568
-829
-229
-545
-339
-219
-683
-761
-742
-1094
-777
-147
-422
-884
-762
-508
-1079
-539
-367
-828
-850
-317
-340
-475
-346
205
421
97
232
476
643
558
911
559
828
984
900
639
548
214
987
92
824
871
382
1104
136
900
623
429
730
301
489
688
483
124
293
62
227
39
10
444
-76
356
59
-226
132
-162
-130
-152
-114
12
-365
-132
-170
-40
-381
-443
-51
-435
-670
-992
-806
-681
-688
-822
-813
-584
-453
-473
-495
-732
-479
-337
-604
-59
-87
220
-166
-117
552
-209
-270
-145
-5
862
-256
-3
291
60
226
-132
232
106
-314
18
146
340
448
28
347
359
417
-9
190
-118
314
-12
1
100
-365
195
119
189
156
241
-355
-95
497
70
163
182
536
-18
114
64
26
251
275
107
-278
297
330
-327
763
456
-68
645
268
-320
-171
-212
-282
-27
-8
112
-79
34
60
426
49
-569
9
-249
-334
5
-300
-282
-180
-601
-399
-162
-61
-178
-486
-356
-525
-575
-189
129
327
111
-99
263
324
-42
185
202
232
-12
-167
121
-281
-191
-40
-388
346
-358
58
-478
-401
390
-116
173
-459
-257
226
223
-15
62
-245
593
93
431
415
84
585
409
793
34
320
-45
314
12
336
537
394
492
213
-172
-196
412
-142
182
340
-102
-270
-728
147
-149
248
38
-32
-148
-3
-143
-472
240
-774
-167
-172
121
65
-335
55
-317
-289
-507
-410
-628
-195
-254
-42
-551
-511
-212
-257
462
-173
439
-170
-296
-653
-132
-646
-544
-150
-681
32
-943
-38
-364
55
-178
-451
441
-382
268
-215
-61
55
-8
279
445
615
412
642
532
995
806
1012
1045
1160
859
696
659
302
506
670
229
-66
305
134
33
619
396
166
495
213
-62
305
663
-45
58
-65
191
-25
119
-292
-155
-479
-575
60
-468
-68
-181
-993
-217
-436
-668
-580
-735
-321
-573
-749
-516
-683
-695
-517
-973
-751
-587
-979
-465
279
-463
-647
-453
-583
-412
69
71
-284
-280
-239
-337
-367
-68
122
119
528
449
501
229
161
465
684
490
288
658
399
392
80
427
877
620
577
174
196
228
495
417
566
712
776
815
799
361
-15
190
329
642
440
362
-116
-296
-286
86
792
406
142
-227
258
-4
-248
-307
-304
-162
-267
-318
-569
200
-120
-269
-142
-241
-332
-817
-87
-418
-415
-278
-565
-584
-24
-477
-534
-546
-828
-645
-521
-165
-523
-456
-771
-615
-211
-259
-13
129
-520
-104
-29
-85
35
160
546
158
617
529
667
504
586
475
458
678
349
376
416
753
626
452
277
135
669
11
107
7
258
134
116
331
-184
-140
-238
26
-196
116
-305
-153
198
35
-55
-652
-570
-314
-393
-365
-26
-508
-431
-254
-53
-420
-446
148
-200
-312
-148
-47
82
-59
39
169
-102
-124
271
42
299
403
-114
92
13
225
-203
-42
407
235
82
-245
-86
-148
366
-43
-60
369
270
254
113
208
121
-117
56
412
-202
392
76
28
438
87
447
-276
50
-184
-225
-35
31
-216
-123
-470
-395
199
-501
-267
-305
125
-109
-391
74
23
-141
-270
-134
-393
-247
-193
106
337
41
136
-160
-329
-328
186
138
579
-33
109
574
24
116
-72
160
141
-96
15
88
76
212
452
339
226
118
255
40
-576
-448
20
-261
-242
182
150
309
-51
62
263
138
311
212
-41
171
191
-104
223
-189
-60
-418
-322
-250
-866
-274
-117
-201
-191
193
-100
43
81
-431
100
146
-111
-310
160
139
-312
11
-57
-92
-95
268
251
266
582
-235
27
79
-173
-181
-168
-294
-197
-106
92
-281
-256
-410
-275
-307
-408
-179
-262
-104
-399
155
130
-106
370
387
405
371
196
448
222
255
589
270
185
169
302
117
-23
365
-410
111
468
425
316
171
318
296
380
349
274
174
113
376
96
320
436
2
-32
-153
22
-99
-478
-505
-241
-522
-397
-380
-529
-637
-423
-799
-410
-343
-574
-302
-871
-498
-211
133
-112
251
-225
-2
276
-171
474
146
40
126
-46
296
286
188
-106
-175
-254
444
-9
0
-145
-75
140
-153
345
58
482
187
-63
106
54
28
16
172
164
281
380
-366
-111
65
12
59
-9
84
41
19
-31
-36
-231
-53
-22
-232
-89
138
-26
-49
234
297
-194
113
-122
-542
-201
-28
-525
-170
187
72
-73
568
403
267
454
358
-148
59
156
-555
95
-579
146
-322
326
627
484
500
-20
-102
113
251
9
219
-242
57
-55
178
122
180
248
225
-132
228
418
-238
128
142
-217
-361
-62
-201
-165
316
-421
-51
-374
-53
178
-122
25
-528
-427
-502
-518
-488
-56
-468
-377
-490
-76
-585
-602
-225
-453
158
-308
-56
31
471
278
-117
322
504
168
180
189
-38
-169
8
204
-468
-145
59
26
-151
396
-133
19
424
-343
128
-427
163
19
35
709
233
227
461
280
-45
681
214
150
532
684
653
374
671
324
550
195
550
373
373
692
22
138
-274
-34
56
-165
-222
103
-507
-189
-296
-653
-180
-187
-149
-147
-66
-241
-296
38
-259
-180
-123
-461
-538
-70
-534
-379
-757
-563
-717
-878
-739
-1221
-703
-673
-489
-398
-298
-604
-485
-366
-504
-254
-330
359
135
386
16
244
376
305
550
298
703
388
414
181
543
410
637
602
433
883
598
545
342
610
649
371
467
365
500
638
758
722
705
519
656
434
428
823
191
228
499
-49
-17
-60
-183
-423
-320
-114
-318
-395
117
-459
-518
-476
-692
-683
-692
-792
-793
-813
-831
-644
-934
-662
-499
-770
-628
-782
-443
-227
-254
36
-197
53
63
125
68
278
-72
128
377
269
299
496
131
262
216
187
5
-275
-29
-82
-72
-185
-138
-115
-130
-135
-27
183
-195
-104
-267
-355
243
-130
297
-188
-241
-81
123
74
410
-73
231
326
183
591
427
240
388
272
644
395
329
646
211
605
105
318
341
476
448
512
341
326
520
231
401
538
205
271
-99
-160
-188
-182
-151
-404
-138
-370
-588
-422
-737
-293
-413
-742
-386
-706
-373
-275
-223
-287
-192
-72
-228
-86
-100
9
-5
69
146
-183
52
196
24
157
307
142
-15
-95
55
-90
-310
124
-194
-282
-163
-205
-89
-161
-44
61
-312
-106
38
-142
151
57
332
290
30
59
116
-145
0
200
105
-13
-237
393
158
168
447
20
221
177
164
-139
184
-84
137
519
129
95
113
414
222
350
285
246
-274
-206
-167
-356
13
-70
-136
-178
-27
-305
-388
-119
-376
-391
-395
-526
-436
-489
-438
-390
-421
-314
-222
-444
27
-193
-422
-184
-300
-170
-204
-108
-200
-329
-21
-158
-53
70
351
16
66
277
-55
314
304
760
359
510
564
136
935
487
604
798
834
552
364
463
287
677
496
544
696
557
519
544
505
521
694
395
358
45
-48
-206
-17
-227
-183
29
-267
165
-389
-174
-133
-196
68
-320
-437
-381
-589
-673
-585
-657
-496
-745
-404
-583
-883
-568
-546
-766
-493
-638
-871
-537
-575
-657
-558
-250
-215
-476
-143
92
-519
-102
188
-264
-67
41
-126
-144
-276
56
-184
-128
159
121
-66
174
98
-80
76
292
369
29
641
317
185
668
497
357
525
659
280
437
447
395
180
498
335
68
825
199
247
261
129
228
55
333
91
95
132
327
76
204
166
389
89
196
343
35
268
246
167
-257
-70
94
45
351
287
181
-119
147
-151
-136
57
-479
-140
-270
-368
-327
-384
-149
-336
-354
-118
-694
-378
-116
-344
-175
-242
-249
-488
-108
27
-52
-50
124
-116
-404
-237
-370
-359
-329
-103
-237
-486
58
-180
-334
162
-273
-331
190
-112
5
-84
97
8
-46
166
-104
40
40
146
46
103
45
311
157
446
217
-72
215
90
-28
41
145
-147
34
50
-106
-251
-50
-77
-117
-105
-162
-154
-135
-106
-215
-126
-8
85
22
162
115
258
259
196
425
220
438
273
352
390
408
399
428
530
356
434
434
533
375
283
449
475
397
340
427
698
368
454
637
332
477
379
201
71
161
49
-17
-213
-173
-193
-525
-259
-540
-688
-366
-815
-524
-534
-955
-741
-692
-793
-1069
-586
-939
-1054
-1033
-822
-1197
-1188
-772
-1175
-638
-910
-901
-790
-461
-554
-609
-271
-229
-114
-231
-88
-186
129
79
542
226
-79
741
388
468
757
753
668
873
926
707
757
1183
1017
959
1247
1128
911
1008
1006
871
1088
797
1081
661
693
645
259
707
339
586
450
479
249
76
404
214
456
232
185
235
96
-2
-65
20
-299
-260
-336
-271
-314
-529
-629
-862
-515
-758
-529
-706
-966
-896
-985
-976
-826
-1091
-898
-815
-1108
-773
-1003
-1018
-958
-812
-790
-699
-768
-783
-873
-710
-457
-575
-156
-397
-224
-89
-284
-3
-7
158
398
330
332
427
344
581
744
691
828
740
725
717
603
811
649
892
826
701
675
742
673
653
627
752
582
444
641
371
139
461
271
134
352
89
149
103
49
74
-112
-74
58
-125
-99
-26
-108
-430
-124
-168
-447
-80
-207
-317
-306
-240
-395
-294
-270
-264
-237
-381
-216
-371
-473
-351
-434
-350
-365
-405
-293
-494
-348
-340
-318
-160
-171
-159
-162
-60
-176
-12
96
-59
185
41
-24
145
96
116
163
149
-49
123
92
41
150
147
0
-8
5
125
9
72
298
65
66
168
207
2
343
237
134
296
131
210
142
303
169
276
156
166
256
39
284
171
203
264
247
196
222
227
139
278
66
409
25
102
214
-75
44
87
34
-51
-40
-148
-97
-419
-82
-328
-493
-210
-593
-466
-630
-495
-708
-664
-548
-632
-637
-562
-666
-645
-466
-571
-288
-330
-345
-295
-335
-249
-40
-102
-12
35
-70
5
-23
170
65
187
133
38
197
227
253
230
331
292
155
465
403
420
471
464
384
495
557
337
494
506
366
392
540
402
273
373
379
208
450
395
267
265
345
279
126
386
202
91
127
259
30
32
159
-167
-113
25
-9
-87
-50
-156
-302
-323
-112
-107
-232
-140
-263
-488
-411
-297
-378
-356
-311
-388
-596
-412
-472
-622
-425
-371
-498
-458
-305
-502
-401
-325
-237
-397
-163
-114
-189
-131
-95
-123
-201
23
-35
-58
-55
66
-98
5
77
73
3
86
189
47
230
178
286
146
307
194
219
284
278
335
180
316
122
251
160
259
216
233
194
248
193
169
233
205
237
223
305
160
170
121
177
123
229
255
138
127
93
102
77
204
168
121
89
44
-33
-13
10
-56
-101
-81
-97
-232
-140
-160
-275
-243
-166
-226
-244
-196
-203
-294
-250
-164
-236
-229
-142
-207
-207
-163
-165
-183
-160
-145
-174
-160
-109
-150
-163
-140
-136
-165
-167
-93
-128
-150
-40
-53
-81
51
80
76
140
213
213
224
331
330
315
355
363
299
357
361
330
347
326
301
223
278
230
204
220
216
149
112
70
37
7
-39
-27
-60
-134
-188
-211
-282
-314
-312
-283
-320
-354
-325
-397
-438
-376
-368
-365
-270
-262
-343
-311
-276
-337
-309
-187
-201
-230
-158
-128
-180
-138
-12
-2
-7
111
152
113
193
265
229
280
351
335
343
415
403
363
419
416
354
358
406
374
315
320
312
240
229
259
221
207
191
139
86
84
58
49
75
63
24
9
-32
-84
-92
-70
-62
-73
-71
-99
-185
-227
-206
-215
-216
-149
-138
-244
-270
-260
-324
-340
-230
-199
-270
-246
-250
-357
-352
-258
-248
-207
-121
-154
-244
-213
-197
-227
-75
68
3
-24
16
-91
-127
50
148
114
183
179
-5
-17
93
90
151
280
226
98
91
82
23
137
279
229
199
197
92
35
133
203
193
231
226
97
33
77
68
99
162
135
64
45
8
-60
-13
69
49
45
71
-41
-105
-28
-16
-32
47
59
-37
-41
-12
-96
-97
-4
-28
-70
-6
-21
-134
-126
-93
-160
-142
-54
-85
-135
-110
-142
-214
-165
-87
-79
-58
-15
-56
-112
-89
-46
-19
60
131
110
51
44
45
51
129
205
186
142
118
65
30
50
74
81
89
72
7
-52
-69
-74
-47
-16
-18
-48
-65
-78
-73
-45
-40
-25
-36
-44
-36
-36
-36
-25
4
-2
-15
-30
-53
-62
-35
-2
9
-4
-11
-30
-59
-44
-12
2
16
36
14
-4
0
-8
-12
18
49
46
43
34
19
2
9
20
18
25
30
20
15
13
-4
-23
-22
-23
-18
-10
-14
-19
-34
-39
-50
-51
-43
-36
-19
-4
-4
-8
-10
-9
9
25
51
64
66
58
70
75
78
87
89
96
84
84
70
60
63
51
31
14
0
-14
-11
-7
9
15
10
9
3
5
25
46
60
57
50
35
16
7
3
9
2
-19
-41
-70
-93
-104
-111
-108
-103
-107
-115
-122
-115
-100
-87
-63
-49
-41
-29
-28
-25
-18
-7
-1
3
0
-12
-25
-28
-27
-20
-22
-24
-22
-29
-31
-29
-23
-15
-4
5
10
4
13
27
38
48
59
64
59
58
60
60
69
74
64
54
39
28
27
24
29
28
19
16
13
7
10
22
32
42
47
44
39
37
37
35
39
40
31
25
12
2
-10
-11
-14
-17
-16
-24
-29
-34
-33
-35
-39
-29
-26
-28
-32
-35
-36
-38
-34
-32
-35
-36
-36
-32
-29
-24
-20
-19
-16
-12
-7
-4
3
3
-3
-7
-14
-11
-6
-1
3
-3
-3
-7
-13
-11
-3
5
13
17
16
12
4
-2
0
5
13
20
18
15
6
-2
-5
3
11
14
19
17
9
5
2
8
16
23
23
16
15
9
3
3
8
10
10
8
2
-3
-8
-7
-4
-1
9
9
2
2
-3
-1
3
8
11
9
6
-2
-7
-7
-3
-2
-1
0
-1
-5
-5
-6
-4
0
4
4
1
-2
-9
-7
-4
-3
-1
2
-4
-8
-7
-6
-7
-7
0
3
-1
0
-2
-3
0
0
-1
-2
-3
-7
-8
-11
-11
-10
-10
-5
-5
-8
-6
-8
-6
-5
-5
-3
-2
-3
-2
0
0
-1
0
5
2
3
1
0
2
1
5
7
5
3
8
7
7
11
7
8
9
9
8
9
9
8
6
4
5
6
4
1
0
2
1
4
2
0
2
0
3
2
0
-1
-1
-1
0
2
2
0
-3
0
-3
-6
-3
1
0
0
-1
-3
-1
-2
-1
-2
1
-3
-2
-2
-3
-4
-5
-3
-4
-5
-3
-3
-1
-1
-2
-4
-4
-4
0
-1
1
4
3
2
-1
-3
0
0
3
2
1
3
0
-2
-4
-2
1
1
-2
0
-1
0
-1
-2
1
0
0
1
2
2
3
5
4
3
3
1
2
1
4
2
2
1
-2
-2
-5
-2
0
2
3
0
0
0
1
3
3
3
-1
0
1
-1
1
0
2
2
3
2
4
0
0
-1
-2
-2
0
-3
-3
0
-2
-2
-1
-1
-2
-1
0
1
-1
-1
2
3
1
1
3
2
1
0
0
-2
1
0
2
0
-3
-2
-4
-2
-4
-1
-1
0
0
1
-1
-2
-2
1
2
2
-1
-5
-1
-1
0
0
0
1
1
0
1
1
0
2
-2
-1
2
-1
-1
-2
0
0
1
1
1
0
0
0
0
0
0
3
2
1
1
0
-1
0
0
3
4
2
1
5
2
1
2
2
2
3
2
0
0
-1
-1
1
0
0
-1
1
0
1
2
0
-1
-1
-1
0
-1
-1
-2
-1
0
0
0
1
1
2
-1
-1
-2
-2
0
-3
-3
-1
2
-1
-1
-2
0
0
1
-1
-1
0
-4
-1
-1
-1
0
0
-2
0
-2
-1
-1
0
0
0
-1
0
0
-1
2
1
1
2
0
-1
0
