2
1
0
-3
0
0
0
3
1
1
0
-1
-2
0
-2
-2
0
-2
-2
-3
-1
-2
1
2
0
0
1
0
0
1
1
2
0
0
3
1
1
1
-1
1
2
0
1
-2
-2
1
-1
0
0
0
0
-1
-2
-1
1
-2
1
3
0
1
2
-1
-2
2
1
1
-1
-1
0
1
0
0
0
-1
1
-1
1
0
-1
-1
-1
-1
1
1
-1
2
1
1
0
-1
2
3
0
0
-1
2
3
0
1
2
0
-1
0
-1
0
0
-2
-2
0
-2
-1
1
2
-1
0
-1
0
-2
-1
1
-2
-1
0
-2
1
1
0
-1
2
-1
-3
0
0
-2
-1
0
-1
0
-1
1
0
0
0
0
1
0
-1
1
0
0
1
-1
-2
-2
1
-1
-1
0
3
2
1
1
1
3
1
-1
1
1
1
0
0
1
1
2
2
0
-1
0
1
0
2
0
0
-1
-1
0
-1
-1
-1
1
1
-2
-1
-1
-1
-2
0
1
2
2
1
2
1
-1
-1
-1
-2
0
0
1
-1
-1
1
0
-1
-1
-1
-1
-2
-2
-1
-2
-1
0
-1
-1
-3
0
0
0
1
3
2
1
2
-1
1
1
-2
1
0
-1
-2
0
3
2
2
3
2
2
1
3
0
0
1
-1
0
-1
1
-1
-2
-3
-4
-2
0
0
0
-2
2
1
0
0
-1
2
-1
-1
-1
0
2
0
-2
-1
-2
-1
-1
2
0
1
0
0
0
-2
0
0
0
-1
0
0
1
0
-1
-2
-1
1
2
3
2
2
2
0
0
3
1
0
-1
-2
0
1
-1
1
1
1
1
1
2
-1
-2
-1
-2
-1
1
2
1
0
-1
0
1
1
-1
0
0
0
0
1
-1
0
1
-2
2
1
-1
1
0
1
1
-1
-2
-1
-2
0
1
0
-1
0
3
1
2
1
0
1
0
-1
0
-1
-1
-3
0
2
0
0
0
-2
-1
1
1
0
-1
-2
-2
-2
0
-2
-3
0
1
0
-1
-1
1
0
0
0
-2
-2
-1
1
-1
2
2
-2
2
3
1
0
3
3
4
1
3
1
0
2
2
2
2
2
2
1
3
3
1
-2
-2
-3
-3
-3
1
1
3
1
-2
-1
-2
0
0
-2
-2
-1
1
3
-2
-1
-1
0
0
0
-1
-1
-2
-1
-1
-2
0
-2
1
1
-1
-2
-1
-1
-1
-1
0
0
-3
1
1
-2
-2
0
0
1
0
0
1
2
1
1
-1
-1
2
1
2
3
1
3
2
0
4
2
0
0
1
-1
-3
-2
-1
-1
1
-1
1
0
-4
0
-3
1
2
1
2
3
2
1
0
1
2
2
2
3
-1
-1
1
0
1
1
1
0
-1
0
-1
2
0
-3
-1
-1
-1
-3
-6
-4
-2
-2
-2
0
-1
-1
3
2
4
1
-2
0
-1
2
1
0
-1
-2
-1
-1
-1
-1
-3
-1
0
-2
-1
-3
-3
-1
0
3
3
1
1
0
1
2
1
4
2
0
2
1
-1
-1
-3
-1
2
2
0
0
-1
-1
1
0
0
-2
0
0
1
2
0
0
0
0
1
-1
0
1
-2
2
0
1
1
1
2
1
1
1
4
0
1
-2
-2
1
1
-1
-3
-1
-1
-2
-3
0
-1
-1
-4
-4
-1
1
2
-1
1
1
-2
-1
0
-1
1
3
-2
-3
-6
-1
-1
0
0
0
-1
0
1
1
2
5
3
1
-1
1
1
2
4
2
4
1
2
3
0
5
2
1
-2
0
-2
-4
2
-5
0
1
0
1
-3
1
0
-1
-1
-2
-1
2
1
0
-5
-3
2
3
-1
-1
-3
-1
-2
-1
4
0
-1
1
0
-1
-3
-2
4
3
-3
-8
-3
-4
-4
-1
-5
0
0
-1
-2
-6
0
4
1
3
-3
3
5
3
0
0
8
0
3
2
0
8
5
2
3
-1
5
4
6
-1
0
4
0
-2
-2
3
-1
-4
-4
-4
-1
-1
-3
-4
3
1
-5
-5
-7
-1
-1
2
-2
-4
6
2
0
-4
1
5
4
1
-3
2
0
-5
2
4
2
8
4
2
-2
0
4
-5
-5
3
0
-2
-3
-1
5
1
-8
-3
3
2
-9
4
3
0
-5
1
1
-3
0
-5
-2
1
5
-8
5
-1
7
-8
2
5
3
-4
-7
2
0
-3
-9
11
3
3
-6
8
4
8
-20
7
4
6
-13
-5
12
-9
-1
1
20
-15
15
4
-7
6
12
-23
10
6
-10
-3
-3
13
-10
-7
3
11
-15
7
7
-12
15
0
-19
22
-6
-22
16
8
-10
-20
33
-5
-21
12
20
-19
-6
26
-25
6
12
-28
17
23
-46
12
37
-45
-4
14
21
-56
16
41
-66
36
2
-43
46
-21
-36
56
1
-43
32
25
-30
4
18
-25
36
-32
-11
57
-38
-16
36
20
-70
74
-37
-10
73
-90
52
18
-48
-6
84
-98
44
13
-28
24
2
-47
81
-40
-48
107
-76
7
47
-41
-17
65
-61
-2
54
-53
-2
68
-94
64
24
-105
89
8
-84
66
2
-56
72
-60
-6
91
-100
14
73
-82
12
17
-6
-19
42
-103
138
-99
-18
103
-123
47
51
-117
111
-41
-35
67
-42
-25
72
-72
23
65
-151
157
-72
-40
83
-58
12
41
-89
151
-144
48
90
-157
141
-40
-73
181
-179
98
45
-118
90
22
-112
127
-48
-76
187
-224
143
31
-215
259
-121
-101
224
-158
26
16
9
-2
-110
187
-123
-4
50
-21
-39
37
-7
-14
25
-66
107
-101
29
-11
31
-32
-22
64
-42
11
-15
68
-96
55
-24
72
-137
129
-20
-33
44
-45
64
-64
54
-23
21
-98
147
-73
-35
-15
182
-252
118
48
-121
70
33
-90
36
-13
60
-2
-194
290
-172
23
6
16
-35
-34
98
-41
-53
24
99
-136
72
22
-45
22
35
22
-51
-64
241
-218
-15
255
-231
-42
289
-223
17
87
-65
8
-102
335
-451
280
-32
-67
48
-55
40
-91
128
-98
-16
30
-34
82
-121
22
181
-373
394
-200
-1
-13
106
-60
-27
46
-40
-18
189
-276
183
-35
-98
244
-274
158
-60
65
-90
150
-162
44
104
-58
-134
293
-342
295
-151
59
-55
24
53
-64
69
-122
172
-138
141
-131
90
-176
367
-373
52
286
-284
37
91
41
-229
272
-191
92
-97
153
-115
10
-33
118
-115
79
33
-275
323
16
-289
76
277
-318
77
127
-103
-159
250
-97
-66
40
-37
-25
185
-177
-60
74
99
-28
-202
201
-43
-65
144
-138
-59
211
-101
14
-108
133
34
-150
183
-139
23
231
-372
244
-34
-5
101
-199
186
-83
188
-223
-59
337
-58
-139
96
-142
322
-59
-244
125
222
-80
-139
27
242
-72
-255
62
439
-346
-56
154
-184
278
-110
-133
32
-165
567
-413
-234
215
-161
412
-471
-79
269
-141
-183
-42
330
-491
146
26
58
-429
322
-238
64
-80
177
-128
-348
460
-280
171
-103
-44
145
-14
-12
-71
-118
456
-118
-205
347
-307
421
-424
208
424
-372
62
150
18
93
-433
643
51
-468
402
2
-159
81
187
68
-130
-21
209
-144
141
-23
-76
88
195
-195
12
-85
215
78
-354
476
-645
577
-229
-214
289
-175
18
-213
230
-118
-286
309
-260
-39
140
-236
-40
-55
134
-319
93
-147
-20
-125
162
-320
65
-40
-33
65
-210
210
-216
116
-85
146
-186
-34
235
-30
-137
2
513
-486
159
302
-235
380
-237
118
146
98
-81
74
206
-86
93
-112
410
-168
-306
608
-166
-150
148
67
-57
-18
-20
105
-72
-143
294
-445
343
-62
-118
34
-146
131
118
-446
309
12
-376
352
-112
-206
260
-218
143
-180
-74
412
-576
520
-385
35
-35
335
-358
-49
343
-329
165
-245
429
-220
-156
334
-415
259
-23
-4
-28
-47
-160
476
-427
144
-66
14
346
-563
254
-89
350
-385
40
204
-227
194
-193
207
-113
81
-241
432
-373
90
328
-398
-56
357
-130
9
-134
96
25
51
-87
98
-72
138
-4
-301
317
-29
-92
120
-93
-32
-90
270
-45
-16
-197
189
-49
19
-96
142
-142
-83
246
-275
260
-8
-212
227
-146
-106
213
-71
-73
31
89
-4
-332
395
-17
-67
-223
195
102
-82
-95
22
-60
-88
129
144
-85
263
-491
322
-56
-22
-59
-43
-195
438
-195
-283
479
-18
-189
-232
634
-503
286
-279
66
-187
188
146
-355
243
54
-169
410
-276
63
-133
-138
403
-476
469
-208
-89
288
-218
10
159
-75
-283
312
46
-382
429
-218
90
106
-245
112
-196
356
-398
391
-244
167
140
-389
58
102
53
238
-266
-260
-70
291
232
-275
61
224
-121
-373
490
-57
-384
139
95
-31
185
-376
373
-148
-158
261
-288
130
44
-15
-65
-85
306
-101
-41
-306
250
-159
238
362
-552
281
-297
-36
306
-133
52
-12
-52
57
-222
184
17
-9
33
-36
-167
34
34
332
-423
60
132
37
32
-36
-132
12
163
-136
235
-142
176
-143
143
24
-120
83
50
-80
119
-145
-7
447
-324
-185
547
-567
170
-60
212
112
-334
314
-247
-70
-24
41
136
-342
47
193
-200
93
-18
-294
-77
22
-30
-97
39
129
-22
18
-104
139
-52
-196
380
-370
364
-233
-59
744
-272
89
-157
-62
258
-217
76
41
183
-166
148
160
-204
198
48
-77
-120
318
-418
203
60
-265
447
-362
-7
-295
295
-285
68
-66
38
-98
-358
377
-475
186
-24
-28
-129
-66
96
-97
220
-70
-65
-79
33
-196
455
122
-394
541
-247
-164
340
-210
200
-117
80
-296
537
-286
106
217
-537
423
-279
230
-84
-230
298
-39
252
-14
-28
356
-393
165
229
92
-42
700
-643
286
149
-315
287
-127
47
-292
309
-152
123
44
-97
-183
-7
-144
-68
-21
111
-116
430
-328
3
-78
-93
216
-233
-2
124
-153
-39
324
-456
430
-779
492
-273
60
115
-428
406
-402
286
-70
33
-39
-39
-45
102
-134
9
110
115
-76
42
-35
-98
-50
199
-168
341
-317
-1
193
9
-113
-112
296
-329
279
-168
112
23
-263
283
-125
33
83
-78
-13
-20
13
-33
95
-42
5
-23
21
194
-313
22
1
315
-293
69
-100
223
33
-329
235
-17
36
-401
423
-93
25
-251
295
5
-311
243
0
107
-74
-239
227
-3
-1
21
-24
-144
204
-56
-103
344
-410
393
-335
139
-220
139
179
-161
153
-250
235
-329
244
-132
103
94
47
-42
-180
133
-240
-41
83
14
23
117
64
20
-100
73
57
-158
-62
-73
-115
46
282
22
-19
187
-209
-37
95
-339
170
-45
-71
128
151
86
-86
-127
-296
134
76
237
-39
-103
42
-251
356
-139
-447
386
79
-207
226
-318
77
326
-46
-58
61
-251
201
24
-103
87
-204
276
-191
433
-493
190
119
-141
32
-327
83
139
302
-291
-16
-83
-150
365
-237
239
-100
-34
294
-57
-108
62
-62
-181
603
-595
-58
-168
-117
181
-223
359
-209
28
-439
261
-298
-29
481
-5
240
165
37
-151
256
-48
324
69
232
29
-175
31
-125
201
54
-119
292
-29
-117
-44
174
-133
-281
534
-233
-312
-179
73
120
-140
-95
-277
-60
-417
377
-258
-450
269
-427
-66
-182
65
-187
-180
-108
-13
-115
111
-85
97
204
197
-247
-6
389
238
98
231
234
-81
345
-32
195
77
518
-224
59
16
100
341
188
133
-384
246
-129
53
-260
65
270
312
-342
19
-246
89
13
-169
335
-33
-75
27
-169
43
78
-67
109
-310
258
-236
4
-255
175
-38
4
-117
2
-160
-14
189
-345
-57
-321
-352
213
20
-348
249
-288
-63
-30
-155
2
-389
-24
-341
-222
-71
-316
130
-80
333
-168
-739
56
-36
-53
-283
240
24
-124
-274
77
281
-159
606
-254
-97
121
411
526
118
297
-77
331
32
245
219
708
641
216
-88
13
491
202
-16
46
-62
256
162
-81
211
-228
179
11
-73
-53
447
-469
44
184
162
-17
-280
454
-431
473
-337
-167
79
-229
225
-357
-275
-126
-143
-343
-130
-231
-35
-195
-165
-442
-272
-600
-192
-243
231
209
-126
32
-448
-225
22
654
-342
-133
-48
170
-124
-142
-204
221
376
205
-9
-280
-94
-103
172
86
226
197
-99
-135
299
-149
-119
17
0
380
112
26
-440
-56
439
150
-110
-294
234
3
396
-243
-64
226
322
179
115
-86
-269
627
-240
118
-66
45
404
-16
35
115
-70
-63
-454
65
234
-37
158
-246
79
352
53
-119
-193
125
-576
331
503
340
84
-112
-439
-427
-247
-17
296
61
68
-392
-163
218
-25
106
-3
55
-34
-319
-282
26
-79
-569
-993
181
564
30
656
21
521
-152
-130
249
277
380
-53
131
-521
402
-517
94
217
-204
91
-193
-24
-451
82
-319
29
220
136
-678
-76
-443
210
498
-159
500
103
-220
-635
-675
-306
965
533
98
-318
410
-101
-514
110
635
215
393
-528
-104
64
-461
193
12
377
90
55
-437
70
391
288
406
408
-349
-457
-132
-409
529
-377
84
202
138
-387
-377
13
-250
748
-879
-370
139
471
-597
-126
583
-179
155
275
131
-885
38
466
574
84
-335
315
10
310
-469
-15
263
10
867
3
494
-839
143
-77
105
191
-65
146
-757
-28
-64
-236
281
505
-418
-345
-167
440
-153
-45
475
-352
-80
-51
-166
-415
40
-37
-337
45
325
-506
-129
-73
690
-685
370
347
26
180
-420
214
-557
191
-160
462
-340
-270
272
-426
-237
59
522
153
-271
268
-98
91
312
-181
357
863
-313
-277
768
431
189
248
-70
-142
128
42
-1289
-150
-204
224
-54
-153
592
-446
493
22
-85
-26
648
605
9
-114
-343
-738
367
286
-452
336
-18
16
-435
-650
308
-463
-194
-101
-494
-143
-392
524
-216
141
166
-324
-726
-255
23
-501
1163
22
816
-498
-260
832
153
596
186
-384
-360
105
66
207
-317
228
-72
45
307
-883
-211
792
-820
-436
-33
108
52
1018
-26
-855
-672
-187
36
-144
787
-214
-47
260
143
312
-939
344
907
176
161
-291
258
223
201
508
137
-30
-269
-144
-14
251
801
145
285
-150
306
-215
-55
217
-46
502
-161
297
146
247
-17
-354
307
211
121
-215
-356
-1247
-380
-286
-1104
59
-224
124
-756
-440
-161
-540
0
151
-154
469
133
228
364
236
-473
51
281
310
36
-371
701
-119
-321
144
-224
384
729
-273
478
282
-677
501
469
303
-117
-664
-440
-682
88
548
-1137
-764
437
-171
-756
-17
-358
-455
-421
439
279
-314
57
331
329
514
286
565
608
40
-516
-265
-348
-920
-519
460
-260
136
71
32
58
-253
1011
773
205
-398
136
347
197
285
89
607
-421
306
470
-718
40
1135
731
1194
455
-271
624
-253
879
1058
-304
1255
-150
224
334
-361
200
174
261
-426
176
-429
-99
-765
-649
31
-1289
-1442
-729
-311
-726
-644
-584
-1210
-334
-541
-670
-553
-161
-32
388
-571
-624
673
564
146
-152
857
286
117
239
176
-241
-222
661
137
471
331
369
269
-26
159
-343
-214
447
-61
-92
-296
-425
93
56
622
352
-368
-713
165
-77
-110
636
269
101
875
118
1
290
-6
124
547
137
-25
-273
-172
-1
53
55
-332
157
-90
133
-379
-237
17
-242
-76
-363
54
-339
98
-227
-183
-36
-242
71
165
-728
-137
-26
-693
-236
-232
-50
-493
154
458
747
634
429
1094
516
797
757
246
362
750
97
-257
-339
151
386
708
470
279
503
-109
895
334
-218
565
400
-305
42
96
-500
-602
-659
-894
-1001
-1063
-918
-214
-467
-638
-179
-424
-232
-43
-13
484
474
-94
-552
-306
-601
-754
-683
-866
-406
-753
-620
-198
-873
-814
-535
-354
-455
-629
-925
-603
-733
-824
-1075
-1283
-785
-1339
-1119
-1230
-1157
-305
-23
790
416
223
632
940
973
1221
1922
2194
2212
2146
2435
2806
2748
2983
2778
3704
3554
2848
3084
2870
2836
3216
3529
2900
2310
2487
3001
2828
3731
2361
-615
-2301
-3485
-2988
-2607
-3070
-4115
-5602
-6630
-7259
-7833
-7678
-7225
-6814
-5027
-4222
-5211
-5928
-5789
-4567
-3022
-2176
-1137
-552
174
969
681
1003
1607
2354
4095
4815
4300
3199
2548
3050
4161
4599
4389
4335
4432
4211
3740
4201
3864
4367
4903
5124
5351
4768
4990
6063
5706
3187
-916
-2980
-1859
-749
-741
-1412
-4049
-6613
-7696
-7948
-7944
-8264
-7798
-6949
-5869
-5407
-6579
-7652
-6653
-4548
-2124
54
158
-208
-127
987
2319
3290
4376
4056
4058
4698
3949
2370
2066
2118
1360
1491
1337
-88
-1284
-626
-233
-222
1177
1751
1150
2819
4523
4078
4692
6142
6305
6950
8103
8546
8820
6984
2739
-1888
-2016
-153
-276
-1118
-2311
-5551
-8442
-9217
-9914
-10108
-9323
-8629
-8121
-7543
-7790
-9645
-9599
-6641
-3845
-1187
957
1032
308
1364
2943
4296
5680
6928
7206
7104
6933
4955
3404
3637
3938
3364
2388
761
-1531
-2558
-2109
-2253
-2198
-1118
-846
-601
571
1097
1392
3271
5431
6744
6927
7840
8317
9882
10778
6323
-611
-3602
-1938
-432
435
-1642
-6230
-9921
-11319
-11806
-11880
-11066
-11361
-11178
-9096
-8433
-10356
-10953
-8313
-4910
-446
2686
2483
1412
2413
4593
6604
9109
9937
9827
9705
9166
7203
6039
6107
5714
5576
4744
1751
-1625
-2947
-3175
-2460
-817
-292
-1077
-944
-142
441
1895
4302
5879
7117
8715
9489
11062
9674
3479
-2214
-1825
1606
2196
457
-3893
-9067
-11793
-11725
-11476
-11163
-10794
-12053
-11888
-10750
-11451
-13364
-11812
-7131
-3284
-97
815
-774
-1042
2303
5910
7342
7561
7963
9049
10102
9761
7835
6419
6499
7100
6629
3983
637
-1184
-1464
-1315
-1421
-2029
-2124
-520
1227
2195
2487
3076
4216
6694
8855
11030
10942
5519
-2031
-4690
-364
2845
2262
-1193
-6162
-10170
-11519
-11408
-11146
-10078
-10015
-10048
-9505
-9812
-12118
-12656
-8218
-3203
154
1358
413
-1262
-130
3588
7154
9628
10193
9312
8457
8243
7424
6648
7041
7325
6180
4138
1196
-2030
-3082
-2184
-1401
-1243
-1429
-1520
-921
938
2743
3764
4803
6511
8017
10470
12272
7424
-1150
-5279
-1053
4156
4479
6
-6922
-11797
-12647
-11329
-10333
-9898
-11306
-12403
-11286
-10581
-12158
-12591
-8322
-2999
796
1847
66
-1383
1616
5743
8700
11362
11837
10038
9090
9654
8132
6967
8251
8166
5699
3091
-447
-4001
-3680
-2300
-2722
-3110
-3020
-3330
-2220
1226
2868
3699
5566
7098
7909
11782
13097
5546
-2893
-4058
969
4348
3429
-2672
-10219
-13348
-12981
-11778
-10383
-10460
-13579
-13913
-11515
-11665
-13323
-11416
-6147
-1708
1693
1695
-1017
-633
4699
10216
11512
11143
10385
10397
10672
10573
9722
8120
7994
7592
4940
428
-2321
-2636
-2059
-1504
-2782
-4813
-4907
-1810
1096
3176
4665
4740
5735
8617
13099
11927
4108
-3579
-3623
2892
6082
2666
-4637
-10544
-13245
-12255
-10066
-9725
-11718
-14030
-13272
-12124
-12183
-12883
-10756
-5361
-613
919
-589
-1560
-132
4121
9960
13588
12764
9939
9390
10089
10575
10953
10350
8416
6053
3501
-85
-2651
-2723
-2026
-2319
-3276
-4996
-5903
-3578
429
2942
4104
4306
4991
7169
12299
13299
5059
-4257
-4967
2272
6800
3937
-4282
-11553
-13999
-12145
-9323
-8923
-11254
-15003
-14640
-11910
-11324
-12576
-10796
-5368
-691
1495
243
-1376
-178
5963
10827
11434
11377
10845
10671
11163
11978
10092
8228
9077
8396
4163
-158
-2191
-3083
-1641
-1351
-4066
-6259
-4958
-1600
1109
3287
3520
3075
5251
9121
13395
12231
3293
-5879
-4028
4744
7328
2134
-5791
-11981
-14017
-11013
-8636
-9680
-12331
-14858
-14485
-12324
-11603
-12923
-10174
-4131
-652
-514
-1376
-1601
1112
6915
10405
11222
11246
10258
9677
11514
12433
10246
9140
8965
5933
2425
873
-1004
-1986
-1275
-2772
-5952
-6056
-3849
-1527
1553
3418
2719
2693
5383
8040
12515
13800
5029
-5384
-4872
3062
6133
3195
-3758
-11641
-14654
-11898
-9415
-9306
-10759
-14516
-15538
-12762
-11590
-12779
-9855
-4111
-1471
-834
-1170
-1943
851
6703
10514
12206
12118
9476
8543
11527
12900
11346
10596
9043
5395
3219
1738
-867
-1214
-439
-2601
-5497
-5632
-4593
-1964
2537
3871
2885
2700
4557
7421
13128
14563
4608
-5707
-5291
2714
6736
3895
-4486
-12775
-14797
-12115
-9218
-8872
-11101
-15554
-15765
-12650
-11957
-12562
-9377
-4176
-1703
-882
-1686
-2412
495
6837
11754
12838
10926
8005
8519
12033
13954
12651
10065
7275
4737
3238
1852
196
-700
-1564
-3655
-5956
-6590
-4877
-1104
2425
2906
2210
2066
4105
7734
13192
15957
7960
-4089
-7499
679
7949
6287
-2111
-11520
-16020
-14254
-9776
-8049
-9899
-14772
-17207
-15097
-12898
-12424
-10142
-5000
-2026
-1870
-2666
-2517
1217
7643
10978
10797
10717
10075
9787
12393
14399
12404
10337
9194
6088
3313
2969
1769
-144
-1038
-3646
-6957
-6497
-3600
-1620
882
1803
637
1913
5448
7895
10294
15239
11704
-490
-7178
-2023
6359
7800
1867
-8865
-15911
-15837
-11750
-7909
-7510
-12902
-19232
-18091
-14157
-12127
-10083
-6214
-4275
-4235
-3530
-2861
211
5395
10107
12264
11377
8537
7964
12398
15864
15209
12091
8078
4659
4857
5878
3694
737
-1703
-4700
-6757
-5676
-4432
-3158
-629
428
-973
134
3873
6597
9377
12516
14195
8197
-1787
-6310
449
9557
8317
-1672
-12293
-17063
-14980
-8454
-5231
-9113
-16729
-21118
-18694
-13293
-9458
-8403
-7031
-6050
-5920
-4770
-1117
3198
6963
10765
11580
9214
7816
10708
15184
16725
14899
10075
5858
5668
7329
6137
2972
64
-3089
-5423
-5426
-4649
-4068
-1886
-641
-1405
-1529
1605
5209
8051
10296
12057
11935
4759
-4106
-4070
5179
9868
4100
-6109
-14643
-16584
-11599
-5678
-5995
-12083
-19543
-21612
-16452
-10298
-8315
-8189
-7398
-7646
-6672
-2737
2142
5524
7773
9473
9214
8799
10173
13804
16290
15092
11653
8026
6365
6866
7812
5678
1450
-2152
-4672
-5569
-4503
-3316
-3572
-3720
-3476
-2375
-153
3609
6285
7123
7907
9712
12624
8329
-777
-3854
2911
8412
4602
-4037
-12967
-15939
-11760
-6203
-6669
-12714
-19720
-21619
-15775
-9594
-8438
-10020
-9631
-8549
-5539
-769
2748
4902
6301
8236
9617
10776
11647
13501
15637
14896
12111
9068
7479
7682
8319
5958
663
-3966
-5276
-4232
-3300
-3834
-5983
-6948
-5188
-1465
999
1779
3370
4951
6797
8516
12050
13969
7622
-1886
-3221
4526
8394
3569
-5376
-13023
-14998
-10999
-7038
-8385
-13978
-19970
-20010
-14732
-10228
-9943
-10206
-9152
-8020
-4776
-503
2629
4270
6930
9449
10170
10379
11405
13633
15409
15307
12159
8308
6759
7453
7836
5498
1137
-2821
-4549
-4495
-3744
-3981
-4925
-5112
-4005
-2209
-349
2227
4230
5354
6562
8167
12033
11693
3396
-3959
-501
6986
7041
717
-8015
-14249
-13121
-7295
-5190
-9292
-16223
-20517
-17338
-10787
-8083
-9784
-10589
-10105
-7524
-2334
1705
2672
3193
5960
8250
9334
10252
11553
13587
14731
13206
9206
6923
7956
9250
7667
3498
-828
-3329
-2999
-1875
-2521
-4520
-5803
-5406
-3340
-685
600
1225
3036
4567
5729
7456
10487
12132
7261
-1296
-3547
2972
7146
3600
-3876
-11604
-14904
-11072
-5818
-6475
-11951
-18020
-19442
-14732
-9255
-8153
-9236
-9502
-8865
-5160
6
2131
2194
4670
7747
8470
9103
10320
11789
13836
14564
11252
7455
7287
8584
8538
6317
2059
-2065
-2672
-1096
-1071
-2751
-4614
-5463
-4191
-1285
25
135
1407
3324
4450
5464
7244
10120
10682
4308
-2914
-1679
4118
5352
1667
-4945
-12357
-13719
-8717
-4952
-6886
-12768
-18637
-18403
-12231
-7740
-7480
-8788
-10318
-9528
-4251
332
1054
2460
4975
5878
6589
8791
10270
12169
14382
12814
8650
7280
8875
9825
8941
5515
980
-974
-92
500
-860
-2934
-4641
-4837
-3155
-1187
-599
-523
732
2172
2868
4017
6068
9129
9877
4344
-2697
-2338
3325
5364
2396
-3942
-10760
-12200
-7671
-4180
-6206
-11895
-16907
-16045
-10712
-7168
-7667
-9690
-10993
-9164
-3933
-467
-532
107
3020
5072
6272
7977
8789
10190
12785
12521
9023
7922
9241
9635
9636
7376
2494
-31
1201
1399
119
-1397
-4093
-5019
-2714
-764
-1073
-1091
-637
0
2068
3879
4465
5646
8631
7220
861
-2637
424
4175
4162
656
-7309
-13222
-9878
-2702
-2261
-8182
-14308
-17216
-13452
-6745
-4811
-8727
-11911
-11378
-7325
-2353
-413
-546
-128
1632
3754
6074
7429
8783
10795
10691
9049
8231
8966
10077
10545
8198
4032
1735
1771
2489
2242
-47
-3201
-4007
-2636
-1419
-899
-1138
-1943
-1116
1424
2359
2358
3421
4624
6060
7967
5247
-445
-1210
2050
3218
2261
-1241
-7403
-9180
-5932
-4252
-5772
-8627
-12695
-13952
-10203
-7652
-8127
-9007
-9629
-9759
-7061
-3405
-1806
-693
498
1293
2367
4896
7220
8644
9547
9105
8018
8009
9172
9329
8391
6654
4408
3028
3219
3391
2064
171
-1385
-1873
-1137
-248
-378
-854
-992
-328
1080
2225
2327
2289
3139
4656
6015
4102
131
-1146
1288
2122
-604
-4336
-6683
-4987
-2025
-3034
-7983
-10961
-10557
-7815
-4479
-5440
-9826
-11422
-8326
-4899
-2731
-3324
-5456
-4154
-68
2618
3392
3472
2685
4106
7188
7670
6527
6147
6134
6328
6835
5374
3622
3820
3915
2871
1768
618
-94
845
1163
-93
-987
-799
202
1540
1744
383
52
1007
2377
3531
3379
2249
2502
3592
2385
520
-42
-121
-81
18
-1886
-4926
-5447
-4647
-4204
-4214
-5697
-8260
-8336
-6357
-5478
-5291
-5783
-6841
-6415
-4261
-2845
-2148
-1553
-1628
-996
566
1807
2643
3763
4164
4133
4493
4789
5221
5980
6156
5393
4530
3599
2969
3162
3215
2400
1383
598
78
310
753
578
251
223
261
338
649
899
1033
1139
1031
1006
1368
2001
2393
1812
261
-470
76
341
416
-113
-1966
-3113
-2202
-1923
-2632
-2919
-4052
-5456
-5033
-3929
-4215
-4562
-4792
-5502
-4982
-3506
-3198
-3281
-2564
-2362
-1875
-307
572
577
1272
2047
2201
2873
3452
3399
3457
3482
2924
2620
2823
2773
2813
2673
2045
1378
1267
1546
1630
1428
908
672
828
1088
1220
1420
1174
124
251
870
1164
1700
1967
1544
1517
1819
1130
880
1021
518
-113
-192
-453
-1068
-1333
-1913
-2445
-2677
-2563
-2687
-3203
-3547
-3745
-3543
-3057
-2639
-3023
-3205
-2746
-2551
-2104
-1548
-1540
-1459
-864
-559
-165
495
601
520
642
871
1111
1506
1556
1188
1159
1291
1201
1273
1613
1620
1443
1336
1065
1042
1302
1751
1987
1764
1526
1364
1532
1970
2163
1847
1311
927
938
1287
1461
1005
-562
-1376
-350
618
748
372
-695
-1885
-1884
-1308
-920
-797
-1294
-2028
-2308
-1873
-1279
-833
-841
-1228
-1458
-1285
-798
-431
-295
-421
-552
-565
-420
-124
80
66
-290
-432
-266
-207
-155
17
0
-191
-180
-116
67
402
500
414
459
566
626
796
884
799
808
861
860
878
805
512
321
368
375
276
84
-172
-333
-235
-77
-119
-323
-636
-851
-746
-482
-395
-433
-448
-398
-163
63
33
-12
188
405
496
535
463
363
431
558
489
323
234
165
95
108
158
126
37
-64
-116
-56
38
57
80
94
-7
-54
110
327
396
310
101
-71
28
257
254
-50
-359
-458
-371
-268
-320
-527
-684
-700
-748
-932
-1102
-1119
-1013
-884
-772
-731
-730
-623
-398
-205
-123
-73
48
313
563
594
542
584
684
778
808
735
616
533
505
545
595
541
412
343
359
385
348
227
116
142
301
416
377
260
198
195
226
309
392
332
100
-126
-119
69
147
-34
-375
-709
-812
-642
-546
-769
-1118
-1322
-1230
-862
-578
-691
-1002
-1127
-893
-398
-55
-148
-355
-247
157
571
717
549
401
517
713
788
708
568
611
802
798
553
334
252
301
355
212
-43
-130
-39
75
113
26
-83
-48
137
301
300
139
5
89
304
373
183
-95
-228
-165
-78
-113
-292
-524
-652
-637
-597
-582
-582
-606
-657
-700
-714
-657
-513
-362
-263
-206
-135
16
217
360
388
340
322
441
643
767
727
568
436
453
531
518
400
239
94
33
40
59
59
37
-37
-148
-189
-93
60
120
47
-87
-161
-89
64
104
-32
-242
-372
-312
-156
-103
-194
-320
-376
-331
-245
-195
-169
-175
-232
-259
-190
-81
1
-5
-107
-144
-23
119
172
136
33
-16
62
181
246
258
193
119
135
194
194
139
79
58
129
261
366
384
328
231
128
107
214
359
402
273
-19
-301
-335
-139
12
-80
-427
-815
-917
-669
-339
-225
-401
-680
-732
-437
-28
184
90
-119
-93
248
625
736
545
289
245
407
526
457
274
114
41
17
-53
-157
-199
-165
-138
-211
-359
-437
-323
-68
153
187
84
79
248
469
615
614
509
467
519
536
441
253
32
-120
-180
-272
-456
-663
-820
-880
-856
-812
-795
-778
-723
-627
-483
-307
-142
-1
135
280
426
564
664
718
737
725
680
632
603
542
388
150
-85
-188
-147
-111
-242
-525
-748
-711
-430
-150
-88
-208
-258
-92
219
469
539
509
501
534
556
537
493
457
390
221
-31
-260
-380
-394
-409
-539
-765
-953
-993
-881
-705
-581
-541
-519
-428
-243
12
250
378
412
439
524
673
803
809
694
554
454
384
315
214
85
-30
-148
-298
-438
-485
-400
-249
-186
-275
-394
-339
-53
297
465
370
202
196
408
667
743
578
323
158
124
131
74
-73
-255
-424
-552
-636
-679
-686
-680
-663
-627
-565
-482
-386
-273
-117
67
221
290
300
331
445
591
640
547
397
315
327
329
214
5
-164
-202
-173
-186
-285
-375
-350
-217
-101
-80
-98
-35
153
360
437
346
205
169
285
451
502
355
88
-138
-220
-169
-93
-104
-247
-453
-619
-665
-581
-438
-331
-295
-314
-308
-198
6
207
309
322
313
357
457
532
522
428
295
166
64
15
13
8
-88
-301
-524
-579
-396
-127
-9
-128
-315
-306
-22
344
532
474
337
314
434
566
574
470
338
231
117
-31
-173
-267
-321
-408
-573
-739
-816
-758
-628
-547
-541
-550
-473
-271
-16
192
299
337
401
531
690
794
781
678
564
495
465
405
272
76
-124
-267
-348
-392
-431
-476
-522
-536
-496
-406
-279
-141
-10
100
203
305
394
461
513
576
623
588
432
220
66
24
11
-109
-370
-654
-817
-823
-778
-783
-831
-842
-781
-679
-554
-372
-117
149
307
332
364
553
877
1122
1099
858
644
643
778
805
596
247
-37
-170
-219
-300
-431
-543
-587
-605
-644
-673
-594
-371
-99
63
54
0
88
372
702
846
725
493
363
412
514
487
260
-63
-330
-466
-523
-592
-706
-841
-939
-972
-951
-883
-757
-585
-403
-263
-155
-22
188
456
684
781
769
766
844
956
976
845
641
493
424
349
173
-70
-258
-326
-347
-435
-591
-706
-665
-495
-341
-307
-344
-312
-129
138
330
371
322
311
402
514
533
421
255
131
77
20
-112
-306
-471
-536
-535
-553
-639
-740
-734
-596
-409
-301
-294
-282
-147
111
350
447
423
418
528
701
798
749
617
521
505
495
417
275
131
30
-51
-147
-256
-327
-340
-326
-340
-379
-390
-329
-211
-102
-41
-15
17
66
129
196
237
237
176
77
1
-23
-13
-49
-172
-335
-443
-439
-364
-327
-375
-463
-496
-415
-264
-123
-56
-47
-29
52
204
370
464
473
453
462
526
589
579
503
421
382
366
299
163
20
-29
10
24
-82
-276
-402
-354
-186
-79
-142
-305
-379
-271
-67
56
19
-98
-161
-115
-21
16
-27
-108
-169
-199
-216
-232
-234
-224
-220
-250
-305
-326
-283
-191
-110
-91
-116
-120
-52
75
206
297
335
346
378
441
533
615
636
589
506
446
433
440
400
286
134
20
-14
-24
-71
-175
-282
-329
-312
-279
-283
-317
-334
-304
-243
-194
-176
-168
-147
-124
-111
-105
-91
-61
-60
-113
-190
-216
-162
-95
-125
-260
-378
-350
-197
-77
-116
-256
-308
-168
63
198
166
85
124
315
512
577
516
450
474
570
636
604
509
407
330
278
234
182
100
-24
-163
-265
-282
-243
-237
-322
-445
-495
-407
-254
-170
-212
-306
-319
-213
-63
20
-3
-79
-127
-106
-43
2
-3
-61
-147
-217
-234
-192
-132
-121
-181
-263
-277
-188
-48
48
59
42
68
174
315
429
473
459
438
451
509
577
587
514
376
257
221
254
262
160
-38
-214
-257
-180
-104
-151
-310
-454
-455
-315
-169
-139
-234
-335
-332
-207
-55
11
-34
-120
-159
-122
-45
0
-21
-90
-150
-174
-167
-142
-126
-123
-143
-175
-179
-125
-25
61
86
55
56
140
285
385
378
309
268
317
408
455
391
268
174
151
170
164
98
-13
-114
-171
-169
-139
-137
-178
-242
-282
-261
-189
-110
-84
-114
-162
-158
-78
30
84
42
-45
-95
-65
12
59
22
-83
-179
-198
-141
-62
-43
-101
-181
-199
-118
8
91
91
48
43
118
231
310
313
265
221
221
258
298
289
213
107
26
16
56
75
11
-116
-217
-219
-140
-78
-104
-190
-253
-228
-137
-53
-32
-58
-77
-62
-15
32
67
82
68
29
-14
-34
-11
24
13
-65
-162
-209
-163
-68
-25
-80
-175
-201
-105
41
126
106
41
26
100
211
269
251
203
182
182
183
175
163
147
109
38
-40
-71
-43
-14
-53
-155
-237
-226
-144
-92
-122
-192
-212
-143
-54
-18
-34
-39
3
65
79
49
43
90
141
120
30
-48
-36
37
69
-2
-110
-158
-105
-22
-2
-51
-102
-89
-19
40
57
49
49
71
94
105
114
134
150
133
86
52
67
115
126
63
-29
-77
-48
11
21
-53
-155
-196
-155
-84
-65
-108
-167
-176
-127
-66
-31
-34
-37
-26
5
37
58
70
79
83
76
67
73
91
100
77
28
-12
-10
30
58
32
-36
-97
-94
-28
43
57
1
-74
-96
-34
70
135
111
22
-43
-20
80
176
184
96
-15
-56
1
89
119
44
-77
-159
-157
-97
-52
-80
-151
-210
-216
-174
-117
-82
-74
-78
-75
-45
0
51
91
110
111
106
109
131
149
145
119
81
57
56
51
29
-19
-69
-84
-55
-20
-29
-85
-138
-129
-46
43
67
9
-62
-70
16
125
167
110
1
-62
-26
63
114
69
-45
-133
-141
-78
-12
-11
-74
-145
-164
-114
-34
17
16
-24
-50
-31
36
112
155
146
100
67
77
132
192
204
147
55
-2
12
70
104
59
-49
-134
-134
-65
-11
-29
-97
-139
-109
-32
24
25
3
-1
32
71
80
63
48
40
25
-16
-65
-88
-86
-89
-141
-222
-263
-238
-175
-143
-173
-219
-207
-123
-27
15
3
5
60
145
192
180
161
184
237
264
230
167
136
149
163
132
66
16
12
9
-23
-79
-99
-65
-13
-10
-53
-83
-56
19
75
80
51
46
74
104
97
56
16
8
19
1
-57
-137
-189
-197
-187
-187
-211
-231
-240
-233
-221
-193
-142
-76
-23
-1
2
18
72
145
203
216
191
164
163
186
205
188
137
79
41
29
28
13
-29
-75
-99
-87
-57
-34
-33
-33
-9
34
76
91
96
110
139
154
134
81
37
28
35
23
-42
-126
-184
-203
-199
-203
-212
-218
-220
-224
-234
-219
-153
-48
29
34
-12
-33
31
151
246
243
161
82
71
121
168
165
108
29
-31
-60
-58
-34
-16
-23
-70
-120
-125
-65
21
78
69
28
18
76
168
224
212
153
115
120
141
140
95
30
-24
-64
-104
-154
-198
-213
-211
-215
-245
-282
-276
-214
-132
-76
-58
-52
-25
36
106
154
166
159
150
146
137
117
90
67
45
18
-22
-74
-106
-103
-70
-45
-57
-97
-111
-69
15
85
100
72
51
84
161
228
233
179
116
94
115
130
108
38
-43
-104
-131
-142
-148
-164
-196
-232
-261
-253
-206
-136
-88
-83
-96
-73
3
104
161
160
130
124
160
199
203
154
90
52
45
39
5
-62
-122
-141
-127
-108
-115
-143
-153
-125
-62
-3
27
35
50
89
137
177
191
186
173
159
138
112
86
63
29
-24
-93
-151
-173
-159
-150
-177
-233
-269
-238
-152
-70
-47
-81
-104
-47
69
181
214
166
113
119
185
250
245
166
69
9
3
16
3
-53
-135
-197
-206
-173
-134
-114
-122
-129
-109
-51
22
86
115
114
116
140
178
208
209
169
114
75
61
50
20
-37
-98
-140
-158
-162
-169
-185
-198
-190
-163
-129
-95
-70
-41
-5
38
84
121
142
150
160
168
177
172
152
117
76
37
9
-11
-34
-71
-112
-139
-148
-139
-126
-117
-112
-99
-77
-48
-12
21
51
71
87
96
106
115
118
114
96
68
39
20
4
-18
-48
-84
-112
-128
-126
-116
-112
-113
-114
-95
-62
-21
14
36
52
68
93
121
142
149
141
122
104
92
76
57
30
-3
-36
-60
-77
-81
-87
-95
-103
-106
-101
-84
-59
-38
-23
-19
-10
11
42
65
74
68
54
45
48
55
58
41
8
-23
-39
-33
-25
-26
-46
-69
-80
-71
-43
-16
-3
-4
-10
-4
21
54
76
77
63
50
51
60
64
55
30
3
-13
-17
-21
-28
-42
-60
-67
-63
-51
-48
-47
-45
-37
-18
2
14
16
14
19
31
45
47
36
14
1
3
12
16
5
-15
-34
-36
-22
-6
2
-5
-22
-29
-20
0
22
30
13
-6
-12
4
32
49
41
11
-10
-11
10
32
32
5
-30
-43
-28
2
19
6
-24
-48
-41
-9
20
28
8
-15
-20
1
30
46
35
6
-13
-12
5
21
13
-10
-32
-36
-25
-13
-8
-15
-22
-22
-12
0
7
16
18
20
23
24
23
20
15
14
8
4
-3
-6
-14
-19
-25
-21
-14
-12
-12
-17
-18
-11
3
14
16
7
7
8
17
22
20
15
8
9
11
12
5
-1
-11
-15
-17
-14
-13
-18
-24
-28
-26
-21
-12
-4
-3
-2
-1
2
11
21
28
25
21
17
12
13
17
18
10
0
-15
-21
-19
-8
-4
-11
-24
-29
-20
-2
13
17
5
-7
0
16
37
43
35
20
6
8
20
29
25
9
-10
-24
-28
-23
-20
-25
-41
-50
-58
-56
-45
-29
-22
-17
-16
-11
0
13
33
44
51
48
39
36
38
44
46
33
13
-7
-20
-22
-20
-25
-36
-47
-56
-53
-41
-28
-17
-11
-11
-7
3
20
37
48
50
47
43
45
51
52
52
40
23
8
-3
-8
-16
-25
-41
-56
-68
-70
-71
-69
-67
-66
-63
-52
-35
-8
15
34
44
53
63
75
93
109
110
98
83
64
55
45
32
9
-27
-57
-74
-82
-88
-94
-100
-109
-110
-101
-84
-54
-27
-12
-1
13
27
50
72
85
90
91
89
87
83
73
54
30
4
-19
-38
-54
-68
-82
-97
-106
-110
-110
-93
-66
-42
-15
2
12
26
40
62
89
113
118
113
101
90
82
72
56
31
3
-19
-30
-33
-34
-43
-58
-89
-99
-114
-108
-106
-86
-63
-29
-16
5
5
31
38
59
47
47
73
61
122
-93
-211
-724
-817
-886
-468
186
691
1323
1110
1084
386
66
-449
-607
-554
-394
94
359
876
954
1174
1032
892
556
86
-291
-646
-827
-829
-996
-924
-1274
-1234
-1355
-1076
-625
-278
387
495
996
793
909
546
371
130
-99
-44
-243
-40
-218
-21
-94
-17
62
-57
143
-46
203
108
187
186
-5
82
-191
-6
-183
-78
-192
-212
-85
-60
331
208
403
-148
-311
-727
-860
-604
-746
-56
-244
475
395
818
903
815
961
451
667
89
329
-117
29
-155
-112
-7
-92
121
-112
-14
-206
-168
-247
-307
-480
-451
-643
-337
-471
-98
-169
24
77
22
286
31
382
62
406
209
369
293
184
242
-34
119
-103
105
-1
8
34
-103
11
-159
-72
-103
-63
60
66
200
85
83
-126
-91
-135
-98
-58
-131
-47
-129
-17
-87
-130
-415
-569
-570
-438
-61
120
305
548
617
726
690
487
412
-154
-355
-881
-893
-1038
-981
-516
-151
497
521
984
641
642
-92
-35
-65
-21
121
-497
80
-247
224
134
416
551
39
434
199
152
-291
-179
-120
19
158
170
210
87
-537
-621
-1173
-863
-763
-646
-157
369
1455
105
528
824
-101
27
158
137
-90
-258
776
-67
280
19
-577
853
-292
279
-318
-173
608
-384
-3
-179
-225
-271
-79
522
-280
-142
-353
-446
311
-799
301
658
-602
1123
-371
368
314
-151
324
-580
351
14
-566
239
-136
245
-257
-373
167
-880
-2
-41
-93
-127
0
267
-94
-99
19
316
159
17
-247
46
143
287
-224
-123
443
-84
231
-301
135
347
-423
-103
-125
680
-544
365
352
-378
-233
-394
445
-48
367
727
-386
351
-270
-229
337
269
-328
-16
153
247
-309
-111
-183
-49
-649
363
-325
-347
401
-903
565
-466
97
143
130
95
-93
453
-69
-61
277
130
478
-375
-204
-87
334
693
-929
650
165
282
-63
-460
830
-1514
564
28
201
178
-588
942
-940
86
-180
-72
-147
246
-398
-72
530
-440
892
-987
593
456
-645
356
23
-1020
231
-277
-23
-138
998
-147
-449
301
96
-49
18
178
-1092
833
168
426
-795
89
693
-1179
1356
-1028
37
-306
-300
292
-952
330
-339
408
80
-148
-57
-260
-10
109
-105
463
432
-343
719
268
-331
731
-129
130
960
-272
388
-427
392
-770
-940
759
-294
410
117
355
-568
664
272
-302
847
-116
609
-406
-124
-269
-15
-79
-369
-191
-69
-293
-161
-869
214
-325
321
-684
299
820
-927
1007
205
-219
134
182
55
756
45
-476
147
579
22
-255
-86
121
-445
-167
69
-44
329
179
32
-560
303
-294
-621
39
-36
-316
35
-785
119
107
-596
-389
-855
408
-878
-69
15
-498
6
-608
-78
485
27
369
-749
483
570
222
1384
-126
73
539
-328
333
-181
388
-405
484
-273
121
-349
181
-138
130
100
92
367
-981
1384
-114
-201
62
362
386
-341
831
332
230
-110
543
-786
331
1257
-240
444
431
52
-283
-1157
387
-91
-416
467
-50
556
-615
-639
165
-878
15
346
-12
-849
696
-56
-236
-92
-683
52
316
188
-985
793
339
222
-254
-132
35
-52
-181
-762
285
-33
-369
201
-111
39
388
-549
49
-1324
370
355
-360
763
738
-941
-541
836
-1403
949
-692
-3
-348
-725
864
-1201
560
-1301
-42
-199
-158
-109
-28
182
228
314
364
-182
1059
-351
681
668
-227
553
998
717
-795
706
-207
353
1114
-679
884
-65
416
178
-911
-112
-349
241
351
-175
-8
-116
-540
252
763
-831
780
30
-244
645
-95
136
32
-224
-452
-354
337
-238
-417
819
-669
-804
139
-1352
-439
384
-769
807
-445
-208
441
-776
-49
21
-275
152
387
-740
956
354
-444
578
-343
627
57
-391
590
-44
585
511
354
110
-881
503
-30
93
-466
192
619
155
-252
299
101
-328
492
-113
-411
585
-516
600
-513
-241
330
-626
-234
212
-170
-93
33
-730
672
-874
-24
-771
-250
241
-712
-15
-20
-175
-48
-383
-837
357
-562
919
-579
229
116
489
-774
798
-240
-587
1341
106
270
-158
-82
420
-893
523
397
-236
197
496
-598
326
626
-181
1258
485
327
445
171
-68
-395
260
-707
-69
728
-1292
360
183
375
491
-1015
420
266
-620
-547
490
-670
-626
358
-381
944
44
-128
-177
-604
264
-618
665
104
411
280
129
29
396
195
-651
1287
-182
489
72
-145
1020
-1310
711
-1022
65
-338
-1050
59
-149
729
-775
-299
-1449
218
-497
-362
519
-88
-10
-705
-382
286
-472
-394
306
-1023
928
126
-195
317
-258
752
-265
-382
499
859
-144
272
-36
1032
37
156
631
-840
849
222
334
-214
-17
139
764
-291
104
101
477
133
150
279
475
251
239
298
-418
611
-265
-35
-1207
1156
-586
-410
196
-507
-277
-846
-518
-1269
310
-1156
209
-761
416
-420
-1249
524
-401
-388
454
-655
425
-487
58
1127
-971
1208
-426
340
92
172
5
386
519
-581
62
1175
-482
235
434
-429
981
-341
95
393
139
80
253
523
-399
170
-273
-189
-345
136
-347
330
177
-305
546
-763
478
-388
295
128
256
90
529
-28
-9
604
27
87
-299
-74
151
354
-513
534
96
237
-310
456
-468
42
69
-574
632
-471
70
-689
-107
693
-278
220
-819
393
-41
-448
-389
-129
-241
-168
-649
-211
10
-810
314
-541
-219
265
-960
239
-764
-424
144
-701
-218
31
512
-247
376
-130
-47
-793
396
192
470
-21
290
903
172
669
125
357
563
172
-789
702
1027
455
-28
698
20
1187
-182
3
1005
190
1015
-425
498
-391
-370
-566
105
-183
-66
-51
-193
-398
405
-1169
301
-265
-964
352
-820
222
-159
-802
-12
-351
-255
-426
-393
-84
759
-517
213
227
-140
-183
-783
685
135
-149
641
211
202
-383
-27
357
627
-80
376
279
-612
1477
-921
-57
-168
203
-502
-123
514
304
437
-1212
-324
517
121
-612
-172
407
-436
-516
111
-547
-275
-440
-199
-617
336
-25
-99
378
-243
-570
1541
408
7
-306
-23
1124
-137
-266
537
-647
340
-488
366
409
135
418
482
215
499
566
-398
887
-463
-103
711
-917
251
457
17
158
-296
-256
131
-847
440
-200
515
264
-769
70
-999
744
-797
-283
-435
171
-475
340
791
-880
430
-986
758
359
-1078
-243
126
-121
758
-606
-368
-141
-863
222
-200
-127
-715
534
285
487
-542
-974
841
134
231
258
847
-62
-43
-330
-153
-26
641
134
150
-47
61
-684
620
517
-463
575
16
250
183
-60
336
-652
-402
651
616
545
52
-64
120
338
194
247
-413
539
-177
-203
-226
4
-230
3
-823
-160
-106
-335
432
-515
532
-1059
269
90
-389
602
-554
418
-185
-312
228
-373
629
-370
-223
-58
549
-435
-143
-690
-1018
1162
-392
903
-963
-302
708
-112
131
-370
-559
-359
36
631
320
299
-20
-160
348
-104
789
-562
624
269
528
217
-1020
1346
-363
-258
154
-240
10
-155
-29
313
79
190
441
-297
361
106
-83
-183
182
-205
77
-255
-254
177
-592
186
-44
-90
550
-62
275
-603
417
-143
-420
123
322
73
79
200
-491
674
-292
-3
-438
344
-314
-584
448
360
-700
668
-543
-15
211
-614
33
-337
-158
-441
-3
-36
169
-992
226
-55
244
-521
455
-167
-188
96
-1029
-54
-222
237
196
145
-125
-285
-89
-28
265
183
412
752
176
49
875
-143
3
1013
64
310
-710
350
187
-103
8
-1066
235
565
93
244
249
385
712
-485
545
-126
46
269
149
326
-436
-143
195
221
67
-90
-153
126
-518
42
504
-50
-284
-548
-375
292
-257
-473
104
116
192
-476
-118
345
-795
-97
249
-598
187
-639
-361
103
52
979
-383
-859
-25
-76
-164
22
-891
270
-157
-214
-337
-318
56
253
145
114
-83
-42
-389
-430
376
-127
-321
213
112
232
485
281
40
-458
718
651
288
-585
240
190
-247
1067
-412
682
-770
-411
615
-2
709
82
-57
574
-57
-164
756
153
273
-112
-386
840
-51
-80
663
-51
340
-69
413
551
10
-76
-183
-174
-136
-266
248
-91
184
-273
342
-791
46
465
-291
250
-351
327
-1333
-53
-434
-915
504
103
11
13
-855
-287
-543
-343
-604
-787
-131
17
98
-758
69
-603
521
-436
21
779
17
1083
-169
-441
352
-1073
743
153
-90
1101
-629
-138
-172
-241
-336
421
953
159
0
403
-52
258
-168
680
110
346
323
366
-21
220
184
-529
276
152
-413
253
148
-700
-76
-843
-584
-132
98
582
-439
-318
-42
89
289
-271
-553
424
172
335
-366
466
449
237
677
113
131
308
833
418
-497
31
-96
-21
-48
305
-446
203
527
70
-65
-575
118
-67
-186
304
-371
-538
-552
-252
271
-143
-91
-158
-500
-66
472
1
-349
399
-175
238
-580
-415
54
-117
-78
315
-58
-521
416
-502
46
-113
247
34
728
-435
248
-618
-340
-8
311
109
-673
238
386
-679
-990
614
-463
845
-635
443
-366
618
74
-467
-273
91
737
337
-340
435
346
40
293
-16
-50
-21
932
-224
671
-243
237
10
450
230
391
-53
-212
-261
269
350
-400
-334
-160
-280
-325
374
89
466
-80
-579
6
125
-355
-90
471
-804
-385
-55
278
-288
78
114
-463
198
-792
171
92
403
-285
-272
69
600
537
-531
191
-157
-351
352
-355
-43
243
412
37
812
-844
565
-4
-52
700
-627
156
-871
391
248
-257
-85
454
321
126
-181
-695
378
560
-196
-159
87
163
-85
-103
67
-637
-394
358
-916
-94
223
50
-322
-179
328
-782
-413
401
-49
77
254
-282
-343
-278
-393
-120
141
570
-67
-15
-547
-187
309
597
-35
418
684
-249
-7
210
170
-276
497
96
-129
326
-772
-91
515
232
811
280
301
364
-531
251
46
174
205
669
-40
42
-588
-36
-54
-277
931
420
85
155
112
201
-130
-646
330
692
-30
58
-305
-1043
-698
-137
-374
63
-404
113
-529
-661
-592
-394
305
1
-51
-166
-612
-127
-791
718
308
35
253
-833
-582
192
76
-349
361
-313
511
-418
-17
-515
-158
-181
381
358
-200
-78
-739
224
138
352
120
1030
7
197
-200
283
630
671
350
-56
573
218
398
-485
-56
857
65
1046
366
275
-92
118
780
35
730
-32
-8
-219
457
219
-509
-172
-146
-258
-326
120
-871
-180
-95
-353
19
308
-754
-288
-135
-680
128
-591
-7
228
-809
154
-1098
-244
-148
-718
27
-279
-377
-605
14
-758
65
15
-94
328
-463
-244
17
102
215
-89
485
279
123
-189
-322
339
295
297
1084
221
545
415
-19
-213
61
80
481
23
699
569
-193
653
229
262
783
401
580
827
395
230
-42
-85
423
356
535
72
-1107
1002
227
-334
133
-477
-40
-756
-511
-102
33
-490
-296
-4
-810
-359
-869
-544
-418
-627
-249
-328
-681
-66
-645
-463
-561
-831
-1025
-61
-41
190
-1141
250
-8
-444
298
-614
-268
-84
487
-166
547
-35
415
261
393
202
211
454
287
791
587
177
247
542
-139
477
891
46
501
78
861
532
119
576
335
367
331
773
387
109
62
234
390
-202
145
86
97
-140
-636
-446
264
-171
-360
-195
-595
49
235
-418
-175
-394
-85
-169
-1064
16
-132
68
787
-405
-382
-102
-520
311
47
-157
-481
88
-484
-416
-419
-754
-187
-728
-496
-135
-136
569
-61
-116
-522
-488
-490
-123
252
208
-144
-264
-52
-270
500
537
452
678
-34
582
-39
-327
400
333
76
-129
241
-179
513
-67
-345
25
152
725
-114
389
-10
-9
54
303
650
567
696
268
121
-441
475
329
459
834
-45
40
-317
295
160
-481
288
-130
182
31
394
-24
-155
64
-356
158
-77
98
30
-211
-130
-53
-542
117
-583
-608
-160
-214
-967
-483
385
-359
-102
-190
-637
-330
-721
132
-811
176
-862
-469
-236
-827
113
-196
602
-427
-69
-138
32
168
-168
-393
429
-135
-238
259
-395
45
578
472
715
-10
-86
566
342
439
259
548
43
272
449
674
349
465
930
190
355
421
235
600
-7
365
465
-252
336
-162
-251
544
218
-265
28
-203
-522
86
-488
-164
137
-235
169
-239
-280
-913
205
128
249
-313
-255
-592
-913
-459
-489
538
-204
-70
35
-571
-88
118
8
106
-290
234
56
-160
-14
329
10
-327
-213
-388
88
-217
-174
243
294
-147
-273
-215
-303
108
-14
-121
450
-196
286
198
-458
513
-233
345
-8
-50
297
-264
-16
-43
77
42
124
117
-121
365
-235
229
-398
25
332
-251
768
-413
299
278
-118
-94
30
465
0
54
-257
142
399
-128
-56
90
-193
27
-435
122
-281
592
337
-96
665
-481
-151
124
-53
-398
139
-9
57
81
-326
585
239
-74
621
-398
694
-227
174
94
-322
-39
-221
-13
284
435
-418
235
-9
-491
84
-378
259
135
-385
222
-6
-74
-142
-4
89
-71
-147
-351
4
38
-333
189
-450
-181
-140
-552
65
-180
126
303
188
-449
-213
260
-756
52
-110
-206
362
-335
-342
468
-629
440
-462
7
347
-194
-182
-101
452
-82
557
-6
730
-299
368
-232
294
8
10
-22
99
402
-226
385
-230
-19
-125
162
300
-157
36
106
-102
324
21
473
327
-93
60
-1
-377
352
-661
68
41
-275
350
-356
256
-207
420
-28
137
681
77
138
-220
-269
464
77
297
125
184
-113
-254
-90
-486
-16
335
-38
-504
242
-485
-581
-140
250
-233
48
23
-94
-131
279
-158
-282
-757
-176
-162
-359
-53
-389
-24
-413
-263
-74
112
133
-2
-126
167
-472
-171
86
106
416
267
232
373
166
-442
214
-455
576
-26
68
-47
239
-166
250
-70
204
605
-21
593
11
421
126
-48
420
-193
-135
602
-78
229
226
-210
263
90
20
273
-291
190
256
35
-118
-94
158
-330
-179
-825
336
-100
163
-160
-455
124
36
36
-144
-147
-278
-3
587
80
490
-26
-152
143
-265
-199
6
-51
-108
-338
115
355
-353
225
-222
528
-463
-488
-248
-439
-330
8
3
-143
268
-200
30
-239
-49
75
63
-119
-50
-361
-291
-341
-369
102
-212
-38
-267
-295
-2
-383
-110
614
-475
276
-209
-123
459
-436
-124
-136
-156
616
421
148
1003
73
360
687
575
572
341
419
481
307
237
191
255
-38
64
-73
166
-10
160
25
197
-380
59
273
-27
14
362
590
-20
-271
82
-307
-357
82
-313
-129
-98
119
-256
-102
180
127
-121
-447
269
-395
-597
-125
-776
-264
-360
-621
-439
-333
-366
-196
-418
-26
-109
-394
-400
50
-263
164
507
-169
81
-49
41
-36
-225
438
11
-79
340
5
123
-374
-56
359
88
204
-33
186
52
-128
35
250
125
237
-174
-241
-40
327
-252
197
195
170
280
-96
226
132
-303
554
61
-413
484
294
350
391
650
253
104
9
355
159
263
466
209
244
-36
258
-146
254
51
63
27
-574
-67
624
-266
36
25
87
679
-249
-306
450
-462
27
255
-495
-317
-159
-676
-319
261
-501
339
-558
355
-319
-783
95
-833
-314
29
-324
-61
272
-149
-591
31
-172
-226
-616
-345
-422
-545
32
-163
-408
-89
-528
-540
292
80
-286
-305
-98
-308
-196
-128
-14
412
-53
75
-10
-50
508
-65
989
310
402
405
78
485
368
514
764
755
329
192
452
562
694
636
220
705
161
145
629
261
483
-243
395
395
-118
-23
109
-135
-119
162
29
-190
279
-228
85
-206
-633
-379
-490
-296
-1115
-318
-741
-741
-902
-460
-679
-349
-234
-634
-257
-162
-369
-551
-457
-509
-220
-172
-211
-302
121
24
-444
-94
-412
378
238
601
631
382
295
227
423
152
815
705
426
231
297
520
604
167
849
573
585
1069
891
708
371
644
782
537
709
338
433
-126
-12
-47
-295
330
-290
-22
-462
-205
-168
-394
-448
-435
-138
-505
-503
-918
-769
-327
-463
-315
-134
-583
-759
-357
-572
-350
-359
-762
-148
-281
-549
-597
-659
-748
-865
-597
-325
-343
-224
-580
-740
-10
-964
-350
-178
-249
-383
-342
13
-595
21
-335
394
107
503
714
-119
322
327
567
504
671
823
-153
988
629
924
900
793
1034
713
826
881
1033
1165
706
765
1167
686
700
720
391
411
702
362
394
594
53
270
-46
599
255
47
-62
232
-112
-362
35
-648
-56
184
-212
-432
-462
-367
-582
-606
-778
-582
-729
-1160
-713
-1001
-1070
-519
-556
-319
-539
-271
-481
215
163
-148
162
-103
280
147
495
285
249
-34
-89
-175
-64
-3
188
-409
-25
146
-603
-2
-461
-307
-446
-229
-169
-136
-958
-330
-343
-701
-491
-902
-521
-653
-833
-604
-527
-821
-411
-384
-583
89
-157
-231
118
-418
545
32
200
90
27
328
300
318
175
395
82
237
-80
476
619
377
494
604
110
301
401
223
247
564
854
617
403
947
1002
556
1350
959
1013
1168
1161
969
1181
739
748
1009
1003
677
696
905
456
423
105
625
28
351
57
267
-184
-441
-53
-259
-123
-275
-491
-579
-914
-664
-926
-690
-951
-1044
-916
-688
-1227
-1079
-525
-1161
-832
-579
-1040
-816
-1127
-898
-722
-1252
-986
-1297
-606
-662
-657
-763
-455
-679
-763
-505
-506
-342
-268
-665
71
-36
203
6
265
288
-3
106
-581
-357
-170
-107
-458
372
219
608
1329
1156
1123
871
580
642
945
928
1377
1144
1130
1212
1115
1069
1232
1075
930
1002
199
1039
421
543
385
239
298
364
353
82
43
-308
-19
-611
-345
-754
-854
-738
-975
-997
-814
-619
-683
-367
-574
-587
-445
-754
-734
-186
-251
-256
-356
-27
-127
-297
-104
15
-164
140
461
295
560
389
149
479
282
261
450
415
123
413
189
103
133
-32
190
-16
-81
150
-520
-423
-167
-518
-366
-427
-289
-483
-649
-428
-446
-719
-543
-312
-849
-584
-424
-237
-167
-306
78
153
-80
-58
46
142
10
-189
216
326
494
373
252
222
375
-27
553
478
277
642
349
796
203
558
862
214
559
506
406
254
56
260
54
331
-12
10
-158
-126
226
-110
-434
-216
-409
-3
-385
-162
-351
-627
-484
-617
-878
-163
-454
-645
-43
-341
-317
-52
-238
-94
120
-100
274
165
9
113
192
-24
326
220
374
329
124
557
335
15
658
329
515
161
466
47
28
510
102
538
-12
-55
-127
-11
-499
-77
-476
-461
-396
-709
-296
-805
-208
-644
-710
-859
-410
-395
-361
-160
-402
-265
-693
22
-150
-357
87
8
-133
221
379
202
255
233
590
675
641
811
826
656
533
678
325
760
870
560
558
590
237
219
384
294
200
84
-7
-327
-154
-270
-466
-179
-355
-260
-245
-150
-287
-684
-219
-609
-653
-317
-419
-484
-525
-437
-798
-516
-876
-450
-523
-407
-118
-395
-171
-110
-86
99
39
-15
87
-135
110
22
42
260
406
164
639
549
606
686
348
559
310
197
121
247
-24
230
87
358
320
282
629
724
590
465
631
328
452
409
670
65
316
184
45
80
-93
213
-185
74
-61
-77
12
-277
-220
-148
-162
-368
-371
-403
-670
-227
-584
-452
-333
-521
-351
-520
-661
-552
-374
-767
-466
-413
-417
-451
-382
-312
-164
-495
-28
73
-242
-326
-266
-122
-390
-79
-317
285
-159
-25
-1
363
-48
339
238
276
275
-206
126
138
124
280
728
436
452
414
465
577
576
557
719
633
486
409
340
178
93
232
205
170
237
146
251
-73
133
53
121
117
81
108
199
38
-220
96
-122
-327
91
-159
-69
-98
-81
-114
-161
-134
-48
-92
-61
-2
-111
-128
-143
-164
-224
-53
-97
-357
-100
-140
-241
-151
-34
-163
-159
-49
-172
-387
-165
-26
-197
46
-50
-62
-155
-113
-148
-246
-135
-45
-112
-90
-16
-146
-336
-94
-84
-101
176
127
81
139
69
214
174
-5
53
99
-119
57
-42
130
-10
144
275
226
211
219
41
173
-7
219
212
28
380
-14
192
10
114
-8
-10
131
-63
80
-267
6
-57
-159
108
16
-203
-105
-114
-127
-125
155
6
1
115
-84
123
-92
290
-48
241
32
54
79
15
131
104
138
121
-27
-195
15
-221
-64
-209
99
-74
-110
303
-44
-100
-22
25
-88
54
-69
-104
-138
-153
52
-33
75
9
76
33
9
-142
62
-61
-26
142
-77
179
-43
-81
208
-56
94
268
-101
82
27
-86
20
113
-158
65
43
-97
109
-83
-45
-32
-143
21
22
140
22
67
80
-75
-25
65
-45
-76
-101
-36
22
-73
-86
-49
-99
-82
3
-118
72
3
-104
14
-2
32
-82
85
-109
-15
87
-95
32
-78
-90
-49
-10
-18
84
-29
-40
41
49
-94
54
84
86
22
110
64
-48
50
-50
163
119
24
181
48
-69
114
79
87
61
97
-20
3
-20
-31
-75
53
89
-13
-67
-7
11
-122
-6
91
-11
0
92
-37
-65
-43
39
-75
86
50
-1
83
44
-55
-71
-48
-61
-136
-140
-4
-111
-58
-107
-139
-87
-70
-60
1
5
49
-75
-45
-18
-94
-142
32
-117
-112
6
-34
-1
-23
74
-2
50
64
14
-16
39
34
52
69
112
194
101
218
158
106
163
117
56
191
93
70
90
65
-28
-17
0
34
-36
-18
74
-97
-21
58
-31
12
126
89
-32
32
28
-88
-134
-70
-36
-130
-8
-26
-34
-7
-42
-36
-96
18
9
-106
-14
21
-124
-17
-35
-66
-37
-49
-75
-20
-21
-120
-19
-4
-57
-70
-125
-16
-129
-134
-34
-63
-46
-90
-42
-173
-94
-69
-167
-29
-68
-68
-69
-24
-45
-137
-1
36
81
73
109
156
74
116
98
173
153
176
215
103
166
121
86
175
165
243
223
234
172
176
105
145
147
76
119
85
81
35
14
123
73
94
162
25
75
29
-53
-60
-14
-53
-75
-72
-119
-91
-136
-26
-66
-107
-23
-126
-147
-171
-213
-161
-185
-144
-183
-227
-186
-196
-194
-167
-141
-110
-62
-98
-79
-106
-121
-30
-112
-26
-36
-97
-83
-193
-157
-157
-123
-45
-129
-126
-107
-135
-110
-47
-27
14
45
55
33
33
127
137
124
250
198
200
233
200
207
185
256
214
124
153
111
53
74
77
58
62
56
29
25
40
71
37
55
79
44
72
75
91
103
101
132
68
78
103
61
63
54
3
-5
-5
-42
-62
-46
-39
-87
-79
-63
-81
-87
-76
-92
-95
-64
-65
-63
-66
-39
-41
-52
-11
-23
-34
-11
-43
-60
-54
-68
-83
-80
-85
-107
-98
-88
-100
-99
-58
-71
-82
-44
-52
-53
-15
-2
-16
-11
14
-17
-24
18
-5
-21
7
7
-23
1
18
-15
-3
34
20
9
44
49
16
43
80
72
110
162
163
165
198
197
178
207
224
223
223
229
192
149
142
117
91
74
67
32
-15
-46
-79
-114
-123
-134
-142
-143
-151
-150
-156
-160
-156
-147
-151
-151
-158
-182
-197
-211
-219
-228
-228
-228
-242
-239
-219
-214
-189
-150
-119
-98
-70
-47
-39
-17
24
49
65
86
82
80
89
94
104
121
136
139
149
164
169
185
212
232
243
261
269
264
270
282
280
281
281
263
242
219
197
170
156
133
104
75
42
2
-31
-45
-62
-76
-79
-92
-115
-131
-137
-146
-148
-145
-148
-147
-151
-169
-179
-187
-197
-204
-206
-205
-208
-203
-205
-210
-202
-198
-183
-173
-162
-150
-146
-134
-129
-126
-123
-117
-96
-79
-69
-61
-48
-35
-28
-14
-1
16
30
42
52
59
61
64
72
75
82
93
96
95
95
92
93
98
102
108
104
103
99
100
99
93
100
103
105
101
100
101
101
102
100
95
92
89
83
74
62
58
45
34
20
10
-5
-15
-25
-33
-39
-47
-52
-58
-61
-57
-54
-52
-43
-42
-40
-38
-30
-22
-19
-17
-12
-9
-7
-6
-5
-9
-9
-8
-9
-7
-11
-10
-10
-11
-12
-13
-10
-7
-9
-11
-6
-8
-10
-9
-7
-12
-17
-17
-17
-17
-21
-24
-29
-26
-26
-27
-26
-28
-25
-25
-24
-20
-19
-18
-16
-14
-12
-11
-12
-10
-6
-7
-7
-6
-5
1
4
2
2
6
14
14
14
19
18
21
23
23
21
25
28
24
21
21
17
14
17
17
14
15
15
12
11
11
11
9
10
9
8
10
8
7
6
7
7
6
7
7
8
8
9
10
11
9
10
11
11
10
10
9
6
4
6
1
0
1
-1
-3
-8
-6
-5
-6
-8
-9
-12
-13
-15
-16
-15
-14
-14
-12
-12
-14
-14
-15
-13
-13
-13
-12
-12
-8
-10
-9
-9
-8
-7
-4
-3
-4
-5
-6
-2
-2
-1
-1
0
-1
-2
0
-1
0
-3
0
-1
0
3
2
3
2
4
3
3
5
6
5
7
7
5
4
6
7
6
8
7
9
7
7
6
8
8
8
9
8
9
8
8
9
10
10
9
12
8
10
10
9
8
5
8
4
4
5
5
7
5
3
3
2
3
3
2
1
0
0
-3
-7
-6
-7
-9
-9
-9
-10
-13
-14
-15
-15
-16
-17
-14
-17
-19
-15
-16
-15
-14
-11
-11
-9
-10
-7
-4
-5
-3
-2
0
0
1
1
0
4
5
4
6
5
3
6
7
7
5
8
8
8
10
9
10
8
9
11
10
11
7
6
6
6
5
6
5
1
2
0
1
3
4
6
3
1
1
1
0
-1
0
3
-1
-2
-3
-3
-2
-3
-3
-3
-2
-3
-1
-3
-2
-2
-4
-4
-3
-5
-2
-5
-4
0
-1
-3
-1
-2
-1
-1
-3
-1
1
-1
-2
-2
-1
-1
-3
0
-1
0
2
3
0
1
-1
0
1
0
1
1
1
3
3
1
2
3
2
1
1
2
0
0
0
-2
-1
-3
-1
-5
0
0
-2
-2
-2
-2
-2
0
0
-1
-2
-2
0
1
2
0
1
1
1
1
1
1
0
2
5
3
2
2
2
2
2
2
0
4
1
3
0
1
2
0
-1
0
2
1
1
-1
0
-1
1
1
-1
2
-1
0
0
0
1
-1
0
0
0
-1
-2
-1
-1
-2
-3
-3
-3
-3
-5
-5
-5
-6
-3
-2
1
0
-1
-4
-3
1
1
1
3
5
3
4
4
1
1
-2
2
0
-1
1
0
-1
0
0
-2
1
-2
1
1
-3
-1
-1
-1
-1
-1
-1
0
-1
-1
-2
-2
-2
-1
2
-1
-3
-1
-1
-2
-3
-3
-3
0
0
0
1
1
1
5
3
1
1
-1
0
0
0
3
2
2
4
3
1
0
1
1
3
2
-1
-1
0
2
1
-1
2
1
2
1
1
1
1
0
-1
-1
-1
1
0
-2
-1
-1
-1
0
-2
0
-2
-2
-2
-2
-3
-2
-1
-2
-1
-4
-3
-1
-2
-4
-2
-1
-1
-4
0
-1
-1
0
-1
0
1
2
-1
1
3
2
3
-1
0
-1
0
0
1
1
0
-1
0
-2
-2
-2
1
1
0
1
-2
-2
2
1
-1
-1
0
3
1
2
4
1
1
2
1
2
2
-1
3
0
-1
1
0
-1
-2
-2
-1
0
0
-1
-3
0
1
0
1
0
0
0
0
-2
-1
-3
-2
-2
-3
-3
-2
0
-2
-2
-1
-1
-1
-2
2
-1
-2
-1
-1
-1
0
1
1
1
2
1
0
1
2
1
0
1
0
-1
2
0
-1
1
-1
0
1
-1
0
0
1
1
1
1
2
2
-1
-1
2
0
-1
-4
-2
0
-3
-1
-2
1
-2
-2
-2
-1
0
1
0
-1
1
0
-2
0
0
-2
-3
-3
-2
-3
-1
-3
-3
0
-3
-1
1
-1
-1
0
0
-1
1
3
2
3
2
3
1
0
1
2
1
0
2
0
0
0
0
0
-1
3
1
0
1
0
0
0
-2
1
0
-1
0
0
-3
-2
0
-3
-1
1
0
-2
-2
1
-1
-3
-3
-2
0
0
-3
1
1
1
0
0
0
3
1
0
-1
-1
1
-1
-1
1
2
2
0
0
1
1
-1
-1
-1
0
1
-2
1
1
0
0
-2
-1
0
0
-1
-1
-3
-2
-2
-1
-1
-2
0
-2
0
-1
0
2
-1
-1
1
-2
-5
-2
1
0
-1
2
1
-1
1
-1
0
0
1
1
0
-2
-1
0
2
2
1
1
4
2
1
3
-1
0
2
1
3
2
1
-2
1
2
0
2
1
-2
-2
0
1
2
0
1
-1
-2
-1
-3
-4
-3
-1
-1
-4
-3
-2
-4
-2
-3
0
1
2
3
2
2
0
2
-1
0
-2
0
-1
-2
0
-2
-1
2
0
-1
0
-3
-1
-3
-2
-1
-1
1
-1
-3
-2
-2
-2
-2
0
0
0
0
0
0
-1
-3
-2
0
0
2
1
2
4
3
4
2
2
3
3
2
0
0
2
1
-1
-2
-2
2
2
0
1
-1
-2
-2
-1
-1
0
0
0
1
2
0
0
0
0
3
-2
-2
0
-1
-1
0
-2
-2
2
0
0
2
1
0
-2
0
-1
-1
-2
-2
1
0
-3
-2
-3
-1
-2
0
-1
-1
-2
-2
2
0
-1
-1
-2
-3
-1
-1
0
-2
-2
-1
0
1
0
-1
1
-2
-1
1
0
1
2
0
0
0
2
1
0
1
4
3
1
2
1
4
0
1
1
2
1
0
-1
0
0
-1
2
-1
1
2
0
2
1
-1
-1
1
-2
-2
-1
-3
-1
0
-1
1
1
-3
-3
-2
-1
-1
-1
0
-1
-2
-1
-1
-2
-2
0
0
0
0
-1
1
1
-3
1
-2
-3
-2
-2
1
2
0
0
-1
2
3
1
0
-2
0
1
0
0
2
2
-1
-1
-1
-1
-3
-1
-2
0
1
0
0
0
1
-1
0
1
1
2
-1
1
2
-1
1
0
0
0
1
0
-1
0
-1
-2
-1
-1
-1
1
2
1
-2
-2
-2
0
3
3
1
1
-1
1
0
1
-1
-1
1
0
-1
-1
-1
-2
1
1
0
-1
0
0
-3
-1
-2
0
1
-1
0
0
0
0
-4
-1
0
-1
0
0
0
0
-1
0
-1
0
1
0
0
2
0
-1
-2
-1
-2
1
2
-1
0
1
2
4
-1
-3
-1
0
0
1
3
-1
1
0
1
2
1
1
1
2
1
1
0
1
1
0
1
-2
0
1
0
0
-2
-2
0
0
-2
-3
0
0
-1
-1
2
1
-1
-4
-4
0
-1
0
0
1
0
0
-1
1
1
0
-1
2
1
-2
1
-2
0
0
-1
0
-2
-3
-4
-1
0
0
1
-2
0
1
-1
0
1
0
1
0
0
-1
0
-1
0
0
0
0
1
-2
-1
1
0
0
-2
1
0
-2
-1
1
1
1
0
-1
3
2
0
1
2
2
0
0
-2
-1
1
1
0
-1
1
0
3
0
1
-1
0
-1
-1
1
1
2
0
1
0
2
0
0
0
-4
-2
-3
-1
0
0
-1
-1
1
-1
-1
-1
0
0
1
0
0
-1
-1
-2
-2
-1
-1
0
-1
-1
-1
-1
-1
0
-2
-1
-2
-1
0
-1
-1
-1
-1
-1
0
0
0
0
1
1
-1
-2
-1
0
0
-1
-1
1
1
2
1
-1
2
0
0
0
0
2
2
2
3
2
3
0
1
-1
0
2
0
1
1
1
2
-1
-3
