0
1
0
1
1
-2
-1
-1
-1
-1
-2
-1
-5
-4
-3
-2
-2
-3
-5
-7
-3
-1
-4
-1
0
-3
-4
-1
-2
0
-1
0
3
2
1
2
1
1
1
-1
-2
-3
-1
-1
-1
0
-1
0
0
-1
-2
-3
-1
1
2
2
2
4
4
3
3
3
3
1
4
3
2
1
4
5
2
4
1
1
1
2
4
4
3
3
1
-1
0
1
-4
0
-2
-3
-3
-4
-4
-6
-5
-4
-1
-2
1
-3
-3
-1
-2
-1
-1
0
-2
-3
-2
1
1
2
1
-1
0
0
1
2
2
1
0
1
4
2
3
1
3
2
0
0
0
2
0
2
0
1
-1
0
-1
0
1
0
-2
0
0
-1
-1
-1
1
1
0
1
0
-1
0
-2
-4
-1
-1
-1
0
-1
0
-2
0
1
0
3
2
2
3
-2
-2
-1
0
1
-1
-1
-1
-2
-1
2
3
3
2
-2
-2
2
-2
-1
-2
-2
-3
-3
-3
-1
0
-2
-1
2
3
0
2
0
-1
3
4
3
-1
3
2
1
2
2
1
2
0
0
1
-1
-2
0
1
1
1
0
-1
1
0
-1
-2
0
1
1
3
0
1
2
0
4
1
-4
3
2
-1
2
0
-2
-1
-4
-1
3
-1
-1
-3
-5
0
-3
-3
-4
-5
-1
0
-1
0
-1
0
-2
-2
0
2
4
1
3
4
-3
2
2
0
1
-4
-1
-2
-4
1
1
-4
-2
-2
-1
1
0
-2
1
2
5
0
3
7
0
1
6
5
1
2
3
-1
1
1
2
1
-4
-4
-2
0
1
0
-1
4
4
-4
-3
2
-4
-2
5
-1
-10
4
0
-3
2
4
0
1
1
-7
-1
1
-6
-2
5
-4
-5
3
0
-4
3
2
-1
4
4
6
5
-2
5
6
2
-2
11
11
-18
-7
15
-14
-8
29
-3
-17
12
5
-27
-11
11
-15
-29
-3
-1
-38
-23
9
-35
-55
9
-13
-49
0
-12
-69
-15
-1
-58
-17
27
-14
-31
25
44
-34
7
71
-15
3
69
-14
8
68
23
47
108
69
69
114
69
45
104
39
5
100
5
-51
97
0
-81
116
54
-48
121
6
-62
90
-88
-79
115
-169
-143
80
-178
-125
88
-82
-4
36
-125
-47
-64
-126
14
-44
-136
-22
-102
-143
-15
-2
53
50
22
27
-58
-23
46
-70
65
122
-119
22
96
-64
12
183
104
111
66
80
138
-47
79
250
58
53
207
91
18
165
194
97
69
326
64
28
351
158
-18
336
271
0
324
213
92
101
178
44
55
185
-42
38
-54
-31
-122
-39
-118
-154
-34
-363
-146
-176
-309
-162
-231
-340
-113
-319
-428
-107
-372
-525
-251
-309
-491
-433
-382
-489
-680
-548
-593
-728
-606
-758
-728
-864
-792
-799
-663
-639
-533
-355
-502
-268
-36
-87
-11
331
389
279
430
719
618
522
782
894
691
873
799
763
950
776
763
1052
829
778
929
962
706
958
916
770
792
835
692
633
741
541
600
727
391
408
656
339
391
389
359
202
208
158
59
-118
-191
37
-318
-401
-352
-460
-557
-606
-625
-791
-719
-884
-683
-915
-982
-954
-919
-1011
-1081
-1081
-1232
-966
-1188
-1312
-1124
-1089
-1240
-1149
-876
-1207
-901
-895
-914
-754
-700
-587
-735
-272
-330
-381
-194
70
98
142
250
391
526
507
629
835
859
849
925
1089
998
950
1299
1060
1000
1331
951
896
1078
1015
950
1036
867
814
909
568
864
452
574
1101
133
184
598
359
-142
216
293
-162
-21
-57
-313
-305
-164
-321
-454
-127
-363
-614
-172
-614
-455
-281
-586
-522
-332
-479
-725
-507
-658
-424
-596
-319
-862
-344
-418
-497
-676
-507
-60
-438
-207
-529
-185
-302
-328
-350
50
-233
-262
78
-283
-144
-270
13
286
-40
104
-11
-23
251
94
-287
672
128
88
72
293
278
30
504
335
80
340
316
-89
397
425
-59
283
383
36
10
613
215
-136
286
413
68
4
186
248
84
223
87
28
261
-348
156
197
-116
281
-271
61
263
-136
-134
106
-20
-463
-69
-277
-743
-294
-211
-517
-655
-282
-201
-437
-186
-402
15
-386
250
-24
-13
-97
89
196
121
112
-47
97
102
255
-362
229
106
-48
-246
191
142
-269
280
-362
-307
195
-153
-513
634
-215
-122
186
-141
7
9
350
167
289
-7
156
312
237
-96
82
248
171
438
-67
432
-239
307
529
-410
610
164
206
99
424
567
114
512
377
419
409
732
264
-20
823
38
193
509
47
428
133
7
56
-78
52
-622
84
-294
-906
-316
-665
-1035
-842
-799
-1338
-513
-1052
-1183
-1113
-976
-1136
-1132
-791
-819
-1068
-815
-990
-897
-539
-587
-954
-264
-386
-394
-381
-152
235
-58
305
463
394
514
995
754
827
992
1544
1175
1268
1073
1607
1344
1664
1679
1148
1434
1688
1222
1356
1290
982
1530
750
1035
879
534
889
274
201
384
80
-244
-68
-143
-574
-963
-275
-1326
-932
-789
-1109
-969
-1386
-777
-1602
-1112
-1166
-1379
-1300
-1107
-1219
-1387
-1264
-1249
-1565
-1080
-1041
-1259
-953
-1020
-678
-1100
-452
-674
-428
-88
-307
-136
-187
716
-412
513
591
-84
685
756
430
752
817
460
815
907
815
991
665
959
1021
981
937
887
910
1017
1081
672
922
1082
673
1070
682
494
874
492
835
151
477
208
621
-237
116
-94
-507
229
-556
-386
-257
-657
-1039
-411
-558
-1124
-551
-477
-1119
-394
-729
-734
-519
-674
-533
-633
-345
-184
-940
31
-437
-697
-55
-62
-341
-198
35
-418
436
-230
243
52
27
589
210
605
142
638
249
648
543
77
632
214
356
109
446
251
-99
249
20
41
413
-140
-209
291
-218
-254
-121
-178
66
-299
-392
-110
-232
-274
-620
-660
-157
-383
-365
-99
-150
-799
-184
-378
-448
21
-608
-56
-1
-155
-220
150
-173
339
-112
-107
297
-94
302
257
544
213
428
391
897
388
527
1080
558
887
904
651
464
831
759
184
466
294
548
227
370
281
174
136
-159
167
-328
-329
-95
-335
-687
-386
6
-910
-153
-395
-546
-138
-117
-483
-728
-452
-300
-828
-416
-858
-548
-930
-790
-341
-1168
-455
-735
-535
-770
-365
-564
-611
-19
90
-588
289
-53
-371
810
462
298
412
390
691
275
485
594
594
776
300
567
630
331
416
161
657
130
482
-253
536
233
-263
238
2
209
-20
-64
-76
-235
190
-93
-299
-367
203
-45
-205
-128
-541
614
-166
-237
392
90
120
270
275
217
194
251
505
350
608
332
563
377
623
360
576
140
348
705
-259
643
26
-116
288
92
-396
106
8
-234
-109
-313
217
-443
-42
-905
-90
-316
-327
-717
-81
-538
-1201
-288
-501
-1049
-412
-688
-618
-638
-590
-643
-362
-249
-452
-289
-205
270
-537
29
-22
320
-27
524
388
297
-212
605
851
109
1142
519
1124
642
1024
1068
975
1100
1315
868
819
1128
457
79
506
106
-650
-334
-440
-1024
-1098
-939
-1465
-1290
-1138
-1324
-934
-991
-1003
-979
-138
-305
-265
331
-228
-446
-113
-386
-999
-1251
-1242
-1575
-1384
-1664
-1396
-1346
-2028
-567
-1077
-921
-617
-396
106
74
7
1439
627
1217
1561
2001
2242
2983
2428
3128
4033
2901
4353
3183
4042
4436
3387
3928
3255
2769
2190
2358
1052
631
614
-74
-406
-970
-1292
-1363
-1875
-1792
-2720
-2497
-2736
-3304
-2611
-4175
-2665
-3290
-2794
-2957
-3303
-2488
-2166
-2102
-1670
-1789
-1664
-199
-1575
-516
-401
-520
-260
212
-91
117
525
638
613
667
1140
595
864
1190
871
638
1170
684
1038
1192
229
1467
554
984
534
882
230
527
197
-632
369
-607
-703
-319
-918
-390
-824
-1391
-380
-992
-907
-662
-952
-786
-529
-480
-624
-271
217
-719
132
573
61
698
827
687
1103
1552
1272
1625
1744
1719
2107
1735
2756
1632
1613
2286
1643
1421
1253
766
656
453
257
501
-587
71
-95
-682
-373
-152
-615
-645
-818
-528
-1204
-936
-1207
-833
-1196
-1067
-1373
-1199
-1185
-1735
-672
-2090
-1340
-1276
-1609
-1525
-1452
-1565
-1108
-1186
-1394
-1032
-802
-1220
-1055
390
-1271
-570
-147
-646
138
-15
422
59
610
738
549
985
1038
855
1512
1279
1336
1584
1232
1846
1671
1820
2098
1852
2402
2476
2579
2492
2616
2539
2583
2101
2619
1789
2387
1413
719
1122
363
123
-445
-836
-1219
-1507
-2276
-2075
-2439
-2399
-2626
-2628
-2963
-2434
-2839
-2640
-2391
-2107
-1909
-1174
-1060
-1111
-225
-949
-62
-878
131
-1051
-1033
-615
-1559
-956
-1137
-1252
-945
-539
-715
-313
-530
-643
-828
-815
-818
-1429
-1504
-1737
-1138
-2075
-1875
-1289
-1872
-2066
-1123
-1594
-1201
-618
-1194
328
-619
545
697
1231
1448
1906
2660
3542
3805
5400
5525
6672
7115
6396
7630
6347
6296
5840
5356
4750
4124
2776
3169
2702
2012
2897
3041
3849
3550
4047
2812
1940
599
-1264
-3010
-5334
-5869
-7175
-7500
-7479
-7438
-6475
-6765
-5365
-5495
-5436
-4023
-4602
-4610
-3800
-3861
-3182
-4393
-2627
-2874
-2724
-1661
-1599
-1100
-497
362
1111
1489
1726
2834
2902
2418
3896
2835
3203
3568
4669
5519
6771
8116
7789
8365
6924
4458
2942
-139
-2662
-4827
-7304
-8443
-9098
-9511
-9646
-8526
-7715
-6386
-5955
-3223
-3264
-1657
-951
172
596
837
1861
2199
2306
2213
3355
2427
3910
3248
2702
3464
2669
2950
2694
2715
1987
2060
1156
1726
1230
1106
903
762
92
909
-190
-472
-138
-140
-267
600
793
887
2286
2339
2877
4024
3542
4350
5508
4658
5376
4763
4586
3723
3219
1931
1288
189
-1019
-1952
-3205
-3286
-4741
-4650
-5261
-5872
-5296
-6486
-5964
-5620
-5466
-5203
-4726
-4611
-4230
-4042
-3084
-3121
-2817
-2764
-1770
-1892
-1165
-990
-910
-166
-538
606
483
618
920
1512
932
1387
1544
1293
1518
1674
2133
873
1853
2023
816
2047
1860
1385
2069
1497
1740
2289
952
1879
2079
513
1121
1331
85
615
1054
355
744
718
1152
547
1464
681
777
1448
1313
1785
1072
1214
1624
1308
1076
1718
1382
258
1207
712
352
466
434
-73
74
-893
-1064
-793
-1497
-1474
-1731
-2469
-2340
-2509
-2506
-2353
-2910
-2989
-2688
-3311
-2695
-2767
-2741
-2508
-2519
-1960
-2250
-1039
-1514
-1043
-819
-1011
-323
-386
-568
-8
175
694
724
339
958
898
535
1374
1442
1333
1530
1047
736
1171
236
1025
1156
1164
775
1147
1577
423
1593
1460
910
1308
1091
1036
1369
1480
894
1804
715
598
1479
1268
331
920
-153
451
40
926
194
189
849
-770
283
-207
-289
73
0
-405
-782
-86
-383
-298
-1309
-519
-554
462
427
-1147
148
-836
-726
-648
-700
-548
-1
-974
-412
-355
-717
107
-842
-24
-363
-1156
-1098
-1024
-1779
-1022
-618
-1087
-1740
-1463
-2005
-1637
-1176
-1551
-1250
-1311
-1447
-680
-155
-617
-523
-498
-740
-76
-52
211
214
834
1556
703
1525
1770
1048
1577
1512
886
793
1063
1562
820
1277
1227
1308
1640
937
926
1316
1035
579
611
603
750
978
704
1325
626
323
501
-282
-456
435
703
-17
92
108
-379
-1127
711
947
160
211
511
-429
-320
318
32
-518
-479
-7
-214
-138
-1016
-833
-414
-1000
-1209
-754
-1332
-2318
-1196
-1477
-1796
-787
-943
-1715
-1545
-1368
-2066
-1851
-1225
-1084
-672
36
-703
-714
-611
144
-529
-33
223
-10
-60
-283
-356
305
1122
1383
1176
88
316
621
600
166
1211
1005
1031
913
489
812
622
761
1107
817
576
1032
11
-18
489
249
1155
1645
2188
2101
1595
2108
1604
1995
3071
3053
3430
2614
1457
1137
416
796
887
1168
953
-36
43
863
433
-795
-735
-1293
-2561
-2648
-2112
-3575
-3411
-2762
-3507
-3718
-3421
-3052
-3643
-3237
-3097
-2884
-2478
-2494
-1975
-1286
-1154
-123
7
-403
145
-103
190
-651
175
860
-470
344
1212
1057
437
636
-201
6
-72
849
648
-91
391
626
507
1068
2005
959
1669
1559
1833
1317
2206
2846
2747
2937
3431
3641
2546
3912
3443
3682
3510
2222
1368
1721
1380
1042
2373
1916
2033
484
251
-417
-349
-553
-660
-1649
-2787
-2824
-1730
-2947
-4093
-3756
-3887
-3270
-2452
-2482
-3397
-2736
-2289
-2138
-2520
-2307
-3189
-3504
-3763
-3377
-3418
-3192
-3773
-2999
-2794
-3447
-2096
-2662
-1753
-1892
-1484
-226
-1004
-118
1123
-179
1002
2839
1747
2561
3312
3110
4000
5238
5603
5604
6090
6455
4553
3413
4592
3596
3413
3419
2880
1404
373
148
716
890
-122
296
72
-563
-296
-687
-975
-464
-266
-409
-840
-457
-497
-205
79
78
1446
391
-811
60
-203
-158
1237
191
669
1659
806
558
396
811
278
582
2149
1812
-306
144
-932
-986
144
-1887
-3446
-4248
-5164
-5357
-4631
-4651
-4534
-4657
-3666
-3116
-2525
-2734
-2774
-1928
-1984
-2465
-3200
-2899
-3525
-4305
-3125
-1994
-1777
-1466
-2128
-3198
-2168
-1195
396
2476
3087
4572
5801
5157
5258
5307
5320
5319
5413
5627
5221
4382
4063
2849
959
1187
-746
-1088
-1091
-2263
-2765
-4545
-3693
-3664
-4137
-2643
-2358
-3064
-2355
-1747
-1936
-828
726
2233
3960
5636
7707
7809
5792
6287
7362
7265
7331
8073
7331
7396
8751
9687
10798
11645
11343
9616
7810
6282
4270
1740
-508
-1741
-3949
-5973
-8306
-11663
-13143
-14676
-14475
-14559
-15321
-15395
-14849
-15227
-15689
-15082
-13856
-12375
-11709
-11529
-11387
-11238
-10202
-8677
-6880
-4258
-1334
550
2906
4318
4790
5505
6103
7266
7624
7387
8057
7628
8510
10974
11974
12102
11256
11360
11636
11197
9060
6512
4772
4240
4043
3301
3275
4151
4438
4242
4355
4687
4162
4080
2558
-1334
-4112
-5065
-4763
-4655
-4876
-4180
-5134
-7956
-6926
-4365
-451
3310
5545
7685
9015
7515
4683
2442
-780
-2902
-4801
-6182
-6950
-8418
-8998
-8887
-8468
-7861
-7669
-6662
-5527
-4992
-3541
-2433
-2093
-1129
-427
-342
444
782
874
1110
795
402
46
478
721
699
1069
829
386
454
836
1028
1675
2241
2094
1793
1376
1452
1584
2692
2942
2755
3102
3186
2164
1748
1720
1162
1708
1476
1000
465
-54
20
169
587
393
285
933
1104
1105
1656
1507
1164
1573
1632
1046
910
622
243
88
384
172
-1301
-2034
-1911
-2421
-3003
-3360
-4068
-4108
-4469
-5340
-5462
-5371
-5471
-5343
-4720
-3844
-3942
-3505
-2282
-1431
-429
320
1150
1963
3148
3825
4067
4774
5380
5513
5753
5835
5098
5066
5524
5384
5072
5259
4859
3956
3525
3246
2561
2216
1870
973
279
67
-341
-597
-856
-2120
-4041
-5189
-5738
-6084
-6112
-6704
-7306
-7545
-7184
-6572
-5654
-4552
-3507
-2487
-1747
-1359
-1288
-1239
-458
809
1812
2156
2311
2697
2581
2734
3018
3173
3316
3699
3589
2539
2408
1900
1690
2849
4345
4985
5292
5556
6488
5906
1630
-3451
-5490
-3638
-1317
-501
-2043
-5025
-7837
-8307
-7546
-5948
-4546
-3776
-2255
-429
-646
-2306
-2695
-833
2021
5074
7012
6627
5316
4307
4985
6586
7348
6373
5313
3069
-296
-2372
-3006
-3755
-3700
-2647
-3708
-6448
-7594
-7739
-7311
-4827
-2103
-1185
-756
-197
-641
137
2861
5675
7833
11106
11133
4939
-1952
-4114
-2309
707
2943
1404
-2548
-6583
-9558
-10828
-9464
-7578
-6385
-4195
-2423
-3933
-6737
-7179
-4683
103
5481
8225
7529
6030
5453
6233
8409
10246
10908
11221
10543
8296
5853
3955
2532
2430
2868
1417
-1501
-4004
-5610
-6162
-4966
-3268
-2410
-1886
-1193
-735
-505
957
3245
5754
8319
9928
11354
10008
3659
-3225
-4609
-1719
-212
-1252
-4715
-10099
-14786
-16315
-16311
-15286
-13987
-13775
-12823
-11440
-11957
-13638
-12115
-7084
-1777
2961
5456
4585
3728
5925
9370
12239
13613
12789
11741
12462
11568
8337
6381
6406
6050
4888
2908
-1231
-4437
-4254
-2978
-2606
-2175
-1999
-1917
-518
1872
2795
4205
7091
10000
11545
13847
15190
9352
71
-4101
-563
2824
2392
-2252
-8656
-13522
-15720
-15965
-14956
-13619
-14383
-14547
-12332
-11918
-14072
-14020
-9058
-2866
2215
4575
3844
2686
4305
8249
11897
12079
11585
12825
13054
10914
8940
7142
4965
5778
6273
2662
-1896
-3562
-5106
-5443
-3323
-2878
-3692
-1796
627
624
2006
4887
6076
8660
12429
14714
13741
6985
-2848
-6049
418
4426
1733
-3874
-10303
-16200
-17332
-15369
-14427
-13941
-14279
-14390
-13086
-12764
-14862
-13769
-6599
181
3525
4670
3230
1786
5192
10783
12576
12018
13401
13620
10921
8765
8213
6689
6218
7427
4740
-1132
-4301
-4669
-5495
-4176
-2330
-3160
-3238
-693
549
886
4420
7263
8934
11882
15870
15212
6931
-3164
-5752
1579
6929
4163
-3685
-10888
-16309
-17093
-14227
-12017
-12228
-14279
-14842
-13667
-12997
-14451
-12516
-5099
1876
4036
3414
1770
1511
6526
13929
15970
11936
10547
12221
11923
10266
9432
7097
4868
5052
2991
-2610
-5729
-5121
-4872
-4516
-4182
-5599
-5454
-1666
1508
2585
4367
6320
8347
11954
17123
16257
6077
-4767
-4623
4010
8026
3516
-5179
-12508
-16418
-15351
-12819
-11899
-13420
-15933
-15531
-13364
-13308
-14970
-11661
-3602
2402
3583
1847
-206
1349
9000
16419
17400
13751
10977
10325
11433
12228
10917
7633
4637
3353
906
-3174
-6213
-6092
-5154
-4712
-4916
-5755
-5029
-1342
2230
3724
4444
5968
8483
14084
18710
11837
-2308
-7929
544
8576
7774
-569
-10553
-16491
-15767
-11662
-9873
-10995
-15415
-17135
-14252
-12146
-14094
-13317
-6220
392
2757
1729
-533
-1027
5554
15013
18695
14574
10044
9276
11180
13192
12734
9457
5054
3316
2251
-924
-4556
-4966
-4189
-4652
-5038
-5657
-5373
-1525
3254
4518
3898
4889
7055
12822
18569
11629
-3942
-8944
1056
8611
6576
-1880
-12011
-17643
-15295
-10032
-8719
-11125
-16206
-17709
-13673
-10894
-12925
-12005
-4967
726
2218
1051
-363
1181
8633
15228
15064
11176
9301
10206
12562
14092
11593
7067
4004
3374
1803
-759
-2512
-3205
-3804
-4839
-5529
-5493
-2765
1887
4412
4253
3936
5594
8901
15611
16792
5167
-7979
-6484
4468
7877
2385
-7307
-15457
-18085
-14003
-9990
-10176
-13581
-17619
-16771
-12985
-11656
-12714
-8651
-1322
2151
1205
62
722
4008
11258
17245
15968
10000
8376
11016
13215
13517
11136
5764
1683
1854
1050
-2043
-3507
-3539
-4842
-5700
-5216
-4747
-1730
3272
5274
4302
4670
7322
11525
18716
17467
2272
-10080
-4097
8093
9147
970
-10309
-18218
-18802
-12966
-9427
-11010
-16073
-19982
-17275
-12815
-12328
-12747
-6991
-156
1822
328
-999
684
7584
16932
19307
13092
7054
8991
14149
16791
15059
9666
3251
598
1384
0
-2450
-3251
-4060
-6856
-8088
-6720
-3682
1430
4815
3958
1724
3410
7856
15712
21252
11587
-6435
-10500
2969
11658
7065
-4106
-14529
-19192
-15637
-9397
-8557
-12912
-18834
-19521
-15161
-12357
-13042
-10489
-3469
473
-412
-2468
-2034
3295
13447
19522
15240
7486
6751
12293
16931
16874
11475
5208
3191
4236
2673
-777
-2463
-2958
-3915
-5620
-6688
-5502
-88
4198
4273
2153
2075
5659
13566
20986
13028
-5333
-12119
1122
12963
9545
-3332
-15006
-18940
-14656
-7230
-6151
-11697
-19456
-20326
-14786
-10927
-11603
-10735
-5088
-1166
-1499
-3825
-3021
2841
12276
17398
13447
5947
5158
12217
18139
17475
11248
4861
2193
4161
5750
3016
-1208
-3455
-4896
-6692
-5791
-2721
908
2977
2448
356
742
5866
12649
19316
14880
-2664
-14321
-3586
12681
12476
-326
-13669
-19901
-17105
-7981
-4077
-8346
-16743
-21432
-17815
-11705
-9652
-9478
-5414
-2306
-3275
-5014
-3549
2419
11908
16897
11876
4347
4182
11890
19007
19284
11620
3589
1911
4425
6649
5759
1342
-3902
-5765
-6005
-5544
-2112
2260
2868
708
4
221
4762
12195
18750
16468
1417
-13324
-9087
9639
15937
4592
-10856
-19498
-19503
-10537
-2480
-4757
-13894
-21488
-20392
-13776
-8416
-7729
-6450
-4156
-5124
-6602
-4073
2146
9686
14801
11679
4018
2735
10420
18258
19527
13285
4531
1265
4446
8138
7667
3157
-2521
-5715
-5652
-4277
-1273
1975
2600
9
-1086
93
3787
10082
16584
16789
3219
-11973
-10646
6512
15284
6681
-8664
-18998
-19433
-10964
-1820
-2918
-12072
-21290
-21070
-13434
-7005
-6059
-6554
-5910
-6720
-6588
-3519
1749
7741
12402
10212
3563
2310
9485
17400
18933
13314
4659
1597
5373
9238
8550
3972
-2058
-5452
-4286
-2487
-1182
794
1567
-469
-1206
969
3480
7813
11737
14911
10938
-2529
-12748
-3749
12985
12719
-1687
-15501
-20248
-15620
-4395
-89
-7104
-17974
-23762
-18227
-7703
-3127
-6586
-8593
-8359
-7501
-3786
1116
4632
8134
9673
5714
2719
6523
13646
17581
15498
7956
1856
3725
9262
11125
6940
-242
-4990
-4314
-932
842
890
-297
-1307
-1017
1117
3631
6060
8474
10877
13501
6058
-8436
-11209
4585
14814
6085
-9366
-19124
-18769
-9580
161
-2174
-13069
-23080
-22326
-11305
-2326
-3611
-9323
-10680
-9289
-4569
1359
3416
3406
6508
7510
4210
5101
10402
14440
15209
11935
4522
2361
8021
11758
9130
3411
-2478
-4813
-1183
2055
899
-1108
-1661
-1226
694
3598
4197
5106
7329
10369
12705
5691
-7979
-10021
5436
13329
3393
-10760
-18278
-17285
-7974
34
-4640
-15484
-23098
-20257
-9192
-1509
-5295
-11640
-11345
-8341
-3099
3474
4473
96
2010
7744
7944
6658
10129
12834
11748
11168
8605
5280
7246
11592
9112
3030
-689
-2154
-588
2495
1740
-2149
-2767
-341
1589
3690
4322
3420
4058
9136
13766
6055
-9177
-10977
4495
12231
3105
-9872
-17465
-17595
-8324
822
-3441
-15236
-22930
-19358
-8247
-929
-4806
-11823
-12366
-8280
-2182
3404
3238
-1004
986
7001
7738
6440
9374
12054
11546
11043
8494
5557
8072
12141
9745
3877
85
-1217
782
3431
1757
-2270
-3001
-748
1562
3127
3468
2584
3181
5914
10980
9972
-1974
-10954
-3264
8359
6720
-3416
-13517
-17753
-12287
-2500
-1801
-9616
-18034
-20999
-13504
-3575
-2998
-9479
-11770
-10450
-6212
623
2623
-231
911
4569
4631
5929
9469
11311
12135
12278
8554
6001
9313
12569
11517
7096
1766
-793
1794
4435
2818
-815
-3352
-2759
347
2701
2389
1420
1285
2606
6210
10888
7118
-5539
-10703
-784
8579
5036
-5238
-14537
-16924
-9639
-530
-1156
-10105
-19398
-20408
-10826
-2033
-3086
-9386
-12863
-12076
-5399
2651
3931
122
-2413
-673
5157
11057
11418
9286
8725
8465
9101
11570
11976
10083
8816
6095
2887
2851
3826
2776
1404
-488
-2955
-1716
1232
1662
1043
1126
365
1429
5609
9721
7492
-3017
-10081
-3432
7221
6365
-2547
-11301
-15816
-11437
-1575
750
-7386
-17158
-20390
-13466
-3726
-2135
-8279
-13147
-13246
-7911
250
3269
-713
-3615
-426
5193
8881
9715
9429
9266
9953
11009
11069
10403
10930
10983
7880
4346
3069
2843
3106
2923
91
-3209
-2604
-301
296
284
-149
-996
382
3680
5448
6772
4196
-3847
-7022
939
6873
3086
-3450
-9411
-12289
-7641
-534
-1612
-9028
-16210
-17430
-11167
-4455
-4695
-9703
-13502
-13411
-7253
-69
1292
-1723
-3067
-490
4688
9075
10001
9731
9405
9273
10162
11734
11972
11654
10379
6868
4107
4113
4582
3887
2299
-1046
-3772
-2531
96
311
-725
-1537
-2011
-574
2854
4616
5702
4448
-1534
-5975
-658
6190
4649
-800
-6161
-10135
-8686
-2146
-691
-6452
-13456
-16456
-12989
-6847
-4786
-8700
-12694
-13429
-8975
-2138
1053
-836
-3278
-1982
2888
8707
10356
8736
7468
8180
10167
12378
12325
9993
8545
7323
5997
5398
4835
2767
922
-271
-2056
-2470
-1187
-391
-1555
-2144
-1967
-930
1110
2867
2850
3339
4894
2386
-1501
-59
4071
3307
398
-2492
-6842
-8110
-4498
-2665
-5997
-10063
-13585
-13505
-9021
-5873
-7448
-9912
-10959
-9706
-4266
272
210
-1332
-1106
727
4862
8689
8428
7203
7379
8239
9448
10756
9521
7471
6941
5955
4529
3766
2713
803
12
-816
-2154
-2234
-1476
-1145
-1067
-1115
-1255
-350
1340
2610
3275
3084
3538
4358
2553
-985
-1477
836
2060
1340
-2604
-7791
-8613
-4744
-2363
-3951
-7555
-10986
-10513
-6203
-2642
-3433
-6433
-7876
-5854
-1696
1246
1199
-911
-1510
799
4228
5901
5283
3918
3676
4992
6143
6196
5234
4177
3268
2501
1711
1233
1331
1096
258
-901
-1507
-1093
191
1084
894
286
86
940
2426
3060
2107
993
979
1564
2391
2824
2040
448
-1396
-2147
-868
697
-295
-1823
-2871
-3787
-3194
-1474
-1627
-2930
-3273
-3718
-3696
-2690
-2286
-2695
-2669
-2704
-3028
-2466
-1565
-1264
-1261
-1068
-1081
-918
89
866
992
997
1117
1437
2017
2069
1566
1361
1630
2153
2396
2048
1637
1347
1402
1833
1885
1163
507
415
914
1595
1344
493
115
333
681
1056
1234
958
937
1411
1772
1682
1751
1679
1214
797
462
469
891
1017
332
-623
-1358
-1573
-1375
-1288
-1591
-2309
-3111
-3481
-3382
-3277
-3236
-3196
-3213
-3207
-2926
-2564
-2328
-1951
-1247
-737
-638
-458
-86
208
507
706
512
185
51
260
744
1130
954
547
273
453
1131
1789
1818
1331
1266
1641
2119
2531
2912
2390
1695
1713
2058
2244
2450
2214
1416
1145
1150
988
656
466
225
-36
-260
-498
-743
-1114
-1090
-811
-787
-1081
-1282
-1389
-1286
-761
-605
-952
-1061
-822
-924
-1014
-972
-1276
-1639
-1682
-1703
-1757
-1669
-1715
-1710
-1577
-1616
-1541
-910
-317
-293
-307
-160
129
735
1415
1435
971
630
616
1025
1553
1668
1212
686
463
671
977
903
472
197
211
270
279
277
323
382
491
521
513
566
718
912
1041
976
858
963
1057
923
664
226
-306
-573
-508
-484
-712
-1116
-1468
-1489
-1295
-1048
-882
-710
-612
-617
-520
-157
345
706
868
670
337
175
278
499
644
507
26
-430
-635
-508
-378
-504
-845
-1148
-1248
-1192
-1045
-939
-808
-700
-604
-416
-194
27
217
404
544
781
1033
1153
1178
1082
867
534
237
97
111
-13
-381
-618
-667
-728
-841
-677
-255
89
92
-164
-199
243
1004
1499
1441
915
447
501
996
1426
1325
721
-9
-253
52
312
116
-320
-687
-914
-937
-872
-823
-827
-848
-811
-643
-407
-200
-34
38
72
223
528
825
894
747
579
476
371
196
-24
-189
-294
-447
-632
-855
-1116
-1165
-812
-373
-308
-560
-739
-567
-40
585
878
676
284
97
284
662
918
830
464
130
36
73
41
-46
-129
-223
-317
-375
-463
-632
-680
-462
-163
-57
-141
-148
17
188
264
368
554
683
693
680
645
532
429
383
246
21
-59
34
-32
-381
-716
-710
-376
20
158
-124
-575
-644
-126
517
713
382
-145
-446
-238
292
540
242
-218
-410
-276
-68
-38
-222
-482
-603
-432
-123
-47
-287
-494
-423
-152
119
211
126
58
138
262
312
274
243
349
498
414
125
-37
19
113
144
98
-32
-133
-117
-40
66
189
257
312
393
377
303
373
530
600
547
322
-30
-194
-20
171
-13
-508
-895
-908
-684
-514
-591
-896
-1142
-1005
-575
-300
-341
-437
-349
-91
178
320
337
364
465
585
619
518
385
369
406
331
149
-52
-191
-190
-49
21
-149
-408
-457
-241
54
291
402
377
313
361
563
834
955
816
576
389
329
388
406
224
-74
-395
-656
-696
-568
-545
-756
-1074
-1224
-994
-665
-629
-783
-760
-473
-119
80
85
103
298
565
652
482
307
431
743
787
395
-89
-330
-250
62
302
103
-418
-689
-449
10
257
160
-2
78
356
585
678
682
622
555
511
466
408
391
373
208
-99
-405
-521
-370
-215
-407
-850
-1142
-1047
-640
-280
-338
-722
-914
-621
-94
238
241
122
147
373
570
493
310
357
571
589
332
47
-84
-78
-35
-61
-245
-472
-456
-143
113
26
-211
-247
23
434
714
718
542
412
446
583
624
494
351
245
17
-318
-500
-438
-324
-334
-559
-967
-1282
-1163
-667
-246
-278
-622
-753
-449
24
365
516
476
347
339
506
689
767
703
512
270
119
134
217
196
-24
-365
-623
-576
-235
51
37
-155
-316
-333
-104
333
732
864
703
439
310
423
685
859
727
265
-245
-470
-382
-244
-283
-542
-927
-1208
-1193
-951
-711
-632
-721
-804
-662
-304
37
212
248
276
387
561
714
770
707
587
518
475
364
245
217
177
-30
-357
-599
-569
-308
-76
-80
-270
-445
-404
-82
371
659
639
452
353
482
732
888
828
597
327
125
17
-63
-178
-303
-420
-575
-799
-986
-997
-842
-665
-594
-666
-751
-613
-205
188
302
211
150
277
557
815
844
603
285
165
334
554
516
176
-250
-505
-453
-214
-74
-162
-349
-471
-485
-382
-140
166
329
237
50
45
294
598
718
555
241
49
146
361
371
71
-329
-537
-448
-233
-164
-371
-676
-766
-541
-234
-143
-244
-291
-162
39
202
301
356
385
422
442
370
243
190
300
437
357
19
-309
-352
-141
34
-46
-281
-403
-299
-127
-45
-25
28
118
144
105
123
244
356
346
206
10
-97
7
225
256
-45
-467
-655
-489
-158
13
-152
-483
-631
-429
-69
144
132
8
-102
-57
189
479
574
441
253
162
177
249
328
341
224
-12
-226
-254
-101
27
-44
-248
-378
-333
-191
-82
-55
-42
38
155
216
178
135
198
332
375
219
-43
-195
-113
55
42
-214
-488
-549
-422
-299
-284
-331
-368
-341
-250
-105
58
181
198
111
48
154
421
642
621
354
58
-24
181
489
575
285
-202
-494
-368
-7
179
-22
-395
-572
-408
-97
52
-30
-141
-69
148
299
273
181
193
297
345
271
160
86
37
-44
-148
-226
-248
-230
-235
-314
-443
-484
-339
-110
-32
-125
-186
-71
118
190
137
94
172
334
449
376
128
-76
-16
260
439
286
-105
-398
-359
-81
134
71
-213
-424
-344
-54
144
64
-113
-108
104
281
250
122
81
139
173
125
44
-16
-45
-60
-99
-196
-313
-339
-235
-126
-148
-256
-268
-116
80
181
182
162
172
230
318
386
378
280
154
51
5
27
89
86
-57
-272
-380
-293
-149
-138
-259
-350
-308
-173
-35
52
73
47
62
188
367
452
404
320
275
240
175
107
62
6
-107
-246
-357
-422
-449
-434
-429
-473
-501
-406
-190
-16
20
-4
48
194
344
434
476
489
482
445
357
232
160
197
264
184
-92
-383
-471
-333
-186
-214
-392
-553
-549
-365
-120
31
21
-44
2
216
480
614
562
430
354
389
475
502
382
124
-140
-281
-284
-253
-284
-387
-539
-708
-789
-672
-391
-129
-66
-174
-273
-198
68
406
623
602
427
301
337
456
513
459
332
166
-15
-164
-225
-215
-233
-334
-485
-593
-600
-508
-352
-222
-196
-250
-224
-11
312
531
516
370
303
439
675
778
607
271
37
31
112
82
-103
-321
-466
-532
-557
-521
-419
-302
-252
-300
-346
-264
-13
275
422
366
240
231
378
553
589
463
292
188
165
128
1
-170
-293
-350
-417
-536
-639
-627
-508
-421
-434
-471
-397
-171
98
261
265
230
303
504
672
651
477
338
352
422
385
196
-29
-172
-215
-231
-291
-373
-408
-358
-297
-311
-361
-305
-81
169
264
191
119
205
420
590
569
388
218
197
288
316
167
-85
-268
-321
-323
-375
-497
-614
-645
-586
-508
-475
-470
-420
-286
-112
29
134
237
348
427
448
444
466
518
550
496
334
145
29
18
47
14
-117
-275
-363
-336
-234
-135
-95
-94
-83
-30
60
161
252
328
376
377
333
280
250
237
210
135
14
-125
-244
-322
-375
-436
-520
-596
-617
-572
-491
-435
-433
-441
-379
-210
16
191
232
164
104
168
360
550
586
437
216
93
123
238
308
239
64
-105
-160
-92
21
94
95
49
16
46
135
240
305
312
293
286
313
339
320
228
100
1
-34
-39
-72
-199
-411
-616
-692
-599
-449
-407
-522
-689
-729
-564
-300
-99
-49
-77
-58
29
129
199
259
328
371
337
233
138
126
177
213
168
62
-16
-21
16
42
45
47
68
105
147
191
236
264
272
281
300
340
372
355
267
131
37
33
63
27
-131
-358
-537
-570
-478
-390
-417
-544
-651
-620
-453
-247
-122
-105
-127
-93
34
178
267
273
223
179
177
207
231
221
176
110
39
3
30
101
146
113
19
-45
3
141
256
251
140
44
79
226
358
353
219
77
44
119
208
191
47
-138
-259
-286
-269
-272
-338
-444
-528
-550
-506
-430
-344
-268
-223
-203
-179
-103
18
138
188
166
121
115
163
207
196
140
94
95
133
162
142
85
44
62
130
190
187
138
95
104
157
210
222
192
152
144
159
162
133
79
33
13
-10
-66
-154
-238
-276
-277
-283
-322
-372
-387
-358
-310
-274
-243
-185
-101
-32
-14
-34
-24
63
171
204
128
18
-6
85
186
175
59
-35
-4
119
194
152
49
5
76
187
229
173
92
70
129
194
210
174
122
97
94
95
85
65
29
-43
-126
-180
-182
-150
-148
-220
-330
-394
-352
-242
-159
-168
-240
-277
-209
-73
46
75
30
-10
19
108
177
166
96
38
39
88
128
119
76
32
15
34
76
113
127
107
55
12
21
88
165
196
145
44
-29
-17
82
183
189
77
-80
-160
-110
-9
32
-47
-189
-279
-258
-177
-137
-165
-210
-206
-142
-76
-57
-75
-79
-37
30
76
88
77
71
71
65
56
65
104
148
159
110
38
2
37
107
140
108
36
-6
6
40
52
35
23
36
52
34
-6
-12
41
93
68
-31
-111
-98
-12
28
-51
-194
-269
-206
-80
-41
-130
-242
-250
-139
-19
4
-55
-98
-57
33
85
72
38
44
90
122
104
65
68
118
162
155
105
69
85
129
140
103
45
20
36
53
36
-7
-24
-12
-6
-26
-48
-26
36
71
15
-92
-142
-70
55
87
-39
-216
-266
-145
13
27
-124
-275
-265
-102
40
18
-124
-221
-164
-21
73
46
-42
-84
-34
52
105
118
125
133
130
115
116
156
207
202
129
44
26
93
155
126
15
-67
-30
73
119
50
-67
-103
-28
69
73
-26
-124
-112
-15
55
14
-87
-135
-77
18
42
-35
-140
-164
-96
-22
-24
-102
-184
-198
-150
-86
-54
-62
-97
-128
-113
-35
69
131
109
36
2
72
199
265
207
73
0
54
169
215
132
-5
-65
-3
89
107
33
-54
-69
-13
31
5
-57
-80
-40
11
3
-61
-99
-58
25
70
25
-66
-101
-44
47
68
-5
-103
-133
-81
-19
-16
-71
-122
-116
-62
-8
7
2
4
24
51
73
91
108
117
99
56
24
42
94
119
68
-25
-71
-30
56
87
33
-58
-93
-49
15
24
-35
-92
-94
-52
-25
-48
-78
-72
-36
-10
-26
-49
-36
17
53
22
-43
-68
-20
48
59
-8
-85
-87
-17
56
65
16
-24
-11
44
88
87
65
52
58
61
35
5
9
40
46
-1
-77
-106
-48
45
75
5
-91
-102
-4
106
119
27
-62
-56
27
83
51
-17
-41
-3
34
13
-38
-42
22
77
47
-47
-98
-43
62
94
11
-102
-128
-38
61
71
-1
-58
-41
25
61
40
15
26
49
24
-52
-96
-51
42
65
-45
-184
-200
-62
92
101
-41
-179
-155
9
147
124
-17
-116
-74
49
115
74
-14
-53
-22
19
35
31
28
33
17
-21
-23
27
92
96
19
-70
-78
15
108
113
20
-68
-60
31
110
95
13
-47
-33
21
43
-1
-63
-82
-49
-27
-60
-106
-109
-52
5
-1
-64
-102
-51
56
116
71
-26
-68
2
108
147
84
-5
-28
23
84
93
53
24
16
16
-3
-26
-13
31
49
0
-82
-110
-45
63
110
51
-43
-72
1
103
134
66
-26
-59
-28
7
-12
-65
-106
-111
-102
-110
-129
-124
-90
-54
-49
-70
-74
-30
42
78
53
4
-2
51
115
117
59
1
1
59
101
74
5
-37
-12
40
51
9
-42
-45
-6
28
16
-24
-33
8
62
71
39
14
34
85
111
78
21
-6
11
31
10
-50
-101
-113
-91
-80
-101
-125
-126
-98
-69
-61
-60
-38
-2
24
21
8
15
58
95
97
59
28
39
75
97
80
45
15
11
21
30
28
14
-19
-49
-56
-34
-2
10
-13
-46
-45
2
59
75
49
13
12
45
70
58
18
-17
-24
-24
-39
-67
-86
-87
-72
-79
-103
-120
-106
-57
-12
-14
-52
-78
-50
24
80
71
12
-28
4
86
133
99
22
-19
18
86
110
54
-28
-55
-14
42
42
-17
-74
-66
-10
39
37
3
-12
17
66
92
86
68
59
58
54
47
36
22
-2
-46
-84
-96
-74
-50
-69
-126
-173
-157
-85
-21
-21
-78
-118
-85
10
88
86
26
-12
25
99
146
118
53
14
36
78
84
37
-31
-58
-32
8
14
-28
-77
-85
-39
24
50
30
-8
-7
47
113
138
104
51
34
64
94
80
25
-37
-67
-70
-78
-105
-140
-157
-160
-171
-198
-210
-181
-118
-67
-65
-93
-91
-18
98
169
155
97
76
132
214
241
182
92
46
66
97
84
17
-45
-60
-36
-15
-19
-32
-32
-7
18
34
45
66
91
92
71
51
59
84
87
37
-39
-72
-54
-21
-41
-121
-204
-221
-178
-135
-150
-227
-277
-247
-151
-71
-62
-99
-101
-27
87
162
164
128
116
156
214
233
194
126
71
59
77
84
56
-1
-52
-69
-35
9
32
11
-33
-47
-10
54
97
92
51
17
30
80
115
99
42
-5
-14
-1
3
-31
-90
-143
-163
-163
-160
-171
-190
-200
-197
-178
-149
-115
-81
-51
-21
6
37
72
99
119
134
143
139
121
101
96
101
101
79
40
3
-3
21
48
49
15
-15
-6
41
82
79
44
23
48
94
107
62
1
-15
20
53
24
-61
-129
-134
-93
-78
-115
-168
-189
-165
-132
-135
-157
-146
-87
-22
-2
-37
-65
-35
48
120
123
65
20
37
91
122
98
48
20
36
61
57
28
9
22
51
61
53
47
67
90
88
64
57
86
125
123
66
-1
-23
8
40
18
-54
-124
-147
-127
-118
-138
-165
-162
-144
-148
-170
-175
-120
-34
13
-15
-78
-83
0
114
161
102
8
-29
31
117
131
60
-27
-56
-27
18
22
-12
-35
-25
-4
5
17
54
106
134
112
79
102
182
247
225
128
54
69
143
169
87
-44
-131
-118
-60
-58
-134
-224
-250
-210
-165
-153
-166
-162
-128
-84
-60
-51
-26
25
70
69
37
20
52
100
109
59
2
-13
22
57
39
-16
-57
-43
-4
15
-4
-31
-26
11
43
42
34
51
94
130
122
87
79
108
150
148
87
14
-19
-7
4
-32
-103
-162
-173
-159
-167
-196
-213
-189
-139
-107
-114
-127
-95
-16
67
96
65
35
62
135
176
154
95
47
70
101
107
54
-12
-27
-18
-14
-27
-50
-52
-42
-53
-29
-8
26
59
72
56
52
98
130
177
147
93
72
55
99
90
17
-87
-147
-161
-153
-128
-184
-222
-228
-198
-110
-110
-114
-74
-7
74
51
47
64
132
197
177
92
65
90
106
110
62
11
-33
-50
-54
-18
-69
-104
-74
-20
-28
-52
-96
-24
6
-22
-34
8
51
103
61
126
22
72
11
115
5
-2
-390
-1559
-793
-970
161
680
1487
1821
1682
1632
553
69
-1005
-1383
-1739
-1549
-1217
-482
13
702
652
1146
-805
-1358
-1386
-1675
-229
584
1926
1349
2444
1385
824
-20
-344
-795
-1060
-552
-460
412
689
1049
912
809
474
227
-159
-525
-646
-1339
-1432
-1265
-882
-304
187
574
909
1026
970
699
312
-125
-380
-585
-439
-322
9
292
541
473
760
925
-261
-547
-2002
-2286
-2535
-2099
-1397
-613
409
839
1689
1596
1617
1178
865
-365
-820
-1116
-1094
-380
238
1030
1305
1695
1363
1008
259
-243
-596
-672
-422
-153
-56
49
-264
-920
-944
-1003
-521
132
733
1237
1050
784
131
-167
-457
-308
66
487
893
482
842
516
200
-323
-640
-717
-715
-290
13
342
382
339
37
-12
-321
-449
-327
-404
-824
-620
-757
-738
-603
-701
-370
-199
341
514
814
554
576
215
-182
-153
-214
218
-18
496
870
585
642
714
109
7
-725
-319
-329
-271
202
-19
-162
-185
51
-279
401
-660
73
65
-564
-282
323
-78
-37
200
-108
-55
-578
759
-730
-121
242
-478
339
-29
322
215
237
-257
342
-263
143
439
-398
161
-29
-86
156
82
-158
41
11
-362
236
301
-109
-21
-436
252
270
-308
353
-222
379
591
24
500
-33
-721
289
-76
-400
692
-184
-131
190
-33
-32
211
-203
-199
-181
56
-418
-281
267
22
-178
273
410
-372
7
-639
-474
630
198
294
254
297
385
-750
411
-557
-144
303
40
330
81
-10
-271
-544
-246
-111
-209
-61
156
-317
175
220
-296
-188
503
-436
222
448
-354
817
54
-66
203
-474
172
-47
-533
73
-434
260
-189
-149
1
-104
311
-797
219
186
-516
651
597
49
405
636
-866
453
156
-420
229
-57
-146
665
431
-520
109
-366
-47
-441
-264
654
-416
-441
-5
70
-48
183
-163
-409
192
-135
366
-444
417
281
-435
-417
-330
-379
69
543
125
375
460
144
-202
440
-272
-303
514
-84
82
89
288
251
106
-358
-41
272
-11
569
-64
-490
366
117
-233
-269
276
-502
-716
862
-437
-46
-397
65
-415
79
-308
-770
833
-589
514
465
-446
199
68
103
-391
477
228
-284
287
184
-75
-473
-19
-443
-42
-28
-416
350
-48
130
-321
-159
251
78
-146
501
184
436
107
705
-256
-596
204
-329
399
-200
308
-277
-231
492
-279
-236
-288
-243
385
66
215
116
-113
503
254
-99
284
-43
194
137
-101
1098
-201
316
396
-325
296
137
76
-388
399
-198
90
101
-48
-487
-91
-627
140
-165
-120
163
-802
-47
-650
-769
399
-135
-82
690
-220
213
-322
205
179
-388
-68
240
-334
-527
311
451
-479
230
125
-525
631
73
454
515
38
697
129
470
8
344
318
-149
291
661
-508
91
159
-392
9
-48
-146
-460
-167
-188
50
-481
-32
-92
-537
-209
-55
-85
-535
-19
-189
-453
-457
-618
-688
-704
49
-601
-200
-249
-419
-464
-791
-80
-706
-110
29
-549
152
452
-502
76
-115
7
614
328
524
-25
501
744
252
559
438
248
527
628
558
931
490
187
832
689
773
417
-91
116
953
-18
1083
439
44
314
346
9
108
773
405
33
330
911
-131
830
490
-182
430
97
120
283
-1
-237
194
-162
356
-169
-218
-243
-814
-310
-22
-408
-51
-131
-855
11
-779
-134
-706
-234
-645
-706
-638
-658
-1229
-1147
-528
-1111
-929
-503
-1408
-909
-983
-1364
-804
-1221
-1176
-1205
-625
-964
-588
-869
-797
-230
-655
-317
-953
-83
-736
217
18
-42
445
-24
470
100
863
314
1139
787
596
1091
1074
1033
1406
1376
1460
1310
1705
1485
1323
2219
1870
2699
1314
2455
2294
1877
2265
2562
1450
2080
1781
1161
1513
742
1477
349
758
526
284
-14
310
-357
-113
-1052
-1325
-1012
-1864
-1746
-2392
-2146
-2531
-2350
-2490
-2739
-2681
-3176
-2618
-2812
-2935
-2697
-2631
-2049
-2368
-2145
-1929
-1954
-1602
-1306
-664
-1440
-886
-63
-564
-185
393
58
128
938
1210
840
916
1162
1671
1378
1575
1711
2380
2163
1491
2400
1177
2290
1339
1356
1400
746
1155
368
499
500
298
193
633
274
344
334
170
133
361
159
460
392
-32
642
-69
471
404
580
282
369
452
354
104
210
343
-36
-313
22
-1149
-84
-556
-897
-955
-909
-1113
-1183
-1071
-788
-1067
-1221
-527
-1529
-705
-1179
-842
-216
-782
-477
-920
-483
-31
-281
322
-371
-41
14
370
-128
339
293
97
442
145
479
-32
-28
540
93
248
142
235
300
398
502
208
511
824
240
17
528
-62
436
611
-75
463
288
500
-102
10
440
-46
-35
778
-311
-2
207
25
-304
-322
-350
-551
-549
-426
-967
-694
-442
-1063
-795
-737
-595
-717
-558
-235
-178
-39
-588
530
447
414
1356
894
1146
1328
959
639
1548
826
1003
1162
1041
1006
980
1337
1534
769
1671
1152
1341
1856
1045
1763
912
1162
1052
432
304
-144
-432
-984
-701
-1187
-1810
-1598
-1623
-2542
-2276
-2193
-2645
-2001
-1890
-2257
-1867
-1882
-2924
-2258
-2898
-2792
-2940
-3197
-3205
-2566
-2737
-2271
-1038
-1513
60
325
1006
1852
1302
2047
2454
2294
2646
1802
1673
1360
525
232
-523
-633
-585
-757
-945
-1143
-476
-761
-102
-6
173
999
1291
1575
2484
2496
2476
2821
3091
4206
3173
3789
4381
3010
3564
3306
3078
2621
2319
2335
2072
1666
842
886
932
-340
135
-231
-597
-593
-903
-1646
-1670
-1494
-1737
-1958
-1453
-2003
-1952
-2067
-1802
-1904
-1895
-1401
-2232
-989
-2345
-1786
-2231
-2434
-2027
-2684
-2256
-1893
-2682
-2144
-1638
-2581
-1649
-1690
-1610
-1297
-1350
-1040
-1203
-171
-262
-679
262
-95
-351
158
-161
190
186
13
832
383
152
787
851
985
841
1518
1581
856
1392
1599
1000
1809
1947
912
2271
1198
1081
1705
653
1328
838
354
651
557
207
655
-152
494
143
-94
14
268
77
-198
184
373
412
186
306
202
779
752
680
872
1427
1292
1149
1899
1181
1279
1892
1630
1807
1716
1232
1480
1142
1742
1172
831
938
123
-668
-989
-1265
-1799
-1892
-2479
-3047
-3125
-3483
-3928
-3616
-3596
-3485
-3174
-3275
-3708
-3030
-2766
-2457
-1413
-1951
-810
-1131
-571
-572
-403
265
-643
59
722
72
866
797
707
1130
1440
1782
1645
2321
2410
2778
2376
3226
3241
3076
3644
2895
2710
2481
1787
2342
1374
1373
1115
453
288
-516
-616
-1314
-2096
-2430
-2802
-3660
-3470
-3466
-3362
-3104
-2983
-1901
-1531
-731
55
456
1488
2165
1918
3130
3181
2749
2897
2430
2860
2179
2094
1288
1303
149
107
-469
-1722
-1597
-2750
-2753
-3151
-3664
-3674
-4239
-4896
-4537
-4785
-5171
-4539
-4228
-3409
-3306
-3142
-1487
-1534
-543
167
703
1408
1882
2534
2930
3223
4106
3930
4230
4300
4427
4783
4522
5006
4283
4496
3957
3747
3672
3291
3319
2944
2405
1851
1481
725
661
232
-473
-393
-1093
-1671
-1702
-2278
-2157
-2246
-2456
-2521
-2691
-2238
-2739
-2407
-2298
-2377
-2620
-2181
-1955
-2323
-1417
-1350
-1685
-1503
-1125
-778
-1128
-762
-398
-326
7
-43
-205
329
108
45
753
351
159
711
712
959
764
984
620
337
289
112
50
242
446
503
354
64
-79
-54
74
259
8
262
430
-288
335
216
-261
733
-181
367
721
224
-63
403
414
-8
494
301
310
-527
-257
-455
-666
384
-468
-272
415
-633
-90
-203
27
134
-144
467
191
759
608
881
921
1228
1596
1424
2372
1791
1654
1561
1793
1345
1233
1245
802
1135
525
401
-77
-574
-612
-916
-1233
-946
-1415
-1316
-1524
-1545
-1425
-1439
-1748
-2328
-1916
-2516
-2164
-2797
-3005
-2539
-2808
-2475
-2793
-2733
-1741
-2353
-2298
-1748
-1083
-1551
-609
-439
-623
1085
1008
1497
2133
2849
2679
3037
4050
3151
3926
3697
3403
3210
2782
2349
2540
2177
1962
2442
1713
1837
1222
910
1186
602
348
389
-72
-393
-933
-605
-987
-1245
-957
-1044
-1417
-1311
-1450
-1552
-1043
-1496
-843
-1081
-468
-269
-625
-348
-194
-857
-117
-421
-574
-274
-861
-241
-554
-1117
-287
-795
-867
-839
-1383
-754
-1317
-612
-730
-713
-153
-57
426
647
788
840
1740
1689
1793
1691
1651
1199
1070
1368
339
764
63
40
-521
-778
-852
-1298
-1438
-1009
-1542
-1725
-1445
-1440
-1547
-1617
-1284
-1391
-1947
-909
-1240
-1225
-1322
-1111
-605
-794
-597
-202
-356
-323
297
174
396
230
871
516
863
1110
595
1335
1404
1505
1694
1895
1916
1742
1721
1624
2041
2305
1451
2153
2087
1571
1951
1687
1258
1274
1228
937
816
892
950
485
967
-329
85
386
-356
130
-126
-685
-690
-647
-900
-709
-560
-689
-1184
-521
-411
-1054
-179
74
-224
200
68
-58
265
323
67
606
39
168
155
-54
-178
-633
-1263
-1444
-2180
-2609
-3294
-4049
-3861
-4755
-4692
-4576
-4691
-4657
-4313
-4066
-3703
-3092
-2735
-2084
-1838
-818
-135
34
1723
1558
2276
3100
3411
4147
4695
4497
4818
4860
4393
4924
3995
3551
2964
2639
1776
1424
700
527
-100
-660
-800
-1361
-626
-1332
-1713
-1404
-1034
-1507
-721
-741
-751
117
-239
334
886
1140
1525
1824
1989
1947
2038
2469
2028
1823
1825
1824
1553
2093
1050
903
657
-178
9
-707
-276
-1218
-1159
-1627
-1504
-1615
-1735
-2452
-2445
-2090
-2937
-2855
-2248
-2962
-2565
-2818
-2619
-2276
-2658
-1653
-1673
-1462
-1376
-1137
-980
-609
-775
-536
210
-36
328
501
840
1073
1160
986
1175
1202
1680
1649
1277
1807
1565
1488
1669
1630
2009
1814
1764
2100
1324
1179
1409
260
1029
406
317
502
208
787
401
105
760
302
-696
-366
-806
-1511
-1652
-1499
-2654
-2210
-2471
-2894
-2385
-2603
-2826
-2206
-1995
-2034
-1981
-1462
-1472
-1614
-357
-405
-358
329
610
901
1284
1788
2001
2060
1830
2192
2167
2123
2005
2318
2072
1864
2305
2445
2384
2159
1898
1941
1990
1823
1617
1559
1253
1186
1340
515
366
47
-125
-62
-554
-78
-892
-1229
-1341
-1648
-1090
-1918
-1463
-1234
-1243
-1237
-879
-869
-1319
-519
-1043
-622
-629
-728
-834
-404
-222
166
329
323
695
152
802
130
196
244
109
-3
-325
-579
-727
-726
-1046
-874
-1190
-1682
-2146
-1532
-2526
-2586
-2427
-2624
-2733
-2521
-2849
-3181
-3488
-3746
-3473
-3331
-2731
-2980
-2839
-2293
-2648
-1763
-1661
-1399
-311
-326
270
586
1669
2031
3132
3402
3843
4480
4509
5292
5501
6033
6333
6108
6792
6321
6401
6285
5946
6149
5595
5501
5490
5326
4679
4768
3733
2340
2239
906
-134
-956
-1585
-2197
-2414
-3247
-3206
-2887
-3230
-2791
-2678
-2348
-2867
-2833
-2632
-3335
-3336
-3182
-3532
-3481
-3880
-4266
-3838
-3875
-3849
-3784
-4232
-3816
-3855
-4079
-4269
-3453
-3477
-3065
-2904
-2600
-2850
-2130
-2180
-1558
-982
-947
-445
-471
317
-101
782
1067
1278
1586
2229
1908
1645
2219
2456
2248
2504
2051
2127
2553
2509
2276
2590
2833
1992
2443
2203
1963
1948
1953
1979
1700
1738
1913
1231
1508
1578
1030
1326
630
1063
755
530
910
821
818
1031
518
766
587
177
758
-244
460
480
-281
161
4
-298
-240
-657
-684
-549
-1017
-950
-933
-1166
-1895
-1348
-1712
-1249
-1495
-1071
-1284
-1331
-1232
-1638
-740
-1205
-740
-1568
-839
-1041
-1284
-544
-718
-955
-1387
-1020
-1089
-1001
-805
-909
-1309
-1245
-1168
-1099
-733
-856
-703
-236
-139
458
432
960
758
823
826
1427
1319
1806
1797
1724
1790
1318
1798
1737
1630
1761
2028
1397
1895
2105
1466
1773
1621
1384
1163
1643
1514
702
1244
907
671
37
-114
-927
-1441
-1575
-2623
-3485
-3539
-4418
-5352
-5379
-6172
-5961
-5595
-4925
-3351
-2290
-632
147
1042
1054
858
933
1072
535
1382
2326
3161
6314
7160
9283
10367
10825
9554
8004
5329
2568
1184
-221
-613
-880
274
242
884
744
715
-129
-715
-1261
-2666
-3244
-3707
-3852
-4396
-4677
-4260
-4733
-5600
-5819
-6400
-6931
-6920
-7522
-8175
-8224
-7756
-8178
-7851
-7160
-6915
-6584
-5269
-4558
-3921
-2421
-1552
322
853
2695
3688
4836
6167
6704
7627
8301
9065
9863
9435
9799
9956
9657
9900
10196
9670
9279
9338
8792
8004
8040
7374
6426
5430
4069
3079
2448
1239
548
-789
-1816
-2251
-3350
-3798
-3987
-4806
-4473
-4908
-5337
-4739
-5153
-4937
-5110
-5142
-4838
-5473
-4983
-4582
-4895
-4494
-5229
-4453
-3936
-4886
-4731
-4011
-4269
-3959
-3934
-4200
-3436
-3263
-3000
-2750
-2640
-2508
-2033
-1607
-1290
-534
-37
500
496
265
734
1067
962
1269
1424
1473
1021
816
1132
722
749
1371
1295
1390
1619
2068
1857
2447
3057
2527
3306
3182
3390
3833
3620
3781
3429
3559
3117
3104
2907
2622
2003
2598
2326
1946
1817
1632
1915
2118
2350
1717
2250
1965
2080
2009
1604
1497
1114
837
610
78
-542
-690
-1111
-1258
-1686
-2041
-2130
-2629
-2444
-2673
-2757
-2614
-2946
-2875
-2812
-2577
-2733
-2476
-2587
-1998
-1830
-2060
-2391
-2210
-2254
-2500
-1822
-2174
-2022
-1617
-1692
-1152
-1423
-753
-686
-814
-636
-434
-352
-481
30
-103
-160
516
134
312
309
77
345
-162
528
458
91
615
279
154
474
754
498
542
1298
632
826
886
1207
1376
1804
2228
1800
2404
2855
2722
2394
3170
2603
2506
2853
1758
2072
1042
762
547
532
608
863
934
626
1144
1295
1129
1176
1422
637
1196
207
-1029
-1880
-3264
-3403
-4629
-5291
-4865
-5510
-5575
-5349
-5329
-4547
-4038
-3481
-2790
-2679
-1926
-1784
-507
257
471
1389
1661
1200
2402
2372
1743
2673
1674
2113
1986
1725
2210
1596
2001
2626
1872
2638
2558
2864
3410
4118
4458
4880
5657
6268
6617
6976
7506
6603
6137
5611
3790
2415
1070
-1572
-3506
-5624
-7286
-8888
-9773
-10023
-10145
-9453
-8801
-8095
-6896
-5975
-4442
-3524
-2565
-1304
-638
-632
89
776
818
1090
856
621
-261
-903
-1038
-2089
-1867
-2038
-2395
-2219
-1919
-1069
-1351
-297
723
468
1230
1519
2148
2400
3027
3250
2768
3834
3891
3656
3725
3628
2767
2788
2440
1377
1157
1322
423
971
589
468
461
-18
583
361
243
515
1204
207
601
912
283
940
816
1449
1479
1444
1258
1304
1229
1515
917
1023
1618
636
697
-98
-167
-701
-500
-1456
-1110
-779
-829
-141
-136
401
968
1927
2421
2814
3196
3036
4291
4258
4584
4786
4171
3598
2743
1869
295
-1088
-2422
-4486
-6030
-7370
-8042
-9700
-9659
-9253
-10006
-9613
-9704
-10614
-10866
-10787
-10653
-10108
-8731
-7697
-6294
-4795
-3499
-2095
-987
-111
806
1792
1945
2346
3426
3067
3862
4490
4862
5685
5726
6457
6943
7515
7987
8217
7907
7768
7968
7708
7728
7771
6637
6423
6169
5899
5565
5370
5258
4693
4473
3821
3187
2166
2266
932
373
332
-1398
-1061
-1686
-2811
-2623
-3229
-3821
-3495
-4174
-4145
-4131
-3878
-3609
-3358
-3536
-2554
-2559
-2486
-1693
-1542
-964
-834
-312
-437
-19
-65
-107
-532
-1238
-1442
-2457
-3085
-3854
-4848
-5200
-5642
-6003
-5763
-6263
-5924
-5884
-5624
-5311
-4455
-3635
-3983
-2600
-2533
-1632
-489
219
969
1822
2063
2437
2526
2784
3147
3160
3394
2896
2828
3063
2335
2635
2712
2300
2920
2598
2611
2938
3249
3338
3504
3517
4026
3574
3578
4926
4002
4412
4690
4168
3835
3399
2993
2891
2504
2354
2092
1555
1387
701
746
245
-406
-664
-1173
-1616
-2120
-2494
-3402
-3555
-4042
-4209
-4116
-4043
-3871
-4095
-4145
-4187
-3688
-4139
-3983
-3733
-4088
-3581
-3077
-3498
-3436
-2717
-2934
-2489
-2230
-2357
-1608
-1303
-980
-537
-43
250
347
869
1515
1320
2342
1822
2754
3733
3275
4287
3850
4475
4705
5182
5628
5944
5064
5389
5249
4909
4798
3849
4214
2647
1995
932
-592
-1513
-3206
-4443
-5583
-6357
-7164
-6980
-6915
-6560
-6168
-6113
-5642
-5320
-5725
-5727
-5807
-5150
-4723
-4854
-3158
-3225
-1750
-77
988
2066
3549
4265
4615
5855
5700
6112
6026
6074
5610
5110
4833
4255
3538
3719
3192
2322
1968
1494
588
1054
967
16
692
430
385
177
630
789
540
691
339
-714
256
387
-776
482
-410
-432
101
-492
-1625
-1258
-1198
-1599
-1726
-1828
-2362
-2728
-1509
-1294
-1439
-1255
-903
-964
-243
101
297
1149
1573
1593
2037
1963
1132
1250
1387
643
409
-187
-658
-171
-699
-344
-772
-998
-848
-501
-632
-446
713
806
1090
837
995
56
-415
-1164
-2744
-3759
-4945
-6359
-7546
-7642
-9068
-9008
-8856
-9449
-8200
-7593
-7577
-6240
-5280
-3447
-2401
-1029
-59
967
2614
2773
4342
4345
5078
6202
6647
7001
7110
7853
7455
8102
7722
7361
7482
7220
7462
6928
7093
6688
6514
6764
6040
5720
5753
5587
5329
4409
3632
2051
1514
860
-1584
-2106
-2381
-3492
-3561
-2863
-3736
-4582
-3386
-4023
-3864
-2934
-2454
-2763
-2361
-1941
-2155
-1336
-1276
-1489
-1324
-1117
-1560
-1702
-2482
-2474
-2800
-3258
-3498
-3743
-3785
-3914
-4186
-4136
-4447
-4737
-4857
-4273
-3969
-4559
-4328
-3505
-3473
-3653
-2358
-2515
-2251
-1110
-1216
-693
-129
846
856
1617
1913
2233
3502
3379
4273
4685
5409
5497
5131
5906
5987
6031
5329
4588
4911
3876
3186
2656
1583
634
-46
-730
-1244
-1536
-2462
-2351
-2654
-3591
-3044
-3082
-3599
-3399
-3074
-3319
-3848
-3551
-3242
-3324
-2396
-1614
-1249
-190
533
1098
3040
3744
4889
6424
7146
8616
8800
9305
9027
8970
8528
7058
6386
5593
5021
4437
4705
4159
4265
3550
2465
1089
-1001
-3463
-5283
-7081
-8524
-9295
-9736
-9953
-9064
-7999
-7378
-6166
-5722
-4814
-5332
-5340
-5037
-5963
-5585
-5245
-5403
-4420
-3479
-2533
-1609
-59
-132
452
473
589
118
-559
8
-257
21
-214
265
541
809
1263
1503
1766
1925
3229
2613
2452
2346
1787
2062
2138
2012
1789
1950
2539
2358
2490
3001
2759
3398
3520
3464
3693
3668
3746
3593
3573
2809
2766
2685
2310
2280
1849
1812
1514
1354
1786
1201
1049
916
844
1194
1033
1397
1308
993
398
196
-427
-1176
-1545
-2370
-2426
-2695
-3228
-3308
-2801
-2785
-2406
-2043
-1934
-2216
-2509
-2786
-3798
-4336
-5586
-5648
-6921
-7331
-8139
-8758
-8187
-8735
-8731
-8387
-7315
-6542
-5405
-4143
-3128
-1972
-1057
297
1039
2007
3157
4040
5011
5742
6141
6650
7106
7752
8248
7879
7944
7958
6975
6641
7391
6030
5491
6122
4925
4644
4757
4136
3681
3802
4062
3816
4123
3772
3629
2995
1988
1270
505
-665
-896
-1783
-1754
-2349
-3048
-2951
-4198
-4027
-3842
-4417
-3934
-3803
-3863
-3455
-3175
-3147
-2409
-2035
-2017
-1842
-2535
-2055
-2956
-2400
-2860
-3067
-2492
-3977
-3468
-3040
-3674
-3709
-3289
-2953
-3087
-2999
-2724
-2222
-1971
-1908
-1081
-1768
-189
-252
-523
502
242
719
799
1248
1098
1410
2024
1649
1396
2213
2209
1575
2169
1779
1399
2577
1947
1390
1964
1988
1849
1929
2259
2221
1576
1585
1919
1515
2092
2171
1775
1588
1582
1595
1293
1262
1808
990
884
1736
857
1197
1031
588
752
418
440
760
696
180
-127
-233
-202
-316
-521
-791
-777
-941
-1172
-1065
-1018
-1571
-900
-1099
-1226
-900
-772
-1289
-806
-457
-1220
-608
-412
-1158
-960
-273
-462
-72
-194
-304
-451
-583
-391
-346
-284
-638
-685
-634
-1065
-1320
-1355
-818
-942
-1264
-1010
-1115
-1443
-1218
-978
-1037
-626
-1208
-529
-396
-514
-252
-526
-386
-422
-19
-747
-414
-424
-475
-347
362
241
428
568
373
348
381
538
90
434
281
188
363
174
95
542
174
1103
1031
741
1208
919
996
896
1139
1577
1560
1193
905
848
306
829
724
750
1337
709
1180
823
869
992
1018
1590
1333
2148
1956
1336
2343
2553
2842
3273
4216
4100
3922
3826
3660
3370
2686
2460
1263
668
-842
-2267
-3263
-3710
-4670
-5355
-5356
-6036
-6642
-6572
-7032
-6903
-6557
-6622
-5859
-5393
-4945
-4708
-3896
-3190
-3608
-2372
-2082
-1882
-1425
-765
-708
-239
407
617
1298
1196
1833
1584
1977
2992
2928
2961
3046
3144
3123
2747
2786
2730
2830
2075
2231
1825
1426
1489
790
1580
1564
1390
1723
1655
1708
1333
1877
1440
1335
1771
1678
1641
1641
1449
1431
1551
1188
1731
2108
1613
1939
1598
1656
1555
1056
1380
833
1242
912
541
150
-279
-590
-1274
-1183
-2007
-1754
-2237
-2541
-2532
-2321
-2289
-2555
-2480
-2035
-2592
-2518
-2264
-2467
-2496
-2864
-2397
-2506
-2390
-2139
-1924
-1896
-1630
-1345
-807
-670
-513
-89
1
-102
-52
219
45
696
307
-293
-137
62
-161
-332
-426
-424
-552
-433
-123
-141
-76
-220
-143
-382
440
617
347
531
773
796
1244
1639
1627
1857
2320
2021
2132
2348
2531
2258
2437
2210
2164
2132
1737
1855
1541
922
971
358
406
374
47
-18
-328
-432
-784
-795
-533
-816
-817
-840
-916
-1283
-661
-909
-1181
-866
-1206
-1031
-1595
-1173
-1383
-1442
-1058
-1207
-1168
-957
-769
-610
-488
289
-207
-289
337
168
37
421
290
366
972
849
992
595
1234
1386
923
1475
1052
1011
967
1031
807
879
823
443
993
700
61
190
81
-393
-205
-341
-439
-440
-733
-629
-1154
-969
-1248
-1094
-923
-1415
-1333
-1215
-1355
-1626
-834
-937
-894
-1056
-968
-644
-681
-456
-287
-194
-476
-141
-196
-588
-36
-24
123
187
497
171
101
152
397
10
455
666
235
535
888
560
630
641
859
815
691
936
571
259
379
146
-219
188
-307
-365
-169
-319
11
-96
9
-190
-63
208
-198
-195
96
-51
218
238
319
247
452
128
309
365
156
475
-32
226
302
26
-37
688
117
-75
269
-196
-340
-527
-696
-741
-430
-141
-727
-781
-449
-361
12
-56
207
-45
681
942
787
1363
1105
1384
1472
1482
1117
1364
1164
1186
1165
768
834
452
347
28
79
-255
-75
-321
-439
-119
-671
-706
-328
-254
-390
-224
-224
-144
-388
-293
-188
-608
-201
-44
-350
-284
-112
-541
-1113
-842
-1334
-1572
-1748
-1768
-1996
-2742
-2514
-2421
-2481
-2285
-2102
-1949
-1298
-1188
-812
113
38
200
496
438
601
894
1076
1014
516
792
755
236
-349
-213
-306
-463
-334
-442
-606
-575
-497
-530
-183
-112
449
365
1042
1577
1303
1736
2202
2218
2245
2580
3205
3306
3208
3397
2766
2788
2864
2999
2499
2401
2142
1611
1458
744
528
549
144
17
351
65
-561
-653
-1102
-1444
-1159
-1593
-1637
-1737
-1634
-1968
-1865
-1867
-2381
-2204
-2225
-2037
-2444
-1809
-1891
-2315
-1837
-1952
-1774
-1947
-1873
-1558
-1716
-1576
-1166
-977
-1044
-679
-679
-673
-482
-267
287
150
236
573
530
549
375
357
355
776
1049
650
750
944
1094
962
1372
1158
595
1410
771
1158
1085
770
1006
459
621
669
650
612
486
1037
496
186
289
248
740
604
418
189
764
415
267
379
272
182
56
516
516
-64
-6
483
-165
280
462
199
323
-71
236
454
405
73
394
278
110
-173
-137
37
-117
-15
-61
-163
-282
-557
-452
-563
-329
-254
-695
-623
-898
-1033
-836
-645
-919
-853
-1008
-945
-880
-1354
-1207
-1324
-1239
-969
-1054
-803
-966
-1050
-616
-852
-994
-291
-283
-391
-129
-346
-240
-186
-178
97
350
229
393
436
312
292
536
422
815
1002
826
1038
840
608
968
1261
768
1597
1267
647
1364
1436
894
739
1020
801
742
972
955
875
416
861
541
44
430
67
36
-280
-427
-127
-308
59
29
-374
-85
-304
-473
169
-310
-463
-231
-335
-379
-714
-841
-513
-867
-521
-249
-1058
-1177
-584
-981
-1207
-498
-779
-441
-706
-600
-628
-955
-503
-360
-565
-149
-194
-753
-148
-384
-231
-32
-279
269
-20
-385
444
165
-121
614
215
-9
127
54
37
296
274
513
398
659
374
9
591
324
503
388
568
722
376
254
338
182
213
875
297
452
358
-59
174
174
176
356
286
350
325
-225
167
-82
-288
46
-94
-228
-62
-179
-247
-488
-187
-114
-238
159
-25
-147
158
-46
75
42
76
-115
51
205
-19
-207
222
-86
-196
-91
113
106
5
311
89
22
-202
0
-63
129
-46
188
33
-353
110
-118
-162
-360
-151
-114
-297
69
-25
71
-8
221
-44
-368
-207
-159
158
55
3
182
-173
-211
114
51
-20
296
38
-284
-97
-262
-246
-167
-39
-197
-93
137
-342
-302
-312
-390
-121
380
199
95
261
227
-79
130
-9
-367
-139
249
-63
14
106
-36
68
-24
272
-27
49
20
60
15
29
211
-22
119
69
109
153
297
363
254
406
285
262
288
-93
172
435
210
298
288
200
12
-213
-262
19
-368
-39
83
-385
-372
-255
-520
-432
-103
-234
-111
-189
-11
44
-273
-149
-7
-121
41
318
227
313
-60
-141
101
-134
74
53
-68
101
-223
-338
-59
-68
-221
189
224
-213
118
225
66
130
192
123
207
173
51
269
13
25
103
-138
4
256
-29
35
360
356
-57
-9
131
-136
119
529
29
35
181
-116
-326
40
-63
-221
-196
-561
-415
-618
-399
-81
-177
-187
-268
-267
-208
-162
158
0
-234
259
34
-338
272
62
-51
184
105
-145
-69
-32
-123
192
389
76
-91
379
68
-55
-23
160
-9
-320
177
-304
-253
112
-133
-178
64
311
84
121
-33
-90
-39
62
320
61
86
97
-186
120
48
-178
-89
343
175
-51
164
-6
16
-123
501
451
139
151
237
-85
-115
-84
-256
16
221
-85
-156
-49
305
105
-78
217
-238
-143
234
124
-46
285
26
-125
257
-75
-84
96
-421
-356
-124
-450
-109
57
-403
-40
-23
-403
-72
65
-124
132
-35
-386
-305
-139
-241
-89
56
80
105
-114
99
54
-140
159
225
-60
236
255
66
158
44
-143
-30
109
-29
93
309
182
6
150
242
-174
210
305
23
200
163
-133
-94
21
161
-20
-365
-78
-192
-321
-234
-261
-409
-287
-245
-55
-237
-299
-64
-199
-72
129
266
-33
99
-15
-166
-87
180
55
-251
222
46
-86
62
109
5
233
190
129
88
33
196
-78
-136
10
34
-36
112
386
446
300
257
143
-126
-87
-75
-125
-114
-142
-166
-96
2
67
22
79
244
90
241
205
41
30
-38
-204
-312
-149
-7
42
164
198
72
141
66
0
-24
-125
-106
121
24
-49
104
-68
-197
-171
-47
-116
-77
150
-47
63
166
-149
-173
-71
-96
18
100
70
238
171
1
161
-1
-68
-49
-163
-135
-121
-124
-160
-149
-273
-243
45
-121
-129
-133
-268
-129
-6
79
94
212
-45
-127
75
130
220
404
324
-120
21
0
-250
-115
15
-251
-168
42
-114
-176
-69
-296
-352
-45
-40
186
327
161
108
207
97
-48
121
208
116
183
216
53
51
3
101
253
228
12
-57
-195
-135
-67
-16
264
39
30
96
-39
-303
-63
215
170
279
137
88
-17
-35
134
76
32
331
390
220
126
-25
-143
-136
-203
-166
16
84
57
-119
-320
-302
-213
-165
69
38
-31
28
-21
-67
-90
-25
29
130
130
112
52
108
94
-83
-42
-108
-191
-75
-25
-156
-219
-244
-350
-291
-301
-386
-263
-280
-252
-119
-186
-191
-74
-94
-11
162
160
227
181
159
124
-141
-139
-65
-70
71
109
25
63
43
13
82
81
223
240
137
286
281
106
143
215
127
75
156
127
-23
4
20
-104
19
224
154
159
242
72
20
222
171
13
43
43
-15
110
217
95
7
40
14
-10
-16
-99
-130
-198
-221
-58
-72
-193
-130
-63
-96
-123
-116
-92
-187
-324
-247
-218
-323
-278
-313
-381
-271
-290
-303
-158
-155
-172
-86
9
123
212
217
179
130
77
99
194
181
141
226
255
256
301
193
85
117
135
125
97
142
180
83
88
134
64
48
135
143
139
178
177
129
68
126
103
9
58
109
99
112
103
-42
-137
-155
-161
-85
-57
-100
-227
-328
-311
-285
-276
-201
-180
-290
-202
-149
-199
-137
-89
-69
-47
47
17
-46
-61
-73
-88
-127
-71
-72
-36
35
56
4
-82
-74
-96
-36
59
83
25
-1
40
9
72
121
122
168
235
249
192
126
37
54
103
120
98
-22
-123
-155
-159
-155
-104
-59
-9
73
76
24
-6
29
103
191
241
192
123
106
131
163
201
217
175
124
70
-4
-37
-11
34
59
60
4
-79
-134
-155
-103
-37
5
38
15
-44
-54
-9
0
12
38
15
-5
21
46
20
15
32
6
-36
-93
-170
-226
-195
-129
-119
-163
-227
-290
-309
-265
-211
-183
-135
-93
-101
-129
-150
-155
-111
-18
52
73
59
35
14
-2
-7
-25
-24
25
83
121
139
116
71
72
91
98
127
157
159
153
147
120
84
81
99
93
87
82
53
39
61
78
78
69
49
25
11
12
27
57
91
109
90
45
-1
-21
-7
32
68
78
56
9
-44
-84
-97
-81
-65
-57
-75
-117
-160
-184
-189
-173
-152
-137
-127
-127
-115
-86
-58
-29
-8
-1
3
10
19
25
27
17
1
-3
1
5
0
-7
-21
-35
-37
-30
-13
13
37
37
23
6
4
25
65
104
117
96
65
36
19
20
28
30
14
-10
-37
-60
-68
-58
-40
-20
-9
-14
-25
-22
-2
28
59
67
54
30
14
11
16
32
49
57
48
24
-6
-30
-33
-11
20
44
45
28
5
-14
-18
-4
15
38
54
60
52
30
4
-23
-42
-52
-54
-44
-36
-20
-8
-17
-36
-62
-79
-74
-50
-20
-3
-10
-37
-60
-77
-74
-60
-45
-35
-31
-30
-33
-33
-33
-26
-20
-20
-25
-31
-29
-15
6
24
34
26
18
13
18
31
44
51
46
34
21
16
19
33
40
40
35
25
15
15
22
32
42
39
25
9
-7
-13
-5
13
25
33
32
22
21
19
27
42
56
65
61
52
40
32
22
24
29
29
28
15
-3
-26
-42
-51
-53
-45
-34
-27
-21
-20
-23
-26
-25
-24
-28
-27
-29
-32
-43
-52
-62
-72
-78
-77
-71
-60
-48
-37
-28
-24
-18
-10
-1
11
15
18
13
6
0
-3
-1
-2
-2
-7
-15
-26
-30
-24
-10
8
25
38
48
47
43
41
42
45
53
65
68
68
60
49
37
28
22
22
29
33
36
32
21
15
8
3
3
8
13
22
27
27
25
17
10
4
2
5
11
13
11
3
-12
-25
-30
-29
-21
-10
-6
-5
-11
-19
-22
-23
-22
-21
-16
-11
-8
-5
-3
-2
-4
-5
-5
-6
-6
-7
-11
-14
-18
-24
-29
-36
-39
-43
-45
-42
-40
-37
-30
-23
-18
-12
-11
-5
1
7
13
15
11
9
10
10
13
15
14
13
10
2
1
-4
0
4
6
12
13
14
14
15
17
20
26
30
35
36
36
38
40
38
35
32
28
25
23
22
18
15
16
14
15
12
10
8
6
7
6
5
2
1
-6
-8
-9
-11
-13
-12
-12
-14
-14
-14
-15
-15
-14
-15
-17
-15
-13
-11
-10
-9
-9
-8
-7
-7
-2
-2
-1
3
5
4
2
3
2
4
2
0
-2
-1
-3
-5
-8
-8
-8
-8
-6
-6
-4
-4
-5
-6
-7
-4
-1
-1
3
5
9
11
12
10
8
9
8
6
8
6
6
5
2
1
-3
-2
0
2
3
2
4
3
3
6
6
7
8
6
5
4
3
3
0
-3
-3
-4
-5
-4
-8
-9
-12
-14
-10
-9
-7
-6
-5
-5
-7
-7
-4
-4
-5
-3
-3
1
0
0
3
2
2
3
5
7
8
6
4
7
6
5
4
2
4
4
7
11
16
14
18
19
19
21
23
24
23
21
18
14
13
11
9
5
4
0
-2
-3
-5
-5
-7
-6
-5
-6
-8
-8
-8
-10
-11
-10
-12
-14
-16
-16
-19
-23
-22
-23
-24
-25
-27
-27
-26
-24
-25
-25
-21
-16
-14
-17
-12
-7
-4
-3
1
2
8
10
10
16
21
22
24
24
29
30
32
37
37
39
36
39
40
39
40
39
37
34
32
32
25
22
22
20
18
13
9
6
2
1
-4
-7
-10
-17
-19
-24
-30
-35
-41
-47
-51
-59
-63
-70
-75
-76
-81
-79
-81
-80
-79
-75
-70
-66
-62
-55
-49
-43
-33
-29
-22
-19
-10
-5
1
7
11
15
18
24
27
29
35
38
43
46
51
54
58
62
68
72
72
79
82
85
91
91
92
94
94
92
93
88
88
82
76
72
66
58
51
46
40
33
27
19
14
10
4
-3
-7
-9
-17
-21
-27
-31
-35
-40
-41
-48
-51
-55
-60
-62
-68
-71
-75
-80
-84
-84
-88
-91
-91
-91
-91
-93
-94
-93
-94
-89
-89
-88
-83
-84
-80
-76
-71
-70
-64
-60
-55
-51
-47
-37
-32
-27
-21
-16
-10
0
5
11
17
23
29
33
40
42
47
53
55
56
60
61
62
61
59
58
59
59
59
60
56
54
53
51
50
48
45
45
43
42
42
39
36
33
31
29
25
25
22
19
18
16
14
11
10
7
7
5
3
2
0
-1
0
-3
-4
-5
-6
-7
-7
-8
-8
-11
-13
-14
-15
-16
-16
-19
-18
-20
-21
-22
-26
-24
-26
-25
-27
-27
-27
-28
-26
-31
-29
-30
-28
-29
-27
-26
-23
-21
-23
-17
-18
-14
-13
-11
-8
-5
-4
-3
-1
1
1
1
2
4
6
5
6
9
8
8
9
6
8
9
7
9
8
7
5
7
8
8
11
7
8
6
4
7
6
4
5
6
6
7
5
5
5
4
5
4
4
3
4
2
3
3
2
4
1
3
2
3
3
2
4
5
5
6
4
4
4
4
5
5
5
5
4
4
4
6
5
3
4
4
6
3
3
3
2
6
5
4
3
4
3
2
3
1
1
1
1
0
1
2
2
2
0
-2
-2
-3
-1
-3
-3
-2
-1
0
1
1
1
0
1
2
3
2
2
1
0
4
2
1
1
2
0
0
2
2
4
3
2
3
3
3
3
3
5
3
4
3
2
2
4
3
3
0
-2
0
0
-1
-1
1
-1
-3
-3
-4
-3
-4
-5
-5
-3
-2
-4
-4
-2
-3
-3
-4
-3
-3
-2
-3
-3
-1
-1
-2
-1
1
-1
1
3
0
2
4
6
7
6
7
9
9
10
10
9
11
10
11
12
9
10
8
8
6
7
6
4
6
6
4
4
0
1
2
1
0
0
1
1
0
-1
-1
-2
0
-3
-1
-1
-1
-1
-1
-2
-2
-5
-6
-2
-3
-4
-6
-5
-4
-4
-4
-5
-3
-4
-5
-3
-3
-2
-1
-2
-1
-2
-2
-1
-3
-3
-2
0
-1
0
0
0
0
-1
2
2
3
3
2
3
4
3
5
7
5
5
3
6
4
4
3
1
2
2
4
4
2
2
2
3
5
3
2
1
-2
0
0
1
1
3
-1
0
0
-1
3
2
3
2
1
3
-1
-2
0
1
1
1
0
2
1
-1
-1
-3
0
1
-1
-2
-1
0
2
1
0
1
-1
0
0
-2
-2
-2
-1
0
1
3
1
2
-1
2
3
0
0
0
-1
1
2
0
-1
1
3
1
2
1
0
1
-1
-2
1
0
0
1
-1
0
-1
1
1
0
0
2
1
1
2
0
-1
3
1
2
2
0
1
0
1
0
1
2
0
1
0
1
1
0
0
0
1
-1
-1
0
0
0
0
0
1
-1
-1
-2
2
1
2
1
0
1
0
1
2
1
-1
-1
0
2
0
1
2
2
2
1
0
-1
-1
-1
-1
-2
-1
1
1
2
0
-1
-1
