5
4
4
4
3
4
4
5
1
4
3
2
5
2
1
-2
-4
-1
-2
-3
-3
-4
-4
-2
-2
-3
-5
-4
-2
-2
-4
-3
-3
-2
-3
-2
-2
0
0
1
0
2
1
2
3
2
3
5
5
5
3
4
3
3
3
3
1
0
-3
-3
-3
-3
1
0
-1
-1
-2
-1
1
-1
-4
-2
-1
-2
-3
-1
-4
0
0
0
-1
0
0
-1
-1
3
2
-2
1
0
2
1
3
2
1
1
0
0
1
2
2
3
3
0
1
2
2
2
2
1
3
3
2
2
3
5
2
2
2
-2
0
-1
-1
-2
0
0
-1
-2
-5
-2
-4
-3
-4
-5
-5
-4
-5
-7
-5
-5
-7
-8
-7
-8
-5
-5
-4
-6
-6
-4
-5
-2
-2
0
0
1
3
5
8
8
7
9
8
9
11
10
11
9
9
8
8
7
6
9
5
4
3
-1
1
1
0
-3
-2
-5
-5
-7
-7
-7
-9
-8
-6
-4
-5
-3
-4
-1
-1
0
-1
0
1
2
2
2
4
4
2
3
4
4
3
5
3
4
5
4
2
1
1
-1
-3
-3
-4
-6
-4
-4
-8
-6
-8
-8
-6
-8
-6
-7
-9
-7
-7
-7
-7
-7
-5
-5
-4
-4
-3
-2
-1
-1
-1
1
1
3
3
2
4
4
4
5
4
5
8
6
6
3
5
8
7
7
7
8
9
10
7
8
8
5
8
6
4
7
7
4
3
3
3
5
5
4
3
0
0
0
0
-2
-4
-4
-3
-2
-3
-3
-5
-5
-4
-6
-7
-6
-6
-7
-6
-8
-7
-7
-7
-5
-6
-5
-4
-7
-5
-3
-3
-4
-3
-2
-1
-2
-3
-3
-3
0
-1
-1
-1
1
0
-1
-2
-3
-2
-2
-1
3
3
0
3
2
2
3
3
4
6
5
4
4
3
4
4
3
2
3
4
4
3
3
3
2
2
1
1
0
1
-1
0
2
-1
-1
-3
0
-1
-3
-2
-1
-3
-2
0
-2
-1
-1
-1
0
0
0
-1
1
0
1
3
1
0
1
2
1
-1
1
2
1
2
0
2
5
3
3
3
4
2
1
2
4
4
1
1
0
2
-1
-4
-2
-1
-4
-6
-3
-5
-5
-6
-6
-6
-5
-7
-6
-5
-7
-8
-9
-8
-7
-7
-6
-5
-4
-5
-3
-2
-2
-1
0
0
3
3
3
3
2
2
7
7
8
6
7
9
7
9
10
8
6
6
4
5
3
3
6
5
2
3
2
1
0
0
0
0
0
0
-2
-1
-3
-3
-3
-5
-3
-3
-3
-3
-3
-2
-4
-3
-3
-3
-1
-2
-2
-2
-2
-2
0
-1
2
1
2
3
2
2
5
3
2
3
1
2
0
-1
-1
0
-1
1
0
3
4
1
-1
-1
2
0
-2
-1
-3
-1
-2
-2
-1
-3
-3
-5
-5
-4
-3
-3
-2
-3
-3
-1
-1
-2
1
2
1
2
2
2
3
1
3
3
2
3
2
4
4
5
2
3
1
2
3
2
1
-1
0
1
2
-2
-3
-5
-5
-3
-3
-5
-5
-5
-4
-3
-3
-5
-5
-5
-3
-3
1
-1
-3
0
0
1
1
1
2
4
7
5
4
4
4
4
6
7
7
6
6
5
2
0
1
2
3
3
2
0
-1
-3
-5
-6
-2
-1
-1
-1
-2
-4
-3
-2
-2
-1
-4
-3
-2
-4
-1
-1
-2
-1
-2
-1
1
2
0
2
5
4
5
7
3
1
4
2
4
4
2
1
2
2
-1
2
-1
-2
-2
-2
-3
-1
0
-3
1
-1
-2
-3
-3
-4
-3
-4
-6
-5
-5
-3
-2
-3
-7
-2
-3
-3
-2
-3
-3
-3
0
2
0
-2
0
1
1
1
2
1
0
2
5
4
5
7
3
3
3
2
4
4
4
5
4
6
3
0
2
4
5
4
3
2
1
3
2
2
1
0
1
-1
-4
-2
-1
-2
3
-4
-1
-5
-6
-3
-4
0
-5
-2
-3
-6
-8
-4
-1
-3
-2
-4
-4
-3
-3
-1
0
-3
2
0
-1
3
3
1
1
0
2
3
4
6
5
3
0
3
2
4
4
0
0
-2
0
4
1
-2
-6
-6
-4
-3
-3
-5
-5
-3
-3
-3
-6
-2
-4
-7
-6
-4
-3
-3
-1
-2
-1
0
1
4
3
1
5
4
3
5
5
7
3
1
6
7
5
6
6
6
6
5
7
5
2
3
3
1
2
3
2
2
0
-2
0
-1
1
3
2
2
2
-2
-6
-1
-2
-4
-2
-5
-3
-3
-7
-1
-3
-5
-4
-3
-4
-4
-2
-2
-1
-3
1
0
-1
2
1
0
0
-1
-5
-4
-5
-5
-4
-6
-5
-4
-3
-4
-5
-4
-6
-2
-1
2
3
-3
0
5
5
1
0
4
4
5
3
2
3
5
6
2
3
5
-2
-3
1
0
2
1
5
0
1
1
-1
0
-1
-1
0
2
-3
1
-3
-3
-1
1
0
-1
2
-1
2
3
4
3
1
-2
1
5
7
3
6
4
0
-1
2
6
1
2
6
1
-2
-1
-2
2
-2
-2
2
2
-1
2
-1
7
0
-5
0
-2
-1
-8
-7
-5
-6
-5
-5
-2
-6
-5
-4
3
-1
-6
-5
0
1
-10
0
-2
-11
-12
-8
-4
-5
-9
-1
0
-8
-2
-3
2
0
-2
1
4
6
3
3
5
2
6
10
10
4
9
9
7
5
7
11
5
5
2
6
3
3
5
2
0
2
4
1
-1
2
4
2
-4
0
4
-7
-3
-5
-5
-4
-3
-5
-4
-2
-7
2
-4
-11
3
-5
-14
-4
0
-4
1
-6
-1
6
-6
9
-3
-2
11
-6
9
5
0
11
0
3
6
-8
0
8
-12
2
3
-12
4
-9
-9
5
-8
-5
5
-8
-8
10
-9
-3
14
-13
5
8
-15
20
0
-24
28
-20
-10
31
-38
20
8
-29
40
-13
-5
31
-23
5
26
-26
27
5
-12
28
-12
5
18
-16
3
18
-21
8
7
-22
10
-1
-17
9
-9
-13
18
-24
5
11
-25
19
-5
-20
25
-18
4
18
-27
25
-3
-13
30
-29
22
8
-23
31
-23
4
17
-23
34
-13
-1
21
-19
19
-4
-10
27
-28
8
8
-22
23
-24
10
-3
-15
12
-14
-8
4
-17
2
-11
0
-5
-13
0
-15
-11
-2
-2
-7
1
-6
-2
1
5
-9
10
4
14
-7
6
10
5
-6
27
-6
6
18
-6
11
-2
11
-1
-3
7
0
22
-20
14
6
-25
47
-22
11
8
-9
10
0
20
-26
31
-14
-5
22
-28
35
-31
31
-49
31
-2
-16
21
-13
22
-46
72
-64
42
-5
5
11
-15
30
-51
64
-49
14
40
-63
38
-5
-24
6
-8
9
-44
32
-33
-5
-32
15
-27
-13
-15
4
-27
-18
-24
26
-58
0
-6
-17
-9
-26
28
-34
18
-24
42
-57
54
-43
66
-71
82
-7
-25
100
-60
40
36
-18
23
52
-36
69
-8
34
-1
28
23
11
5
19
-10
20
-14
-16
36
-67
34
-57
31
-64
14
-15
-52
17
-46
-12
-11
-9
-33
23
-53
46
-61
48
-15
-25
80
-94
105
-48
27
20
-1
28
1
21
27
-15
56
-33
63
-24
50
-32
7
69
-100
99
-71
-6
25
-39
-33
24
-74
19
-50
-10
-11
-61
44
-53
-9
13
-34
0
22
-40
7
51
-49
40
0
7
39
-37
86
-20
7
115
-126
165
-48
3
64
-16
42
-58
74
13
-61
72
-61
26
-3
-51
15
-6
-29
-32
-42
46
-80
-31
69
-129
38
-31
-63
12
-6
-99
43
8
-97
68
-74
55
-57
25
11
-48
141
-165
165
5
-36
77
-10
120
-60
133
-62
167
-28
4
76
36
61
-74
164
-106
127
-82
-26
85
-46
-32
-34
37
-47
-27
-56
-55
99
-161
-51
44
-68
9
-133
26
58
-150
66
-7
-93
97
-99
68
-41
103
-116
146
-60
55
45
-62
119
-61
134
-176
284
-190
103
70
-158
258
-203
115
25
-38
-101
270
-273
61
171
-298
199
-81
-46
49
-74
-60
129
-120
-126
248
-130
-140
62
213
-321
-37
451
-462
95
101
-19
26
-348
627
-517
249
-254
451
-395
6
306
-229
17
-31
285
-356
113
156
-129
-28
81
29
-101
141
-151
157
-17
-216
410
-372
215
-107
131
-194
155
81
-350
472
-513
508
-362
3
285
-274
59
178
-213
39
111
0
-180
122
165
-318
164
101
-197
98
-32
106
-28
-283
420
-176
-92
48
168
-309
300
-190
-2
105
-200
331
-382
309
-153
-18
55
163
-430
361
-83
-73
134
-321
407
-251
-6
138
-149
35
31
57
-205
209
-102
-53
190
-144
-130
371
-261
-84
393
-452
315
-61
-147
262
-324
391
-381
323
-275
305
-244
79
123
-262
333
-257
226
-331
424
-351
249
-263
264
-179
20
159
-395
478
-421
296
-188
156
-164
57
174
-292
174
-64
130
-223
187
-48
-72
92
3
-111
170
-83
-127
280
-243
119
-34
-9
121
-178
107
-3
3
-50
20
25
-23
-46
31
19
-16
-11
-103
319
-467
410
-189
-123
397
-519
444
-355
309
-301
201
-94
61
-85
110
-224
301
-193
-131
401
-394
298
-313
397
-357
243
-237
356
-252
89
-147
340
-400
265
-89
25
1
67
-26
-134
210
-248
392
-462
415
-172
214
-457
478
-230
-19
235
-254
167
-17
32
-101
86
-113
332
-264
103
-24
8
108
-19
-181
279
-121
251
-402
156
225
-355
469
-454
157
-61
315
-391
19
-7
314
-309
-227
405
-419
160
26
-94
-255
185
225
-419
-103
245
-120
-58
-53
48
-84
7
152
-384
181
83
-96
-52
138
-198
193
-28
-168
98
125
27
-260
275
-101
48
27
70
-256
314
17
-164
101
-87
156
-84
186
-296
307
-281
344
-215
-8
73
-44
199
-312
280
-162
-22
203
-49
-181
8
315
-190
-247
441
-203
-39
7
336
-501
105
527
-709
501
-358
367
-213
-34
231
-337
321
-108
-51
-62
288
-187
-117
345
-256
-95
319
-181
-212
491
-594
526
-326
83
-40
132
-283
335
-129
-306
507
-417
282
-356
356
-368
506
-499
113
264
-286
57
114
-133
11
138
-292
566
-623
116
426
-303
-138
144
133
-112
-87
209
-317
418
-372
233
-162
107
-68
241
-353
203
-2
-91
63
10
-56
-57
178
-43
-142
14
181
-178
-44
207
-221
237
-343
438
-218
-351
692
-407
133
-225
352
-171
-32
91
-189
340
-203
-59
164
-23
-97
50
123
-219
235
-168
90
-38
85
-181
62
226
-283
47
130
-137
116
-241
323
-199
-16
139
-105
-84
170
-40
-186
306
-140
-29
-16
91
-139
183
-204
202
-110
7
-111
251
-358
269
-60
30
-112
233
-294
95
108
-119
-2
131
-47
-48
120
-226
178
31
-153
201
-150
42
19
2
-214
295
-91
-6
66
-123
293
-389
157
-176
431
-487
182
352
-442
206
-117
-47
31
-42
59
89
-120
175
-48
-138
-209
512
-427
20
350
-195
40
-78
207
-339
242
-117
69
74
-266
526
-477
174
-28
145
-452
478
-91
-185
278
-192
28
-31
168
-414
482
-64
-230
91
-12
37
46
47
-152
238
-120
-365
480
-350
112
93
274
-337
106
-148
-186
190
105
177
-343
308
18
-456
177
-6
-210
376
348
-576
143
-80
-248
224
376
-453
2
323
-82
-244
-44
193
-156
350
-65
-341
59
-24
247
86
-174
38
76
-277
270
-246
36
136
249
-34
-191
-214
-38
173
164
47
-163
171
-84
-207
202
-263
134
361
-210
132
-236
15
-229
148
196
-17
67
-38
-215
-13
126
-103
137
19
-30
-6
-130
-23
-134
273
191
-134
-179
134
-106
20
-30
-46
155
-98
194
-478
236
215
-172
358
-541
412
-159
-125
119
-437
487
-51
-140
99
305
-328
325
-440
83
-235
292
94
-292
384
75
-174
-49
-7
-164
7
159
27
166
130
-421
194
-288
305
-457
540
-75
80
54
-382
73
-81
443
-515
200
276
-3
-240
-43
0
-117
432
-114
-359
420
-16
-362
361
-464
17
488
-301
87
-119
75
51
14
157
-369
-102
4
-31
219
296
40
-177
-358
-71
62
20
284
256
-249
297
-806
567
-465
276
405
-735
747
-484
176
-6
112
53
-375
268
-499
521
75
-127
25
-14
-87
-268
448
-409
557
-73
-280
128
-313
171
293
-412
164
407
-727
195
223
-177
378
-41
-465
65
-12
305
-97
64
210
-527
225
24
-156
615
-565
282
-498
379
27
-9
51
-112
29
-103
210
-265
639
-304
184
-433
198
-262
177
51
-342
180
-161
372
-165
101
327
-424
243
-268
-430
267
-233
325
101
189
-104
-235
8
398
-199
-144
-7
-692
462
-204
107
303
-89
-117
157
52
3
55
-314
101
-453
117
261
-368
427
-110
453
-511
75
130
-115
50
-219
-250
258
257
-25
170
-141
162
-29
-23
677
-612
282
-90
33
300
291
-94
-121
119
17
417
82
14
-186
288
-71
367
-105
368
-238
90
161
-304
301
9
-141
187
29
75
86
-130
-162
-331
218
-162
-144
249
28
94
-334
46
-325
-55
303
-508
-225
-405
288
220
-220
-337
-186
-79
-174
-397
-60
-316
-220
-372
-349
-155
-228
-22
-140
-208
-515
-72
-192
-409
-267
-469
199
282
-492
38
13
-296
79
-102
58
-25
49
478
-229
339
223
464
274
-7
473
414
281
780
458
431
504
314
452
156
514
304
105
602
477
133
471
630
-88
284
216
-121
577
-251
-4
1
-670
83
-257
-489
20
-280
-554
-220
-359
-571
-155
-636
-61
-211
-145
-86
-426
485
-285
-95
-336
-19
-177
-65
-158
-681
-123
-330
-399
-591
60
-196
-12
-149
-88
163
-287
221
-532
-28
425
313
72
274
817
434
-56
462
240
-30
72
123
-19
117
588
31
-78
8
101
-65
-352
-323
236
-23
612
14
425
-242
341
20
68
198
-287
693
-279
92
28
19
-459
400
189
-23
-73
-280
603
-314
133
-968
-297
149
-28
-295
-173
-272
361
214
-308
-538
-324
292
-142
-332
201
-488
394
36
66
-179
651
-311
31
-271
-27
213
-159
338
-486
1319
-285
272
-165
281
195
91
-70
-519
623
84
69
-133
-49
-421
-733
127
1501
213
48
-728
-294
250
-394
-853
-819
839
-217
-219
-167
-87
-157
-561
223
142
-99
399
85
-240
862
336
123
436
-386
-309
24
293
288
-338
363
378
156
903
-235
138
195
155
-91
-221
-17
-350
476
202
157
170
72
-68
-636
80
144
-53
226
205
488
-667
-544
257
67
-457
-1112
-202
322
-191
57
-600
-1208
-187
212
666
-730
-540
-769
-107
-204
400
381
-631
134
-32
-163
-849
658
256
491
564
14
419
601
223
75
80
25
470
-60
611
352
-293
-76
252
-91
383
54
632
-320
-399
-241
545
-81
609
370
-708
-131
-176
674
-353
843
-350
133
582
-203
41
-456
-667
770
473
-820
-211
-889
-186
-374
470
-162
-345
286
462
167
-764
-111
574
-87
-288
196
230
-405
-550
309
-610
129
5
36
67
-989
51
-295
646
248
109
406
-617
-724
-375
-151
-84
233
431
219
586
-333
-352
402
-438
190
282
148
35
172
-447
178
707
642
342
-220
424
-607
560
-713
551
364
-448
888
-13
595
300
36
-229
-143
-142
845
102
-92
-755
-355
-931
384
3
49
-71
-58
-226
-1697
289
-351
-908
-165
-188
902
86
-1469
589
-120
408
-547
125
295
-374
16
447
376
-104
332
259
282
-98
229
-254
-78
-25
157
-50
12
199
-445
251
294
189
137
178
-343
-64
-220
-238
202
300
267
1047
598
-423
575
234
345
739
-232
-570
148
-607
853
-161
-413
-126
584
265
-195
37
-169
455
147
115
-243
514
165
-52
-15
-695
-841
-633
-248
-263
-1234
-1316
-31
-230
-607
250
-1028
-714
132
-393
-51
-183
22
621
339
279
198
657
23
-81
759
-91
196
301
636
-200
-405
-681
236
-83
248
-309
-1137
-169
-273
-42
117
43
113
1220
-136
244
139
540
1270
1207
-17
-325
-25
898
863
-30
662
178
405
1123
415
-87
703
434
7
17
-403
242
-821
38
48
-657
-1140
-764
-568
-1328
-310
74
-803
-657
-26
-652
-839
-375
-385
-298
223
173
49
-89
680
495
364
140
55
-295
109
-88
-295
131
202
-737
-408
-451
-636
-143
-791
-415
-131
146
325
189
471
322
172
32
249
896
877
622
851
-133
109
745
750
112
-659
479
1098
8
-239
194
442
943
473
-139
368
1048
836
894
-151
-101
55
-384
496
-1230
-509
-524
-956
666
-129
-163
-618
-836
-1433
-1439
-707
534
139
-374
-922
-1151
-483
-285
-320
-900
-925
-823
-996
-776
-1324
-29
-804
-939
194
-612
93
-142
-350
569
734
623
1158
1425
1914
1364
1001
1030
-29
696
960
-75
689
91
277
231
-696
-147
-227
888
875
-335
12
1474
785
634
1668
704
609
924
426
-907
-373
60
-450
-360
453
60
485
715
855
-373
-708
122
856
1172
-294
-442
-363
-62
-1217
-1318
127
-406
-1021
457
-238
-651
-750
-353
-625
-1082
-1388
-1053
-884
-1522
-76
-1645
-1487
722
-406
-441
-486
-436
-688
213
1450
225
-241
6
-507
-815
-505
-531
-1694
-805
-6
-1129
-733
617
191
-738
561
1189
125
11
1092
518
664
1365
1622
2312
3203
1961
911
1698
771
1575
1262
986
1074
174
-649
-322
-797
-1105
803
-120
442
264
-196
-396
-379
-411
-780
595
288
-893
-173
-695
-1260
-361
-125
-460
92
380
-240
435
-531
-920
-1559
-832
705
-756
-514
-101
-641
-1504
-1542
-1358
-875
-1221
-1186
-736
-1923
-428
-867
-395
120
-114
261
-177
456
164
984
1741
3231
2337
1854
2619
-29
420
628
192
-25
-555
141
-457
-1113
407
83
151
1541
818
431
735
-106
57
606
993
1310
906
1163
1022
1049
1264
2246
1670
1962
2061
1536
1156
1040
930
-234
-421
-816
-1273
-1469
-2295
-2530
-2453
-2663
-2367
-1860
-2172
-1839
-2297
-2581
-2504
-2729
-2115
-1702
-1654
-1328
-1249
-1240
-1252
-1519
-1340
-995
-1378
-389
-533
-799
-229
-844
-451
-632
-1221
-774
-625
-581
-60
-422
-206
852
814
1230
1642
1903
2533
3312
3489
4226
4055
4331
4260
3359
4136
3531
4224
4746
4209
4325
3855
4316
4480
3461
3777
4151
3783
3909
3328
486
-2106
-3943
-3949
-3423
-3946
-4040
-5553
-7021
-7472
-8488
-8738
-7949
-7480
-6457
-5608
-5690
-6235
-6816
-5888
-4667
-3344
-880
-84
-128
648
790
1028
2421
3943
4812
5336
5666
4935
3767
4369
4552
4150
4786
4683
3655
3102
3181
2964
2952
3524
4055
3930
4488
5238
4992
6452
5909
1215
-2945
-4167
-3258
-2126
-1796
-3568
-6419
-8322
-8812
-9704
-9762
-8815
-8451
-6875
-5132
-5823
-7498
-7425
-5421
-2635
465
2585
2639
2492
3703
4359
4961
5574
5291
6347
8272
8069
5404
3363
2664
1322
1068
1758
659
-930
-1008
-1934
-3619
-2996
-1224
216
1971
3493
2851
1993
3708
5206
6281
8574
9562
8719
9341
11793
9143
2159
-3434
-5171
-3954
-2055
-2384
-6847
-11058
-13267
-15039
-15519
-14029
-13099
-12736
-10148
-8415
-9883
-11221
-9648
-6022
-1136
4068
5585
4520
4661
6138
7598
9809
11764
11829
10914
10431
9296
6580
4913
4479
4294
3689
1583
-2081
-5826
-7002
-5792
-4442
-3686
-2989
-2584
-2046
-531
922
2227
4720
7788
9471
9676
9848
10115
11795
14983
12925
4814
-2676
-4300
-2945
-2288
-3061
-7290
-12389
-15119
-16376
-17907
-17965
-17045
-16042
-12966
-10228
-11142
-13526
-11632
-6400
-780
4442
6582
5757
5782
8340
10518
11058
10533
11534
14330
15411
12526
7590
4740
4265
4864
4683
1721
-2295
-4214
-5024
-6064
-6474
-5920
-3904
-771
1408
1392
1354
3037
5731
8741
11145
11718
12483
15412
12845
3520
-4104
-4258
-400
1808
259
-6311
-13572
-17190
-17556
-16881
-14939
-13882
-14652
-13343
-11896
-13442
-15239
-11785
-4898
1049
5095
5083
1856
1352
6637
12160
14359
14211
13244
12521
12076
10988
8290
6767
7440
6978
3652
-1152
-5234
-6959
-5755
-3991
-4312
-5595
-5404
-3611
-1546
895
3245
4974
7160
9319
10575
11116
13682
16111
11138
1208
-4651
-2156
1928
1510
-3644
-10414
-14890
-16508
-16546
-16285
-15417
-15695
-15409
-12987
-12111
-14032
-14267
-8745
-1577
3351
4857
3584
2121
4144
9406
13921
15214
13646
12457
12388
11679
9618
7679
7058
6951
5830
1511
-4426
-7365
-6451
-4680
-3920
-4782
-6415
-5851
-2229
898
2911
5348
7125
8298
10340
12674
14287
17032
14142
3065
-5335
-2505
3361
2546
-2563
-9615
-15385
-17361
-16727
-16806
-16420
-15322
-15747
-14447
-12799
-14041
-15184
-9435
-620
3840
4925
4106
3236
4891
10194
14630
16278
15705
13009
11302
11234
10598
8544
7627
6734
3443
-476
-4192
-6931
-7394
-5887
-5712
-7236
-7845
-7369
-4707
-512
3100
4952
6281
7992
9382
11730
14775
18519
16709
6143
-4685
-4665
3136
4975
-688
-8890
-15086
-17976
-17689
-16606
-16375
-16028
-16306
-15101
-13564
-14227
-15366
-10752
-1255
4815
5561
3612
2973
5782
11192
15271
16532
16159
14013
12029
11476
10709
9040
8420
7820
3931
-1397
-5598
-7535
-7008
-5459
-5964
-8569
-9601
-8429
-5084
-418
3263
5054
6290
8060
9227
11457
15008
19422
19935
10740
-2826
-7149
1075
6919
2879
-6203
-14507
-19497
-19610
-16773
-15618
-15827
-16681
-16702
-15356
-14803
-15553
-12202
-2560
4948
5600
2959
1931
4702
11271
16423
16741
15284
14235
12944
11873
11100
9046
7574
7357
4635
-1549
-7082
-8705
-7691
-5927
-6586
-9694
-11688
-9722
-4676
114
3224
4761
6109
7881
10144
12884
16300
20956
20191
8614
-4658
-5010
4625
8392
2396
-7820
-16434
-20429
-18925
-15581
-14392
-15485
-17954
-18048
-15944
-15155
-14974
-9580
100
5253
4411
1683
1612
6503
15485
20806
17269
12078
11292
12840
13135
13066
10847
6545
4167
1889
-3600
-8187
-7010
-5377
-6605
-8929
-12187
-13887
-9402
-1288
2539
3466
4369
4943
7249
12353
16452
18713
22447
18678
3650
-7182
-1562
8778
9149
776
-11235
-20347
-22034
-18131
-14409
-13299
-15945
-21068
-21159
-17462
-15844
-13591
-5357
2231
3045
1230
197
2696
10224
18128
19696
16488
12780
10465
12589
16051
15103
10449
6779
2832
-1706
-3925
-5070
-5739
-5965
-7910
-12667
-14658
-11622
-6634
-929
2621
2462
1749
4694
9448
13823
17747
20182
21511
16306
2930
-6746
-89
11992
11064
-1302
-14605
-22133
-22139
-15858
-11107
-12820
-18501
-23611
-22825
-17885
-13750
-10991
-4933
1135
1137
-1044
-60
5401
13896
21587
20152
11715
8391
12448
17474
18929
16026
8272
2174
1749
1391
-2014
-4550
-4845
-7222
-10733
-13460
-14175
-10661
-3450
1410
284
-1285
422
5701
12339
16725
16919
17446
18968
11538
-1613
-4461
6321
13255
6799
-6873
-18963
-22712
-18098
-11189
-9456
-14455
-23200
-27069
-20904
-13172
-10362
-8347
-3919
-2085
-2203
-284
3377
9343
16678
18920
14042
10169
11422
15194
19478
19269
12036
4370
2724
3037
1899
78
-3557
-7886
-10011
-11102
-12451
-10625
-6127
-3108
-1699
-1278
-806
2515
9198
13978
15044
15423
17713
17905
9248
-2620
-2863
9160
13852
2841
-12565
-20648
-20107
-14103
-8660
-10759
-19441
-26698
-25164
-17031
-10746
-9994
-9637
-5909
-2995
-1913
550
5947
11871
16635
16140
10967
9814
14935
19103
18665
15608
9244
3871
4540
5519
1960
-1695
-3632
-7712
-10964
-10971
-10463
-8720
-5132
-3678
-4787
-3040
1395
5639
10181
12902
12414
13040
18623
18964
6861
-5079
-1531
11061
12805
37
-15304
-21157
-17508
-11005
-8239
-13037
-22456
-27864
-22351
-13166
-10044
-11697
-10574
-6096
-2696
-573
1847
6394
12266
15913
13868
10494
12094
16840
20153
19502
14143
6971
4948
7546
7310
3023
-2274
-6273
-8546
-8669
-9339
-10026
-8789
-7011
-5719
-4496
-2138
1239
6059
9790
10337
10308
13032
18854
17770
5368
-5913
-570
11987
11358
-2041
-14905
-19226
-16438
-9922
-7574
-13772
-22980
-26288
-20250
-12414
-10110
-11920
-10602
-6187
-3095
-922
2362
6822
11051
13917
13702
12136
12968
16295
18836
18250
14097
8576
6069
7148
6631
2693
-1604
-5032
-8035
-9109
-8739
-9042
-8947
-7482
-6175
-4908
-1846
1887
4937
7925
9559
10237
13527
18915
15202
1453
-5702
3611
14442
10070
-4563
-16011
-17771
-12565
-6702
-6939
-14857
-23884
-25510
-17602
-10145
-9936
-12419
-11084
-7636
-4677
-1007
2849
6788
10239
11539
10513
10436
13513
17787
19940
16369
10106
7171
8414
9645
7761
2876
-3109
-5784
-5868
-6449
-7717
-8311
-8655
-8592
-6581
-4379
-1810
1893
5252
6724
7472
9183
12401
18247
17264
3900
-6999
367
13773
12335
-1090
-13907
-18483
-14337
-6541
-4896
-12557
-22310
-25962
-19428
-10757
-9005
-12342
-12219
-8768
-6159
-2095
2219
5388
8585
11925
9551
6246
11972
19971
21003
16375
11125
6085
7428
13758
12461
4031
-3097
-5835
-5817
-2890
-3158
-8491
-10638
-9396
-7537
-4368
-612
272
1188
4831
6050
6902
10522
15913
17917
10179
-3139
-6377
7133
15782
7129
-7454
-16359
-17332
-10889
-2848
-5891
-17080
-24816
-23352
-15219
-8497
-8718
-12906
-12450
-9159
-5397
-413
4054
6367
7710
8109
7046
10073
16543
19436
16868
12195
8544
8824
12829
13293
7723
1299
-2587
-4414
-3495
-2381
-4798
-8520
-9436
-8979
-7141
-2665
329
124
289
3022
5385
8130
11235
14487
15662
7667
-3982
-3991
9058
14323
5074
-8055
-16418
-15602
-7527
-1421
-6387
-17119
-24646
-22535
-12609
-6166
-8345
-13083
-13279
-10918
-5245
1716
4652
4569
5663
6345
5439
10237
17471
18610
14835
11197
8100
8301
14090
14850
7044
-121
-2239
-2174
-447
144
-5177
-9879
-8545
-6227
-4543
-1872
-1232
-2536
-20
4354
5315
6554
9458
12870
13502
6267
-4440
-3798
8878
13197
3912
-8727
-16333
-14762
-5120
776
-6716
-18653
-24751
-20328
-9525
-3762
-8498
-15320
-15005
-10382
-3075
3426
4066
1013
590
4078
8722
13818
15242
13042
11473
10863
10629
11832
13215
10697
6233
2554
178
-39
727
-673
-4245
-6934
-7405
-5887
-3343
-1832
-2181
-2492
-1310
1970
5436
6777
6518
8208
12292
10045
788
-4243
2085
9358
7298
-1511
-11041
-14123
-9049
-1860
-2430
-11047
-19788
-21132
-13233
-5485
-5443
-11178
-14742
-13135
-6692
1126
3421
843
-773
1138
4700
9923
13682
11988
9298
9250
9941
10848
12797
11372
6076
2890
2479
2249
2303
1048
-2987
-5601
-4795
-3594
-3109
-2096
-2036
-2547
-1232
1138
3453
5087
5766
5782
8412
11601
7216
-1406
-3029
3873
7934
4386
-3712
-11599
-12447
-6547
-1750
-4556
-12502
-19459
-18648
-10026
-4553
-6613
-11727
-14425
-12173
-4407
2512
2204
-966
-2682
-70
6865
12427
11328
7638
7593
8982
11269
12738
10603
6864
5432
5455
4427
3829
2232
-147
-1301
-1860
-2794
-2651
-1394
-1397
-1399
-1091
-716
1043
4078
5100
4017
3944
6059
9333
7776
397
-4117
276
5132
3507
-1845
-8603
-12442
-9398
-3458
-3529
-9481
-15659
-17230
-11783
-5780
-5453
-9457
-12284
-11569
-6110
597
1738
-915
-2911
-1416
4075
9850
9821
6247
5822
6991
8923
11193
10294
6338
4768
5585
5232
5316
4250
1030
-528
412
371
-250
281
-706
-1190
465
1453
1657
3094
3810
2484
2869
4268
5932
7877
4771
-2478
-4301
1082
3352
1115
-2982
-8979
-11326
-7013
-2648
-4058
-8334
-13281
-14655
-9023
-3754
-4242
-7698
-10186
-10140
-4874
992
986
-1514
-3107
-2532
1882
7228
7112
3984
3436
3909
5875
8659
8214
5283
4492
4742
4450
5573
5196
2570
1533
1979
1415
1308
1984
978
462
1165
1179
1149
2317
2636
1688
1793
1971
2214
3872
5164
2264
-2596
-3882
-1277
1525
1076
-2624
-7110
-8196
-5374
-2206
-1949
-5316
-9273
-9904
-6338
-2887
-2605
-5019
-7795
-7754
-4414
-961
-533
-2005
-3533
-3449
-811
2301
3051
1796
1079
1616
3485
5491
5982
5119
4340
4217
4652
5581
5508
4214
3016
2682
2798
3081
3045
2084
1227
931
1100
1656
2103
1438
242
-62
109
572
1141
1173
500
308
215
-913
-1463
-660
21
-380
-992
-2034
-3032
-2333
-1135
-1062
-2036
-3391
-4540
-4033
-2645
-2752
-3765
-4846
-5668
-5096
-3335
-2888
-3838
-4140
-3879
-2959
-1296
-315
-453
-124
834
1552
2652
3657
3867
4005
4350
4130
3643
3603
3454
3393
3553
3170
2343
1866
1605
1305
1350
1090
376
174
324
121
-81
107
196
365
532
312
304
793
1269
1550
1832
1639
1199
1071
1071
1124
1145
781
36
-542
-1061
-1535
-1614
-1701
-2298
-3236
-3882
-3928
-3542
-3386
-3687
-3964
-4067
-3890
-3247
-2435
-2061
-1983
-1712
-1119
-253
458
616
534
788
1246
1563
1641
1390
1016
894
973
866
592
471
463
332
152
198
497
856
1068
974
863
1160
1701
2120
2367
2342
2094
2186
2771
3162
2882
2228
1697
1535
1630
1523
941
194
-293
-496
-551
-648
-984
-1399
-1625
-1700
-1721
-1685
-1667
-1594
-1356
-1171
-1096
-862
-520
-405
-524
-640
-617
-410
-211
-313
-699
-1019
-1057
-982
-1098
-1411
-1668
-1723
-1656
-1631
-1659
-1578
-1335
-1095
-940
-725
-379
23
425
751
948
1077
1228
1482
1800
1968
1875
1708
1627
1613
1560
1375
1035
678
459
431
486
348
-81
-435
-309
62
137
-145
-380
-297
89
564
818
742
547
528
794
1148
1206
856
450
376
593
725
464
-120
-637
-832
-821
-791
-811
-921
-1102
-1181
-1105
-1049
-1035
-851
-466
-209
-297
-512
-448
-48
362
474
262
-77
-276
-212
-66
-101
-350
-660
-917
-1051
-1035
-938
-884
-1003
-1271
-1370
-1079
-675
-479
-463
-456
-293
151
613
770
806
917
1097
1356
1612
1638
1323
996
1147
1650
1709
1075
430
287
485
690
685
412
65
-106
-2
259
389
288
242
379
446
358
331
444
574
581
384
81
-111
-114
-74
-186
-509
-909
-1163
-1232
-1245
-1280
-1341
-1461
-1597
-1623
-1529
-1399
-1182
-885
-714
-734
-696
-373
123
427
336
119
206
602
926
894
509
119
137
480
660
444
1
-360
-345
28
350
328
44
-206
-122
318
743
887
807
605
434
576
1017
1330
1205
748
315
221
420
542
385
46
-356
-677
-737
-576
-435
-505
-782
-1069
-1090
-778
-381
-180
-234
-343
-281
0
325
493
486
453
478
482
419
310
190
144
126
-62
-371
-548
-547
-522
-577
-704
-799
-706
-470
-309
-305
-341
-222
124
501
646
563
485
543
728
944
1017
831
489
214
130
178
215
90
-271
-755
-1073
-983
-617
-395
-585
-1002
-1203
-922
-308
183
248
50
-7
278
757
1107
1154
1027
932
892
850
785
687
548
332
-9
-401
-611
-607
-610
-748
-959
-1117
-1086
-867
-656
-576
-520
-365
-80
237
417
456
552
747
882
904
875
811
716
583
371
133
2
-50
-192
-480
-830
-1052
-1001
-796
-726
-873
-1060
-1072
-783
-298
65
139
79
142
430
859
1191
1242
1089
932
867
900
956
864
564
174
-158
-328
-348
-401
-638
-934
-1081
-1013
-823
-691
-715
-748
-580
-243
76
237
257
315
543
814
930
862
734
667
677
646
481
237
10
-162
-317
-467
-600
-697
-764
-833
-889
-891
-801
-641
-462
-306
-173
-34
131
322
524
701
835
916
921
867
795
727
672
591
441
206
-63
-284
-416
-479
-547
-653
-774
-832
-790
-682
-561
-434
-295
-154
-13
128
274
420
536
588
570
537
520
504
425
259
61
-88
-179
-276
-418
-560
-656
-701
-724
-750
-749
-669
-509
-357
-265
-197
-60
175
428
593
655
707
802
888
895
826
746
678
564
359
129
-10
-61
-162
-397
-658
-737
-580
-387
-405
-616
-723
-497
-55
237
187
-22
-34
273
652
785
597
311
189
281
417
405
211
-78
-333
-464
-452
-349
-284
-374
-607
-796
-737
-423
-71
59
-73
-230
-147
200
577
707
555
362
365
557
709
636
385
148
65
73
10
-170
-366
-469
-501
-557
-649
-685
-592
-443
-376
-395
-383
-226
34
245
306
277
283
385
517
562
496
367
255
171
100
31
-46
-143
-275
-419
-505
-469
-345
-266
-310
-417
-416
-210
107
327
327
208
191
401
719
897
800
560
408
453
570
550
329
40
-150
-220
-274
-390
-518
-579
-578
-606
-684
-714
-596
-353
-155
-115
-170
-140
76
378
555
515
374
320
411
514
471
269
48
-75
-105
-154
-303
-502
-642
-662
-606
-569
-589
-621
-578
-424
-209
-16
110
198
302
457
639
787
866
881
857
819
783
725
614
452
269
105
-27
-166
-341
-537
-687
-738
-698
-648
-666
-724
-716
-555
-292
-67
18
21
87
285
522
651
609
490
432
460
470
375
182
-29
-178
-274
-368
-491
-614
-694
-721
-709
-688
-647
-574
-462
-296
-98
89
224
317
426
586
793
956
1004
926
808
736
719
693
572
359
119
-84
-236
-368
-508
-636
-732
-767
-766
-763
-750
-700
-574
-388
-190
-36
56
131
240
403
569
668
642
516
385
341
378
367
188
-140
-434
-530
-442
-375
-512
-807
-1007
-920
-623
-376
-344
-434
-407
-149
213
477
559
573
660
843
1025
1103
1052
925
809
751
727
656
473
187
-101
-271
-295
-290
-404
-646
-857
-873
-702
-524
-487
-550
-538
-351
-75
107
128
103
187
380
523
486
324
197
187
210
128
-87
-314
-423
-433
-463
-598
-782
-870
-794
-628
-495
-459
-462
-407
-234
32
316
525
612
607
625
767
988
1124
1036
796
620
637
731
660
326
-89
-289
-197
-57
-158
-518
-861
-907
-678
-436
-398
-531
-616
-502
-249
-42
21
11
46
161
288
350
331
264
182
107
66
72
77
-3
-190
-394
-467
-365
-211
-178
-294
-408
-360
-146
74
170
169
212
358
532
640
668
674
706
729
687
611
559
535
456
251
-27
-205
-197
-124
-203
-489
-793
-878
-715
-517
-494
-634
-738
-648
-405
-196
-113
-107
-66
42
166
254
306
330
314
249
160
125
163
183
69
-165
-350
-350
-204
-103
-206
-425
-524
-376
-98
65
31
-67
-33
187
449
586
555
460
443
540
669
710
624
437
261
157
137
133
59
-117
-345
-514
-547
-476
-419
-457
-570
-632
-544
-349
-177
-110
-110
-68
61
221
325
351
339
333
338
320
259
185
120
55
-47
-184
-304
-350
-327
-312
-384
-504
-552
-440
-226
-72
-66
-148
-156
30
350
594
601
425
288
369
639
881
851
528
155
18
187
434
431
77
-396
-638
-501
-181
-37
-240
-601
-781
-609
-240
26
16
-165
-279
-176
92
330
389
263
89
27
104
229
252
110
-117
-281
-298
-222
-174
-241
-395
-531
-533
-403
-235
-147
-178
-246
-225
-53
202
393
416
317
258
357
572
745
735
547
333
251
330
450
440
243
-54
-273
-300
-190
-97
-149
-338
-527
-583
-467
-268
-119
-93
-174
-265
-246
-83
149
293
252
72
-77
-55
111
252
202
-18
-243
-305
-198
-65
-70
-220
-376
-397
-270
-106
-33
-71
-119
-72
80
247
331
316
281
311
421
529
546
457
328
252
270
325
314
183
-21
-187
-235
-178
-119
-154
-284
-423
-476
-408
-266
-145
-104
-139
-192
-188
-89
73
213
242
152
23
-22
55
181
227
125
-64
-214
-223
-111
-11
-27
-162
-304
-323
-203
-44
41
18
-44
-49
37
165
258
290
283
269
260
260
259
264
255
211
122
21
-46
-74
-90
-140
-227
-306
-338
-325
-308
-317
-338
-318
-244
-151
-100
-89
-78
-27
72
170
223
215
174
144
151
188
215
199
135
30
-55
-76
-36
14
6
-68
-161
-191
-128
-16
75
100
59
14
25
99
219
322
343
269
146
81
128
245
309
215
-5
-192
-218
-102
-8
-73
-274
-447
-449
-313
-184
-189
-280
-325
-239
-81
23
22
-8
33
149
253
267
205
153
173
233
253
188
82
12
-3
7
-3
-58
-126
-163
-159
-137
-134
-154
-167
-137
-74
-20
-17
-41
-32
43
149
203
161
66
28
97
211
242
134
-40
-133
-83
35
77
-28
-208
-317
-274
-137
-29
-47
-148
-223
-189
-57
85
158
141
93
77
123
208
276
290
240
158
98
83
97
105
70
-11
-107
-175
-183
-148
-116
-129
-182
-242
-245
-169
-65
-3
-20
-74
-79
-5
111
177
155
85
46
93
174
204
143
38
-23
4
70
83
8
-104
-162
-127
-35
13
-23
-105
-153
-109
-8
75
81
28
-27
-19
46
107
124
80
18
-24
-31
-9
17
27
-1
-65
-130
-142
-85
-3
29
-21
-112
-149
-76
55
127
91
-3
-50
5
112
175
154
85
33
28
54
72
78
66
31
-27
-85
-97
-54
-5
-13
-85
-162
-153
-67
9
-7
-81
-111
-52
41
74
23
-40
-32
41
101
85
22
-16
-3
27
37
27
18
12
-4
-33
-49
-19
35
58
9
-60
-78
-9
91
122
66
-19
-41
23
112
139
90
16
-23
-10
17
31
20
-5
-39
-74
-102
-105
-78
-46
-48
-87
-128
-120
-65
-13
-6
-33
-45
-16
36
58
38
17
31
71
93
69
21
-2
18
64
80
46
-7
-40
-22
21
47
38
-3
-39
-42
-5
38
49
17
-18
-28
-2
33
46
27
-4
-13
-6
5
1
-11
-15
-18
-25
-43
-57
-50
-26
-13
-27
-61
-71
-43
4
27
7
-27
-32
3
52
67
38
0
-3
32
64
63
27
-11
-18
4
31
34
9
-21
-36
-26
2
24
21
-7
-35
-38
-8
27
33
5
-36
-44
-8
35
43
8
-34
-43
-11
30
41
17
-24
-38
-19
14
28
12
-11
-24
-20
-6
5
7
5
-1
-10
-13
-6
10
24
20
0
-16
-15
5
25
21
-5
-29
-33
-15
7
10
-12
-33
-34
-15
6
14
2
-12
-9
8
23
22
15
6
11
22
31
25
12
4
2
6
9
13
10
5
-4
-16
-11
1
11
8
-9
-27
-24
-2
15
12
-9
-26
-21
2
24
19
-6
-20
-15
5
19
12
-9
-25
-23
-6
10
4
-11
-25
-24
-13
1
7
6
-1
-5
3
10
17
18
8
1
-5
1
10
13
4
-7
-11
-10
0
5
9
3
-2
-6
-7
2
11
19
7
-8
-17
-7
12
19
7
-14
-23
-15
7
17
7
-15
-23
-14
8
22
15
-5
-19
-14
6
17
16
2
-9
-11
-1
8
14
9
-1
-2
-2
3
8
8
2
-6
-6
1
3
2
-4
-7
-8
-4
0
1
-1
-5
-5
-5
1
6
8
5
-6
-10
-7
3
6
2
-4
-12
-10
-7
0
2
0
-3
-6
0
2
7
10
6
3
2
5
10
16
15
5
-2
-1
1
5
6
0
-5
-10
-9
-4
1
1
-2
-6
-9
-9
-7
0
2
0
-2
0
3
3
2
1
3
3
4
2
0
-4
-4
-2
-1
-4
-10
-9
-8
-6
-4
-6
-7
-5
-3
1
1
0
4
9
13
14
11
10
13
18
22
18
7
-2
0
8
14
12
1
-14
-22
-15
-6
2
-3
-17
-29
-31
-14
3
6
-1
-11
-11
-3
13
22
21
9
0
0
5
9
13
10
0
-10
-16
-12
-8
-9
-16
-23
-25
-19
-12
-6
-6
-6
-5
6
13
19
22
19
22
29
34
32
25
16
14
15
19
13
-2
-17
-28
-27
-21
-13
-17
-34
-50
-50
-28
-3
9
7
-8
-13
-1
25
51
59
44
17
4
13
30
41
32
2
-31
-48
-38
-21
-10
-21
-48
-62
-58
-34
-8
2
-4
-13
-5
16
40
48
46
43
47
57
59
52
40
28
25
25
21
9
-18
-48
-60
-53
-36
-38
-60
-92
-105
-81
-41
-6
2
-14
-29
-15
28
77
97
84
54
38
44
66
80
62
23
-25
-50
-52
-43
-42
-56
-83
-102
-99
-74
-43
-25
-21
-21
-12
24
63
95
103
95
89
90
96
99
93
77
55
30
8
-10
-26
-47
-75
-99
-119
-127
-130
-127
-120
-107
-83
-52
-22
0
9
15
32
66
103
109
103
81
77
93
112
120
88
47
-7
-29
-45
-40
-40
-74
-93
-123
-106
-86
-53
-37
-36
-31
12
92
161
200
166
125
98
132
170
184
91
44
-92
0
-188
-255
-727
-1039
-1131
-1004
-161
50
710
310
425
58
105
287
310
774
818
1386
1340
1436
857
408
-459
-784
-1354
-1483
-1734
-1587
-1149
-681
213
563
1168
957
970
422
127
-345
-550
-599
-513
-242
-121
109
5
129
19
245
320
486
507
472
467
510
447
468
115
-59
-356
-645
-404
-856
-145
-668
-9
-562
-793
-1060
-1835
-873
-1110
726
806
1734
1634
1140
1028
-191
-209
-1196
-903
-885
-295
400
777
1353
1236
1362
842
679
53
-107
-559
-684
-809
-1029
-752
-1102
-555
-775
-116
65
501
867
890
1211
1106
1210
1167
1112
1126
972
348
-245
-1794
-2288
-3283
-2641
-2056
-811
625
1221
2327
1794
1875
656
157
-646
-1014
-999
-1016
-465
-202
331
463
573
544
435
382
218
23
-137
-218
-145
8
40
153
109
107
-341
-693
-1528
-1984
-1961
-1946
-1012
-323
852
1098
1791
1325
1269
458
364
206
-322
258
-88
552
505
633
738
18
346
-135
-420
-36
-926
-279
-436
-210
-260
33
-190
-252
-161
-137
-245
-115
-212
102
316
-222
661
144
-21
427
164
173
385
-342
634
-52
-286
93
10
9
-166
327
486
-745
285
188
-18
363
-279
150
157
-501
431
26
59
40
-150
497
75
-151
-99
66
-220
121
-663
27
299
-346
-359
90
-180
-305
-703
452
-638
-534
218
-874
426
-210
180
465
233
561
-72
506
-793
647
128
-179
517
269
172
-186
384
-423
-83
-315
-137
199
-51
-329
-14
-370
1
-869
617
-1117
831
-411
-46
785
-1432
1031
-572
297
562
60
446
-199
525
-66
431
-314
370
64
-847
525
-95
-375
1162
-122
12
103
-605
-43
-233
-420
171
-820
685
-57
326
72
50
56
143
1037
-124
512
-117
501
-535
774
683
-493
847
-675
649
-111
-375
378
-35
251
182
-101
-284
875
-58
-486
771
-177
-587
781
-556
-145
-363
-733
8
-247
-589
-264
-749
-783
387
-798
-247
-297
-203
-476
-658
-502
-165
-222
-742
1032
-965
8
-173
-245
458
-506
441
-251
82
483
-895
107
-13
483
-110
657
48
-142
-28
-307
189
-646
781
-604
690
170
-183
359
-504
485
415
278
649
187
879
-352
1570
-240
1042
442
1084
682
55
1187
-991
719
6
336
561
-212
327
338
520
359
-77
25
-65
107
219
-210
-2
26
-181
-189
-393
-575
-749
66
-276
-76
-500
282
-665
-271
172
-1100
-311
-450
298
-660
29
-651
-122
-224
-702
91
327
-123
78
-581
-193
109
-813
-71
-444
-74
-915
545
-1112
143
-502
-317
179
-880
624
-418
885
-874
430
13
550
-32
-140
578
370
173
281
-128
255
309
61
144
589
160
527
-442
518
114
-549
627
202
987
-1333
1006
-253
298
-134
-368
450
466
921
182
945
78
567
131
838
506
-31
-290
584
-228
-514
-61
-422
493
-180
-1
-638
-141
-764
-30
-384
-408
-641
337
226
-534
-606
-151
-287
-267
-841
-378
-350
-302
-446
-472
159
-605
-198
101
162
-152
198
-476
28
435
138
415
393
56
663
304
74
926
-195
1048
196
792
550
316
970
304
566
480
366
-503
498
-174
-924
120
-1143
16
-680
-604
-222
-788
-101
-439
-52
-606
232
9
323
-251
-426
-835
165
-484
-812
206
-1201
268
-719
515
-260
-486
430
-304
-489
888
177
-605
994
-542
650
1308
-457
637
1142
115
1135
886
-741
566
584
393
871
-421
401
591
324
238
-424
326
288
307
-686
-348
470
-715
-559
31
143
301
-443
-24
53
304
69
-426
-42
-329
98
-1032
-393
-902
-309
-783
-531
-793
-737
59
-1652
-506
-868
-304
-1216
-398
-405
-1079
491
-713
-668
83
-481
210
302
771
-88
-31
38
-225
466
1094
1149
390
826
1265
267
721
746
212
873
517
1185
1048
738
1561
953
939
1206
758
763
1015
681
528
268
155
-361
131
-342
-295
-499
-497
-403
-1557
-1
-127
-231
-595
-110
-108
-788
-151
-957
-1319
127
-756
315
604
-310
-206
-1138
647
-859
-974
441
196
-112
-497
-301
48
-785
-421
-932
617
492
515
-1065
-239
259
-531
-171
-375
99
-767
315
453
-630
299
-495
-396
-364
464
-272
800
-137
-26
380
171
648
347
510
286
56
-145
-451
496
-41
-10
120
246
133
-674
375
-825
-531
-580
491
397
-19
-411
-289
-465
242
473
-717
564
61
488
-228
497
-728
-549
279
165
-16
-61
213
333
-555
1263
-179
641
610
-526
192
-214
1351
-250
362
29
839
275
-108
-246
-124
136
751
-589
-133
-16
103
-511
350
-492
-92
224
87
272
-96
268
-626
1170
1140
1032
328
35
-159
-236
89
-8
426
299
1129
-568
888
-309
-836
782
-1101
1839
-319
-672
122
-1657
-462
-648
-544
-49
410
511
164
-129
-1218
-86
299
-277
16
-259
-649
-791
-659
-655
-677
110
438
246
127
-598
450
-97
-76
-489
-917
-176
-555
-23
332
-816
-609
185
-250
395
-636
-441
-1638
752
-1047
-255
-215
-81
-363
-1068
-628
-948
-785
-615
108
-356
321
-667
33
-972
-271
-21
1235
-279
33
1053
196
533
876
883
1592
1323
1799
1319
1442
1256
927
2319
1767
1862
930
2072
557
920
892
1434
807
1561
1066
946
293
-655
492
152
475
394
344
-173
-487
-603
-1109
-848
-520
-1020
-796
-436
-400
-1370
-1333
-2003
-1410
-1561
-616
-1238
-886
-745
-959
-364
-1573
-1820
-268
-783
-1127
-507
-495
-590
-791
-1128
-1312
-972
-210
-1413
295
523
-254
430
133
322
-420
267
-129
152
138
379
-88
384
-135
372
845
83
83
-479
214
773
227
13
342
-146
153
-246
282
827
701
925
651
341
335
1110
-28
904
1640
1283
1714
35
1221
2024
836
1640
1025
1222
1280
593
1173
241
1008
-2
125
10
-214
17
-62
46
-489
-448
-818
-954
-1029
-1163
-953
-155
-717
4
-745
-462
-1101
-1134
-1053
-1002
-804
-1132
-964
-1349
-930
-912
-435
41
-491
-427
-349
-237
-342
-406
-145
-280
-602
-291
-201
-887
-297
141
595
24
358
238
158
-316
319
957
778
613
117
-285
325
172
-29
-31
872
705
422
502
171
926
-185
380
-73
1258
1091
755
573
99
-44
-196
-142
1043
993
-152
97
-420
488
343
997
-362
-626
-170
798
8
-130
100
-366
-284
-31
-218
155
333
162
-295
145
-309
-474
333
-210
-38
-589
-100
-516
-238
-84
-999
-125
-551
-184
-298
2
-468
-380
-630
-965
-906
-656
-516
-171
-367
-571
-266
-1275
319
605
67
623
-192
86
-101
377
-314
0
389
168
294
93
1288
-268
-281
110
1032
1510
1191
587
357
155
327
-238
-61
442
175
282
367
59
-103
-239
-237
-149
344
600
404
-803
-203
-244
195
367
-966
-299
227
201
304
135
-581
191
-268
194
-662
-110
-305
793
227
-306
-544
-105
-74
-456
112
-348
466
78
-64
-154
-625
28
-727
652
-85
97
366
-69
368
-706
-153
60
-48
588
-587
285
6
-646
356
-915
-404
-184
285
929
446
273
105
-220
680
347
483
217
182
332
-205
259
306
-420
75
-417
-578
-392
-234
-126
320
93
-342
-80
-204
-546
-519
223
-185
-175
-90
-246
176
-656
-80
-691
400
56
465
249
572
118
124
-71
-303
364
-251
594
299
-32
-529
-2
355
-452
-237
558
437
-997
-796
36
-1062
5
-618
151
-226
219
93
-132
872
567
512
122
819
462
553
294
236
341
-85
892
-21
382
369
562
323
-10
621
20
563
-497
-624
-505
-845
-194
-521
-304
-416
90
-464
206
-547
186
-25
263
125
-278
487
-232
-118
-295
169
382
186
740
-121
32
-291
-94
618
-679
220
-330
91
-361
128
-59
152
-361
-45
-991
301
545
-1209
-216
-183
-136
-294
-430
-353
-448
238
-333
397
-706
-204
379
-411
-3
-616
583
-300
212
248
-355
57
35
339
-73
67
-460
896
-62
227
386
-212
420
-237
263
-96
317
171
-47
-73
31
156
269
1096
-38
745
397
402
779
-263
760
562
340
687
599
-200
-365
-674
341
360
-456
163
-334
-140
-274
-265
224
-477
-343
46
-426
-266
-385
-956
10
-202
-54
751
-327
85
-568
-313
14
-129
-258
-500
291
-282
117
-1139
153
-546
-209
230
-432
-228
-427
171
-441
185
142
1338
93
399
-77
44
100
-270
101
490
47
22
-563
-383
-9
-168
-202
198
-219
-201
-712
-615
350
390
400
284
1032
-48
104
275
272
648
366
115
1029
569
556
795
506
435
389
697
633
538
1073
105
-270
-658
557
415
-16
-507
-513
-46
-609
-1098
-497
-322
279
-853
-592
-1255
-834
97
-1089
-578
-467
-304
-794
-773
-910
-331
-396
41
-403
-71
216
-771
-290
-548
125
366
188
207
-437
307
-132
802
579
404
496
299
651
-242
806
-68
-164
439
227
395
235
524
-320
880
295
751
-383
672
288
-612
288
-319
384
-223
-349
5
-444
-363
-147
-534
327
126
194
-241
519
-313
219
-125
-135
345
206
-48
551
95
-32
434
40
1150
394
1109
72
486
454
-290
-154
-74
-354
-336
-293
-621
-25
-291
-362
32
104
-46
193
-435
-80
108
-116
-332
-571
-1070
609
-379
47
-320
-207
-289
-783
-72
300
-166
-424
-22
203
17
-371
-634
651
-252
-94
153
-581
132
-510
-319
-230
-112
147
649
-869
-224
206
-493
-23
-358
18
-751
175
347
454
141
-253
410
908
165
490
815
136
847
-173
522
137
1189
242
271
685
183
596
-428
1037
-9
64
384
-299
-9
-826
295
230
-174
109
-829
-487
-351
401
-81
236
34
-246
-319
-603
-124
-262
-288
-88
-299
536
-658
-1119
531
96
239
653
-51
-659
238
103
-3
-60
460
478
-138
-69
-500
-217
155
-169
-249
-248
516
-22
179
-140
-185
307
-52
734
-916
-150
-196
-409
156
-113
-301
-637
-195
-278
-137
-56
-183
-228
-96
281
206
261
-465
-509
-113
-233
533
638
-169
-498
-129
49
75
235
914
591
-108
553
277
582
484
235
156
739
964
338
-500
-287
698
8
251
39
193
-8
139
-655
-228
-342
-32
-504
-532
204
-198
-3
-535
100
-11
-179
-455
58
-145
120
8
-233
157
174
692
267
-300
-189
-38
111
-397
-365
253
-194
69
47
194
-190
-463
344
-69
15
-692
-4
199
-65
119
-235
384
266
-425
208
-314
-122
-210
-344
-358
-270
367
-346
-285
-524
280
623
301
271
-381
-848
290
-371
539
252
-619
610
-170
789
-461
-251
739
399
611
292
225
-119
736
357
-212
46
33
279
-404
86
-397
-297
141
-225
-380
-8
-81
-130
-57
-640
151
80
-82
52
501
27
-347
675
420
707
-96
224
242
-673
45
780
188
74
-501
326
-229
157
-491
192
-252
-557
391
-508
671
-797
138
-152
-314
-361
202
-95
168
200
-886
-262
44
247
-107
-649
78
-1
-4
-546
12
412
101
-487
-43
254
-229
546
152
-114
321
-154
-119
187
470
-92
-522
183
589
-221
-279
-511
-240
610
-663
6
104
79
-342
399
140
-231
73
-257
661
186
256
-134
276
766
-364
70
-194
-153
218
399
16
112
-105
970
-26
-44
-784
-90
1383
236
-86
-247
-179
-430
8
437
-63
6
-410
-185
-369
-242
111
-61
-81
111
-841
-422
-231
422
499
-378
186
-222
-295
-305
196
-174
250
263
92
-45
69
-435
-423
608
61
-65
357
-150
464
86
76
2
-278
374
178
55
-512
16
352
-76
-320
-94
183
482
380
21
512
-90
-311
357
-366
126
-73
-139
25
-95
-341
386
180
338
-278
-480
208
3
146
-427
-674
604
-514
-559
-373
-263
166
752
-330
69
-212
-941
404
-337
305
-313
-398
502
95
-385
298
-130
625
502
-413
39
105
28
342
152
-74
-126
48
668
-236
126
436
416
-87
-382
156
475
-382
-81
-79
-410
-203
341
237
-110
-1006
-521
910
424
-56
-564
-52
107
-305
-97
335
-157
336
83
-206
-188
262
391
-19
-254
-41
36
726
-381
30
-8
351
-120
-234
467
375
-144
-222
-168
48
411
-309
-53
198
-314
598
-650
682
-535
-241
317
-465
132
-994
-671
48
526
15
480
-93
-294
-227
-279
-6
-46
286
489
-44
-161
-639
-368
656
910
182
245
297
-207
163
-383
-206
-216
84
344
-314
-334
262
-123
605
383
-688
114
-241
-194
181
-93
316
372
7
-224
430
195
-548
-577
-190
510
244
67
-911
-84
148
279
596
-99
293
-283
-444
-129
54
-651
-417
226
820
642
-38
-644
-673
-362
-236
288
632
660
-253
95
198
-138
21
408
-345
353
-555
286
1
-567
116
-524
647
588
557
323
-302
-354
-112
92
222
23
-355
-148
-358
-350
410
-416
190
40
226
62
-103
-807
-31
185
141
92
-459
191
43
173
128
-116
-43
-164
-135
-40
270
552
497
130
-12
90
116
210
-198
104
216
336
-331
-85
-59
338
-194
-183
-197
-116
145
681
-261
-301
-123
-556
-82
-177
92
-621
-407
515
462
153
-438
-261
-987
-941
122
1195
789
664
-297
-648
-1112
-199
263
522
590
194
425
648
-538
-402
-61
92
97
472
429
-377
-100
-1084
729
-10
888
342
-836
-298
-812
668
227
162
243
-59
-103
-468
-263
219
-109
-638
31
564
146
307
-372
-44
-560
58
1254
398
-217
-944
-711
336
318
467
79
83
-204
169
55
-171
-471
-503
548
224
577
244
72
-1158
-869
40
388
827
304
-118
-433
138
33
196
-271
-392
-419
263
779
432
-459
-451
-91
92
-127
125
634
341
-345
-155
-300
419
-119
55
522
-162
-632
-99
-311
353
691
-66
407
-919
-841
765
127
904
-405
358
-487
-809
-168
38
-20
-5
219
632
508
-213
-148
-778
39
104
-22
-585
519
129
536
-422
-271
-426
-244
46
755
173
-104
293
108
-426
-784
185
472
720
125
-225
-313
-150
-876
-514
9
898
730
630
147
-119
-728
-90
-71
-135
369
-337
331
77
-124
-747
284
221
611
497
-915
-609
-10
222
556
-326
187
52
397
342
-277
-734
-194
-118
-240
893
185
-391
-455
-25
783
236
-244
-97
-547
-53
360
-267
-21
-245
800
754
-228
-387
-481
-179
-271
234
-17
619
-488
139
-698
484
606
113
429
49
-102
-492
-643
-56
303
125
-193
-560
496
480
410
-511
-751
-124
783
457
178
-501
-81
-381
-545
-588
587
830
699
-194
-350
-156
-358
438
-412
112
149
209
-154
-517
442
-340
-89
145
190
297
137
156
-625
39
236
158
-390
40
81
-20
20
-113
174
-164
260
261
224
-371
-716
-8
396
282
180
-445
89
-144
-276
36
253
244
85
-432
484
-317
-2
-74
-148
332
-79
55
106
137
-215
-189
-227
225
-205
18
502
160
24
-254
-359
-222
310
39
260
-49
-125
65
-416
613
392
-41
258
-1360
3
242
563
-299
-551
229
208
-70
497
37
-840
292
15
-72
58
330
250
-247
-139
64
269
-308
-274
-433
446
838
-343
-243
-314
-99
235
246
-161
-350
-320
-45
39
756
683
-615
-68
-250
893
207
-301
-238
17
-16
147
-4
-4
257
-460
-390
-252
464
-9
-25
-333
-129
-128
-173
-12
271
122
-35
-235
375
367
-46
68
17
-167
376
36
-45
-532
-81
-73
-74
776
-501
-349
128
58
-14
-400
-17
279
243
-87
-328
362
-119
177
14
40
622
-305
-3
-255
255
767
-220
-403
-503
276
470
-405
11
-177
259
-499
67
42
38
-5
-201
-710
89
387
559
-9
-4
164
-405
800
-10
-67
-409
-404
452
-129
-291
-293
289
-118
-123
277
130
267
381
83
-156
-202
-548
408
-139
210
-254
-444
635
-218
25
204
-105
-92
-89
465
213
-637
-430
-256
10
374
929
283
353
-911
-511
-85
-286
438
196
541
-256
-530
-429
670
-29
460
-147
-107
-213
-331
238
-393
-213
219
112
356
62
-319
-167
-115
421
96
20
-118
191
-174
199
238
-117
4
-260
262
263
457
-362
-478
-52
-98
-240
347
38
262
-263
-92
-6
0
59
-286
163
-76
351
-866
283
604
-474
409
-705
609
-114
277
377
-450
205
64
404
-361
-328
-128
-130
7
207
-454
-263
-628
239
318
617
559
-166
123
-521
-281
113
599
500
56
-39
-362
-76
113
-265
-319
-259
-176
524
730
-41
-682
-338
726
442
294
-452
-1328
164
224
179
-52
-640
132
188
476
-37
-406
-23
-101
587
278
-468
-167
-356
-65
-109
669
516
72
-215
-39
129
-272
95
55
-290
53
-359
4
601
-427
256
-33
504
286
-434
-421
-186
-152
54
127
34
-30
468
657
-316
-846
-130
-88
114
433
271
32
-377
125
-69
-92
54
-161
594
205
-68
-365
-541
-272
667
462
168
-135
-198
-107
-654
318
95
13
-530
-594
-149
606
1013
62
355
-295
184
-27
-258
85
-478
257
68
103
-157
108
379
-222
-583
-206
-43
-451
390
126
-160
-433
-337
296
165
230
619
210
14
-232
-293
-211
381
-115
142
-45
281
-114
-426
187
-576
270
575
152
100
-321
102
-294
-333
-47
26
247
468
-87
-158
-525
-279
439
320
132
-285
-20
163
-20
-19
161
193
95
90
-138
-221
172
111
416
-49
-36
-230
-657
-67
-24
170
300
0
188
-545
-190
-55
189
427
229
27
-177
-245
-257
568
416
108
-121
-694
61
81
156
200
-634
-138
-127
-310
-200
-103
195
351
315
89
272
-411
-124
-379
54
380
181
-159
-23
-472
-122
98
93
412
1
295
38
-189
-93
-250
-292
60
269
45
-34
256
269
38
-157
200
-155
222
232
-21
-207
-359
78
141
157
-103
44
-54
-86
-397
81
236
84
-265
-110
-102
-22
44
174
271
-210
117
39
108
447
-221
-283
-232
-293
599
17
-20
-44
-239
365
19
-253
-83
-93
-90
230
-132
80
100
-31
41
-268
45
67
7
-83
48
143
170
-208
-48
-16
237
185
-126
47
-73
-126
-68
-209
-25
175
151
13
-384
-136
-82
-6
305
-9
109
38
-55
-147
-337
302
267
162
-17
46
-265
40
78
-176
442
-85
-133
-148
202
132
83
3
-483
-232
-202
458
-108
451
68
-30
71
-252
17
-184
161
139
-145
114
-352
-182
300
7
166
-204
49
92
139
-156
53
-11
61
-77
-350
-151
46
229
417
-9
-90
29
-214
-4
-17
33
-206
157
38
93
-305
-157
277
159
247
22
25
-93
148
-30
-29
-272
-609
-301
166
420
249
61
328
-70
-144
-70
-291
154
122
302
107
-316
-302
-193
156
-44
170
-202
39
-64
211
-582
-244
95
107
175
383
99
-203
84
-419
94
-59
396
293
-176
63
-160
-57
-95
-57
138
-106
-136
-166
239
259
192
355
218
1
-88
-115
22
-12
-29
192
-7
-3
49
15
-121
50
179
184
74
-346
-429
-241
-108
56
120
-271
23
-149
-96
10
-181
263
-61
-161
182
260
265
-113
-1
-210
-123
-104
418
-101
-370
33
-304
1
-169
230
-1
-6
210
67
3
-185
-113
-6
142
269
67
46
-61
313
14
158
153
34
-35
-385
-42
-6
-151
-50
114
44
123
-222
138
-47
-276
-46
-55
276
-42
-90
-80
-16
34
219
199
26
-69
-149
164
155
23
278
-139
105
-145
67
19
-269
-167
-9
-100
-34
4
-195
-66
-64
255
197
12
-72
-117
226
105
-358
-168
79
144
-74
67
25
165
-138
22
28
3
21
-178
-23
-110
-7
151
25
-101
103
184
-132
-32
163
-33
-57
-148
43
-26
221
93
-175
32
72
55
-226
4
106
-29
36
-85
-29
11
155
66
4
31
-26
1
-116
0
25
-12
149
187
58
-94
-197
-6
-74
139
102
80
-25
-49
25
-85
32
-77
5
5
-111
-8
-160
-154
-110
37
56
-89
-104
34
-18
15
184
-17
-41
17
-14
57
-61
32
32
-15
53
60
21
55
-64
-20
53
-54
-11
3
110
13
79
-7
15
-51
29
65
42
76
88
19
-51
5
42
116
8
2
-63
-117
25
-81
25
-60
-21
20
-147
36
-49
28
-11
9
5
-123
-40
-86
113
15
45
37
61
7
-80
12
-57
71
6
30
-29
26
-16
-21
-19
-42
-41
28
-87
63
-27
-55
-105
-74
57
-23
-6
-3
43
-56
5
-58
-86
18
91
-20
35
-47
-4
18
96
89
-60
3
-33
46
-30
69
60
66
-29
9
90
-21
6
65
-10
46
-9
27
75
35
101
-38
-28
104
24
101
71
11
-34
-2
1
-34
18
-1
-13
-70
-4
-2
-65
5
-103
-8
-2
-48
-6
-56
-24
-6
-52
5
-79
-6
-31
-36
-15
-5
8
-9
20
-8
12
-52
64
0
-9
22
66
38
3
-43
10
-16
28
9
46
-16
16
18
15
6
-11
8
-74
-56
-6
-64
-53
-75
-75
-53
-70
-39
-55
-4
7
-12
-53
-2
0
58
56
8
-21
61
24
17
-2
14
-9
-13
69
48
35
15
74
33
35
21
46
39
27
40
30
57
52
77
45
-9
40
34
-11
-31
3
-29
-2
-2
-21
-38
-19
18
7
-56
-21
-38
13
-35
-11
-25
9
23
-13
-25
13
39
-19
-8
-26
-18
0
5
15
0
47
44
-23
-28
-9
21
-27
-5
-12
12
17
-9
-60
-42
6
-24
-3
-36
10
-18
-45
-70
-79
-31
-15
-20
-2
13
-31
-11
-12
-32
33
4
46
21
35
50
3
9
24
48
23
32
-7
3
-9
10
4
-49
9
32
-2
5
13
-20
-10
-7
-25
-6
-23
32
-25
-2
32
-5
8
11
-1
-6
25
18
25
16
37
27
5
25
0
9
3
-1
-4
23
13
13
17
18
17
7
5
-6
-20
-1
-36
-16
-13
-9
-3
-18
9
-34
-27
-25
-21
-27
-12
-16
-3
-2
-11
-3
-8
-14
-14
-15
-7
-8
-12
18
-3
15
28
6
24
10
5
9
3
13
0
-12
4
-20
1
-3
-26
4
-5
-10
-10
-10
0
3
-16
13
-27
-6
16
-23
-25
15
-1
-10
40
5
30
7
26
36
-6
35
24
7
33
8
8
-3
22
3
-12
11
-8
7
-25
-8
-5
-8
-14
-2
-20
5
-15
-16
-14
-17
-10
-5
-4
20
8
-10
12
1
14
12
4
7
-10
2
11
-12
1
10
6
24
10
0
10
-3
4
-18
-4
-4
-18
14
-13
-5
10
-11
-5
-1
12
-17
-5
-1
2
-26
14
-9
-13
8
-10
4
-4
-10
-12
-5
-11
7
-16
13
-2
7
13
14
5
0
9
5
8
-18
0
-1
-2
-13
-2
7
-10
-19
-21
13
-8
-3
-1
32
-7
21
23
10
11
7
-13
11
-17
-2
-9
-11
9
-17
-1
2
-6
6
16
4
22
1
12
5
20
20
12
19
8
-8
0
-23
-15
-17
-22
-29
-45
-37
-39
-33
-19
-12
-6
7
12
35
18
34
43
39
57
37
36
45
35
26
28
21
27
25
32
16
27
-5
19
-15
2
-19
-17
-27
-29
-49
-30
-30
-40
-12
-32
-11
-25
-3
-20
3
-13
-13
-34
-27
-55
-59
-81
-73
-90
-75
-73
-71
-63
-32
-26
4
16
27
37
52
63
49
67
48
58
47
46
30
21
7
-5
-4
-26
-25
-47
-46
-48
-39
-34
-15
-19
3
16
39
37
69
74
87
97
122
116
122
127
117
118
102
91
65
54
22
21
-11
-1
-11
-3
-12
0
7
-2
5
-6
-5
-24
-34
-62
-61
-62
-71
-66
-76
-68
-61
-64
-72
-61
-70
-61
-83
-55
-85
-61
-55
-49
-45
-42
-36
-54
-46
-61
-52
-58
-43
-49
-26
-26
-16
-16
-2
-2
3
-6
-11
-16
-16
-18
-21
-13
9
1
32
37
50
65
75
64
78
57
53
25
16
6
-8
-10
-5
-11
-1
5
20
25
39
40
39
58
57
62
61
61
62
69
67
62
54
58
51
63
77
73
87
85
105
111
111
110
100
90
75
62
36
20
13
-10
-15
-10
-25
-26
-19
-28
-4
-5
16
27
34
37
47
41
34
15
7
-15
-38
-63
-97
-129
-154
-178
-184
-188
-200
-195
-199
-209
-206
-216
-222
-215
-217
-212
-229
-244
-259
-279
-304
-326
-370
-392
-406
-421
-427
-446
-454
-430
-417
-381
-363
-341
-294
-244
-198
-152
-108
-58
1
71
129
185
251
313
366
431
476
528
575
618
651
681
703
730
744
761
771
775
774
768
754
734
716
694
670
633
593
554
506
457
407
351
290
224
165
96
27
-42
-109
-165
-221
-265
-306
-338
-365
-378
-391
-397
-396
-398
-387
-377
-372
-363
-355
-347
-340
-331
-323
-320
-316
-322
-322
-325
-331
-333
-341
-352
-364
-375
-392
-415
-434
-448
-475
-493
-514
-535
-546
-551
-544
-546
-528
-508
-474
-433
-397
-345
-294
-231
-173
-104
-40
25
91
158
233
300
361
434
493
540
585
628
668
699
724
740
757
758
762
755
739
725
700
672
646
603
561
517
465
411
356
299
242
195
142
90
47
1
-40
-74
-109
-141
-168
-198
-220
-246
-272
-287
-309
-335
-350
-363
-385
-397
-401
-416
-417
-421
-426
-427
-427
-426
-426
-412
-403
-392
-380
-357
-347
-324
-299
-273
-246
-217
-187
-161
-136
-114
-92
-67
-52
-40
-29
-11
1
17
31
44
64
83
108
133
163
188
211
237
260
286
306
328
346
356
359
365
367
365
363
352
344
323
320
310
291
280
271
250
227
217
191
170
149
125
98
72
42
11
-14
-48
-74
-103
-131
-158
-188
-213
-231
-255
-270
-275
-289
-298
-295
-294
-288
-283
-275
-265
-258
-244
-234
-225
-213
-202
-186
-171
-163
-148
-137
-127
-103
-91
-72
-56
-35
-14
2
27
50
63
81
100
111
129
136
140
147
141
141
136
124
117
99
77
61
37
11
-14
-41
-61
-86
-108
-125
-136
-144
-149
-144
-141
-128
-110
-86
-56
-22
11
50
90
125
164
204
231
256
281
301
314
327
329
325
326
319
300
282
255
226
201
172
139
106
72
37
8
-23
-54
-74
-102
-124
-140
-159
-166
-172
-181
-182
-181
-175
-167
-154
-147
-139
-118
-105
-91
-76
-64
-49
-34
-25
-16
-8
-5
-5
-4
-4
-8
-12
-21
-30
-42
-54
-60
-69
-80
-90
-100
-109
-115
-122
-125
-128
-132
-134
-129
-126
-120
-111
-106
-93
-82
-69
-55
-39
-20
-4
16
32
49
67
86
98
116
128
140
147
152
162
169
173
177
175
170
169
169
165
155
149
146
138
133
121
111
105
91
78
71
56
43
33
19
4
-10
-22
-40
-51
-63
-75
-84
-95
-107
-112
-118
-124
-122
-124
-123
-118
-112
-104
-95
-88
-78
-67
-52
-43
-31
-19
-12
0
8
10
16
23
25
30
27
28
29
31
29
29
29
26
28
26
22
18
16
11
7
6
2
3
-2
-6
-5
-8
-10
-15
-18
-21
-22
-22
-23
-23
-22
-24
-25
-21
-17
-16
-15
-10
-5
-1
2
6
10
14
15
18
21
23
28
28
30
32
31
29
30
31
31
29
27
21
19
14
9
5
2
-1
0
-3
-6
-10
-11
-10
-14
-14
-17
-18
-18
-20
-20
-17
-18
-19
-22
-21
-18
-19
-18
-19
-13
-11
-11
-9
-4
-2
1
5
11
14
17
20
24
26
26
30
31
32
32
32
29
26
24
18
15
6
4
1
-7
-10
-17
-21
-23
-27
-31
-32
-35
-35
-35
-33
-30
-29
-27
-24
-20
-15
-11
-9
-2
0
3
6
11
11
14
15
15
17
21
19
18
16
17
19
16
12
13
10
8
6
3
4
4
3
4
3
2
3
2
2
1
0
-1
0
-2
0
-1
-3
-4
-4
-3
-5
-4
-5
-3
-3
-2
-3
0
1
-1
-1
2
2
2
3
3
3
2
1
1
0
0
0
-1
-3
2
-1
0
-1
-2
-2
-2
-1
-1
-1
-2
-3
-1
1
0
-2
-2
-3
-2
0
-1
-3
-3
-5
-5
-4
-4
-5
-7
-5
-6
-6
-7
-8
-5
-5
-3
-1
-3
-2
0
-1
1
0
5
7
8
9
11
12
11
13
13
14
12
11
12
11
10
10
12
7
6
2
3
3
0
-1
-2
-3
-5
-6
-8
-10
-9
-11
-11
-13
-11
-9
-12
-9
-11
-9
-7
-7
-7
-6
-3
-5
-5
-6
-4
-3
-3
-1
0
1
5
4
4
6
8
10
11
10
12
12
10
13
12
13
11
12
9
7
6
5
3
1
0
-3
-7
-7
-6
-11
-13
-15
-18
-18
-13
-15
-15
-16
-16
-14
-13
-12
-10
-6
-4
-3
-1
0
3
6
8
10
10
10
12
12
11
13
14
13
13
11
9
8
10
5
4
3
5
3
3
2
-1
0
-2
-4
-5
-5
-5
-5
-4
-7
-7
-6
-9
-8
-8
-7
-7
-5
-3
-4
-3
-3
2
1
3
1
0
2
3
4
2
4
5
4
3
2
2
0
3
3
4
2
4
5
5
4
2
3
3
3
2
-1
1
-1
0
1
-1
-4
-5
-4
-3
-4
-3
-5
-4
-3
-2
-2
-1
-1
-2
2
1
-1
-1
1
1
-2
-3
-2
-2
-2
-2
-3
-1
0
0
0
-3
-3
-4
-3
-3
-3
-2
-2
-3
-4
-3
-1
-2
-1
-1
-3
-1
-4
-1
-1
-2
1
-1
1
3
4
5
7
6
8
11
7
8
9
9
9
11
9
6
8
8
6
5
6
4
4
5
1
2
2
1
2
1
1
-2
-3
-5
-4
-4
-6
-6
-8
-5
-3
-4
-4
-6
-5
-5
-7
-5
-5
-3
-5
-4
-5
-5
-5
-5
-5
-6
-5
-6
-5
-5
-6
-6
-4
-4
-5
-6
-5
-8
-6
-5
-3
-1
-2
-1
-2
1
2
1
3
5
4
3
4
6
6
7
7
6
7
5
7
6
4
4
4
5
5
6
4
4
6
7
4
6
5
3
5
4
4
3
5
3
2
4
3
3
2
2
2
2
0
2
2
-1
0
2
-1
0
-1
-2
-2
0
0
-1
-2
-1
-3
-3
-3
-1
-2
-3
-1
-5
-3
-4
-5
-5
-6
-4
-5
-6
-7
-6
-6
-5
-6
-3
-4
-6
-5
-7
-7
-7
-6
-3
-3
-2
-3
-5
-5
-2
-3
-3
-6
-5
-5
-3
-1
-1
-1
-2
-1
-1
-2
1
0
1
1
1
2
-1
1
1
4
4
3
3
4
7
6
7
9
9
10
8
9
10
8
7
9
8
9
8
9
10
9
5
5
6
3
1
1
0
-2
-2
0
0
-2
0
-4
-3
-3
-6
-6
-4
-6
-4
-5
-5
-5
-7
-3
-7
-4
-3
-4
-5
-4
-3
-2
-1
-1
1
0
-1
1
2
1
2
-1
1
-2
-2
-2
-3
-2
-4
-3
-3
-3
-4
-5
-4
-4
-2
-4
-4
