-1
-2
0
2
2
0
1
2
0
1
-2
-3
-1
-1
-2
-1
1
1
1
-1
-3
-1
-3
1
-1
-1
-1
-2
1
1
-1
-2
-2
-2
2
0
3
2
0
0
-1
0
0
1
2
1
1
0
-1
-1
0
1
1
4
5
3
0
-1
0
-2
-2
-1
-3
3
2
2
1
-1
0
-2
-2
-2
0
0
3
2
1
1
0
-2
-1
-3
-2
-2
0
0
0
3
1
-1
-1
-1
-1
0
0
1
1
-1
-2
0
1
-1
1
0
0
0
1
0
-1
-1
1
1
2
2
1
3
3
1
0
-1
1
2
2
1
-1
-2
0
-1
-3
0
0
0
-2
-2
-4
-4
1
2
0
-1
-4
-2
-1
0
-2
-2
-1
1
2
2
1
0
-1
-3
-2
-4
0
1
0
0
-2
-3
1
1
3
0
3
3
0
5
3
5
1
-2
0
2
1
1
0
0
-2
-1
-1
-1
1
-2
-2
-1
1
0
-1
0
-1
0
-3
-2
1
0
0
0
0
3
-1
0
1
4
2
0
2
3
2
3
3
1
-1
-2
-1
0
1
2
-1
0
-1
-2
-1
-2
-1
-2
2
1
2
-1
-3
-4
-3
-1
-2
-1
-1
1
-1
-2
0
-1
1
0
-1
-1
0
0
-1
-1
-1
-3
-1
1
-4
-2
0
2
3
1
-1
0
1
2
-1
1
-3
1
1
0
2
1
0
-1
2
5
3
1
3
7
0
2
4
2
1
2
2
-2
0
3
-1
-3
-3
-1
2
-2
-1
2
-2
0
0
-4
-2
-2
-2
-2
0
1
-2
-3
-4
-3
1
1
-1
-1
3
3
0
2
-1
2
1
2
3
4
-1
-1
0
-3
-2
-2
3
4
-2
0
0
3
-1
-1
1
-3
0
3
0
-2
1
-1
-5
0
1
3
-2
-1
3
-1
1
2
-2
1
2
-2
-1
-3
-5
2
2
-4
0
2
-4
-1
1
-1
1
2
-4
-5
0
0
0
-2
2
2
2
4
-4
-1
4
2
6
-1
3
4
-1
-1
3
0
0
1
-2
2
2
6
2
4
5
0
-3
1
4
-8
-4
5
-2
-1
0
-1
-4
1
0
-3
0
-4
-2
-3
-5
0
-1
-4
0
1
2
1
2
3
1
-1
1
-2
-2
5
-1
1
-2
-4
1
-1
0
-2
0
-1
0
1
-1
-3
1
1
0
1
1
3
1
-2
2
-3
-7
4
0
-9
1
3
-5
1
0
0
2
-1
1
3
-3
1
6
2
-2
4
6
1
-2
9
6
-6
5
3
4
4
-5
5
0
-4
5
-3
0
3
0
-7
2
1
-5
-3
-2
3
-7
1
-5
-5
-1
0
3
-1
-1
-2
-1
-1
-5
3
6
-4
-5
-4
1
-5
1
4
2
2
-10
3
0
4
-2
-1
11
-2
-3
6
1
-2
1
2
0
-6
4
0
-6
-5
2
2
-5
4
-4
-7
2
6
-2
-4
4
6
-10
-4
11
1
-4
19
-4
-7
11
2
-3
1
13
-2
-11
12
-15
12
7
-28
10
12
-2
0
-15
-1
-2
22
2
-38
13
1
20
-42
11
35
-12
-41
34
1
-5
14
-32
8
37
6
-63
39
7
7
-36
54
-38
-24
53
-10
-18
19
-8
-16
56
-39
2
-31
58
-13
-33
28
-15
-24
6
28
35
-76
4
68
-40
45
-32
-42
19
44
40
-83
-14
35
36
-11
-64
57
2
-18
-50
70
18
-60
-7
4
53
6
-94
51
39
-30
-43
78
-57
-61
144
-89
11
-15
18
23
-32
-23
-4
92
-5
-134
17
131
-50
-111
131
-7
-117
124
-32
-10
-81
151
-50
-84
153
-229
189
4
-67
-12
-81
160
-6
-148
86
80
-130
-30
164
-94
-36
94
-25
-145
171
106
-313
187
136
-297
85
200
-133
-157
177
137
-358
185
102
-85
-34
-57
154
-45
0
-70
128
-206
274
-68
-140
-30
273
-175
-25
125
-106
10
-34
165
-263
161
14
-120
1
87
-36
-52
59
-90
206
-218
85
113
-184
224
-141
-47
150
-21
-47
28
-91
143
-136
79
-2
-130
181
-214
196
-145
106
-151
114
38
-33
-70
14
174
-145
20
-19
89
-38
-84
144
-104
-44
149
-138
82
-101
119
-114
156
-128
-29
201
-246
159
94
-337
294
-43
-11
-158
182
-5
-116
78
-75
41
59
-150
97
-9
1
-64
100
-81
11
64
-112
99
-98
231
-339
140
192
-214
0
51
52
-99
-8
167
-163
-66
114
113
-212
26
32
22
56
-77
-48
-13
335
-380
223
-59
-32
51
184
-163
-138
349
-120
10
-27
108
-55
-8
100
116
-231
18
317
-233
25
69
-44
82
-86
86
-31
-63
49
41
-121
153
-154
25
-18
33
102
-352
136
91
-20
-141
-126
195
-20
-137
-10
8
-111
83
33
-193
30
63
-25
-248
290
-207
43
-71
107
-84
-99
179
-139
75
-162
240
-150
73
-37
-30
110
-36
-23
47
40
-173
263
-77
-97
204
-90
-66
218
-7
-154
33
172
-93
0
124
-123
-88
243
9
-212
108
64
33
-158
35
250
-288
147
-125
138
24
-69
-167
233
-57
-30
12
-111
125
-31
192
-379
132
254
-261
-127
376
-185
-167
58
234
-224
3
-2
229
-377
170
216
-313
86
122
-210
214
-22
-306
310
-19
-24
-207
214
-91
101
-108
55
-62
-22
192
-134
10
-16
3
91
-37
39
-132
45
74
-84
38
-46
205
-195
-50
190
-87
-1
-99
148
44
-116
64
-326
601
-369
54
-91
102
148
-340
170
-31
176
-288
211
-290
368
-82
-273
157
66
131
-197
46
-1
20
-18
11
-73
68
156
-281
132
-60
123
-16
-133
18
184
-106
-7
9
-114
122
21
-35
-156
126
68
113
-394
185
161
-109
9
-229
246
-5
-82
55
-44
132
-154
-18
233
-112
-177
132
177
-252
-7
310
-384
218
-129
33
46
-152
302
-396
363
-138
-66
56
23
-59
-24
79
-83
234
-327
357
-30
-253
303
-149
12
9
58
-33
-145
203
94
-174
-104
73
217
-213
-176
30
230
-127
-105
81
-34
91
-112
79
-142
-91
196
-10
-42
-32
-21
336
-163
-175
173
-1
-84
32
89
-74
-30
-31
238
-135
-173
34
325
-192
-79
223
-365
434
-145
-231
62
53
225
-266
-147
365
-14
-256
46
186
-149
40
-27
118
64
-227
-52
378
-307
-168
269
-25
-154
191
-46
-147
39
136
-3
-253
240
-10
-30
39
-146
-30
165
-188
215
-77
-31
22
160
-127
-190
100
179
-26
-332
547
-303
22
99
-220
331
-375
245
27
-69
-58
-47
101
66
-320
291
-72
93
-10
-109
162
-41
-102
-55
152
-62
-38
107
37
-295
244
77
-333
168
233
-206
-84
324
-112
-221
104
44
178
-514
294
192
-207
-8
-11
-35
166
-58
-269
261
3
-257
15
155
33
-92
13
301
-220
-248
272
-115
-247
305
47
-162
169
13
-49
-126
-41
50
28
137
-45
-9
24
-82
-35
36
7
154
-30
-50
-203
252
-217
88
337
-178
-7
85
-214
46
-117
-178
468
-199
58
174
-296
267
-72
-69
-6
-263
515
-295
-7
-17
138
-176
220
-89
-22
-31
145
-327
-12
288
-150
63
123
68
-379
289
-139
169
-367
198
76
-302
298
29
24
57
34
-266
179
-394
181
247
132
-24
-169
165
-63
-307
285
-105
103
-33
-156
160
-197
50
239
-138
75
5
-142
143
-415
148
50
-90
285
-213
55
195
-298
-126
-106
214
-51
98
-177
160
328
-548
454
-178
-174
258
-323
-23
138
-67
69
-104
129
410
-525
222
64
-103
195
-156
-100
75
-191
99
-36
215
288
-192
23
-157
-50
44
229
-50
-260
402
-174
243
-145
-241
191
-52
178
-414
283
-146
-134
384
111
-405
231
381
-385
-189
-24
194
-77
-151
66
166
-289
300
-101
-258
172
-34
19
-378
134
-225
250
-57
33
210
-91
95
-227
92
118
125
66
-139
141
155
-360
-94
392
-235
124
-134
311
-139
16
-192
-95
288
-44
25
137
104
-296
146
-80
270
-144
-42
118
-232
-79
-15
96
23
-103
-79
213
-162
112
-107
38
-74
-97
182
-232
-26
31
-263
169
131
-155
43
200
-186
169
63
-229
193
14
-43
-196
-277
612
-300
18
-172
426
-163
61
29
-17
33
-453
349
-369
93
-320
-89
125
-418
39
241
-269
-154
251
122
-360
288
-37
50
140
132
-184
194
239
22
-128
490
97
129
-67
548
215
-30
326
-22
276
265
-165
-57
258
-56
422
-185
219
-90
-122
-14
154
90
-190
-190
-28
175
-104
-360
354
-658
-44
207
-223
-92
-505
123
-13
202
202
-203
-60
-85
-43
162
-316
-251
177
-513
-59
-289
-53
129
-161
-259
-47
-282
74
-468
-19
-86
-321
25
-285
140
-89
-526
16
26
-430
299
-100
-169
-252
418
-90
70
101
-21
188
-122
712
-315
589
351
190
-242
228
306
-269
475
109
294
-22
-33
-98
497
-7
151
360
27
496
-54
91
-41
650
-237
-214
426
122
171
156
958
-691
539
-484
413
163
-112
591
-92
177
-808
427
-320
-110
100
-13
-50
115
-165
-342
44
-6
124
230
2
-444
352
-4
84
-204
-332
366
-165
114
-159
-205
212
-386
292
-12
165
-424
-518
-69
-288
-456
-872
-174
-748
-753
4
-1076
-321
-778
-768
-821
-755
-718
-681
-755
-788
-665
-440
-352
-992
26
-152
-290
429
-672
28
505
-14
839
372
463
634
621
936
999
851
864
1374
1220
856
1729
897
1102
1279
832
1290
569
1058
999
292
1000
693
536
638
572
831
103
259
554
-416
-6
569
-466
-708
449
-94
-805
-141
-544
-697
-578
-41
-951
-627
-22
-1167
-622
-401
-1422
-383
-802
-1129
-870
-1337
-472
-1155
-407
-1303
-660
-486
-1139
27
-1022
-1338
310
-499
-342
-813
-514
-277
-343
-353
-331
21
-71
-131
-63
-322
189
572
108
-201
727
567
-117
667
69
545
446
470
629
1028
772
591
628
785
468
640
804
389
919
-91
732
433
385
564
565
195
743
-63
941
-221
677
83
301
-48
-223
666
-656
789
-284
-398
574
211
-231
-68
681
3
-202
-68
-407
-278
-316
210
-213
35
-176
-686
-168
-267
-1213
755
-863
164
-62
-130
-780
-51
-92
-1089
188
88
-183
-342
580
-1135
223
-483
247
-512
34
331
-833
-180
-129
-257
-97
352
-1018
273
-728
280
-640
225
-70
-333
555
-414
-155
126
672
-614
421
250
935
-74
365
123
-206
866
-267
578
206
-52
196
365
-157
-136
-153
32
400
24
-599
232
377
-521
-219
-137
284
-530
-257
-238
-385
-399
-161
-476
98
-924
144
372
-704
-81
-364
-9
-69
-260
211
793
360
79
142
72
146
216
199
249
733
28
621
996
116
913
104
97
841
263
-84
475
738
423
505
734
479
247
97
238
556
-493
-397
492
-413
-45
614
-105
-29
-1077
2
-737
152
-81
-384
-1
-621
-73
-869
229
-206
8
455
229
-169
398
229
50
-142
-365
-29
376
245
-323
-133
348
-232
370
654
285
-428
-484
279
-401
172
-236
-694
90
-475
-953
27
-725
-878
36
-866
-846
-1014
-838
-1096
-619
-528
-824
-327
-766
-3
-77
646
1004
173
365
10
750
159
285
563
139
-562
-158
-72
-1282
-459
-896
-1430
-1578
-1887
-1717
-1875
-1714
-947
-1570
-627
-1218
-878
-76
-438
373
301
976
897
947
1025
783
2014
2141
2973
2950
2408
2599
2497
2456
3227
2021
1810
3286
1775
2548
2118
2238
2496
1658
2642
1120
1258
2121
442
1138
17
-282
535
-565
-467
-241
-916
-688
-2050
-818
-2128
-2376
-1264
-2379
-1147
-2469
-1711
-1065
-1720
-914
-1743
-2053
-1588
-2174
-1525
-1596
-3274
-917
-2247
-1964
-1504
-3346
-918
-2044
-1744
-1250
-2703
-1201
-1684
-1580
-1118
-2275
-491
-738
-782
-395
-1216
-119
129
-358
688
515
393
480
498
865
402
1306
1489
672
1735
1812
1127
1740
1584
1217
1556
2562
1989
1646
2469
1742
2615
2079
1275
1598
1758
2071
1288
1179
1210
1581
1137
1428
1378
1500
1175
519
974
887
702
1050
486
840
630
275
400
198
-102
-1088
-773
-493
-1068
-274
-1362
-1118
-800
-1337
-1022
-1110
-1348
-1566
-1476
-1684
-483
-861
-958
-1610
-2140
-2310
-1941
-1436
-1280
-1674
-1091
-1712
-1301
-888
-693
-828
-1151
357
-465
-885
-646
-1245
-778
-1275
9
-164
195
785
450
0
-335
879
139
903
217
424
356
414
376
726
387
953
630
677
292
504
245
454
959
-326
1110
-174
-330
168
207
-696
673
736
914
1049
583
-463
429
1343
423
616
886
945
164
1651
821
1077
980
1108
823
1208
1181
573
685
-294
-8
160
873
-425
-100
355
62
380
800
85
1059
1046
186
755
455
-198
772
643
349
-144
626
292
242
703
503
495
-126
-620
-553
-103
-1714
-289
-1228
-969
-1750
-2260
-2454
-3178
-3498
-3272
-4091
-4148
-3225
-3811
-4162
-3980
-3773
-3682
-2706
-3525
-3884
-2199
-2817
-2856
-2025
-1468
-839
-1590
-1257
203
706
1309
2071
1475
3281
2653
3354
3184
4582
4745
3895
4016
5301
5565
5365
5130
5346
5374
3457
4182
3588
3448
3864
3861
2767
3068
1722
751
872
1605
1500
66
1029
760
-435
700
-275
-1185
-614
-2223
-1142
-1281
-2446
-1273
-1115
-1813
-2354
-1660
-3230
-2746
-2916
-2767
-2419
-3372
-2527
-3728
-3060
-1759
-1663
-3124
-1932
-1784
-2066
-1059
-1163
-2159
-2477
-2920
-1802
-2563
-2271
-696
-1264
-743
-1906
-367
-1488
-1848
-695
-478
-699
214
771
-952
-177
1015
1413
1182
2368
2363
1570
1585
2903
1280
15
2105
1743
676
1828
3098
552
1274
2794
2131
2233
1908
2441
600
845
2140
1100
1938
2150
2603
1873
1734
1417
1425
91
3132
3108
1433
2043
82
1773
1196
1432
1390
1416
612
738
1133
-1094
-1077
-1182
-622
-2358
-2362
-2390
-3202
-3957
-4254
-3532
-3208
-3037
-3995
-2909
-4684
-5625
-4839
-5335
-4541
-3777
-2491
-2423
-3709
-2755
-1753
-2844
-458
-300
657
344
-54
1837
1789
1791
2695
3675
3108
3215
3534
3229
2344
4095
4745
4235
5230
3198
2252
2065
1558
1819
456
-173
-390
-973
-1114
-1392
-1147
-1089
-874
233
1359
518
830
1153
1059
1183
2087
2484
1599
1289
1537
618
1153
1205
-422
31
918
713
-929
-362
-603
-1377
-1308
-473
-571
-298
-446
-2400
-2765
-2167
-1643
-1804
-1263
-1964
-2524
-2320
-1707
-2719
-1753
-933
-2038
-1478
-825
-1598
-892
76
-535
322
412
877
425
-140
-632
-1141
-589
870
335
-493
456
-1142
-709
-481
-909
-532
-926
-1281
-218
-888
-495
802
462
281
887
492
446
1225
1147
962
591
1889
1260
1233
1270
1068
1297
1351
1238
1307
2034
2127
1475
2098
1542
763
854
610
897
595
885
-276
152
225
-46
356
1163
863
834
938
752
869
227
387
-749
-733
-503
-928
-435
-625
-566
-279
-436
-203
-896
-89
486
106
754
404
-465
113
560
325
-118
-418
-762
-1267
-984
-1308
-1396
-1008
-1091
-1402
-1361
-997
-1328
-1422
-1631
-1928
-1956
-1991
-1851
-2622
-2642
-2344
-2595
-1974
-1914
-1268
-1096
-730
-77
-428
-314
-475
-325
-296
234
505
1075
1248
1009
1576
2006
2738
2744
2214
2355
2369
2150
2636
2665
2935
2974
3010
2783
2336
2619
3069
3042
2974
2964
2723
2605
2286
2012
1860
1830
1669
1329
1204
1124
772
-36
-1929
-4854
-6118
-6018
-5252
-5511
-6446
-7344
-8484
-8909
-8875
-8710
-8236
-6851
-5580
-4883
-4568
-3980
-2798
-806
1694
2918
3527
4265
5286
6037
6940
7245
7044
7470
7901
7113
5804
5714
5473
5643
5661
5316
4213
3728
4801
5294
5542
6239
6798
5899
1317
-6322
-10142
-7817
-3962
-2779
-4506
-7866
-11270
-12890
-12725
-11645
-9637
-7385
-5194
-3449
-3828
-6067
-7092
-4343
237
4519
6381
5809
3766
3186
3929
4444
5847
7797
8905
8014
5104
905
-1150
600
3257
3918
2764
175
-2744
-3577
-2765
-1803
333
3117
3765
3135
2622
2133
2940
6572
9829
10807
11243
12112
11199
6096
-1611
-7901
-7085
-3134
-1622
-4679
-10016
-16088
-19481
-19611
-17677
-15680
-14149
-12954
-11623
-10799
-11516
-11997
-8550
-2129
4024
7332
7288
5619
5848
8194
11312
13456
13001
12180
12212
11531
8231
4854
3359
2961
3475
3167
-166
-3725
-4690
-3888
-3040
-1225
-56
761
2399
3953
4006
4621
7506
10391
12745
14878
15421
16503
13855
5626
-4001
-5821
-2685
-433
-1859
-7695
-15216
-19917
-21034
-21004
-18955
-16902
-16361
-15248
-13233
-13506
-14897
-12405
-6007
993
6738
8341
6348
5765
8001
10996
13339
13016
12747
13597
13602
9376
4749
2540
1970
2953
2484
-2039
-6960
-7914
-7462
-6797
-5174
-4103
-2892
324
2482
1706
3104
6847
9989
13266
16171
15767
17314
18071
10583
-1540
-5923
-2518
421
872
-4618
-13906
-20218
-21116
-21448
-19227
-15730
-16016
-16823
-13728
-12621
-14856
-12833
-6185
943
7445
10252
7580
6458
9165
11333
13623
16952
17835
15603
13702
10033
5546
4609
5203
3669
1588
-646
-5356
-8583
-8678
-8304
-6992
-3502
-1423
-1374
-512
963
2401
6775
11353
13474
14716
16595
18846
15172
5287
-5732
-6370
254
4132
-533
-9819
-18802
-23158
-22023
-19145
-16395
-15868
-17109
-16896
-14620
-13816
-14186
-9975
-1703
5616
8848
8064
5655
6700
10334
13714
16746
18827
17620
13143
10083
7539
5625
6056
6905
3125
-2506
-6478
-9346
-10372
-8089
-6166
-5884
-4289
-2535
-2439
-586
3485
7043
10983
14221
15132
14892
18655
21893
15615
2645
-6374
-4342
1772
2976
-5319
-16413
-23449
-24648
-23175
-20255
-18425
-20094
-20845
-17709
-14434
-13840
-12058
-5941
2638
9339
10639
8487
8254
12565
17691
18840
17669
16983
16759
14382
10735
6794
4120
3385
2854
-1263
-7059
-10429
-11128
-10493
-9321
-8969
-8566
-5747
-1720
571
2428
5472
8831
12999
16518
18090
18505
23112
22420
11414
-2648
-6022
-685
4039
1217
-10220
-22105
-27299
-26251
-23703
-19504
-18633
-22112
-22455
-18140
-15411
-13986
-8299
-76
7237
11248
9936
6661
9204
17142
23429
24887
20826
14817
11732
12603
12036
8874
5567
2021
-2095
-5974
-9490
-12207
-11850
-9410
-8998
-10096
-9827
-6994
-2098
3525
7178
8100
9691
12425
16371
19744
24725
25354
14436
-1961
-8372
-867
6534
4256
-8003
-21078
-27570
-26379
-23613
-20570
-18956
-21346
-23047
-20013
-16447
-15184
-10155
-655
7196
10166
9085
7468
10586
18346
21821
20963
19874
18515
15056
13096
11270
7997
5218
3491
-984
-6669
-9294
-10165
-10322
-9800
-10491
-12049
-9948
-5041
-917
2217
5303
7275
9933
13991
17934
20507
25554
22622
7925
-6786
-5265
5001
9212
1875
-13170
-25594
-28226
-23648
-19658
-17019
-18945
-24579
-25253
-19184
-14632
-12506
-5845
2492
7176
7890
6124
5558
12350
23102
27598
23600
16367
11819
12917
16992
16736
11062
3861
-1917
-5333
-6949
-8437
-9776
-10225
-11096
-13244
-14426
-12199
-6574
880
4838
4746
3555
6645
12356
19466
23231
25407
24209
13502
-2314
-8086
1962
10325
6649
-8038
-22892
-30426
-27409
-21080
-16709
-16445
-22460
-28116
-25528
-17491
-11940
-6204
1335
5344
5323
5283
7961
13679
22396
26154
20959
14723
14263
16337
17148
16401
11862
4410
-999
-3779
-6390
-7123
-6020
-7804
-12190
-15121
-15236
-11622
-3822
2296
2764
1570
2934
6939
13223
20039
22820
24815
21419
7586
-7451
-4992
8143
12905
4098
-12200
-26591
-29951
-22362
-15274
-13031
-17129
-26288
-30303
-22685
-13591
-9257
-4156
979
1894
1520
3343
7351
15699
24527
25529
18968
12550
11576
16042
21310
19737
11004
1255
-3587
-3655
-2573
-3135
-5964
-10377
-14378
-15591
-13585
-9321
-3215
1463
784
-1023
476
6518
13956
20469
21294
21073
20948
11458
-3777
-6322
6965
13886
6324
-10410
-25306
-29698
-21795
-13244
-11429
-16209
-27011
-32768
-24969
-11958
-7023
-5456
-2985
-2236
-783
3606
8394
14142
21835
23690
18223
12490
12048
16765
22552
21471
12014
2251
-2416
-1839
964
529
-5214
-11254
-14435
-14863
-11738
-6710
-3513
-1868
-1631
-2131
-291
6597
13646
18085
19018
19884
18677
9041
-3676
-3871
9500
15146
5176
-12662
-24935
-25814
-16663
-9374
-10347
-18443
-29291
-31794
-21528
-9060
-6119
-7384
-7109
-5693
-1897
4612
10107
13130
16738
18384
16097
13240
14428
18463
20886
18446
10525
3148
454
1837
2864
475
-5435
-11596
-13634
-12111
-8859
-5845
-4211
-4254
-4201
-2339
1344
7521
12606
15349
15331
17576
19966
12978
-951
-5344
6122
14129
7615
-9382
-22624
-24763
-16324
-9029
-9856
-17762
-28727
-31555
-21371
-8690
-6533
-9780
-10245
-7538
-2293
4369
8992
10595
13477
16156
15718
13726
14985
18632
20647
18153
10733
4119
3207
6404
6377
1357
-5595
-10477
-10957
-8124
-6137
-6603
-7213
-6049
-4379
-1809
1564
5685
9091
12071
13016
15490
18802
12422
-1640
-5875
6251
14142
7417
-8697
-20906
-22063
-13373
-6986
-9180
-17201
-27325
-29501
-19135
-7515
-7221
-11394
-11723
-8820
-3252
3369
6807
7756
11111
13917
13551
12703
14647
18187
20355
17724
10588
5711
5527
7644
7663
3277
-4332
-8808
-8131
-6311
-5205
-5326
-7109
-7495
-4549
-1705
752
4592
7466
8251
9852
12889
17975
16415
3665
-7817
-1055
11694
11528
-1243
-15615
-22183
-17520
-7988
-5927
-11984
-22584
-29251
-23505
-10484
-5543
-9903
-12521
-11107
-6428
843
6052
5941
7084
11484
13321
12526
13433
16268
18406
18642
14271
8072
5996
8053
8974
5920
3
-6016
-7539
-5595
-3975
-4700
-6597
-7927
-6275
-2923
-365
1678
4341
6076
7431
9600
14407
17016
8881
-4923
-6600
6473
13724
5972
-9542
-19663
-19213
-10224
-3979
-6626
-16425
-26593
-26417
-14870
-5137
-6881
-12063
-13293
-10154
-3260
3698
5401
4451
7063
10295
11212
12014
14541
16586
17440
15618
10502
7139
8572
10973
8998
3738
-2369
-5780
-4392
-1716
-2313
-5505
-7687
-7406
-4098
-397
952
1023
2935
4970
7050
10179
15300
14067
2695
-8019
-2975
10419
12751
1240
-13318
-19448
-15278
-5651
-1978
-7592
-19267
-27055
-22052
-9443
-3359
-8060
-13427
-14205
-9267
-1552
3973
3962
3006
5141
7955
9739
11511
14442
15974
15391
12303
8588
7721
10714
12497
8251
1711
-2741
-3063
-979
626
-1819
-6136
-7316
-4768
-1390
509
550
653
2370
5029
6888
11033
13953
6657
-6036
-7092
5322
12659
6481
-7607
-17324
-16327
-7205
-828
-3171
-12969
-23895
-23907
-12179
-2568
-4878
-11699
-15362
-12939
-4559
3138
3836
590
909
4135
7983
10625
12434
13276
13403
12152
9781
8994
10338
11968
9948
5237
612
-946
28
1279
49
-3493
-6014
-5588
-2312
120
324
-865
-4
2480
5046
6625
9179
11465
5969
-4162
-5783
4303
10034
5182
-5427
-14083
-15171
-7599
-898
-3055
-11725
-21238
-22009
-12162
-3009
-4798
-11249
-15018
-13630
-5666
2641
3337
-1009
-1389
1928
6615
10511
11934
11318
10898
10681
9821
10347
11475
11754
9510
5932
2532
1318
2083
2484
879
-2533
-4618
-4342
-1628
249
134
-1370
-871
1481
3641
5289
7897
9568
3857
-4581
-5326
3501
8709
4876
-5268
-13404
-13470
-5944
115
-2084
-10690
-19771
-19440
-9917
-2055
-4132
-10708
-15070
-13298
-5008
2582
3157
-1489
-4358
-1833
5919
11776
11435
8739
7087
7167
10106
13780
12687
9459
7133
4999
4128
5387
4448
1328
-142
-1779
-3253
-2129
-435
-979
-1018
-1014
-1595
134
2826
3682
4609
7492
5921
-317
-4513
-952
4994
6250
440
-7733
-11552
-8763
-2589
-270
-4360
-12860
-17464
-13751
-5737
-2377
-5855
-11450
-13997
-9709
-2095
2251
286
-2500
-3216
-925
4601
9943
9988
6778
5897
6505
8700
12037
12460
8459
5546
4308
3557
4972
5557
2053
-1424
-1960
-2416
-1326
701
-107
-2281
-1855
-1090
185
2823
3568
2346
4141
5816
2430
-1473
-921
1679
3061
2191
-2362
-6879
-7090
-4091
-1861
-2280
-6833
-12351
-11940
-6866
-3733
-4626
-7557
-10971
-10061
-4423
-106
-268
-2053
-3352
-1939
2340
5020
5351
6163
6406
5222
6145
7830
8209
8803
8255
4755
2657
3383
3179
3028
2466
-763
-3412
-1857
-635
-912
-661
-1247
-2186
-325
1725
1465
1573
2216
2302
4037
5636
2842
-988
-796
1674
3041
2504
-800
-4547
-5237
-3296
-1672
-1583
-4260
-8437
-9294
-6505
-4076
-3897
-5294
-7802
-8157
-5208
-2184
-1217
-1538
-2334
-1985
573
2904
3620
3585
3777
4277
5140
5499
5317
5199
4932
4398
3535
2240
1050
929
933
246
-874
-1678
-1507
-373
122
-357
-431
35
624
1683
2339
1751
1537
2198
2810
3402
4080
3256
1251
61
680
2017
2105
437
-1823
-3136
-3024
-1745
-1073
-2106
-4219
-5698
-5336
-3800
-2777
-3112
-3977
-4746
-4370
-2885
-1379
-1001
-1149
-1280
-1057
-184
851
1421
1541
1502
1090
1195
1745
1846
1418
1048
258
-366
230
679
300
-51
-193
-425
180
958
924
801
925
1118
1752
2567
2414
2017
2015
2019
2203
2733
2658
1832
1382
1425
1599
1674
1146
63
-437
-22
209
-6
-495
-1156
-1253
-590
-459
-1021
-1076
-988
-1214
-1215
-1134
-1524
-1651
-1401
-1505
-1816
-2042
-2367
-2450
-2125
-1985
-2116
-2195
-2401
-2509
-2065
-1545
-1406
-1503
-1565
-1456
-832
-107
219
249
350
688
1210
1666
1791
1848
1880
1995
2319
2582
2389
2037
1891
1903
2071
2057
1772
1442
1283
1153
1150
1184
1071
1059
1231
1252
1033
1003
1258
1498
1390
916
595
697
931
883
573
-118
-930
-1322
-1191
-1097
-1512
-2224
-2872
-3074
-2978
-2756
-2682
-2796
-3114
-3402
-3281
-2749
-2108
-1728
-1597
-1557
-1278
-788
-280
87
288
342
413
651
912
1028
1012
962
854
746
685
703
728
741
697
607
518
599
951
1323
1463
1373
1369
1613
1922
1992
1947
1990
2043
2069
2014
1737
1271
860
654
616
417
-145
-744
-1023
-1087
-1097
-1128
-1253
-1506
-1776
-1862
-1630
-1250
-999
-871
-774
-731
-595
-247
112
287
240
6
-201
-117
180
361
214
-274
-808
-1038
-915
-763
-801
-1053
-1377
-1533
-1401
-1075
-696
-460
-421
-381
-104
274
589
831
1091
1295
1413
1479
1504
1367
1104
963
1036
1026
668
171
-146
-235
-249
-232
-318
-592
-922
-1053
-864
-486
-134
33
51
10
135
526
1041
1392
1434
1195
960
986
1170
1302
1269
1004
504
77
-144
-259
-314
-414
-743
-1143
-1278
-1239
-1049
-823
-844
-1084
-929
-504
-314
-160
120
254
169
218
382
532
538
323
-9
-275
-460
-534
-470
-565
-945
-1287
-1354
-1311
-1276
-1268
-1272
-1245
-1109
-794
-324
58
205
331
662
1122
1473
1558
1437
1378
1575
1847
1931
1711
1343
1018
790
587
408
243
28
-252
-495
-633
-646
-579
-512
-469
-404
-313
-161
84
357
504
500
496
659
880
932
718
423
206
53
-77
-159
-313
-705
-1178
-1415
-1423
-1428
-1511
-1599
-1695
-1727
-1545
-1207
-911
-702
-503
-229
148
509
683
731
801
940
1145
1347
1356
1176
970
764
531
377
292
165
27
-93
-278
-529
-678
-595
-337
-99
-43
-114
-122
119
575
918
903
724
724
913
1106
1120
851
420
138
154
244
62
-472
-1026
-1222
-1099
-961
-1035
-1330
-1637
-1622
-1218
-745
-549
-640
-698
-435
83
495
579
455
415
603
937
1152
1040
734
503
417
395
339
149
-113
-243
-232
-255
-367
-481
-514
-441
-268
-66
54
100
207
436
653
739
716
684
736
840
836
644
365
117
-7
-27
-151
-476
-793
-919
-938
-939
-955
-1046
-1137
-1034
-752
-491
-337
-246
-119
98
343
515
592
638
687
716
729
775
792
649
385
195
103
22
-98
-280
-432
-442
-412
-439
-473
-517
-533
-360
-47
148
185
205
279
460
677
729
667
693
720
583
389
242
75
-96
-236
-408
-646
-877
-1021
-1014
-911
-883
-957
-973
-860
-650
-340
-20
154
208
288
456
721
1000
1119
1006
800
661
672
788
773
476
79
-152
-196
-208
-306
-449
-546
-587
-599
-580
-529
-445
-265
-20
139
159
175
366
700
893
774
548
466
519
586
549
281
-153
-492
-578
-533
-599
-876
-1181
-1267
-1161
-1031
-962
-910
-812
-604
-282
48
274
347
367
492
780
1097
1237
1105
841
702
762
852
784
502
106
-165
-244
-259
-312
-403
-515
-576
-554
-515
-468
-320
-95
42
44
50
243
635
913
812
521
392
503
679
697
413
-66
-475
-629
-560
-471
-605
-980
-1309
-1357
-1200
-1027
-941
-865
-706
-468
-200
45
231
362
521
746
958
1045
1003
924
875
844
793
694
526
297
71
-111
-285
-439
-487
-431
-402
-468
-560
-559
-393
-119
114
168
79
62
332
779
986
766
421
335
530
711
615
235
-219
-539
-605
-450
-322
-487
-914
-1269
-1279
-1010
-727
-612
-622
-616
-486
-244
34
270
417
489
564
698
837
891
818
697
617
594
558
450
273
39
-220
-415
-453
-368
-283
-305
-424
-540
-536
-342
-53
126
88
-31
37
343
595
542
306
194
333
529
510
248
-93
-329
-397
-304
-189
-251
-537
-837
-906
-744
-549
-498
-545
-497
-294
-54
90
143
213
395
636
792
791
687
592
593
682
742
681
502
296
99
-96
-267
-326
-271
-218
-279
-420
-514
-503
-384
-205
-59
-48
-142
-150
61
362
472
283
-4
-73
160
440
440
81
-388
-638
-542
-271
-125
-271
-598
-841
-818
-571
-315
-214
-263
-308
-213
4
219
341
403
492
640
777
792
680
551
539
637
692
565
324
113
-5
-88
-184
-267
-293
-277
-271
-316
-392
-411
-299
-81
74
54
-45
-21
167
342
305
79
-109
-57
171
302
133
-273
-629
-710
-525
-303
-267
-465
-728
-842
-710
-424
-165
-58
-98
-155
-88
123
384
574
649
641
614
621
660
691
675
632
588
518
382
194
24
-71
-111
-147
-217
-313
-377
-371
-323
-305
-304
-259
-152
-45
15
64
145
228
234
147
52
63
165
228
110
-172
-430
-507
-425
-346
-383
-496
-591
-635
-635
-574
-427
-244
-123
-96
-102
-49
94
282
454
556
588
599
634
685
726
732
688
596
488
402
313
176
1
-125
-148
-133
-181
-317
-446
-466
-361
-224
-169
-220
-286
-230
-33
180
231
101
-50
-42
140
302
236
-44
-313
-361
-201
-67
-139
-377
-572
-580
-458
-341
-303
-327
-340
-315
-247
-143
-31
54
114
188
314
460
543
536
505
540
649
727
679
535
403
323
255
160
56
-18
-67
-127
-228
-341
-418
-413
-330
-249
-248
-322
-355
-252
-70
21
-46
-130
-70
112
207
101
-77
-132
-39
38
-33
-170
-225
-186
-171
-243
-317
-287
-183
-118
-132
-166
-148
-80
-3
82
181
279
321
315
332
427
578
671
643
533
434
400
400
383
321
218
90
-42
-154
-225
-262
-292
-322
-340
-349
-374
-406
-396
-311
-209
-176
-213
-216
-130
-23
-9
-93
-156
-124
-36
-8
-65
-137
-150
-116
-100
-141
-201
-230
-205
-139
-76
-46
-77
-134
-141
-39
125
239
229
168
191
346
533
604
529
411
378
443
513
495
381
247
162
131
91
6
-106
-191
-207
-181
-177
-232
-308
-330
-284
-242
-261
-305
-276
-163
-64
-79
-189
-268
-221
-87
8
-10
-97
-168
-153
-62
15
-6
-132
-243
-211
-52
72
29
-132
-219
-124
80
213
197
124
141
279
430
481
425
357
356
421
487
483
393
270
167
116
110
105
56
-53
-182
-261
-257
-208
-189
-244
-343
-400
-363
-259
-168
-153
-198
-255
-287
-271
-200
-95
-23
-50
-175
-266
-204
-19
102
7
-213
-310
-155
101
183
21
-185
-206
-24
168
206
132
88
157
277
351
351
325
308
329
386
440
435
348
233
170
198
243
211
76
-77
-139
-82
-2
-24
-170
-336
-392
-304
-164
-109
-181
-287
-318
-264
-206
-197
-206
-164
-90
-75
-151
-220
-149
18
86
-53
-253
-259
-22
214
186
-73
-269
-176
94
257
173
-2
-40
99
264
313
244
166
159
225
300
332
299
230
166
151
190
229
192
58
-90
-128
-11
140
134
-85
-352
-434
-260
-22
53
-91
-290
-373
-314
-208
-133
-89
-75
-108
-201
-269
-201
-10
135
70
-150
-298
-188
94
278
201
-31
-159
-56
155
262
186
54
24
121
241
268
192
91
57
117
202
247
216
135
64
46
94
154
144
34
-106
-152
-75
43
50
-111
-321
-400
-280
-85
1
-91
-276
-391
-342
-162
37
112
14
-173
-280
-175
88
297
264
5
-236
-224
38
308
338
118
-137
-192
-21
211
299
195
15
-94
-44
112
237
233
110
-14
-24
77
200
244
185
81
18
35
94
119
69
-26
-91
-90
-62
-83
-178
-287
-315
-223
-93
-42
-130
-280
-347
-246
-22
162
167
-8
-202
-226
-37
218
331
192
-72
-231
-165
53
224
213
42
-144
-206
-115
43
155
134
16
-94
-99
19
169
238
188
88
33
78
192
284
288
196
84
36
75
138
150
77
-38
-124
-150
-141
-158
-212
-268
-270
-225
-199
-235
-305
-310
-199
-27
83
51
-71
-134
-32
181
328
281
83
-83
-65
105
245
201
9
-160
-176
-65
45
51
-35
-114
-126
-82
-23
23
65
96
96
57
29
72
183
299
321
232
111
63
125
226
257
162
-3
-132
-155
-117
-101
-159
-251
-296
-288
-272
-295
-312
-251
-111
2
-9
-114
-161
-49
166
307
259
92
-32
2
146
251
220
78
-52
-90
-47
14
38
13
-45
-106
-144
-127
-56
28
74
47
-15
-50
0
122
245
286
221
112
57
114
230
290
212
35
-110
-132
-71
-49
-138
-271
-331
-302
-261
-291
-353
-337
-204
-61
-40
-131
-182
-75
146
307
279
127
26
88
252
364
319
152
-5
-48
24
118
130
34
-99
-173
-157
-95
-52
-40
-35
-25
-30
-57
-61
18
171
294
277
132
2
31
208
364
328
99
-153
-237
-125
21
13
-175
-393
-474
-385
-253
-200
-232
-262
-227
-156
-112
-87
-22
107
225
235
140
57
98
247
371
353
199
41
-12
53
154
172
81
-65
-161
-152
-79
-28
-48
-102
-113
-66
-11
4
4
49
151
222
199
116
84
158
273
297
170
-12
-117
-90
-15
-8
-117
-275
-387
-414
-369
-296
-231
-202
-226
-285
-306
-220
-37
147
215
142
33
18
137
301
380
318
182
73
64
105
139
124
60
-15
-81
-110
-95
-48
-13
-20
-57
-82
-62
8
86
134
138
114
93
101
144
194
215
180
93
-8
-70
-69
-40
-44
-117
-229
-324
-358
-329
-266
-199
-160
-164
-203
-224
-174
-37
129
226
196
94
30
86
233
340
310
165
31
0
66
132
106
1
-95
-117
-77
-39
-51
-95
-113
-78
-20
11
3
-1
33
93
134
131
111
113
147
176
165
112
49
3
-22
-33
-53
-91
-146
-203
-257
-286
-270
-216
-150
-126
-147
-185
-174
-83
58
171
193
130
56
56
145
259
293
215
75
-23
-18
55
100
44
-81
-175
-170
-97
-43
-55
-105
-111
-53
10
28
13
43
125
196
187
114
62
98
186
224
159
43
-37
-53
-45
-72
-123
-151
-143
-156
-224
-306
-300
-172
-20
16
-83
-182
-144
38
218
251
155
58
72
171
243
219
130
51
25
34
25
-18
-87
-151
-170
-140
-98
-93
-134
-177
-149
-37
86
120
60
8
58
190
287
259
145
63
84
159
179
102
-19
-101
-121
-128
-147
-168
-172
-179
-226
-290
-305
-219
-76
11
-30
-124
-139
-2
196
292
226
95
58
160
294
314
207
65
-2
22
61
50
-27
-124
-187
-182
-131
-86
-94
-138
-154
-93
20
94
85
47
61
156
250
253
166
84
89
157
186
117
-13
-113
-138
-124
-130
-162
-201
-232
-267
-297
-284
-207
-99
-38
-68
-137
-131
-1
181
276
220
88
30
114
263
334
257
94
-29
-35
42
101
64
-62
-186
-220
-154
-55
-24
-89
-171
-177
-69
70
129
80
9
25
134
247
252
157
62
54
121
168
120
1
-111
-152
-130
-106
-125
-177
-237
-267
-256
-210
-139
-79
-49
-53
-47
1
98
208
251
204
128
109
172
255
263
157
10
-73
-38
51
84
-9
-175
-283
-253
-121
-21
-49
-163
-244
-196
-41
100
132
65
-7
9
99
195
221
176
115
76
79
85
65
11
-56
-91
-97
-84
-99
-155
-207
-214
-152
-79
-49
-50
-57
-18
50
118
162
162
157
133
116
122
138
178
154
72
-37
-98
-49
-2
11
-98
-251
-278
-226
-52
-20
-57
-157
-216
-52
62
216
166
90
45
32
172
150
178
79
51
80
91
140
22
-40
-123
-199
-132
-188
-127
-279
-390
-605
-875
-763
-825
-312
-7
577
890
1182
1372
1238
1111
572
-1
-187
-505
-113
-210
304
217
474
428
-94
-144
-850
-768
-1082
-710
-493
-320
17
-445
-320
-397
-182
92
-10
282
-174
147
-348
-228
-322
111
402
917
1043
1329
1063
1036
273
-125
-674
-979
-924
-1016
-331
-227
660
550
905
511
477
146
-11
-172
-273
-280
-270
-211
-116
-11
70
107
50
-25
-100
-79
-140
-141
-266
-358
-360
-318
-141
-75
-70
-252
-487
-583
-588
-293
-162
222
307
776
797
1018
639
447
-22
-245
-252
-576
-79
-303
238
291
561
544
257
222
-504
-208
-365
-221
98
-183
281
-55
322
316
-91
334
-44
-51
180
-196
79
65
256
-1
-204
-70
-524
69
-310
-351
-373
-347
1
38
86
73
-95
-140
27
-221
-33
-118
124
-85
373
256
142
176
51
-21
11
121
-155
72
-139
-234
67
-55
-42
-28
-52
65
-357
176
-360
149
209
-97
351
-281
374
-70
262
179
31
279
246
510
208
-264
61
-171
-235
120
-213
-352
1
-287
186
-404
-158
7
404
-361
96
185
-338
126
95
454
34
272
129
361
-469
-19
307
-247
213
465
-380
-332
-167
-399
-457
415
-235
-374
-24
-142
347
-465
173
-340
538
-120
-202
584
-349
276
-208
464
-49
12
247
115
175
-600
399
78
-400
120
-100
-547
-282
169
-280
-383
239
-416
-217
307
127
270
238
209
364
135
66
65
499
509
356
-38
300
-390
-70
263
-816
517
-624
80
-28
-642
130
-375
-156
-159
345
99
121
-574
646
40
-203
825
-582
826
-881
200
307
-411
608
-494
-23
-21
385
-344
167
-481
-353
139
-572
-71
-201
-37
-440
76
102
191
462
413
-236
324
461
-382
205
478
779
89
-146
179
-471
409
-150
-6
-112
4
220
-559
-56
-276
-689
17
259
-60
-535
390
-286
212
-376
257
524
-110
880
-494
209
-285
-173
111
112
161
-419
13
-2
-874
-18
-67
-288
-288
230
-244
-66
55
342
-494
339
21
-267
523
507
179
-171
246
574
-282
278
-271
107
482
-398
455
220
-672
328
115
-460
153
-264
136
-850
214
95
592
39
-427
626
-143
-192
701
-456
444
572
-528
22
343
-562
139
40
-539
418
-924
40
-478
-259
113
-301
-156
-203
260
-457
140
-102
-30
146
683
-326
346
160
102
463
214
267
174
-51
-214
807
-471
312
-262
-185
-203
112
-6
-685
665
-1014
708
-129
-72
-97
-366
697
-277
233
-460
610
-588
1322
46
-562
675
-43
-301
91
196
-707
203
-91
-444
-440
549
-1239
232
-525
-307
931
-786
333
-510
608
-176
63
590
-428
648
-362
971
-188
312
-196
232
384
-413
742
-845
515
-968
757
-697
314
43
-688
524
-912
139
-504
181
524
-191
-419
604
-372
224
465
-71
112
-46
869
-236
634
150
-562
252
-547
888
-816
632
-505
-286
3
-480
197
-832
184
-147
64
-224
211
101
-593
859
-725
706
-133
-43
240
141
-192
630
40
-167
100
-491
317
155
313
-286
187
-422
120
-72
268
-308
-8
223
3
399
-469
351
104
-108
28
98
-45
-147
-91
339
-320
-209
312
-737
302
-364
185
-557
415
71
-879
768
-695
390
-345
261
-240
463
27
-183
698
-603
797
-613
211
-121
10
52
-106
491
-513
535
91
-307
29
26
-260
296
119
-330
717
-513
672
-507
198
-102
-268
310
136
50
-246
95
-589
303
-305
478
-425
-442
204
-684
354
-514
-431
129
-675
23
-212
221
-148
-15
44
113
399
-579
723
-238
621
88
-120
1036
-407
345
137
16
160
384
-84
-87
390
1
107
270
-416
115
-46
293
-148
-203
-210
203
637
-145
-501
542
-173
264
-227
-48
163
-208
342
132
-406
-202
-188
-458
414
29
-324
376
143
-714
838
-1012
653
-54
-179
709
-341
918
-611
743
-97
210
204
-78
151
-87
170
-27
489
-725
435
-117
-451
-248
-549
-128
-775
-67
94
-96
-30
-474
-128
262
-460
-39
-117
-125
384
-261
309
100
-305
275
-278
236
-50
78
-302
59
-405
-24
-328
-597
441
-895
609
-393
-100
448
-169
-183
-472
120
178
125
265
254
-471
396
70
-135
377
109
-276
-75
215
298
571
-257
122
21
202
292
533
136
-102
678
-124
390
-33
692
-2
172
103
-5
398
119
135
-85
72
-480
471
-623
271
-169
-321
-162
271
-313
-412
-209
-464
-248
-424
219
-614
166
-52
49
-148
429
-16
376
57
41
599
-233
268
574
-66
89
305
375
-101
130
34
-123
165
-13
509
-335
415
-433
574
-163
-271
418
-269
646
-975
515
-584
-558
506
-365
20
-377
448
-667
6
-481
-326
-49
-467
392
-268
-830
-224
-411
11
-338
-584
146
-769
125
-492
-105
-156
-446
706
-1056
111
-177
-430
78
-365
270
-719
323
-3
-315
90
11
-232
426
395
-263
514
-182
330
276
45
661
-24
606
506
378
617
-232
1059
525
29
988
131
900
-132
142
556
-278
728
-231
529
187
-125
342
-45
383
66
187
-58
575
-156
-40
255
-500
572
-139
164
-10
89
279
-377
-205
137
-125
-453
315
-661
-171
-576
13
-384
-430
-321
-304
-806
-374
-436
-761
-202
-1006
324
-554
-598
-184
-646
-385
-495
-81
-391
-201
-473
-223
-204
-203
153
-325
63
-119
53
16
144
-310
414
-214
378
-36
546
461
-59
292
447
76
348
724
153
577
579
67
178
496
318
128
639
219
-170
509
-121
528
290
478
166
33
198
-128
174
-407
196
225
-174
418
-880
250
-115
-710
357
-304
55
-308
-78
-191
-494
-427
201
-515
-94
-87
-322
-459
-543
315
-594
442
-707
325
28
-512
355
-718
33
521
-242
-252
175
-164
238
-165
538
-177
447
-2
291
5
85
248
-324
700
-378
729
-429
282
719
-976
936
313
-735
665
-346
47
-43
-81
364
-505
458
-249
-106
64
235
-87
-9
183
-295
457
-303
-37
454
-306
615
-507
-354
540
-174
-105
-367
579
-422
70
-40
-215
311
-588
152
190
-188
45
-25
219
-79
39
-174
182
-28
222
127
-154
-18
-121
53
-405
83
-35
-130
-118
-213
-72
-104
-212
-2
-128
-113
-153
-59
61
39
-236
40
45
-110
-261
-109
222
149
-475
728
-357
451
-420
270
-55
-142
588
-604
708
5
455
-407
282
251
-322
128
684
-257
-29
396
31
159
253
-185
385
168
-217
718
-117
-382
611
-53
399
-271
47
247
-283
99
64
-8
-97
157
-400
317
-198
-381
269
-684
52
357
-553
436
-528
-51
-104
-110
14
-187
-108
161
-313
144
-121
-201
196
-241
-89
256
50
-597
595
-606
391
148
-721
763
-497
247
-270
414
-294
-144
482
-33
42
-148
78
-336
659
-376
115
212
-1
1
-164
106
-50
-241
319
124
-180
13
-122
-67
205
-394
364
67
112
-146
320
-46
-341
435
-30
598
-492
285
278
-322
333
15
381
-448
482
35
-99
290
-376
292
-155
431
-203
-105
509
-209
230
-241
521
-87
-595
655
-192
-40
177
-363
192
-35
-352
228
-401
-167
132
-76
-552
0
-177
-498
231
-604
127
142
-98
-140
-499
144
-443
557
-275
-183
-141
508
-299
339
-36
76
145
-602
536
-140
184
-233
378
201
-198
225
-409
326
-22
-33
30
425
38
-342
455
-186
297
-22
318
208
-554
494
283
-296
195
6
-83
41
72
-472
112
-39
-104
176
-438
-187
15
250
-838
375
-14
77
-309
491
-514
266
122
-147
479
-302
106
106
141
-80
99
270
-441
367
318
-586
8
445
-551
566
-168
-316
487
-361
227
-55
-109
291
37
-116
142
80
-228
433
-788
726
-286
-195
581
-1142
673
-273
-51
-271
266
-594
241
-185
98
-338
87
306
-649
721
-566
289
-181
517
-443
416
-442
229
384
-677
880
-852
830
-882
614
-234
-21
167
-92
388
-723
809
-163
-28
-209
501
-347
567
-51
-674
997
-621
488
339
-379
-212
908
-450
498
-211
364
7
-451
777
-806
367
-530
572
-1043
558
-145
64
-194
-361
445
-1012
-226
-319
-90
193
-306
686
169
-260
608
-87
-328
155
602
-103
-323
518
-783
188
-137
-301
99
-282
-159
62
229
-472
83
42
26
-456
938
-870
625
-670
960
-256
-163
459
-963
387
-418
323
-307
434
-640
948
-1336
1018
-42
-520
201
-147
181
-502
845
-694
954
-617
355
36
699
-408
105
848
-1055
1308
-646
540
-279
700
-269
-85
1101
-451
63
-614
632
275
-404
172
835
-182
-175
1253
-415
-241
151
272
218
-103
502
-594
480
-274
-165
216
-44
-287
-48
386
-814
418
-9
-485
-204
-299
-85
-156
-668
37
-267
-310
456
-1081
604
-331
-784
501
-569
-454
292
-548
99
223
-563
-212
-302
227
-426
-320
397
-531
-471
243
-64
-57
-472
198
155
-157
-81
99
127
-336
276
648
-277
497
-60
33
376
747
-258
340
329
224
-10
429
450
-781
924
-150
-59
546
142
351
51
-156
530
392
-244
86
739
65
-127
401
-247
101
248
-438
286
-176
-335
208
-331
259
-326
333
53
65
-8
-34
314
-193
334
-431
-7
7
296
-346
108
-278
-2
-34
217
-646
168
-44
-551
112
-351
568
-1238
186
109
-608
101
-170
-649
185
98
-188
452
-595
-450
494
-127
-151
248
-317
326
-797
87
-14
-939
940
-602
81
235
-923
762
-38
-600
854
-366
-559
685
-411
-379
17
285
241
-110
-468
563
181
-208
745
-224
-123
714
230
-510
844
1
-251
422
162
120
-444
566
-651
112
586
-293
166
498
-151
187
117
345
-107
129
569
-737
438
736
-133
52
581
-287
-244
649
-341
-242
-310
282
-151
-445
-170
100
-347
20
73
-207
177
228
-125
-394
6
322
-22
0
407
-615
324
-194
-369
341
-352
97
-357
-489
252
-213
9
143
-592
348
-553
132
166
-782
535
-284
-8
-723
813
-389
-191
520
84
-57
83
4
-53
250
-655
179
-235
88
-111
-182
298
-605
270
-179
103
404
-317
273
-152
399
-380
-161
279
504
-100
521
94
191
-162
348
210
160
-527
470
523
-628
630
-359
365
-305
296
410
-328
170
-281
266
-42
-156
261
-114
-81
-133
-89
319
327
-277
612
-279
86
-248
562
-647
1
20
34
-26
-388
341
-424
41
-633
493
-220
-121
-219
-144
79
-99
-480
-99
-281
380
-900
672
-123
-552
695
-623
533
-215
251
-283
-85
295
-541
378
-209
-154
70
-112
-163
97
299
180
-328
173
539
-640
888
-241
-158
542
316
-328
555
-148
-380
827
-266
-370
584
-110
-176
339
-428
169
238
-44
-307
965
-147
-176
225
271
-160
-322
715
-191
-236
325
62
-7
82
104
-239
101
258
-409
-157
8
-663
404
-265
69
-6
-275
-462
-285
416
-574
232
-459
56
-213
-100
271
-56
-356
141
-140
-202
366
-280
-521
-44
186
-96
-503
63
220
-681
348
-351
113
253
91
-123
-215
420
168
-90
380
216
-315
971
-351
488
92
392
60
300
595
-683
847
-185
-96
253
94
32
46
-115
-252
564
-276
-349
98
212
-58
-150
842
-587
219
-389
288
97
-290
615
-559
337
-38
-173
-360
535
-48
-488
127
-770
471
-207
-63
17
-631
565
-286
194
-235
-220
179
-151
49
44
-436
529
-105
-96
30
-57
-99
-401
106
228
-151
-49
-105
-550
-149
29
-105
-462
507
-280
-213
-35
-99
-36
-218
397
-301
207
494
-276
446
-151
353
-13
217
93
-83
525
-213
163
-294
480
-385
192
170
-20
532
-881
548
-119
-13
349
348
-373
-92
437
-625
378
717
-242
-160
452
-495
631
-93
119
-235
-51
217
-766
880
-101
-245
145
-115
-230
262
-294
-413
503
-370
145
-314
-84
396
-414
168
-32
-147
74
316
-136
177
278
-184
35
124
-34
-234
421
-538
-59
-224
127
-140
-910
516
1
-594
197
-37
-401
-18
-143
324
-153
17
770
-505
199
73
-403
571
-360
43
-10
205
-179
167
-176
-141
-30
11
-265
-75
362
-239
317
192
-370
223
35
-125
122
325
129
43
-117
57
-187
-241
362
-29
-337
596
-124
74
173
-225
365
-93
323
-428
651
-349
311
-133
50
306
60
692
-1108
711
-209
-55
49
-197
88
-357
201
-283
294
-376
6
-326
-140
-143
-10
-310
-165
-410
244
148
-35
697
-644
818
-347
179
91
-66
227
21
116
-81
329
-365
672
-363
226
-357
-12
-158
92
-157
-49
241
-562
796
-478
340
-380
55
116
-446
675
-479
85
-96
-131
92
10
129
-41
-122
-107
-107
-317
147
-379
-58
462
-473
55
21
104
-181
201
299
-320
43
165
170
-493
441
63
-306
93
-134
131
-408
342
88
45
46
-285
-46
166
-239
21
491
-343
189
-115
106
-227
524
52
-83
459
138
361
-630
503
-308
-186
242
60
122
105
-167
266
192
-306
193
138
338
124
155
-328
254
-189
66
-152
-178
251
-192
507
-367
668
59
-415
242
-471
108
-249
225
-247
-398
193
-76
55
-91
-191
31
-205
-147
-115
-430
496
-299
74
18
-120
-26
-248
107
-327
-53
-509
-253
-139
102
-286
-250
-64
-187
-60
-375
1
-416
-22
-100
130
-219
-217
372
-100
196
154
186
-347
453
-416
100
364
275
713
-275
796
59
402
206
145
69
338
122
-65
466
-45
-106
208
-39
342
118
-171
517
33
194
-1
233
-418
291
368
-520
330
-244
180
411
-138
166
-93
271
-156
-265
132
-114
-303
-249
141
-259
-95
43
-231
197
-679
-164
-149
-461
121
-447
408
-426
241
124
74
-141
92
200
-472
323
124
213
-483
41
-386
-446
363
-623
-198
-512
-165
-161
73
212
-142
-438
187
42
-563
295
-66
199
-238
616
28
-173
-1
-184
113
248
99
-387
586
157
117
214
16
-112
129
-9
46
31
66
143
-4
390
221
313
346
516
-231
14
-30
-399
303
-179
150
-31
-136
282
121
-254
361
53
-4
203
-409
-171
136
149
-105
-272
-25
202
126
-18
-793
560
-136
-98
458
355
-630
299
-14
-407
247
-379
723
-584
-118
-88
-46
558
-382
274
-447
91
-27
-359
173
-282
-708
332
164
-360
192
-473
405
-209
458
151
-265
229
-54
-26
336
27
322
3
-369
191
164
-316
-87
82
-373
-306
350
120
87
-116
-64
-66
220
-95
-270
29
-531
245
-191
245
-155
-11
161
19
259
-199
155
-110
295
-272
214
264
-95
289
-374
-340
-151
-99
-256
116
-169
-34
230
-164
91
-90
482
-105
260
-165
410
317
-654
371
-97
144
534
-72
-9
219
-152
401
-27
-88
399
-97
-311
361
-125
97
-539
164
-417
104
154
-184
-162
363
475
-405
-233
-270
121
-89
64
-163
69
-111
-79
218
-291
77
352
-347
-214
-384
207
23
257
-64
-402
86
400
197
-200
463
-185
-22
250
123
-166
329
71
-600
421
-377
-134
42
-215
187
-242
-48
-219
-76
-29
-402
-137
257
-266
3
397
-502
699
-34
119
246
-179
757
-313
306
194
-25
415
-473
-26
572
-132
280
-51
-41
83
-360
354
-408
-12
196
-445
14
-250
-116
-101
200
-123
-365
9
95
-418
146
231
-70
320
-248
-79
47
-120
196
-126
108
-289
-137
223
-613
149
-152
-185
16
217
-339
-107
-130
173
638
-421
589
92
-283
-20
415
104
81
172
164
120
327
442
-438
159
-95
87
152
-397
188
-536
95
-8
13
206
76
13
-413
399
-221
86
-203
417
150
-234
76
-224
255
-435
152
-143
-258
49
-43
-393
227
290
-215
232
-188
88
-885
-3
-296
-104
84
-10
711
-110
366
39
-103
226
200
149
167
-64
-240
160
-36
375
-290
-54
-19
-109
30
-479
-371
-263
-58
24
152
255
368
-184
300
15
289
110
192
-87
27
169
-533
325
-368
392
-107
-361
-158
-44
116
-658
139
27
-11
142
-282
29
90
76
-7
261
184
-76
261
42
-153
385
96
83
330
518
-355
-268
535
-82
-93
186
186
-678
312
-244
-357
-80
-183
-226
-813
-114
-4
-261
161
-87
-129
73
205
66
-12
78
-162
170
423
-39
375
274
-177
-259
23
-167
63
-185
-189
255
107
113
156
-26
-152
85
187
-169
-477
317
-288
-439
180
530
-263
34
137
-343
178
403
-290
20
75
-222
453
18
-9
59
12
379
-38
31
116
-157
193
-160
-342
451
-12
-284
196
-86
58
281
129
401
-349
-29
-113
-257
236
-435
-34
43
4
447
-212
-425
81
-257
-97
72
146
196
71
205
-23
-274
188
-239
144
41
161
-27
-18
-273
-389
10
-143
-60
-580
256
-387
339
81
-55
323
-220
41
-321
236
48
54
329
161
-89
334
188
-346
312
-96
284
-357
-525
28
-226
-186
55
243
-148
-73
120
319
65
-71
-137
-97
68
554
-180
132
97
-353
95
442
-175
10
-44
-93
334
-70
243
7
61
23
49
-138
-86
-159
243
-149
-265
95
-399
-52
-301
-151
90
-10
216
60
-19
-39
341
361
321
-141
-36
167
-300
313
-211
283
-161
-151
275
-71
173
-391
520
-203
-337
279
-1022
-188
4
-307
-412
63
-317
-264
-20
480
66
-170
464
28
247
123
310
586
291
145
70
-61
-135
318
-68
-50
200
-189
-672
-433
-73
-494
204
264
-389
231
253
-258
40
238
110
-233
37
355
-146
-249
772
141
100
-234
143
-162
-512
327
-630
-184
199
-199
158
-135
259
-14
-129
476
-140
-14
-41
-103
178
34
-246
423
102
-57
393
-237
189
-312
41
84
-306
344
10
366
209
-43
159
-226
125
-79
-411
308
-148
-72
433
87
-64
-18
163
-348
-203
-240
-181
-44
-447
-339
-516
-380
-238
77
-51
149
-196
479
46
-75
230
4
-17
321
106
50
517
-275
193
58
89
187
-46
-37
-258
-10
-137
-432
62
-102
-180
161
-284
-383
394
-234
325
174
197
-69
85
27
-100
894
47
22
517
335
125
86
-277
149
-249
-30
154
-140
-60
-69
-212
-58
83
103
118
-403
227
-333
-36
28
-231
275
-235
365
-365
639
483
-516
-8
-50
-490
-255
57
-263
91
73
392
-256
-132
221
-198
304
68
-208
-49
-449
309
32
-281
197
-249
-100
157
-28
12
-253
415
445
-404
34
-204
-49
263
37
145
273
-367
-54
-340
-341
233
272
172
-158
21
-4
-229
-40
-38
63
291
-307
-2
202
-107
45
-309
-70
261
-210
233
-129
-446
393
-55
-48
79
118
234
-274
557
253
-317
-30
-249
-49
9
75
837
-79
325
240
-102
-10
116
85
-266
349
-83
-19
-80
11
-317
-110
179
-429
-110
269
46
-205
280
300
-371
188
261
-675
56
25
-132
-108
-379
-46
-54
30
-164
176
219
122
1
242
-391
221
201
-264
426
-497
345
-375
-376
287
-336
384
-303
-370
597
73
229
139
-403
-223
-498
-695
100
81
-86
360
137
541
29
197
768
-175
403
-137
-257
169
-238
218
76
20
181
200
172
-343
-233
-424
-891
-140
-232
-424
-187
80
-66
-72
529
8
91
494
0
48
324
-175
254
469
-249
319
163
-97
311
86
-176
93
-79
122
74
-228
69
-126
138
101
-136
27
-120
-63
106
295
115
30
62
281
84
-141
88
-404
-278
-181
-439
-107
-246
-411
-223
-391
-35
-210
-77
239
30
155
106
-35
203
-158
-197
496
346
174
-161
299
5
276
323
-240
-77
200
-65
-222
-158
63
195
162
-276
-150
232
-315
20
125
-86
-238
-42
99
-38
-140
-133
336
112
-29
-157
1
261
-311
228
48
161
19
-8
-169
60
290
88
242
-268
95
-261
-101
371
-94
490
32
-218
-242
-223
-71
72
6
240
-111
-613
93
-77
-132
53
394
166
36
33
-184
-208
-381
-12
256
57
26
35
296
456
231
61
-170
149
-101
-347
-273
-499
-279
282
-330
247
-224
-512
107
-1
-15
-45
142
200
-97
254
278
-278
468
64
-143
204
-536
-19
295
-201
90
-414
-369
-252
-72
249
-229
54
291
-32
500
188
41
149
144
209
62
344
337
-51
-138
285
97
137
440
191
-139
130
100
-369
-135
-144
-33
55
45
182
312
-206
-257
48
-276
-490
-353
160
98
214
388
-313
-197
217
-510
-391
215
-117
-135
289
-176
-305
-248
35
177
-115
-20
-137
135
-127
-126
191
-213
-431
-151
327
295
-102
-404
-57
73
175
25
30
320
-23
55
-20
-384
-94
-103
10
-98
-51
198
-189
70
70
149
627
-161
-14
151
-307
437
84
-169
131
-508
-14
-138
-467
90
61
353
-110
-237
182
-68
-73
121
-271
261
389
37
269
235
721
-78
424
449
-324
190
-82
-6
35
-57
69
8
244
413
-55
52
-122
-204
144
43
19
-340
-388
95
142
0
190
224
40
453
309
33
-136
-235
-331
-217
225
-337
-143
-309
-223
138
12
-353
-676
-321
-53
-239
-72
155
-261
106
92
-102
91
-322
-144
321
39
-166
-412
-177
-84
-26
119
151
-137
-285
148
-98
-350
222
242
102
27
-150
294
56
-27
-1
75
95
-284
-163
300
-106
48
636
319
479
-54
167
-103
-486
328
6
130
36
-25
-358
-295
224
-62
104
202
-21
-162
89
416
197
312
234
538
76
-270
98
86
176
-35
267
-72
-136
162
10
-87
-221
-16
-176
116
81
-262
-47
-18
-65
-124
-140
62
140
-343
170
-50
-228
-44
-6
70
-138
-13
-260
-93
-139
-65
2
16
6
-68
3
-227
-132
174
314
-206
-234
-29
-256
-30
303
225
160
361
-22
-382
-167
-47
36
-128
173
-80
-337
91
-15
284
-386
-320
388
113
-281
24
68
-156
-133
378
118
-418
116
-197
-296
92
-45
145
267
302
123
259
269
331
33
226
-216
-412
-35
-510
190
-171
-310
58
-368
15
241
60
54
-30
310
162
-180
-90
-284
-88
143
-100
189
429
339
138
28
200
48
-461
161
-2
99
273
-170
-230
-186
206
9
76
285
4
-174
112
-277
-320
28
-43
177
130
78
-241
-136
-15
364
221
80
222
-302
143
175
99
165
37
-103
-15
-98
-37
-38
13
21
-325
101
-246
-503
-30
199
331
-88
-123
5
-122
-147
-176
-242
20
13
-169
63
-240
-185
-92
-42
337
-82
86
65
-257
84
-78
8
251
198
291
162
519
155
-243
99
80
223
317
-92
-393
-325
-493
-50
91
-213
76
-412
-230
-79
-214
135
222
188
-140
11
-15
-267
58
220
70
260
282
-330
-301
116
57
220
218
108
-312
-232
52
-95
290
157
-90
-86
-387
-138
27
-70
117
-53
70
211
18
51
0
84
322
244
276
93
49
270
210
106
275
38
170
140
-45
34
-199
-303
-323
26
-115
-234
-21
-33
-150
-127
-34
-99
206
20
120
37
-42
26
-246
152
-120
8
252
-152
-43
-32
-222
193
261
-71
124
39
-51
60
-231
-170
-110
-55
22
-255
-266
-265
-252
-178
-198
-268
-89
107
-90
-31
31
-60
29
-70
56
-2
-183
262
180
160
403
217
41
-183
124
109
32
39
-5
-77
39
19
158
129
83
426
43
271
211
-97
197
181
106
-149
-144
139
-178
43
15
-169
-135
2
153
-88
-52
119
-32
-8
143
-131
-264
-323
-287
117
-118
-121
47
-31
103
-73
2
-70
61
386
66
-13
-68
-14
13
-193
20
123
-131
0
-224
-263
-68
-7
219
-70
124
-49
-17
145
-86
-102
-10
-26
-59
-4
-124
45
-28
54
103
438
346
-10
224
-57
-51
227
169
40
-317
4
119
-130
188
-119
-53
31
-227
88
-73
-153
206
-131
-55
-38
-177
-60
-209
-12
124
-139
272
-27
-177
-78
-172
111
186
249
284
-156
-190
-81
-190
-84
-145
48
77
-183
42
-206
-69
93
385
454
151
241
40
-52
69
39
28
190
100
66
-150
-92
-71
-158
-96
-200
-364
-197
-260
-388
-178
-191
-11
23
-134
-94
113
49
-100
196
292
135
206
214
33
220
285
150
96
130
42
-63
60
91
95
126
47
-44
77
32
-101
-148
-240
-67
110
-53
-227
-167
-23
-122
-117
14
8
-4
3
187
-12
-81
-38
-111
-126
-90
85
-18
-95
-15
82
-37
7
12
-154
-84
-56
173
145
168
176
35
218
114
54
5
83
133
-158
46
24
-193
-145
55
45
29
134
-145
-188
78
130
-47
18
144
-39
-75
114
43
22
56
-2
56
14
-38
-17
-102
-90
-117
-82
-4
-108
-42
-146
-67
23
-36
4
-4
-29
-12
64
28
26
-41
113
95
-39
77
100
63
26
25
-9
-118
-10
11
-38
-18
-77
-101
-138
-51
-22
-107
-70
-159
-121
26
-106
21
13
58
47
-37
28
-90
28
37
-44
15
116
43
44
78
69
104
81
148
84
16
13
29
37
-39
16
183
93
169
186
-14
66
170
150
55
171
89
-6
34
-18
8
126
118
-49
-12
-5
-49
-94
-54
-28
37
-43
-193
-296
-281
-22
-8
-72
-35
-28
-158
-143
-49
-52
4
67
-96
-84
11
-144
-123
-31
-37
-123
-34
-81
-295
-215
-64
-167
-94
50
-93
-125
-84
-32
-109
-43
123
95
108
139
64
33
109
174
152
-19
70
74
-49
152
242
152
102
58
-16
-68
78
161
70
144
59
4
-3
-41
88
12
59
157
67
-4
-94
-77
-9
81
122
67
96
73
-18
-13
-113
-119
73
96
30
21
-33
-166
-82
91
6
17
16
-184
-238
-126
-89
-170
-97
-27
-157
-82
65
-17
0
70
57
-69
-52
56
-107
-44
62
-34
-24
12
21
-13
3
44
-38
-76
34
66
59
61
44
74
-17
38
84
11
73
48
-38
-91
-26
-31
-49
48
27
-17
0
47
25
27
45
38
40
48
36
-5
16
-15
31
26
-35
56
0
-17
3
0
67
8
8
-33
-83
-49
-71
-15
35
5
-4
-19
-12
38
15
-6
-6
-49
-48
-69
-53
-46
-50
2
-19
-11
9
36
29
-16
-4
11
65
61
11
18
37
13
-39
-34
-17
3
8
10
-2
5
-21
-33
23
9
17
38
13
13
24
17
-9
19
62
35
53
36
-15
18
21
-5
-8
-7
0
-3
0
-22
-58
-62
-54
-86
-80
-58
-46
-33
-57
-57
-64
-67
-16
-7
-21
59
113
72
35
51
61
59
112
151
71
70
84
-53
-8
25
-32
-62
-94
-36
-66
-58
8
-22
65
87
5
5
-55
-12
11
-18
10
-6
31
-18
-75
3
-17
-6
43
-11
-27
-52
-59
-111
-134
-6
17
18
70
13
2
10
8
51
28
58
44
-12
13
-11
45
86
45
74
46
7
21
-7
8
-16
-22
8
-37
-43
-31
-27
-11
5
46
45
-10
-8
-16
-31
13
33
13
-24
-35
-18
-65
-53
9
0
7
20
11
-19
-49
-31
-31
-6
44
21
-7
-26
-43
-20
2
9
11
15
17
-12
-2
-5
-54
-40
-37
-37
1
22
-2
-29
15
29
0
27
22
17
48
50
39
20
30
31
15
25
39
54
54
36
17
-15
-24
-17
-26
-22
-7
-10
-53
-53
-28
-40
-11
14
-14
-24
-25
-24
-33
-2
52
28
37
58
13
11
29
24
3
7
45
5
-18
9
-34
-32
10
4
2
-10
-6
-24
-40
-1
-24
-40
-11
-24
-26
-6
15
21
20
50
35
1
17
9
-7
-3
4
-24
-57
-24
-24
-42
3
19
3
14
35
18
-24
-7
-18
-58
-24
8
13
15
14
2
-17
3
33
34
43
35
-1
-18
-27
-6
24
14
13
-2
-32
-32
-32
-5
-14
-28
-18
-62
-71
-43
-10
28
49
87
73
38
47
44
43
50
55
58
17
7
-5
-39
-23
-12
5
6
-16
-17
-51
-52
-19
-12
1
-4
-14
-30
-38
-2
5
14
27
-1
-17
-37
-35
-13
3
39
42
24
23
11
22
31
40
50
22
4
-17
-42
-38
-45
-45
-52
-72
-75
-80
-69
-52
-43
-34
-29
-23
3
10
30
62
65
73
76
88
98
103
117
105
84
66
31
-7
-37
-63
-75
-79
-58
-40
-37
-35
-48
-48
-57
-43
-11
0
5
-1
-13
-9
18
59
94
113
106
80
43
13
-8
-19
-31
-49
-65
-78
-86
-75
-57
-34
-1
23
38
49
45
46
51
56
76
80
82
60
23
-7
-37
-36
-35
-39
-56
-90
-123
-140
-138
-117
-99
-82
-76
-81
-80
-64
-36
-3
22
38
47
48
55
67
78
83
83
77
63
53
42
28
25
12
1
-3
-2
2
3
9
14
18
25
30
29
32
37
49
58
60
61
56
45
37
24
10
1
-8
-14
-22
-25
-26
-28
-29
-23
-20
-17
-14
-13
-21
-30
-35
-45
-52
-50
-43
-39
-27
-18
-17
-11
-12
-13
-15
-10
-5
-7
-7
-11
-18
-30
-30
-27
-25
-20
-16
-19
-27
-27
-20
-8
6
19
33
39
40
45
49
51
52
53
41
28
17
5
-5
-13
-21
-32
-40
-44
-43
-31
-16
-1
13
18
18
13
9
11
15
18
17
12
7
7
8
17
26
32
36
34
25
13
1
-8
-10
-8
-8
-7
-13
-12
-10
-4
4
6
11
10
5
0
-12
-18
-21
-22
-16
-13
-13
-12
-14
-17
-18
-17
-16
-16
-11
-7
-5
3
10
17
24
27
26
22
16
11
5
-2
-7
-8
-10
-8
-5
-2
0
4
6
5
4
3
3
3
2
0
-4
-8
-9
-10
-8
-8
-8
-7
-7
-7
-3
-3
1
3
4
6
5
5
5
3
3
2
2
1
-2
-2
1
0
1
3
3
3
2
3
1
2
3
1
-1
2
2
5
7
8
6
2
1
-2
-2
-2
-2
-4
-4
-4
-5
-6
-6
-6
-3
-2
-3
-3
-2
-3
-3
-4
-5
-6
-5
-4
-3
0
2
2
1
0
0
3
5
5
7
6
7
6
6
7
6
8
6
6
4
-1
0
-2
-3
-1
-1
-1
-3
-1
-1
-2
-3
-1
1
2
3
2
2
2
-1
3
1
0
-1
1
0
-2
-1
-3
-1
0
-3
-3
-6
-3
-5
-4
-1
-3
-2
-3
-1
-1
2
2
1
3
2
3
0
2
1
0
0
-3
-5
-5
-4
-5
-5
-4
-3
-3
-1
0
-1
0
2
1
1
1
0
2
2
2
2
2
4
3
4
2
4
4
2
0
0
0
1
1
1
2
1
2
2
4
3
2
4
3
1
-1
-1
0
-1
-3
-4
-2
-4
0
-1
-3
-3
-3
0
-2
-1
0
-1
0
2
0
0
3
1
4
4
7
6
4
4
4
2
1
-1
-1
-4
-2
-3
-1
-1
-3
-1
-3
0
-2
-1
0
0
-2
-1
-1
-2
-2
-1
0
-1
-1
1
-2
-2
-3
-1
-2
-2
1
-1
-1
-2
-1
-1
-1
1
1
3
2
0
1
2
2
2
2
4
2
1
1
-1
2
-1
-1
0
-1
0
-3
-1
0
-1
1
2
1
0
0
1
2
2
-1
0
2
1
1
1
2
0
1
1
-1
0
1
0
0
-1
1
1
-1
0
-1
-1
-1
2
1
3
2
2
-2
-2
-2
-3
1
-2
-2
-3
-1
-1
0
-1
-1
-2
-2
1
0
2
1
2
3
2
0
1
1
2
0
-1
-1
-3
0
0
0
-2
-2
1
1
0
1
-1
-1
1
-2
0
1
-1
-1
-1
-1
1
2
-1
0
-2
-2
-2
-6
-4
-1
-1
-1
-1
1
1
1
2
2
2
2
-1
0
0
1
0
0
0
1
0
1
4
2
2
-1
1
1
1
1
-1
-1
0
3
0
0
1
2
1
-1
-1
0
0
1
-1
-1
1
-1
-1
0
1
0
-2
2
2
1
1
1
0
0
0
0
0
-3
-3
