1
-1
-1
-1
1
0
0
-1
-1
1
0
0
0
0
0
-1
1
-1
-3
-2
-1
1
0
0
-2
1
1
-2
-1
-1
0
-1
-1
0
-1
0
1
-1
0
1
-1
-1
-2
0
-1
0
-1
0
-1
0
2
1
2
2
2
1
1
1
2
1
1
1
0
0
0
2
2
2
2
2
3
2
0
2
0
1
1
0
-1
-2
-1
-4
0
-3
-4
-1
-1
-2
-3
-1
-3
-2
-1
-1
-2
-2
-1
0
-2
-3
-2
2
2
0
-1
-1
2
0
1
1
0
1
0
1
0
1
2
1
1
1
0
-2
-1
-2
-1
-2
-2
2
0
2
1
2
2
3
-1
0
2
2
2
4
3
0
0
1
1
2
2
-1
-3
-1
-2
0
0
-1
-1
0
0
-2
0
0
-3
-5
-2
-4
-2
-2
-3
-3
-3
0
0
-1
0
-2
-1
-1
-1
1
0
-1
-2
-1
1
2
-1
-1
1
2
1
0
1
2
1
0
1
0
3
1
1
2
3
2
1
3
2
2
3
0
2
-1
-1
0
0
-1
1
0
2
-1
0
1
-2
-1
-1
1
1
1
-1
-1
-2
-2
-1
-3
0
-2
-3
-2
-1
0
0
-2
-1
-1
-3
-1
-1
-1
0
0
1
0
0
0
1
0
3
1
0
1
-1
0
0
0
-1
1
0
-1
0
1
2
1
-1
-1
-1
-2
-1
0
-1
-1
0
-1
0
-1
1
1
2
1
-2
0
-2
1
-1
0
1
0
1
3
1
1
2
2
2
4
2
3
1
2
2
-1
4
1
1
1
1
2
-1
0
0
1
1
1
-1
-1
1
-3
-1
-2
-1
-1
-1
-2
-2
-2
-4
-3
-1
-1
-2
-2
0
-2
-1
-1
1
-1
-2
-1
0
0
0
1
-1
0
-2
1
2
2
1
-1
-2
-1
1
0
1
-1
1
0
-1
1
2
2
2
1
0
0
-1
-1
2
3
3
2
2
0
0
1
-3
-1
0
1
1
0
-2
-1
-1
-1
1
2
1
1
2
3
2
1
3
-1
-2
0
0
0
-3
-1
1
2
2
0
-1
-1
0
-2
-2
-2
0
-1
-1
0
-2
0
-4
-3
0
1
-1
-4
-2
-3
1
1
0
-2
-2
2
1
1
0
0
-2
-1
0
1
0
0
3
0
0
-1
1
2
0
1
1
1
-1
1
3
2
1
1
1
-1
1
1
2
-1
1
-1
0
0
1
1
0
1
-1
-2
-2
0
-2
-1
-3
0
2
2
0
0
3
-1
-1
-1
0
0
0
0
-1
0
0
0
1
-1
-3
-2
-2
0
0
0
-1
1
0
2
2
3
2
-1
0
-3
2
3
0
-1
-4
-1
1
0
2
0
0
0
0
-1
0
1
2
1
1
0
1
-1
-3
2
-2
0
2
-1
-3
-1
0
1
-2
-2
-1
-1
-1
-1
-2
-1
3
2
-1
0
-2
-2
-2
0
1
0
-1
-1
-1
4
1
0
0
1
1
1
-1
-1
1
0
0
1
1
2
0
1
5
5
2
-3
-2
1
2
-2
-1
0
2
1
-3
-2
3
1
0
0
-1
-1
-1
0
-1
3
3
0
-2
-2
2
-1
-5
-1
5
0
-2
3
1
0
4
3
2
3
5
5
3
5
0
0
3
0
-5
0
-1
0
2
-4
-6
-2
-3
-5
-8
-3
1
-7
-6
-2
-3
-2
2
0
-3
-5
-5
-3
-4
-4
-6
-1
3
-2
0
4
1
1
2
0
1
3
5
2
1
6
4
6
9
3
7
7
5
2
3
9
3
3
3
1
1
4
4
-4
2
3
7
2
2
7
2
-1
-3
0
-3
0
-2
2
1
-3
-4
-6
-4
-2
2
-6
-5
-5
-2
-5
-8
-4
-1
2
-5
-1
-2
4
-5
-7
-2
-1
-5
-8
-3
-6
5
2
-1
5
6
-5
-2
2
0
3
1
3
2
-3
-3
4
2
1
8
4
-5
2
6
-2
6
3
3
-5
1
4
-3
2
-1
4
-2
0
4
4
-2
4
4
0
4
-4
-2
3
-3
1
-3
-3
-1
-4
-2
-5
-2
1
-4
-8
-2
1
-4
-1
1
-2
4
-4
4
7
0
-2
10
3
0
11
1
9
7
1
11
2
10
3
-1
8
-3
2
4
-1
0
-8
6
-13
-1
-1
0
-7
7
-5
-26
8
-8
4
-34
-3
-2
-29
-30
-43
-1
-25
-12
-46
-39
-42
-5
-49
-14
-25
-32
-24
-54
-2
-56
3
-46
5
30
-64
-52
80
-20
22
-54
93
-14
-25
134
-45
37
38
-25
161
-28
96
59
-151
210
81
-44
102
-7
25
1
114
0
-2
78
-59
16
68
122
-139
121
91
-211
107
82
-63
253
-47
-310
77
116
64
-50
144
-137
-138
256
-110
-63
251
-5
-88
-62
31
4
-67
133
-47
48
-162
-54
-6
112
46
-172
156
-156
45
-105
-54
73
-1
-53
-97
-6
-122
70
12
-37
115
-62
4
-35
72
17
-30
197
95
-237
-65
156
-2
-84
-3
-113
-83
-14
-26
-166
-43
-111
-143
48
-78
20
24
-77
-144
-89
232
-75
10
231
-203
-175
-110
197
-52
90
-47
-86
147
-167
51
274
-16
124
268
-140
81
-113
261
-39
7
30
-184
-247
184
-241
-237
106
48
16
-161
-158
12
151
54
-3
78
-166
-347
10
90
1
-176
67
-237
15
-43
293
-123
-135
172
-39
-51
219
163
219
-127
114
149
193
394
78
249
22
266
58
372
-26
124
239
-89
16
38
59
-33
73
183
-117
167
-8
102
365
-320
-135
166
-142
-417
-166
-4
-178
-269
241
-331
-202
59
-356
-200
-274
-240
-161
-386
68
-142
-509
-364
-283
-126
-280
186
-100
-187
22
-274
15
-348
240
-101
-191
-65
9
171
0
159
168
108
128
104
222
445
-85
32
30
490
-107
337
113
159
391
480
188
189
441
357
53
417
299
202
381
189
-16
-177
402
-214
-22
-111
145
78
-179
444
-60
68
-40
-296
10
-164
-325
15
7
-208
-416
8
-200
-312
-598
262
-317
-516
-50
-279
-132
-375
-193
-41
-509
-285
93
-227
211
-152
-25
101
104
-80
243
187
-77
174
150
-118
58
219
-459
318
-17
-100
334
-392
35
-526
14
-706
-444
-414
-306
-197
-418
178
-21
124
258
230
266
479
296
462
323
442
398
550
359
605
572
319
396
423
453
609
485
523
772
40
329
288
107
-104
-31
5
-21
-326
-68
-106
-216
39
-209
-137
58
-212
-116
-307
-264
-267
-296
-205
-554
-597
-410
-436
-553
-727
-310
-881
-693
-302
-573
-819
-319
-509
-329
-418
-305
-317
-195
-311
-98
23
-46
103
-131
96
95
53
-50
-106
268
-61
518
399
203
154
341
552
27
748
431
508
441
338
557
153
514
470
406
454
394
512
332
582
407
165
534
314
194
215
516
343
-32
563
-70
153
-132
194
-18
-357
100
-436
-258
-331
-226
-430
-434
-238
-42
-385
-199
-113
-590
-514
-394
-374
-608
-11
-54
-366
-133
79
-312
-150
204
-275
-159
261
-221
-17
16
-158
-212
-222
-163
-56
-142
-304
143
1
-202
37
-181
151
91
79
-143
-154
477
-80
317
229
109
-146
144
18
-66
236
8
91
138
-99
200
-146
205
-2
183
265
-79
301
-116
152
-314
74
-142
-153
69
148
-210
269
81
157
-72
62
402
-140
153
181
142
183
204
660
320
415
234
345
522
139
546
105
264
77
-147
-175
-347
92
-165
-225
-347
-299
-307
-502
142
-234
259
99
36
-29
-224
-450
-491
-480
-450
-446
-368
-432
-430
-498
-166
-513
-749
-121
-632
-570
-543
-235
-929
-519
-352
-27
-33
98
353
419
454
502
713
781
950
572
767
696
731
1005
870
909
696
776
400
602
706
532
717
294
307
36
-6
186
-383
251
353
-372
531
-208
-81
-206
-15
-95
-439
-323
-607
-528
-803
-687
-542
-525
-598
-439
-539
-1111
-605
-604
-853
-84
-755
-335
-83
-143
158
215
537
21
271
-24
740
-321
193
530
-432
-13
-540
-425
-699
-632
-451
-715
-561
-608
-909
-942
-634
-926
-521
-768
-952
-723
-898
-550
-356
-847
63
326
198
170
142
171
449
744
937
1742
1731
1964
2238
2673
2684
2675
3165
2772
2807
3223
2414
3127
2422
2526
2200
1533
877
848
-25
114
-731
-612
-705
-905
-667
-1442
-564
-1598
-1105
-1387
-1341
-1410
-1147
-930
-1085
-1353
-1736
-1472
-1976
-2032
-2377
-2489
-2743
-2648
-2421
-3000
-2828
-3230
-2896
-3544
-3831
-3472
-3530
-3662
-3700
-2995
-2897
-2547
-2054
-1561
-878
-472
865
1033
2047
2615
2626
3185
3660
4382
4590
4334
4701
4192
4238
5033
4547
5973
5219
4570
4871
3273
3048
3069
1810
2270
1132
-473
-1595
-3327
-3491
-1758
-743
963
1542
838
-467
-551
746
485
2073
2646
2576
2679
1586
950
450
-213
-443
-1522
-2214
-3371
-3856
-4515
-5020
-5059
-4501
-4734
-4120
-3868
-4819
-3885
-4267
-4413
-3601
-3381
-3185
-2873
-2661
-3013
-2798
-1576
-1581
-114
-192
-122
396
576
1019
380
1058
1147
1544
2174
2079
3222
3115
3119
3491
3639
4217
3314
3500
4594
4253
3353
3935
4021
4129
3319
3221
2856
1594
2219
1483
1588
1201
1207
1058
420
739
795
384
1464
921
420
950
268
169
-438
-641
-539
-1196
-877
-1238
-1253
-967
-900
-1181
-1603
-900
-2398
-2193
-2083
-3096
-3631
-2693
-3893
-3334
-2692
-3259
-3290
-3463
-2961
-3528
-3894
-3729
-4463
-3971
-4525
-4620
-4667
-4740
-4963
-4369
-4460
-4332
-3806
-3409
-2781
-2270
-1533
-427
340
268
2164
2046
4334
5004
6500
6978
7419
8794
8400
8498
9498
9441
8886
8905
7771
7798
6314
5690
4521
3978
2822
1309
1364
586
85
-651
-1261
-1049
-1640
-1556
-1857
-2232
-2441
-2025
-2623
-2433
-2436
-2668
-1924
-2532
-2614
-3035
-3879
-3009
-3878
-3479
-3579
-3724
-3409
-3357
-3185
-2574
-2363
-1612
-1824
-1306
-779
-610
803
412
275
1317
652
1383
1628
847
1153
412
869
-46
483
887
1134
467
1537
1150
756
1875
1571
407
-389
-433
-1511
-1995
-1022
-1642
-1626
-2083
-2363
-2703
-3016
-2401
-2310
-878
-496
440
281
1076
301
979
811
1175
1446
1664
1600
1078
1995
1796
2516
1752
1589
1065
-69
-920
-819
-1302
-1887
-666
-1994
-1544
-903
-1034
-595
-795
139
-1259
1027
1589
1230
2245
889
1328
1149
2413
1468
1955
1919
2001
2569
1147
2603
1902
2446
2835
2326
1909
1382
1767
134
322
-394
-1099
-1631
-2254
-2426
-2705
-2372
-2939
-2944
-2446
-2224
-2092
-876
-1320
-495
-470
-540
-153
840
325
454
97
-296
-956
41
362
145
380
372
479
306
1008
34
-255
366
-467
-527
-1287
-1298
-1642
-1749
-2187
-1451
-1357
-1760
-888
-317
399
-535
-199
-641
-926
-618
-840
-500
40
2
-270
154
-951
-436
605
-197
-162
899
670
716
348
919
49
317
1003
76
684
1255
979
886
1197
1492
1598
1900
1709
1520
1611
879
1915
971
1439
1300
403
254
82
421
545
273
-751
2
-746
-687
-530
-1450
-823
-881
-685
-1389
-766
-1181
-575
-1225
-722
-592
-1042
-332
-695
-141
-952
-994
-1461
-1288
-721
-477
-476
-882
-1400
-883
-1253
-844
-400
-481
-388
-28
-214
62
327
52
1159
955
475
760
962
1320
415
1486
1605
1291
1814
602
623
630
881
1612
1742
1165
1253
1017
894
723
868
460
754
-75
-635
-174
-627
-828
-793
327
-269
107
-798
-517
-565
-582
-404
417
-390
-446
-683
-1327
-358
-735
188
-1275
-559
-1259
-459
-302
-1001
-1001
-1081
-1119
-753
-1468
-963
-487
-1000
-651
-1170
-1083
-380
-516
370
-316
486
106
-222
1120
829
781
863
1218
386
1846
477
5
568
93
794
-118
335
266
668
374
462
975
-207
694
-138
550
397
269
1115
41
803
644
288
450
933
20
399
531
-292
470
235
239
446
1301
993
748
1010
451
1574
1154
924
617
278
834
-81
-397
351
-779
-573
-867
-748
-1094
-2211
-1160
-2174
-1697
-2227
-1603
-2070
-1523
-703
-1007
-244
208
-27
-259
-32
-285
-301
-375
-1129
-743
-835
322
174
324
81
-160
252
-144
112
-1003
-885
-2255
423
398
1055
1634
1113
946
61
47
639
737
818
1592
1099
218
1183
835
882
1328
857
137
295
266
20
152
359
310
-229
885
164
432
744
189
27
117
28
1164
767
653
760
-704
783
1409
1112
1263
633
187
-163
-111
93
-512
-1267
-1076
-1349
-1056
-1440
-1048
-1515
-2259
-1989
-1640
-2084
-2452
-1601
-973
-340
-751
-103
-278
-70
380
-267
363
-24
586
192
43
168
784
791
770
1209
-241
1539
1012
1374
1614
1768
1441
814
1761
916
1022
1025
1100
92
-792
-437
-641
-553
-565
-967
-625
-641
-1286
-703
294
-526
-59
-45
755
462
471
991
264
263
-677
-781
199
988
535
241
-162
-178
336
1877
2656
838
-19
-251
-180
402
-26
-505
-1320
-48
666
845
1976
831
289
1966
1763
82
-712
-2419
-608
-315
-629
908
838
1492
1005
142
-1501
-2223
-1173
-85
-224
-2230
-4076
-3522
-2859
-4942
-4221
-2138
-3898
-3975
-3132
-2627
-2731
-1541
-1122
-2550
-1251
-1169
-1771
-1292
-707
384
1331
1889
2955
2886
3172
4585
3550
4513
6097
4898
2209
1709
2968
2556
2163
3369
1927
863
1944
865
-36
-63
167
895
1418
1444
2662
629
622
903
-92
-1026
-1984
-1061
1120
1063
843
2135
795
1428
1431
443
451
74
-1003
13
-1837
-2840
-1572
-2973
-1089
-1519
-1103
-486
-1683
205
-133
-946
-674
-473
-1302
-23
-822
-920
-1306
353
2136
-708
837
-1119
-1743
-1375
-2669
-2550
-2430
-2304
-1893
-3636
-4947
-3029
-4319
-3543
-2495
-3506
-2477
-2049
-1243
-474
-706
-1299
-727
349
1184
756
794
1475
229
588
1596
2526
1777
2159
1526
1737
2247
2628
2157
1897
2372
592
954
1781
499
-163
1216
2454
850
1533
2957
2525
2444
3607
3972
4251
4066
3010
3565
3605
3494
2562
2037
2471
2868
1682
1396
996
890
877
1278
1411
-209
-852
-1514
-3100
-4645
-4810
-4921
-5711
-5307
-4839
-4877
-4040
-3063
-3456
-2605
-2168
-2230
-2446
-3077
-3022
-3079
-3020
-3096
-2759
-3296
-2467
-2492
-1658
-609
-1479
-562
-309
-842
-1241
-1181
644
1826
1187
2465
3852
3678
4694
3301
2668
2407
2391
2883
3116
2893
2607
1749
2165
2772
1369
3053
2147
942
1302
704
2021
2578
3327
3606
4150
2477
2362
2247
311
1246
93
-1551
-800
-1888
-3105
-3694
-4946
-5856
-6153
-6203
-7263
-7036
-6769
-6223
-6990
-4745
-2760
-3937
-3206
-3295
-3819
-2509
-2646
-1943
1246
1581
1761
1807
2220
3465
4067
4570
5234
5672
4397
4534
4159
2739
2897
3549
2825
2983
3148
2757
3331
3781
4218
3231
3233
3669
2835
2693
3296
3349
2826
2082
998
451
-232
442
-122
-1347
-1400
-1749
-1927
-2540
-2743
-3073
-3431
-3161
-2942
-3402
-4001
-3457
-3195
-2966
-2641
-2226
-2163
-1371
-1224
-944
-917
216
739
-102
-79
-966
-411
371
380
168
-307
-654
-8
-670
-1525
-684
-1460
-1904
-2763
-3438
-3654
-4138
-4364
-5027
-5373
-5069
-4750
-4291
-2819
-2816
-2584
-1316
-914
-750
415
1123
1858
2928
3759
4126
3820
5354
6650
6912
7276
7632
7081
6766
7042
6965
6911
6059
5627
5635
5447
5390
5174
4465
4501
4670
5019
5155
2664
-1668
-4366
-3979
-2932
-2914
-3481
-4396
-5657
-6402
-6812
-7644
-7426
-6042
-4470
-3391
-3465
-5084
-6836
-6803
-5231
-3149
-1750
-1190
-1224
-703
-772
-1557
-1242
-39
475
877
1594
1167
744
891
1678
2425
3597
4229
3933
3719
4218
4510
5154
7167
9210
11201
8653
259
-7775
-8987
-5078
-2056
-1443
-3897
-8197
-11778
-12886
-12765
-11930
-9562
-6733
-3788
-1987
-3021
-6329
-6415
-1686
4225
8727
11034
9750
7013
6846
8103
8903
8880
9589
10654
10846
8250
2828
-1523
-1477
1448
3486
2432
-1548
-5364
-6461
-5257
-3440
-1609
701
3080
4662
4301
3510
4278
7825
12070
15660
17512
12465
1669
-7571
-8368
-4244
-1765
-2843
-7354
-13669
-18825
-21517
-22661
-21054
-17907
-14645
-11569
-10187
-12506
-15833
-13690
-6019
2349
8129
10235
8309
6646
7946
10757
13058
14154
15256
16239
15181
10428
4632
1506
1458
2884
3393
824
-3922
-6822
-7025
-6177
-4233
-1238
1476
3466
5057
5072
5291
7943
12785
17311
21974
21683
11407
-1867
-6618
-2103
2283
2914
-1200
-9073
-16555
-20549
-22268
-21735
-19058
-16802
-14818
-12773
-13772
-18755
-19927
-12601
-2504
4928
8637
7323
3838
4832
9126
11658
14732
19475
20642
16681
12149
7698
3383
4209
7921
7176
2653
-1786
-6402
-9552
-7453
-3260
-939
1244
3027
1607
231
2030
5237
8861
15501
18984
10480
-4107
-11898
-8369
-1047
3337
1467
-5707
-13705
-18725
-20565
-18933
-15185
-13230
-12027
-9739
-10078
-15052
-17705
-11889
-1721
6699
10594
8681
3439
2536
7011
11108
14610
18495
19011
14554
10272
7239
3693
3715
7638
7689
2406
-2890
-7473
-10720
-8406
-2933
-391
195
1520
1312
770
3367
7856
12207
19127
21004
9305
-6068
-8921
-690
5580
6438
1989
-7266
-16081
-18868
-17760
-14981
-11927
-11649
-12372
-11453
-12773
-17777
-17322
-7675
2423
6842
7065
3150
-1036
419
6445
13246
17810
17547
12678
8498
6681
5094
5687
8720
8646
4069
-877
-5782
-9482
-7712
-2336
652
751
599
-418
279
3953
8232
10788
15685
18301
8634
-6254
-10394
-2075
5403
6142
698
-9005
-17887
-20448
-17905
-13321
-9818
-11024
-14214
-14576
-14311
-16668
-15090
-5646
3595
6383
5006
1597
-1900
45
9566
18480
19813
15454
11019
8436
7808
9518
10674
9559
7509
4476
-988
-5899
-6251
-3293
98
2207
1138
-1972
-1771
2668
6645
9261
12333
16289
13608
1016
-11275
-9355
3099
9185
4196
-5381
-14760
-20986
-20011
-13300
-8137
-9209
-13999
-16873
-16014
-14915
-14717
-10193
-690
5268
3629
-311
-2124
-371
6556
14039
15605
12229
9686
8132
7651
9570
10793
9270
7646
5691
556
-3647
-2795
-529
404
1267
435
-1593
93
5431
8671
9623
11335
14624
12681
1499
-9940
-7648
5381
10675
3091
-8324
-16548
-19890
-16345
-8897
-5610
-10010
-16684
-18587
-15311
-11994
-10974
-7628
-387
3872
1357
-2409
-1995
2225
9084
13826
12738
8540
6042
6879
9394
11323
9684
5932
3644
1772
-1342
-3056
-2042
-1176
-1435
-1979
-3154
-2933
1200
7407
10151
9500
8845
11372
15746
11621
-2086
-9103
525
11033
7696
-3367
-13017
-18804
-17608
-10217
-5609
-9507
-17479
-21586
-18119
-11261
-9254
-10460
-7010
-429
1070
-1174
-895
1698
6655
13611
16233
9044
1398
3942
10692
13677
12397
7843
1280
-712
2359
2664
-67
-454
21
-1457
-2032
-688
1613
6501
11992
12519
10590
13065
10841
-2466
-10474
378
13664
10168
-3328
-13965
-18245
-15901
-8650
-3841
-6420
-14835
-22088
-20460
-11979
-7662
-8937
-6612
-954
-441
-3669
-2923
2091
7541
11108
11101
7803
5649
7351
10108
11790
10650
7116
3470
751
-397
-159
647
-367
-3237
-5901
-6537
-3670
1844
6033
7107
7082
7363
8353
13629
19427
12657
-3516
-8071
4555
13170
6882
-4973
-13526
-16394
-12704
-7271
-7304
-12793
-19195
-21043
-15840
-9945
-11006
-13316
-7769
-601
-660
-2917
-1200
2671
7655
13340
11568
3826
4039
12752
16524
12829
8109
2743
-806
2961
6320
1774
-3160
-3118
-3926
-5505
-3207
80
2181
6414
9318
7308
5721
10696
17559
13790
-678
-9473
-198
12720
10389
-2784
-12576
-16279
-14817
-8263
-3228
-7674
-17911
-22359
-16970
-9423
-7972
-10500
-8507
-2281
-441
-2596
-1657
2872
7095
11259
10757
3307
1045
10055
16553
12682
7208
3041
-1400
593
6383
4071
-2614
-3416
-2904
-4956
-3210
1549
3415
5654
9250
8451
6557
12129
18631
11446
-4228
-8403
3459
13219
8113
-5021
-14721
-17113
-13324
-6613
-3808
-9692
-19863
-23069
-15713
-7851
-7836
-10315
-7381
-2242
-1381
-2355
81
4928
8929
12270
10059
1801
439
11119
18406
13182
4984
-54
-1674
3136
8429
4025
-4490
-6050
-4271
-3901
-1501
1836
3011
5070
8226
8536
7655
13144
18164
8824
-6944
-6870
7996
14272
4960
-7091
-14244
-16217
-11656
-4674
-4068
-11982
-21056
-22180
-14106
-6757
-7926
-10988
-7613
-2855
-2970
-2810
1730
6208
8898
10554
6654
1276
5814
16429
17795
10134
3949
719
806
5790
7647
17
-7577
-7206
-4845
-4284
-2048
319
499
1883
5351
6621
7611
11854
18719
19391
6081
-10908
-8453
11975
20915
7298
-10784
-19415
-18620
-10059
-366
-1291
-14024
-26179
-25683
-14141
-5059
-6559
-10609
-8401
-5053
-5613
-3445
3192
8278
10264
11604
8233
78
1305
14153
20822
14114
4797
-710
-2632
2816
10437
7353
-3017
-7893
-6751
-4292
991
5904
5550
3980
6035
7713
10833
17054
11333
-7335
-11354
7788
18441
5474
-9904
-14361
-13498
-8613
-1842
-2669
-12829
-22252
-21895
-12054
-3566
-6476
-13387
-11306
-4327
-2691
-2391
1793
5464
6557
8467
7289
858
2274
15228
21697
12793
1911
-1121
891
6573
10544
3960
-7352
-9794
-5188
-2593
-1876
-1165
-1321
-386
2899
5679
7780
10781
14968
19105
13652
-3725
-12272
3783
21705
15929
-3976
-17629
-20084
-12522
-497
2873
-8147
-23820
-30027
-20924
-5831
-1742
-9811
-14216
-10628
-8054
-5051
2757
8140
7014
6855
6869
2179
2350
12906
20826
16978
7863
489
-847
6394
13366
9511
-1168
-8149
-8333
-3229
2506
3239
160
-265
2302
5926
9066
13150
15384
6520
-9532
-10811
8207
19542
7219
-9873
-15591
-14226
-8818
-182
1431
-9643
-22435
-23315
-12770
-3213
-3694
-9654
-11145
-8051
-5945
-2887
3442
7369
5553
3982
3573
1226
3745
14742
20066
11393
818
-977
2720
8237
11773
5640
-6253
-10272
-5126
-265
1070
236
-2713
-3845
957
6717
9574
11016
12226
14477
12038
-90
-9625
1063
18951
16522
-2698
-16545
-18456
-11919
-851
4216
-5509
-22312
-30019
-21199
-5014
1111
-7192
-15943
-15123
-9762
-3335
4728
8146
3921
342
3382
6603
6888
10746
16318
14234
5940
2269
4764
7686
9739
7811
-1315
-8842
-6251
70
1720
-43
-2697
-5132
-1807
5785
9989
10337
10235
12273
11248
1455
-8510
-1185
16487
17162
-783
-14715
-16792
-11701
-1578
5264
-2935
-20370
-28879
-20928
-5255
2430
-4990
-16273
-17269
-10308
-2837
4520
7792
2677
-2351
1379
4781
4463
10806
18141
12169
1539
1367
5685
8513
13277
10966
-3016
-10459
-3930
2282
3342
3117
-2282
-8044
-2590
7615
10168
9690
9848
9722
10224
5494
-6151
-5900
11620
18306
2067
-13616
-16355
-12936
-4279
4987
-41
-17889
-28959
-22861
-7046
3372
-2223
-15509
-19219
-11633
-2650
5162
8300
2407
-4418
-1314
6519
9958
10852
11481
9452
5596
4089
6450
9649
9801
6404
327
-5436
-5655
-82
3295
430
-3714
-5801
-4269
2220
8607
8725
6574
6694
8858
13304
13004
1171
-7964
2136
15191
9630
-4865
-12183
-13311
-9799
-1758
642
-9626
-22332
-24248
-14325
-3095
-2551
-11469
-16826
-13380
-6742
-22
4702
2914
-2314
-1688
4619
9019
9366
8543
8486
8691
7056
5408
7467
9936
7529
3063
-240
-2633
-1533
3238
3700
-1689
-4597
-2486
1298
6342
9542
7773
5259
7653
12714
11098
227
-7386
477
12758
10142
-3878
-13326
-14566
-10158
-2125
1569
-7210
-21691
-25861
-15257
-2248
-296
-8859
-16454
-15667
-8396
789
6341
3878
-2831
-3580
2738
6652
7222
10309
12087
7143
3356
6464
9109
8838
9222
6018
-1190
-2696
2139
3704
1551
-155
-2973
-4189
766
6172
6261
5075
5627
5507
7410
12738
10345
-2426
-8081
2148
11167
6010
-4705
-11587
-14087
-10255
-1974
27
-9231
-20356
-22022
-13157
-2981
-1665
-8789
-14821
-13788
-7478
569
5686
3078
-3389
-4121
2407
7693
8347
8716
9021
6525
4720
7022
8811
8307
8481
6765
1391
-758
2491
4175
2847
1606
-842
-2923
527
5790
6493
4968
5045
4741
6143
10765
8660
-3227
-8481
944
8772
4014
-5104
-11810
-14922
-10589
-1590
11
-8927
-18884
-20791
-12877
-2218
-230
-7846
-14272
-13208
-7034
1178
6150
2289
-4814
-4294
2743
7401
8717
9345
7315
3928
5009
9344
10534
9277
7906
4439
1332
3145
5587
3830
1413
466
-1401
-1369
2196
3950
2565
2545
3515
3626
4868
8026
8439
2651
-5355
-6285
1392
6710
2193
-6222
-11735
-12651
-8138
-1178
-420
-8489
-17085
-17532
-9832
-1620
-959
-7215
-12779
-12453
-6514
1405
4755
278
-5082
-3744
1807
6388
8517
7584
4583
3849
6660
9226
9603
9041
7749
5658
4358
4540
4535
3931
3534
2530
481
-333
1183
2867
3312
3124
2663
2218
2699
4700
5137
272
-6180
-5657
978
3693
-574
-6277
-10138
-10716
-6223
-681
-1371
-8029
-13699
-13442
-7617
-1767
-1672
-6424
-10343
-10066
-5445
883
3180
-548
-4255
-2761
1382
4565
6869
7460
5012
3401
6111
9172
9295
8975
7903
4484
3106
5562
6283
4133
2705
970
-1494
-668
2291
2552
1384
730
-858
-1182
1864
3738
3035
2632
-8
-5430
-5167
1333
3714
-249
-4124
-6890
-8043
-4582
-49
-1031
-5815
-9637
-10511
-7302
-2407
-1970
-5808
-8467
-8292
-5874
-1349
1316
-839
-3387
-2176
726
3461
5828
5971
4259
4288
6270
7376
7800
8245
7217
5363
4703
4067
2764
2542
2910
1653
-316
-1354
-1694
-1452
-549
3
-285
-766
-828
-202
904
1595
1862
2372
1739
-975
-2565
-480
2049
1757
-157
-2371
-4616
-4796
-2354
-679
-2116
-5218
-7587
-7405
-4718
-2574
-3065
-4639
-5589
-5388
-3208
-351
330
-760
-1012
-55
1639
3863
5051
4405
3787
4242
4972
5599
5741
4659
3060
2125
1702
1465
1267
443
-870
-1681
-1885
-1707
-1074
-622
-818
-836
-237
295
712
1307
1624
1640
1811
1808
1656
2142
2160
347
-1252
-495
705
424
-415
-1420
-2993
-3429
-1687
-160
-713
-2280
-3641
-3937
-2390
-427
-203
-1328
-2415
-2832
-1765
311
1255
617
-133
-624
-764
182
1545
1773
1156
662
154
-288
-31
407
202
-230
-469
-757
-735
-143
147
-176
-145
458
823
848
941
969
958
1310
1679
1322
531
180
481
1070
1447
1097
401
495
1385
1678
944
314
554
1266
1890
1912
1030
-5
65
983
1400
923
174
-496
-917
-960
-1008
-1471
-2061
-2386
-2384
-2222
-2356
-2891
-3071
-2558
-2148
-2160
-1973
-1531
-1398
-1433
-1136
-607
-185
86
165
27
-118
-75
232
647
652
73
-370
-162
246
385
450
577
664
827
1177
1422
1430
1502
1812
2147
2312
2262
2164
2334
2728
2858
2569
2186
1889
1603
1396
1276
1020
611
292
-45
-574
-950
-924
-871
-1138
-1604
-1979
-2009
-1661
-1334
-1384
-1736
-2062
-2109
-1775
-1289
-1068
-1311
-1775
-2087
-2032
-1753
-1502
-1421
-1526
-1734
-1769
-1481
-1002
-498
-109
-12
-131
-61
416
1027
1338
1206
946
1102
1752
2354
2452
2101
1642
1444
1619
1779
1623
1394
1252
1055
786
565
465
555
694
580
241
-2
33
368
781
841
514
241
233
410
637
621
152
-428
-638
-533
-532
-822
-1240
-1553
-1704
-1670
-1466
-1295
-1421
-1661
-1653
-1354
-987
-700
-600
-692
-850
-830
-478
94
432
278
-87
-213
-117
11
105
108
-57
-219
-284
-343
-349
-153
24
8
-35
-11
45
287
675
834
784
878
1089
1302
1571
1721
1539
1193
879
736
908
1134
928
367
-84
-217
-20
384
610
340
-207
-465
-127
456
713
508
106
-239
-338
-41
467
659
238
-446
-804
-711
-491
-441
-647
-1027
-1409
-1637
-1618
-1393
-1246
-1413
-1654
-1605
-1356
-1181
-1077
-976
-887
-696
-358
-21
245
481
596
545
494
574
692
795
862
793
548
280
181
388
804
1032
771
310
179
492
945
1225
1164
857
665
816
1101
1225
1125
905
679
521
452
479
497
335
-17
-331
-408
-328
-361
-625
-958
-1114
-1025
-869
-895
-1055
-1134
-1112
-1095
-999
-769
-541
-433
-385
-301
-242
-264
-252
-126
-19
-28
-59
-57
-63
-80
-84
-97
-68
78
207
97
-167
-218
72
412
555
484
329
286
494
755
665
242
17
285
751
961
716
123
-304
-47
625
826
284
-364
-531
-229
181
257
-117
-508
-531
-363
-298
-304
-282
-212
-81
-6
-106
-229
-125
122
244
113
-37
140
532
580
168
-128
84
485
620
393
-19
-295
-121
383
606
218
-355
-539
-290
57
88
-342
-849
-896
-496
-135
-164
-491
-776
-757
-499
-232
-106
-180
-387
-506
-390
-155
38
140
121
-72
-256
-113
282
500
345
67
-13
181
442
502
357
267
411
659
758
604
368
354
594
739
589
376
344
478
638
653
432
168
104
199
230
99
-157
-403
-487
-436
-423
-520
-636
-728
-798
-803
-747
-711
-672
-618
-653
-765
-764
-614
-417
-252
-195
-270
-288
-101
124
209
153
66
94
262
340
231
197
420
614
552
464
520
494
310
300
587
799
693
475
388
412
426
390
322
238
147
127
184
135
-110
-306
-292
-231
-251
-337
-499
-634
-512
-260
-292
-640
-847
-687
-421
-338
-425
-534
-519
-323
-56
64
-36
-185
-134
106
257
208
122
64
34
194
481
521
298
209
293
265
210
363
584
601
490
428
411
385
397
419
310
102
24
104
90
-111
-285
-313
-330
-384
-357
-331
-506
-739
-661
-337
-252
-515
-713
-664
-558
-395
-78
105
-91
-343
-279
-18
210
386
422
238
36
91
343
481
364
226
284
373
224
-15
12
293
482
402
240
250
434
590
563
391
196
125
273
483
392
-48
-433
-429
-187
-78
-197
-371
-522
-680
-743
-609
-424
-369
-476
-735
-999
-923
-429
37
63
-240
-472
-395
-53
323
486
370
155
136
353
509
437
337
370
412
342
196
37
13
248
505
432
146
73
273
448
451
355
264
288
454
526
278
-73
-80
216
307
-27
-418
-456
-269
-198
-328
-534
-723
-765
-610
-532
-771
-1015
-817
-349
-133
-296
-508
-464
-182
128
290
238
85
64
269
475
458
354
377
427
273
-24
-180
-8
358
583
466
140
-78
23
368
604
479
165
73
312
539
462
213
53
39
102
176
161
-7
-248
-406
-391
-257
-181
-329
-613
-785
-727
-512
-284
-243
-454
-682
-606
-235
137
250
70
-167
-115
245
524
453
204
85
165
295
291
127
-51
-62
98
260
261
120
6
37
155
254
303
280
194
138
175
257
286
228
93
-84
-156
-16
175
133
-176
-496
-584
-444
-240
-155
-272
-480
-562
-448
-235
-86
-100
-263
-367
-219
68
222
183
98
63
104
230
346
284
67
-86
-38
142
287
316
204
26
-60
61
271
353
289
230
256
303
317
281
230
225
288
301
136
-136
-298
-240
-92
-45
-193
-477
-741
-801
-586
-297
-213
-377
-591
-648
-472
-145
113
157
32
-109
-143
38
379
608
504
193
-16
29
236
386
305
10
-256
-245
61
391
412
82
-236
-177
182
455
455
323
233
232
313
438
501
442
296
147
49
37
55
-24
-232
-455
-584
-629
-639
-602
-534
-556
-696
-753
-584
-332
-204
-164
-92
-35
-48
-27
128
318
384
362
374
373
236
45
11
152
283
248
50
-170
-195
33
277
245
-7
-136
38
306
377
256
171
240
379
468
449
315
157
102
147
166
74
-89
-284
-455
-532
-490
-410
-394
-454
-565
-661
-636
-416
-116
66
59
-42
-72
53
275
399
322
177
165
257
258
96
-86
-123
-29
75
80
-15
-113
-111
-32
25
38
88
168
197
172
183
249
336
405
411
317
178
144
220
239
92
-119
-246
-278
-312
-410
-544
-617
-571
-465
-438
-524
-588
-469
-178
63
77
-38
3
281
521
492
283
168
255
400
392
176
-67
-102
75
203
73
-168
-228
-65
78
34
-103
-150
-36
170
320
286
125
55
200
427
509
387
173
31
57
166
129
-109
-344
-397
-363
-392
-462
-512
-572
-610
-552
-456
-400
-330
-184
-67
-42
36
255
458
500
448
383
287
209
275
421
403
181
-13
-33
32
78
94
44
-103
-221
-189
-95
-70
-85
-37
56
123
122
60
20
116
304
370
240
51
-59
-78
-23
33
-36
-218
-368
-426
-454
-459
-395
-299
-281
-365
-454
-427
-239
33
218
209
117
125
295
483
519
391
244
209
286
376
372
273
157
103
79
26
-30
-43
-62
-161
-290
-324
-255
-158
-90
-66
-106
-177
-165
-18
161
226
145
0
-89
-41
128
278
249
25
-227
-322
-220
-35
50
-75
-336
-504
-403
-102
137
150
-8
-143
-114
60
220
272
267
262
226
156
155
276
406
409
293
159
97
118
151
75
-122
-286
-267
-146
-132
-283
-445
-454
-322
-189
-177
-250
-275
-190
-90
-80
-115
-50
139
286
225
10
-107
26
269
349
171
-111
-249
-131
117
233
104
-93
-136
-19
65
41
36
152
284
241
47
-51
141
497
669
470
105
-48
132
398
433
188
-119
-281
-271
-195
-188
-288
-433
-528
-531
-483
-444
-417
-388
-370
-381
-354
-205
1
83
-14
-101
1
234
381
341
197
86
94
204
316
310
179
46
-13
-11
8
40
94
124
83
-16
-58
57
284
441
399
233
135
215
377
432
311
127
45
70
69
-45
-199
-279
-293
-328
-413
-478
-474
-429
-417
-466
-522
-470
-286
-98
-68
-184
-264
-148
123
346
365
191
26
41
221
382
378
225
31
-89
-94
-3
130
210
145
-49
-218
-165
108
385
430
253
64
61
245
451
528
424
226
57
2
51
119
102
-48
-287
-479
-503
-362
-224
-281
-507
-681
-614
-372
-183
-180
-296
-354
-254
-39
151
206
135
60
84
179
250
258
231
191
114
19
-13
51
157
196
115
-17
-64
51
247
334
238
94
88
239
387
403
294
170
106
134
209
226
125
-48
-182
-226
-223
-223
-256
-326
-423
-498
-505
-435
-341
-283
-268
-278
-262
-192
-65
79
168
156
68
6
64
212
309
251
85
-41
-38
62
144
133
38
-47
-29
94
210
218
148
102
141
200
224
239
286
312
227
67
-22
64
218
238
47
-214
-341
-270
-130
-118
-284
-492
-541
-411
-263
-263
-363
-379
-251
-102
-67
-116
-99
39
178
196
82
-36
-13
142
275
239
55
-92
-61
97
200
147
26
-5
107
243
276
209
148
167
246
329
369
333
231
133
129
211
268
210
48
-113
-172
-118
-50
-94
-264
-447
-514
-440
-326
-287
-338
-393
-368
-290
-217
-164
-87
16
61
12
-54
-30
86
180
166
60
-30
-20
66
138
125
61
12
21
67
106
120
122
124
133
148
163
176
198
223
239
238
219
198
180
152
98
40
14
10
-27
-134
-260
-311
-256
-177
-188
-299
-404
-391
-269
-132
-74
-94
-132
-127
-65
22
80
88
70
63
61
49
34
41
65
70
46
26
42
64
49
19
33
101
161
166
129
100
110
140
178
215
216
165
79
13
17
49
55
2
-84
-169
-235
-261
-240
-200
-195
-236
-284
-291
-264
-217
-146
-50
32
29
-47
-112
-77
55
190
223
140
15
-53
-12
95
174
164
93
34
21
43
70
97
126
144
139
121
115
125
138
144
165
208
230
168
36
-67
-35
103
189
90
-153
-334
-297
-102
33
-57
-298
-464
-403
-191
-44
-77
-203
-263
-186
-60
1
-17
-45
-25
27
57
45
18
19
54
84
75
41
22
38
65
71
66
70
77
66
48
51
92
140
156
133
99
88
109
136
137
104
52
10
0
7
5
-29
-81
-116
-120
-113
-119
-136
-157
-155
-127
-71
-22
-28
-96
-150
-112
13
117
92
-43
-151
-118
32
146
117
-17
-118
-85
38
125
103
18
-36
-7
65
113
94
46
11
22
70
131
149
89
1
-34
38
148
185
95
-55
-131
-68
70
139
59
-110
-223
-182
-55
23
-14
-104
-149
-121
-77
-65
-71
-43
14
36
-17
-105
-128
-47
71
106
23
-88
-115
-41
54
84
49
8
3
23
40
47
59
73
64
32
12
37
82
75
1
-53
-5
96
132
50
-82
-129
-31
134
196
64
-147
-216
-62
146
187
40
-115
-136
-46
44
49
-3
-40
-35
-27
-64
-114
-99
-18
26
-21
-103
-116
-49
25
54
46
20
8
28
64
86
79
55
37
38
49
43
21
2
16
8
-47
-94
-70
14
47
-2
-81
-68
24
97
69
-56
-105
1
142
177
65
-72
-88
-35
33
34
-39
-113
-116
-127
-108
-104
-97
-17
-1
-34
-52
-48
-40
25
59
39
34
72
100
67
52
82
113
129
144
92
36
-46
-86
79
148
99
-60
-146
-139
-23
44
52
-16
-102
-205
-51
-8
70
0
-100
-346
-1724
-943
-384
449
1528
1851
1464
1186
294
-465
-1095
-1191
-973
-577
104
685
957
1090
859
374
-47
-2207
-1712
-3293
-2575
-1113
625
2535
3170
3730
2478
1266
-371
-1645
-2067
-1871
-1226
-52
1066
1712
1830
1535
763
-179
-1125
-2011
-2302
-1890
-1180
-103
774
1352
1257
1111
228
-352
-2779
-3295
-2811
-1642
556
2245
3684
4028
3505
1915
278
-1520
-3725
-3220
-2637
-1326
187
1038
1792
1372
1226
294
-158
-440
-27
300
585
716
521
459
306
87
51
-284
-165
-178
-50
102
82
115
-11
-81
-213
-40
-96
528
-482
-1685
-2420
-2813
-1892
-687
1038
2146
2849
2735
1932
997
6
-1050
-1943
-1993
-1691
-1094
358
838
1867
1784
1293
481
-485
-872
-1264
-780
-417
298
1222
1254
1559
389
-619
-1835
-2459
-2496
-2957
-1428
-765
1030
2009
2523
2754
1959
1402
265
-458
-979
-1069
-546
-264
412
850
496
-166
-926
-984
-994
-469
139
574
769
292
171
-55
-61
-141
-61
219
370
298
374
170
-155
-184
-256
75
35
315
332
390
393
303
186
-120
-280
-284
-344
-511
-315
-380
-274
-39
-123
-335
-197
-372
-57
-97
-67
-104
106
89
-18
256
6
195
113
-159
-130
-11
-182
-350
-172
82
297
303
462
310
-103
-109
-47
-1
-74
265
132
-195
-178
75
-194
-11
-221
17
209
-263
-109
-174
98
14
389
-203
-853
-797
-1269
-1018
-642
392
721
1346
1400
724
894
161
275
454
271
700
-129
175
-72
-583
-442
-165
633
590
919
395
102
545
-432
-1140
-81
-774
-304
332
-94
114
-255
135
-78
-149
-598
-370
1045
-118
-268
9
-484
106
-230
-350
-91
-302
121
-864
-136
-34
-773
75
-588
-640
-145
-158
567
443
98
-48
-437
-79
585
436
-783
-552
-705
-413
-224
227
298
735
533
-360
491
106
852
268
-203
1345
121
1226
-62
367
398
-683
96
461
907
792
126
365
804
219
77
458
-97
-1122
1118
-942
-785
788
-1058
215
283
-639
201
228
-393
127
-608
-2
-467
-97
-94
152
-456
-338
34
-588
-910
-824
933
-23
125
104
-387
-53
-121
1021
389
-44
38
-492
-12
-304
94
1037
-500
321
608
320
-734
-1776
691
-863
-562
450
-586
-579
-285
-228
-747
-423
-90
-224
-436
-21
-1023
-714
255
711
78
-210
-338
484
383
-370
206
1141
436
-238
264
106
309
371
742
-213
620
-419
-18
774
-88
946
334
533
522
-1
634
763
946
466
516
19
-198
-317
466
818
812
443
90
48
-643
-90
510
-144
699
-208
-139
699
-722
-151
-545
-659
-1230
-1111
534
-154
-369
784
-585
-665
-355
-35
-527
-665
316
-1075
117
634
324
-560
240
37
-768
-259
337
-423
-1256
885
-137
815
-385
-1323
810
647
-528
-871
-462
-1044
-679
590
480
-904
842
-32
-830
1333
-234
727
440
-527
-4
-228
480
24
93
190
389
-351
91
-382
-1235
-472
427
480
-200
325
-772
-1524
-1456
-784
-646
126
32
431
397
808
80
-861
-50
-238
641
131
88
482
604
-118
766
711
406
1368
953
129
-81
664
286
1010
1126
8
874
1236
622
564
1065
1281
1248
786
672
323
-821
-234
-583
95
150
-572
-101
31
-424
-727
532
-392
-1179
406
-883
-1150
-574
-52
-297
-558
119
-13
-376
179
-424
-1379
-534
-1688
-1089
2
-1384
-310
-286
-56
30
-131
659
1327
1352
1313
1475
1398
2404
1672
1546
1877
1842
1035
863
780
762
491
248
-850
-412
-1404
-1539
-806
-3402
-3005
-3036
-4005
-4277
-4153
-3372
-3928
-3844
-2400
-3691
-3197
-2738
-2608
-1976
-1567
-1994
-656
-428
-1099
1392
-125
71
306
1860
2978
1199
4104
2646
1964
4163
3325
3528
3182
4042
4884
4286
5423
4953
3184
2788
2595
2818
1841
2412
1896
2596
2127
1540
1979
2016
410
196
1481
1103
1726
986
-212
-464
-1104
-318
-1237
-2332
-2129
-1392
-2223
-2554
-2923
-2839
-3837
-3284
-2832
-3709
-2796
-3116
-2037
-3390
-2829
-3510
-3783
-2307
-3018
-1851
-1007
-1555
-106
-518
73
1852
1044
2051
2840
3447
3509
3616
2837
3754
3178
1956
1805
237
-274
-2075
-1673
-2761
-3635
-2875
-3513
-4048
-3975
-3286
-4550
-4669
-4669
-5752
-5115
-4790
-4218
-3513
-2333
-2291
-974
-1067
-497
935
233
1843
3348
2970
3967
4113
3980
4939
4324
3647
3776
2791
2322
3309
2313
2911
2592
2667
3198
3220
4537
3956
4288
4118
3698
3774
3435
3268
3111
3437
2031
2815
2065
2283
2578
2209
2420
2616
2472
2091
3543
1791
750
1073
98
44
660
-180
-1352
-1505
-1455
-2598
-2906
-2984
-3648
-3177
-4202
-3743
-5279
-5872
-5071
-6624
-5162
-7163
-7366
-6703
-6356
-6587
-6808
-6411
-6684
-6107
-5758
-5658
-5303
-5035
-3749
-3364
-2747
-2666
-2389
-2095
-1629
-1476
-1652
718
144
620
1603
1347
1980
1491
2124
1484
2693
2006
2752
3528
3509
5819
4197
4863
6380
6388
7028
7796
8825
8803
7709
7941
8149
6775
5374
5294
3388
3323
2799
1866
2725
2239
1776
1652
2256
2500
3172
5451
5933
6795
6160
5052
3104
1659
-919
-3818
-5645
-7284
-6789
-8539
-8337
-8263
-8038
-6543
-5920
-3865
-3314
-1329
44
2230
3447
3880
4131
3533
1637
21
-2349
-5410
-7727
-7768
-8825
-9012
-7796
-8478
-7323
-7227
-7482
-5079
-3588
-2618
-388
335
1453
677
1463
308
-1029
-3052
-3295
-3091
-4516
-3596
-3827
-2094
-2663
-1452
1038
3079
3985
6748
5627
5326
5922
4595
4028
3999
2720
-38
140
-2011
-3384
-2306
-3409
-4500
-4342
-3111
-2383
-2611
-1296
790
497
1813
3422
3623
5733
6063
6567
7319
8556
7642
6381
6666
7310
7348
6951
5758
6854
5213
5202
5250
4664
3797
2859
1596
1404
816
391
1666
1662
1962
2404
1606
2492
1341
960
-104
-1017
-1848
-2522
-3652
-5578
-5056
-5078
-4738
-4672
-4435
-4628
-5092
-3740
-3412
-4939
-4620
-4144
-4648
-4030
-3323
-4555
-4109
-4544
-4914
-4286
-3520
-2875
-3203
-3051
-2521
-3256
-2334
-2705
-2923
-2996
-3156
-2756
-3685
-2728
-3518
-3254
-2904
-3363
-3127
-4369
-2305
-2694
-1119
-1289
-648
-942
-707
-228
-273
651
710
2183
2521
3291
3673
4046
5267
5337
6105
6851
7486
7016
5848
7263
6651
6521
6593
5377
5858
5549
4734
4892
4766
4981
2683
3404
3437
2816
1782
1877
1690
823
957
1417
1329
254
119
-196
-964
63
-157
-847
-505
-414
-1196
-1584
-666
-2382
-2675
-2203
-2728
-3197
-2936
-3039
-2739
-3157
-3193
-3177
-3341
-3519
-2550
-3160
-2767
-1624
-2436
-187
-974
-781
-195
-81
630
-53
976
1844
1364
405
935
-610
-1335
-2122
-2057
-2114
-3327
-3822
-4496
-5116
-4990
-5500
-5991
-6008
-5745
-6213
-5452
-5136
-4636
-4559
-4057
-2802
-2485
-1358
-774
-134
2002
2594
2527
3414
4200
5377
5642
4915
5034
4252
5592
6299
4628
5083
5801
5197
4748
4624
4877
5652
4315
4340
4186
3331
4454
2864
1179
505
697
216
-602
-443
-943
281
153
376
439
-117
150
-501
76
921
833
1603
1470
530
794
-496
-864
-676
-1096
-353
-781
-1720
-1637
-2602
-2104
-1070
54
-301
-910
-1203
-2070
-2102
-2432
-1829
-1586
-1216
-2261
-2214
-1258
-1161
-1947
-1570
-2263
-2711
-3214
-3775
-2904
-3099
-3367
-4446
-3730
-3601
-3024
-3140
-3127
-2012
-2316
-1801
-1977
-1212
-1138
-1636
-1080
-1616
-1008
-494
-249
111
961
626
1382
445
-185
1118
1648
2587
3833
2624
3482
4298
4478
4905
3207
4078
4043
3546
4754
3901
4386
4208
2988
3604
3826
2860
2189
3008
1979
2503
2210
1150
1802
1583
1620
1994
831
1513
1414
567
-212
-401
-980
-513
-1279
-1718
-624
-1506
-1656
-1856
-1363
-2671
-2496
-2229
-2425
-2079
-2728
-1447
-2900
-2529
-1810
-1458
-1906
-1399
-433
-412
60
-469
-138
380
-170
-218
-659
-1747
-680
-2583
-2553
-2625
-4049
-2542
-2534
-2506
-2189
-2237
-1854
-1751
-2512
-1036
-1160
-689
778
899
1921
1594
1631
3376
2943
2403
2722
2134
1279
1255
712
1334
906
851
706
1035
1062
629
777
-1013
-741
-924
-1842
-659
-1165
-1972
-401
46
-260
174
33
-1430
-199
-541
-527
-272
-593
150
-1054
285
275
-755
321
859
568
381
1144
1246
1850
2092
2316
1561
1712
2350
2329
1428
1520
21
1042
211
194
456
224
1469
437
1350
320
765
1659
797
1203
292
371
47
745
613
37
779
311
378
665
-469
180
134
698
230
-813
-683
-1614
-1742
-2405
-1510
-2009
-2239
-1733
-1610
-2430
-1632
-2475
-2467
-1829
-942
-1816
-1255
-1341
-976
197
231
561
-250
-102
186
525
856
920
1232
867
1401
1546
1688
524
51
99
290
-65
612
1082
172
1137
329
262
58
-680
-1290
-1144
-1340
-1517
-1983
-1723
-1828
-1889
-1272
-1044
-698
-1038
-1557
-1130
-1367
-1926
-2107
-2130
-1562
-963
-1444
-1036
-109
-548
-101
-613
498
1781
1521
2226
1750
1940
2560
3402
3454
2489
3049
2716
2243
1356
1137
1858
2308
2583
2342
2809
2741
2549
2158
2196
2026
1947
2070
3524
3455
3060
1510
154
1357
244
386
485
588
452
-842
-917
-1490
-2088
-2129
-1948
-2435
-3128
-2891
-3997
-3420
-3568
-3209
-2533
-2332
-2337
-2292
-1828
-1485
-1639
-3089
-1942
-2638
-2707
-2295
-3094
-2769
-2868
-2484
-2932
-3277
-2576
-2771
-2868
-1710
-1330
-1415
-399
-30
652
1390
2269
3442
2866
3330
4263
4532
4354
4037
4099
3710
3917
4068
3539
3039
2539
2637
1922
786
1302
736
648
1828
1539
2077
292
-52
341
27
78
-391
1506
1312
45
894
529
812
328
-3
286
-285
-64
-1515
-3652
-4557
-5427
-6180
-5649
-6387
-5950
-4681
-4521
-4478
-2990
-1721
-1125
-1682
-253
1669
2137
2373
1165
1756
1420
3069
3831
3203
4080
2959
1944
2228
2364
1220
681
292
206
648
716
676
921
947
1093
96
1125
1361
689
1091
532
1574
1027
1099
992
638
812
625
524
-158
-298
-678
-830
-1778
-1844
-2087
-3038
-2404
-2728
-2681
-3618
-2815
-2593
-2395
-2265
-857
-1699
-1351
-958
-393
257
230
497
1042
528
635
510
1286
1659
727
1082
1561
1218
827
668
-539
374
-7
459
240
1337
808
1249
1346
1136
1474
1484
1817
1488
1687
1060
575
550
590
-120
-909
-45
-141
-431
-1280
-1215
-1393
-1169
-1566
-1147
-613
-1119
-35
-133
-858
-1615
-1173
-755
-708
-1858
-1655
-1505
-1522
-767
-522
-1233
-246
-876
-485
1405
805
1281
1785
1052
2215
856
1759
1536
1859
1892
1325
2835
3036
3285
1626
2435
2071
707
747
250
4
708
-140
-1421
-1912
-1593
-1655
-1942
-2282
-2675
-2819
-3838
-3133
-3889
-2926
-2412
-2509
-1702
-3080
-1599
-1803
-1542
-1230
-1364
-733
-1025
226
-1235
-821
106
519
1121
1461
2126
1342
2877
2041
1666
3327
2684
2836
3261
2969
3024
2621
3528
2749
1900
1914
1939
2066
1424
1057
989
489
213
474
1094
621
1161
748
530
728
167
427
-99
977
435
199
-65
-596
-318
-873
-1063
-1726
-1393
-1636
-2141
-2043
-1925
-1631
-2347
-2176
-1959
-3359
-2941
-2984
-3568
-2576
-2569
-2322
-3078
-3539
-3551
-2438
-2578
-2423
-2079
-1683
-1078
-1378
-1206
-734
-1035
-481
270
-466
-311
292
899
1908
1340
2266
1898
2204
3024
3136
3495
4069
3565
3419
4342
4085
4285
4194
3962
4514
4872
4818
4577
3139
1820
233
-1430
-2526
-3022
-3128
-3450
-3249
-3186
-2022
-2262
-1857
-1397
-1411
62
492
1389
1561
2456
2890
4056
4094
3203
3654
3926
3250
3008
1252
-231
-1176
-2319
-2642
-5109
-5156
-6186
-6807
-5152
-5261
-5344
-5314
-4991
-4427
-3687
-2670
-2378
-1191
-770
-109
-1199
-891
-838
-2090
-1536
-1817
-1876
-2277
-1876
-1366
-1626
-996
-1708
-2368
-1617
524
1312
1570
1822
2170
2409
3225
3673
4600
5352
6254
6033
6752
7490
6537
7538
7436
5604
3874
2360
1089
-599
-1198
-584
-837
-1526
-2081
-1939
-1809
-2081
-1102
-136
663
2059
2755
3617
3919
4280
3829
3703
3779
4283
3347
2625
3405
2818
2491
1844
-1496
-2750
-4426
-6428
-8220
-10403
-11558
-11497
-11637
-10787
-10317
-9363
-7757
-7207
-5369
-3437
-3012
-1980
-2012
-1387
84
162
529
1972
1815
1992
1091
1293
1609
682
1477
1861
786
1377
1840
1153
2000
1354
2121
2379
2812
2995
2970
3897
2895
3883
2859
3050
4085
4560
4114
2824
3634
3209
3235
2621
2148
2920
2085
2443
1706
967
660
-50
-569
-407
-612
-1985
-2353
-1523
-2143
-2151
-3045
-2678
-2211
-2204
-1984
-1879
-1952
-870
-1476
-1701
-519
-1122
-1129
-575
-441
578
-253
579
1299
468
1082
1081
1823
1706
1091
741
522
-40
-72
161
-548
-1807
-2132
-2616
-2695
-3052
-3043
-3144
-3701
-3827
-3401
-2992
-2858
-2853
-1997
-1846
-1069
-821
-450
-118
885
1664
1691
1707
1068
2566
2635
2127
2432
2367
3127
2488
2187
2214
1658
2159
2151
2293
1656
2101
1952
2151
1699
1391
1588
1310
456
-18
1168
1163
899
1795
1508
1726
513
1065
1223
542
1136
355
254
-951
-1314
-148
-872
-2338
-2238
-2839
-2586
-2836
-2787
-1266
-955
-748
-165
1255
2642
3323
3618
3815
2405
1594
771
-607
-1017
-3039
-4516
-5125
-6662
-7488
-7990
-8521
-10017
-9265
-9391
-9026
-7846
-7867
-7060
-5761
-5745
-5270
-3212
-2964
-964
-12
1198
1872
2699
3632
4825
5334
6843
6349
7638
8237
7990
8773
8345
8583
8028
8003
7612
7808
8045
7774
6783
6264
5812
5152
4847
4205
4118
4331
3305
3157
2943
2128
1283
1304
986
750
-418
-635
-547
-1261
-1399
-1488
-680
-2273
-2763
-2433
-2849
-3857
-4239
-4699
-5833
-6192
-6823
-7268
-7979
-7118
-8077
-7545
-7522
-6907
-6235
-6336
-5405
-6273
-5091
-5590
-5865
-4767
-5343
-4801
-5106
-4638
-3769
-2841
-1788
-1566
-557
1169
1683
1847
3096
3181
3783
4540
5147
6033
6963
7634
6998
8308
9107
9697
10846
10325
10827
11703
11441
11627
10553
9122
7739
5170
4257
2369
305
-991
-2318
-4342
-4235
-5406
-6252
-6338
-7143
-7007
-7844
-7303
-7408
-8036
-7924
-7389
-7844
-6721
-6610
-6915
-5547
-5468
-4047
-3975
-3789
-2780
-2395
-1565
-1637
-603
426
-296
558
237
630
2809
1508
2458
3262
3882
3236
2861
3252
3078
3557
3452
4198
3668
3050
2449
2224
2692
2411
2221
2325
1653
2712
3261
2983
2810
2182
3011
2074
2496
2409
1219
1651
1876
2379
1563
1304
253
735
340
-418
-711
-1037
-357
-552
-689
-1376
-993
-480
-2303
-1425
-991
-1037
-1417
-855
-793
-1202
-1172
-1363
-1508
-1675
-1720
-2125
-2231
-2721
-2484
-3813
-2752
-3016
-3868
-2876
-3574
-3283
-3831
-3957
-3566
-2824
-3008
-2594
-3087
-2585
-2186
-1626
-582
-762
-93
-66
141
-465
-104
885
1608
1797
2255
1733
2496
2306
2201
3136
2144
2539
1742
1246
938
466
1607
1758
1278
2412
2175
2943
3559
2073
2741
4145
4486
4535
3764
4557
3910
3265
2912
2531
2024
643
966
-425
-1043
-1231
-1954
-2173
-3381
-3430
-4304
-4129
-4585
-4451
-4840
-3362
-2729
-3737
-2849
-2231
-2106
-1369
180
-532
52
-550
320
899
695
1500
1458
2026
1086
2357
2296
1667
1816
2075
2069
1263
2249
1359
1530
939
970
464
196
727
-258
27
-211
-767
-111
-494
-152
6
-572
-251
308
97
643
-223
-453
-240
-1106
-1338
-2824
-2374
-2915
-3301
-3498
-2900
-3793
-3839
-3823
-3123
-2470
-2131
-1665
-1925
-494
-97
-80
218
1000
1784
2097
1843
3069
3512
3200
4168
3490
2881
2923
1673
1566
35
-330
-1935
-2489
-2712
-3735
-3814
-4170
-4131
-3855
-3810
-2598
-1988
-1645
-315
427
1009
1566
2666
3345
4231
4679
4726
4831
4851
4658
4661
4372
4307
3459
3095
3243
2913
2761
2846
2928
1721
2568
2106
1816
1905
1854
802
896
659
759
-486
-744
-578
-1035
-462
-1860
-1054
-1340
-1608
-2592
-2934
-3472
-4328
-4126
-5523
-5109
-4759
-5989
-6710
-6310
-5842
-5237
-5575
-5163
-4702
-4466
-3853
-4147
-3203
-1883
-1619
-1626
-2092
-2179
-1191
-1443
-707
-1503
-468
924
259
73
301
2425
2486
3267
4784
5362
5814
7227
7901
8092
8518
8112
7090
7874
6208
5150
4628
4054
2941
2898
1903
317
36
-1357
-2156
-2281
-4022
-3955
-4023
-4403
-3942
-4229
-2953
-2845
-1781
-977
-896
404
781
510
1103
1545
1052
1247
2016
1205
1865
1849
1538
736
753
1847
1109
143
1060
526
-80
-509
-991
-530
-573
-1339
-1269
-628
-821
-1088
-194
-646
-1385
-981
-840
-670
-957
-494
-734
-1115
-1396
-2047
-959
-1593
-1966
-1364
-1660
-898
-716
-235
303
858
540
2161
1832
1310
2490
1668
1630
1175
782
159
-352
-518
-2163
-2988
-2868
-3097
-3409
-3366
-3312
-3893
-4345
-4049
-4179
-4552
-4580
-4153
-4794
-4268
-3356
-2776
-2484
-2138
-1166
-434
244
214
1107
1032
2462
3057
3097
4571
5113
5435
5374
5358
5847
5135
5007
5170
4649
5297
5884
5528
5106
4007
4316
4309
4548
5315
3961
3504
4085
2756
2712
2957
2648
2229
1554
1424
1567
355
-170
-46
-1802
-2621
-2767
-3134
-3399
-4135
-3591
-4192
-4337
-4329
-4741
-4664
-4559
-4347
-4772
-4508
-5209
-4734
-5001
-4741
-4913
-5348
-4156
-3776
-3361
-4014
-2748
-2921
-3192
-1726
-2145
-1832
-460
-301
-705
197
1375
1567
2295
2497
2556
3306
3891
3583
4447
4277
4288
4179
3928
3922
3074
3571
2597
1697
1576
1049
2316
2549
1358
1121
1675
1186
1209
675
696
672
338
-386
-865
-1918
-2585
-2883
-3406
-3412
-4220
-4483
-4221
-4520
-4433
-3871
-4460
-3402
-3814
-2334
-1123
-589
-170
906
1312
2694
3454
3877
4356
5200
4675
4548
5342
5111
5050
4356
5091
4817
3748
3708
2921
3090
3001
1819
1523
67
-549
-689
-203
-1695
-2489
-2606
-4309
-4633
-5093
-5848
-5892
-5408
-5746
-5978
-5876
-5702
-5537
-5665
-4463
-4390
-3504
-2770
-2818
-2093
-1928
-682
-459
126
773
710
2020
2730
3277
3330
3344
4639
4437
3894
4765
5088
5305
5500
5882
5488
4956
5570
5731
4995
4999
4659
3959
4089
3374
2581
2417
1600
1169
401
-127
-746
-1355
-1815
-2739
-2277
-2392
-3317
-3812
-4567
-4414
-4419
-4707
-4845
-6007
-6035
-5748
-5892
-5419
-5934
-5858
-6424
-6486
-5645
-5403
-5296
-4253
-4485
-3642
-2442
-2394
-1331
-1433
-429
189
-208
1158
1985
1630
2948
3136
3799
4531
4016
4736
5004
5029
5017
5780
7075
6617
6727
7551
7570
7336
7272
7828
8109
7431
6526
6842
6691
5713
5878
5725
5679
4415
4759
4309
3655
1996
1284
-105
-1975
-3250
-5069
-7019
-8439
-9303
-9055
-9548
-9239
-8210
-7494
-6078
-6029
-6655
-6314
-6828
-7720
-8007
-8970
-9834
-10605
-11634
-11293
-11832
-12317
-11439
-10863
-9940
-9193
-7779
-6350
-5556
-4895
-3034
-879
-853
1390
3049
4447
6996
8725
10174
11272
12313
13083
13456
13827
14195
13504
13517
13031
12271
10916
10690
10104
8480
8190
7728
5962
5686
5486
4568
3701
3394
2794
2056
1666
2258
2336
1147
1695
1283
861
1100
485
-93
-1012
-1090
-1214
-2921
-3095
-3492
-4898
-5988
-5420
-5835
-6033
-6261
-6975
-6263
-6234
-5621
-6176
-5878
-5402
-5907
-5064
-4344
-4455
-4062
-4360
-3995
-3672
-3875
-3607
-3526
-3306
-3118
-3106
-2177
-1669
-1309
-1940
-1553
-155
-368
-968
-295
434
-570
-296
-337
162
-1085
-707
-1145
-1581
-60
-1136
-1381
-595
-638
-811
-1264
-1496
-2165
-1353
-1354
-1009
-309
-918
-2
-235
-438
403
618
2184
2548
2726
4057
3647
4028
4585
5450
5827
6358
6671
6103
5892
5911
5266
5274
5278
5952
5338
5285
5882
5401
5146
4837
5071
4256
4134
3659
3335
3963
2619
2868
2311
1507
1832
1609
971
573
101
-271
-450
-2198
-2032
-2197
-3142
-3963
-4642
-5774
-5254
-6148
-5875
-5596
-6556
-6589
-7051
-6766
-5914
-5801
-5598
-4863
-4684
-4592
-4713
-4424
-3105
-3183
-2893
-1715
-2465
-861
-285
-708
-73
-287
795
205
603
763
329
846
247
66
-16
-281
-906
-513
-270
-1568
-1399
-964
-843
-249
-882
-919
-1135
-1000
-1268
-625
137
-777
-302
344
640
722
1243
2225
1452
1556
1682
2808
3209
3239
3980
4280
4635
5109
4427
4495
4846
4035
3364
3953
3718
3426
2612
2324
2833
1951
2192
2006
1188
1378
625
616
1325
246
294
249
492
513
-553
-413
-909
-411
-844
-1054
-807
-1779
-1764
-2066
-1692
-2744
-2818
-3318
-3769
-4329
-4716
-4102
-4196
-3856
-3710
-3707
-3378
-3544
-2888
-2979
-3106
-1847
-2459
-2209
-1153
-1098
-313
-78
1158
1070
1635
2165
2447
2725
2959
4160
3936
4506
4310
3732
4002
3521
4355
2859
2072
2170
1010
633
132
440
-171
-315
-633
-364
-44
-1701
-1676
-1553
-2372
-2568
-2563
-2684
-2975
-2541
-2493
-3635
-2364
-2190
-2632
-1818
-1943
-2223
-1889
-1265
-1373
-1315
126
-340
200
1254
748
898
1102
2063
1917
2505
1823
2337
2066
1521
1960
1875
994
1321
1149
720
411
971
667
832
1649
1319
1277
1478
2036
2529
2399
2287
890
1508
2041
887
345
-143
-831
-595
22
-694
-1358
-1809
-1700
-1608
-975
-1060
-338
-94
-210
148
369
70
1000
1363
1247
708
898
1075
693
463
-3
400
838
1100
171
729
-194
-437
30
-1442
-1021
-1054
-2113
-2697
-3426
-3252
-4491
-4697
-4241
-3749
-4556
-5556
-4122
-4310
-3872
-3719
-3132
-3002
-2495
-1604
-1912
-1077
-1216
-1199
613
1249
1105
1577
2195
2127
1957
1980
2601
2635
2563
2861
3541
3670
3390
3577
3363
3742
3918
4728
4254
4312
4861
4700
4819
3488
3780
3591
2957
2511
1778
761
843
108
-886
-856
-980
-1121
-1998
-1128
-972
-1735
-1529
-1482
-2966
-2410
-2148
-2533
-2247
-2344
-2254
-2785
-2279
-1989
-2431
-1747
-949
-1073
-613
-514
-455
-200
389
453
220
956
875
432
963
1340
721
1872
1728
1629
2584
2010
2243
2324
2257
2717
2964
2359
1735
1286
1424
171
-339
-932
-1382
-1291
-1410
-1781
-2194
-2140
-2417
-2499
-2591
-1823
-2490
-3432
-2654
-2466
-3049
-2819
-3009
-2822
-2740
-3159
-2781
-3159
-2990
-2964
-3711
-1920
-2347
-2708
-2767
-2409
-1677
-2283
-2309
-1609
-1510
-1358
-1095
-1507
-1118
-912
-744
424
131
348
634
624
1313
1382
1908
2233
3002
3731
4391
4847
5078
5442
5109
6147
5988
6100
7089
6005
6226
6711
6260
5638
5349
6582
4983
4405
4595
3660
3880
4270
3389
2175
2526
1463
948
775
-131
-375
-1095
-1438
-1600
-1893
-1406
-2117
-1684
-2604
-2700
-3682
-3711
-2732
-4050
-4117
-5199
-6356
-5364
-6174
-6786
-7272
-7083
-7261
-7950
-7711
-8461
-7100
-6885
-5564
-5241
-4661
-3973
-3672
-3170
-2764
-1213
-1756
-1299
-292
421
1540
1001
1777
1866
2118
2759
2688
2914
2910
2743
3122
4077
4420
4708
4992
5321
6048
6137
5214
5990
5473
5429
5377
4148
3603
2495
1889
1199
566
-411
-282
-1134
-1700
-1941
-2294
-2848
-2662
-2408
-2479
-2284
-1843
-2028
-1772
-1542
-1755
-977
-564
-871
-846
-263
-420
-311
144
262
546
669
1014
1404
1573
1967
1492
1161
1623
1324
1202
1494
1184
1318
1287
729
-108
128
-1
216
-168
194
-499
-773
-1105
-1840
-2128
-2662
-2402
-2528
-2322
-1916
-1688
-1755
-1743
-1532
-1007
-1097
-813
-124
63
284
835
436
795
662
933
1013
1078
1825
1420
1720
1751
1523
1188
1166
895
1057
369
-213
238
-537
-380
-1065
-1762
-1769
-1939
-2018
-1767
-1762
-1891
-1415
-1590
-961
-504
-249
-600
30
65
-376
111
199
784
461
734
693
517
289
-61
-228
-1195
-1173
-939
-501
-1132
-1548
-1562
-1762
-1285
-1280
-910
-772
-178
-146
-662
87
-41
-11
975
1567
1610
2009
2508
2872
3084
3101
3376
4122
3514
3770
4056
4372
4098
3547
3287
2793
2870
2034
1715
1389
1134
834
629
-14
-134
59
-778
-1132
-1569
-2503
-3082
-2493
-2908
-3549
-3266
-3279
-4206
-4143
-3963
-4248
-3793
-3276
-3655
-3839
-3740
-3407
-4171
-3930
-3013
-3151
-3233
-2985
-2492
-2837
-2246
-2081
-1515
-772
-428
-35
663
1539
1470
1455
1888
2515
3125
3542
3471
4344
5005
4697
4618
5145
4822
4166
4028
3954
3913
4094
4568
4713
4258
3851
3075
3001
2830
1561
1400
665
410
369
213
-663
-93
-764
-1414
-1260
-1281
-1696
-1999
-2113
-2153
-1939
-1633
-1144
-763
-413
-139
-183
-8
1370
1802
2329
2663
2634
2029
1783
1186
-157
-859
-1204
-1706
-2362
-3487
-4813
-5008
-6173
-7303
-7995
-7979
-9348
-10514
-10809
-11015
-10669
-10991
-9876
-9063
-8639
-6570
-4876
-3375
-2114
-635
585
1036
2922
3950
4974
6107
7555
8110
8890
9867
9161
9700
10785
10589
10569
10398
10872
10571
10676
10379
9669
8465
7650
6603
4708
3615
2440
772
-70
-1299
-2538
-3217
-3728
-4168
-4809
-4822
-5361
-5457
-5854
-5822
-5261
-4997
-4345
-3576
-2754
-2421
-1681
-1465
-1644
-1259
-878
-544
-553
-666
-668
-1266
-1022
-1452
-2115
-1109
-1799
-2031
-2223
-1624
-1843
-2376
-1015
-844
-428
-340
136
388
261
602
593
757
682
710
703
761
877
690
969
646
70
-374
-291
-474
-673
-114
-434
-554
-1091
-995
-767
-1239
-1227
-23
-420
-874
-169
309
-206
122
292
-145
183
234
-227
42
197
153
182
209
264
517
618
539
672
925
848
985
933
753
1360
1381
1381
1183
551
371
908
744
887
585
780
820
765
837
610
610
1028
511
307
1311
1310
1556
2111
1928
1815
1593
2303
2460
1872
1667
2001
1576
1232
1708
1434
1551
1370
867
80
-225
-387
-1985
-2471
-3051
-3924
-4828
-5185
-5253
-5475
-5152
-5002
-4426
-4685
-3527
-2554
-2701
-1940
-1459
-1110
-582
-156
330
376
1245
1726
1432
2050
2297
1921
1938
2639
2301
1853
2033
1736
1899
2607
1948
1791
1280
630
362
290
899
1204
836
715
1055
171
504
956
1104
891
337
541
-1036
-2553
-3917
-5597
-6936
-7516
-8060
-8652
-8276
-8062
-7514
-6687
-4955
-2998
-1535
69
1469
2488
3573
4653
5877
5988
7209
7785
6956
7215
6942
6081
5327
5000
4481
4291
4104
4058
3738
4047
4409
4518
4540
4381
4164
4048
2731
2177
1959
814
-204
-461
-1068
-2553
-3016
-4442
-5555
-6504
-7331
-7529
-7487
-7427
-7397
-7216
-6463
-6076
-5827
-5534
-4741
-4644
-3867
-3171
-3079
-2034
-1929
-951
-1099
-1073
-781
-158
-184
244
722
295
1407
1858
2134
3280
3257
3381
3520
3111
3207
3668
3937
4208
4020
4189
4426
3884
4292
4622
4098
3588
3010
2414
1298
1024
1460
1129
966
1392
670
574
634
637
788
618
348
578
210
-104
435
258
215
741
1549
1623
1337
1358
1179
908
638
13
158
-13
-302
-974
-1650
-2605
-3480
-4298
-5288
-5896
-7563
-7617
-8721
-9104
-8563
-8632
-8034
-6772
-5974
-5193
-3874
-3007
-2133
-796
680
1568
2101
2391
2709
2169
1375
705
857
55
-341
-14
56
364
938
1070
1351
2217
2453
2412
2053
1992
1668
1489
1919
2798
2817
2976
3127
3227
3648
3584
3642
4042
4169
4212
4390
3481
3442
3243
3087
2522
2375
2996
2351
2217
2108
1901
1820
2074
2834
2198
2269
1860
1492
1222
796
575
-369
-300
-1254
-1892
-2323
-3083
-3358
-3570
-3356
-2983
-2780
-3106
-2810
-2678
-2886
-2756
-2565
-2479
-2140
-2399
-2647
-2902
-2853
-3322
-3228
-3312
-3635
-3644
-3837
-3419
-3515
-3645
-2806
-2503
-2628
-2026
-1720
-1933
-1394
-889
-956
-364
-40
46
490
1055
591
290
842
1221
1286
1508
1575
1869
2224
2842
3233
3635
4674
4921
4491
3433
3045
1897
987
310
-157
-468
-538
-5
-127
-51
660
1131
1267
2213
2940
3740
4337
5404
6250
7043
7249
7785
7897
7028
6706
5588
4445
3207
1520
-596
-2577
-5005
-8304
-11493
-14312
-16484
-17562
-18135
-17719
-16650
-15055
-12990
-10919
-8680
-6925
-5209
-3282
-1765
-84
1517
3317
4668
6051
7614
8923
9905
10739
11545
11967
12032
11978
11192
10088
9122
7368
5497
4300
3278
1959
1255
867
383
-20
-255
-216
-187
-399
-772
-1244
-1354
-1404
-1880
-2093
-2108
-2559
-3083
-2450
-2308
-2165
-1562
-944
-942
-893
-501
-249
-44
-351
-164
116
388
577
212
101
-19
-250
-382
-368
-20
92
589
405
797
1005
719
1035
1077
709
660
314
-674
-1053
-973
-1779
-2447
-3423
-4472
-5634
-7109
-8617
-10037
-9902
-9416
-8613
-7813
-7119
-6203
-5248
-3504
-1973
-967
739
2113
3773
5098
6943
8290
8867
9428
9509
9215
8374
7438
6207
4944
3831
2467
1172
-76
-944
-1897
-2891
-3377
-4502
-5003
-5383
-5536
-4931
-4226
-3851
-3284
-2017
-831
100
1202
1923
3166
3820
4354
4903
4916
5186
4660
4150
3970
3513
2544
2160
1603
583
399
10
-347
-649
-338
-334
93
717
1024
1793
1891
1793
2370
2806
2949
2994
2751
2380
2287
2362
1577
1180
1125
1168
1085
927
232
-437
-1221
-1701
-2002
-2570
-2984
-3166
-3350
-3159
-2846
-3023
-3304
-3249
-3023
-3080
-3278
-2932
-3082
-3046
-2618
-2717
-3340
-3111
-2904
-3110
-3084
-2765
-2599
-2609
-2272
-2153
-2399
-1677
-1828
-1782
-1379
-1342
-1263
-1480
-1563
-1672
-1424
-1398
-1125
-503
-762
-982
-861
-713
-889
-505
-340
-481
558
804
1647
2520
3054
3489
3789
3743
3701
4187
3784
3347
3258
3548
3957
3980
4697
5072
5598
6602
6674
5989
5826
5088
3834
2759
1712
1001
603
-8
-1067
-1899
-1572
-2042
-2376
-1920
-2163
-2259
-2209
-1687
-1987
-1841
-1693
-1473
-1274
-1623
-1220
-1262
-749
-306
-328
207
335
415
860
865
673
528
440
263
278
-67
-816
-1298
-1685
-1313
-1638
-2154
-1981
-1609
-1971
-2194
-1775
-2182
-1957
-2132
-2294
-2259
-2622
-2167
-2528
-2586
-2787
-2666
-2872
-2721
-2615
-2687
-2244
-2245
-1370
-759
-192
525
924
1408
2293
2305
2703
2985
3386
3211
3243
3089
2656
2309
2250
2500
1578
1668
1585
1064
598
233
-160
-701
-934
-1220
-1389
-1274
-1481
-1434
-1630
-1322
-1536
-1513
-883
-982
-531
-595
-103
506
640
1345
1503
2136
2271
3030
3774
3392
3961
3697
3522
3241
2992
3268
3743
4456
5051
4708
4106
3815
3868
3895
3397
2880
2373
2095
1235
792
354
-424
-1297
-2154
-2705
-4334
-5286
-5835
-6798
-7198
-7152
-6687
-6473
-5956
-5508
-5028
-4480
-4160
-3647
-3602
-2795
-2767
-3045
-3197
-3048
-3332
-3520
-3524
-3534
-3625
-3938
-3675
-3735
-3710
-3692
-3278
-2446
-1892
-1420
-723
-225
576
1130
1896
2277
2847
3645
4069
4893
4993
5153
5795
6419
6485
7006
7258
7304
7441
7782
7501
6767
6487
6008
4910
4209
3715
2740
2287
1571
1142
272
-88
-347
-567
-470
-637
-366
-417
-534
-593
-1244
-970
-944
-913
-1315
-1663
-1633
-1993
-1835
-1894
-1544
-1074
-954
-768
-277
-166
-58
426
740
829
1864
1774
1459
1106
743
-171
-1183
-1913
-3618
-4502
-5474
-6315
-6958
-7354
-7317
-7330
-7155
-6983
-6905
-6341
-5905
-5186
-4362
-3530
-2830
-2196
-1671
-998
-628
-748
-244
488
409
590
968
1034
1085
1682
1436
1447
1765
2215
2592
2693
3402
3252
3673
4296
4060
4088
3645
3153
2393
2493
2657
2400
2690
2442
2515
2464
2689
2809
2482
2552
2736
2680
2753
3023
2832
2995
3253
2841
2443
2203
2455
2303
2107
2421
2225
2130
1855
1479
1200
947
1091
575
289
-36
-493
-1047
-1435
-2073
-2581
-2604
-3036
-3576
-3976
-4419
-4823
-5044
-5201
-5218
-5074
-5063
-4496
-4507
-4248
-3842
-3939
-3628
-3140
-2687
-2134
-1052
-846
-961
-890
-593
-713
-1135
-1489
-1593
-2406
-2056
-1063
-855
-375
41
526
642
1024
1277
1426
2099
2441
2082
1682
1358
1181
834
1177
1806
2012
2344
2445
2557
3026
3120
3342
2863
2677
2994
2820
2505
2641
2463
2642
2767
2548
2451
2430
2780
2531
2448
2174
1627
1222
700
203
-115
-293
-502
-900
-1256
-1536
-2084
-2119
-2123
-2453
-2854
-3061
-2947
-3162
-3237
-3474
-3460
-3625
-3559
-3773
-4003
-3887
-3990
-3714
-3818
-3525
-2721
-2522
-2259
-1660
-1368
-1343
-922
-405
-100
389
811
988
1155
1305
1442
1889
2488
2728
2993
3530
3833
4033
4082
4053
4162
4500
4115
3742
3782
3757
3746
3503
3483
2834
2123
1782
948
224
-611
-999
-1866
-2685
-2727
-2726
-2885
-2649
-2634
-2583
-2100
-1656
-1530
-1473
-807
-1158
-1191
-997
-716
-861
-894
-874
-1276
-1380
-1342
-1420
-1493
-1466
-1591
-1439
-1136
-1004
-1017
-990
-1068
-473
-206
-175
57
121
146
338
625
522
299
780
1102
1095
1011
1105
1154
1456
1900
2198
1813
1670
1705
1383
1123
902
958
1133
1356
1495
1460
1662
1655
1856
2006
1907
1619
1437
1035
694
402
144
175
-129
-229
-483
-1132
-1487
-1587
-2184
-2679
-3208
-3122
-3476
-3339
-3222
-3183
-3032
-3210
-2893
-2822
-2943
-3065
-2790
-2574
-2422
-1991
-1705
-1252
-607
-380
-67
662
919
1239
1891
2253
2606
2945
3373
3212
3417
3751
4096
4025
3821
3769
3459
3058
2653
2263
2131
1493
844
589
439
156
-183
-338
-810
-926
-912
-982
-1000
-767
-392
-279
125
185
-22
81
210
151
-149
-330
-242
-591
-692
-538
-625
-778
-717
-537
-702
-698
-821
-1086
-1191
-1234
-1328
-1526
-1981
-1898
-1838
-1821
-1475
-1703
-2053
-2331
-2057
-1723
-1584
-936
-338
-98
408
1042
876
1337
1571
1403
1660
1626
1514
1274
1077
1111
1117
700
565
421
282
408
136
-87
-171
-255
-50
-39
-16
309
362
302
604
760
733
753
672
629
352
688
682
392
248
431
286
404
855
766
913
1045
1242
1426
1374
1119
770
524
404
208
46
-167
-716
-1340
-1934
-2903
-3556
-3820
-4127
-4042
-3862
-3452
-3058
-2425
-1595
-1105
-368
296
905
1585
2191
2540
2930
3243
3272
3462
3510
3343
3067
2805
2683
2491
2038
1390
1142
609
120
-536
-824
-952
-1285
-1247
-1571
-1416
-1265
-1440
-1454
-1393
-1580
-1839
-1889
-1924
-2353
-2411
-2484
-2918
-3008
-3017
-3168
-3014
-2896
-2662
-2448
-2103
-1881
-1355
-1053
-760
-150
266
547
864
1283
1594
1988
2371
2509
2917
3331
3493
3648
3654
3754
3451
3489
3425
3177
2993
2613
2689
2592
2428
2501
2141
1989
1819
1526
1292
1154
912
611
504
140
-203
-366
-612
-1003
-1198
-1446
-1571
-1455
-1678
-1832
-1732
-1866
-1992
-1654
-1500
-1633
-1620
-1418
-1371
-1473
-1248
-1286
-1181
-1416
-1621
-1841
-2232
-2375
-2258
-2363
-2636
-2626
-2500
-2697
-2626
-2364
-2479
-2280
-1939
-1734
-1590
-1338
-1013
-780
-442
-80
136
417
745
1196
1357
1570
1684
1795
2067
2270
2347
2359
2607
2542
2593
2775
2758
2515
2478
2462
2379
2275
2206
1918
1728
1646
1474
1288
1114
904
748
755
765
675
340
361
312
169
120
24
-30
-169
-348
-270
-361
-378
-451
-566
-739
-722
-601
-1006
-1095
-831
-962
-1090
-1021
-971
-990
-951
-979
-1098
-1019
-869
-889
-912
-966
-1073
-1040
-1077
-1095
-1136
-1098
-1001
-1070
-1095
-876
-781
-952
-1037
-936
-860
-698
-544
-686
-627
-518
-641
-464
-293
-333
-241
-152
-129
226
577
630
860
1288
1668
2060
2562
2542
2577
2721
2521
2460
2312
1638
1268
1141
859
647
706
750
678
833
1003
1170
1330
1402
1475
1532
1359
1233
993
634
408
253
-256
-684
-898
-1097
-1431
-1512
-1587
-2030
-2500
-2606
-2830
-3124
-3090
-3143
-3459
-3518
-3420
-3523
-3483
-3248
-2910
-2791
-2349
-1955
-1690
-1355
-918
-626
-353
84
291
484
711
1009
1081
1253
1571
1806
1865
1946
2022
2179
2089
2152
2211
2103
2065
2218
2596
2916
3494
3948
4446
4890
5056
5045
4989
4632
3912
3189
2796
2059
1200
628
-183
-958
-1696
-2038
-2685
-3154
-3245
-3519
-3737
-3703
-3641
-3765
-3776
-3445
-3351
-3342
-3120
-3093
-3101
-3134
-2856
-2777
-2709
-2501
-2242
-2135
-1870
-1502
-1409
-1185
-758
-414
-125
312
657
966
1198
1482
1626
1648
1962
2087
2058
2227
2136
2105
2070
2077
2026
1878
1761
1538
1418
1417
1384
1177
1030
926
644
382
328
235
-109
36
63
253
492
605
722
624
831
909
894
943
894
773
505
350
163
40
-135
-178
-384
-659
-770
-1005
-1307
-1571
-1534
-1626
-1705
-1616
-1711
-1823
-1898
-1776
-1419
-1054
-648
-386
-246
-193
-362
-556
-845
-1360
-1848
-2194
-2574
-2918
-3027
-2851
-2731
-2461
-1972
-1464
-1067
-561
62
347
790
1378
1858
2158
2508
2991
3250
3652
3849
3904
4004
3874
3726
3360
2978
2753
2345
1978
1651
1198
876
689
349
-2
-269
-452
-753
-954
-1120
-1219
-1256
-1346
-1275
-1204
-1185
-1207
-1156
-984
-995
-1105
-921
-730
-796
-760
-714
-733
-646
-545
-480
-409
-429
-538
-526
-541
-581
-556
-551
-530
-492
-455
-560
-479
-387
-407
-385
-354
-266
-307
-359
-367
-350
-380
-312
-181
-105
-44
33
46
106
200
183
271
433
425
355
336
344
413
461
422
447
473
449
464
545
572
508
528
542
457
394
392
377
320
322
323
255
166
66
15
5
29
53
87
113
38
-62
-127
-153
-119
-103
-76
-115
-127
-22
-120
-205
-109
-65
-90
-56
-33
-107
-68
-23
-58
-1
32
18
49
-2
-36
26
84
65
29
-8
-61
-53
-26
20
57
-22
-71
-173
-334
-342
-294
-301
-246
-143
-183
-316
-371
-482
-524
-389
-358
-367
-249
-118
-119
-72
-87
-220
-147
8
56
57
66
64
69
180
263
303
328
337
427
481
445
440
460
482
503
550
581
533
465
413
388
402
395
408
378
278
200
179
187
113
52
40
-47
-59
-32
-105
-205
-203
-178
-178
-146
-202
-302
-269
-226
-234
-217
-258
-346
-346
-280
-288
-331
-301
-294
-294
-303
-286
-265
-310
-289
-226
-224
-189
-97
-115
-186
-116
-88
-108
-59
-42
-79
-69
-46
-34
14
33
22
52
52
53
107
108
61
49
77
109
142
152
152
170
196
212
185
116
59
13
-15
-10
4
2
-27
-56
-81
-78
-36
-12
-16
-54
-118
-110
-53
-23
23
96
122
136
171
146
127
180
263
355
420
447
458
465
486
525
549
587
640
672
712
707
630
574
542
473
408
349
230
122
86
54
-3
-63
-131
-216
-277
-300
-336
-395
-445
-469
-479
-498
-531
-580
-647
-688
-690
-683
-687
-709
-744
-778
-804
-800
-765
-733
-712
-689
-666
-658
-653
-639
-622
-601
-538
-447
-374
-310
-235
-197
-171
-93
-13
57
163
246
283
322
363
391
439
514
590
644
666
671
647
607
603
629
667
725
787
788
734
681
615
573
598
645
681
715
728
721
715
698
677
663
650
652
654
636
604
559
492
436
386
320
257
183
61
-90
-249
-434
-615
-764
-906
-1039
-1139
-1222
-1304
-1369
-1415
-1453
-1466
-1446
-1401
-1348
-1277
-1196
-1117
-1013
-885
-767
-660
-558
-461
-349
-218
-77
39
112
152
177
192
220
254
274
289
312
339
365
385
397
395
408
450
508
571
622
651
659
661
672
683
677
651
607
553
510
480
458
434
409
391
389
411
440
442
404
334
246
173
131
117
115
116
117
102
70
34
-15
-70
-116
-147
-168
-179
-180
-183
-191
-198
-205
-214
-221
-228
-238
-248
-243
-229
-218
-217
-234
-274
-317
-346
-358
-347
-334
-336
-364
-424
-490
-540
-564
-557
-530
-507
-500
-510
-524
-522
-498
-456
-409
-365
-327
-295
-272
-250
-228
-210
-182
-145
-98
-49
-5
39
88
136
186
230
267
296
319
342
370
397
424
454
480
507
527
544
553
557
560
554
552
552
554
552
545
534
521
514
516
522
527
526
509
477
437
388
345
306
274
244
210
165
109
51
-7
-55
-85
-109
-134
-161
-201
-248
-299
-345
-385
-417
-443
-463
-482
-502
-518
-535
-561
-593
-625
-643
-639
-611
-567
-518
-483
-473
-480
-498
-507
-491
-450
-382
-310
-244
-203
-193
-200
-216
-217
-201
-161
-110
-55
-10
20
40
51
61
72
91
111
144
188
229
265
284
280
269
258
261
289
338
386
425
439
425
387
344
317
314
331
353
370
375
363
337
308
282
261
251
249
250
248
239
219
190
153
117
89
69
60
60
56
46
26
-6
-42
-69
-86
-86
-76
-62
-50
-46
-61
-91
-121
-152
-169
-173
-167
-161
-162
-170
-191
-214
-237
-251
-257
-252
-240
-221
-203
-190
-180
-183
-191
-200
-203
-196
-178
-152
-123
-98
-82
-70
-64
-58
-50
-43
-41
-42
-44
-46
-43
-35
-24
-13
1
14
25
34
38
43
43
41
42
43
45
52
65
80
92
100
105
104
100
100
107
114
125
135
144
151
163
170
175
179
174
159
139
115
92
71
50
33
22
8
-7
-18
-29
-36
-36
-30
-19
-8
2
6
1
-9
-25
-36
-42
-39
-33
-28
-25
-27
-37
-51
-66
-73
-72
-62
-49
-39
-34
-34
-38
-41
-39
-33
-22
-6
5
10
7
-2
-7
-10
-8
4
14
26
32
30
24
15
8
2
5
10
17
18
11
7
-3
-9
-11
-8
-8
-7
-4
-9
-11
-14
-15
-13
-10
-9
-14
-18
-26
-31
-32
-34
-34
-34
-35
-34
-35
-33
-29
-24
-19
-14
-6
1
6
12
14
16
18
21
22
26
22
18
15
5
2
-4
-1
-1
6
7
7
6
-1
-5
-2
0
8
14
17
18
15
12
7
5
2
0
-2
1
4
5
4
5
0
-6
-12
-17
-16
-14
-9
-3
4
5
2
4
-1
-5
-6
-10
-5
-1
9
18
24
28
31
31
28
25
27
31
40
49
60
65
58
48
35
23
12
6
7
10
16
16
10
1
-13
-29
-39
-46
-42
-36
-29
-22
-26
-32
-44
-60
-75
-85
-83
-81
-76
-67
-60
-58
-60
-64
-63
-63
-57
-48
-35
-21
-11
-4
-5
-4
-7
-11
-9
-2
2
7
10
9
3
-5
-14
-23
-25
-25
-21
-18
-16
-19
-28
-35
-42
-48
-44
-35
-22
-10
-1
2
1
-2
-5
-3
13
31
54
77
94
104
107
107
102
111
127
141
165
183
189
193
188
180
174
171
172
177
188
192
193
189
175
156
139
123
103
92
75
48
25
-9
-48
-87
-126
-166
-203
-238
-274
-305
-333
-364
-392
-414
-438
-458
-470
-481
-483
-479
-470
-460
-443
-427
-406
-381
-355
-323
-287
-247
-202
-155
-110
-62
-11
41
94
146
197
244
286
324
364
397
428
458
484
505
522
532
539
536
528
519
508
493
477
462
446
422
393
359
322
284
244
207
174
140
109
75
36
-3
-46
-86
-126
-165
-198
-226
-254
-276
-302
-325
-342
-359
-371
-383
-390
-392
-393
-388
-385
-382
-377
-366
-353
-338
-320
-302
-279
-260
-245
-228
-212
-193
-172
-153
-132
-112
-91
-72
-54
-39
-23
-8
7
23
41
59
77
91
108
121
131
141
155
165
175
185
194
206
211
218
225
228
230
233
235
236
238
235
231
224
215
206
196
184
168
157
145
131
116
102
87
73
58
41
31
20
6
-4
-16
-24
-36
-48
-55
-63
-71
-79
-85
-91
-95
-104
-108
-113
-118
-120
-125
-127
-126
-127
-126
-126
-124
-124
-122
-122
-120
-119
-115
-109
-108
-104
-99
-95
-87
-85
-80
-74
-70
-66
-63
-58
-53
-47
-44
-41
-35
-29
-23
-16
-11
-3
6
14
24
32
39
49
57
65
73
80
89
93
101
105
106
112
114
115
116
117
115
113
112
111
106
103
101
99
97
93
92
91
86
84
79
74
68
62
57
48
38
26
14
3
-10
-24
-39
-54
-70
-84
-101
-112
-127
-143
-151
-162
-171
-182
-186
-189
-194
-191
-190
-185
-178
-171
-160
-152
-140
-131
-118
-104
-88
-72
-60
-43
-28
-13
-1
13
26
33
44
54
64
71
76
84
88
95
101
103
107
114
115
120
123
126
133
136
135
138
140
140
141
137
137
133
133
128
122
117
108
102
95
87
78
66
56
47
37
28
16
6
-1
-11
-20
-31
-40
-48
-57
-65
-71
-80
-87
-94
-103
-108
-112
-118
-123
-125
-124
-127
-124
-120
-119
-112
-106
-99
-92
-87
-77
-68
-60
-53
-43
-35
-26
-21
-14
-8
-6
-1
1
5
10
13
16
19
22
22
24
24
25
29
30
31
35
34
34
35
37
37
34
36
37
34
35
32
31
29
26
25
19
16
13
6
4
-1
-4
-8
-10
-14
-16
-18
-16
-15
-17
-17
-14
-11
-9
-6
-4
-1
1
5
8
10
12
14
15
15
18
20
19
19
20
20
21
22
18
20
20
22
22
20
20
21
18
19
16
15
14
11
14
12
11
10
8
7
6
6
6
7
5
5
4
3
4
1
1
1
-1
-1
-2
-2
-3
-4
-5
-5
-8
-8
-12
-14
-15
-20
-21
-22
-23
-23
-25
-25
-24
-27
-25
-26
-26
-26
-23
-22
-23
-23
-22
-21
-22
-18
-16
-15
-14
-11
-8
-6
-6
-5
-3
-3
1
1
3
4
7
10
8
11
12
12
12
14
13
14
15
14
13
15
16
18
16
17
18
16
18
16
19
19
19
17
13
14
14
15
12
13
12
10
11
10
9
6
7
4
2
0
0
1
-2
-2
-4
-2
-4
-5
-4
-6
-5
-5
-4
-6
-5
-4
-4
-3
-1
-1
-1
0
-1
2
4
3
4
3
2
3
3
3
2
1
4
1
-1
-1
-3
-1
-2
-2
-4
-5
-3
-4
-3
-3
-3
-3
-4
-2
-1
-2
-1
-1
-2
-2
-1
0
-1
0
3
2
1
1
3
3
3
2
0
3
1
2
2
1
2
0
1
1
0
1
0
-2
-1
-2
-3
0
0
0
1
-1
0
-1
1
2
1
3
1
2
3
5
2
1
5
2
4
4
2
5
3
4
6
3
2
4
3
2
4
1
2
2
2
2
0
0
-1
2
3
1
1
1
1
0
-1
2
1
2
1
1
0
1
2
1
1
1
-1
0
2
0
2
2
1
0
-2
0
-1
0
0
-3
-2
-1
1
1
0
-2
-2
-1
-3
-2
0
-2
0
0
-2
-2
-2
-3
-3
-1
-1
2
1
1
1
1
4
4
0
3
2
3
5
5
3
2
3
0
2
2
3
3
2
1
1
3
3
3
1
-1
1
-1
0
-2
0
0
-2
0
-2
-2
1
2
0
2
0
1
0
-2
1
2
1
0
1
1
-1
-1
0
0
0
0
1
1
1
1
2
1
1
3
4
0
1
1
0
1
-1
-1
0
-2
0
0
0
0
1
0
0
-2
-2
0
0
0
1
2
1
0
0
0
-1
2
0
0
-1
2
1
1
1
1
1
1
0
-1
2
1
-1
1
-2
-1
2
1
1
-1
-1
2
1
2
1
1
1
0
1
0
1
-1
-1
1
0
1
-1
-2
-1
1
1
1
1
4
1
1
3
1
1
-1
1
1
1
0
-2
1
0
1
1
1
1
2
3
1
1
0
1
0
-1
-2
-2
-1
-1
2
0
-1
0
-3
-1
-2
0
0
0
0
0
-1
0
3
1
0
1
-1
-2
1
0
1
0
-2
-1
1
-1
0
1
-2
-1
-1
2
2
1
1
2
1
1
-1
2
1
1
1
1
2
2
1
1
2
4
5
3
2
1
2
1
0
