1
3
2
2
2
3
1
2
1
2
1
2
3
3
2
-1
-1
-2
-5
-1
-1
-2
2
1
1
3
1
1
3
3
1
0
-1
-1
0
-1
2
0
0
1
-1
-2
-2
-3
-3
-2
-2
-1
-2
-2
-2
-4
-2
-1
-3
0
0
-1
1
0
1
0
-1
0
2
0
-1
-2
-1
0
0
-1
1
2
0
1
0
0
3
5
3
1
1
0
1
2
2
3
2
1
4
1
2
2
0
0
-2
-1
0
1
1
-1
0
-1
-1
0
-1
-1
0
0
1
-1
-1
0
0
-1
0
1
-1
1
0
0
1
-1
-1
0
-3
-1
0
-2
0
-2
-1
-2
-2
-2
-1
0
-1
1
1
0
0
1
3
0
0
2
1
1
-1
-1
-2
-2
-2
-2
-1
-1
-2
1
-2
-2
-1
-4
-2
0
-1
-1
1
1
2
3
1
1
3
1
1
1
1
1
2
2
1
-2
1
0
3
-1
0
2
0
3
2
-1
-1
0
-1
1
0
-2
-1
0
-1
0
-1
-1
2
1
2
2
1
-1
-1
-1
-1
-2
0
0
-2
-2
-3
-4
-4
-2
-2
2
2
2
3
1
2
3
0
1
0
-2
-1
2
1
3
1
4
4
2
3
2
1
2
0
0
0
-2
-1
-2
-3
-2
-4
-3
-1
-2
-3
-3
-4
-5
-3
-5
-3
-2
-3
-3
0
-1
-2
-1
-2
-1
3
-1
-2
1
2
0
0
1
3
2
2
1
3
3
2
2
4
2
2
3
3
3
2
3
3
4
2
2
4
5
3
1
3
2
1
1
2
2
1
-1
-2
-1
-1
-3
-2
-1
-2
0
-2
-5
-2
-2
-2
0
-1
-1
-3
-6
-4
-6
-5
-5
-6
-3
-1
-2
-6
-4
-2
-3
-2
-1
-2
1
-1
-1
1
0
1
0
1
2
0
2
4
4
1
2
2
2
3
4
4
3
1
3
6
4
3
5
6
5
7
6
7
6
6
5
4
5
2
1
1
1
-1
-1
2
-3
-1
-1
-2
-2
-5
-5
-5
-6
-8
-6
-5
-8
-6
-8
-9
-8
-9
-8
-10
-8
-7
-8
-9
-7
-5
-4
-4
-1
-1
-2
0
-1
-1
1
2
0
5
5
5
7
6
7
8
8
10
11
10
13
12
10
10
12
10
12
11
9
10
9
7
6
6
5
4
3
1
-2
-2
-4
-6
-5
-5
-5
-6
-8
-10
-12
-14
-14
-11
-12
-11
-13
-13
-14
-13
-14
-14
-12
-10
-8
-9
-10
-12
-10
-8
-7
-6
-1
2
1
2
2
2
4
10
16
18
20
23
35
42
49
56
55
73
90
88
88
85
98
112
103
95
84
74
79
80
77
65
48
39
26
4
-24
-40
-56
-92
-119
-144
-182
-219
-226
-203
-216
-243
-221
-214
-265
-300
-269
-220
-234
-242
-191
-172
-196
-195
-167
-153
-160
-124
-62
-52
-61
-39
-13
5
67
159
205
219
236
260
274
279
319
371
412
460
411
288
328
464
501
501
613
735
702
625
637
679
669
624
554
438
305
235
176
36
-136
-281
-472
-773
-1101
-1242
-1129
-963
-896
-839
-744
-720
-764
-729
-598
-454
-274
-65
-2
-154
-305
-301
-260
-309
-351
-296
-212
-236
-347
-407
-350
-240
-123
-3
136
299
440
486
458
449
487
543
567
534
504
556
581
503
473
597
752
853
933
985
999
1021
1043
983
882
838
815
704
522
402
351
276
147
-56
-403
-823
-1138
-1436
-1839
-1991
-1621
-1229
-1240
-1242
-950
-777
-894
-892
-639
-421
-312
-204
-208
-440
-677
-673
-537
-524
-558
-376
-111
-125
-300
-243
10
217
384
558
654
681
673
536
345
340
501
581
533
492
495
500
472
446
556
820
1015
1051
1097
1189
1209
1206
1232
1185
1074
1037
1000
804
534
341
245
189
140
107
51
-120
-384
-736
-1410
-2223
-2417
-1925
-1632
-1711
-1469
-976
-934
-1255
-1342
-1135
-830
-480
-207
-183
-388
-615
-719
-744
-790
-693
-331
-27
-46
-144
-90
-9
72
282
576
809
965
1029
904
632
428
382
339
282
398
624
667
517
442
538
711
882
1018
1140
1264
1312
1247
1136
1026
953
979
1008
883
714
646
562
326
94
-6
-33
-9
49
13
-188
-535
-1227
-2217
-2805
-2535
-2004
-1823
-1697
-1291
-953
-1060
-1360
-1364
-968
-468
-115
24
-78
-371
-631
-731
-766
-718
-415
15
199
114
28
42
145
391
705
949
1144
1284
1189
849
537
419
376
285
215
295
476
524
402
381
596
859
1026
1106
1147
1197
1235
1139
904
747
761
811
786
663
479
365
310
147
-49
-96
-28
71
193
226
47
-495
-1618
-2872
-3199
-2551
-2041
-2024
-1739
-1053
-719
-1045
-1472
-1379
-759
-93
255
298
85
-285
-578
-743
-895
-830
-336
204
327
154
44
98
261
503
815
1159
1454
1542
1307
833
465
379
359
246
171
230
337
401
371
384
651
1027
1165
1144
1226
1272
1118
919
796
709
669
631
503
383
360
326
229
118
-37
-137
43
316
296
107
36
-378
-1705
-3192
-3510
-2789
-2265
-2150
-1669
-836
-481
-845
-1278
-1206
-672
-33
427
539
248
-251
-647
-889
-1066
-978
-466
123
355
261
120
96
260
559
877
1212
1530
1615
1353
894
456
206
183
229
203
193
278
314
180
150
538
1090
1333
1346
1425
1401
1086
730
577
550
537
532
503
401
232
166
268
288
140
122
332
511
508
365
211
-22
-927
-2599
-3756
-3503
-2781
-2480
-2098
-1214
-443
-432
-946
-1205
-876
-317
172
494
413
-68
-542
-842
-1111
-1242
-950
-307
206
268
149
202
371
549
843
1235
1545
1708
1623
1197
633
259
123
75
29
52
166
248
198
141
364
863
1225
1323
1461
1595
1398
1004
760
642
563
548
506
420
360
290
223
237
274
251
260
366
475
450
289
192
-108
-1429
-3411
-4223
-3432
-2669
-2520
-1915
-717
-68
-417
-1087
-1264
-809
-213
191
404
242
-306
-716
-858
-1142
-1363
-912
-59
368
279
195
345
544
673
869
1271
1693
1795
1512
1040
544
185
68
33
-38
56
330
434
306
306
602
996
1275
1384
1440
1488
1346
994
712
578
444
367
424
421
292
263
376
404
300
210
203
302
433
387
218
181
-201
-1741
-3717
-4370
-3587
-2865
-2597
-1823
-477
263
-183
-1013
-1207
-745
-254
17
193
154
-231
-683
-987
-1256
-1349
-851
40
540
487
432
569
626
626
816
1192
1585
1762
1533
1024
584
273
3
-103
14
190
338
430
427
469
757
1119
1288
1376
1522
1523
1248
872
586
467
447
398
324
342
415
431
394
341
284
247
211
190
287
343
202
67
-272
-1647
-3677
-4564
-3869
-3057
-2716
-1891
-450
429
100
-715
-1067
-846
-520
-255
28
98
-250
-680
-920
-1231
-1488
-1028
16
658
677
739
964
902
619
664
1121
1569
1711
1568
1202
708
262
-57
-206
-136
114
400
566
542
489
730
1164
1343
1304
1404
1492
1212
760
504
418
363
340
356
383
375
289
247
322
366
319
313
314
230
158
128
59
-200
-1220
-3117
-4453
-4126
-3222
-2836
-2208
-787
392
384
-424
-1014
-933
-615
-446
-222
53
-34
-419
-714
-970
-1260
-1118
-319
525
821
807
911
978
789
645
901
1432
1818
1781
1365
882
487
76
-281
-282
69
429
595
555
399
453
855
1162
1145
1181
1389
1349
948
491
180
56
119
211
223
255
348
391
364
284
144
103
237
315
289
339
372
203
-434
-2024
-4006
-4677
-3795
-2910
-2458
-1441
69
769
213
-693
-1012
-759
-456
-243
4
108
-127
-510
-848
-1165
-1271
-760
170
761
769
758
968
975
714
729
1204
1683
1784
1544
1131
667
237
-116
-343
-323
-27
299
429
404
407
603
986
1266
1276
1243
1250
1059
657
338
199
149
174
247
276
248
233
272
332
368
346
244
144
218
388
344
122
-58
-726
-2523
-4409
-4650
-3571
-2748
-2184
-922
571
948
108
-751
-848
-582
-478
-339
13
140
-200
-616
-869
-1125
-1145
-482
443
836
836
987
1133
919
627
741
1222
1629
1658
1371
949
501
125
-139
-325
-316
-2
391
530
454
478
790
1144
1151
959
1030
1196
952
465
223
195
163
175
227
205
200
278
293
257
305
335
255
192
231
281
235
108
-148
-1058
-2878
-4408
-4303
-3237
-2549
-1921
-621
646
806
37
-675
-784
-555
-416
-314
-109
-40
-247
-510
-747
-978
-909
-298
455
824
878
952
1015
889
694
749
1100
1444
1500
1227
780
355
10
-301
-476
-301
168
533
568
490
630
936
1074
974
934
1081
1122
807
392
235
264
236
167
168
188
202
263
293
236
246
398
489
371
271
348
341
73
-186
-521
-1625
-3363
-4277
-3676
-2687
-2190
-1528
-249
747
585
-290
-810
-680
-477
-507
-417
-136
-74
-331
-622
-888
-1049
-761
-37
592
821
877
970
951
709
516
729
1229
1525
1392
1060
719
291
-180
-437
-371
-43
328
461
398
515
830
983
933
916
1019
1128
988
535
234
345
407
202
105
244
392
453
415
321
359
541
647
535
296
146
186
143
-128
-482
-1214
-2669
-3955
-3926
-3046
-2352
-1654
-458
601
667
-67
-701
-824
-732
-621
-340
-22
-28
-300
-603
-967
-1251
-1009
-239
497
821
896
946
867
567
378
643
1161
1490
1467
1215
841
366
-124
-439
-462
-254
70
427
653
658
679
899
1057
985
949
1067
1102
897
576
360
290
174
10
28
186
311
447
571
547
463
478
481
305
96
94
156
5
-197
-477
-1562
-3329
-4192
-3545
-2644
-2191
-1430
-120
706
336
-569
-964
-719
-408
-312
-220
-16
-6
-371
-796
-1032
-1065
-683
111
673
734
794
954
834
567
596
919
1293
1496
1329
893
512
218
-155
-430
-273
165
445
495
525
611
751
925
1003
983
1052
1113
906
560
354
268
189
95
17
54
224
367
418
468
504
501
479
411
243
108
97
23
-175
-270
-571
-1823
-3541
-4120
-3303
-2432
-1991
-1174
83
748
296
-539
-829
-585
-381
-293
-80
45
-186
-520
-755
-1018
-1104
-610
193
646
692
751
871
799
636
704
1008
1308
1441
1300
851
334
-3
-194
-300
-200
131
482
604
442
275
467
915
1164
1151
1209
1323
1125
603
137
-79
-127
-83
33
169
319
474
552
505
428
457
546
526
348
167
109
52
-93
-335
-1024
-2468
-3809
-3817
-2897
-2302
-1892
-842
327
491
-187
-656
-536
-258
-148
-89
14
-38
-367
-756
-1028
-1175
-994
-334
374
661
721
844
897
777
716
895
1212
1451
1414
1051
547
143
-106
-256
-266
-42
288
412
307
277
453
667
841
1042
1221
1289
1154
803
423
190
51
-16
66
179
202
268
385
370
309
389
506
558
580
481
245
78
-25
-208
-417
-890
-2109
-3541
-3910
-3184
-2457
-1920
-963
161
531
25
-578
-618
-269
-77
-58
80
116
-280
-798
-1033
-1111
-1016
-437
380
818
859
860
868
753
629
754
1156
1493
1445
1045
562
165
-124
-298
-311
-113
186
303
212
209
436
732
971
1145
1240
1271
1169
778
262
61
188
265
242
292
342
278
192
173
242
395
551
627
605
401
52
-131
-77
-145
-372
-601
-1322
-2824
-3958
-3674
-2723
-2092
-1450
-422
365
330
-248
-629
-446
-63
108
184
236
-29
-545
-901
-1071
-1111
-680
198
797
786
666
712
654
507
634
1021
1341
1415
1189
712
260
16
-124
-185
-93
63
182
254
236
218
456
898
1176
1207
1188
1123
895
571
319
226
276
342
318
251
206
179
215
320
437
504
531
512
374
123
-67
-114
-171
-279
-391
-913
-2224
-3498
-3565
-2773
-2200
-1766
-877
69
279
-188
-599
-492
-80
198
257
193
-55
-452
-777
-977
-1040
-699
18
541
572
450
440
441
439
574
899
1306
1520
1306
783
343
152
61
-71
-180
-106
125
248
103
-23
254
795
1099
1042
999
1136
1142
804
435
354
439
447
335
186
86
67
114
219
335
423
517
622
550
213
-115
-135
16
2
-134
-197
-652
-2067
-3596
-3755
-2758
-2020
-1656
-838
143
316
-273
-716
-548
-97
228
332
275
17
-409
-776
-956
-977
-741
-160
416
553
367
259
320
465
697
994
1252
1392
1299
897
411
109
-22
-99
-97
-25
35
100
143
131
263
666
1059
1210
1267
1276
1111
870
685
508
391
395
315
85
-59
-45
25
188
394
481
475
483
419
228
73
73
113
16
-159
-447
-1392
-3006
-3938
-3313
-2258
-1843
-1413
-455
166
-126
-618
-584
-174
193
404
448
180
-323
-722
-896
-1059
-1087
-611
111
390
202
110
252
392
575
939
1312
1479
1406
1092
655
335
208
162
117
16
-110
-55
153
204
196
524
1033
1256
1253
1255
1177
1026
914
766
596
483
305
54
-83
-121
-74
182
425
346
204
302
435
391
238
154
218
173
-205
-570
-840
-1753
-3218
-3775
-2964
-1996
-1588
-1262
-734
-374
-456
-684
-514
79
526
576
422
56
-493
-828
-844
-848
-762
-308
196
243
-8
-82
123
454
840
1214
1464
1553
1429
1038
559
259
205
246
169
-68
-179
-17
107
67
213
675
1099
1261
1245
1202
1197
1142
960
765
631
463
230
6
-183
-243
-72
148
230
273
332
327
313
303
202
140
197
115
-154
-410
-1052
-2442
-3563
-3317
-2346
-1796
-1557
-1088
-610
-550
-772
-714
-177
387
592
535
246
-300
-741
-780
-722
-754
-537
-65
139
-82
-266
-105
267
680
1096
1432
1544
1400
1086
715
459
397
410
352
186
7
-57
-17
-23
12
376
922
1181
1136
1138
1203
1149
1012
880
754
616
428
164
-55
-113
-39
95
210
219
197
283
377
338
245
202
181
109
-53
-221
-459
-1259
-2660
-3510
-3011
-2065
-1715
-1612
-1198
-782
-742
-823
-616
-121
345
533
395
6
-407
-557
-496
-551
-686
-490
-44
71
-204
-318
-32
375
737
1071
1311
1372
1278
1069
816
656
618
615
494
188
-114
-159
-40
7
124
516
955
1113
1052
999
1021
1035
962
859
797
703
470
177
-24
-112
-103
20
170
210
190
193
208
265
334
267
130
95
44
-148
-487
-1312
-2642
-3345
-2726
-1818
-1610
-1642
-1338
-970
-915
-1009
-729
-19
479
431
224
16
-323
-498
-385
-357
-409
-259
-64
-99
-265
-344
-162
277
731
1046
1262
1328
1204
1022
866
777
793
763
537
222
-27
-157
-141
-13
207
535
826
890
845
876
915
940
996
973
810
654
492
238
41
17
56
86
93
20
-23
72
195
269
293
177
34
59
48
-147
-394
-1040
-2271
-2988
-2470
-1778
-1743
-1800
-1521
-1221
-1101
-1006
-680
-121
267
302
227
84
-160
-231
-101
-140
-335
-350
-214
-211
-337
-347
-131
215
570
847
1021
1121
1146
1091
1025
990
958
908
744
386
34
-52
15
41
127
375
596
615
552
639
865
1013
1014
971
919
818
637
370
141
55
35
56
153
137
-10
34
205
185
79
70
91
146
123
-126
-486
-1197
-2396
-2929
-2151
-1496
-1784
-1983
-1671
-1428
-1312
-1105
-741
-123
373
367
237
151
-89
-101
187
90
-283
-251
-46
-149
-374
-458
-296
151
593
789
924
1060
1061
1009
1018
1004
981
972
767
348
54
26
48
-4
23
238
468
494
419
536
829
1020
1043
1024
1009
919
699
403
184
104
116
174
174
21
-117
-47
78
78
43
67
124
169
122
-25
-349
-1205
-2342
-2616
-1867
-1441
-1818
-2029
-1747
-1516
-1387
-1091
-665
-203
116
139
57
21
13
167
335
100
-270
-239
-82
-212
-388
-362
-184
137
480
657
773
922
992
1013
1079
1096
1078
1058
845
426
164
160
137
69
113
243
350
360
352
551
887
998
922
920
896
759
634
505
349
292
259
146
88
67
-15
-63
-14
42
93
110
46
0
-12
-78
-355
-1186
-2300
-2521
-1687
-1214
-1677
-2064
-1851
-1522
-1333
-1103
-716
-292
-45
-6
-34
-75
-28
252
441
158
-232
-231
-67
-112
-263
-305
-159
139
396
514
660
856
926
895
941
1059
1145
1107
857
471
221
216
237
167
167
302
395
367
346
457
693
902
974
947
886
794
690
573
417
285
258
237
95
-107
-202
-109
37
46
-47
-38
84
64
-161
-315
-510
-1291
-2241
-2154
-1318
-1199
-1809
-2048
-1805
-1573
-1332
-1003
-697
-408
-187
-107
-55
12
131
407
551
220
-149
-62
103
-22
-173
-161
-61
133
359
492
611
756
839
889
936
956
1000
986
698
320
234
302
234
170
253
313
293
283
321
445
659
823
887
923
884
761
662
569
439
397
437
369
207
66
-45
-32
114
125
-30
-77
-42
-103
-173
-340
-1001
-1936
-2177
-1536
-1118
-1570
-2083
-1946
-1600
-1462
-1280
-929
-650
-463
-290
-208
-156
53
370
497
265
-69
-86
126
124
-78
-132
-34
65
211
374
451
549
710
800
806
845
920
959
863
626
488
521
473
304
266
350
320
204
195
355
549
632
668
738
780
759
722
651
571
564
568
491
366
251
182
144
76
37
64
-2
-116
-105
-135
-306
-452
-920
-1853
-2148
-1399
-1030
-1624
-2058
-1910
-1689
-1472
-1219
-1063
-888
-651
-452
-239
-99
-42
222
508
322
-24
17
201
176
25
-87
-74
70
222
342
436
455
501
696
832
821
878
1010
961
753
658
671
599
434
328
353
427
397
295
333
494
590
628
670
667
682
744
686
532
497
525
464
363
259
147
71
37
37
52
-52
-234
-273
-207
-225
-457
-1121
-1908
-1898
-1194
-1026
-1628
-2047
-1922
-1645
-1415
-1226
-1079
-922
-714
-476
-312
-233
-39
308
431
176
-38
74
305
347
167
-9
22
182
300
363
385
400
515
665
708
759
922
993
865
723
700
737
710
563
404
378
417
371
292
300
406
506
541
516
514
602
688
624
473
451
584
638
436
173
95
142
157
105
-31
-194
-198
-100
-174
-344
-496
-954
-1669
-1814
-1253
-1054
-1604
-2049
-1950
-1675
-1415
-1139
-996
-998
-897
-586
-258
-107
8
251
398
259
130
264
436
392
200
54
56
169
267
292
284
279
334
512
668
702
752
832
765
652
708
779
680
536
453
412
415
374
314
393
506
469
455
559
602
628
691
618
498
555
582
437
299
208
153
203
231
125
0
-119
-195
-113
-75
-247
-573
-1226
-1866
-1546
-781
-1086
-2021
-2136
-1693
-1502
-1363
-1170
-1164
-1130
-839
-486
-266
-164
28
320
338
99
132
417
454
266
150
134
183
270
284
228
186
216
372
543
588
600
689
721
666
716
822
755
545
458
539
593
528
414
339
396
555
611
520
480
552
604
579
537
527
557
573
488
348
271
250
233
209
106
-87
-178
-86
-58
-209
-340
-566
-1206
-1778
-1480
-825
-1027
-1863
-2137
-1743
-1445
-1373
-1274
-1230
-1211
-952
-515
-257
-201
-81
125
179
70
106
352
454
242
64
160
309
338
329
305
220
225
425
605
592
575
670
699
653
706
830
835
694
539
532
692
747
546
382
465
576
576
559
519
475
518
557
493
450
477
454
357
253
212
268
297
197
87
18
-89
-146
-126
-203
-336
-506
-1053
-1686
-1481
-801
-970
-1810
-2105
-1798
-1489
-1233
-1149
-1375
-1414
-966
-500
-348
-329
-213
47
220
124
73
323
531
423
225
150
236
433
492
288
117
204
390
508
516
458
499
622
656
677
787
823
702
598
575
622
696
639
462
423
539
561
492
466
455
470
549
544
419
378
437
412
303
251
284
361
369
195
-30
-80
1
24
-93
-314
-669
-1159
-1377
-1017
-759
-1284
-1970
-1974
-1617
-1420
-1305
-1317
-1502
-1438
-961
-566
-510
-495
-330
-110
48
131
197
300
397
378
287
308
457
506
381
247
207
266
418
518
444
385
508
654
682
711
766
720
627
639
720
746
692
586
508
565
689
675
547
487
525
577
587
511
404
398
431
364
271
266
271
227
145
8
-124
-132
-46
-65
-259
-499
-775
-1141
-1250
-902
-819
-1475
-1999
-1768
-1427
-1392
-1357
-1393
-1562
-1389
-907
-655
-621
-489
-295
-125
22
125
254
385
379
329
392
463
472
484
428
296
265
387
536
575
491
435
517
629
685
731
730
646
606
631
650
661
613
486
474
633
711
625
550
545
563
588
566
498
454
410
364
352
336
290
269
243
135
29
25
49
-34
-190
-269
-348
-737
-1251
-1218
-770
-860
-1539
-1914
-1743
-1491
-1366
-1381
-1564
-1645
-1333
-877
-672
-671
-591
-370
-165
-41
93
232
295
305
319
339
397
502
502
347
225
299
494
591
496
387
444
570
626
640
653
654
644
624
653
736
739
630
586
650
717
753
738
642
575
636
677
588
488
448
423
389
341
289
266
247
223
194
80
-82
-104
-29
-84
-250
-492
-907
-1198
-981
-707
-1091
-1799
-1970
-1613
-1360
-1406
-1551
-1666
-1596
-1234
-841
-761
-841
-694
-350
-143
-76
52
232
331
341
336
392
508
574
526
415
327
365
544
643
531
435
514
602
616
671
721
664
606
668
750
740
672
626
628
674
725
729
683
616
585
614
621
516
419
413
379
287
268
304
272
235
238
141
-46
-73
53
36
-147
-360
-723
-1125
-1050
-691
-926
-1669
-1947
-1662
-1468
-1476
-1514
-1665
-1739
-1415
-995
-896
-916
-754
-509
-325
-163
7
165
258
286
354
480
552
581
596
514
408
460
585
605
537
490
504
549
576
601
662
668
579
569
672
717
696
685
656
645
725
783
719
644
649
662
646
595
506
412
349
313
300
273
210
180
197
175
71
-34
-47
5
-19
-159
-330
-632
-1054
-1075
-673
-764
-1529
-1940
-1665
-1406
-1418
-1489
-1664
-1774
-1464
-1022
-906
-986
-923
-673
-369
-174
-108
31
248
333
308
374
538
645
621
525
468
499
575
641
610
492
464
581
651
613
642
699
630
546
628
749
716
596
568
652
740
772
760
706
646
655
707
693
584
483
429
390
364
357
299
206
183
182
74
-39
-48
-66
-147
-260
-598
-1086
-1122
-686
-693
-1406
-1916
-1731
-1419
-1390
-1492
-1662
-1801
-1584
-1112
-934
-1076
-1046
-740
-452
-298
-168
-18
123
233
311
393
488
563
612
594
498
465
593
705
614
492
533
624
644
657
697
698
669
660
681
724
743
704
651
661
724
779
771
685
608
636
708
685
544
391
335
355
328
231
162
138
128
138
85
-84
-182
-99
-62
-186
-362
-657
-1036
-1060
-702
-724
-1374
-1852
-1701
-1404
-1367
-1466
-1591
-1684
-1558
-1191
-905
-893
-924
-753
-448
-236
-112
59
229
276
285
402
557
623
635
614
544
512
610
719
675
561
549
615
643
636
645
644
598
546
554
616
659
628
567
572
653
719
712
680
668
659
654
660
624
528
437
404
392
345
279
217
192
195
136
-15
-102
-59
-48
-171
-394
-745
-1036
-914
-657
-941
-1607
-1850
-1588
-1400
-1427
-1510
-1647
-1704
-1437
-1052
-939
-996
-912
-700
-508
-333
-149
-5
74
139
241
367
480
572
630
593
516
538
656
714
661
597
575
581
615
682
714
649
562
578
679
709
654
626
652
681
717
762
747
696
691
709
680
630
596
531
423
358
358
336
266
232
246
202
54
-51
-18
31
-49
-310
-708
-979
-847
-621
-890
-1519
-1792
-1580
-1393
-1437
-1544
-1658
-1711
-1505
-1163
-1054
-1112
-1001
-748
-579
-454
-248
-53
49
129
220
302
406
559
635
569
481
506
632
724
690
587
537
578
643
672
644
579
531
554
616
656
667
670
681
716
772
820
834
808
771
731
697
664
629
568
453
345
315
325
297
254
247
198
67
-27
-4
18
-61
-247
-571
-910
-930
-702
-794
-1316
-1700
-1662
-1518
-1469
-1457
-1557
-1736
-1665
-1307
-1071
-1078
-1018
-803
-636
-528
-325
-83
47
99
180
274
372
514
634
607
504
519
663
762
736
658
603
591
639
716
717
611
520
545
615
656
694
724
698
663
718
815
841
796
749
684
606
583
585
532
442
372
317
266
258
289
281
187
58
-42
-71
-37
-43
-258
-671
-949
-827
-619
-838
-1371
-1653
-1531
-1347
-1340
-1460
-1606
-1654
-1486
-1217
-1089
-1096
-1004
-792
-626
-520
-350
-113
59
116
142
220
361
529
619
574
482
502
649
742
703
631
609
590
593
670
706
603
504
547
620
629
654
709
701
674
723
807
829
803
758
698
660
641
597
523
451
381
325
292
278
280
277
201
67
-13
-9
1
-69
-306
-693
-921
-790
-668
-978
-1471
-1648
-1533
-1421
-1406
-1494
-1677
-1720
-1469
-1196
-1135
-1111
-969
-805
-663
-485
-290
-132
16
135
194
255
392
556
656
648
578
584
689
778
761
700
650
627
660
719
704
619
581
613
652
668
675
670
669
703
746
757
745
745
740
698
637
591
551
504
442
364
296
266
275
273
208
92
3
-1
-7
-86
-255
-520
-780
-829
-726
-851
-1260
-1545
-1516
-1432
-1438
-1473
-1565
-1683
-1604
-1322
-1152
-1154
-1076
-881
-725
-608
-419
-207
-65
30
111
195
314
456
563
603
595
590
642
740
783
752
712
689
679
695
716
689
640
636
651
657
688
747
765
750
766
811
818
790
777
758
709
639
586
541
487
440
406
375
332
276
202
119
60
24
-15
-131
-403
-709
-783
-653
-722
-1130
-1504
-1556
-1460
-1453
-1521
-1636
-1761
-1737
-1515
-1328
-1298
-1235
-1025
-844
-765
-637
-380
-135
-14
47
126
231
383
568
656
600
545
615
728
769
761
741
701
674
716
756
722
677
681
688
652
642
695
744
759
759
752
751
792
845
824
735
670
660
655
612
533
448
423
452
432
301
160
117
118
60
-99
-363
-653
-769
-723
-790
-1099
-1398
-1486
-1474
-1491
-1517
-1561
-1642
-1653
-1536
-1422
-1377
-1299
-1131
-971
-869
-756
-572
-351
-157
-29
43
128
281
471
603
620
579
581
668
766
802
775
720
677
684
725
735
712
709
735
736
722
746
789
817
827
828
818
822
868
886
810
703
676
711
715
648
554
498
485
440
335
230
179
155
82
-121
-451
-735
-775
-693
-827
-1206
-1527
-1590
-1522
-1498
-1557
-1681
-1767
-1694
-1513
-1420
-1429
-1357
-1160
-995
-916
-814
-607
-362
-175
-76
-29
57
244
460
573
564
560
636
736
779
780
793
821
822
789
754
750
783
817
803
745
727
792
875
897
883
881
882
876
878
895
870
795
718
662
620
603
606
576
469
347
280
240
189
115
-3
-252
-571
-750
-752
-799
-1047
-1361
-1554
-1611
-1602
-1586
-1626
-1726
-1773
-1681
-1564
-1510
-1437
-1271
-1104
-1021
-947
-784
-553
-327
-154
-50
14
127
312
476
555
590
645
714
770
810
841
864
874
872
849
810
807
836
843
830
827
836
838
861
927
970
946
908
907
903
862
833
833
796
682
593
593
619
569
440
292
172
118
108
7
-285
-620
-763
-731
-794
-1049
-1338
-1507
-1562
-1578
-1599
-1676
-1784
-1815
-1730
-1631
-1592
-1527
-1354
-1165
-1048
-966
-822
-602
-368
-181
-72
-19
61
239
441
546
561
596
690
777
824
863
915
958
958
913
860
850
892
936
922
861
819
837
909
968
978
961
946
940
924
895
873
854
802
704
623
611
608
531
398
274
183
115
42
-114
-393
-658
-758
-781
-927
-1192
-1394
-1471
-1519
-1593
-1659
-1720
-1765
-1744
-1675
-1655
-1653
-1543
-1317
-1141
-1071
-981
-781
-537
-330
-173
-65
16
136
306
434
476
519
624
718
749
758
809
891
961
983
950
893
891
965
1021
982
912
902
937
965
978
981
979
975
967
923
846
804
810
795
710
618
557
511
448
373
292
196
93
-57
-284
-525
-659
-712
-827
-1056
-1291
-1430
-1495
-1520
-1559
-1645
-1748
-1767
-1693
-1650
-1659
-1618
-1465
-1285
-1158
-1042
-899
-731
-542
-338
-156
-43
50
174
307
410
505
613
691
720
737
790
856
901
927
928
908
896
926
973
998
998
1002
1017
1042
1060
1068
1071
1068
1051
1016
967
929
895
838
772
710
641
542
430
325
224
126
14
-139
-338
-528
-656
-764
-908
-1081
-1226
-1332
-1420
-1507
-1584
-1632
-1648
-1630
-1608
-1601
-1588
-1521
-1406
-1282
-1176
-1076
-948
-788
-621
-470
-335
-197
-49
100
214
294
381
491
600
668
711
760
826
889
935
946
945
966
991
995
987
1007
1049
1066
1063
1066
1084
1108
1128
1114
1058
998
964
934
875
801
740
664
563
441
334
241
146
26
-148
-352
-527
-654
-775
-922
-1077
-1203
-1300
-1382
-1469
-1546
-1594
-1596
-1573
-1560
-1564
-1552
-1494
-1387
-1260
-1143
-1043
-934
-795
-636
-486
-358
-243
-128
3
123
218
301
391
496
596
665
711
765
822
880
917
939
957
983
1012
1029
1038
1053
1079
1100
1104
1098
1097
1101
1100
1079
1035
982
929
877
815
745
658
558
453
341
231
116
-19
-169
-324
-475
-617
-760
-906
-1040
-1151
-1247
-1334
-1416
-1484
-1522
-1529
-1519
-1507
-1490
-1448
-1383
-1301
-1213
-1124
-1024
-911
-789
-666
-546
-432
-312
-186
-68
39
139
243
340
430
507
576
647
718
781
830
866
906
950
990
1021
1038
1054
1070
1084
1089
1087
1086
1079
1070
1053
1025
992
961
928
884
823
751
676
599
509
401
281
152
23
-114
-264
-419
-571
-715
-850
-986
-1115
-1230
-1320
-1388
-1449
-1495
-1513
-1509
-1490
-1461
-1424
-1367
-1292
-1207
-1123
-1034
-935
-824
-714
-614
-508
-399
-283
-173
-69
33
137
243
341
429
515
601
685
757
819
875
933
989
1035
1074
1108
1148
1187
1212
1226
1233
1240
1244
1234
1206
1175
1142
1101
1042
968
885
802
710
599
475
345
210
68
-80
-238
-400
-551
-702
-850
-998
-1136
-1251
-1353
-1443
-1519
-1573
-1607
-1621
-1620
-1604
-1567
-1510
-1434
-1348
-1255
-1153
-1040
-922
-801
-683
-564
-444
-325
-212
-104
-1
100
198
294
382
467
551
637
718
797
874
947
1020
1091
1157
1219
1275
1322
1361
1393
1416
1424
1424
1410
1386
1349
1297
1233
1153
1062
962
852
727
593
448
297
136
-26
-188
-354
-520
-678
-836
-983
-1121
-1247
-1359
-1455
-1532
-1594
-1636
-1661
-1666
-1654
-1626
-1583
-1525
-1451
-1364
-1268
-1164
-1058
-939
-818
-699
-579
-455
-331
-211
-98
11
120
226
332
432
526
621
715
809
897
979
1061
1137
1212
1282
1346
1400
1444
1484
1512
1524
1524
1515
1488
1451
1397
1327
1240
1140
1030
906
767
615
460
292
114
-61
-240
-416
-591
-759
-922
-1073
-1210
-1331
-1438
-1530
-1599
-1649
-1682
-1697
-1692
-1672
-1635
-1580
-1511
-1434
-1347
-1249
-1144
-1037
-929
-815
-701
-582
-462
-343
-223
-104
19
134
248
361
470
576
674
770
863
951
1038
1121
1197
1271
1343
1406
1462
1508
1545
1573
1586
1590
1578
1548
1501
1442
1362
1265
1155
1021
873
714
537
351
159
-35
-229
-419
-607
-789
-957
-1112
-1255
-1381
-1488
-1579
-1651
-1701
-1735
-1746
-1737
-1710
-1667
-1605
-1532
-1447
-1353
-1251
-1147
-1037
-925
-811
-692
-578
-460
-342
-225
-109
5
120
232
343
450
561
670
776
883
989
1089
1190
1283
1367
1442
1508
1561
1600
1627
1642
1641
1624
1592
1540
1473
1387
1288
1171
1041
898
739
566
389
204
19
-169
-352
-530
-704
-869
-1024
-1168
-1293
-1399
-1490
-1564
-1617
-1656
-1676
-1680
-1665
-1634
-1588
-1526
-1456
-1376
-1291
-1194
-1094
-986
-871
-753
-636
-517
-396
-274
-154
-33
87
205
321
436
551
663
774
881
987
1089
1184
1276
1360
1436
1503
1555
1594
1621
1632
1628
1605
1562
1503
1426
1333
1218
1091
946
789
626
451
272
92
-88
-268
-437
-603
-756
-899
-1032
-1149
-1253
-1340
-1414
-1470
-1511
-1535
-1542
-1538
-1521
-1489
-1448
-1393
-1331
-1263
-1186
-1103
-1018
-925
-825
-722
-614
-505
-390
-272
-152
-30
89
212
335
455
576
697
815
931
1045
1151
1254
1347
1426
1494
1549
1589
1609
1611
1597
1566
1522
1460
1379
1282
1168
1041
895
739
574
400
222
47
-130
-302
-466
-619
-762
-893
-1010
-1112
-1203
-1276
-1335
-1379
-1408
-1421
-1419
-1406
-1379
-1344
-1300
-1248
-1193
-1129
-1061
-988
-911
-827
-743
-654
-560
-465
-366
-264
-159
-51
60
178
294
412
532
654
774
892
1004
1114
1217
1305
1387
1453
1506
1539
1553
1547
1521
1476
1413
1327
1225
1107
970
825
671
511
347
181
18
-147
-299
-448
-584
-710
-825
-921
-1008
-1079
-1138
-1181
-1211
-1229
-1232
-1226
-1210
-1183
-1149
-1108
-1063
-1010
-956
-898
-835
-773
-706
-631
-560
-484
-405
-319
-232
-141
-42
54
156
260
369
481
589
696
803
902
996
1083
1163
1229
1281
1322
1347
1351
1341
1311
1266
1203
1119
1021
910
785
655
512
366
216
65
-83
-228
-363
-492
-609
-713
-805
-884
-950
-1001
-1039
-1067
-1076
-1080
-1072
-1054
-1032
-999
-966
-924
-880
-830
-778
-720
-662
-599
-532
-465
-392
-312
-230
-148
-57
36
129
227
326
424
521
620
713
799
881
954
1016
1065
1107
1132
1144
1139
1120
1088
1038
975
894
805
703
595
478
357
237
114
-5
-122
-233
-339
-436
-521
-601
-668
-726
-777
-819
-846
-870
-883
-887
-888
-882
-869
-849
-826
-799
-767
-730
-682
-632
-578
-518
-453
-386
-311
-233
-151
-65
23
112
206
300
395
487
577
666
749
827
896
956
1003
1038
1062
1069
1060
1039
1003
947
878
796
697
590
475
354
226
99
-27
-151
-265
-373
-471
-559
-634
-696
-745
-781
-806
-819
-824
-819
-803
-781
-755
-726
-693
-658
-624
-588
-550
-510
-470
-426
-381
-337
-285
-233
-177
-112
-48
21
93
168
244
324
406
491
573
654
726
794
857
905
946
973
984
981
965
936
892
834
757
667
567
458
343
225
103
-20
-144
-263
-372
-476
-569
-652
-724
-783
-832
-866
-891
-903
-905
-897
-877
-850
-818
-774
-730
-681
-627
-569
-508
-447
-383
-321
-257
-190
-121
-52
20
92
165
242
317
395
474
550
629
702
770
833
891
939
978
1004
1017
1019
1006
974
932
872
802
718
619
514
400
284
162
41
-82
-199
-313
-421
-520
-610
-688
-758
-817
-865
-905
-936
-955
-961
-961
-955
-938
-915
-882
-846
-804
-757
-705
-645
-582
-510
-435
-358
-274
-187
-99
-4
91
187
284
379
474
565
652
739
820
895
964
1028
1080
1119
1146
1161
1160
1145
1112
1066
1002
919
826
715
593
463
324
180
36
-104
-242
-376
-499
-614
-716
-805
-876
-936
-978
-1008
-1027
-1033
-1026
-1008
-986
-956
-919
-876
-833
-785
-735
-685
-628
-570
-509
-447
-376
-304
-230
-150
-65
24
120
218
319
421
522
623
723
819
908
991
1062
1122
1170
1201
1217
1214
1196
1158
1104
1033
946
844
728
606
472
335
198
57
-83
-219
-346
-468
-578
-678
-766
-840
-902
-954
-993
-1015
-1028
-1032
-1024
-1005
-977
-946
-909
-864
-816
-765
-709
-650
-589
-523
-453
-381
-301
-220
-137
-49
42
139
237
336
434
534
631
724
811
893
961
1020
1071
1106
1124
1126
1114
1084
1037
977
904
819
723
620
512
399
286
171
55
-57
-165
-271
-366
-456
-538
-613
-682
-742
-791
-832
-864
-887
-903
-910
-907
-896
-882
-857
-825
-786
-742
-686
-625
-561
-493
-420
-344
-265
-182
-97
-10
76
165
252
340
429
513
596
674
744
807
864
911
941
963
969
962
939
899
846
780
708
620
526
426
324
219
112
14
-84
-176
-259
-334
-403
-463
-518
-565
-601
-633
-658
-675
-684
-690
-690
-684
-676
-660
-639
-615
-584
-547
-510
-461
-414
-360
-301
-240
-177
-108
-42
28
101
174
245
315
382
444
504
554
597
636
665
688
700
703
692
674
645
609
562
511
458
394
331
262
189
116
48
-23
-89
-157
-218
-278
-328
-378
-422
-458
-486
-505
-522
-528
-533
-527
-516
-499
-481
-457
-426
-391
-359
-325
-283
-242
-198
-156
-109
-61
-15
37
84
132
182
227
271
312
349
383
410
434
452
460
462
458
442
420
391
357
314
270
223
172
121
66
16
-34
-78
-119
-155
-186
-214
-233
-249
-259
-271
-275
-279
-282
-281
-280
-275
-273
-263
-253
-241
-223
-205
-182
-155
-125
-93
-60
-26
13
49
85
119
154
188
218
246
268
285
299
311
317
315
313
302
290
269
241
212
173
138
97
52
8
-39
-85
-129
-174
-212
-250
-278
-301
-320
-329
-334
-332
-321
-306
-286
-259
-230
-199
-165
-131
-97
-61
-29
-2
30
55
80
105
125
147
162
177
192
209
222
237
250
261
273
282
286
289
292
289
282
268
247
219
187
146
99
48
-5
-61
-117
-170
-220
-271
-314
-349
-376
-396
-408
-415
-412
-402
-383
-363
-340
-312
-283
-250
-218
-184
-150
-114
-81
-46
-9
26
64
103
144
184
226
265
307
343
378
407
433
452
465
474
470
462
449
427
400
365
324
281
232
180
123
63
3
-56
-119
-181
-239
-296
-348
-395
-436
-471
-501
-520
-530
-536
-531
-519
-501
-475
-442
-404
-364
-323
-277
-230
-182
-134
-85
-36
12
59
101
150
195
236
277
319
357
391
425
455
481
507
528
543
552
552
550
538
522
496
458
418
366
305
242
171
92
14
-70
-154
-235
-313
-388
-452
-510
-560
-601
-628
-645
-649
-645
-632
-608
-579
-544
-501
-455
-405
-353
-300
-249
-196
-144
-94
-44
6
57
107
159
207
255
307
350
391
432
470
502
530
553
567
575
575
569
556
535
508
473
434
385
334
275
216
152
83
16
-54
-125
-191
-254
-316
-373
-422
-463
-502
-530
-552
-567
-571
-571
-559
-541
-518
-488
-453
-412
-367
-319
-267
-211
-154
-98
-37
23
79
139
194
242
288
332
371
406
433
455
472
483
489
488
482
468
449
420
387
352
312
268
217
166
111
54
-1
-62
-116
-172
-222
-271
-315
-348
-379
-403
-419
-428
-432
-429
-419
-405
-385
-364
-335
-307
-277
-244
-208
-173
-139
-102
-63
-28
8
47
87
130
170
209
248
287
324
354
381
402
419
428
430
426
414
393
366
334
295
249
200
148
94
39
-16
-70
-119
-167
-211
-247
-283
-309
-329
-345
-356
-362
-361
-357
-351
-339
-323
-305
-286
-263
-234
-206
-173
-140
-106
-68
-31
9
48
90
133
172
208
243
274
299
322
341
352
358
361
357
348
334
318
293
265
233
196
160
117
73
31
-13
-58
-99
-140
-179
-212
-244
-275
-299
-320
-335
-344
-351
-350
-344
-333
-319
-300
-276
-252
-226
-195
-162
-132
-99
-66
-33
1
34
67
98
133
165
194
224
256
283
305
327
346
361
369
373
372
358
341
320
289
253
211
164
116
65
14
-36
-85
-134
-175
-212
-243
-270
-288
-303
-313
-316
-314
-309
-296
-281
-266
-247
-228
-211
-190
-171
-147
-125
-101
-76
-51
-22
8
37
65
94
120
146
170
191
207
222
234
240
243
240
236
228
217
202
186
167
146
123
100
77
53
28
3
-19
-40
-60
-79
-94
-109
-122
-135
-148
-158
-162
-168
-172
-171
-169
-162
-154
-145
-136
-120
-103
-83
-62
-39
-16
7
33
56
79
101
118
137
151
160
166
169
166
161
151
137
123
106
88
64
40
15
-10
-32
-54
-77
-100
-117
-132
-148
-158
-166
-171
-173
-171
-168
-158
-149
-134
-121
-105
-84
-66
-47
-27
-8
11
33
50
69
87
107
125
140
152
165
180
190
198
203
206
207
205
200
190
178
166
147
126
103
78
50
17
-14
-45
-78
-109
-139
-166
-187
-208
-228
-244
-252
-256
-259
-256
-250
-240
-228
-210
-192
-171
-148
-123
-98
-71
-44
-16
11
38
61
83
110
134
153
172
190
204
218
228
236
238
243
243
238
232
221
208
194
176
154
129
101
74
47
17
-11
-40
-68
-96
-123
-147
-167
-190
-209
-226
-235
-237
-243
-243
-238
-232
-222
-206
-190
-172
-151
-127
-101
-79
-53
-29
0
24
46
70
90
111
123
136
150
160
167
172
175
177
174
170
162
148
141
128
112
99
82
62
46
32
17
0
-12
-26
-38
-50
-59
-62
-69
-78
-81
-90
-89
-93
-96
-93
-95
-91
-88
-84
-80
-74
-68
-58
-50
-42
-31
-20
-10
1
12
20
29
39
45
51
58
63
67
67
68
66
64
61
56
52
45
38
31
26
16
8
-2
-7
-15
-26
-29
-36
-41
-46
-46
-49
-47
-49
-48
-46
-44
-40
-38
-33
-28
-22
-21
-16
-12
-6
-1
4
10
15
22
27
29
33
33
37
39
37
40
39
37
35
32
29
29
22
20
16
13
8
5
3
-1
-3
-6
-9
-9
-12
-16
-16
-19
-20
-22
-25
-26
-26
-24
-25
-22
-22
-24
-21
-19
-17
-13
-9
-8
-6
0
4
6
7
11
16
17
19
22
23
25
25
25
23
25
24
22
21
18
15
10
9
6
0
-2
-4
-11
-17
-16
-19
-17
-20
-22
-23
-23
-22
-23
-22
-25
-22
-23
-22
-22
-20
-14
-13
-9
-5
-3
-2
1
3
6
6
8
11
14
18
18
18
21
18
22
22
19
20
19
17
17
15
14
12
12
12
7
6
7
6
4
1
0
-2
-3
-6
-10
-10
-11
-12
-14
-14
-12
-15
-14
-14
-15
-14
-14
-13
-11
-10
-11
-9
-9
-9
-8
-7
-8
-5
-1
-2
-2
1
2
1
3
5
4
7
5
7
7
5
9
9
8
9
9
12
10
8
9
9
9
8
9
9
8
6
7
6
3
2
1
-1
-2
-1
-5
-5
-5
-7
-7
-9
-7
-8
-9
-7
-6
-8
-6
-6
-7
-6
-6
-4
-3
-3
-2
-2
-5
-3
-3
-4
-2
-3
-2
-1
2
2
2
5
4
4
4
6
5
6
4
5
6
6
6
8
6
7
7
6
7
5
6
5
5
1
-1
2
-1
-3
-2
-2
-5
-5
-5
-7
-7
-6
-8
-8
-8
-7
-7
-8
-8
-8
-7
-8
-5
-6
-3
-2
-1
2
1
0
1
2
1
3
3
5
4
4
6
7
8
8
8
8
10
8
7
7
5
4
5
3
3
3
3
3
3
4
3
3
3
0
0
-5
-4
-4
-7
-5
-5
-4
-6
-6
-7
-7
-7
-5
-8
-8
-5
-9
-7
-5
-6
-5
-4
-3
-3
-2
-3
-3
-2
0
-2
2
3
5
6
4
3
6
5
3
5
2
3
3
3
2
6
3
0
5
3
3
1
1
2
2
2
3
2
2
1
1
2
3
0
1
1
0
0
0
0
0
0
-2
-2
-1
-1
-4
-3
-2
-2
1
1
0
-2
-2
-2
-2
-2
-2
-1
-2
-1
0
0
-3
-2
0
-1
0
-2
-5
-5
-5
-4
-2
-2
0
-1
-1
-2
-1
0
-1
-1
-1
-1
1
3
2
3
5
3
2
1
0
2
1
0
1
4
5
2
3
4
4
3
-1
-1
-1
0
1
3
3
3
0
-2
-1
1
-1
-1
-1
-1
-2
0
0
0
-1
-1
1
-2
0
0
0
-1
-2
-1
0
-1
0
0
0
-1
0
0
-2
-2
-4
1
1
0
-1
0
0
1
-1
-1
1
-1
0
1
2
3
3
1
2
1
-1
0
-1
1
0
-1
2
2
0
1
2
0
1
0
-4
-4
-2
-3
-3
-4
-3
-2
-2
-1
0
-3
-1
0
0
-2
1
0
0
2
1
0
1
0
2
0
1
0
1
1
-2
0
2
2
3
2
1
1
0
