-2
-2
-1
1
3
2
2
2
3
2
2
2
3
1
2
0
-1
-1
-4
1
1
-2
0
-1
-2
-1
-1
-2
-1
0
-1
0
1
1
2
2
0
4
4
3
4
3
4
3
3
0
2
2
0
-2
-1
0
1
-1
-1
0
2
0
-1
-2
0
1
0
1
-2
-1
-3
-3
-1
-2
-2
-5
-5
-3
-2
-4
-2
-3
-1
-2
-5
-3
-3
-3
-1
-2
-2
1
2
0
1
1
2
5
2
3
3
4
2
2
2
2
4
3
1
3
1
1
1
1
2
1
0
0
0
-1
0
0
0
0
0
0
0
-2
-2
-3
-1
0
3
-1
-1
0
-1
0
-1
-1
-2
-1
0
0
2
1
3
2
0
3
2
1
-1
2
3
3
0
0
3
2
2
4
1
1
0
0
-2
-3
-6
-4
-5
-5
-4
-4
-4
-4
-1
-2
-2
-3
-1
-5
-4
-1
-3
-2
-4
-3
-1
0
0
-1
0
2
3
1
3
3
2
3
4
4
5
4
3
3
4
3
2
3
4
5
4
3
1
1
4
4
2
0
-1
-1
0
0
0
1
1
0
-2
-1
1
-1
-3
0
0
-3
0
-2
-1
-2
-1
-1
-1
0
-1
-3
1
0
-1
1
0
-5
-3
-3
-2
-3
-2
-4
-5
-4
-4
-2
-3
0
-2
-1
-1
0
0
0
1
1
2
0
0
0
-3
-1
0
3
1
0
0
2
2
0
1
3
6
4
3
2
3
5
6
6
4
4
6
6
5
3
3
4
2
2
-1
-2
-2
-3
-1
-2
-3
-3
-4
-4
-5
-4
-6
-6
-3
-4
-3
-1
-1
1
-1
0
0
-2
-1
-4
-5
-2
-2
-1
1
1
2
3
3
-1
0
0
0
0
-3
-2
0
0
1
2
3
4
4
4
2
3
3
0
2
0
1
-1
-1
-1
-3
-3
-2
1
1
0
0
-1
-1
-3
0
1
-1
-1
-3
-1
-1
2
2
-1
0
0
-1
-1
-1
-2
-1
0
-1
0
3
3
2
0
1
-1
-1
0
3
5
4
3
2
1
2
2
2
2
5
3
-1
0
2
0
3
3
-1
1
3
2
0
-2
-2
-2
-1
-3
-5
-4
-4
-4
-6
-6
-5
-5
-4
-5
-5
-4
-5
-5
-3
-5
-4
-5
-8
-3
-4
-4
-3
-2
-1
1
0
-1
1
1
1
2
0
2
6
6
6
7
8
8
7
7
7
7
6
6
7
6
6
3
6
6
5
5
5
6
6
5
3
2
1
1
-4
-5
-6
-5
-7
-8
-5
-7
-8
-10
-9
-8
-7
-6
-6
-7
-7
-7
-9
-7
-7
-7
-7
-6
-5
-5
-1
0
0
1
0
0
1
1
5
4
2
5
5
6
9
8
10
9
9
9
8
7
10
11
10
6
6
11
10
7
6
3
5
3
2
1
-2
-2
-3
-3
-4
-5
-9
-8
-9
-8
-9
-11
-10
-10
-11
-10
-12
-12
-11
-12
-14
-14
-13
-11
-9
-10
-9
-8
-7
-7
-6
-3
-2
0
3
8
9
12
23
29
30
31
36
48
58
59
63
64
73
87
85
86
84
84
98
98
88
85
77
76
70
55
43
25
13
-3
-22
-41
-59
-76
-103
-124
-140
-156
-171
-195
-218
-225
-238
-237
-248
-264
-257
-255
-245
-236
-240
-227
-207
-191
-167
-151
-127
-97
-69
-35
-5
26
61
97
134
171
219
256
291
330
358
407
450
471
497
510
542
573
569
566
556
541
514
484
444
402
352
294
230
166
96
20
-54
-134
-209
-286
-357
-425
-486
-545
-600
-644
-685
-716
-740
-751
-757
-755
-743
-725
-702
-673
-633
-592
-543
-493
-436
-378
-315
-249
-184
-115
-41
29
102
172
245
317
391
460
530
597
662
725
777
831
875
916
948
970
982
986
981
966
935
895
846
785
712
628
531
428
317
201
82
-45
-174
-300
-428
-552
-670
-783
-881
-973
-1057
-1126
-1187
-1230
-1257
-1271
-1273
-1257
-1230
-1189
-1137
-1076
-1000
-919
-826
-728
-624
-520
-412
-296
-181
-62
53
167
282
391
499
602
701
798
892
977
1056
1126
1191
1250
1299
1340
1370
1389
1396
1388
1367
1331
1281
1214
1131
1031
912
779
630
474
306
128
-55
-238
-419
-600
-776
-940
-1090
-1229
-1349
-1453
-1535
-1597
-1641
-1665
-1666
-1651
-1612
-1557
-1486
-1404
-1310
-1206
-1089
-965
-838
-705
-570
-437
-301
-166
-32
104
236
363
491
617
734
854
969
1079
1184
1282
1371
1452
1526
1592
1642
1676
1699
1705
1694
1670
1621
1552
1466
1359
1237
1090
925
746
555
346
136
-81
-302
-525
-738
-948
-1144
-1322
-1482
-1627
-1749
-1845
-1916
-1962
-1984
-1987
-1970
-1919
-1853
-1772
-1679
-1571
-1448
-1316
-1181
-1041
-897
-747
-596
-447
-298
-151
-2
147
292
440
582
725
864
1000
1128
1252
1377
1489
1587
1683
1769
1835
1901
1948
1968
1976
1979
1953
1899
1838
1749
1628
1505
1354
1181
995
786
568
348
104
-146
-359
-605
-861
-1059
-1244
-1496
-1651
-1759
-1934
-2081
-2065
-2138
-2301
-2178
-2124
-2215
-2134
-1909
-1930
-1872
-1602
-1492
-1454
-1226
-1013
-943
-774
-534
-416
-295
-67
89
202
392
569
677
830
999
1111
1241
1393
1501
1600
1722
1813
1883
1966
2029
2057
2094
2116
2096
2069
2028
1954
1860
1757
1622
1459
1285
1088
866
630
385
128
-133
-393
-657
-918
-1160
-1395
-1613
-1802
-1969
-2111
-2226
-2312
-2374
-2410
-2413
-2388
-2343
-2273
-2182
-2076
-1948
-1813
-1662
-1496
-1317
-1139
-957
-764
-579
-399
-209
-15
164
345
524
694
855
1011
1158
1294
1426
1550
1665
1765
1858
1938
2000
2055
2113
2144
2157
2169
2164
2128
2078
2017
1937
1823
1690
1559
1387
1175
966
737
466
207
-58
-347
-620
-898
-1174
-1422
-1676
-1908
-2073
-2237
-2407
-2500
-2544
-2607
-2656
-2618
-2544
-2500
-2405
-2265
-2137
-1966
-1802
-1669
-1424
-1201
-1088
-863
-617
-413
-177
-93
67
460
564
644
864
959
1403
1514
854
1776
2811
928
979
3609
2300
385
3083
3575
748
1822
3657
1864
1366
2835
2227
1383
2011
1847
1225
1440
1255
666
702
580
-51
-260
-318
-786
-1104
-1232
-1601
-1894
-2016
-2336
-2544
-2523
-2693
-2891
-2841
-2810
-2845
-2852
-2784
-2500
-2359
-2437
-2055
-1640
-1889
-1705
-998
-1015
-1035
-310
-134
-374
106
483
353
680
1128
1080
1193
1534
1570
1624
1893
1983
2017
2215
2301
2275
2381
2446
2382
2404
2459
2411
2386
2365
2241
2122
2010
1842
1689
1543
1344
1127
868
559
276
-25
-351
-599
-860
-1214
-1532
-1806
-2118
-2377
-2546
-2702
-2838
-2952
-3046
-3082
-3092
-3080
-2971
-2837
-2724
-2520
-2298
-2147
-1928
-1652
-1443
-1208
-907
-664
-447
-187
38
217
410
590
778
986
1172
1355
1537
1658
1765
1910
2025
2144
2310
2396
2409
2476
2475
2398
2403
2434
2437
2457
2421
2311
2192
1978
1703
1536
1383
1170
954
701
453
95
-521
-853
-709
-860
-1104
-671
-752
-1951
-2676
-2645
-3018
-3359
-2973
-2852
-3461
-3944
-4036
-4136
-3974
-3221
-2392
-1941
-1650
-1420
-1344
-1159
-657
-94
381
830
1020
765
418
326
385
562
946
1354
1503
1485
1527
1583
1690
2103
2699
3122
3362
3489
3387
3167
3118
3215
3297
3421
3510
3276
2774
2340
2046
1728
1478
1269
631
-611
-1889
-2758
-3386
-3752
-3649
-3498
-3777
-4168
-4395
-4634
-4616
-3864
-2731
-1957
-1611
-1469
-1583
-1792
-1677
-1274
-940
-657
-414
-569
-1092
-1400
-1301
-994
-502
45
332
401
504
591
650
939
1513
2098
2460
2540
2387
2149
2029
2130
2340
2529
2729
2834
2619
2263
2110
2170
2384
2697
2811
2591
2292
1998
1628
1484
1714
1857
1724
1598
1380
832
104
-1012
-2793
-4381
-4792
-4600
-4702
-4812
-4766
-5062
-5460
-5371
-4995
-4296
-2701
-891
-298
-728
-1033
-1082
-1016
-546
23
122
-6
-141
-773
-1632
-1619
-667
296
899
1202
1120
966
1233
1667
1893
2267
2902
3097
2618
2125
1968
1980
2124
2311
2260
2112
2210
2339
2194
2141
2545
3036
3108
2854
2511
2053
1626
1566
1691
1532
1234
1111
981
584
-144
-1651
-3979
-5812
-6045
-5344
-4774
-4438
-4340
-4626
-4924
-4790
-4227
-3045
-1122
522
677
-355
-1342
-1745
-1632
-1123
-600
-468
-660
-1059
-1714
-2142
-1552
-28
1445
2199
2302
2086
1916
2009
2221
2357
2485
2584
2318
1592
918
800
1163
1574
1739
1722
1827
2171
2492
2570
2552
2749
3112
3248
2980
2517
2083
1647
1285
1169
1170
1058
902
846
828
532
-662
-3131
-5763
-6796
-6061
-4925
-4262
-4085
-4340
-4710
-4711
-4290
-3304
-1394
637
1209
89
-1360
-2063
-1888
-1214
-739
-782
-984
-1154
-1548
-1861
-1309
142
1694
2651
2795
2410
2148
2255
2376
2284
2206
2169
1881
1282
679
481
855
1521
1975
2059
2059
2188
2398
2575
2651
2667
2741
2855
2766
2352
1781
1298
1051
1045
1065
883
590
489
771
1152
657
-1638
-4875
-6826
-6638
-5547
-4599
-3818
-3501
-4016
-4689
-4664
-3780
-2062
174
1581
1019
-745
-2027
-2248
-1862
-1302
-780
-540
-705
-1176
-1649
-1571
-530
1134
2522
3081
2962
2538
2119
1862
1762
1745
1810
1857
1576
907
309
324
936
1677
2182
2438
2546
2523
2418
2366
2426
2624
2925
3005
2543
1751
1135
885
864
911
921
884
845
855
1113
1318
-42
-3515
-6768
-7415
-6301
-5201
-4141
-3326
-3673
-4567
-4641
-4009
-2868
-642
1675
1924
173
-1575
-2301
-2224
-1672
-1047
-710
-557
-641
-1117
-1460
-854
698
2324
3274
3381
2989
2496
2046
1629
1289
1172
1332
1452
1061
292
-25
533
1456
2165
2578
2781
2729
2514
2318
2200
2225
2399
2476
2214
1730
1215
775
647
892
1018
838
803
935
899
994
1320
201
-3265
-6853
-8068
-7171
-5743
-4309
-3337
-3364
-3929
-4122
-3686
-2522
-442
1645
2158
735
-1314
-2504
-2433
-1742
-1139
-787
-522
-409
-606
-844
-538
641
2250
3419
3621
3116
2451
1866
1328
894
736
870
1056
962
521
187
553
1561
2483
2840
2837
2751
2594
2314
1995
1778
1827
2103
2252
1977
1347
682
349
580
1053
1179
1074
1254
1527
1466
1106
-122
-3104
-6588
-7933
-6839
-5351
-4314
-3413
-3166
-3801
-4132
-3381
-2042
-353
1345
1730
272
-1567
-2347
-2255
-1884
-1405
-1011
-791
-593
-523
-697
-530
542
2029
3023
3255
2972
2362
1579
922
611
659
925
1158
1092
709
435
753
1594
2387
2735
2727
2593
2379
2106
1864
1742
1797
1981
2102
2017
1713
1197
695
631
978
1153
1131
1310
1530
1427
1270
649
-1880
-5793
-8185
-7676
-6033
-4614
-3332
-2674
-3209
-3842
-3387
-2243
-884
724
1736
983
-907
-2245
-2508
-2251
-1807
-1255
-756
-359
-118
-220
-431
-21
1229
2617
3364
3319
2704
1795
944
493
489
710
912
934
766
597
749
1367
2134
2570
2589
2511
2469
2279
1897
1546
1424
1473
1593
1736
1821
1660
1146
586
541
1032
1458
1519
1358
1142
1064
1171
293
-2863
-6840
-8634
-7662
-5888
-4285
-2793
-2079
-2504
-3033
-2816
-1987
-517
1223
1792
499
-1352
-2395
-2640
-2546
-2120
-1351
-450
222
248
-274
-516
210
1596
2763
3161
2875
2271
1550
817
324
271
520
797
990
1034
936
1018
1543
2185
2483
2574
2754
2737
2201
1514
1209
1268
1426
1696
2034
2059
1581
1036
948
1237
1478
1550
1531
1303
1016
1097
937
-1150
-5184
-8388
-8597
-6757
-4704
-2925
-1683
-1685
-2574
-3063
-2618
-1510
63
1366
1125
-626
-2321
-2984
-2989
-2674
-1852
-711
160
432
108
-452
-431
671
2191
3044
3017
2573
1926
1049
223
-127
95
651
1205
1444
1323
1124
1215
1667
2255
2714
2922
2872
2527
1872
1134
763
939
1345
1612
1767
1867
1667
1156
864
1140
1548
1591
1351
994
672
758
1127
256
-2944
-6909
-8928
-8190
-5929
-3389
-1449
-853
-1492
-2356
-2670
-2282
-1125
381
1039
163
-1432
-2583
-3072
-3103
-2585
-1500
-273
562
681
146
-375
-26
1207
2436
2960
2863
2405
1599
613
-80
-159
273
942
1486
1607
1355
1184
1414
1920
2452
2861
3007
2708
2011
1265
860
962
1362
1700
1878
2000
1978
1597
1096
927
1082
1191
1241
1232
1077
958
1017
231
-2640
-6394
-8434
-7795
-5812
-3640
-1821
-1102
-1593
-2347
-2523
-2235
-1449
-199
564
-56
-1477
-2476
-2795
-2766
-2388
-1524
-466
316
528
222
-114
164
1139
2220
2787
2739
2329
1743
1014
294
-77
144
760
1292
1448
1321
1253
1445
1855
2266
2524
2596
2444
2039
1457
936
719
912
1339
1641
1707
1693
1667
1457
1198
1269
1656
1810
1478
899
378
185
296
-71
-2120
-5442
-8005
-8195
-6393
-3883
-1729
-704
-956
-1822
-2387
-2351
-1677
-566
274
39
-1127
-2282
-2840
-2840
-2408
-1609
-651
153
587
598
399
465
1045
1853
2433
2623
2423
1840
986
188
-209
-47
569
1246
1574
1501
1379
1526
1958
2456
2807
2858
2545
1929
1248
844
902
1285
1608
1690
1670
1696
1630
1340
1081
1174
1503
1561
1118
436
166
661
1232
258
-3008
-6881
-8797
-7842
-5324
-2765
-1154
-891
-1666
-2523
-2748
-2382
-1503
-316
422
-59
-1404
-2536
-2944
-2799
-2211
-1199
-101
583
693
423
164
306
970
1853
2480
2655
2407
1756
794
-67
-301
219
1066
1606
1603
1331
1274
1634
2182
2612
2814
2831
2614
2118
1474
910
605
670
1055
1450
1583
1522
1409
1178
876
874
1306
1671
1536
1003
451
243
470
515
-981
-4247
-7456
-8464
-7029
-4554
-2365
-1259
-1319
-1996
-2466
-2424
-1936
-986
68
436
-305
-1551
-2498
-2866
-2693
-1990
-926
62
628
690
421
232
536
1317
2117
2557
2583
2198
1432
571
82
159
607
1087
1359
1412
1491
1823
2291
2564
2565
2478
2387
2212
1908
1519
1108
794
727
885
1053
1179
1370
1514
1349
963
824
1096
1463
1535
1203
733
549
624
-64
-2512
-6001
-8355
-8177
-6094
-3637
-1906
-1288
-1574
-2094
-2301
-2054
-1375
-331
476
238
-1016
-2346
-2958
-2861
-2257
-1344
-396
255
531
536
403
399
837
1687
2508
2886
2682
1961
952
167
1
411
994
1420
1588
1581
1599
1799
2163
2536
2810
2894
2656
2052
1323
742
415
342
530
847
1051
1120
1177
1213
1117
1062
1232
1439
1357
1006
555
185
127
297
-174
-2331
-5572
-7997
-8145
-6329
-3707
-1534
-683
-1076
-1840
-2141
-1969
-1391
-493
309
286
-667
-1875
-2683
-2859
-2444
-1573
-546
286
743
785
544
362
627
1414
2352
2917
2807
2105
1156
398
132
433
1073
1632
1813
1681
1536
1566
1788
2138
2497
2701
2622
2240
1581
758
87
-55
416
1091
1508
1552
1382
1096
778
656
893
1283
1433
1178
650
175
97
274
-328
-2689
-5994
-8089
-7627
-5364
-2954
-1454
-1186
-1683
-2217
-2242
-1834
-1137
-223
433
152
-1124
-2444
-2981
-2660
-1940
-1132
-359
235
550
540
379
394
896
1847
2745
3052
2620
1784
1001
585
602
896
1267
1522
1585
1512
1482
1621
1919
2304
2643
2724
2373
1687
989
525
285
240
399
705
978
1119
1171
1113
891
661
774
1232
1624
1528
903
55
-440
-266
-42
-1163
-4004
-7005
-8147
-6900
-4459
-2160
-953
-929
-1611
-2188
-2197
-1646
-683
235
437
-428
-1763
-2671
-2749
-2285
-1590
-792
25
648
885
756
587
784
1543
2565
3228
3119
2328
1379
726
531
663
944
1221
1386
1419
1399
1470
1679
2003
2341
2569
2527
2147
1515
827
300
85
232
573
829
873
863
964
1077
982
753
696
932
1223
1167
653
49
-93
101
-427
-2640
-5841
-8020
-7702
-5377
-2777
-1351
-1382
-2120
-2613
-2369
-1550
-507
395
684
-17
-1433
-2678
-2976
-2359
-1408
-611
-73
280
467
498
485
728
1452
2505
3322
3358
2587
1526
784
625
885
1233
1411
1388
1269
1220
1329
1576
1878
2178
2416
2442
2134
1546
962
628
554
550
482
391
389
509
684
793
775
694
748
1022
1324
1308
806
38
-417
-230
120
-582
-3032
-6225
-8111
-7406
-4873
-2320
-1144
-1336
-2042
-2404
-2152
-1426
-475
362
614
-45
-1312
-2388
-2628
-2098
-1292
-607
-38
460
790
805
680
846
1583
2609
3249
3034
2131
1192
706
680
797
870
939
1073
1201
1249
1273
1427
1774
2201
2480
2395
1947
1334
828
552
447
417
444
544
658
714
676
642
711
907
1165
1370
1414
1170
635
51
-139
122
105
-1265
-4060
-6866
-7831
-6399
-3817
-1871
-1433
-1990
-2519
-2400
-1647
-602
374
873
546
-558
-1872
-2648
-2544
-1803
-926
-245
144
288
255
237
497
1214
2226
3039
3167
2530
1546
821
664
890
1106
1080
907
800
873
1066
1328
1677
2121
2507
2581
2228
1596
1024
728
656
601
473
303
170
104
155
421
874
1275
1363
1135
869
802
817
625
211
4
175
118
-1252
-4053
-6844
-7719
-6116
-3449
-1587
-1388
-2144
-2762
-2569
-1673
-483
583
1062
640
-650
-2055
-2738
-2360
-1404
-572
-199
-126
-73
37
194
498
1152
2110
2925
3061
2415
1472
874
838
1096
1234
1155
994
913
934
1048
1324
1780
2268
2517
2384
1954
1492
1205
1081
938
640
271
50
127
429
767
1009
1110
1083
980
934
1058
1291
1279
739
-63
-464
-211
-160
-1529
-4383
-7042
-7576
-5722
-3104
-1618
-1758
-2602
-2977
-2462
-1352
-142
763
969
262
-1086
-2272
-2591
-1993
-1109
-561
-480
-580
-536
-298
133
780
1655
2521
2963
2737
2013
1309
1012
1120
1306
1284
1053
829
813
1003
1301
1611
1896
2135
2272
2214
1899
1426
1028
895
960
955
700
300
28
70
395
834
1194
1311
1137
826
680
825
1015
858
341
-68
-55
-96
-1220
-3656
-6179
-7008
-5635
-3354
-1934
-2088
-3003
-3455
-2833
-1487
-107
776
886
215
-953
-1948
-2217
-1694
-933
-550
-681
-952
-899
-436
236
927
1615
2259
2642
2542
2033
1524
1354
1480
1545
1310
912
686
815
1137
1403
1505
1557
1692
1882
1993
1900
1660
1442
1319
1215
974
572
200
91
291
609
808
800
696
624
683
877
1081
1068
721
288
209
493
368
-1114
-3840
-6303
-6889
-5378
-3252
-2167
-2600
-3606
-3972
-3176
-1615
-40
952
994
156
-1093
-1969
-1994
-1328
-626
-440
-769
-1170
-1202
-754
6
867
1689
2329
2617
2477
2086
1786
1798
1976
1981
1638
1128
806
843
1120
1392
1550
1613
1661
1736
1823
1901
1904
1768
1488
1135
782
461
208
127
301
628
868
835
600
401
447
731
1063
1171
892
378
48
155
273
-606
-2902
-5569
-6795
-5768
-3648
-2345
-2757
-4017
-4633
-3829
-2024
-214
829
844
40
-1055
-1743
-1615
-860
-196
-219
-894
-1591
-1684
-1055
-74
820
1449
1860
2123
2207
2142
2089
2185
2338
2286
1867
1270
879
901
1197
1447
1472
1357
1296
1392
1588
1778
1875
1840
1667
1412
1157
938
752
576
461
468
594
713
676
491
335
437
800
1113
1051
631
305
343
308
-748
-3057
-5446
-6284
-5190
-3535
-2902
-3654
-4720
-4825
-3587
-1660
-46
703
577
-88
-862
-1240
-971
-312
94
-225
-1079
-1793
-1770
-1024
-34
737
1190
1496
1802
2108
2375
2570
2654
2547
2211
1743
1332
1130
1115
1137
1066
940
910
1087
1381
1582
1553
1399
1350
1462
1543
1364
953
583
450
477
443
344
351
530
670
607
492
612
953
1128
890
433
232
261
-194
-1835
-4198
-5796
-5548
-4038
-2917
-3185
-4314
-4918
-4172
-2405
-658
301
358
-125
-707
-1015
-806
-186
335
174
-713
-1688
-1949
-1270
-154
701
1000
1001
1130
1558
2144
2613
2790
2640
2253
1809
1506
1440
1512
1522
1340
1031
793
778
1016
1369
1657
1722
1563
1332
1206
1227
1257
1132
820
488
330
418
634
780
721
539
469
672
1002
1102
773
256
14
19
-460
-2079
-4223
-5414
-4920
-3656
-3120
-3770
-4783
-4937
-3827
-2107
-830
-412
-494
-621
-640
-547
-242
167
303
-149
-987
-1595
-1471
-693
139
489
394
378
846
1647
2335
2606
2513
2297
2147
2105
2074
1970
1781
1535
1244
978
895
1044
1286
1407
1358
1245
1193
1259
1414
1513
1379
1034
676
477
461
560
701
726
552
355
391
677
923
893
603
281
167
141
-352
-1808
-3701
-4768
-4414
-3461
-3161
-3874
-4879
-5100
-4104
-2435
-1127
-690
-791
-858
-650
-250
186
471
373
-143
-808
-1181
-1025
-505
-41
61
-64
-1
532
1359
2045
2323
2257
2096
2054
2183
2349
2333
2034
1556
1126
936
1023
1216
1257
1076
885
920
1121
1265
1271
1218
1154
1052
936
855
804
789
818
827
715
582
620
815
884
628
224
13
153
325
-149
-1692
-3625
-4584
-3999
-2914
-2773
-3815
-4984
-5139
-4049
-2454
-1387
-1203
-1413
-1344
-889
-303
203
498
386
-159
-753
-923
-570
-79
117
-87
-343
-187
497
1316
1825
1953
1953
1977
2085
2302
2508
2506
2232
1793
1363
1176
1313
1526
1480
1137
819
787
969
1123
1152
1094
1013
936
873
808
725
705
828
970
914
713
608
663
698
634
505
293
38
-140
-460
-1522
-3117
-4072
-3676
-2864
-2948
-3968
-4944
-4989
-3991
-2541
-1655
-1689
-1946
-1617
-829
-219
69
204
185
-105
-480
-592
-363
-57
-3
-242
-441
-200
497
1204
1517
1487
1528
1881
2345
2549
2386
2116
1969
1916
1815
1672
1592
1518
1314
1011
832
928
1157
1279
1185
992
894
956
1032
918
692
683
1022
1302
1075
563
391
684
945
856
550
235
28
-36
-287
-1307
-2783
-3536
-3142
-2660
-3093
-4126
-4885
-4871
-4044
-2855
-2124
-2181
-2344
-1912
-1066
-359
20
120
-47
-313
-376
-160
83
82
-175
-471
-458
23
687
1067
1064
1027
1269
1760
2236
2416
2244
1986
1937
2065
2097
1931
1689
1455
1233
1098
1119
1194
1196
1104
988
882
847
941
1047
968
742
688
936
1189
1109
812
642
740
976
1106
954
549
155
-128
-697
-1763
-2747
-2954
-2695
-2904
-3859
-4907
-5175
-4424
-3268
-2626
-2760
-2960
-2463
-1399
-456
-72
-93
-159
-96
52
181
249
206
0
-310
-466
-235
275
679
710
562
683
1240
1917
2243
2126
1915
1983
2290
2473
2297
1917
1652
1599
1583
1407
1129
962
975
1017
936
785
711
747
785
723
632
662
843
969
854
638
645
938
1161
981
515
174
162
192
-254
-1383
-2577
-3039
-2752
-2610
-3354
-4529
-5130
-4611
-3527
-2804
-2868
-3188
-2924
-1912
-774
-195
-180
-297
-209
46
297
424
389
188
-85
-227
-60
350
697
727
570
636
1126
1774
2106
1988
1769
1858
2239
2496
2342
1959
1729
1788
1877
1732
1406
1186
1199
1273
1184
938
752
736
767
713
641
695
833
869
745
688
893
1189
1201
830
456
436
573
227
-869
-2113
-2646
-2391
-2258
-3029
-4357
-5154
-4807
-3828
-3206
-3325
-3648
-3394
-2477
-1461
-871
-688
-599
-425
-186
60
282
419
354
81
-166
-86
314
660
651
418
400
821
1428
1766
1719
1596
1753
2157
2444
2382
2100
1921
1981
2100
2031
1751
1472
1358
1366
1335
1189
989
838
770
727
676
628
612
613
591
592
700
890
983
842
572
419
489
507
79
-893
-1904
-2328
-2171
-2208
-3030
-4239
-4898
-4538
-3682
-3207
-3451
-3820
-3528
-2513
-1453
-930
-868
-821
-507
-45
314
459
455
384
277
219
307
516
652
580
426
487
860
1303
1482
1385
1342
1613
2069
2322
2198
1942
1906
2139
2328
2183
1789
1497
1472
1555
1484
1198
889
734
727
711
614
508
464
475
511
602
761
895
846
640
505
614
771
539
-271
-1269
-1797
-1718
-1665
-2318
-3547
-4463
-4451
-3785
-3346
-3580
-4066
-4029
-3230
-2208
-1587
-1467
-1413
-1082
-505
19
282
303
241
242
345
519
649
635
489
404
552
875
1138
1181
1100
1149
1453
1853
2084
2058
1950
1983
2186
2387
2402
2217
1974
1851
1863
1873
1719
1386
1059
920
955
947
733
421
266
375
599
706
628
482
429
505
628
657
442
-77
-797
-1361
-1550
-1597
-2034
-2996
-3956
-4309
-3964
-3513
-3560
-4045
-4269
-3728
-2752
-2034
-1845
-1851
-1582
-961
-313
11
34
56
221
455
616
678
695
707
749
834
961
1094
1174
1193
1232
1391
1643
1839
1889
1865
1926
2110
2285
2293
2145
1999
1977
2022
1955
1700
1386
1190
1148
1118
965
704
469
398
482
580
580
502
452
465
504
521
491
370
125
-279
-806
-1270
-1519
-1701
-2153
-2904
-3568
-3824
-3678
-3466
-3533
-3831
-3911
-3462
-2779
-2283
-2093
-1952
-1612
-1059
-536
-273
-192
-43
240
520
662
697
719
788
901
1009
1088
1137
1179
1219
1291
1438
1635
1778
1817
1831
1921
2084
2216
2210
2096
2012
2022
2041
1921
1671
1452
1365
1353
1265
1039
775
647
669
702
660
590
561
531
461
387
361
373
277
-80
-714
-1230
-1389
-1421
-1841
-2637
-3367
-3675
-3582
-3430
-3588
-3988
-4066
-3620
-3069
-2756
-2554
-2287
-1913
-1416
-939
-671
-480
-152
184
352
495
706
849
900
980
1086
1163
1264
1338
1286
1251
1409
1644
1737
1720
1717
1777
1936
2139
2211
2109
2014
2052
2133
2112
1945
1713
1558
1525
1503
1339
1028
763
717
801
783
607
446
402
415
393
292
147
28
-103
-498
-1088
-1470
-1508
-1642
-2191
-2956
-3510
-3572
-3288
-3200
-3632
-4085
-3926
-3270
-2732
-2580
-2616
-2452
-1884
-1156
-750
-695
-576
-189
258
537
645
695
807
996
1129
1133
1137
1230
1333
1366
1394
1483
1617
1741
1819
1867
1968
2145
2273
2245
2152
2127
2197
2238
2124
1868
1618
1529
1544
1471
1232
950
786
770
790
735
598
477
395
317
203
117
40
-132
-524
-1029
-1381
-1495
-1615
-2069
-2766
-3316
-3414
-3230
-3231
-3609
-4011
-3928
-3388
-2872
-2734
-2809
-2637
-2048
-1327
-913
-840
-740
-351
184
536
606
594
716
964
1157
1171
1122
1173
1317
1421
1435
1453
1558
1721
1840
1891
1936
2049
2187
2231
2173
2135
2177
2197
2086
1885
1717
1657
1621
1483
1242
1033
968
954
851
695
624
623
540
346
155
102
133
10
-496
-1136
-1417
-1305
-1369
-1989
-2849
-3359
-3273
-2959
-3041
-3656
-4166
-3957
-3267
-2806
-2847
-3022
-2825
-2156
-1432
-1101
-1088
-939
-467
69
370
447
504
693
957
1130
1143
1127
1202
1335
1423
1457
1504
1599
1716
1811
1889
1994
2130
2240
2262
2224
2224
2273
2293
2194
1995
1809
1711
1658
1540
1337
1137
1017
952
867
763
686
636
537
351
148
60
39
-109
-538
-1093
-1430
-1457
-1503
-1955
-2688
-3213
-3232
-3009
-3047
-3488
-3935
-3894
-3397
-2959
-2902
-3019
-2867
-2327
-1699
-1319
-1187
-1002
-593
-94
246
394
504
703
946
1111
1167
1194
1278
1384
1455
1489
1545
1646
1758
1836
1887
1963
2095
2222
2262
2223
2188
2215
2249
2201
2042
1845
1725
1674
1599
1426
1209
1065
1002
955
868
760
657
543
398
241
135
48
-156
-605
-1107
-1367
-1371
-1514
-2062
-2777
-3180
-3093
-2868
-3007
-3567
-3974
-3756
-3175
-2856
-2990
-3171
-2935
-2287
-1676
-1468
-1483
-1247
-662
-103
138
192
335
665
1020
1178
1138
1132
1288
1472
1523
1499
1538
1644
1747
1819
1889
1992
2129
2219
2218
2208
2281
2374
2337
2167
2008
1924
1861
1747
1565
1353
1181
1098
1041
928
807
753
700
568
420
318
228
77
-136
-498
-951
-1244
-1328
-1549
-2102
-2648
-2930
-3017
-3083
-3198
-3484
-3771
-3696
-3338
-3161
-3199
-3102
-2801
-2458
-2073
-1697
-1466
-1231
-792
-309
-39
139
399
640
828
1045
1212
1221
1238
1388
1526
1562
1602
1679
1737
1824
1983
2079
2100
2184
2307
2343
2325
2354
2360
2278
2173
2058
1903
1777
1699
1554
1313
1139
1075
986
867
792
707
533
364
263
157
10
-168
-537
-1068
-1377
-1368
-1509
-2058
-2690
-3049
-3099
-2981
-3006
-3440
-3907
-3797
-3259
-2974
-3066
-3134
-2968
-2543
-1958
-1573
-1536
-1418
-902
-343
-58
132
365
566
791
1080
1233
1233
1314
1470
1504
1517
1668
1787
1767
1785
1928
2064
2157
2242
2246
2210
2302
2456
2421
2218
2090
2054
1978
1863
1712
1484
1268
1177
1105
935
808
790
691
447
270
251
217
61
-233
-686
-1109
-1224
-1201
-1556
-2260
-2784
-2920
-2904
-2948
-3178
-3594
-3826
-3572
-3163
-3082
-3192
-3107
-2794
-2415
-2029
-1735
-1558
-1297
-853
-443
-193
61
380
615
745
919
1129
1283
1373
1422
1432
1498
1688
1845
1830
1779
1897
2120
2273
2301
2252
2233
2341
2496
2483
2279
2099
2052
2033
1946
1784
1563
1364
1264
1195
1060
937
872
740
503
328
281
201
-7
-353
-812
-1194
-1280
-1328
-1770
-2460
-2876
-2944
-2939
-3027
-3315
-3709
-3820
-3485
-3169
-3211
-3300
-3137
-2806
-2442
-2091
-1862
-1688
-1327
-833
-488
-266
37
380
626
820
1022
1182
1316
1458
1536
1552
1631
1787
1872
1859
1891
2026
2185
2283
2303
2287
2325
2458
2553
2483
2312
2196
2160
2113
1986
1785
1562
1401
1307
1191
1027
898
813
682
477
301
195
108
-68
-440
-925
-1269
-1335
-1453
-1916
-2566
-3004
-3082
-2989
-3046
-3418
-3828
-3825
-3426
-3111
-3117
-3236
-3145
-2772
-2290
-1962
-1847
-1703
-1324
-833
-466
-221
31
328
626
882
1076
1229
1387
1532
1599
1636
1739
1880
1950
1931
1944
2058
2234
2346
2321
2248
2287
2455
2557
2456
2244
2112
2129
2156
2030
1744
1480
1381
1362
1249
1034
846
732
624
461
273
117
-3
-217
-638
-1115
-1360
-1393
-1618
-2188
-2808
-3095
-3041
-2955
-3162
-3631
-3893
-3662
-3228
-3076
-3204
-3243
-2977
-2517
-2121
-1930
-1816
-1530
-1076
-678
-424
-172
156
466
696
892
1100
1320
1503
1591
1619
1709
1887
2019
2009
1957
2016
2172
2310
2328
2271
2249
2355
2486
2495
2373
2250
2208
2184
2098
1923
1718
1554
1429
1274
1088
952
871
742
509
282
160
107
-26
-401
-924
-1299
-1392
-1499
-1936
-2579
-3044
-3166
-3112
-3184
-3498
-3815
-3805
-3502
-3239
-3188
-3179
-3012
-2705
-2365
-2095
-1882
-1627
-1293
-970
-706
-418
-52
290
513
683
913
1209
1468
1591
1604
1656
1837
2041
2099
2026
2005
2132
2325
2425
2384
2314
2359
2505
2597
2527
2366
2248
2213
2182
2072
1880
1669
1500
1378
1267
1163
1046
869
624
397
282
222
43
-369
-887
-1254
-1377
-1490
-1893
-2515
-2999
-3147
-3095
-3159
-3453
-3778
-3828
-3582
-3314
-3211
-3198
-3090
-2818
-2474
-2165
-1915
-1665
-1383
-1096
-816
-498
-142
167
362
514
741
1057
1344
1481
1497
1550
1742
1984
2108
2078
2042
2129
2308
2448
2460
2398
2385
2457
2532
2529
2447
2339
2236
2144
2064
1980
1853
1664
1442
1277
1221
1195
1043
723
403
263
249
114
-318
-905
-1311
-1411
-1487
-1889
-2536
-3047
-3186
-3104
-3143
-3451
-3803
-3863
-3599
-3300
-3183
-3168
-3079
-2828
-2481
-2142
-1864
-1617
-1374
-1138
-876
-531
-153
136
283
401
634
980
1296
1441
1454
1504
1704
1967
2121
2126
2101
2172
2334
2481
2537
2521
2509
2546
2592
2591
2529
2434
2327
2219
2106
1987
1838
1676
1525
1405
1297
1152
941
709
540
428
253
-113
-619
-1045
-1272
-1414
-1750
-2325
-2911
-3219
-3228
-3200
-3382
-3726
-3942
-3846
-3553
-3307
-3201
-3159
-3024
-2746
-2382
-2027
-1724
-1464
-1248
-1020
-716
-325
32
246
344
468
725
1059
1306
1383
1390
1490
1722
1953
2063
2085
2131
2262
2419
2520
2556
2578
2621
2655
2641
2584
2519
2453
2361
2229
2094
1964
1830
1681
1542
1445
1348
1178
918
673
533
427
173
-321
-865
-1222
-1365
-1581
-2072
-2699
-3146
-3255
-3226
-3344
-3659
-3920
-3902
-3672
-3451
-3346
-3269
-3118
-2871
-2576
-2260
-1922
-1597
-1341
-1149
-891
-499
-75
194
280
355
586
944
1225
1306
1286
1370
1603
1857
2005
2053
2113
2242
2400
2523
2613
2687
2733
2726
2677
2650
2662
2645
2522
2314
2128
2025
1967
1869
1696
1489
1288
1114
960
829
667
396
-40
-525
-878
-1069
-1279
-1730
-2367
-2921
-3174
-3186
-3223
-3479
-3846
-4038
-3918
-3627
-3389
-3287
-3249
-3134
-2861
-2472
-2079
-1762
-1533
-1354
-1126
-768
-338
10
190
270
402
672
997
1223
1287
1290
1377
1572
1791
1941
2025
2079
2171
2305
2455
2592
2684
2720
2707
2692
2703
2720
2687
2577
2415
2251
2114
2014
1929
1819
1618
1344
1072
913
838
685
302
-259
-754
-1017
-1149
-1464
-2035
-2667
-3068
-3184
-3204
-3355
-3645
-3876
-3885
-3727
-3530
-3361
-3223
-3099
-2958
-2736
-2410
-2022
-1685
-1485
-1349
-1111
-712
-280
13
142
240
443
739
1002
1145
1204
1269
1396
1569
1743
1893
2011
2105
2208
2348
2531
2693
2764
2759
2746
2774
2818
2812
2709
2557
2416
2317
2242
2153
2016
1804
1546
1316
1169
1031
768
297
-248
-652
-867
-1089
-1557
-2186
-2718
-2972
-3036
-3150
-3420
-3741
-3885
-3812
-3646
-3505
-3397
-3273
-3137
-2953
-2688
-2338
-1963
-1674
-1510
-1355
-1065
-634
-241
-25
66
192
450
761
993
1100
1160
1259
1414
1573
1719
1855
1973
2061
2141
2265
2449
2610
2670
2642
2626
2687
2776
2781
2662
2499
2386
2350
2320
2223
2029
1773
1528
1348
1205
993
615
94
-410
-768
-1007
-1320
-1810
-2384
-2837
-3047
-3109
-3200
-3411
-3651
-3769
-3708
-3514
-3307
-3177
-3116
-3036
-2845
-2520
-2129
-1794
-1586
-1441
-1230
-881
-467
-134
45
139
269
498
772
988
1104
1167
1248
1387
1575
1768
1927
2038
2123
2224
2362
2516
2633
2677
2673
2666
2683
2697
2678
2620
2544
2474
2409
2312
2168
1988
1798
1598
1350
1014
586
137
-267
-627
-1032
-1501
-1992
-2415
-2728
-2944
-3118
-3304
-3494
-3616
-3636
-3574
-3454
-3319
-3211
-3113
-2967
-2738
-2447
-2140
-1869
-1650
-1433
-1160
-830
-509
-254
-51
121
313
534
748
925
1056
1181
1319
1472
1634
1795
1937
2055
2171
2288
2396
2491
2556
2597
2623
2650
2659
2627
2571
2518
2489
2461
2392
2245
2044
1850
1688
1501
1220
809
335
-103
-458
-794
-1204
-1676
-2146
-2519
-2765
-2917
-3059
-3234
-3409
-3510
-3504
-3396
-3244
-3119
-3038
-2959
-2794
-2530
-2212
-1921
-1702
-1517
-1300
-1014
-690
-399
-172
3
171
358
579
799
984
1131
1252
1377
1525
1699
1875
2021
2134
2229
2325
2425
2527
2616
2666
2667
2629
2579
2553
2544
2523
2445
2294
2111
1939
1802
1652
1427
1087
666
258
-97
-414
-775
-1192
-1649
-2074
-2397
-2606
-2769
-2948
-3133
-3285
-3360
-3330
-3212
-3087
-2993
-2917
-2805
-2620
-2366
-2085
-1833
-1632
-1450
-1234
-981
-704
-444
-227
-52
103
286
499
716
922
1088
1225
1362
1532
1730
1923
2083
2195
2274
2353
2460
2576
2659
2679
2642
2587
2551
2550
2544
2476
2330
2137
1946
1785
1629
1420
1109
707
295
-75
-385
-709
-1070
-1482
-1894
-2222
-2456
-2608
-2752
-2905
-3049
-3152
-3167
-3094
-2972
-2867
-2784
-2691
-2560
-2367
-2121
-1872
-1659
-1476
-1288
-1077
-839
-584
-346
-151
19
191
379
585
801
1000
1171
1326
1484
1666
1855
2027
2173
2288
2390
2492
2586
2658
2702
2718
2714
2692
2656
2599
2499
2363
2193
1997
1775
1515
1216
868
497
123
-238
-615
-992
-1354
-1700
-2013
-2286
-2499
-2678
-2827
-2930
-2998
-3018
-2998
-2927
-2834
-2730
-2597
-2449
-2275
-2091
-1885
-1682
-1486
-1281
-1078
-870
-662
-455
-253
-60
130
319
504
688
876
1056
1224
1389
1559
1714
1862
2005
2141
2268
2378
2473
2546
2599
2636
2653
2644
2606
2534
2427
2280
2100
1895
1658
1380
1061
708
341
-23
-377
-733
-1083
-1420
-1732
-2007
-2236
-2417
-2561
-2670
-2745
-2788
-2797
-2765
-2693
-2592
-2473
-2349
-2211
-2058
-1888
-1704
-1510
-1318
-1131
-945
-764
-580
-389
-188
9
197
378
550
728
904
1084
1259
1424
1578
1723
1859
1987
2118
2243
2344
2425
2479
2517
2543
2546
2523
2463
2356
2215
2040
1833
1599
1328
1027
696
352
14
-335
-668
-985
-1282
-1559
-1812
-2011
-2183
-2314
-2407
-2466
-2496
-2505
-2478
-2423
-2353
-2256
-2141
-2029
-1909
-1775
-1635
-1486
-1330
-1169
-1009
-857
-685
-507
-326
-139
54
245
433
629
821
1012
1199
1378
1547
1704
1852
1988
2102
2203
2289
2351
2388
2403
2391
2359
2294
2199
2074
1912
1725
1511
1269
998
707
404
99
-209
-515
-805
-1085
-1338
-1573
-1769
-1932
-2065
-2160
-2220
-2255
-2269
-2243
-2197
-2133
-2053
-1957
-1851
-1741
-1625
-1504
-1378
-1246
-1110
-976
-843
-697
-546
-389
-226
-57
121
301
492
688
882
1081
1276
1465
1643
1808
1963
2101
2217
2310
2371
2406
2412
2388
2331
2240
2121
1968
1785
1576
1344
1087
820
539
259
-26
-302
-569
-820
-1056
-1276
-1465
-1633
-1777
-1888
-1977
-2044
-2086
-2100
-2094
-2072
-2023
-1959
-1877
-1789
-1690
-1581
-1465
-1344
-1214
-1082
-952
-811
-665
-521
-375
-223
-66
94
258
431
602
772
946
1119
1283
1444
1604
1746
1876
1990
2085
2158
2205
2228
2225
2184
2116
2019
1888
1726
1542
1329
1092
837
574
306
32
-228
-480
-729
-958
-1164
-1347
-1503
-1630
-1728
-1808
-1865
-1897
-1905
-1893
-1862
-1813
-1753
-1682
-1601
-1514
-1422
-1325
-1221
-1111
-1003
-890
-771
-647
-520
-387
-250
-108
39
196
359
526
700
871
1045
1217
1391
1554
1706
1842
1962
2058
2132
2183
2195
2178
2125
2040
1923
1772
1597
1390
1162
919
667
410
152
-106
-360
-599
-827
-1034
-1221
-1386
-1528
-1652
-1749
-1821
-1872
-1901
-1907
-1895
-1864
-1819
-1758
-1685
-1602
-1510
-1408
-1300
-1184
-1059
-929
-793
-652
-504
-350
-193
-31
137
309
481
656
832
1002
1177
1346
1507
1659
1799
1921
2024
2108
2162
2187
2181
2145
2076
1972
1829
1650
1447
1215
966
701
429
149
-135
-407
-665
-906
-1119
-1310
-1475
-1611
-1721
-1801
-1852
-1875
-1875
-1855
-1816
-1765
-1696
-1621
-1537
-1447
-1352
-1255
-1151
-1042
-930
-813
-692
-562
-425
-277
-121
42
215
395
581
770
964
1155
1341
1516
1679
1824
1946
2044
2108
2139
2138
2104
2033
1929
1789
1617
1421
1201
975
729
479
227
-23
-263
-494
-706
-898
-1072
-1229
-1362
-1473
-1565
-1632
-1679
-1704
-1708
-1698
-1672
-1629
-1575
-1504
-1424
-1332
-1235
-1129
-1012
-893
-767
-637
-502
-359
-211
-58
97
257
421
584
748
913
1067
1218
1359
1487
1594
1685
1756
1797
1812
1800
1763
1695
1597
1470
1318
1145
960
757
546
329
109
-108
-316
-512
-693
-855
-1003
-1132
-1243
-1333
-1401
-1449
-1476
-1487
-1486
-1464
-1429
-1383
-1322
-1255
-1174
-1087
-991
-887
-777
-660
-538
-408
-271
-128
19
172
327
485
647
804
960
1108
1248
1372
1478
1564
1627
1666
1669
1648
1594
1515
1405
1268
1107
929
741
546
350
154
-40
-224
-395
-552
-689
-807
-911
-998
-1071
-1129
-1171
-1198
-1209
-1215
-1211
-1199
-1179
-1151
-1114
-1070
-1014
-954
-888
-806
-722
-629
-523
-405
-282
-151
-9
138
290
445
601
754
902
1043
1170
1283
1381
1456
1508
1534
1532
1503
1449
1367
1258
1124
965
792
609
418
223
28
-164
-351
-525
-681
-820
-942
-1047
-1133
-1201
-1250
-1274
-1281
-1271
-1243
-1201
-1147
-1082
-1007
-928
-839
-745
-651
-554
-456
-357
-256
-153
-47
61
173
293
414
536
664
790
916
1039
1154
1257
1344
1414
1463
1484
1482
1454
1396
1315
1203
1063
905
727
540
346
144
-61
-265
-458
-639
-806
-957
-1088
-1202
-1298
-1370
-1425
-1458
-1471
-1463
-1431
-1388
-1328
-1256
-1168
-1073
-965
-850
-729
-598
-467
-327
-188
-40
107
259
409
558
712
858
1005
1140
1269
1380
1478
1562
1620
1655
1667
1649
1599
1523
1420
1291
1138
962
767
563
350
133
-83
-301
-510
-704
-883
-1043
-1180
-1301
-1397
-1472
-1524
-1553
-1562
-1549
-1517
-1470
-1412
-1337
-1250
-1158
-1057
-947
-831
-710
-580
-446
-302
-155
-2
156
322
492
665
837
1006
1173
1326
1468
1595
1702
1779
1831
1856
1847
1805
1730
1626
1489
1325
1139
931
713
488
256
20
-213
-434
-645
-839
-1015
-1169
-1305
-1422
-1515
-1586
-1635
-1662
-1665
-1649
-1619
-1566
-1498
-1415
-1316
-1207
-1084
-952
-816
-667
-510
-349
-180
-9
168
342
518
692
861
1022
1170
1309
1433
1537
1620
1676
1706
1714
1694
1646
1570
1464
1334
1186
1019
840
651
455
250
47
-152
-345
-522
-689
-842
-981
-1102
-1205
-1293
-1356
-1402
-1429
-1443
-1438
-1414
-1377
-1321
-1257
-1180
-1087
-986
-871
-743
-606
-460
-307
-141
29
205
385
562
733
898
1052
1190
1311
1411
1484
1531
1550
1539
1501
1430
1333
1212
1069
911
738
560
379
190
6
-171
-335
-487
-623
-745
-850
-940
-1013
-1065
-1104
-1127
-1132
-1122
-1101
-1071
-1027
-972
-910
-844
-766
-682
-589
-491
-384
-271
-154
-30
100
231
368
502
632
757
874
979
1070
1145
1198
1231
1240
1228
1189
1122
1032
925
800
656
504
346
183
15
-150
-303
-445
-576
-691
-789
-875
-947
-1001
-1034
-1055
-1060
-1048
-1028
-995
-952
-899
-839
-769
-693
-608
-515
-416
-309
-198
-76
48
178
314
450
583
713
837
953
1052
1138
1204
1247
1267
1264
1237
1183
1103
996
875
736
583
425
262
90
-77
-242
-395
-539
-666
-777
-878
-960
-1025
-1072
-1100
-1111
-1106
-1082
-1050
-1002
-946
-880
-807
-726
-638
-544
-448
-345
-237
-127
-9
112
235
361
483
609
733
847
954
1047
1128
1191
1234
1253
1255
1228
1177
1099
999
876
740
592
433
270
100
-70
-234
-391
-535
-664
-776
-877
-959
-1024
-1074
-1103
-1115
-1109
-1089
-1058
-1014
-956
-889
-815
-730
-637
-539
-433
-326
-211
-93
31
157
281
406
529
651
767
873
966
1046
1107
1150
1176
1177
1155
1108
1033
938
822
690
545
388
227
65
-100
-257
-404
-539
-656
-760
-843
-911
-965
-997
-1008
-1005
-984
-949
-901
-848
-782
-709
-627
-537
-442
-345
-246
-144
-34
75
184
295
405
511
614
712
802
882
952
1006
1042
1064
1065
1049
1010
947
863
762
648
516
379
234
82
-70
-218
-356
-487
-605
-707
-794
-868
-926
-968
-994
-1005
-998
-982
-956
-915
-864
-800
-729
-648
-560
-467
-363
-252
-137
-15
108
231
358
479
598
712
811
901
969
1022
1059
1076
1072
1044
997
922
828
714
589
457
314
167
16
-130
-267
-394
-502
-600
-677
-740
-788
-815
-827
-822
-807
-781
-747
-707
-660
-610
-552
-493
-431
-366
-297
-225
-145
-59
26
117
211
307
406
503
595
679
749
809
854
882
894
887
855
805
732
642
542
425
306
179
50
-75
-196
-308
-408
-495
-567
-624
-668
-698
-716
-715
-705
-686
-658
-615
-571
-522
-469
-410
-353
-288
-219
-145
-71
10
90
172
256
341
426
505
574
632
676
708
722
720
700
660
604
530
440
340
234
124
10
-100
-209
-310
-402
-481
-545
-599
-635
-659
-668
-661
-648
-620
-583
-540
-486
-425
-359
-292
-222
-146
-72
15
98
181
263
341
419
490
559
621
673
713
742
758
760
749
724
684
628
556
466
368
259
143
25
-93
-216
-336
-447
-546
-636
-710
-765
-805
-829
-837
-829
-809
-773
-725
-663
-591
-515
-427
-340
-248
-151
-53
48
144
240
334
422
504
584
656
721
776
817
850
862
861
845
809
761
693
608
508
393
275
150
21
-110
-242
-365
-478
-577
-664
-733
-786
-826
-851
-857
-849
-830
-797
-751
-696
-631
-558
-479
-395
-303
-208
-112
-11
89
186
283
373
459
544
621
688
742
784
811
824
825
809
775
725
657
573
480
375
261
145
24
-92
-206
-314
-412
-498
-570
-630
-671
-698
-713
-711
-695
-670
-629
-579
-519
-454
-382
-307
-227
-144
-62
23
106
184
261
332
400
465
517
565
599
626
638
639
627
602
565
509
442
366
278
183
85
-15
-113
-211
-305
-385
-459
-518
-564
-598
-615
-619
-610
-589
-557
-515
-466
-411
-352
-287
-222
-154
-88
-22
45
108
170
232
290
343
395
442
484
517
542
561
568
564
554
526
486
433
370
299
217
132
45
-44
-134
-217
-295
-363
-420
-470
-505
-531
-547
-549
-539
-520
-489
-451
-407
-354
-299
-239
-173
-108
-43
25
92
156
217
273
326
370
411
443
464
476
478
470
448
420
379
329
270
204
133
59
-14
-89
-157
-223
-281
-331
-372
-401
-420
-429
-427
-416
-393
-363
-322
-279
-225
-169
-111
-51
10
72
129
186
241
288
329
366
395
417
432
434
432
421
401
369
329
283
229
172
104
31
-45
-119
-194
-269
-337
-403
-462
-511
-553
-584
-601
-607
-598
-579
-547
-505
-450
-387
-317
-241
-159
-71
16
105
192
278
360
438
506
569
623
664
698
721
734
732
713
678
631
574
502
422
331
226
117
4
-105
-215
-319
-420
-513
-596
-665
-719
-757
-777
-786
-781
-761
-725
-677
-613
-543
-466
-383
-294
-201
-107
-10
82
175
265
351
429
503
569
625
673
711
736
751
748
734
705
660
606
537
457
365
264
160
49
-63
-172
-278
-377
-467
-550
-615
-668
-706
-729
-737
-731
-710
-676
-625
-565
-495
-418
-332
-241
-150
-55
38
129
217
299
375
443
502
552
593
623
638
643
635
614
578
536
481
411
335
247
155
61
-36
-130
-227
-314
-399
-473
-536
-586
-623
-646
-653
-648
-626
-591
-545
-486
-415
-335
-251
-163
-74
18
109
198
281
358
429
489
540
584
618
641
650
645
631
602
561
512
447
376
291
203
109
14
-86
-181
-271
-363
-441
-510
-572
-620
-653
-675
-681
-676
-657
-626
-584
-526
-464
-393
-313
-230
-145
-57
36
124
210
295
372
446
511
566
611
645
665
669
663
642
607
561
503
432
350
263
167
68
-30
-126
-218
-308
-388
-459
-521
-567
-600
-620
-627
-618
-599
-566
-521
-463
-401
-330
-253
-172
-89
-4
80
163
245
315
380
438
487
528
559
577
579
571
548
515
473
418
353
280
199
114
26
-63
-150
-236
-314
-386
-453
-507
-552
-582
-601
-607
-600
-579
-546
-503
-448
-383
-312
-233
-149
-64
28
115
203
286
360
432
493
546
585
614
633
636
623
600
563
516
459
391
314
231
143
53
-37
-128
-213
-296
-370
-437
-495
-542
-577
-602
-613
-610
-601
-576
-540
-496
-438
-375
-302
-226
-147
-57
30
115
199
278
351
420
477
526
566
591
602
602
583
556
515
462
402
327
245
159
66
-25
-115
-203
-283
-357
-424
-477
-521
-550
-565
-569
-558
-536
-501
-456
-403
-340
-270
-197
-119
-39
42
123
201
274
340
399
451
494
529
553
564
563
548
522
482
432
370
302
223
137
49
-45
-132
-223
-306
-376
-443
-502
-549
-582
-600
-606
-598
-576
-542
-498
-439
-375
-302
-223
-141
-56
29
116
196
273
347
412
467
514
550
574
587
585
573
548
510
462
408
342
266
189
104
18
-69
-151
-230
-304
-371
-427
-472
-511
-537
-547
-548
-533
-511
-479
-436
-382
-321
-255
-183
-110
-34
44
116
191
265
326
381
425
464
494
513
520
513
495
465
426
377
319
254
183
108
28
-53
-130
-205
-273
-337
-391
-437
-476
-503
-517
-520
-512
-490
-461
-423
-377
-321
-258
-192
-119
-44
33
107
183
256
325
388
441
487
521
549
563
566
554
528
491
442
382
314
240
157
70
-24
-114
-201
-284
-358
-425
-481
-527
-558
-578
-587
-578
-557
-529
-483
-433
-372
-304
-230
-156
-75
6
85
165
240
313
378
436
483
522
552
571
578
572
554
522
477
420
359
281
201
114
20
-71
-163
-249
-329
-404
-470
-525
-567
-595
-610
-610
-595
-567
-525
-475
-410
-339
-258
-173
-87
8
95
186
272
349
422
483
534
573
600
614
615
601
578
535
481
417
344
265
176
86
-9
-105
-197
-283
-362
-433
-497
-545
-583
-610
-618
-613
-597
-568
-524
-470
-406
-335
-258
-176
-89
-4
80
165
244
321
389
448
497
535
565
582
585
578
554
517
471
411
346
276
198
114
28
-58
-142
-222
-294
-359
-420
-468
-503
-528
-539
-539
-526
-501
-468
-422
-371
-307
-238
-165
-89
-16
63
140
215
283
346
402
447
486
513
532
539
532
513
480
434
383
319
247
166
80
-10
-100
-189
-276
-353
-425
-489
-542
-584
-608
-620
-617
-601
-572
-529
-473
-407
-334
-252
-164
-72
21
115
206
295
377
451
520
573
614
647
668
673
663
639
601
547
484
410
326
236
136
37
-66
-166
-264
-354
-432
-501
-563
-609
-640
-658
-660
-648
-620
-585
-537
-479
-410
-334
-252
-165
-78
13
101
190
277
354
422
483
533
571
596
612
611
594
566
521
466
401
324
240
151
58
-37
-127
-214
-297
-367
-429
-483
-523
-547
-560
-561
-545
-521
-483
-436
-381
-314
-243
-168
-92
-11
67
143
218
289
352
406
451
486
515
533
537
529
508
473
428
376
312
241
161
77
-10
-97
-181
-261
-335
-399
-454
-498
-531
-546
-552
-545
-522
-488
-443
-390
-325
-252
-175
-97
-15
66
145
221
293
359
416
467
506
531
549
557
549
528
494
450
391
326
253
173
85
-4
-95
-184
-267
-347
-413
-472
-522
-562
-586
-596
-592
-576
-544
-507
-460
-400
-334
-260
-183
-103
-21
62
142
222
297
370
433
486
532
564
593
607
609
595
569
528
480
420
349
272
185
97
2
-91
-181
-265
-343
-413
-472
-516
-552
-574
-580
-575
-558
-527
-487
-438
-378
-311
-239
-162
-83
-3
73
152
227
294
357
413
459
494
523
537
542
534
510
479
433
378
311
237
158
71
-13
-103
-188
-271
-347
-413
-473
-523
-557
-579
-590
-585
-566
-536
-493
-441
-380
-310
-234
-151
-67
20
107
188
268
341
407
466
514
551
580
595
600
592
568
533
487
430
365
292
212
124
37
-52
-140
-221
-299
-365
-426
-477
-518
-547
-559
-560
-551
-528
-495
-449
-401
-342
-274
-205
-130
-58
16
86
158
227
288
342
388
430
458
481
488
488
477
453
421
377
328
273
209
137
65
-3
-76
-146
-208
-268
-323
-368
-404
-431
-448
-455
-451
-439
-416
-386
-343
-295
-239
-182
-123
-57
7
73
135
195
253
301
342
379
408
430
440
444
436
422
396
358
315
264
208
145
80
10
-62
-131
-197
-259
-316
-366
-408
-442
-463
-477
-481
-472
-451
-420
-381
-333
-281
-223
-158
-88
-19
52
121
188
251
307
357
398
429
455
469
472
468
450
425
389
348
300
247
189
125
64
1
-63
-125
-178
-231
-276
-319
-355
-380
-401
-409
-411
-406
-391
-370
-343
-308
-269
-224
-174
-123
-70
-19
40
92
142
190
232
270
301
328
348
359
363
358
346
322
294
256
217
172
119
65
10
-42
-96
-146
-187
-226
-259
-283
-302
-312
-316
-311
-300
-286
-262
-232
-201
-165
-124
-83
-40
4
49
93
134
175
214
248
275
300
318
330
335
331
324
306
282
253
215
176
128
76
22
-33
-86
-138
-187
-233
-273
-305
-332
-353
-362
-369
-366
-354
-334
-309
-284
-247
-211
-169
-127
-81
-35
10
53
92
131
163
197
226
249
273
290
302
311
313
312
306
290
273
252
230
196
162
123
80
39
-4
-48
-93
-134
-174
-208
-238
-261
-278
-290
-293
-290
-281
-268
-248
-220
-189
-156
-119
-82
-44
-5
33
70
102
133
158
178
196
213
220
220
216
207
198
180
161
140
113
86
57
30
4
-24
-47
-71
-95
-113
-131
-146
-155
-159
-162
-162
-160
-150
-136
-123
-107
-90
-68
-46
-24
-4
17
39
58
74
90
106
117
124
128
132
134
128
121
111
102
88
73
58
38
22
5
-13
-30
-48
-62
-79
-90
-97
-105
-109
-109
-108
-107
-103
-92
-84
-76
-64
-56
-44
-30
-19
-5
5
15
20
28
36
43
49
54
61
66
68
73
77
78
82
82
81
77
74
66
59
50
40
32
18
8
-4
-18
-28
-36
-45
-53
-63
-65
-67
-70
-68
-70
-67
-63
-58
-53
-46
-37
-28
-18
-10
-3
3
11
17
21
28
33
36
37
37
38
39
38
35
30
28
25
21
14
11
3
-1
-4
-12
-16
-19
-25
-26
-25
-24
-27
-24
-21
-18
-18
-15
-13
-8
-7
-2
1
1
3
5
7
7
5
6
8
9
6
8
10
12
14
16
18
16
16
14
16
15
13
11
8
5
2
-1
-3
-5
-9
-14
-16
-18
-20
-23
-24
-25
-25
-23
-23
-19
-18
-16
-13
-10
-10
-3
2
5
9
12
14
14
18
23
23
23
24
22
24
22
19
20
19
16
15
14
11
9
6
3
1
-1
-3
-5
-8
-7
-11
-14
-14
-15
-18
-17
-18
-16
-16
-15
-16
-16
-14
-13
-14
-8
-7
-9
-4
-5
-4
-3
-3
-1
0
-1
2
4
6
5
8
9
8
6
7
9
10
9
9
8
6
7
8
6
6
2
5
4
3
2
-1
1
-1
-1
-3
-1
-1
-1
1
0
0
2
3
1
1
-1
-1
-3
-3
-2
-4
-1
-4
-3
-1
-2
-3
-2
-4
-5
-1
-2
-4
-3
-4
-4
-3
-2
-2
-4
-3
-2
-2
-3
-2
-1
2
1
-1
0
0
2
2
1
3
3
1
2
5
6
6
3
3
4
4
4
6
4
5
3
4
2
-1
1
0
-1
-1
-3
-3
-3
-5
-5
-5
-6
-3
-4
-6
-5
-5
-2
-3
-2
-1
1
-1
-5
-1
-1
-1
-1
0
-2
-1
-1
0
1
1
1
3
3
2
3
0
3
4
3
5
3
1
1
-1
0
2
2
2
2
0
-1
-2
0
0
-1
1
0
2
3
3
3
2
3
2
1
1
-1
-1
-1
3
0
0
0
1
-2
0
0
-2
-2
-3
-3
-3
-3
-4
-3
-6
-2
-1
-2
0
2
1
-3
-1
0
-1
-2
-3
-2
-1
-1
-2
1
0
0
2
1
2
1
0
0
-1
0
-1
-1
-1
0
2
1
4
5
4
3
2
2
4
4
2
1
0
2
-2
0
2
0
1
2
0
0
2
2
0
-2
2
-1
-2
-2
-2
-3
-5
-1
-3
-2
-1
-2
-3
-2
-1
-2
-2
-2
0
-3
-5
-3
-3
-2
-2
0
-2
0
1
1
3
3
2
3
5
4
4
4
3
2
3
2
3
4
2
2
3
3
0
2
0
1
-1
0
1
-1
0
-3
-4
-3
-4
-3
-2
-1
2
-1
-3
-3
-2
-2
-3
-1
-1
-2
-1
0
0
-1
-2
-1
2
1
-2
1
0
0
0
-2
2
1
1
0
-3
-2
-2
-1
1
4
2
0
1
-1
1
1
3
1
3
1
2
1
1
3
1
1
1
1
1
0
-1
0
-1
-1
-3
-2
0
0
1
2
0
1
2
2
2
0
0
1
1
-1
-3
-4
-3
-2
-2
-2
-1
-3
-4
-1
-4
-2
-2
-2
-3
-3
-2
-2
-3
-3
-1
0
1
2
2
4
2
4
1
3
3
2
4
3
4
4
3
2
2
2
2
0
1
1
2
1
1
2
1
2
2
2
1
2
1
0
-2
-2
0
-4
-8
-6
-6
-4
-3
-4
-5
-5
-3
-2
1
0
-1
-2
-3
-3
-1
1
-1
2
3
1
1
1
3
0
2
2
-1
