2
2
2
0
-2
-2
-1
0
-1
-3
-1
-1
-1
0
-2
-2
-2
-1
-3
-3
-2
-1
2
-1
-2
1
2
3
1
4
3
2
0
1
-3
0
1
-1
2
1
2
-1
1
1
-2
-2
-1
-1
-1
2
-1
-1
2
2
1
-1
1
3
5
3
0
-1
2
2
1
0
1
1
2
-2
-2
0
-1
0
-1
-1
-2
-1
-1
-1
-2
-1
-5
-5
-2
-2
-2
-4
-1
0
-1
-2
-3
-2
-1
1
-2
-2
-4
0
2
4
5
3
2
3
3
0
-2
2
4
4
0
1
1
1
5
5
3
0
0
0
1
-2
-2
0
1
3
2
1
-4
-3
-2
-2
0
1
1
1
1
1
0
-1
-1
1
3
2
1
0
1
0
0
-1
-1
-2
-2
0
-2
-3
1
1
0
1
-3
0
-1
0
0
-2
-3
-3
-2
-2
-1
-2
2
3
2
2
0
-1
0
1
-2
-2
-1
-1
1
2
-1
0
-1
-1
-2
0
1
0
3
2
0
-3
-1
2
4
2
1
1
-1
-1
-4
-4
0
1
1
-2
-3
-2
1
0
-4
-3
-4
-1
-1
-1
2
3
2
0
0
2
2
2
4
5
4
1
1
2
5
4
3
4
0
2
3
1
0
-1
1
0
2
1
0
3
3
1
-1
1
-3
-4
-6
-2
-2
-4
-1
-3
-4
-8
-6
-5
-6
-4
-1
-2
-3
-2
-2
-2
-4
-5
-2
-3
-2
-2
-1
1
3
4
6
5
3
3
2
0
0
0
0
2
3
3
3
2
1
3
4
1
2
1
3
3
3
7
6
4
6
5
2
1
0
0
-2
-1
-2
1
0
2
1
1
-1
-3
-4
-6
-6
-5
-3
-6
-4
-4
-3
-3
-5
-2
-2
-3
-3
-2
-2
-3
-4
-3
-4
-2
-3
-3
0
-1
-3
-3
0
3
3
7
5
5
5
3
4
3
4
5
4
5
7
6
5
3
2
4
3
3
3
3
6
4
5
4
3
3
3
2
0
1
0
-1
0
-3
-2
-3
-5
-6
-7
-5
-7
-6
-7
-8
-9
-9
-7
-8
-5
-8
-9
-11
-11
-9
-8
-7
-7
-10
-9
-6
-5
-5
-8
-4
0
1
4
7
10
15
16
18
22
28
31
34
37
42
48
49
51
56
57
61
61
61
60
61
62
63
58
53
49
47
42
31
23
12
4
-8
-20
-30
-39
-50
-65
-76
-86
-95
-102
-113
-127
-133
-139
-141
-143
-155
-158
-155
-151
-145
-147
-144
-139
-129
-114
-105
-97
-83
-68
-51
-35
-19
-2
17
36
55
76
97
115
134
154
176
197
211
227
240
251
268
280
287
293
293
303
300
292
289
278
269
260
239
214
186
159
132
97
60
23
-16
-59
-103
-150
-199
-243
-291
-340
-381
-419
-452
-481
-518
-542
-556
-566
-566
-568
-566
-545
-521
-490
-457
-426
-381
-334
-279
-223
-174
-117
-58
-3
53
108
166
220
272
324
377
429
464
493
524
559
603
633
657
678
695
718
730
732
734
735
733
724
704
677
640
591
537
478
413
349
276
193
98
-10
-126
-240
-349
-459
-560
-657
-744
-830
-912
-988
-1053
-1096
-1122
-1119
-1106
-1088
-1060
-1027
-990
-940
-870
-784
-693
-594
-497
-405
-325
-250
-172
-96
-20
60
145
220
281
335
385
433
478
541
619
685
722
747
776
802
837
884
943
996
1030
1040
1033
1026
1023
1014
995
967
932
888
821
734
638
542
433
313
194
80
-49
-204
-367
-517
-652
-763
-853
-927
-1010
-1118
-1227
-1305
-1357
-1384
-1381
-1356
-1332
-1323
-1303
-1255
-1178
-1081
-967
-847
-729
-609
-513
-441
-375
-280
-169
-96
-33
95
252
330
309
324
461
615
631
595
677
770
624
380
443
793
1016
992
1082
1378
1553
1465
1411
1580
1727
1624
1459
1481
1541
1386
1102
984
1006
891
604
364
204
-80
-532
-970
-1251
-1369
-1428
-1522
-1631
-1664
-1647
-1719
-1874
-1910
-1732
-1475
-1269
-1137
-1067
-1076
-1095
-1029
-898
-778
-681
-540
-376
-305
-366
-443
-402
-259
-150
-83
54
259
404
418
352
296
387
668
919
947
915
1032
1130
1024
893
974
1179
1331
1397
1397
1316
1246
1260
1290
1259
1238
1297
1321
1173
893
688
635
589
415
242
247
273
75
-263
-536
-912
-1600
-2276
-2429
-2174
-2017
-2033
-1909
-1671
-1648
-1827
-1853
-1576
-1169
-769
-450
-335
-443
-586
-608
-578
-555
-459
-263
-83
-44
-144
-239
-168
95
392
597
778
978
1105
1057
863
669
664
871
1056
1022
901
889
872
695
541
620
839
1039
1200
1279
1219
1130
1134
1177
1175
1154
1130
1042
851
633
430
235
71
-6
-43
-101
-121
-140
-321
-686
-1242
-2061
-2779
-2758
-2199
-1953
-2039
-1818
-1414
-1422
-1710
-1723
-1389
-945
-507
-201
-190
-395
-541
-521
-492
-564
-522
-178
192
247
86
0
72
297
620
875
1052
1279
1438
1301
986
737
600
605
727
733
596
575
630
536
484
694
921
1045
1249
1412
1312
1146
1113
1079
966
856
763
700
689
568
296
120
66
-72
-202
-136
-63
-149
-203
-155
-231
-672
-1612
-2697
-3106
-2661
-2220
-2194
-2010
-1486
-1173
-1271
-1421
-1379
-1067
-500
42
204
6
-203
-230
-269
-512
-684
-437
29
251
183
100
117
205
394
685
1009
1309
1516
1520
1276
906
564
398
408
450
451
451
386
237
281
646
960
1008
1114
1379
1452
1244
1045
958
906
857
756
590
473
398
259
153
149
77
-78
-73
107
186
80
-41
-125
-367
-1082
-2240
-3127
-3088
-2550
-2341
-2294
-1794
-1104
-892
-1078
-1180
-1032
-679
-202
181
257
63
-194
-370
-532
-743
-793
-455
8
187
132
148
281
414
625
983
1331
1505
1530
1408
1092
705
401
191
151
306
415
362
310
285
319
625
1026
1182
1290
1531
1554
1264
987
809
670
631
605
491
390
317
218
126
71
84
140
123
127
230
203
-6
-192
-395
-893
-1959
-3242
-3587
-2841
-2372
-2473
-1977
-965
-588
-861
-1028
-897
-639
-306
70
265
63
-272
-371
-472
-828
-1008
-661
-130
157
234
309
446
594
772
1054
1358
1578
1683
1574
1184
700
348
125
36
112
243
360
448
414
407
699
1098
1266
1344
1505
1538
1334
1056
794
602
547
544
488
370
201
73
50
34
-21
37
177
198
167
179
70
-155
-292
-742
-2078
-3587
-3859
-3044
-2546
-2537
-2003
-894
-280
-569
-1057
-1069
-670
-244
53
189
92
-178
-422
-619
-874
-972
-577
70
382
328
355
549
702
874
1177
1476
1681
1757
1569
1119
655
312
80
12
116
276
412
450
387
467
834
1176
1256
1349
1558
1532
1199
875
665
509
450
422
300
154
95
84
51
-14
-38
60
173
137
48
48
-25
-227
-347
-709
-2014
-3648
-4012
-3121
-2560
-2574
-1974
-744
-132
-465
-891
-881
-650
-345
72
316
93
-256
-320
-399
-804
-1036
-562
206
564
570
685
889
919
943
1196
1465
1586
1714
1694
1224
611
328
163
-142
-211
145
476
500
448
530
712
875
956
1051
1230
1292
1087
787
513
235
100
166
168
37
37
151
108
-61
-122
11
216
299
198
124
155
32
-231
-429
-1026
-2536
-3944
-3875
-2948
-2549
-2309
-1259
-14
282
-234
-673
-697
-522
-280
51
257
117
-121
-212
-429
-852
-896
-331
274
534
663
866
1041
1087
1089
1171
1316
1453
1522
1378
961
492
105
-248
-411
-211
148
379
472
538
650
818
929
935
988
1100
1089
896
627
354
161
115
123
77
29
51
93
128
157
180
243
313
247
163
247
189
-239
-479
-553
-1618
-3510
-4211
-3211
-2375
-2398
-1858
-332
609
151
-600
-678
-470
-425
-225
199
284
-61
-267
-279
-556
-902
-644
88
496
473
639
1045
1146
959
1003
1267
1370
1307
1221
992
593
233
-89
-397
-431
-102
235
340
371
523
785
949
898
842
969
1049
859
581
431
339
236
174
154
162
225
289
270
208
210
284
353
317
191
168
226
74
-228
-411
-954
-2386
-3787
-3819
-2905
-2313
-1900
-840
359
574
-61
-553
-600
-553
-452
-107
216
110
-209
-342
-436
-741
-876
-447
177
451
493
687
959
997
856
839
986
1110
1123
1015
738
352
6
-316
-579
-453
111
543
502
408
617
888
933
845
844
993
1116
998
680
400
249
185
154
102
92
232
408
423
354
358
408
432
395
296
259
269
95
-208
-352
-736
-2070
-3606
-3795
-2825
-2251
-2157
-1329
118
762
216
-467
-591
-475
-455
-367
-182
-170
-314
-355
-394
-673
-919
-651
-8
414
467
580
928
1115
931
758
930
1177
1174
990
719
375
110
-95
-388
-475
-64
416
530
515
665
889
1008
949
831
856
978
930
655
394
308
295
261
233
223
252
361
443
414
406
454
441
362
225
48
8
73
18
-143
-666
-2047
-3586
-3891
-3143
-2565
-2149
-1123
258
923
435
-420
-762
-690
-616
-469
-201
-66
-88
-166
-417
-852
-1058
-687
-36
360
480
717
1055
1090
804
670
876
1123
1178
1054
787
463
161
-196
-507
-422
28
379
468
512
656
880
1016
931
852
1007
1142
936
557
340
326
391
380
259
209
330
434
359
267
339
500
567
486
314
145
40
-69
-232
-369
-776
-1982
-3465
-3861
-3116
-2518
-2280
-1398
54
798
435
-207
-555
-689
-665
-458
-249
-210
-227
-227
-368
-707
-925
-654
-57
357
498
699
1004
1090
926
851
975
1100
1123
1041
790
440
136
-149
-410
-399
-33
331
460
553
793
1046
1113
974
848
924
1035
888
568
395
414
465
434
316
215
247
330
315
259
295
410
481
434
226
-28
-122
-127
-265
-434
-725
-1753
-3333
-4030
-3320
-2489
-2226
-1551
-44
996
629
-314
-712
-601
-490
-429
-278
-126
-105
-203
-400
-683
-875
-680
-127
378
592
715
938
1076
945
754
805
1039
1182
1101
857
541
244
-60
-386
-482
-124
374
564
550
691
989
1100
900
714
845
1053
924
578
406
412
359
249
186
164
220
386
474
373
277
348
484
534
394
103
-69
-49
-108
-312
-564
-1309
-2778
-3890
-3628
-2762
-2330
-1768
-405
834
818
-36
-633
-704
-617
-563
-453
-281
-209
-254
-320
-478
-763
-795
-295
277
425
449
774
1107
1048
819
811
1022
1187
1108
807
492
276
9
-326
-436
-135
330
588
604
627
817
1017
972
804
842
1040
1014
707
451
411
430
378
289
209
214
339
437
362
221
243
437
550
380
85
0
70
-42
-275
-415
-970
-2447
-3868
-3871
-2910
-2262
-1781
-657
597
851
155
-574
-856
-803
-574
-289
-122
-143
-220
-292
-499
-837
-908
-448
199
556
651
768
908
889
758
731
874
1059
1119
960
636
309
25
-287
-475
-261
209
467
494
653
938
996
828
739
829
969
1043
986
784
561
448
387
258
124
152
322
424
384
354
387
388
361
328
172
-22
-28
-1
-200
-446
-774
-1833
-3439
-4143
-3388
-2380
-1899
-1192
116
968
558
-423
-876
-677
-414
-332
-223
-74
-116
-315
-477
-670
-868
-690
-38
525
619
595
785
930
772
641
873
1216
1283
1066
714
300
-63
-327
-516
-460
5
533
705
691
812
953
909
798
797
923
1046
998
780
582
486
401
312
255
210
200
262
312
313
352
451
551
559
344
19
-70
13
-97
-273
-388
-1164
-2852
-4070
-3717
-2689
-2082
-1480
-341
672
690
-92
-783
-857
-567
-359
-240
-83
-56
-292
-589
-829
-1037
-966
-409
246
542
624
751
792
694
697
916
1186
1322
1218
880
460
108
-165
-389
-452
-196
296
641
657
626
817
1042
1035
922
950
1086
1090
867
591
443
373
272
173
123
130
195
303
397
438
440
449
514
520
321
126
136
92
-126
-288
-804
-2326
-3962
-4058
-2903
-2108
-1777
-869
399
780
71
-703
-834
-558
-339
-206
-64
-117
-427
-667
-760
-959
-1081
-630
167
569
517
528
697
713
629
782
1156
1405
1326
987
550
175
-75
-275
-426
-282
223
655
706
654
789
949
952
926
1001
1105
1120
976
737
517
354
272
290
298
208
174
300
382
317
304
409
522
574
480
228
56
42
-87
-352
-729
-1721
-3318
-4180
-3515
-2427
-1884
-1290
-170
611
317
-460
-793
-594
-347
-203
-44
-16
-308
-680
-875
-1014
-1102
-798
-105
420
502
482
614
709
681
794
1147
1455
1480
1225
781
271
-122
-259
-215
-182
-94
287
709
706
562
833
1198
1120
947
1117
1304
1152
841
581
378
232
162
167
193
165
187
361
454
365
404
620
669
500
331
183
30
-108
-274
-469
-917
-2105
-3646
-4176
-3294
-2199
-1668
-1082
-89
486
48
-669
-800
-505
-258
-66
77
-66
-453
-749
-872
-988
-1011
-593
162
651
617
467
535
674
768
975
1320
1525
1422
1099
635
125
-203
-210
-34
61
-27
-1
392
759
772
813
1082
1201
1112
1099
1047
838
645
528
414
316
191
81
144
223
141
124
298
446
528
622
616
473
274
54
-90
-145
-275
-472
-896
-2111
-3673
-4022
-2981
-2050
-1689
-998
4
319
-169
-620
-612
-431
-263
-47
69
-178
-602
-764
-706
-781
-849
-437
287
661
578
490
529
545
674
1039
1352
1417
1367
1157
632
60
-175
-37
175
120
-69
100
551
699
631
836
1136
1150
1050
1005
885
729
628
511
379
300
237
174
134
69
56
184
314
340
397
512
523
395
201
3
-128
-177
-180
-220
-664
-1943
-3519
-4061
-3231
-2156
-1578
-1026
-212
231
-84
-600
-716
-431
-55
177
156
-99
-464
-727
-769
-785
-827
-534
159
659
608
401
403
535
727
1048
1398
1552
1463
1179
696
144
-155
-93
51
100
160
297
340
146
13
433
1168
1393
1087
972
1099
953
596
388
338
364
412
311
69
-82
-68
53
197
252
263
418
621
586
354
132
-8
-53
-26
-83
-378
-1228
-2749
-3979
-3691
-2374
-1536
-1312
-827
-134
17
-390
-688
-511
-42
359
450
143
-364
-652
-602
-598
-817
-814
-285
320
448
234
149
345
683
1027
1294
1458
1511
1370
944
384
20
1
93
28
-56
58
194
171
203
412
603
758
997
1178
1119
944
794
662
531
376
236
208
214
100
-44
-33
86
191
277
339
376
455
556
503
205
-93
-108
-4
-84
-367
-1116
-2602
-3834
-3475
-2175
-1572
-1517
-929
-142
-91
-551
-716
-409
-18
190
290
261
-89
-540
-625
-540
-731
-871
-427
213
372
186
192
419
645
947
1329
1520
1443
1269
1021
632
233
10
-11
33
28
55
152
179
193
418
741
857
854
980
1128
1051
828
675
589
435
227
98
52
17
7
70
140
136
153
266
363
399
480
502
285
22
-51
-92
-226
-473
-1338
-2909
-3793
-3029
-1862
-1572
-1534
-986
-411
-366
-576
-551
-204
199
435
460
191
-289
-543
-458
-521
-869
-900
-333
201
213
63
169
430
715
1048
1333
1489
1526
1354
928
430
64
-59
5
37
12
97
193
109
53
220
514
916
1317
1405
1223
1064
887
668
546
426
261
251
259
45
-164
-161
-75
50
186
240
364
588
611
428
280
129
-46
-121
-183
-449
-1259
-2701
-3729
-3235
-2056
-1595
-1540
-1083
-575
-535
-712
-671
-278
280
660
657
254
-344
-649
-524
-486
-754
-774
-327
64
94
37
104
272
575
1006
1355
1481
1491
1409
1075
539
124
7
75
171
205
121
-25
-105
6
356
765
947
982
1103
1162
1001
831
787
738
635
480
268
70
-33
-49
-21
4
19
102
236
309
318
347
402
337
138
44
81
-56
-365
-806
-1836
-3190
-3472
-2463
-1614
-1507
-1407
-1070
-857
-785
-618
-244
219
548
643
465
-44
-547
-593
-428
-512
-655
-496
-179
-7
6
10
112
366
799
1251
1445
1418
1365
1131
619
222
210
329
343
251
93
-49
-179
-238
-9
482
892
1075
1043
798
581
639
818
883
829
686
492
303
83
-129
-178
-98
24
187
274
219
213
304
329
328
310
194
139
185
37
-326
-906
-2086
-3270
-3042
-1761
-1281
-1702
-1656
-1057
-780
-791
-521
-3
347
426
406
220
-228
-515
-292
-96
-392
-669
-428
-55
-21
-149
-117
59
333
758
1164
1293
1232
1158
948
551
293
321
368
273
142
11
-147
-247
-123
287
767
969
880
784
752
698
737
870
877
756
678
550
270
16
-111
-120
24
179
167
112
163
228
284
347
273
116
126
204
37
-300
-503
-760
-1604
-2707
-2877
-1958
-1256
-1349
-1469
-1260
-1038
-775
-365
-80
12
99
170
91
-147
-330
-246
-116
-286
-521
-420
-173
-96
-73
-8
55
269
711
1067
1128
1114
1132
1005
695
438
366
412
443
328
118
11
32
75
236
551
742
702
623
588
594
743
941
948
778
589
426
264
116
13
-1
44
74
105
172
191
177
246
315
226
59
36
150
71
-295
-576
-852
-1686
-2632
-2491
-1578
-1254
-1523
-1503
-1217
-1041
-833
-517
-272
-118
31
152
123
-107
-253
-99
-20
-288
-486
-332
-142
-65
7
20
56
328
692
858
917
1012
1022
867
639
471
465
539
475
264
128
123
144
209
383
580
693
748
749
668
603
684
827
857
729
526
351
214
101
36
26
42
65
70
24
-6
78
200
208
124
58
-12
-134
-225
-234
-266
-413
-828
-1621
-2301
-2093
-1280
-1008
-1412
-1580
-1262
-961
-825
-636
-385
-172
-24
61
57
-59
-173
-122
-50
-172
-309
-186
21
65
50
104
184
313
550
759
828
834
835
736
545
462
541
581
483
417
448
433
333
272
331
487
612
597
541
534
517
550
700
744
574
455
481
445
330
250
188
105
73
118
154
144
160
195
122
-56
-201
-215
-107
-57
-241
-442
-581
-1142
-2005
-2131
-1438
-1085
-1381
-1575
-1421
-1246
-1125
-936
-660
-385
-226
-145
-66
-113
-220
-111
84
26
-113
-21
139
164
115
45
17
147
377
548
629
659
677
691
610
460
479
678
781
750
719
606
423
367
433
476
494
529
550
542
486
428
488
608
623
572
552
488
392
366
357
276
192
153
102
48
50
53
-48
-217
-287
-205
-109
-61
-99
-281
-456
-635
-1241
-1994
-1861
-1056
-919
-1456
-1633
-1447
-1382
-1191
-771
-576
-609
-463
-173
-113
-252
-174
155
241
-4
-66
128
164
78
116
123
51
147
349
404
372
450
587
625
571
588
741
861
874
871
829
658
484
487
547
519
476
469
425
318
266
367
543
646
676
681
593
477
497
548
442
277
224
204
133
57
-10
-83
-148
-160
-140
-160
-201
-209
-267
-401
-551
-971
-1683
-1870
-1234
-858
-1316
-1791
-1797
-1620
-1319
-942
-800
-782
-583
-322
-177
-121
-107
10
222
227
40
17
138
178
184
155
26
8
209
373
386
378
438
572
701
761
833
895
841
765
799
796
634
468
435
480
502
446
339
290
366
508
595
590
563
599
671
630
512
496
525
415
235
95
-10
-15
46
4
-118
-179
-184
-161
-101
-102
-232
-401
-466
-459
-827
-1587
-1796
-1153
-851
-1452
-1953
-1823
-1521
-1183
-839
-796
-887
-668
-299
-128
-132
-144
5
244
238
18
-1
146
187
173
159
82
95
275
400
384
402
523
653
719
732
771
815
752
702
802
817
603
436
422
395
387
455
434
343
389
544
643
639
590
583
633
627
584
532
381
186
141
195
182
98
15
-17
32
22
-150
-281
-235
-140
-178
-328
-449
-635
-1174
-1731
-1578
-1076
-1196
-1698
-1736
-1500
-1408
-1210
-912
-850
-835
-565
-283
-232
-239
-92
147
203
42
-13
117
179
170
189
109
39
225
428
367
309
474
632
670
672
668
663
683
716
765
781
676
541
501
499
517
589
573
442
404
472
526
608
699
663
591
569
460
317
319
382
368
288
154
60
120
185
126
28
-61
-133
-87
-5
-129
-390
-494
-485
-775
-1428
-1760
-1362
-984
-1325
-1819
-1802
-1555
-1337
-1058
-925
-1024
-921
-557
-327
-258
-196
-148
-23
169
176
78
153
257
198
134
162
212
295
401
441
437
470
551
626
627
597
642
717
752
793
803
679
538
536
600
598
577
571
550
530
555
625
675
650
572
508
477
462
455
425
328
219
177
159
118
99
100
25
-82
-109
-120
-184
-217
-274
-430
-510
-582
-1043
-1594
-1457
-935
-1013
-1588
-1797
-1567
-1340
-1180
-1048
-1100
-1176
-903
-463
-347
-449
-310
-6
112
85
92
126
197
287
250
140
190
367
481
456
367
368
502
582
548
597
710
703
694
794
802
665
580
574
564
601
667
631
514
481
584
702
715
637
565
535
522
503
449
365
311
297
270
224
180
114
80
101
57
-88
-164
-133
-134
-214
-339
-445
-499
-744
-1317
-1618
-1203
-851
-1259
-1764
-1717
-1505
-1394
-1195
-1101
-1224
-1096
-634
-363
-381
-328
-163
-37
67
162
178
168
227
286
240
193
315
490
473
334
327
433
502
565
638
608
540
574
678
756
776
689
543
533
674
750
644
500
479
573
669
680
615
549
540
564
553
480
386
317
268
230
205
166
96
23
-14
-49
-95
-103
-76
-91
-150
-247
-409
-490
-489
-810
-1338
-1310
-878
-989
-1546
-1728
-1582
-1474
-1235
-980
-1085
-1187
-849
-472
-432
-434
-270
-111
-18
75
143
190
267
297
232
188
254
374
440
399
313
320
435
530
568
610
638
600
589
698
790
725
600
550
548
590
674
673
550
478
560
673
705
645
551
519
538
509
433
377
323
272
255
205
83
7
31
41
-10
-42
-61
-137
-200
-220
-308
-419
-486
-734
-1221
-1387
-1042
-933
-1386
-1736
-1639
-1445
-1275
-1090
-1086
-1190
-1026
-655
-444
-418
-412
-323
-130
59
124
132
176
189
167
198
290
379
464
493
420
383
494
621
610
554
578
640
682
734
782
751
656
617
687
751
713
625
583
597
617
625
624
630
632
595
522
459
416
366
306
237
162
113
97
69
36
11
-39
-99
-125
-120
-96
-105
-243
-411
-468
-690
-1185
-1360
-989
-864
-1363
-1744
-1614
-1452
-1404
-1228
-1126
-1256
-1206
-790
-449
-462
-545
-427
-189
6
129
192
171
148
242
378
417
403
446
482
471
489
544
537
476
490
605
664
598
588
698
735
633
569
606
667
735
772
694
583
602
708
764
721
623
551
549
550
508
442
360
288
269
244
139
48
28
16
10
25
-26
-138
-177
-177
-256
-416
-696
-1088
-1245
-975
-792
-1159
-1661
-1745
-1570
-1434
-1313
-1254
-1384
-1408
-1022
-581
-547
-687
-584
-339
-185
-66
69
130
174
287
357
318
332
484
604
564
476
485
554
574
538
518
520
523
603
761
823
717
615
633
707
780
803
733
650
664
728
748
705
624
557
552
560
527
464
379
276
218
202
146
72
62
58
-18
-97
-114
-125
-163
-210
-284
-352
-416
-644
-1045
-1215
-978
-841
-1184
-1633
-1702
-1498
-1317
-1229
-1271
-1397
-1335
-968
-630
-577
-622
-524
-312
-102
67
161
181
212
290
353
369
422
539
595
512
419
456
551
580
551
530
533
576
677
769
744
640
609
678
758
778
741
669
594
570
614
660
648
577
521
507
500
492
475
382
223
152
186
187
114
74
76
41
-37
-108
-144
-168
-230
-305
-330
-439
-810
-1182
-1112
-830
-963
-1439
-1655
-1534
-1402
-1290
-1176
-1274
-1447
-1247
-778
-574
-627
-568
-387
-247
-104
72
167
207
285
337
329
379
517
602
564
468
422
477
571
590
547
536
545
560
631
719
690
580
561
648
719
709
644
570
559
621
666
638
603
588
564
521
505
518
480
378
290
256
233
187
161
149
72
-20
-58
-74
-116
-179
-254
-334
-435
-676
-1017
-1108
-908
-920
-1345
-1664
-1573
-1394
-1320
-1265
-1338
-1505
-1382
-946
-668
-684
-667
-500
-316
-158
-32
25
91
219
320
356
392
450
486
494
485
466
499
588
626
585
553
558
569
617
704
735
667
619
654
689
686
666
649
637
662
713
739
719
654
576
540
560
572
536
454
361
288
242
218
191
137
66
20
-11
-58
-118
-192
-291
-343
-384
-664
-1074
-1109
-817
-887
-1407
-1712
-1613
-1470
-1351
-1233
-1357
-1602
-1465
-992
-727
-761
-746
-573
-390
-234
-95
-8
52
167
308
384
370
369
475
587
552
448
471
600
675
660
618
561
536
611
714
725
670
636
641
656
684
707
686
669
705
745
733
702
699
705
682
653
612
541
468
421
360
273
193
147
142
135
56
-70
-120
-86
-130
-285
-372
-445
-737
-1074
-1061
-909
-1125
-1556
-1682
-1570
-1560
-1541
-1401
-1411
-1549
-1399
-1002
-842
-895
-778
-522
-385
-302
-135
4
83
221
365
373
351
478
647
667
577
539
589
662
709
709
663
606
614
696
749
698
626
635
704
736
709
690
716
762
774
754
738
717
688
681
672
595
491
438
418
363
281
205
158
151
161
109
10
-64
-99
-139
-207
-284
-403
-624
-933
-1114
-1036
-966
-1224
-1601
-1689
-1540
-1452
-1434
-1396
-1399
-1401
-1240
-1018
-927
-843
-642
-480
-446
-349
-124
66
176
293
367
336
368
561
723
695
594
576
626
676
706
708
668
612
579
608
652
634
579
582
650
685
677
701
755
777
768
771
777
769
747
697
616
538
498
468
421
345
260
201
211
230
170
57
7
2
-87
-241
-317
-322
-479
-818
-1048
-1035
-1025
-1196
-1407
-1530
-1604
-1596
-1461
-1364
-1414
-1445
-1304
-1102
-959
-829
-682
-566
-473
-352
-212
-81
60
196
278
304
339
433
564
669
673
617
608
661
696
688
684
676
636
601
605
625
635
639
631
626
653
692
728
762
789
786
779
804
807
735
666
632
585
506
443
384
295
241
252
240
159
88
43
-22
-108
-184
-260
-364
-537
-785
-982
-1014
-1014
-1186
-1442
-1554
-1560
-1579
-1547
-1447
-1432
-1479
-1392
-1176
-1014
-906
-752
-596
-498
-371
-195
-64
15
137
273
326
357
457
573
620
651
707
734
707
713
753
755
702
651
627
616
611
614
615
617
631
659
693
719
751
791
827
825
798
762
730
703
671
622
538
437
357
318
303
277
223
143
48
-21
-55
-91
-182
-304
-450
-661
-867
-951
-976
-1114
-1339
-1483
-1540
-1594
-1599
-1520
-1478
-1517
-1486
-1342
-1212
-1110
-934
-731
-631
-566
-397
-175
-23
81
198
300
354
424
535
610
644
697
765
770
725
744
813
845
803
731
674
638
638
674
688
672
664
701
759
803
833
853
862
852
825
770
698
645
618
576
505
435
365
284
229
226
211
109
-26
-116
-185
-274
-343
-399
-544
-785
-963
-1017
-1079
-1225
-1365
-1466
-1591
-1680
-1628
-1518
-1491
-1482
-1382
-1249
-1155
-1037
-850
-689
-601
-492
-325
-173
-59
78
229
329
389
463
537
580
617
680
728
732
746
790
817
804
790
795
792
778
768
747
714
709
752
788
791
794
819
839
853
864
850
796
737
695
636
551
475
422
362
294
249
203
113
22
-27
-85
-201
-337
-444
-564
-731
-888
-996
-1107
-1241
-1348
-1419
-1507
-1600
-1620
-1565
-1521
-1494
-1433
-1336
-1238
-1123
-963
-801
-678
-556
-404
-267
-160
-37
108
223
299
376
453
512
579
657
716
746
772
804
826
843
857
859
851
857
869
851
832
827
829
825
836
852
844
824
823
834
824
803
777
726
651
587
543
493
433
371
288
172
57
-23
-96
-183
-280
-393
-541
-710
-853
-958
-1050
-1140
-1228
-1320
-1419
-1506
-1546
-1543
-1514
-1465
-1414
-1366
-1319
-1248
-1134
-984
-820
-661
-511
-376
-252
-127
10
145
256
341
410
467
516
569
624
673
705
739
777
816
847
866
877
866
848
840
846
855
856
842
820
802
797
803
809
810
795
772
739
700
652
602
544
487
434
380
325
259
182
92
-4
-94
-182
-271
-377
-507
-649
-790
-919
-1031
-1128
-1210
-1284
-1360
-1428
-1472
-1484
-1463
-1418
-1356
-1287
-1219
-1139
-1040
-916
-775
-634
-501
-375
-255
-136
-10
105
212
310
390
457
518
567
610
647
679
711
743
760
766
773
777
786
795
810
827
839
840
840
837
833
831
821
811
791
759
723
682
636
589
545
506
468
427
376
311
234
153
71
-9
-94
-183
-283
-404
-535
-666
-788
-902
-994
-1068
-1136
-1207
-1274
-1325
-1357
-1370
-1353
-1308
-1249
-1187
-1125
-1062
-988
-908
-802
-671
-535
-404
-283
-167
-67
28
124
231
328
415
488
546
579
602
634
670
705
733
763
780
789
794
799
813
826
845
860
866
866
859
850
839
827
815
796
768
728
686
638
589
540
492
445
385
314
235
153
65
-26
-123
-233
-353
-477
-595
-711
-824
-931
-1023
-1113
-1195
-1263
-1317
-1361
-1386
-1389
-1379
-1350
-1308
-1245
-1173
-1094
-1005
-908
-798
-684
-565
-442
-326
-210
-98
14
125
227
326
421
502
573
633
684
732
769
801
829
849
867
887
906
922
935
948
961
970
973
973
969
965
953
931
907
878
840
793
743
686
621
551
475
396
310
222
128
32
-69
-182
-302
-429
-556
-681
-803
-921
-1039
-1148
-1255
-1349
-1423
-1477
-1510
-1518
-1513
-1489
-1452
-1404
-1343
-1265
-1169
-1059
-935
-806
-680
-555
-435
-314
-199
-84
31
143
248
340
427
501
578
651
722
784
846
898
942
974
992
1005
1024
1052
1079
1103
1126
1142
1148
1142
1125
1106
1079
1050
1013
964
909
842
771
693
611
531
443
348
250
139
12
-125
-269
-411
-544
-669
-786
-899
-1007
-1116
-1225
-1328
-1427
-1502
-1551
-1583
-1593
-1590
-1574
-1543
-1499
-1432
-1347
-1243
-1124
-994
-858
-729
-608
-486
-358
-231
-97
34
165
285
395
490
574
646
714
787
850
910
962
1005
1042
1076
1112
1148
1178
1211
1232
1243
1243
1230
1211
1183
1157
1126
1090
1042
985
922
851
771
682
589
487
382
275
155
32
-100
-237
-376
-509
-648
-785
-916
-1049
-1175
-1295
-1411
-1512
-1585
-1639
-1669
-1678
-1673
-1649
-1611
-1554
-1488
-1408
-1308
-1197
-1072
-939
-800
-663
-520
-378
-235
-90
47
179
299
411
513
606
693
782
864
940
1009
1070
1116
1153
1181
1200
1217
1231
1248
1264
1282
1292
1297
1288
1276
1250
1207
1151
1082
1002
915
829
739
649
558
466
364
247
115
-32
-189
-361
-531
-699
-861
-1013
-1145
-1265
-1370
-1460
-1536
-1597
-1646
-1685
-1718
-1731
-1726
-1702
-1649
-1571
-1473
-1353
-1220
-1079
-936
-798
-668
-540
-410
-282
-159
-35
93
218
337
458
573
691
801
902
990
1063
1125
1176
1224
1265
1303
1340
1374
1400
1417
1414
1403
1383
1352
1313
1266
1217
1161
1099
1031
948
855
757
651
533
409
282
138
-7
-159
-313
-462
-613
-758
-897
-1031
-1163
-1296
-1419
-1530
-1622
-1688
-1736
-1767
-1778
-1774
-1756
-1718
-1661
-1582
-1482
-1361
-1229
-1093
-950
-809
-662
-515
-366
-215
-67
75
203
324
436
546
660
768
872
966
1042
1109
1168
1218
1266
1314
1364
1411
1447
1472
1486
1485
1474
1456
1425
1383
1328
1261
1185
1099
1001
895
790
680
556
425
279
120
-39
-206
-372
-535
-695
-848
-986
-1115
-1241
-1354
-1456
-1543
-1614
-1678
-1723
-1752
-1765
-1760
-1740
-1696
-1634
-1552
-1456
-1343
-1228
-1110
-988
-860
-722
-578
-432
-282
-128
20
169
313
453
592
726
849
953
1040
1117
1191
1263
1333
1399
1462
1516
1558
1585
1592
1581
1559
1532
1503
1466
1418
1358
1285
1200
1111
1003
884
759
622
471
303
122
-66
-249
-426
-595
-759
-917
-1071
-1221
-1355
-1485
-1601
-1694
-1766
-1812
-1841
-1851
-1842
-1811
-1755
-1687
-1608
-1517
-1414
-1301
-1184
-1061
-932
-799
-660
-521
-380
-238
-95
42
181
314
446
572
690
807
920
1030
1131
1224
1311
1396
1471
1535
1591
1634
1665
1685
1693
1686
1667
1635
1590
1531
1457
1365
1257
1137
1003
861
703
535
353
169
-23
-215
-404
-589
-769
-938
-1100
-1254
-1393
-1522
-1630
-1719
-1787
-1836
-1865
-1872
-1860
-1829
-1782
-1718
-1641
-1548
-1448
-1339
-1219
-1101
-974
-841
-710
-574
-435
-294
-152
-10
127
263
395
523
648
770
889
1005
1113
1218
1316
1410
1499
1578
1645
1695
1730
1751
1757
1746
1722
1685
1634
1566
1484
1386
1273
1139
990
825
643
447
251
49
-149
-343
-527
-702
-866
-1017
-1161
-1297
-1422
-1536
-1636
-1713
-1774
-1817
-1833
-1826
-1797
-1752
-1689
-1613
-1534
-1446
-1355
-1258
-1155
-1043
-923
-794
-656
-511
-364
-217
-78
63
199
325
450
574
699
825
950
1073
1189
1304
1414
1510
1589
1651
1700
1737
1761
1767
1756
1730
1692
1639
1573
1484
1375
1248
1105
947
771
583
384
187
-8
-198
-387
-574
-748
-907
-1058
-1200
-1336
-1454
-1550
-1627
-1683
-1729
-1749
-1745
-1712
-1666
-1618
-1563
-1498
-1424
-1343
-1261
-1175
-1077
-965
-831
-696
-557
-419
-281
-139
-1
124
237
345
464
592
719
845
970
1100
1231
1353
1449
1524
1583
1632
1667
1684
1681
1667
1649
1621
1574
1500
1401
1284
1151
999
825
636
439
252
68
-111
-288
-458
-618
-760
-892
-1020
-1141
-1254
-1347
-1425
-1484
-1525
-1549
-1549
-1525
-1492
-1449
-1401
-1349
-1284
-1214
-1141
-1064
-983
-888
-786
-673
-557
-439
-313
-181
-49
75
197
315
433
551
670
784
903
1018
1129
1229
1318
1395
1458
1505
1530
1538
1531
1503
1464
1409
1338
1256
1158
1040
906
764
610
445
281
116
-44
-199
-353
-500
-636
-761
-875
-977
-1067
-1147
-1209
-1261
-1298
-1324
-1334
-1327
-1307
-1279
-1244
-1201
-1151
-1092
-1024
-950
-870
-781
-692
-597
-498
-392
-280
-169
-53
63
178
294
408
524
635
743
849
945
1036
1118
1192
1257
1305
1340
1360
1364
1351
1324
1279
1215
1135
1035
919
794
658
515
365
219
69
-82
-228
-370
-501
-618
-720
-810
-888
-949
-998
-1035
-1059
-1072
-1072
-1063
-1050
-1025
-1000
-970
-933
-888
-834
-775
-712
-647
-574
-500
-428
-354
-276
-190
-95
2
100
202
309
413
515
616
712
807
894
974
1041
1091
1126
1144
1154
1151
1132
1097
1045
973
886
785
672
550
428
308
188
62
-69
-196
-317
-425
-522
-608
-683
-752
-811
-860
-902
-935
-951
-950
-935
-917
-896
-867
-837
-797
-752
-699
-637
-570
-496
-426
-358
-289
-217
-137
-53
35
120
200
280
361
440
521
596
676
755
833
902
953
996
1025
1042
1046
1039
1013
972
915
840
747
639
519
396
276
153
32
-94
-220
-337
-447
-543
-629
-708
-769
-810
-841
-870
-898
-919
-920
-905
-884
-862
-837
-803
-758
-711
-663
-611
-551
-480
-405
-330
-263
-193
-119
-36
46
130
211
295
385
476
563
636
713
795
879
956
1012
1050
1078
1100
1107
1093
1058
1006
942
866
765
637
500
362
230
99
-37
-177
-308
-427
-529
-624
-711
-788
-845
-889
-919
-940
-958
-965
-962
-940
-916
-887
-853
-814
-766
-711
-654
-594
-529
-459
-380
-302
-224
-146
-65
22
110
196
276
357
440
526
608
686
762
836
905
970
1023
1064
1094
1113
1115
1098
1064
1008
934
845
745
635
519
391
256
120
-19
-157
-291
-419
-538
-645
-740
-818
-891
-950
-992
-1022
-1034
-1037
-1032
-1017
-993
-959
-920
-874
-827
-770
-704
-633
-564
-493
-416
-338
-249
-156
-67
25
123
223
326
430
530
628
729
826
918
991
1047
1098
1136
1159
1165
1151
1125
1085
1026
951
863
763
655
543
422
298
165
35
-91
-211
-326
-439
-543
-640
-718
-790
-853
-907
-948
-975
-985
-988
-983
-962
-934
-894
-850
-803
-752
-695
-630
-565
-502
-436
-368
-293
-214
-136
-55
30
119
216
309
403
493
584
673
754
828
888
937
974
1000
1010
1003
980
941
894
832
757
674
583
489
389
285
175
69
-33
-130
-224
-314
-398
-473
-534
-589
-634
-670
-698
-715
-723
-724
-718
-707
-688
-668
-641
-612
-576
-536
-493
-444
-392
-340
-286
-226
-158
-89
-19
48
119
199
271
342
406
467
521
566
600
624
640
643
634
613
576
532
485
433
380
322
259
194
131
76
24
-23
-65
-106
-147
-180
-202
-218
-232
-245
-259
-272
-280
-283
-282
-283
-288
-294
-297
-294
-284
-273
-261
-250
-241
-226
-204
-171
-136
-104
-68
-32
10
66
117
165
209
249
286
317
346
365
373
368
352
325
291
251
203
151
90
29
-27
-77
-125
-170
-212
-248
-270
-282
-287
-287
-284
-277
-264
-245
-219
-192
-164
-133
-105
-74
-42
-13
13
39
59
82
107
134
156
175
192
213
231
247
264
279
294
306
316
323
326
324
316
306
287
261
229
188
136
76
13
-54
-125
-193
-260
-325
-389
-446
-494
-532
-557
-578
-585
-582
-567
-541
-508
-468
-423
-373
-316
-253
-193
-133
-76
-21
33
80
126
174
220
264
307
344
380
413
442
470
497
522
549
574
592
603
603
600
595
582
561
530
486
428
360
281
191
91
-7
-104
-199
-291
-384
-474
-556
-629
-691
-744
-784
-808
-820
-816
-806
-786
-748
-701
-640
-574
-504
-433
-360
-290
-218
-145
-80
-13
59
135
211
283
348
408
465
518
565
605
645
684
717
743
757
763
764
760
745
720
679
622
549
464
365
259
159
60
-34
-127
-224
-322
-420
-512
-598
-668
-723
-769
-800
-813
-814
-806
-790
-761
-719
-669
-616
-563
-517
-468
-407
-343
-272
-195
-115
-30
54
133
202
266
329
391
455
512
572
626
673
718
752
775
787
790
781
761
730
681
619
553
482
407
326
239
147
54
-44
-144
-244
-344
-431
-510
-573
-630
-679
-713
-729
-735
-732
-720
-702
-678
-644
-606
-566
-526
-479
-422
-360
-295
-233
-173
-104
-32
42
111
174
242
315
383
449
507
556
606
649
685
706
708
701
691
665
623
565
498
427
360
285
201
111
23
-57
-134
-203
-275
-339
-393
-428
-452
-476
-500
-514
-512
-494
-482
-472
-461
-441
-407
-373
-345
-321
-292
-250
-202
-163
-123
-83
-34
26
84
134
183
236
295
351
396
426
452
476
499
510
498
478
453
428
396
351
291
228
171
113
52
-18
-91
-159
-215
-264
-307
-348
-382
-400
-405
-404
-406
-402
-389
-363
-334
-310
-287
-259
-223
-182
-138
-99
-61
-22
23
68
107
137
164
200
233
262
284
306
324
347
364
373
377
373
366
352
329
299
261
221
178
134
84
28
-31
-86
-138
-190
-245
-296
-334
-365
-387
-406
-420
-425
-416
-405
-389
-365
-342
-309
-273
-237
-196
-158
-114
-66
-22
24
67
108
148
187
228
262
294
328
356
383
401
416
424
427
425
411
392
367
332
291
241
191
134
75
15
-42
-100
-155
-209
-259
-304
-344
-375
-402
-422
-433
-434
-430
-418
-399
-375
-345
-310
-271
-232
-192
-151
-107
-65
-23
17
54
92
132
165
196
224
255
283
310
334
353
375
387
399
403
403
393
377
353
316
274
229
178
121
61
2
-61
-117
-172
-223
-267
-308
-339
-364
-382
-392
-394
-390
-382
-365
-344
-317
-290
-261
-234
-202
-174
-144
-115
-86
-57
-28
3
37
70
105
142
180
224
263
302
337
368
395
413
428
429
423
410
384
349
305
255
201
139
74
4
-63
-125
-183
-234
-283
-323
-354
-371
-384
-390
-389
-379
-363
-342
-317
-292
-261
-228
-196
-165
-131
-97
-66
-34
2
32
63
97
130
162
194
224
251
280
305
326
342
355
361
364
361
350
334
306
276
238
193
142
92
38
-16
-69
-119
-171
-217
-255
-284
-311
-331
-344
-357
-360
-361
-354
-346
-331
-313
-294
-268
-246
-222
-190
-154
-120
-85
-46
-11
30
71
107
145
183
221
254
284
310
331
348
357
364
363
356
344
328
307
279
250
219
186
147
109
69
29
-13
-51
-89
-127
-159
-191
-217
-240
-257
-274
-286
-292
-298
-303
-301
-298
-294
-285
-276
-269
-253
-233
-211
-186
-158
-129
-97
-56
-17
19
54
96
141
182
218
245
277
302
327
340
344
345
344
342
328
305
278
249
224
196
158
114
71
33
-1
-36
-77
-120
-153
-174
-197
-221
-246
-264
-270
-264
-257
-258
-257
-246
-223
-201
-185
-176
-166
-137
-104
-80
-67
-59
-37
-6
27
47
57
71
101
136
157
163
163
180
205
217
209
191
180
181
180
160
125
94
82
75
53
17
-19
-37
-39
-43
-64
-93
-103
-100
-90
-93
-107
-116
-109
-89
-80
-86
-94
-93
-80
-59
-52
-56
-57
-48
-28
-9
-6
-8
1
22
44
56
56
56
66
83
89
83
70
72
76
76
66
45
28
25
25
16
1
-17
-26
-25
-25
-32
-47
-57
-57
-53
-57
-63
-74
-77
-70
-62
-57
-62
-62
-53
-41
-31
-26
-24
-15
-1
15
23
27
35
49
65
77
79
84
90
99
106
107
105
99
100
99
96
87
73
62
50
40
28
10
-8
-21
-32
-40
-53
-69
-80
-84
-84
-93
-100
-106
-107
-98
-97
-97
-95
-92
-79
-69
-66
-61
-54
-44
-34
-23
-18
-14
-5
4
14
23
29
36
40
46
51
55
59
63
63
64
66
66
64
62
62
59
54
48
47
45
43
37
30
24
20
19
16
7
0
-6
-10
-14
-18
-26
-30
-35
-37
-37
-39
-43
-43
-42
-41
-39
-36
-34
-35
-36
-34
-32
-26
-25
-22
-17
-15
-14
-10
-7
-2
-1
-2
-3
-2
3
6
8
8
8
15
17
20
21
19
18
20
20
24
27
24
25
27
29
29
28
27
19
22
18
11
11
7
7
5
3
1
-1
-1
-3
-5
-9
-12
-14
-16
-14
-15
-15
-16
-16
-16
-17
-17
-21
-22
-22
-19
-17
-18
-19
-15
-10
-8
-8
-7
-6
-3
1
-2
-2
-1
3
7
10
10
10
11
16
17
15
13
11
12
13
12
10
10
12
15
11
9
5
1
1
1
0
-5
-6
-5
-5
-4
-4
-7
-7
-5
-6
-7
-12
-14
-13
-10
-8
-9
-13
-9
-4
-2
-2
-3
-3
0
2
3
3
4
4
7
9
9
7
7
7
7
8
6
6
7
8
11
7
5
1
4
4
4
0
-2
-3
0
1
-3
-8
-9
-4
-6
-4
-4
-6
-4
-4
-1
-4
-3
-5
-3
-2
-3
-3
-4
-1
-1
-2
-5
-5
-3
1
1
0
0
-2
2
1
-2
-2
-1
-3
1
3
0
1
2
2
3
4
2
-2
-1
1
1
0
3
3
3
3
4
2
2
0
1
2
1
2
1
2
2
4
1
0
0
-1
-2
-3
-6
-5
-4
-2
-2
-2
-3
0
-1
1
0
0
-1
1
1
1
2
2
1
2
3
2
3
3
4
0
0
-3
0
-3
-1
0
-1
0
-2
-1
-2
-4
-4
-4
-5
-3
-1
-2
0
-2
-3
1
3
4
3
3
1
1
1
0
-1
2
2
1
2
3
3
3
3
0
-2
-3
-3
-3
-6
-3
-1
-2
-1
3
-1
-1
-2
-2
-4
-4
0
-2
-3
-2
-1
-2
0
-1
0
-1
-2
-3
-3
0
0
-2
2
4
4
2
4
6
4
4
3
4
4
5
6
3
4
2
3
4
3
3
-1
-1
0
1
2
-1
-2
-1
0
-3
-1
-4
-4
-5
-3
-4
-4
-3
-5
-5
-3
-2
-4
-6
-5
-4
-3
-2
-1
-3
0
-1
-1
-1
-2
-1
-1
1
1
0
0
2
5
4
0
3
7
6
5
4
1
1
4
4
2
2
2
1
3
5
3
0
0
2
1
1
-2
-3
-3
-2
-1
-1
-1
0
3
0
-2
-3
-4
-2
0
-1
-4
