-2
-3
-2
-5
-3
-3
-1
-2
-4
-2
-1
-1
-2
-2
-2
0
0
1
2
3
4
3
3
2
3
1
1
-1
0
0
-2
-1
-1
0
2
1
2
1
1
1
4
3
4
4
1
1
2
2
4
4
0
0
1
0
0
-2
-1
-2
-1
-1
-3
-2
-3
-3
-4
-4
-3
-2
-3
-1
-3
-1
-2
-1
0
0
-1
-1
2
0
0
0
0
2
1
1
0
0
2
3
5
3
4
1
-1
-1
2
0
0
1
1
1
-1
1
-1
1
-1
1
0
0
0
0
-1
0
-1
-1
-1
0
-2
-1
-4
-1
1
2
-1
-2
-2
-2
-1
-2
-1
0
-2
-2
-1
-2
-1
0
-2
0
-1
2
2
1
2
0
1
1
1
1
-2
0
4
3
4
2
1
3
1
1
0
2
2
2
2
1
1
2
0
0
0
-1
1
2
-1
-2
1
0
0
-2
-2
-1
-2
-1
-3
0
0
-2
-2
-3
-3
-3
-3
-2
-1
-1
-2
-1
-3
-2
0
0
0
2
0
0
0
2
1
2
2
4
3
2
3
4
4
3
3
1
0
0
0
1
0
0
1
-2
-4
0
1
1
2
0
-1
-2
1
-3
-2
-3
-3
-1
-2
-3
-3
-1
2
1
-2
0
-2
-3
-3
0
0
-1
-1
-1
-1
-4
-1
-1
-3
-1
-1
-2
-3
0
0
0
2
0
1
0
2
1
0
0
1
2
3
3
2
2
2
3
2
1
1
2
2
4
2
3
3
4
4
2
4
3
2
-1
-2
-1
2
1
-1
0
0
0
-1
1
1
1
-2
-1
0
0
-1
-3
-4
-8
-5
-4
-6
-7
-3
-5
-3
-4
-5
-5
-5
-2
-1
0
0
-1
-2
-3
-3
-3
-1
0
0
1
0
0
0
0
2
3
4
3
7
5
4
5
5
3
4
5
5
7
8
9
8
7
6
6
5
2
4
2
1
0
0
-1
-1
-2
-5
-2
-4
-4
-5
-7
-6
-4
-4
-4
-5
-7
-6
-3
-4
-7
-6
-6
-4
-5
-3
-3
-5
-3
-3
-2
-3
-3
-3
-1
0
2
2
2
2
3
3
1
1
2
2
3
6
4
4
4
6
4
6
7
5
4
6
9
8
7
7
8
5
7
5
5
8
5
7
6
3
3
2
1
0
1
0
-3
-5
-7
-7
-9
-10
-12
-11
-10
-13
-12
-13
-11
-11
-11
-10
-10
-12
-10
-12
-10
-10
-7
-8
-9
-4
-6
-4
-2
-1
-2
-1
4
5
9
10
11
15
16
26
35
33
36
36
40
56
61
61
63
63
78
81
78
80
75
80
86
82
75
68
63
63
52
40
32
19
8
-6
-21
-37
-52
-73
-95
-112
-129
-146
-159
-185
-203
-212
-225
-231
-255
-271
-271
-273
-268
-275
-287
-273
-264
-248
-236
-233
-214
-189
-163
-136
-114
-86
-52
-16
16
53
89
124
161
198
235
281
321
351
387
412
462
500
520
543
562
579
594
603
605
606
602
592
575
554
526
497
457
413
365
310
250
188
120
46
-29
-111
-189
-269
-347
-426
-505
-582
-653
-717
-777
-828
-870
-904
-926
-939
-945
-934
-914
-887
-852
-808
-759
-702
-643
-579
-506
-433
-359
-283
-206
-131
-55
17
89
162
234
305
378
451
515
579
641
699
754
802
846
886
927
957
981
1003
1018
1021
1018
1006
986
958
924
879
827
770
706
632
553
466
370
269
160
46
-71
-190
-309
-430
-548
-662
-775
-880
-979
-1074
-1159
-1232
-1288
-1331
-1360
-1367
-1365
-1347
-1314
-1271
-1214
-1143
-1062
-970
-868
-762
-657
-549
-441
-339
-238
-139
-39
58
153
242
322
396
474
547
619
688
753
815
870
926
976
1021
1060
1096
1132
1156
1171
1182
1179
1169
1154
1131
1102
1065
1025
971
908
835
748
651
550
452
353
243
133
15
-116
-256
-397
-537
-677
-806
-926
-1042
-1157
-1265
-1369
-1457
-1523
-1569
-1588
-1596
-1582
-1553
-1512
-1460
-1390
-1300
-1192
-1067
-931
-794
-666
-547
-429
-312
-193
-68
59
183
293
387
468
537
602
670
743
813
880
934
973
1008
1040
1076
1113
1152
1187
1209
1218
1219
1212
1202
1190
1179
1161
1132
1086
1026
953
872
787
707
619
527
426
316
196
64
-76
-219
-368
-516
-659
-796
-932
-1060
-1184
-1306
-1426
-1534
-1628
-1701
-1745
-1759
-1747
-1723
-1686
-1637
-1579
-1503
-1403
-1281
-1134
-976
-816
-659
-516
-377
-239
-99
47
194
334
458
559
638
700
760
820
890
961
1031
1078
1108
1116
1113
1112
1126
1162
1204
1244
1263
1258
1231
1189
1149
1119
1099
1086
1063
1021
959
876
784
691
598
510
424
335
236
122
-11
-157
-310
-469
-625
-768
-905
-1037
-1161
-1280
-1401
-1522
-1632
-1716
-1775
-1801
-1797
-1774
-1734
-1684
-1626
-1553
-1460
-1347
-1209
-1051
-885
-718
-560
-409
-269
-133
6
144
281
415
536
633
706
763
806
844
886
934
996
1051
1085
1100
1104
1090
1073
1078
1104
1143
1173
1194
1195
1167
1123
1077
1040
1011
985
958
920
857
776
687
597
507
415
330
246
139
-6
-158
-322
-510
-695
-831
-924
-1031
-1147
-1241
-1343
-1493
-1649
-1741
-1773
-1777
-1745
-1659
-1564
-1511
-1485
-1432
-1354
-1259
-1119
-922
-710
-532
-380
-246
-152
-73
36
160
271
381
503
579
587
588
625
637
629
696
840
931
946
991
1055
1019
938
970
1070
1129
1186
1287
1326
1272
1230
1221
1162
1098
1099
1100
1018
908
839
755
609
477
421
384
298
151
-16
-197
-489
-945
-1315
-1392
-1397
-1568
-1644
-1463
-1436
-1740
-1937
-1841
-1785
-1797
-1568
-1218
-1081
-1084
-1014
-965
-981
-889
-672
-461
-293
-135
-41
-44
-76
-20
125
305
473
612
683
655
589
550
560
620
728
759
651
560
617
731
769
798
909
1053
1057
950
966
1119
1078
876
903
1074
1052
971
1047
1037
857
766
824
833
745
624
533
504
463
312
104
10
-133
-720
-1749
-2404
-2237
-1993
-2224
-2287
-1837
-1629
-1930
-2093
-1904
-1654
-1259
-692
-340
-359
-487
-552
-526
-470
-453
-349
-97
13
-173
-368
-417
-356
-107
296
588
756
939
1038
955
862
896
1005
1104
1146
1080
771
295
78
328
588
629
802
1124
1167
991
960
1024
1133
1356
1538
1480
1346
1189
911
602
417
363
430
483
327
135
76
-5
-167
-215
-165
-160
-487
-1556
-2894
-3209
-2532
-2311
-2690
-2509
-1834
-1682
-1976
-2044
-1792
-1263
-507
4
-10
-148
-88
-16
-165
-416
-430
-123
149
99
-93
-167
-84
143
461
758
1077
1470
1731
1629
1315
1134
1171
1188
1033
813
538
195
70
232
330
381
718
1083
1082
1016
1164
1312
1370
1416
1394
1320
1208
941
608
350
146
158
302
61
-350
-225
85
-88
-308
-120
2
-612
-2083
-3392
-3262
-2442
-2538
-2901
-2329
-1685
-1768
-1932
-1924
-1801
-1127
-197
197
164
102
22
-10
-171
-568
-549
63
400
215
69
17
-29
194
599
954
1404
1886
1987
1654
1255
1077
1096
1078
893
681
538
332
-44
-328
-112
488
874
916
1076
1401
1478
1327
1225
1177
1190
1273
1195
859
470
176
-36
-145
-174
-208
-215
-110
81
162
39
-19
60
-471
-2018
-3395
-3352
-2641
-2608
-2880
-2477
-1782
-1609
-1824
-1922
-1646
-912
-51
375
355
298
280
103
-232
-507
-455
-63
252
158
-115
-200
-68
192
579
1014
1473
1928
2084
1716
1205
1066
1136
977
678
553
452
131
-213
-362
-292
118
741
1048
1049
1232
1509
1506
1352
1191
1051
1122
1188
875
479
265
7
-189
-160
-182
-195
65
288
245
180
187
269
-8
-1533
-3485
-3726
-2673
-2551
-3066
-2557
-1548
-1315
-1624
-1832
-1706
-1050
-106
498
537
282
122
113
-199
-770
-771
-116
296
145
-123
-247
-200
63
453
913
1486
2010
2145
1778
1237
951
904
715
384
320
445
218
-326
-600
-395
116
718
1060
1135
1379
1731
1701
1335
1021
928
1098
1215
900
487
369
186
-149
-192
-41
-2
131
372
390
280
325
443
147
-1217
-3149
-3842
-3078
-2731
-3112
-2719
-1662
-1245
-1476
-1675
-1573
-1046
-252
367
571
375
106
72
-165
-835
-1031
-373
158
37
-172
-123
0
119
355
833
1480
1997
2126
1833
1338
1016
932
731
348
194
331
258
-223
-536
-229
208
395
803
1431
1619
1493
1533
1457
1096
911
1022
1122
986
592
251
64
-267
-462
-134
140
10
118
562
669
369
209
229
-564
-2607
-4054
-3363
-2405
-2873
-3067
-1883
-1002
-1286
-1721
-1685
-1209
-461
179
509
517
224
-66
-240
-663
-1048
-659
79
187
-152
-203
-7
130
359
823
1378
1881
2164
2004
1531
1123
887
671
416
227
235
339
168
-323
-597
-261
336
773
1145
1526
1705
1604
1355
1063
858
871
1033
1075
777
339
74
-100
-288
-311
-117
182
495
605
500
465
500
428
-70
-1583
-3448
-3855
-3065
-2968
-3235
-2428
-1268
-1021
-1329
-1481
-1342
-871
-176
384
544
325
33
-161
-522
-1012
-1054
-483
16
-14
-171
-59
145
283
569
1088
1648
2052
2152
1831
1302
935
717
411
107
69
246
263
-48
-330
-165
338
754
936
1081
1320
1458
1362
1190
1024
902
968
1053
811
382
121
45
7
-63
-85
81
365
466
360
413
673
721
499
-124
-1864
-3932
-4153
-2997
-2812
-3167
-2250
-823
-536
-1215
-1718
-1447
-710
-96
332
619
497
84
-246
-638
-1162
-1167
-399
241
121
-127
67
305
305
491
1047
1675
2109
2177
1775
1176
740
441
142
-79
-107
57
214
36
-293
-162
451
931
1060
1175
1401
1449
1200
909
805
842
916
923
693
280
39
34
12
-19
73
209
379
580
615
555
626
625
410
-165
-1785
-3887
-4359
-3267
-2837
-3003
-2141
-785
-379
-835
-1310
-1227
-631
-78
301
594
439
-90
-398
-640
-1089
-1147
-521
85
163
50
156
333
411
663
1217
1748
2051
2106
1782
1155
604
291
51
-174
-162
176
368
69
-264
-94
406
802
991
1168
1417
1433
1047
716
680
653
655
743
585
224
61
42
-34
-38
120
344
530
604
571
512
482
420
346
124
-1029
-3126
-4274
-3629
-2957
-3025
-2492
-1143
-274
-442
-1072
-1336
-903
-257
140
370
446
257
-88
-515
-1010
-1208
-753
-35
283
231
276
425
476
576
924
1460
1997
2232
1920
1275
699
313
11
-250
-282
55
356
172
-208
-213
184
630
905
1052
1248
1424
1229
759
542
597
620
613
582
380
149
93
69
14
112
361
578
693
706
619
499
396
332
286
-295
-2053
-3942
-4110
-3097
-2776
-2782
-1802
-482
-106
-648
-1221
-1135
-544
-31
324
523
307
-117
-371
-704
-1177
-1139
-442
159
182
21
126
367
485
655
1123
1673
1995
1947
1521
936
492
198
-81
-234
-95
247
362
12
-311
-71
480
817
932
1128
1389
1392
1058
729
607
565
560
575
473
308
237
202
101
50
211
482
607
579
609
708
657
347
99
48
-751
-2854
-4444
-3869
-2740
-2779
-2680
-1386
-281
-380
-982
-1210
-832
-219
205
488
549
177
-247
-395
-677
-1101
-908
-73
415
184
-4
269
521
590
897
1432
1822
1996
1885
1340
644
205
34
-84
-213
-118
203
233
-167
-343
59
579
869
1068
1306
1424
1235
861
606
510
429
430
524
465
270
209
226
149
109
279
557
760
770
645
583
509
286
178
-202
-1906
-4038
-4291
-3059
-2690
-2947
-2047
-535
-154
-812
-1250
-1031
-517
-2
414
556
302
-100
-328
-582
-1106
-1313
-630
170
179
-74
159
500
579
780
1253
1674
1913
1987
1702
1020
378
119
54
-66
-100
123
366
185
-310
-379
186
753
1003
1242
1477
1437
1138
757
452
384
484
534
501
444
371
294
177
30
65
368
671
808
777
552
343
363
325
94
-424
-1903
-3831
-4258
-3262
-2793
-2761
-1861
-650
-270
-660
-1136
-1059
-417
96
342
574
436
-72
-370
-615
-1137
-1277
-630
47
170
88
223
458
561
686
1094
1643
1981
1965
1593
947
345
30
-140
-264
-194
61
157
-104
-384
-189
421
906
1093
1278
1477
1397
1078
775
539
436
565
684
542
346
316
330
243
147
245
562
801
794
688
577
481
359
210
140
-390
-2175
-4101
-4217
-3167
-2779
-2623
-1634
-568
-367
-701
-968
-880
-398
188
569
582
211
-186
-397
-809
-1390
-1312
-484
105
94
67
298
472
492
654
1087
1559
1857
1872
1426
695
238
141
11
-164
-104
114
200
-49
-416
-240
520
1104
1243
1348
1474
1349
985
611
459
599
791
821
724
517
271
174
156
79
161
500
788
829
625
302
172
174
-5
-112
-377
-1869
-3833
-4104
-3074
-2747
-2764
-1819
-580
-253
-673
-1008
-832
-409
-56
349
620
257
-323
-436
-557
-1118
-1278
-503
306
357
109
176
383
441
611
1103
1615
1860
1847
1475
755
173
71
117
-33
-142
67
290
86
-270
-107
578
1132
1255
1246
1280
1183
923
703
611
639
782
853
657
310
142
210
225
101
168
474
660
676
616
329
53
84
103
0
-244
-1444
-3424
-4214
-3348
-2665
-2703
-2201
-988
-217
-435
-1031
-1101
-546
-1
251
406
329
-65
-408
-610
-946
-1127
-649
94
339
157
138
300
378
516
929
1456
1841
1912
1554
917
400
235
216
102
23
165
310
93
-304
-228
448
1034
1104
1070
1237
1300
1029
681
594
741
882
861
688
461
294
204
137
118
205
366
520
570
502
334
75
-94
7
216
154
-714
-2545
-4081
-3922
-2902
-2511
-2317
-1487
-577
-351
-819
-1320
-1024
-97
491
543
436
151
-256
-532
-780
-1013
-813
-159
299
214
-41
-42
167
390
693
1192
1717
1927
1650
1063
518
248
186
153
152
212
227
100
-176
-338
-7
669
1118
1227
1280
1278
1101
859
698
703
869
983
824
486
180
30
127
283
218
158
365
575
570
418
211
175
308
286
215
-24
-1407
-3507
-4212
-3281
-2536
-2394
-1862
-944
-475
-721
-1115
-958
-320
185
417
549
360
-177
-544
-610
-785
-995
-685
-30
193
-34
-112
16
127
427
1017
1524
1742
1723
1403
880
481
273
133
89
136
146
88
-18
-216
-272
168
826
1177
1296
1352
1198
958
866
789
747
900
936
626
291
78
-53
10
129
120
194
392
509
568
475
151
84
343
363
143
-494
-2212
-3896
-3700
-2584
-2382
-2385
-1534
-633
-511
-908
-1152
-744
27
469
578
530
138
-315
-435
-625
-1078
-1037
-293
223
40
-226
-130
74
236
587
1209
1765
1891
1582
1102
646
307
165
180
203
175
169
137
-95
-363
-160
517
1041
1184
1270
1350
1218
970
817
781
814
856
753
422
45
-112
1
126
113
126
296
480
528
439
294
195
172
161
159
93
-651
-2413
-3931
-3725
-2551
-2060
-2040
-1489
-755
-652
-1003
-1085
-587
157
599
609
375
-29
-396
-514
-677
-1009
-903
-233
130
-148
-370
-196
72
363
806
1337
1786
1928
1625
1059
518
201
228
401
358
195
186
147
-140
-373
-101
603
1184
1333
1276
1206
1076
951
880
753
671
758
702
328
-29
-98
34
161
120
44
232
566
716
626
329
64
183
341
164
-54
-762
-2573
-3959
-3442
-2382
-2108
-1913
-1326
-890
-861
-1054
-1003
-445
139
402
552
411
-192
-602
-519
-586
-908
-774
-184
86
-129
-316
-240
33
454
972
1437
1667
1645
1428
976
462
305
463
534
381
132
3
-22
-197
-339
52
754
1190
1288
1225
1075
960
954
940
865
822
766
526
169
-49
-44
75
160
129
120
239
381
524
621
440
94
48
238
214
-40
-741
-2353
-3781
-3394
-2139
-1837
-1935
-1455
-1058
-1089
-1095
-965
-571
139
602
534
204
-231
-485
-362
-394
-767
-759
-229
67
-140
-359
-277
51
516
975
1266
1435
1541
1407
991
602
496
628
724
559
234
43
-11
-148
-288
-27
641
1143
1135
936
866
885
907
894
797
701
678
555
226
-70
-95
82
226
162
-2
54
340
516
514
412
169
24
177
250
71
-305
-1442
-3096
-3523
-2416
-1639
-1826
-1842
-1421
-1212
-1224
-1095
-713
-147
334
468
294
-57
-335
-246
-84
-363
-678
-412
-38
-174
-418
-325
-82
223
659
1045
1297
1464
1452
1188
881
767
844
863
602
225
61
57
-83
-251
-43
492
836
832
796
818
792
843
1005
1049
958
848
649
357
90
-52
49
226
164
-15
7
164
280
347
320
183
108
198
278
175
-99
-906
-2432
-3401
-2697
-1637
-1735
-2131
-1826
-1421
-1377
-1277
-904
-372
93
272
279
202
-76
-223
-8
-61
-490
-460
-50
-115
-458
-400
-166
-28
324
883
1231
1310
1307
1223
1060
920
886
898
767
479
279
214
70
-166
-215
53
412
590
626
702
763
796
950
1102
1024
896
832
620
309
180
197
196
142
22
-62
32
154
172
256
347
189
38
226
408
254
-213
-1278
-2716
-3078
-2059
-1450
-1941
-2227
-1844
-1513
-1392
-1255
-1034
-530
127
383
216
47
34
170
248
-60
-471
-397
-79
-115
-364
-426
-295
49
540
830
910
1116
1342
1267
1032
937
946
898
714
431
196
128
65
-158
-253
28
363
471
550
684
775
909
1080
1070
959
909
806
600
408
262
198
201
74
-152
-154
31
147
245
376
328
160
174
269
219
147
-268
-1607
-2921
-2632
-1540
-1529
-2180
-2160
-1726
-1529
-1429
-1210
-830
-348
15
265
386
173
-11
211
178
-364
-465
23
126
-298
-532
-382
-117
178
461
699
922
1138
1256
1202
1024
916
925
836
577
391
360
252
-42
-323
-330
-8
411
623
626
657
767
871
972
1006
960
909
791
582
451
358
207
127
88
-46
-67
109
242
329
404
175
-135
42
403
309
18
-486
-1757
-2855
-2382
-1369
-1475
-2107
-2151
-1842
-1538
-1289
-1207
-992
-427
32
214
305
144
-45
161
198
-304
-475
-22
146
-171
-398
-382
-187
192
510
657
841
1043
1114
1119
1038
835
792
915
796
528
458
340
-23
-239
-130
82
384
689
708
576
619
764
879
932
851
768
840
826
572
334
195
58
-1
27
81
182
231
145
130
175
69
36
202
173
-33
-306
-1280
-2602
-2600
-1503
-1262
-1892
-2143
-2053
-1913
-1483
-1084
-961
-623
-17
350
299
-4
-137
118
236
-57
-144
120
92
-218
-302
-239
-201
42
443
642
681
809
980
1006
872
765
839
935
827
634
509
337
82
-85
-58
202
564
709
601
469
406
558
931
1059
874
847
880
674
502
472
333
202
198
135
68
132
142
63
96
107
-48
-28
229
182
-141
-339
-989
-2211
-2465
-1454
-1085
-1818
-2232
-2034
-1829
-1562
-1218
-956
-615
-292
-182
-55
23
-91
23
273
80
-175
19
157
-40
-179
-222
-221
44
388
459
460
615
809
944
942
792
751
874
832
617
545
524
325
118
128
283
454
575
596
539
495
590
810
937
899
870
877
772
617
506
392
290
243
182
115
121
150
156
184
154
-10
-63
158
255
-26
-316
-648
-1525
-2302
-1859
-1015
-1318
-2185
-2266
-1839
-1622
-1412
-1065
-856
-745
-500
-201
-113
-239
-200
103
157
-143
-162
131
88
-220
-246
-96
-12
172
410
459
468
669
869
846
725
725
836
839
673
591
613
497
321
327
389
386
492
675
692
586
572
710
886
936
847
754
692
633
573
488
380
308
266
210
150
139
198
300
305
118
-30
58
117
-94
-327
-400
-813
-1773
-2260
-1587
-973
-1489
-2194
-2121
-1790
-1566
-1133
-814
-998
-1035
-503
-110
-234
-336
-119
121
104
-98
-187
-45
82
25
-49
-35
38
273
559
572
454
557
765
841
782
683
655
699
690
644
622
521
364
385
458
413
515
763
735
521
534
715
834
840
731
586
524
499
421
325
238
210
310
393
295
160
196
349
353
152
-11
35
116
6
-254
-535
-1027
-1743
-1928
-1249
-939
-1686
-2234
-1866
-1507
-1430
-1138
-981
-1149
-960
-422
-256
-392
-321
-76
61
-45
-185
-59
150
107
21
87
109
168
452
601
412
334
593
821
767
580
498
572
621
547
506
529
477
463
547
516
442
620
834
714
495
527
703
784
701
512
381
427
532
532
413
293
316
434
389
181
168
423
531
289
20
0
69
22
-128
-341
-745
-1373
-1737
-1341
-817
-1191
-2048
-2185
-1685
-1354
-1199
-1081
-1244
-1365
-912
-335
-287
-466
-413
-247
-131
-53
-14
24
85
106
121
188
280
415
537
456
319
455
696
709
600
544
474
459
580
664
616
561
563
596
625
634
654
681
651
634
705
761
762
738
608
415
362
438
460
408
328
253
231
273
304
291
296
328
311
227
115
20
6
6
-131
-321
-563
-1146
-1739
-1463
-808
-1175
-2129
-2169
-1577
-1374
-1295
-1093
-1245
-1440
-1026
-454
-389
-565
-521
-285
-115
-101
-47
152
238
125
105
211
284
413
571
495
309
388
626
681
536
401
423
532
557
556
662
718
647
636
703
685
656
698
706
701
724
709
677
633
503
407
481
550
479
383
325
284
318
381
387
372
382
388
345
210
42
-6
26
-35
-200
-335
-568
-1146
-1652
-1396
-877
-1197
-1965
-1996
-1513
-1327
-1245
-1122
-1356
-1526
-1011
-451
-525
-717
-555
-297
-158
-43
86
152
113
105
244
361
361
417
492
391
275
381
516
481
380
355
419
485
509
585
736
772
699
703
746
740
784
832
738
632
633
627
569
534
496
457
466
465
448
433
355
290
386
508
475
393
368
321
251
176
54
-29
-19
-81
-274
-441
-695
-1260
-1624
-1198
-741
-1238
-1979
-1892
-1457
-1363
-1324
-1284
-1508
-1527
-990
-542
-593
-689
-523
-307
-144
40
170
166
154
240
342
384
431
469
422
373
388
414
483
577
520
374
407
566
628
674
771
743
625
639
738
757
714
676
661
646
583
539
596
632
558
505
525
505
443
421
420
402
398
415
401
317
220
207
237
151
-45
-120
-50
-109
-331
-466
-678
-1212
-1462
-979
-705
-1370
-2032
-1856
-1487
-1431
-1371
-1378
-1603
-1475
-835
-495
-698
-773
-472
-170
2
130
150
95
144
266
291
322
466
552
471
353
296
331
477
573
460
357
496
671
657
595
612
638
666
726
738
677
641
672
688
612
526
581
695
668
541
491
525
525
483
439
396
375
409
407
280
176
231
327
267
93
-3
38
78
-27
-221
-376
-648
-1132
-1285
-864
-774
-1538
-2118
-1801
-1388
-1410
-1437
-1427
-1570
-1417
-829
-536
-765
-840
-457
-90
-30
-35
45
75
92
264
420
392
362
415
389
311
348
453
514
492
395
377
515
613
595
646
705
604
540
650
701
626
628
709
704
644
633
662
696
676
586
502
477
481
499
493
371
252
299
358
273
247
333
298
162
125
117
55
32
23
-106
-437
-954
-1259
-980
-676
-1136
-1877
-1959
-1573
-1363
-1350
-1427
-1616
-1562
-1073
-670
-694
-785
-671
-479
-245
-8
60
43
158
324
362
370
417
417
391
408
423
384
398
479
470
376
400
537
598
578
568
531
501
603
740
704
579
594
706
734
652
590
617
634
570
514
534
550
504
443
381
331
342
367
308
206
195
266
270
159
27
3
69
56
-86
-248
-547
-1026
-1196
-857
-738
-1284
-1792
-1723
-1489
-1387
-1308
-1352
-1535
-1450
-999
-660
-678
-770
-697
-494
-221
36
135
110
139
252
324
365
456
523
485
405
355
356
427
497
469
386
366
444
551
584
510
448
522
692
789
715
598
628
768
827
765
691
659
664
655
578
496
510
543
456
304
266
331
368
323
249
208
213
237
174
28
-26
6
-98
-275
-385
-699
-1174
-1154
-723
-879
-1606
-1858
-1560
-1422
-1407
-1271
-1358
-1583
-1300
-722
-619
-874
-838
-530
-336
-210
-22
74
48
95
247
339
390
486
532
445
353
363
443
518
506
393
332
424
557
609
579
516
525
660
757
684
608
705
827
802
710
684
709
718
687
624
548
514
557
566
435
289
309
397
381
316
306
307
239
140
68
34
-5
-48
-123
-433
-956
-1171
-869
-734
-1247
-1778
-1750
-1554
-1512
-1403
-1304
-1495
-1596
-1206
-784
-779
-859
-703
-513
-381
-181
-1
30
54
181
311
385
470
541
524
456
422
455
519
548
483
396
382
424
466
531
577
527
480
548
627
614
642
744
743
636
627
732
778
723
651
591
556
553
563
519
422
362
361
367
357
350
327
274
195
101
32
20
-13
-143
-348
-677
-1023
-1037
-778
-873
-1458
-1812
-1594
-1318
-1351
-1460
-1504
-1525
-1377
-1008
-770
-839
-853
-595
-330
-247
-165
7
118
145
225
360
428
453
506
519
443
421
546
646
548
398
429
547
538
482
518
547
500
519
607
616
603
692
731
621
558
662
764
725
605
518
527
588
585
476
362
347
394
392
327
271
279
287
207
99
73
73
-10
-115
-226
-523
-908
-960
-724
-795
-1286
-1626
-1557
-1422
-1393
-1367
-1447
-1619
-1523
-1103
-835
-893
-916
-718
-468
-278
-152
-79
7
139
247
304
374
443
475
501
511
489
508
586
616
561
516
536
562
575
592
575
526
528
564
572
617
691
649
531
523
630
703
719
682
581
517
588
657
562
414
384
427
408
317
268
294
291
163
7
-19
17
-36
-147
-298
-619
-957
-936
-715
-863
-1349
-1613
-1540
-1435
-1382
-1331
-1405
-1553
-1465
-1114
-850
-822
-801
-636
-434
-304
-194
-42
101
164
178
232
334
453
536
514
427
410
521
627
648
616
574
546
570
622
631
604
564
522
524
604
693
685
589
510
545
689
788
740
637
599
591
534
492
509
504
432
365
336
300
271
261
211
90
-3
-16
-25
-80
-226
-542
-890
-949
-754
-760
-1126
-1470
-1531
-1486
-1458
-1404
-1413
-1529
-1505
-1244
-1034
-983
-888
-700
-563
-448
-246
-47
74
165
233
249
296
448
587
593
524
497
525
577
627
647
629
592
568
587
626
639
587
507
499
570
629
622
586
567
577
624
687
707
690
671
647
608
588
598
589
532
475
426
368
311
269
191
85
11
-32
-86
-184
-395
-707
-901
-852
-808
-1021
-1326
-1464
-1481
-1477
-1435
-1423
-1502
-1500
-1310
-1152
-1131
-1040
-806
-641
-599
-478
-259
-84
31
163
257
272
324
465
575
575
559
582
590
580
593
631
650
661
684
681
650
618
611
620
624
619
608
603
600
607
629
647
646
656
681
695
696
672
611
536
513
514
481
426
370
278
154
67
19
-32
-106
-218
-425
-699
-855
-821
-825
-1055
-1325
-1401
-1391
-1444
-1475
-1450
-1489
-1516
-1372
-1186
-1137
-1085
-889
-701
-621
-488
-276
-127
-35
107
222
241
277
389
484
508
531
570
594
617
659
690
688
697
743
786
759
668
623
676
738
718
648
602
592
629
706
730
653
589
634
693
665
619
615
601
554
520
493
438
378
319
229
114
4
-95
-191
-337
-570
-781
-842
-860
-1015
-1242
-1356
-1400
-1473
-1508
-1464
-1455
-1492
-1421
-1289
-1241
-1195
-1003
-782
-689
-612
-452
-284
-162
-16
124
182
226
358
494
524
525
584
641
637
637
675
694
698
726
741
696
665
717
769
758
744
758
755
739
752
749
721
722
742
706
626
576
566
556
537
504
439
382
363
335
260
172
106
46
-30
-144
-333
-545
-674
-741
-854
-1027
-1181
-1287
-1367
-1435
-1475
-1481
-1448
-1385
-1317
-1256
-1211
-1142
-987
-792
-666
-607
-493
-325
-220
-144
-14
129
211
283
381
450
487
550
623
643
636
669
728
749
703
643
640
696
736
721
708
733
749
746
771
804
797
792
817
816
758
696
663
618
560
520
496
456
374
267
177
140
115
40
-54
-130
-228
-393
-569
-673
-736
-826
-939
-1037
-1144
-1273
-1360
-1368
-1339
-1315
-1283
-1243
-1222
-1198
-1113
-969
-829
-725
-623
-500
-389
-282
-173
-61
50
170
281
349
402
467
524
553
586
659
725
747
740
717
686
674
701
732
741
730
725
723
701
693
733
800
842
828
781
730
698
669
625
564
499
444
408
368
290
185
90
31
-11
-72
-174
-315
-477
-618
-720
-798
-871
-948
-1040
-1138
-1207
-1240
-1249
-1243
-1221
-1189
-1158
-1106
-1033
-956
-881
-797
-685
-550
-415
-302
-218
-150
-79
0
90
192
277
328
368
421
480
522
562
604
633
663
693
716
721
709
703
708
715
727
749
773
787
787
780
774
775
773
766
755
729
690
645
591
527
462
385
311
238
158
68
-42
-173
-312
-443
-554
-647
-731
-822
-921
-1017
-1107
-1175
-1212
-1222
-1213
-1193
-1175
-1159
-1140
-1100
-1031
-945
-847
-746
-645
-557
-479
-402
-327
-242
-151
-53
41
122
189
256
326
389
449
511
569
620
669
718
754
774
796
823
856
896
925
936
929
919
913
909
909
903
889
862
833
796
755
705
645
584
518
450
373
275
151
9
-133
-263
-380
-493
-611
-747
-885
-1019
-1129
-1201
-1251
-1287
-1317
-1337
-1347
-1335
-1305
-1260
-1204
-1141
-1070
-984
-888
-786
-685
-588
-489
-387
-283
-171
-55
54
149
233
308
378
447
515
579
640
695
743
781
813
846
876
909
948
988
1027
1059
1074
1074
1064
1052
1035
1017
994
963
916
852
777
692
611
526
447
358
253
133
-3
-140
-279
-408
-534
-656
-778
-908
-1034
-1152
-1249
-1323
-1377
-1408
-1423
-1428
-1417
-1391
-1349
-1288
-1211
-1121
-1028
-927
-824
-723
-628
-535
-432
-322
-210
-95
14
113
205
292
376
462
542
621
692
752
805
855
907
963
1018
1072
1121
1157
1184
1205
1219
1226
1223
1215
1196
1164
1114
1050
967
872
774
674
569
451
324
183
31
-121
-264
-399
-524
-642
-768
-890
-1005
-1108
-1195
-1261
-1313
-1355
-1387
-1407
-1419
-1412
-1383
-1337
-1276
-1203
-1123
-1044
-958
-868
-773
-677
-570
-460
-359
-265
-168
-81
11
110
214
317
424
528
618
706
792
873
949
1026
1096
1155
1208
1251
1279
1295
1310
1317
1318
1312
1290
1248
1190
1122
1040
960
873
783
680
562
428
267
107
-55
-205
-349
-486
-627
-773
-917
-1058
-1178
-1274
-1342
-1388
-1419
-1444
-1464
-1476
-1472
-1445
-1392
-1321
-1230
-1138
-1053
-972
-890
-807
-711
-601
-484
-368
-256
-152
-63
20
102
201
309
417
522
616
696
770
844
923
1011
1104
1193
1265
1315
1352
1378
1397
1410
1418
1416
1390
1343
1270
1176
1075
975
875
764
636
492
330
161
-4
-159
-305
-444
-584
-731
-877
-1012
-1132
-1227
-1298
-1355
-1402
-1437
-1466
-1482
-1483
-1463
-1419
-1363
-1297
-1224
-1155
-1073
-988
-892
-785
-675
-559
-446
-341
-240
-144
-48
57
164
270
371
468
562
653
741
833
926
1019
1103
1178
1242
1298
1349
1388
1421
1443
1450
1440
1413
1371
1315
1247
1165
1067
950
821
674
516
350
178
4
-170
-342
-512
-671
-820
-955
-1074
-1177
-1261
-1327
-1376
-1408
-1425
-1426
-1411
-1387
-1349
-1298
-1240
-1178
-1111
-1035
-956
-869
-780
-687
-592
-502
-408
-310
-208
-105
1
104
202
298
393
486
583
681
778
868
953
1031
1102
1168
1233
1288
1332
1367
1385
1380
1362
1327
1276
1215
1137
1043
931
802
661
511
360
207
55
-97
-249
-394
-533
-660
-775
-878
-966
-1043
-1103
-1155
-1194
-1216
-1228
-1227
-1212
-1191
-1162
-1126
-1086
-1037
-981
-919
-854
-783
-712
-636
-558
-472
-382
-289
-193
-93
6
108
215
322
430
536
641
742
838
924
1005
1080
1141
1195
1235
1260
1273
1268
1249
1213
1163
1102
1022
933
828
711
590
465
341
212
83
-46
-170
-288
-400
-503
-598
-684
-757
-825
-885
-929
-967
-994
-1009
-1011
-1011
-999
-977
-950
-917
-880
-837
-789
-734
-679
-615
-549
-482
-411
-340
-264
-184
-102
-14
75
166
262
357
452
545
637
725
807
883
953
1010
1055
1090
1103
1104
1094
1063
1020
965
892
802
701
594
479
359
241
125
8
-107
-220
-325
-424
-511
-586
-649
-700
-747
-786
-813
-831
-838
-837
-829
-809
-787
-763
-735
-703
-670
-631
-588
-541
-489
-435
-379
-325
-263
-199
-131
-58
18
95
174
250
325
398
474
549
624
692
756
808
851
885
906
922
923
914
894
858
801
731
649
558
463
362
259
152
42
-72
-184
-287
-377
-456
-518
-573
-623
-668
-706
-735
-749
-749
-736
-713
-689
-667
-646
-625
-599
-561
-516
-461
-405
-354
-308
-269
-227
-185
-131
-66
0
72
138
203
262
317
373
437
506
579
647
705
745
772
787
793
795
791
776
744
697
628
545
449
356
265
174
82
-11
-110
-210
-304
-389
-459
-517
-556
-586
-611
-635
-653
-666
-667
-655
-633
-604
-575
-550
-531
-511
-494
-465
-431
-387
-340
-295
-251
-213
-167
-112
-49
25
107
188
268
339
408
478
551
629
705
771
823
855
870
870
862
845
816
775
719
640
549
446
342
233
129
27
-78
-177
-278
-371
-456
-524
-579
-623
-657
-686
-704
-718
-726
-719
-704
-679
-651
-619
-588
-560
-525
-492
-451
-400
-353
-303
-252
-205
-156
-102
-44
21
91
163
233
302
368
432
497
565
629
691
744
781
806
816
817
808
791
761
719
661
589
505
413
320
229
138
45
-46
-140
-231
-313
-385
-445
-499
-541
-578
-618
-647
-668
-680
-684
-676
-663
-646
-628
-607
-582
-546
-506
-458
-407
-355
-305
-253
-198
-141
-75
-7
62
126
192
251
314
380
441
505
564
615
653
683
699
709
715
707
689
661
619
565
500
429
359
289
218
142
65
-11
-86
-155
-220
-276
-325
-366
-404
-436
-466
-491
-509
-520
-526
-526
-523
-516
-504
-488
-466
-441
-410
-380
-340
-300
-260
-214
-169
-121
-75
-25
22
70
120
171
221
268
311
351
389
423
453
475
491
502
505
500
489
467
437
403
363
320
273
225
171
117
68
16
-31
-75
-118
-156
-192
-224
-251
-274
-294
-312
-326
-337
-343
-349
-352
-350
-346
-339
-327
-313
-294
-272
-244
-215
-182
-145
-109
-66
-24
16
61
105
149
189
222
252
279
299
308
315
311
300
281
256
229
193
155
115
75
40
3
-32
-63
-90
-109
-125
-140
-145
-145
-140
-135
-122
-110
-94
-74
-58
-41
-29
-14
0
12
20
27
36
37
36
39
40
44
49
53
58
66
76
87
101
117
134
149
167
177
189
196
194
186
172
152
121
87
44
-3
-55
-108
-160
-215
-263
-310
-350
-384
-409
-429
-439
-437
-430
-414
-391
-363
-331
-292
-249
-204
-160
-109
-61
-12
36
82
127
169
209
247
282
313
343
370
393
415
431
446
463
473
481
481
480
470
456
438
415
382
342
295
237
176
105
32
-46
-129
-209
-288
-364
-435
-498
-550
-594
-626
-650
-656
-657
-644
-620
-591
-551
-505
-456
-405
-346
-290
-232
-176
-115
-58
-4
54
109
163
215
262
309
350
394
431
465
496
519
541
559
571
578
576
570
559
534
505
468
426
372
312
248
171
95
17
-63
-139
-220
-292
-359
-420
-468
-516
-550
-578
-599
-609
-615
-609
-600
-586
-564
-539
-504
-466
-424
-375
-320
-263
-207
-143
-78
-11
60
125
190
259
319
380
435
488
535
568
601
622
635
639
630
621
592
560
517
463
407
340
271
193
119
44
-34
-103
-173
-230
-290
-336
-376
-409
-433
-452
-462
-468
-465
-458
-448
-436
-420
-399
-381
-357
-330
-304
-270
-238
-201
-163
-121
-76
-33
16
61
112
158
206
252
289
329
359
385
405
416
424
424
417
400
376
349
313
275
228
182
132
80
36
-16
-59
-105
-145
-176
-209
-226
-248
-257
-266
-270
-268
-268
-257
-251
-241
-229
-219
-202
-190
-174
-160
-139
-116
-94
-65
-41
-10
21
55
92
123
163
189
224
249
267
287
294
300
294
285
271
243
218
183
150
104
60
14
-34
-71
-117
-151
-185
-213
-233
-249
-257
-261
-259
-249
-238
-220
-203
-183
-164
-144
-120
-97
-76
-54
-30
-7
15
42
65
90
113
141
162
181
199
215
230
235
242
244
244
240
229
219
197
177
151
128
97
63
30
-7
-39
-77
-111
-145
-178
-203
-231
-249
-265
-275
-279
-279
-268
-259
-237
-218
-195
-170
-144
-116
-97
-73
-55
-36
-21
-4
15
31
55
74
95
121
146
181
208
240
267
292
315
330
341
341
330
315
289
253
215
167
115
63
4
-52
-106
-158
-203
-243
-278
-306
-326
-339
-347
-347
-339
-328
-310
-288
-261
-232
-201
-172
-140
-107
-76
-46
-18
8
36
63
86
112
139
161
187
210
231
253
274
293
306
318
324
327
324
316
303
284
257
223
187
142
96
46
-3
-52
-101
-144
-190
-227
-260
-290
-312
-331
-343
-348
-349
-344
-337
-323
-307
-286
-264
-240
-212
-186
-154
-122
-90
-52
-15
21
59
96
135
172
205
237
264
289
309
324
332
333
332
323
311
292
271
244
213
178
141
100
57
17
-21
-60
-97
-132
-160
-187
-207
-221
-230
-236
-239
-236
-225
-216
-207
-193
-180
-164
-150
-135
-120
-106
-92
-77
-60
-41
-21
0
21
45
73
99
125
148
171
192
208
219
226
230
227
219
205
186
165
139
108
77
44
11
-21
-50
-77
-102
-122
-142
-156
-166
-176
-183
-187
-189
-190
-188
-186
-180
-172
-164
-156
-140
-124
-107
-86
-62
-40
-15
14
41
69
96
123
151
174
197
217
230
244
254
259
258
254
246
233
213
191
166
135
103
68
31
-3
-41
-74
-105
-129
-154
-173
-189
-198
-204
-209
-209
-208
-201
-195
-187
-177
-167
-154
-142
-128
-114
-100
-83
-67
-46
-25
-4
18
42
65
90
111
134
152
166
184
193
201
201
195
186
174
157
135
114
87
58
32
5
-23
-45
-68
-88
-103
-118
-123
-127
-131
-129
-124
-117
-108
-103
-91
-82
-71
-62
-53
-43
-38
-30
-23
-15
-9
3
9
19
29
37
50
61
74
82
95
102
106
112
114
114
109
102
94
80
66
50
30
17
0
-18
-33
-47
-58
-68
-74
-77
-80
-78
-77
-75
-66
-65
-57
-48
-39
-34
-26
-18
-14
-7
-2
4
6
10
17
21
25
31
33
40
42
44
45
46
46
43
42
38
34
26
20
12
6
0
-11
-18
-27
-36
-43
-52
-61
-65
-71
-76
-80
-82
-82
-75
-72
-67
-59
-52
-42
-31
-19
-10
0
8
18
24
32
38
46
52
61
68
75
83
92
97
103
109
114
117
119
114
109
104
96
84
69
54
36
16
-3
-23
-43
-62
-78
-92
-100
-107
-113
-115
-116
-112
-105
-99
-95
-84
-80
-72
-69
-63
-56
-51
-46
-44
-39
-31
-26
-19
-12
-5
4
14
25
33
43
53
61
68
77
82
87
89
91
89
87
85
78
71
60
50
37
25
13
0
-12
-24
-35
-42
-49
-54
-58
-58
-57
-55
-53
-48
-43
-41
-36
-30
-27
-21
-18
-12
-7
-3
4
11
18
27
33
40
48
52
58
61
62
61
61
58
54
49
41
32
25
15
6
-5
-14
-24
-36
-43
-51
-60
-65
-70
-77
-84
-87
-89
-90
-87
-84
-83
-81
-71
-67
-61
-53
-43
-33
-22
-9
3
13
25
37
48
55
68
81
89
96
101
107
113
115
119
121
119
115
108
101
92
80
67
51
36
18
2
-15
-29
-43
-61
-73
-83
-94
-103
-109
-114
-115
-116
-117
-112
-108
-102
-95
-87
-78
-69
-56
-45
-34
-19
-7
7
17
29
42
52
61
69
79
85
89
94
94
97
101
98
97
95
89
81
72
64
53
44
31
16
3
-11
-24
-37
-50
-60
-68
-77
-84
-90
-93
-96
-97
-96
-92
-89
-86
-78
-70
-64
-57
-48
-39
-28
-19
-11
-3
6
15
25
33
43
47
56
61
62
64
69
70
72
69
67
66
63
59
55
50
41
35
29
22
13
4
-3
-7
-15
-24
-28
-33
-34
-36
-38
-38
-37
-36
-39
-39
-36
-38
-34
-32
-28
-24
-21
-16
-15
-10
-7
-2
2
4
8
12
17
20
23
24
26
24
22
25
26
23
20
19
14
12
11
8
4
0
-2
-8
-9
-11
-15
-16
-19
-20
-20
-22
-24
-21
-23
-21
-20
-20
-18
-15
-12
-9
-6
-2
1
6
11
13
15
19
22
24
24
22
26
25
25
25
21
19
18
16
14
10
7
4
1
2
-2
-4
-5
-8
-9
-13
-16
-17
-17
-18
-21
-20
-21
-20
-19
-18
-17
-15
-13
-12
-9
-6
-5
-4
1
1
1
3
6
8
10
12
12
13
13
11
16
16
18
18
16
16
14
17
13
11
10
8
3
1
-2
-4
-7
-9
-10
-11
-11
-15
-13
-15
-15
-19
-21
-18
-18
-19
-21
-20
-18
-17
-14
-11
-11
-7
-6
-2
0
3
4
9
10
13
15
15
17
19
22
24
24
23
26
25
24
26
26
22
25
22
18
14
13
10
5
4
0
-5
-8
-11
-15
-17
-20
-22
-25
-26
-26
-27
-26
-24
-26
-22
-24
-22
-19
-17
-13
-10
-9
-8
-6
-2
-1
1
0
2
6
6
9
9
8
10
10
10
12
11
11
13
10
14
13
12
13
11
10
9
7
7
6
4
3
0
2
2
-1
-3
-3
-3
-4
-3
-4
-4
-5
-6
-5
-4
-5
-6
-7
-6
-4
-3
-2
-2
-2
0
0
0
0
1
1
2
3
4
4
2
2
3
2
3
2
1
2
0
0
-3
-1
-2
0
-1
-2
-1
-3
-3
-3
-2
-2
-2
-1
-1
1
-1
-2
-3
-2
-3
-3
-3
-2
0
2
2
1
2
4
7
6
7
6
5
4
2
3
2
2
-1
0
-1
-3
-2
-2
-2
-3
-3
-4
-1
-1
-5
-5
-2
0
-3
-3
-2
-2
0
0
-1
-2
0
-2
-1
-1
-3
-3
0
-1
-1
0
0
0
-1
1
0
2
3
