1
-1
0
0
0
0
-1
0
1
1
1
4
4
5
6
5
6
7
6
7
7
5
6
4
2
1
-2
0
0
2
3
2
6
5
7
4
1
2
2
-2
-4
-1
-2
-2
-4
-1
0
0
1
0
1
2
-1
-2
-2
-3
-4
-6
-6
-4
-5
-3
-3
-5
-2
-4
-3
-3
-1
-3
-3
-1
-1
-4
-6
-4
-4
-1
-1
0
2
1
-1
-4
-3
0
0
1
3
2
2
1
1
-2
1
1
2
5
5
5
5
5
7
2
2
3
2
3
0
0
1
1
1
-1
2
2
1
2
0
1
2
1
2
1
0
3
3
-1
-2
0
0
-2
-1
-4
0
0
-2
0
-2
1
0
2
1
-1
1
-4
0
1
-2
-1
-1
0
-1
-3
-1
-3
-5
-3
-6
-3
-3
-4
-2
-4
-1
-4
-6
-4
-4
-1
2
2
1
3
2
1
0
-2
-3
0
2
-2
-2
1
2
1
2
3
0
1
2
3
3
5
5
5
5
4
4
4
1
1
0
-1
-1
-2
-1
-1
0
2
5
4
5
6
6
5
6
6
4
2
4
5
3
4
3
-2
1
-1
-4
0
-2
-6
-6
-6
-7
-4
-6
-5
-7
-5
-4
-7
-5
-5
-5
-4
-3
-3
-4
-3
-3
-4
-6
-6
-6
-7
-8
-8
-8
-7
-8
-6
-2
-2
1
3
3
3
4
6
5
5
5
6
7
6
6
8
6
7
10
12
14
13
17
23
23
24
21
24
26
25
24
21
20
16
14
13
12
6
6
1
-3
-5
-8
-12
-12
-17
-22
-21
-21
-24
-26
-32
-36
-38
-46
-51
-53
-56
-59
-65
-69
-64
-63
-62
-62
-62
-59
-55
-47
-41
-37
-30
-24
-19
-10
-3
0
7
12
19
27
33
43
47
56
60
70
82
91
101
108
121
134
140
146
147
150
160
157
147
137
120
113
98
79
64
45
28
16
2
-15
-29
-43
-61
-77
-91
-110
-130
-159
-184
-205
-227
-244
-268
-289
-295
-296
-290
-281
-282
-262
-240
-217
-190
-171
-148
-124
-101
-77
-54
-34
-13
8
31
55
83
113
146
185
220
271
318
355
394
425
463
499
516
526
527
522
529
515
492
473
447
438
422
390
364
327
291
253
191
124
45
-44
-141
-244
-354
-465
-573
-681
-779
-868
-940
-995
-1031
-1053
-1056
-1042
-1010
-962
-905
-832
-751
-667
-582
-500
-422
-340
-267
-197
-127
-65
-1
53
102
148
191
236
287
341
395
454
512
571
634
695
758
826
892
955
1008
1054
1093
1115
1130
1136
1130
1116
1083
1032
965
888
808
721
628
520
401
265
116
-35
-184
-328
-469
-605
-748
-890
-1025
-1140
-1233
-1299
-1336
-1358
-1371
-1376
-1372
-1353
-1313
-1249
-1165
-1073
-977
-886
-802
-719
-635
-544
-443
-339
-239
-152
-71
2
66
134
207
280
353
423
481
530
577
626
674
734
802
863
924
976
1022
1061
1099
1136
1169
1201
1224
1232
1227
1205
1156
1096
1031
950
862
773
674
552
411
255
83
-87
-246
-406
-562
-711
-876
-1045
-1196
-1318
-1422
-1494
-1529
-1553
-1572
-1568
-1548
-1507
-1436
-1345
-1238
-1115
-995
-901
-808
-708
-615
-522
-409
-290
-177
-73
14
86
160
238
315
396
487
561
611
665
715
756
802
863
914
966
1021
1061
1097
1143
1181
1205
1235
1258
1257
1253
1250
1227
1190
1140
1072
992
912
824
725
616
485
309
114
-76
-261
-437
-597
-755
-922
-1108
-1288
-1446
-1572
-1652
-1696
-1721
-1726
-1725
-1725
-1702
-1643
-1551
-1432
-1285
-1137
-1008
-895
-787
-683
-572
-437
-286
-141
-13
85
146
185
239
309
402
517
617
689
729
743
749
769
825
910
1004
1088
1144
1169
1170
1175
1203
1246
1297
1343
1366
1356
1321
1268
1202
1135
1064
982
896
802
693
561
400
212
1
-203
-383
-542
-684
-827
-993
-1186
-1387
-1561
-1683
-1755
-1775
-1767
-1759
-1758
-1761
-1750
-1704
-1608
-1464
-1293
-1114
-952
-820
-721
-626
-524
-393
-237
-74
71
178
244
281
318
371
456
550
647
717
754
765
766
785
833
910
1005
1089
1145
1173
1180
1193
1225
1271
1325
1362
1365
1335
1282
1223
1162
1102
1036
951
859
764
657
536
382
192
-14
-221
-403
-557
-697
-846
-1028
-1242
-1453
-1626
-1742
-1797
-1809
-1801
-1795
-1802
-1801
-1781
-1727
-1624
-1483
-1311
-1130
-973
-833
-717
-604
-482
-343
-187
-25
122
232
305
349
390
441
510
598
687
763
809
824
818
816
849
916
1003
1081
1138
1169
1176
1176
1185
1217
1268
1321
1351
1350
1319
1268
1208
1145
1065
972
875
784
689
576
439
264
47
-174
-374
-547
-702
-831
-953
-1120
-1337
-1556
-1721
-1826
-1884
-1890
-1852
-1823
-1815
-1813
-1794
-1739
-1639
-1482
-1276
-1074
-905
-778
-674
-584
-493
-359
-192
-17
129
236
287
305
332
397
497
604
703
793
869
908
916
919
943
994
1081
1189
1254
1265
1277
1300
1301
1309
1362
1434
1468
1453
1414
1352
1266
1160
1045
949
888
826
748
634
429
40
-401
-645
-657
-727
-918
-1003
-951
-1090
-1522
-1880
-1934
-1861
-1793
-1662
-1516
-1545
-1666
-1662
-1568
-1561
-1515
-1253
-888
-690
-680
-738
-762
-716
-554
-346
-164
-14
105
133
52
-24
-3
135
300
455
595
724
744
738
838
1016
1092
1171
1363
1393
996
721
1032
1462
1484
1398
1588
1741
1638
1596
1821
2036
2083
1972
1776
1603
1509
1354
1109
867
240
-1089
-2227
-2194
-1815
-2274
-2845
-2389
-1746
-2108
-2804
-2730
-2153
-1649
-1095
-548
-469
-771
-875
-766
-877
-1103
-972
-548
-377
-627
-963
-1133
-1091
-814
-432
-141
117
464
679
535
335
471
797
905
781
739
826
742
407
228
457
767
874
1012
1347
1601
1621
1651
1794
1875
1924
2097
2220
2025
1677
1471
1338
1085
836
773
731
540
349
281
209
152
-45
-1104
-2912
-3759
-2873
-2086
-2678
-3100
-2165
-1423
-2086
-2853
-2463
-1503
-791
-309
-81
-298
-659
-740
-704
-894
-1055
-675
-40
-4
-612
-963
-687
-328
-162
152
765
1344
1565
1400
1075
915
1035
1173
1064
929
1032
1058
604
27
57
642
1067
1158
1381
1741
1810
1643
1598
1689
1815
1990
2050
1786
1326
950
757
623
434
296
266
191
64
35
99
-7
-905
-2772
-4145
-3565
-2307
-2396
-3063
-2579
-1676
-1836
-2551
-2612
-1938
-1001
-237
-73
-414
-638
-545
-509
-721
-924
-734
-172
153
-125
-476
-407
-197
-62
243
758
1254
1660
1815
1498
985
831
994
965
756
814
1005
711
74
-53
455
967
1214
1419
1648
1765
1753
1669
1654
1778
1938
1982
1752
1255
805
668
567
219
-92
-124
-5
129
230
282
157
-835
-2960
-4490
-3784
-2351
-2383
-2948
-2299
-1368
-1654
-2471
-2495
-1698
-776
-154
73
-37
-339
-557
-602
-802
-1113
-863
-61
298
-81
-386
-293
-204
-94
360
1021
1601
2023
2058
1565
944
666
764
916
882
775
811
681
98
-246
284
1089
1472
1630
1788
1811
1749
1647
1486
1491
1673
1701
1477
1116
645
303
241
92
-268
-342
14
300
245
185
302
-287
-2403
-4517
-4314
-2737
-2524
-3344
-2975
-1687
-1384
-2185
-2624
-1973
-843
-91
167
178
-2
-211
-291
-565
-1040
-991
-220
354
132
-346
-429
-281
-189
124
886
1689
2086
2082
1782
1247
845
815
780
513
495
779
616
-12
-141
464
1058
1273
1393
1649
1939
2002
1777
1548
1548
1647
1661
1525
1208
804
513
335
102
-84
-50
105
260
453
640
656
-69
-2178
-4511
-4686
-3058
-2412
-3083
-2884
-1543
-929
-1723
-2605
-2212
-882
51
222
214
87
-308
-683
-1037
-1450
-1358
-506
285
228
-342
-608
-447
-272
5
766
1736
2251
2156
1685
1125
750
618
517
402
442
513
248
-218
-253
291
827
1090
1409
1868
2115
2015
1778
1602
1498
1430
1430
1438
1237
835
539
367
130
-21
87
223
302
494
680
816
832
-308
-3059
-5109
-4414
-2897
-3068
-3672
-2532
-746
-651
-1985
-2608
-1704
-389
283
417
462
394
-6
-656
-1280
-1554
-1144
-189
412
128
-362
-323
-101
-54
315
1266
2165
2441
2172
1630
1091
747
489
184
57
264
449
148
-412
-413
318
995
1204
1455
1979
2269
2044
1591
1285
1289
1413
1374
1173
883
505
208
50
-155
-229
69
375
451
607
933
1097
314
-2110
-4796
-5137
-3614
-3077
-3594
-2898
-1076
-401
-1436
-2431
-2037
-812
107
484
647
610
214
-467
-1189
-1645
-1446
-526
340
350
-165
-337
-137
14
271
967
1922
2602
2601
2025
1358
912
624
346
89
67
335
415
-75
-529
-106
801
1195
1177
1578
2240
2330
1810
1284
1127
1261
1271
992
770
656
392
141
-24
-226
-106
376
523
352
603
1190
1346
154
-2757
-5465
-5383
-3635
-3327
-4009
-2996
-673
175
-1123
-2420
-1926
-365
506
489
537
720
389
-478
-1398
-1929
-1646
-602
247
167
-240
-110
263
238
208
847
1884
2624
2704
2078
1187
733
586
139
-348
-182
380
441
-169
-559
63
1056
1353
1311
1813
2415
2277
1651
1172
1040
1124
1149
944
702
558
426
256
-35
-247
39
541
651
614
879
1201
1173
-68
-3053
-5688
-5374
-3581
-3305
-3776
-2577
-390
225
-1165
-2343
-1633
-52
612
462
467
522
32
-880
-1672
-1927
-1435
-449
254
168
-170
-19
302
239
253
1040
2145
2627
2346
1776
1200
730
328
-97
-340
-85
376
396
-114
-417
183
1169
1467
1382
1887
2513
2299
1578
1095
989
1070
1045
804
665
643
488
230
-36
-189
102
559
566
515
961
1419
1185
-344
-3314
-5778
-5527
-3957
-3626
-3731
-2309
-217
304
-1032
-2221
-1676
-258
409
326
327
355
-111
-1009
-1807
-2034
-1487
-430
312
285
74
270
524
496
620
1314
2197
2614
2414
1887
1252
702
289
-139
-405
-123
343
305
-118
-209
432
1363
1702
1565
1865
2403
2206
1419
881
831
969
934
649
467
492
364
71
-80
-56
151
497
695
720
876
1189
1246
103
-2770
-5606
-5805
-4141
-3487
-3761
-2679
-422
550
-624
-2041
-1759
-331
487
428
340
365
6
-826
-1685
-2011
-1555
-603
181
268
-38
19
418
540
528
1104
2124
2706
2490
1845
1189
694
314
-88
-371
-238
174
295
-51
-336
101
1041
1514
1425
1654
2200
2174
1539
985
838
931
955
761
556
527
471
232
-50
-167
39
461
706
757
986
1321
1357
607
-1688
-4877
-6256
-4944
-3554
-3524
-3018
-1005
625
108
-1537
-1971
-782
355
550
474
452
97
-615
-1345
-1817
-1730
-941
86
557
343
133
323
537
526
782
1648
2511
2623
2060
1364
845
449
-28
-446
-378
54
221
-103
-491
-245
740
1468
1403
1523
2155
2239
1541
905
702
831
1032
883
559
528
519
194
-101
-162
-76
267
719
921
1055
1279
1260
775
-687
-3547
-6032
-5744
-3855
-3196
-3358
-2122
-11
511
-971
-2169
-1433
126
719
439
252
189
-284
-1105
-1672
-1644
-1128
-304
392
394
-48
-65
335
515
641
1299
2262
2743
2430
1735
1093
601
168
-222
-358
-96
201
130
-117
-69
491
1187
1447
1498
1857
2150
1895
1435
1121
964
1000
1017
756
537
569
459
111
-107
-100
127
642
1034
997
933
1063
1043
230
-2172
-5262
-6140
-4449
-3330
-3703
-3090
-872
543
-294
-1859
-1943
-590
397
312
36
24
-178
-777
-1445
-1828
-1633
-823
68
310
-40
-157
252
528
536
1014
1992
2618
2535
2011
1357
825
391
-77
-354
-273
-13
208
205
31
157
737
1312
1549
1637
1899
2176
1946
1308
923
940
982
857
689
656
623
339
-40
-172
-6
434
864
922
842
987
1192
971
-646
-3790
-6009
-5261
-3579
-3468
-3622
-2033
52
253
-1243
-2113
-1224
161
639
419
251
171
-220
-921
-1488
-1568
-1060
-174
363
86
-268
78
551
481
459
1219
2276
2679
2235
1513
1007
670
184
-405
-645
-353
66
176
-5
-66
321
922
1274
1362
1496
1819
2003
1580
863
645
882
919
695
573
609
522
165
-193
-168
268
712
831
843
1012
1128
991
158
-2234
-5178
-5848
-4181
-3144
-3404
-2694
-590
550
-457
-1827
-1579
-203
621
540
366
327
-35
-705
-1193
-1375
-1313
-722
180
428
-49
-136
399
634
532
994
1970
2539
2377
1831
1175
564
103
-224
-352
-239
-87
-12
16
-66
-75
433
1193
1507
1488
1717
1974
1680
1047
716
739
790
721
584
487
392
123
-157
-79
264
572
785
863
856
1007
1199
1054
134
-2177
-5081
-6029
-4602
-3409
-3355
-2614
-737
421
-253
-1554
-1583
-263
808
832
490
291
-41
-659
-1294
-1669
-1581
-875
33
321
-7
-89
270
496
606
1163
2072
2643
2577
2029
1196
392
-53
-258
-412
-412
-243
-67
-38
-168
-91
593
1396
1609
1604
1953
2188
1825
1232
864
760
761
648
475
442
376
69
-234
-252
25
466
767
838
987
1166
1059
855
225
-2032
-5103
-6036
-4452
-3183
-3261
-2763
-940
305
-429
-1756
-1568
-64
937
859
559
371
-73
-771
-1363
-1678
-1554
-812
102
351
-42
-222
94
446
772
1424
2248
2714
2585
1915
984
293
43
-53
-165
-190
-126
-47
-45
-119
-11
477
1144
1686
1978
2010
1900
1678
1248
817
643
590
506
438
295
54
-110
-160
-90
176
468
638
831
1026
932
713
812
524
-1642
-4890
-6084
-4489
-2988
-3049
-2784
-1095
266
-241
-1500
-1466
-86
951
920
584
317
-196
-853
-1346
-1688
-1662
-894
165
493
-2
-355
-77
396
811
1408
2181
2698
2582
1813
738
-6
-63
133
50
-140
-148
-138
-241
-321
-182
395
1227
1682
1750
1893
1932
1578
1203
971
668
493
584
575
322
88
-24
-29
48
174
447
800
920
870
953
1059
1053
739
-847
-3846
-5930
-5221
-3394
-2792
-2758
-1667
-220
-161
-1282
-1676
-554
833
1231
869
405
-161
-856
-1335
-1549
-1550
-984
71
639
185
-439
-337
200
631
1180
2066
2702
2531
1756
830
134
31
300
282
12
-57
-116
-423
-582
-332
168
866
1593
1919
1850
1767
1672
1348
889
584
552
695
684
265
-205
-217
8
-3
-44
218
624
865
881
861
903
891
865
530
-1262
-4397
-6110
-4871
-3005
-2668
-2685
-1520
-130
-167
-1225
-1396
-118
1125
1216
698
210
-362
-973
-1301
-1361
-1216
-644
161
417
-109
-580
-308
411
1067
1652
2243
2562
2324
1611
804
369
432
536
262
-133
-296
-399
-520
-412
-55
424
1094
1801
2030
1738
1443
1338
1107
674
399
484
657
509
55
-272
-215
3
122
251
516
732
772
820
888
817
826
881
-239
-3138
-5654
-5343
-3313
-2386
-2631
-2062
-645
-181
-1054
-1624
-786
620
1215
860
282
-202
-678
-983
-1063
-1088
-834
-73
494
128
-603
-661
-29
691
1304
1899
2328
2314
1777
989
442
425
587
388
-58
-252
-316
-625
-823
-387
340
874
1289
1572
1548
1448
1412
1220
950
827
745
661
533
139
-261
-163
130
134
141
457
775
862
848
925
1074
1118
1028
662
-987
-3981
-5809
-4593
-2484
-2067
-2385
-1574
-448
-616
-1581
-1551
-232
966
1110
740
341
-223
-767
-904
-899
-948
-630
46
208
-421
-941
-586
238
885
1401
2006
2336
2069
1452
825
392
384
580
403
-154
-580
-691
-652
-534
-229
399
1123
1426
1305
1215
1256
1259
1197
1075
946
894
740
300
-156
-251
-40
166
175
150
350
672
811
868
1076
1241
1143
927
137
-2106
-4819
-5367
-3459
-1903
-2079
-2331
-1597
-990
-1285
-1619
-989
295
1120
1058
619
133
-399
-688
-662
-700
-764
-426
47
-87
-732
-967
-404
470
1210
1775
2108
2097
1816
1327
773
587
844
887
374
-212
-520
-670
-689
-487
-107
351
792
1070
1190
1267
1349
1434
1445
1288
1052
861
636
296
-12
-106
-5
65
-15
-3
320
755
1048
1165
1125
966
820
752
246
-1626
-4250
-5100
-3425
-1924
-2327
-2873
-2145
-1356
-1573
-1915
-1235
197
1099
936
458
187
-145
-473
-521
-585
-776
-572
-91
-196
-853
-1034
-420
403
1081
1663
2055
2119
1876
1436
988
787
901
925
437
-265
-584
-598
-672
-622
-179
386
684
762
932
1233
1453
1547
1554
1398
1140
946
751
427
53
-136
-47
41
-81
-46
411
880
1027
1035
1062
994
803
770
795
-252
-2786
-4781
-4284
-2629
-2181
-2704
-2644
-1970
-1673
-1812
-1485
-333
818
1166
992
726
251
-347
-618
-601
-663
-700
-441
-243
-630
-1180
-1028
-144
806
1450
1817
1979
1974
1699
1174
835
948
1020
555
-112
-483
-720
-962
-879
-406
70
357
592
912
1325
1603
1634
1606
1531
1268
969
753
496
198
-49
-164
-68
79
124
300
682
941
1000
1059
1089
1002
946
871
-9
-2234
-4336
-4144
-2373
-1798
-2775
-3208
-2467
-1816
-1802
-1545
-437
816
1201
862
496
152
-225
-269
-145
-369
-675
-549
-402
-774
-1260
-1082
-219
684
1223
1555
1804
1813
1599
1357
1198
1194
1167
694
-98
-566
-679
-881
-1016
-691
-147
234
450
651
980
1438
1684
1654
1675
1651
1307
907
623
231
-77
-24
84
9
29
292
598
801
857
832
854
922
953
967
516
-1286
-3827
-4638
-3063
-1778
-2420
-3269
-2876
-2181
-1992
-1686
-729
386
935
864
652
378
-25
-155
63
-49
-517
-564
-301
-544
-1108
-1091
-421
333
954
1497
1776
1702
1555
1501
1401
1262
1208
1036
448
-290
-574
-468
-631
-932
-579
162
324
199
658
1375
1636
1599
1598
1575
1375
996
660
478
194
-106
18
276
87
-108
246
678
706
587
633
758
794
720
628
-69
-2124
-4245
-4105
-2309
-1648
-2571
-3201
-2812
-2189
-1806
-1370
-536
424
820
618
365
216
107
219
366
111
-321
-405
-357
-649
-1014
-835
-88
720
1243
1466
1500
1476
1467
1408
1308
1282
1230
859
221
-233
-342
-486
-729
-612
-222
-141
-155
331
1039
1398
1477
1510
1513
1422
1114
759
687
694
466
318
364
219
30
195
437
486
532
600
626
658
579
494
437
-642
-3012
-4338
-3105
-1523
-1857
-3029
-3165
-2500
-2101
-1949
-1318
-234
435
388
231
239
164
185
464
448
-95
-444
-274
-270
-723
-943
-519
141
672
999
1048
944
1021
1293
1418
1327
1248
1137
747
221
-63
-190
-344
-384
-280
-218
-166
131
694
1240
1439
1319
1312
1420
1285
1076
1128
1217
1045
803
582
316
165
132
174
373
591
572
394
353
402
359
381
260
-944
-3127
-4023
-2634
-1386
-1975
-3013
-3075
-2650
-2375
-1986
-1217
-303
114
35
124
343
335
340
554
415
-165
-356
-83
-85
-508
-697
-374
65
418
689
778
744
872
1185
1338
1292
1246
1153
833
340
61
81
-61
-447
-442
84
307
59
90
642
1184
1250
1016
1018
1327
1433
1247
1143
989
685
588
594
342
141
297
461
447
373
249
203
310
336
356
469
-272
-2323
-3742
-2841
-1229
-1319
-2694
-3465
-3120
-2394
-1844
-1387
-767
-232
-71
9
219
294
322
579
593
67
-238
83
297
-109
-619
-675
-329
124
441
545
586
727
930
1013
1013
1104
1199
1053
703
414
250
55
-132
-95
76
47
-21
257
642
740
779
1041
1310
1351
1290
1321
1371
1184
798
611
668
600
424
349
257
157
265
324
111
33
236
421
451
-214
-2034
-3491
-2731
-1072
-1114
-2589
-3442
-3059
-2292
-1760
-1363
-872
-478
-402
-289
69
288
357
598
640
158
-136
193
346
-179
-722
-721
-404
-48
339
607
576
439
525
813
1065
1275
1428
1257
768
393
307
188
-61
-88
151
202
-92
-155
350
850
875
827
1059
1316
1379
1339
1212
992
826
773
729
644
558
452
266
103
141
262
232
108
54
90
245
43
-1345
-3088
-3013
-1330
-825
-2284
-3540
-3272
-2344
-1704
-1401
-1172
-865
-564
-288
73
380
472
589
681
357
-38
140
470
225
-315
-544
-404
-25
424
565
362
309
603
907
1076
1269
1432
1294
828
302
102
347
500
133
-127
158
247
-88
73
656
794
738
1036
1272
1246
1264
1238
1033
843
732
763
883
637
66
-123
79
199
255
176
-161
-223
137
307
121
-649
-2316
-3397
-2275
-781
-1463
-3158
-3513
-2720
-1990
-1559
-1274
-1085
-898
-605
-137
312
403
366
577
596
144
-26
410
585
106
-355
-399
-201
149
530
614
434
442
785
1122
1238
1242
1142
845
575
584
671
575
396
153
-130
-120
188
359
418
580
698
878
1229
1275
1029
1078
1194
946
778
823
736
639
536
141
-26
421
700
379
54
-29
-78
31
206
-298
-1745
-2937
-2525
-1271
-1206
-2493
-3387
-3038
-2234
-1730
-1480
-1288
-1114
-858
-411
12
126
158
408
536
230
-35
132
333
180
-144
-383
-388
1
504
562
276
252
529
739
855
962
949
874
844
823
799
649
307
211
514
490
46
106
631
747
610
753
935
1012
1129
1087
933
955
928
784
844
847
535
402
520
437
373
465
281
20
123
191
37
-136
-976
-2462
-2733
-1358
-738
-1967
-3172
-3022
-2245
-1687
-1464
-1405
-1270
-1010
-687
-271
4
-46
33
349
262
-146
-45
391
346
-74
-261
-186
-6
257
416
309
146
218
475
703
772
711
656
681
757
767
593
350
360
552
485
248
332
653
777
694
671
809
1003
1045
957
933
910
825
820
808
666
633
701
560
419
550
621
423
215
99
19
61
-38
-874
-2159
-2550
-1591
-839
-1642
-2954
-3080
-2253
-1647
-1445
-1346
-1371
-1348
-955
-418
-167
-167
-67
145
180
54
152
465
520
253
26
-41
8
239
452
330
98
203
532
715
722
721
739
724
713
801
869
683
437
439
339
68
365
964
717
69
192
708
935
1041
906
564
622
891
792
697
814
765
662
623
427
418
644
397
-100
-57
126
31
90
-145
-1437
-2589
-2050
-818
-927
-2269
-3069
-2580
-1715
-1394
-1466
-1500
-1539
-1413
-762
-81
-106
-360
-109
261
242
149
313
492
434
234
105
115
214
359
431
312
176
295
527
599
554
559
615
724
920
1019
734
315
374
755
731
397
390
590
518
387
511
678
705
679
625
569
601
725
864
914
789
663
690
650
486
472
505
278
1
-19
47
52
-182
-1082
-2240
-2243
-1086
-692
-1824
-2917
-2769
-1977
-1440
-1396
-1679
-1838
-1500
-830
-313
-241
-402
-261
189
340
181
309
619
590
352
255
265
367
550
545
293
158
277
443
532
561
558
617
742
839
906
888
695
543
579
563
566
871
979
441
48
381
757
708
529
339
250
524
867
841
631
518
520
596
577
429
447
531
278
-44
-62
-34
-57
-1
-483
-1746
-2407
-1512
-535
-1160
-2639
-3136
-2443
-1708
-1515
-1632
-1834
-1875
-1379
-560
-220
-458
-473
-14
311
293
371
600
624
456
362
389
470
585
599
400
199
267
541
713
653
549
593
724
816
863
819
578
376
593
1081
1178
739
379
468
652
681
688
692
574
484
598
772
782
676
659
686
584
475
577
724
620
388
252
217
186
87
-56
-107
-390
-1376
-2233
-1712
-728
-1159
-2531
-3031
-2552
-2042
-1702
-1601
-1956
-2188
-1632
-762
-433
-601
-657
-311
152
361
381
438
489
452
440
433
361
400
521
436
216
236
458
576
566
495
392
465
783
997
872
569
410
611
1001
1043
652
402
517
643
686
801
847
696
582
640
735
765
730
639
563
549
596
679
721
596
378
285
320
323
243
130
52
-126
-802
-1729
-1750
-839
-743
-2040
-3015
-2688
-2021
-1702
-1641
-1950
-2314
-1925
-997
-551
-699
-787
-521
-100
201
327
422
461
383
380
498
482
417
513
514
281
234
508
670
517
311
325
523
725
839
825
665
525
565
634
715
917
896
469
282
632
913
911
834
587
387
690
1055
885
523
455
609
786
724
413
321
505
455
241
214
197
135
237
156
-602
-1564
-1697
-902
-546
-1587
-2791
-2713
-2032
-1828
-1831
-1879
-2247
-2259
-1405
-625
-631
-851
-701
-276
152
357
315
257
292
364
480
536
467
463
512
358
177
337
601
602
495
450
432
575
891
977
691
388
328
531
871
932
544
273
532
881
928
832
741
656
731
936
990
834
671
622
667
645
497
445
546
501
347
336
357
281
260
220
79
-204
-940
-1722
-1421
-619
-1119
-2479
-2839
-2327
-2026
-1872
-1781
-2132
-2372
-1718
-806
-612
-927
-953
-497
3
185
194
285
368
402
538
621
523
541
682
560
311
362
570
655
614
545
543
650
744
748
728
576
319
259
518
817
752
411
333
661
924
966
986
823
559
693
1010
892
552
531
620
580
503
412
395
488
489
326
242
266
286
310
171
-369
-1119
-1459
-1087
-704
-1279
-2393
-2704
-2184
-1817
-1753
-1811
-2162
-2346
-1662
-805
-744
-1044
-956
-558
-101
285
385
266
261
407
560
627
598
585
614
524
380
472
688
693
562
526
548
615
726
691
481
303
223
337
720
942
597
236
481
900
943
885
877
711
620
820
941
763
564
523
548
549
493
460
489
421
243
232
375
394
293
207
62
-384
-1095
-1377
-861
-654
-1611
-2589
-2478
-2007
-1885
-1846
-2014
-2408
-2191
-1286
-770
-973
-1159
-903
-413
32
244
262
286
372
511
659
686
647
710
735
549
438
601
750
682
555
519
564
618
648
667
540
276
307
724
897
576
341
470
667
827
910
819
750
860
933
840
733
688
661
610
449
290
332
444
424
336
288
288
348
384
217
-37
-296
-788
-1283
-1097
-634
-1085
-2201
-2590
-2131
-1802
-1821
-1928
-2198
-2395
-1944
-1157
-930
-1210
-1232
-802
-348
-71
152
306
314
328
483
676
812
906
888
732
599
603
703
785
708
483
359
470
643
695
665
572
387
327
657
1043
894
407
309
657
958
1054
1002
774
617
826
1058
900
626
604
666
594
508
512
550
556
460
296
227
267
255
135
-83
-548
-1172
-1311
-744
-560
-1563
-2610
-2439
-1813
-1751
-1873
-1955
-2347
-2479
-1750
-1007
-1054
-1320
-1182
-792
-397
-63
121
155
167
292
522
718
818
830
725
537
464
583
740
725
503
325
412
612
667
652
661
500
286
476
988
1048
518
234
576
970
1058
1032
885
641
702
1009
1006
703
625
759
736
597
594
662
644
539
413
298
244
257
270
184
-121
-683
-1123
-934
-485
-822
-1891
-2442
-2131
-1797
-1774
-1864
-2208
-2534
-2166
-1401
-1118
-1244
-1220
-1008
-727
-346
-29
116
227
355
426
554
786
894
764
533
362
362
534
727
687
434
288
434
672
708
609
518
426
445
669
829
679
509
609
769
808
881
988
901
718
764
939
949
832
770
719
618
563
599
586
408
201
166
250
262
170
88
-77
-527
-1024
-978
-518
-644
-1602
-2320
-2153
-1774
-1715
-1806
-2054
-2390
-2230
-1576
-1210
-1302
-1294
-1038
-753
-437
-124
63
184
335
496
596
626
662
719
647
459
422
604
788
829
668
438
442
658
745
658
578
483
434
617
839
790
631
647
738
796
912
1035
980
844
842
974
1066
1038
908
731
598
585
614
554
395
205
101
161
250
154
-60
-259
-626
-1068
-1003
-598
-863
-1814
-2291
-2015
-1766
-1803
-1909
-2180
-2446
-2187
-1577
-1333
-1420
-1310
-970
-717
-500
-177
107
212
262
332
395
487
642
742
659
511
522
703
847
806
653
565
637
756
784
726
637
506
472
666
830
723
568
599
670
675
780
942
943
835
843
974
1044
997
887
762
652
606
623
587
421
232
163
208
227
178
48
-324
-881
-1081
-753
-625
-1227
-1935
-2029
-1764
-1665
-1748
-1913
-2140
-2216
-1930
-1569
-1456
-1427
-1235
-934
-680
-480
-217
94
275
302
369
519
640
749
818
705
526
587
828
891
691
532
530
588
677
780
746
461
256
536
942
832
444
451
729
797
776
851
849
808
920
1010
877
772
916
969
718
512
582
683
557
343
227
141
61
112
151
-243
-958
-1270
-914
-642
-1098
-1817
-2062
-1894
-1723
-1644
-1765
-2154
-2338
-1970
-1499
-1400
-1453
-1323
-1047
-735
-444
-219
-72
93
277
377
391
455
637
797
788
643
587
760
978
968
791
703
746
812
887
918
793
571
488
617
784
792
645
537
620
785
880
901
867
795
782
847
849
754
707
729
707
618
561
546
490
389
291
160
3
-55
-141
-567
-1115
-1158
-843
-974
-1608
-2029
-1980
-1838
-1767
-1750
-1919
-2180
-2129
-1719
-1411
-1399
-1377
-1153
-899
-715
-477
-153
115
247
292
344
461
624
760
802
745
649
654
782
884
860
778
717
710
729
717
694
755
813
685
521
593
775
811
759
749
751
776
871
932
864
804
826
809
706
655
706
714
623
513
408
341
362
353
170
-98
-422
-828
-996
-751
-703
-1314
-1959
-2009
-1806
-1762
-1751
-1796
-2054
-2181
-1854
-1465
-1379
-1342
-1090
-858
-816
-714
-390
-62
72
119
188
271
425
659
772
668
569
646
782
837
836
846
843
785
753
807
851
785
717
736
723
667
703
804
843
852
906
910
860
866
920
913
862
821
741
643
662
746
693
486
323
317
346
268
109
-83
-398
-782
-918
-760
-780
-1240
-1752
-1909
-1858
-1849
-1820
-1829
-2048
-2246
-2068
-1734
-1595
-1506
-1306
-1138
-1037
-840
-543
-287
-93
63
158
228
358
537
656
667
629
635
701
781
851
880
826
729
713
811
939
961
862
769
770
809
851
905
933
943
974
1027
1056
1060
1050
1039
1019
963
875
810
790
769
699
603
494
411
371
312
225
51
-340
-782
-848
-623
-714
-1247
-1682
-1769
-1766
-1793
-1781
-1862
-2074
-2133
-1918
-1699
-1627
-1499
-1242
-1030
-946
-833
-611
-363
-167
-42
-9
-3
131
379
541
511
439
450
517
606
707
735
659
622
686
717
693
762
893
900
805
761
777
847
994
1090
1019
956
1050
1149
1138
1105
1061
949
831
806
810
736
587
431
343
292
234
172
48
-281
-699
-848
-724
-748
-1096
-1481
-1683
-1749
-1722
-1667
-1723
-1888
-1979
-1876
-1715
-1620
-1534
-1335
-1076
-931
-870
-707
-427
-164
42
172
172
175
356
568
590
555
641
709
670
694
834
917
902
871
822
782
884
1045
1013
837
781
870
950
1013
1068
1048
996
1026
1076
1044
1018
1062
1033
886
795
799
726
549
430
374
249
85
-14
-204
-615
-952
-916
-822
-1082
-1486
-1655
-1674
-1751
-1775
-1721
-1820
-2029
-2036
-1836
-1743
-1745
-1613
-1376
-1233
-1140
-957
-721
-503
-307
-144
-31
84
250
408
471
486
558
700
794
781
745
774
844
903
952
996
1009
1010
1047
1087
1082
1075
1111
1140
1139
1165
1231
1263
1240
1218
1203
1180
1143
1070
976
903
820
660
490
424
416
345
165
-129
-489
-745
-809
-865
-1101
-1413
-1604
-1707
-1807
-1871
-1873
-1887
-1899
-1850
-1796
-1815
-1801
-1623
-1357
-1158
-1046
-971
-898
-779
-584
-379
-235
-119
-10
69
151
283
429
534
599
633
642
679
767
841
867
889
938
964
972
1016
1092
1168
1245
1299
1275
1214
1230
1329
1386
1364
1324
1289
1231
1178
1134
1023
870
768
696
555
376
191
-106
-454
-611
-606
-754
-1071
-1291
-1403
-1582
-1764
-1806
-1794
-1822
-1812
-1735
-1711
-1745
-1680
-1464
-1242
-1117
-1035
-915
-791
-709
-606
-421
-239
-153
-128
-90
-36
47
183
303
330
329
402
507
568
625
727
818
852
884
957
1032
1093
1167
1241
1293
1329
1357
1375
1401
1427
1407
1339
1269
1225
1164
1072
968
839
696
589
481
245
-89
-325
-407
-528
-770
-984
-1105
-1239
-1404
-1520
-1597
-1659
-1646
-1580
-1608
-1711
-1721
-1608
-1469
-1332
-1189
-1064
-954
-832
-700
-564
-403
-232
-125
-74
-33
26
110
208
273
280
284
346
435
502
551
593
628
684
806
934
999
1053
1162
1270
1316
1345
1406
1446
1451
1447
1436
1400
1327
1230
1109
991
905
811
665
480
263
10
-218
-385
-566
-800
-984
-1082
-1205
-1388
-1528
-1579
-1592
-1583
-1549
-1541
-1592
-1612
-1528
-1413
-1323
-1231
-1090
-942
-828
-732
-635
-526
-407
-281
-181
-114
-58
5
78
168
269
356
417
439
460
506
575
646
715
792
867
946
1044
1141
1195
1242
1335
1456
1511
1493
1495
1509
1479
1404
1338
1288
1216
1127
1003
799
521
271
108
-41
-249
-476
-663
-839
-1049
-1258
-1414
-1504
-1554
-1556
-1532
-1541
-1583
-1592
-1528
-1443
-1366
-1266
-1137
-1034
-953
-857
-765
-708
-631
-513
-402
-330
-260
-184
-151
-135
-69
35
122
196
280
357
411
464
527
588
647
723
820
919
1024
1130
1227
1294
1340
1399
1460
1488
1457
1397
1349
1330
1313
1252
1113
922
739
572
387
172
-23
-170
-317
-517
-743
-935
-1062
-1133
-1176
-1225
-1295
-1358
-1376
-1360
-1342
-1319
-1254
-1152
-1059
-988
-914
-828
-756
-704
-636
-551
-474
-407
-338
-263
-208
-178
-131
-61
9
61
121
190
251
314
401
496
566
637
748
870
956
1006
1055
1118
1178
1219
1257
1292
1315
1306
1253
1160
1039
922
817
692
528
355
218
91
-64
-250
-414
-542
-646
-731
-815
-907
-992
-1042
-1060
-1072
-1090
-1093
-1073
-1042
-1007
-960
-905
-856
-806
-733
-655
-593
-548
-493
-428
-376
-328
-288
-246
-207
-166
-117
-79
-41
18
108
203
289
381
492
621
750
878
996
1088
1166
1242
1301
1336
1347
1344
1325
1267
1169
1059
938
803
664
534
404
256
81
-110
-283
-430
-540
-625
-705
-791
-867
-929
-981
-1026
-1050
-1032
-979
-924
-875
-828
-785
-752
-723
-689
-646
-608
-579
-563
-557
-551
-519
-475
-423
-359
-288
-215
-154
-103
-54
20
119
230
345
456
562
671
778
879
975
1063
1140
1202
1247
1273
1279
1267
1242
1183
1099
990
861
714
552
391
224
60
-103
-262
-406
-529
-634
-726
-799
-861
-908
-929
-919
-899
-863
-807
-746
-693
-644
-603
-571
-541
-501
-453
-415
-390
-366
-339
-310
-283
-254
-217
-185
-176
-172
-146
-109
-74
-19
72
186
286
374
467
563
645
739
857
967
1050
1106
1136
1133
1077
979
876
762
625
487
359
222
74
-66
-172
-264
-372
-466
-531
-598
-671
-734
-770
-799
-812
-794
-746
-686
-636
-576
-517
-469
-428
-390
-359
-329
-303
-288
-276
-261
-256
-249
-230
-196
-161
-128
-93
-44
19
94
188
297
411
512
602
675
748
807
860
913
961
992
999
985
940
867
778
684
574
444
305
159
0
-157
-293
-409
-505
-577
-625
-667
-702
-727
-737
-738
-722
-684
-632
-573
-510
-448
-395
-353
-319
-282
-254
-235
-219
-211
-210
-213
-211
-201
-188
-178
-156
-136
-125
-102
-68
-22
48
141
253
361
477
591
697
799
900
994
1065
1110
1123
1094
1027
934
825
698
560
410
245
64
-121
-295
-452
-584
-681
-749
-798
-833
-857
-875
-883
-868
-837
-789
-733
-674
-617
-577
-538
-503
-458
-401
-338
-275
-225
-180
-149
-124
-94
-54
-18
21
56
75
99
126
176
248
340
438
538
636
717
805
888
968
1043
1095
1117
1094
1039
952
857
753
650
540
419
281
126
-30
-180
-307
-413
-494
-570
-638
-707
-772
-826
-861
-866
-849
-809
-761
-705
-653
-597
-544
-492
-441
-401
-368
-348
-339
-344
-347
-345
-336
-318
-296
-268
-235
-189
-126
-47
53
162
279
390
504
615
727
842
944
1030
1088
1109
1092
1058
997
927
851
768
673
567
442
299
160
19
-108
-222
-314
-409
-494
-566
-627
-668
-687
-686
-677
-651
-629
-615
-596
-580
-554
-505
-447
-391
-330
-290
-282
-282
-279
-279
-268
-243
-229
-210
-190
-174
-142
-96
-34
38
118
193
267
348
436
533
633
718
764
777
746
689
629
572
522
476
421
349
272
192
120
60
11
-43
-104
-173
-241
-299
-330
-336
-327
-310
-304
-304
-307
-316
-319
-314
-312
-314
-326
-344
-362
-369
-368
-351
-324
-289
-255
-222
-185
-142
-88
-19
58
140
220
295
362
423
480
530
578
612
631
626
595
544
479
411
344
276
207
130
45
-43
-128
-200
-263
-305
-331
-341
-346
-344
-335
-311
-273
-226
-177
-137
-109
-93
-86
-86
-91
-100
-113
-130
-144
-162
-181
-204
-223
-234
-235
-226
-212
-187
-154
-116
-65
-3
59
122
185
249
315
369
412
435
451
467
472
462
431
376
320
255
181
96
-6
-109
-200
-273
-336
-402
-454
-484
-483
-465
-439
-409
-369
-312
-240
-167
-109
-67
-31
6
45
67
74
71
75
90
100
97
88
83
92
109
119
121
126
148
188
233
273
310
357
418
489
542
573
586
582
569
540
486
403
302
197
86
-34
-156
-281
-402
-507
-598
-669
-721
-757
-774
-771
-755
-720
-669
-607
-542
-474
-403
-333
-263
-200
-150
-109
-67
-25
10
40
56
70
90
114
140
161
180
202
235
279
328
378
425
470
513
565
621
674
713
738
749
750
741
717
663
586
486
371
246
111
-28
-180
-327
-461
-578
-672
-747
-804
-841
-857
-849
-823
-787
-740
-696
-644
-589
-527
-466
-412
-359
-309
-252
-189
-123
-65
-13
32
80
132
182
224
251
274
306
348
390
430
466
502
547
601
656
701
727
739
739
731
715
677
612
521
415
309
200
87
-35
-162
-285
-392
-480
-550
-613
-668
-707
-731
-737
-726
-701
-674
-643
-606
-556
-501
-442
-386
-335
-285
-234
-182
-133
-91
-55
-16
22
60
97
137
176
220
276
333
389
440
493
556
627
693
745
780
804
820
828
823
791
730
647
547
443
331
209
72
-70
-209
-333
-442
-537
-622
-697
-754
-795
-816
-821
-818
-807
-786
-758
-724
-685
-640
-597
-552
-498
-444
-389
-336
-283
-227
-169
-111
-49
8
65
119
176
243
314
387
456
519
586
661
733
796
846
879
894
901
896
866
814
740
646
541
428
312
191
69
-54
-165
-261
-344
-411
-472
-520
-556
-578
-581
-578
-573
-563
-552
-535
-517
-499
-482
-465
-451
-438
-423
-405
-378
-344
-301
-255
-205
-154
-92
-21
52
126
199
266
332
401
475
547
612
665
707
738
763
779
776
756
716
654
569
466
352
239
120
-7
-133
-265
-375
-472
-546
-601
-640
-669
-686
-688
-670
-627
-578
-530
-491
-452
-410
-361
-312
-268
-236
-216
-201
-183
-160
-131
-101
-82
-66
-40
6
66
130
189
242
298
360
428
502
568
617
647
666
683
695
699
685
655
600
536
466
391
316
233
141
38
-68
-163
-249
-325
-395
-454
-509
-557
-591
-608
-604
-591
-573
-546
-512
-472
-419
-363
-307
-260
-215
-181
-150
-115
-80
-39
-12
12
40
70
107
142
178
214
251
290
331
382
432
468
499
521
536
547
546
531
501
457
398
326
252
173
82
-13
-111
-210
-309
-397
-472
-535
-581
-615
-642
-652
-648
-635
-608
-568
-518
-467
-409
-355
-304
-251
-204
-158
-114
-70
-30
16
65
107
155
208
267
322
378
435
482
527
571
609
641
667
684
687
684
670
641
604
557
495
421
338
243
143
43
-61
-165
-268
-358
-438
-511
-570
-616
-654
-680
-689
-694
-686
-673
-653
-624
-588
-545
-504
-458
-413
-363
-308
-249
-192
-129
-65
-1
63
133
192
253
309
355
393
432
460
488
519
546
576
599
622
634
644
642
627
599
553
493
418
337
251
156
63
-30
-121
-208
-287
-355
-416
-467
-502
-533
-554
-565
-571
-572
-565
-551
-541
-524
-503
-481
-451
-415
-379
-336
-281
-222
-159
-87
-18
57
129
205
273
335
393
438
476
509
531
545
558
558
548
533
515
485
449
407
352
294
228
162
93
25
-43
-110
-177
-237
-289
-336
-377
-402
-422
-442
-454
-461
-462
-451
-438
-419
-400
-371
-346
-315
-275
-240
-198
-153
-107
-62
-15
35
82
136
189
238
292
343
383
422
460
480
496
510
509
503
491
468
435
399
352
295
235
170
103
40
-27
-95
-161
-224
-289
-345
-392
-431
-457
-471
-480
-484
-478
-467
-447
-415
-379
-339
-294
-249
-209
-164
-127
-91
-48
-5
40
87
128
167
207
244
280
312
346
378
405
426
433
430
423
414
401
385
368
342
309
265
214
154
89
28
-34
-97
-161
-228
-297
-364
-427
-480
-521
-547
-564
-564
-564
-552
-537
-514
-478
-436
-379
-324
-266
-216
-173
-134
-94
-48
5
64
121
177
224
267
310
354
401
456
508
562
607
641
662
668
668
663
645
624
589
543
474
386
287
184
82
-15
-101
-189
-270
-351
-428
-492
-538
-570
-583
-586
-578
-567
-552
-532
-504
-467
-427
-388
-348
-309
-278
-244
-205
-166
-126
-87
-51
-15
20
59
98
144
188
235
278
319
357
392
431
463
488
501
501
494
476
446
410
361
298
230
161
85
9
-66
-140
-211
-275
-332
-379
-413
-438
-451
-458
-455
-445
-421
-392
-358
-320
-279
-239
-198
-160
-124
-90
-51
-14
18
55
94
130
163
199
231
262
293
325
353
377
396
409
411
409
401
386
366
340
305
259
209
154
95
35
-24
-83
-144
-201
-255
-303
-344
-375
-401
-418
-426
-432
-430
-420
-409
-394
-372
-347
-313
-277
-241
-204
-165
-123
-82
-37
8
51
96
141
184
227
266
307
345
381
416
446
461
473
480
484
481
467
445
413
370
320
263
199
132
67
-1
-70
-139
-202
-263
-316
-359
-395
-418
-436
-442
-445
-444
-439
-427
-409
-387
-358
-333
-303
-271
-240
-208
-176
-138
-96
-53
-8
37
82
128
174
221
263
306
349
383
411
436
452
461
459
452
440
415
387
350
305
254
199
140
80
20
-42
-104
-164
-221
-272
-315
-350
-378
-401
-415
-424
-425
-427
-417
-405
-388
-369
-348
-322
-299
-271
-245
-212
-173
-134
-91
-48
-3
41
88
136
181
229
277
317
356
385
409
430
446
457
460
457
445
430
406
378
342
300
258
208
161
108
53
0
-51
-101
-147
-186
-225
-257
-288
-310
-324
-336
-341
-346
-343
-338
-332
-324
-312
-295
-280
-256
-231
-201
-168
-131
-89
-49
-5
40
80
122
164
202
235
260
284
298
310
319
317
317
309
296
277
254
227
193
154
115
69
24
-21
-68
-111
-153
-185
-214
-240
-259
-272
-282
-288
-290
-290
-288
-283
-277
-271
-259
-249
-235
-218
-197
-173
-144
-108
-76
-39
2
42
81
118
153
191
227
258
286
310
332
348
358
365
365
357
344
330
310
285
254
219
182
145
100
52
8
-36
-82
-122
-158
-187
-206
-220
-228
-233
-233
-232
-228
-218
-209
-205
-199
-194
-190
-188
-187
-182
-175
-165
-153
-132
-109
-81
-49
-13
24
59
95
128
158
183
204
218
228
233
232
230
221
211
192
173
152
124
101
76
49
24
-1
-22
-43
-64
-78
-90
-102
-109
-112
-117
-122
-126
-126
-134
-142
-147
-158
-164
-167
-167
-164
-155
-145
-129
-115
-95
-70
-41
-7
25
56
90
115
140
158
170
177
186
194
199
203
202
200
192
182
168
145
122
96
69
44
20
-6
-32
-53
-73
-91
-103
-112
-121
-120
-120
-118
-113
-109
-103
-101
-100
-96
-96
-96
-98
-96
-93
-89
-83
-72
-60
-44
-29
-12
6
24
42
55
74
86
101
107
112
119
118
120
118
115
109
104
100
91
81
70
61
52
39
25
8
-9
-23
-39
-54
-69
-85
-94
-110
-120
-124
-131
-134
-139
-136
-130
-127
-118
-109
-94
-79
-68
-49
-31
-16
6
22
40
55
69
88
96
110
118
127
133
139
143
140
140
138
132
129
119
108
99
82
68
53
40
25
9
-2
-18
-30
-42
-52
-58
-66
-77
-83
-92
-102
-108
-116
-122
-125
-127
-131
-131
-130
-128
-127
-122
-114
-104
-93
-78
-63
-46
-27
-11
7
25
41
60
76
94
104
117
127
128
133
128
127
123
114
108
97
87
74
60
51
36
23
9
-1
-12
-27
-38
-45
-53
-52
-54
-52
-52
-51
-44
-44
-43
-40
-39
-42
-41
-45
-47
-46
-45
-43
-42
-39
-36
-28
-20
-9
-4
4
12
17
23
31
35
40
44
46
51
53
54
54
53
50
49
44
43
36
29
27
19
15
11
4
0
-5
-6
-9
-10
-12
-17
-21
-24
-23
-23
-25
-27
-28
-33
-34
-32
-34
-36
-37
-35
-35
-31
-30
-28
-23
-14
-13
-8
-7
-5
-1
4
6
8
11
13
15
16
18
19
24
24
23
18
19
16
13
15
12
8
3
0
-3
-4
-6
-6
-6
-7
-7
-6
-2
-1
1
2
4
1
0
1
1
5
4
3
1
-2
1
0
4
7
9
10
7
10
12
16
15
10
10
11
10
9
10
9
9
9
8
8
9
6
0
-3
-7
-12
-15
-18
-25
-26
-29
-34
-33
-31
-30
-29
-25
-21
-21
-22
-20
-19
-17
-14
-12
-10
-5
-7
-7
-5
-1
4
4
7
8
7
9
11
17
20
19
21
19
21
21
26
26
28
29
31
29
27
28
30
29
23
16
13
10
3
-2
-3
-3
-6
-10
-9
-7
-10
-14
-14
-12
-15
-16
-12
-11
-18
-17
-19
-15
-16
-17
-11
-11
-12
-16
-14
-11
-8
-5
-1
0
-3
-4
-1
9
8
7
8
6
4
0
0
5
6
6
7
5
0
-4
-5
-2
1
4
6
2
0
1
-2
-2
-2
1
-1
-3
-4
-5
-5
-1
0
-1
-5
-6
-6
-5
-5
-1
-2
0
-1
-3
-6
-3
-2
-5
-1
4
6
7
11
10
12
14
12
12
6
3
0
-1
0
3
6
6
7
6
4
8
7
4
7
7
3
-3
-2
-1
0
0
-1
-4
-6
-7
-6
-9
-11
-7
-6
-8
-9
-10
-12
-16
-17
-14
-10
-5
-1
-2
1
7
7
5
5
12
15
12
6
6
6
2
2
1
3
7
7
3
2
6
6
3
5
7
7
5
7
5
4
5
4
1
-2
-4
-9
-12
-12
-9
-8
-11
-8
-9
-12
-13
-15
-13
-12
-11
-9
-7
-5
-3
0
1
3
4
1
0
-1
3
1
2
5
6
9
9
7
10
8
9
8
6
5
5
6
3
6
10
10
12
10
6
5
3
0
-1
-2
-4
-7
-6
-3
-3
-6
-6
-8
-10
-9
-10
-11
-9
-8
-3
-3
-4
-1
-6
-2
-3
-3
-1
-4
-1
1
4
1
3
3
4
4
4
4
2
0
3
5
5
6
4
4
5
5
7
7
9
9
7
11
9
8
6
3
2
2
0
-3
-3
-7
-7
-4
-3
-3
-5
-5
-5
-8
-6
-5
-6
-6
-10
-9
-6
-5
-5
-2
-4
-5
-3
-2
1
1
1
4
2
-1
-1
1
0
0
0
-2
-1
0
2
1
3
3
4
7
6
8
5
0
-2
-3
0
-2
0
-2
-3
-3
-4
-5
-2
-2
-2
-1
1
1
0
0
1
1
1
0
-1
-1
0
-1
-1
2
6
8
5
6
7
6
5
6
5
2
0
0
1
-1
-3
-4
-4
-4
-3
-4
-3
-2
-2
0
0
0
-2
1
-3
-2
-1
-3
-3
-3
-2
-3
-1
-3
-3
-1
0
-2
-1
-2
1
2
2
2
2
0
-1
-3
-3
0
0
0
1
-1
3
4
4
4
3
3
5
5
4
7
6
6
3
3
-1
-2
-1
-3
-2
1
3
1
0
0
-1
-3
-5
-4
-3
-2
0
-1
-3
-5
-5
-6
-6
-4
-3
-1
-1
-3
-3
-2
-3
-3
-4
-2
-4
-5
-3
-2
0
1
3
-1
2
2
4
8
6
7
5
2
3
4
5
5
3
5
3
3
1
3
3
2
1
0
3
0
-2
-1
1
1
-1
-1
0
0
1
0
0
-1
-2
-4
-2
-1
-1
-2
-2
-3
-4
0
-3
-1
-2
-3
1
0
-1
0
3
4
3
4
4
1
1
1
1
1
0
2
3
2
2
1
1
1
-1
-1
0
0
-2
-3
-3
-5
-2
-1
-1
-2
-4
-4
-5
-2
-2
-1
0
2
1
3
2
2
2
1
2
2
1
-2
0
1
2
1
-1
-1
1
0
-4
-1
1
0
-3
-6
-3
-4
-4
-5
-8
-4
-3
-1
1
5
6
6
3
3
0
-2
-3
-7
-6
-8
-4
0
5
6
7
7
4
3
3
3
0
-4
-1
1
2
3
6
8
9
7
9
7
3
3
3
-1
0
1
-2
1
1
1
2
2
2
2
0
0
-2
-2
-3
-2
-5
-4
-2
2
0
-1
0
-3
-5
-5
-5
-3
-4
-2
-3
-5
-5
-3
-3
-2
-3
-4
-3
-6
-6
-7
-5
-4
-5
-3
-1
0
0
1
0
1
2
3
1
1
2
-1
-1
-2
1
0
3
4
2
4
3
5
3
4
5
4
5
5
3
6
5
2
0
-3
-3
-1
1
3
3
5
4
3
5
8
9
7
5
6
4
3
2
2
3
2
-1
-3
-3
-3
-1
1
2
3
5
4
5
4
0
-2
-4
-5
-8
-8
-7
-8
-9
-8
-8
-7
-5
-8
-6
-10
-14
-14
-17
-16
-15
