-3
2
6
6
4
4
1
3
2
4
6
4
0
-2
-2
-2
-5
-5
-2
3
0
-2
0
5
0
-4
-2
3
7
4
4
1
1
-1
-2
-2
1
2
-1
-2
-6
-5
-7
-2
-2
3
8
9
8
6
4
-1
-7
-5
-2
-1
2
-1
-3
-4
-3
2
2
0
4
4
2
3
1
-5
-4
-1
-5
-9
-10
-8
-7
-7
-6
-5
-7
-4
0
-2
-3
-1
1
5
7
2
-1
0
1
-1
-2
3
7
3
3
7
9
10
4
-3
-3
1
5
8
5
5
1
0
4
4
4
0
1
4
5
6
6
4
3
0
-2
2
0
-3
-6
-9
-5
-1
-1
0
-4
-7
-8
-5
-4
-3
-1
-5
-4
-3
-3
0
1
0
0
1
3
3
0
-3
-4
-5
-2
2
-2
-5
-5
-8
-6
-8
-8
-8
-8
-5
2
5
6
7
8
8
7
11
13
11
6
4
5
1
-1
3
1
-2
3
6
5
1
-1
-2
0
0
2
0
-4
-7
-7
-7
-8
-5
2
6
4
3
4
-1
-3
1
2
3
2
4
-2
-8
-9
-4
-6
-10
-18
-19
-5
3
0
-10
-10
-1
8
9
5
7
9
9
8
5
0
0
11
16
0
-16
-10
4
11
13
12
6
0
-7
-5
-9
-17
-15
-5
11
19
10
-13
-26
-15
19
33
21
3
0
10
20
23
16
3
-13
-20
-21
-22
-22
-14
-8
-5
-4
0
-1
-12
-29
-24
0
19
24
8
-6
-9
6
23
25
26
25
20
7
3
9
3
-15
-25
-17
-17
-31
-34
-12
-1
-10
-9
8
29
27
10
3
2
-13
-23
-21
-14
-4
10
19
22
14
-6
-23
-26
-14
2
23
22
0
-27
-35
-26
-10
-3
-2
3
16
30
21
17
14
13
8
2
3
18
18
4
-2
5
5
-1
-3
-2
3
6
-1
-8
-3
-9
-22
-19
-1
19
28
10
-3
-8
-9
-15
-17
-4
23
28
1
-29
-23
-2
3
8
9
1
-4
-6
-5
-13
-22
-13
3
5
10
34
37
14
-5
-8
-6
-3
-20
-26
8
25
6
-5
-2
-9
-13
-5
6
16
8
-5
2
4
-14
-34
-22
-7
11
16
-2
4
23
22
1
0
11
-5
-15
-16
-10
-4
-14
-16
-16
-3
0
7
31
31
4
-19
-3
16
1
-12
-11
6
4
4
19
20
5
0
-8
-13
19
46
10
-33
-33
-27
-23
-19
-7
-2
0
17
20
-3
-30
-27
-3
7
27
40
22
-14
-25
-7
1
-1
-2
13
27
20
13
9
4
16
22
14
-4
-7
17
40
30
13
21
14
-4
-6
7
44
62
38
7
-5
-3
-19
-36
-53
-49
-33
-34
-30
-21
-16
-17
-31
-49
-52
-26
-5
2
-12
-30
-30
-37
-47
-43
-33
-34
-33
-22
-8
-4
-23
-42
-11
10
-4
-25
-24
14
38
25
16
35
40
39
46
63
89
89
55
48
67
73
66
68
71
69
67
56
37
25
40
56
35
4
8
14
9
7
-10
-50
-89
-86
-62
-42
-35
-52
-96
-131
-125
-102
-95
-98
-86
-80
-95
-109
-110
-118
-121
-105
-72
-55
-27
-3
13
15
18
26
21
-5
-3
29
68
90
95
92
85
100
118
122
146
195
231
231
207
200
194
172
176
216
240
240
220
213
197
172
144
122
112
106
74
0
-70
-132
-198
-242
-256
-293
-359
-417
-440
-465
-497
-489
-474
-511
-552
-558
-525
-475
-440
-397
-374
-379
-351
-285
-208
-133
-51
19
50
57
68
90
128
186
259
321
364
402
386
361
410
522
637
650
649
727
782
796
810
828
867
866
819
807
818
808
739
637
540
450
348
213
87
-5
-83
-182
-348
-585
-799
-911
-964
-1016
-1076
-1128
-1154
-1191
-1250
-1276
-1243
-1157
-1029
-887
-769
-676
-596
-535
-499
-454
-344
-217
-157
-133
-89
-56
-24
36
63
77
158
275
343
362
396
444
469
489
554
636
681
721
768
798
836
911
977
1000
1019
1082
1172
1208
1188
1172
1157
1093
981
854
745
625
436
185
-51
-209
-321
-429
-553
-676
-781
-899
-1046
-1179
-1226
-1207
-1228
-1325
-1433
-1472
-1443
-1395
-1335
-1219
-1052
-916
-864
-863
-807
-668
-522
-419
-338
-238
-138
-118
-148
-125
28
230
370
424
422
425
453
498
542
599
701
805
857
880
937
1043
1118
1114
1104
1152
1207
1215
1192
1181
1170
1126
1053
964
923
948
969
898
693
434
242
91
-59
-182
-333
-580
-867
-1057
-1151
-1245
-1360
-1426
-1454
-1514
-1573
-1578
-1565
-1575
-1558
-1447
-1225
-1024
-977
-972
-884
-773
-675
-524
-340
-237
-215
-139
-8
26
5
71
159
206
289
427
503
466
446
516
626
730
812
850
839
864
983
1101
1159
1209
1266
1295
1272
1255
1288
1313
1285
1252
1232
1168
1043
929
870
798
636
435
258
91
-104
-301
-465
-636
-861
-1111
-1334
-1482
-1551
-1556
-1559
-1618
-1722
-1830
-1892
-1859
-1731
-1551
-1372
-1215
-1090
-1027
-983
-895
-751
-588
-424
-259
-127
-54
-1
99
225
286
294
343
467
611
690
684
660
663
679
716
791
904
1004
1070
1118
1150
1189
1239
1286
1309
1306
1321
1354
1340
1252
1153
1106
1084
1039
965
877
777
667
550
408
238
36
-202
-454
-648
-773
-915
-1136
-1404
-1635
-1788
-1856
-1853
-1839
-1849
-1868
-1877
-1862
-1820
-1717
-1526
-1267
-1020
-864
-801
-794
-762
-619
-371
-132
-11
39
84
133
184
266
369
476
584
674
734
753
741
706
695
760
865
937
964
984
1027
1103
1186
1242
1273
1310
1347
1348
1319
1290
1242
1190
1151
1111
1046
963
871
766
663
568
439
239
6
-210
-392
-535
-668
-877
-1149
-1375
-1513
-1616
-1703
-1746
-1780
-1838
-1876
-1870
-1840
-1815
-1737
-1578
-1359
-1135
-962
-831
-699
-578
-494
-417
-308
-188
-105
-6
111
161
157
217
370
535
660
747
772
748
720
698
712
795
891
935
965
1033
1094
1113
1163
1242
1282
1298
1352
1388
1326
1239
1213
1193
1129
1073
1043
970
847
726
592
440
290
119
-116
-340
-470
-596
-818
-1090
-1341
-1569
-1746
-1838
-1875
-1915
-1958
-1973
-1969
-1963
-1918
-1789
-1613
-1428
-1236
-1038
-859
-707
-587
-488
-346
-157
-6
61
118
183
199
168
191
303
424
540
674
764
759
735
753
782
846
992
1131
1152
1111
1126
1194
1220
1199
1217
1277
1320
1347
1355
1281
1159
1111
1129
1081
1017
1027
994
836
680
571
363
99
-74
-231
-457
-626
-698
-874
-1219
-1543
-1736
-1862
-1952
-1964
-1935
-1956
-2027
-2077
-2064
-2009
-1907
-1697
-1403
-1168
-1039
-918
-769
-668
-591
-430
-191
14
126
200
275
309
307
354
485
604
661
727
802
779
691
718
847
923
980
1107
1204
1194
1212
1313
1382
1396
1460
1545
1547
1489
1422
1328
1240
1238
1255
1166
1034
961
879
733
612
542
376
102
-125
-302
-568
-841
-960
-1063
-1349
-1725
-1989
-2133
-2216
-2236
-2209
-2179
-2167
-2169
-2152
-2068
-1936
-1774
-1523
-1194
-927
-798
-692
-530
-412
-360
-240
-5
219
333
379
377
319
330
502
710
833
938
1064
1077
943
837
843
909
1050
1258
1369
1322
1283
1334
1381
1404
1465
1533
1543
1531
1521
1454
1318
1214
1180
1138
1040
967
923
811
627
434
187
-133
-377
-485
-638
-888
-1042
-1126
-1387
-1806
-2104
-2214
-2277
-2298
-2246
-2220
-2268
-2275
-2179
-2072
-1998
-1870
-1622
-1327
-1055
-808
-597
-479
-454
-395
-221
4
193
342
453
516
549
586
627
647
689
813
971
1033
997
977
1013
1037
1092
1259
1418
1434
1411
1468
1521
1504
1485
1491
1486
1501
1538
1494
1385
1314
1289
1228
1090
969
914
826
602
308
-23
-369
-590
-651
-825
-1144
-1249
-1173
-1410
-1940
-2261
-2297
-2348
-2368
-2200
-2047
-2082
-2148
-2083
-1970
-1877
-1720
-1443
-1120
-854
-666
-536
-436
-357
-299
-209
-40
160
329
420
373
215
210
502
791
800
802
999
1082
976
981
950
708
735
1183
1403
1257
1351
1700
1816
1774
1904
2108
2189
2202
2175
2014
1821
1794
1856
1742
1494
1380
1356
1189
851
100
-1377
-2826
-2934
-2206
-2412
-3314
-3077
-2027
-2173
-3396
-3754
-2900
-2014
-1441
-902
-650
-819
-908
-812
-974
-1229
-919
-139
282
-50
-699
-1062
-1022
-866
-712
-351
208
598
674
567
361
280
636
1165
1319
1271
1468
1573
1081
426
326
751
1167
1306
1339
1518
1768
1782
1569
1553
1893
2245
2309
2128
1902
1756
1612
1260
827
758
1000
916
452
213
203
-16
-366
-1076
-2856
-4679
-4372
-2706
-2627
-3789
-3289
-1570
-1569
-2977
-3144
-1884
-752
-71
338
127
-375
-450
-436
-904
-1277
-849
-39
235
-286
-996
-1159
-713
-175
214
686
1357
1929
1942
1381
914
1105
1526
1424
1039
1126
1432
974
-125
-532
164
801
823
1044
1700
2004
1818
1675
1714
1856
2138
2338
2187
1824
1466
1069
611
270
172
188
157
93
13
-67
-96
-663
-2593
-4761
-4773
-3022
-2436
-3353
-3210
-1685
-1198
-2357
-3169
-2464
-1050
-30
301
142
-188
-403
-496
-722
-1007
-800
-40
448
140
-471
-726
-544
-189
181
651
1327
1979
2102
1532
860
785
1072
1015
761
934
1311
1031
61
-463
107
846
915
1059
1859
2411
2163
1776
1664
1707
1913
2137
2071
1784
1423
981
538
185
-27
-77
-63
25
225
333
302
-243
-2318
-5037
-5273
-3057
-2267
-3526
-3348
-1338
-775
-2260
-3200
-2409
-1015
-103
205
156
-87
-386
-639
-974
-1358
-1157
-218
448
176
-352
-447
-255
-10
307
778
1400
1952
2139
1808
1086
554
622
752
492
479
1029
1088
107
-637
-59
894
1069
1107
1845
2544
2398
1884
1637
1652
1780
1927
1906
1579
1102
789
590
244
-41
12
191
310
358
381
579
198
-2185
-5252
-5551
-3404
-2587
-3560
-3315
-1443
-613
-1779
-2925
-2380
-909
41
376
522
335
-73
-377
-903
-1615
-1520
-454
351
200
-272
-387
-231
-141
30
659
1550
2125
2198
1893
1295
678
372
353
366
449
782
932
252
-592
-264
790
1116
1057
1756
2632
2561
1872
1470
1513
1630
1571
1505
1517
1289
812
467
248
88
190
353
323
393
736
1089
709
-1570
-4914
-6013
-4185
-2936
-3703
-3701
-1702
-204
-987
-2573
-2721
-1326
44
515
488
358
145
-216
-904
-1731
-1882
-1019
30
303
-156
-498
-326
-48
138
623
1477
2198
2424
2124
1452
787
453
321
164
184
590
848
221
-666
-422
701
1168
1037
1549
2436
2596
2123
1700
1578
1678
1747
1638
1495
1251
798
396
178
72
189
425
505
628
916
1141
958
-630
-3850
-6074
-5168
-3523
-3764
-4074
-2235
-81
-267
-2038
-2722
-1585
-243
244
396
599
497
-8
-745
-1658
-2191
-1661
-495
152
-25
-306
-199
42
141
458
1259
2095
2491
2403
1885
1138
509
39
-273
-193
245
611
455
-218
-487
280
1057
1045
1329
2405
2979
2502
1837
1510
1460
1554
1557
1427
1244
886
438
204
81
-71
-11
393
900
1195
1318
1464
704
-2310
-5921
-6536
-4513
-3615
-4266
-3395
-737
490
-986
-2702
-2363
-733
312
549
743
851
434
-414
-1388
-2160
-2129
-1083
74
271
-206
-309
37
184
255
840
1780
2528
2794
2338
1309
498
212
-135
-576
-323
562
885
148
-485
78
1053
1194
1042
1768
2829
2922
2148
1478
1289
1302
1217
1042
972
946
735
397
91
-104
-5
394
773
981
1187
1560
1593
-150
-3920
-6774
-6127
-4112
-3911
-4262
-2421
326
685
-1304
-2617
-1763
-219
440
487
628
669
189
-788
-1965
-2670
-2162
-787
128
43
-192
127
495
432
469
1141
2112
2769
2757
2067
1244
703
144
-549
-762
-106
785
803
-105
-428
553
1382
1163
1215
2187
2839
2488
1811
1417
1396
1487
1315
970
806
757
581
238
-72
-61
239
497
680
870
1083
1490
1299
-1225
-5238
-6982
-5467
-4078
-4472
-4073
-1416
872
281
-1815
-2474
-1264
-1
343
361
513
473
-101
-1129
-2137
-2420
-1613
-338
302
162
100
429
616
542
810
1626
2460
2775
2462
1703
914
387
-76
-574
-612
108
863
716
-68
-184
763
1480
1277
1341
2300
2888
2352
1552
1229
1270
1311
1055
709
717
847
575
68
-208
-95
292
601
680
791
1106
1494
1123
-1395
-5353
-7205
-5628
-3917
-4227
-4049
-1358
1283
757
-1668
-2423
-990
191
142
35
340
342
-303
-1306
-2221
-2490
-1728
-427
283
111
42
560
859
634
801
1757
2664
2814
2330
1664
1032
397
-204
-562
-468
159
830
600
-234
-48
1195
1686
1234
1460
2459
2763
2025
1245
1092
1259
1180
877
751
760
616
359
127
-17
125
550
877
958
1039
1381
1835
1200
-1799
-5755
-7202
-5662
-4397
-4671
-3981
-1150
1147
486
-1691
-2333
-1057
73
176
180
438
335
-387
-1411
-2216
-2289
-1499
-347
332
261
192
627
924
695
780
1658
2543
2686
2210
1564
925
278
-305
-570
-328
232
514
185
-89
479
1331
1458
1258
1669
2372
2465
1868
1254
1194
1411
1195
694
627
872
786
398
144
182
426
637
594
556
961
1668
1977
947
-2044
-5733
-7218
-5888
-4612
-4722
-3766
-673
1524
548
-1573
-1921
-769
-97
-153
123
609
349
-625
-1576
-2175
-2302
-1664
-451
376
342
242
679
996
799
891
1751
2598
2665
2193
1660
1052
303
-295
-527
-437
-25
425
284
-185
178
1290
1727
1390
1580
2325
2439
1788
1224
1132
1188
1014
675
563
697
649
330
95
147
380
525
427
419
826
1316
1504
1107
-730
-4108
-6670
-6375
-4882
-4529
-4176
-1855
846
1064
-743
-1753
-1112
-335
-154
95
473
367
-251
-1013
-1734
-2123
-1770
-716
311
593
425
551
858
878
963
1537
2209
2516
2398
1876
1098
390
-82
-379
-520
-347
89
194
-160
-24
882
1490
1424
1574
2145
2334
1855
1288
1136
1202
1044
746
666
665
495
264
97
37
210
551
755
760
885
1283
1561
1332
144
-2632
-5961
-7042
-5431
-4038
-4039
-3214
-658
1118
179
-1754
-1945
-520
420
302
208
384
56
-812
-1518
-1831
-1812
-1181
-60
604
384
132
495
883
884
1132
1941
2640
2704
2196
1422
756
300
-174
-573
-443
142
372
-89
-316
459
1374
1496
1448
1891
2299
2118
1592
1221
1184
1184
925
639
536
447
339
242
-21
-240
28
502
644
687
1000
1258
1214
1018
-68
-3065
-6398
-6934
-5006
-3917
-4069
-2873
-227
992
-344
-1976
-1724
-331
366
291
321
378
-57
-784
-1350
-1690
-1645
-831
276
559
104
16
468
820
1043
1539
2285
2834
2815
2206
1271
450
24
-254
-594
-555
66
393
-63
-260
542
1360
1417
1449
1943
2275
2038
1519
1152
1114
1116
881
662
665
643
495
232
-210
-377
173
818
902
845
1098
1295
1168
808
-427
-3320
-6333
-6623
-4586
-3488
-3856
-2999
-529
682
-572
-2032
-1654
-201
586
479
297
196
-217
-832
-1280
-1573
-1588
-926
12
220
-222
-242
370
866
1085
1526
2224
2662
2556
2068
1352
593
84
-161
-369
-415
-118
66
-136
-74
607
1252
1473
1692
2083
2289
2116
1688
1295
1196
1169
887
612
603
531
232
15
-15
128
487
813
877
937
1084
1007
782
783
267
-2109
-5491
-6827
-5369
-3913
-3891
-3346
-1293
199
-332
-1511
-1575
-653
177
540
598
347
-171
-634
-992
-1478
-1800
-1323
-340
116
-110
-147
319
793
1131
1631
2227
2624
2677
2305
1487
532
-90
-288
-380
-417
-143
98
-222
-435
280
1218
1499
1619
2114
2467
2206
1642
1302
1292
1194
806
561
606
435
60
-10
157
208
325
685
927
792
654
826
928
749
691
9
-2727
-6049
-6606
-4685
-3580
-3715
-2777
-631
399
-549
-1673
-1366
-211
517
728
750
399
-344
-1026
-1506
-1925
-1941
-1129
-29
298
-88
-125
409
817
1058
1662
2478
2925
2737
1917
858
226
41
-205
-487
-343
170
365
-153
-599
61
1231
1660
1681
2133
2516
2180
1477
926
731
828
802
533
318
171
54
127
131
-135
-41
653
1089
827
616
983
1307
1007
589
-6
-2194
-5458
-6554
-4810
-3412
-3535
-2904
-944
161
-554
-1539
-1257
-27
855
996
832
361
-481
-1137
-1307
-1403
-1443
-902
-14
269
-98
-206
205
637
1032
1678
2329
2556
2369
1820
974
272
45
3
-138
-195
-48
-35
-463
-775
-122
1045
1587
1637
1938
2256
2082
1532
958
694
779
822
660
458
191
-20
58
143
-57
-127
299
823
1004
1071
1291
1381
1092
722
170
-1609
-4596
-6394
-5360
-3455
-3029
-3104
-1949
-448
-335
-1272
-1528
-459
823
1209
852
263
-425
-893
-926
-992
-1269
-1060
-160
411
-14
-593
-334
479
1127
1602
2147
2614
2642
2117
1289
619
303
200
55
-162
-210
-163
-399
-729
-398
575
1363
1590
1654
1831
1861
1491
1028
904
985
938
663
300
41
-80
-169
-235
-265
-222
192
868
1190
1013
930
1134
1056
464
69
-62
-1550
-4499
-5984
-4639
-3054
-2954
-2789
-1556
-523
-727
-1396
-1276
-304
562
844
809
490
-106
-532
-640
-873
-1171
-926
-224
132
-100
-323
-144
291
855
1566
2227
2570
2582
2197
1350
455
173
285
107
-195
-39
91
-458
-925
-354
693
1203
1305
1545
1858
1820
1408
1156
1226
1150
735
380
171
-115
-355
-243
57
135
183
582
1021
1047
897
879
873
717
527
523
21
-2120
-4835
-5432
-3898
-2818
-2935
-2762
-1798
-1172
-1581
-2071
-1403
50
1001
1179
964
382
-322
-661
-764
-999
-1056
-590
-57
-116
-593
-705
-245
410
1168
2018
2585
2700
2468
1877
1062
477
360
462
418
220
103
-132
-819
-1287
-610
661
1282
1276
1427
1753
1773
1436
1125
1069
1078
900
578
230
-96
-205
-10
168
134
215
632
1002
941
632
434
566
860
870
707
589
-705
-3747
-5830
-4771
-2868
-2736
-3198
-2507
-1473
-1355
-1684
-1274
-83
960
1389
1314
634
-414
-836
-462
-449
-1065
-1149
-432
-96
-600
-965
-550
223
927
1662
2300
2504
2372
2085
1450
673
426
592
506
113
-235
-485
-861
-1384
-1286
-64
1229
1510
1358
1516
1659
1516
1313
1206
1241
1208
873
441
101
-154
-99
297
401
126
182
621
881
877
857
901
1014
1016
782
683
393
-1452
-4496
-5882
-4440
-2776
-2774
-3047
-2269
-1370
-1295
-1494
-1060
25
1003
1303
1042
450
-280
-638
-548
-693
-1114
-959
-253
-58
-542
-711
-234
381
934
1651
2279
2437
2190
1747
1214
742
510
483
310
-106
-499
-654
-875
-1244
-908
355
1338
1250
957
1196
1551
1580
1378
1250
1353
1321
883
375
54
-188
-134
258
394
152
147
540
895
972
865
703
615
680
694
493
147
-728
-2763
-4901
-4902
-3057
-2008
-2495
-2792
-2051
-1311
-1335
-1352
-453
810
1277
923
381
-161
-560
-460
-163
-356
-760
-539
-1
-97
-653
-694
-82
629
1200
1643
1884
1875
1630
1222
881
744
655
453
87
-396
-698
-744
-922
-1022
-240
972
1326
947
815
1060
1363
1581
1604
1592
1594
1243
655
267
-2
-32
428
705
293
5
332
640
542
381
449
659
776
715
545
440
167
-1300
-3835
-4948
-3504
-2037
-2374
-3043
-2697
-1962
-1557
-1363
-873
91
888
948
618
215
-189
-141
298
177
-522
-694
-286
-278
-785
-1036
-672
18
671
1106
1368
1598
1778
1684
1264
885
857
872
532
-1
-351
-405
-342
-549
-927
-620
439
1033
802
772
1266
1693
1861
1818
1580
1389
1238
854
418
186
57
78
183
-82
-503
-309
294
540
487
579
716
746
838
947
755
345
-367
-2170
-4417
-4622
-2717
-1759
-2625
-3102
-2391
-1696
-1507
-1292
-593
438
1060
975
650
334
85
160
192
-377
-959
-763
-381
-657
-1164
-1051
-434
188
805
1391
1623
1586
1578
1426
1095
1012
1182
1105
578
-74
-419
-529
-875
-1141
-505
603
971
730
850
1339
1645
1720
1743
1739
1609
1312
930
550
168
-37
23
-22
-318
-363
-33
174
201
415
706
757
593
468
470
430
268
95
-732
-2740
-4255
-3394
-1833
-2072
-3043
-2778
-1951
-1692
-1542
-896
12
626
672
474
324
79
-70
114
47
-578
-892
-550
-399
-733
-883
-616
-247
151
649
1135
1483
1674
1663
1392
1061
976
1009
832
485
217
57
-154
-452
-455
97
680
710
490
541
901
1317
1527
1509
1480
1429
1251
996
644
231
124
248
140
-118
-129
-29
-9
31
151
306
474
466
383
496
529
286
193
-334
-2229
-3903
-3217
-1587
-1507
-2533
-2927
-2482
-1972
-1707
-1262
-456
63
53
121
233
-31
-138
261
350
-261
-731
-536
-203
-316
-686
-795
-464
97
662
1068
1253
1258
1218
1193
1162
1145
1236
1283
982
417
44
-90
-244
-258
111
563
704
538
360
602
1214
1513
1337
1245
1291
1174
1000
777
442
312
388
224
-140
-273
-139
47
179
244
322
534
695
555
327
301
295
241
-25
-1312
-3150
-3337
-1816
-1338
-2591
-3400
-2874
-2083
-1643
-1300
-835
-404
-254
-159
101
102
-129
105
486
34
-731
-650
-181
-289
-666
-675
-397
20
594
1036
1119
1075
1172
1301
1235
1140
1243
1202
720
256
227
296
115
-82
69
407
457
306
405
676
895
1224
1545
1436
1084
951
972
834
492
196
222
388
273
-6
-62
19
131
412
657
572
414
393
289
180
216
92
-120
-402
-1678
-3487
-3441
-1678
-1141
-2279
-2912
-2438
-1811
-1447
-1230
-892
-414
-177
-106
86
37
-208
-9
214
-253
-655
-182
427
292
-245
-491
-288
209
706
897
910
1057
1178
1025
797
776
932
949
613
275
326
480
352
102
64
287
508
457
354
436
564
744
1036
1051
720
671
937
878
510
274
244
336
391
222
116
353
573
489
342
230
77
-1
9
-20
-2
19
-179
-369
-727
-1974
-3075
-2155
-553
-876
-2280
-2585
-2053
-1667
-1363
-1025
-821
-772
-717
-386
42
27
-82
308
501
-59
-356
151
502
268
21
-15
68
362
670
659
463
349
385
524
634
691
818
863
670
580
754
784
502
241
236
430
581
494
341
312
359
543
834
873
633
589
746
759
678
669
628
549
440
219
88
220
281
99
-17
-4
-91
-228
-265
-182
-32
-22
-103
-22
-450
-1869
-2579
-1354
-396
-1521
-2881
-2695
-1890
-1438
-1220
-1212
-1296
-1145
-756
-258
138
175
180
458
477
125
205
642
572
102
-180
-270
-146
227
397
225
159
331
538
705
799
871
1019
1036
841
815
958
796
451
382
430
333
236
141
4
96
442
716
809
805
793
883
955
797
614
620
582
365
169
42
-67
-53
29
-10
-70
3
105
111
18
-55
2
47
-23
25
-259
-1551
-2529
-1595
-448
-1259
-2632
-2630
-1941
-1464
-1109
-1100
-1328
-1077
-445
-11
132
35
5
341
474
78
-41
334
335
-75
-256
-256
-179
173
392
163
6
272
644
882
933
841
845
897
789
730
849
717
387
367
476
313
173
285
354
325
441
654
739
666
595
678
775
731
639
565
470
408
329
111
-63
10
175
208
155
99
48
11
56
137
185
123
-51
-98
-170
-1003
-2138
-1855
-557
-639
-2148
-2809
-2147
-1443
-1189
-1179
-1282
-1207
-848
-407
-81
-85
-208
48
356
75
-188
158
363
-32
-329
-277
-156
77
350
368
246
251
417
765
1021
906
732
844
894
770
822
904
640
344
375
461
405
339
338
424
641
797
770
758
838
822
696
572
477
409
392
341
205
107
98
116
164
194
107
50
184
305
222
95
74
84
34
-120
-292
-629
-1443
-2080
-1514
-664
-1212
-2397
-2500
-1838
-1435
-1261
-1198
-1248
-1089
-704
-407
-219
-136
-205
-169
-59
-148
-179
46
107
-82
-129
-10
155
416
529
333
250
545
900
1067
1002
725
511
554
652
718
823
733
387
266
554
762
694
636
636
563
545
725
874
737
464
382
521
593
442
231
168
210
242
253
285
358
447
454
332
204
208
285
258
93
-25
-25
-80
-206
-337
-911
-1917
-2080
-1025
-580
-1629
-2491
-2101
-1447
-1199
-1071
-1118
-1376
-1342
-861
-395
-321
-537
-576
-288
-101
-129
27
285
228
52
118
286
454
650
619
285
100
344
718
841
654
408
343
420
519
677
781
635
473
634
846
772
653
671
619
547
695
880
782
502
373
456
553
550
492
384
245
239
353
357
281
343
447
363
180
96
105
99
12
-126
-188
-176
-210
-249
-283
-721
-1572
-1804
-979
-490
-1310
-2239
-2107
-1487
-1129
-1039
-1258
-1601
-1477
-890
-449
-398
-507
-446
-123
109
55
52
238
304
236
278
382
438
485
428
198
111
361
648
631
389
255
446
757
849
782
758
680
549
634
806
737
576
592
640
614
607
586
501
423
406
455
545
587
526
446
390
314
240
200
162
130
148
147
97
81
113
81
-49
-184
-245
-207
-143
-141
-230
-546
-1157
-1497
-1005
-505
-1110
-2062
-2049
-1481
-1277
-1309
-1359
-1474
-1343
-826
-389
-352
-511
-501
-208
38
42
114
305
260
111
204
359
395
450
478
382
312
404
580
649
545
464
584
766
826
810
787
717
627
659
770
696
492
446
523
510
521
649
648
437
295
353
420
357
273
256
215
165
210
231
137
84
164
233
226
213
183
94
4
-21
-21
-64
-175
-288
-345
-544
-1078
-1449
-1074
-578
-972
-1830
-2007
-1557
-1202
-1052
-1065
-1339
-1452
-1002
-464
-378
-560
-607
-401
-85
120
155
137
144
204
303
339
328
391
459
391
330
427
551
551
479
441
518
688
781
736
683
658
623
650
735
745
675
591
490
397
435
586
620
432
298
374
450
399
334
308
288
313
383
425
385
288
235
265
243
131
81
136
121
-15
-127
-139
-158
-220
-241
-370
-832
-1283
-1106
-698
-1014
-1793
-1972
-1552
-1296
-1307
-1355
-1499
-1529
-1067
-469
-402
-709
-755
-429
-109
20
70
82
77
169
337
388
339
352
383
328
331
472
583
595
581
591
639
703
746
774
751
636
570
644
701
627
509
414
367
420
535
625
612
488
416
515
620
588
468
343
281
336
382
299
203
208
247
249
207
147
136
168
107
-64
-166
-111
-48
-146
-312
-434
-723
-1168
-1215
-842
-893
-1549
-1890
-1579
-1295
-1317
-1349
-1368
-1433
-1222
-689
-419
-644
-798
-480
-95
-19
-24
85
111
107
289
459
374
289
401
457
352
347
510
625
611
572
585
639
665
641
645
658
589
516
582
688
646
502
425
452
572
716
744
602
451
463
576
598
484
359
312
310
292
262
213
152
145
206
238
199
175
165
87
10
29
48
-65
-226
-315
-375
-593
-1004
-1227
-976
-764
-1192
-1763
-1703
-1309
-1209
-1295
-1335
-1395
-1297
-875
-569
-739
-901
-598
-194
-108
-157
-86
1
53
198
345
311
262
401
526
445
389
512
599
536
479
493
525
573
612
634
654
609
513
560
724
730
578
522
600
665
680
666
590
507
535
636
625
462
305
282
362
446
436
328
235
249
317
325
241
148
119
109
53
-32
-133
-238
-308
-340
-377
-495
-789
-1095
-1033
-750
-861
-1363
-1586
-1373
-1156
-1090
-1100
-1234
-1355
-1202
-891
-735
-738
-703
-566
-404
-271
-174
-90
-20
43
123
190
239
315
377
359
347
414
493
524
530
510
496
551
649
713
742
710
613
588
698
775
693
573
535
582
681
743
654
485
460
618
727
627
454
403
458
494
498
481
377
209
147
212
203
96
42
41
-7
-65
-94
-145
-228
-296
-343
-395
-542
-829
-1004
-876
-796
-1116
-1482
-1502
-1382
-1348
-1306
-1314
-1474
-1474
-1115
-776
-752
-808
-707
-509
-320
-154
-56
-41
-19
100
241
299
334
407
447
432
469
569
631
658
690
689
652
646
708
763
728
615
563
633
720
720
641
570
600
745
845
747
573
519
578
626
602
484
320
258
324
368
280
148
104
150
182
142
72
51
58
28
-7
-34
-106
-217
-289
-352
-417
-455
-617
-946
-1104
-882
-748
-1079
-1463
-1439
-1203
-1108
-1156
-1240
-1291
-1196
-954
-786
-786
-795
-679
-468
-252
-119
-91
-72
29
157
245
329
438
485
453
436
462
470
476
526
582
601
613
631
631
635
655
653
625
649
719
730
646
582
601
633
625
594
553
497
491
546
554
450
336
332
399
427
397
357
321
279
256
236
154
34
1
32
12
-71
-174
-276
-353
-376
-387
-432
-577
-817
-967
-880
-822
-1080
-1399
-1393
-1220
-1178
-1194
-1171
-1201
-1215
-1010
-729
-661
-723
-626
-389
-247
-232
-191
-76
22
87
169
255
298
350
428
453
415
446
570
628
578
555
607
651
664
690
689
610
559
618
647
556
479
510
556
573
629
673
620
589
662
680
569
486
494
466
367
291
238
177
156
185
164
94
67
88
78
12
-61
-111
-106
-91
-175
-328
-392
-366
-469
-734
-919
-890
-835
-962
-1209
-1354
-1278
-1100
-1020
-1100
-1209
-1192
-1030
-832
-735
-762
-754
-589
-382
-287
-236
-106
48
144
210
287
356
417
476
486
444
453
552
626
591
537
557
606
634
669
682
612
549
627
769
764
594
472
511
629
690
642
540
477
502
538
495
397
353
390
409
346
261
209
187
183
188
152
87
48
7
-103
-206
-201
-164
-196
-261
-316
-380
-444
-519
-675
-831
-799
-677
-782
-1092
-1236
-1131
-1033
-1040
-1050
-1032
-1002
-912
-787
-736
-715
-623
-489
-371
-258
-159
-112
-62
30
122
196
295
384
393
360
377
451
522
549
542
553
603
648
639
589
543
530
563
614
630
577
506
487
529
589
603
557
506
500
511
494
451
424
418
409
385
360
328
299
279
258
208
141
110
110
57
-57
-130
-132
-148
-213
-282
-326
-354
-378
-454
-632
-796
-779
-692
-795
-1056
-1189
-1114
-1022
-1022
-1077
-1128
-1109
-960
-771
-706
-721
-665
-531
-404
-277
-142
-79
-72
-1
133
213
229
255
297
337
392
457
488
508
561
605
596
597
652
682
632
585
596
608
597
593
597
588
616
674
671
604
599
654
639
547
494
485
433
366
347
323
239
195
236
235
140
75
90
68
-19
-64
-55
-97
-189
-259
-310
-394
-455
-479
-587
-807
-950
-897
-830
-938
-1140
-1227
-1170
-1076
-1003
-981
-1027
-1039
-917
-741
-645
-622
-569
-484
-402
-290
-147
-52
-22
31
123
203
261
344
432
460
435
435
488
554
588
587
570
548
580
658
699
663
621
671
754
768
709
671
686
705
686
644
612
587
543
498
457
418
388
357
307
243
205
197
175
106
34
7
2
-22
-80
-144
-174
-184
-218
-285
-371
-439
-464
-474
-539
-687
-827
-849
-810
-851
-987
-1099
-1116
-1069
-1007
-976
-1011
-1039
-954
-794
-680
-635
-572
-459
-346
-260
-163
-55
32
88
146
218
283
337
380
412
435
460
498
542
576
594
609
626
642
664
696
717
702
669
663
681
671
640
621
608
581
554
550
552
533
497
460
428
408
410
381
307
235
210
207
172
106
39
-10
-53
-88
-122
-157
-195
-248
-319
-387
-424
-447
-512
-640
-776
-845
-863
-917
-1041
-1171
-1228
-1191
-1134
-1126
-1145
-1120
-1013
-867
-747
-659
-564
-444
-323
-220
-144
-75
-5
58
109
152
198
248
305
360
409
456
520
603
669
697
723
764
787
786
785
778
758
741
736
718
677
655
671
689
677
660
656
644
618
589
549
492
436
389
333
250
178
133
77
17
-19
-38
-76
-113
-139
-176
-218
-245
-266
-324
-427
-516
-563
-618
-712
-824
-933
-1010
-1039
-1055
-1096
-1156
-1160
-1100
-1040
-1009
-970
-902
-823
-740
-652
-569
-492
-392
-275
-191
-142
-49
90
197
252
310
392
467
514
548
567
576
600
637
648
632
631
661
679
671
666
676
688
701
710
697
668
653
646
619
578
553
527
493
447
411
385
351
319
280
242
211
185
149
95
41
6
-24
-51
-93
-143
-186
-214
-234
-272
-334
-398
-440
-475
-525
-590
-673
-759
-821
-863
-906
-959
-1003
-1018
-1006
-969
-922
-876
-834
-777
-692
-591
-497
-417
-342
-263
-191
-126
-65
1
62
116
161
198
242
300
353
389
415
460
516
555
584
605
633
656
666
666
660
661
662
647
621
598
585
582
567
542
521
510
490
467
440
416
393
364
332
301
276
251
226
197
165
130
105
77
35
-12
-60
-101
-147
-205
-275
-350
-419
-482
-543
-617
-702
-792
-863
-911
-946
-985
-1028
-1039
-1017
-978
-947
-913
-855
-773
-684
-614
-549
-472
-379
-295
-230
-170
-102
-24
54
115
164
208
268
329
371
401
435
485
529
558
575
600
638
669
685
690
695
705
704
690
671
662
654
633
602
573
556
545
518
484
453
427
402
363
316
271
232
187
133
79
32
-7
-49
-102
-155
-187
-212
-241
-276
-314
-352
-394
-450
-512
-577
-636
-701
-778
-851
-912
-957
-994
-1016
-1019
-991
-940
-886
-827
-757
-672
-574
-480
-396
-318
-235
-158
-90
-35
20
80
141
190
229
278
332
384
424
457
496
544
584
607
615
634
663
687
688
669
661
665
667
656
627
599
577
556
528
494
464
442
414
376
335
300
271
238
195
148
113
92
61
16
-26
-59
-75
-87
-107
-139
-171
-207
-245
-279
-312
-366
-424
-492
-577
-648
-707
-766
-821
-866
-905
-927
-916
-887
-859
-817
-765
-704
-622
-544
-484
-433
-381
-328
-261
-197
-144
-93
-38
10
68
141
207
263
313
356
394
436
477
505
526
536
543
555
571
580
580
583
583
585
593
592
580
570
557
543
533
518
498
477
453
427
403
389
364
335
311
278
249
213
169
123
79
36
-7
-53
-103
-151
-198
-246
-288
-331
-379
-433
-488
-542
-601
-654
-710
-760
-806
-849
-872
-889
-895
-888
-864
-834
-789
-731
-670
-603
-537
-462
-395
-322
-253
-186
-122
-66
-10
41
94
138
183
228
272
315
355
401
438
482
518
550
578
599
617
624
632
629
625
620
608
598
593
584
572
562
549
535
524
503
482
451
419
382
342
302
258
214
166
119
73
29
-11
-51
-88
-128
-167
-206
-250
-291
-335
-377
-426
-477
-531
-579
-627
-671
-708
-742
-764
-783
-795
-794
-785
-770
-749
-723
-689
-649
-608
-565
-514
-459
-398
-334
-269
-205
-140
-75
-7
62
131
198
258
310
359
402
446
484
517
547
570
580
587
589
592
597
594
591
581
571
557
544
533
520
505
487
468
442
422
404
383
359
335
307
272
240
209
177
144
112
75
39
-2
-44
-87
-127
-166
-208
-246
-287
-331
-370
-406
-442
-476
-505
-534
-564
-592
-617
-638
-654
-669
-678
-681
-680
-672
-660
-639
-613
-581
-543
-500
-453
-404
-351
-301
-246
-188
-132
-72
-18
41
97
147
200
247
293
332
369
404
433
458
484
507
526
544
558
571
580
589
595
597
597
594
590
578
564
548
528
506
480
452
425
393
362
329
291
254
219
179
139
100
61
21
-21
-56
-99
-139
-186
-227
-275
-321
-368
-415
-463
-512
-561
-609
-652
-690
-722
-752
-771
-786
-793
-797
-788
-774
-751
-718
-680
-633
-581
-520
-459
-389
-327
-252
-180
-112
-46
18
82
139
197
243
291
327
368
397
431
457
485
508
533
557
571
590
602
620
633
650
657
665
669
671
670
661
649
629
605
569
535
495
453
408
364
316
266
214
165
115
62
11
-42
-90
-143
-195
-246
-298
-352
-408
-462
-514
-567
-620
-667
-716
-755
-793
-824
-850
-868
-877
-878
-866
-845
-820
-786
-743
-692
-630
-569
-500
-428
-353
-278
-205
-133
-62
6
70
130
186
239
286
327
365
397
426
453
479
504
524
544
561
580
595
612
626
640
648
657
665
666
663
659
648
631
608
581
548
516
474
431
389
344
294
242
192
139
90
40
-5
-47
-89
-128
-169
-209
-249
-292
-337
-382
-430
-477
-529
-580
-626
-670
-703
-738
-760
-775
-784
-785
-784
-770
-754
-730
-701
-669
-629
-586
-536
-482
-424
-364
-304
-238
-173
-110
-48
11
66
119
169
216
262
306
349
387
422
456
485
509
530
554
572
591
612
628
647
661
676
690
697
698
693
682
664
637
600
563
518
469
419
368
317
267
216
166
116
63
10
-44
-95
-146
-202
-255
-312
-363
-414
-468
-519
-563
-606
-642
-670
-698
-719
-740
-754
-762
-763
-757
-747
-729
-710
-684
-649
-611
-568
-521
-467
-409
-351
-289
-227
-162
-97
-34
29
91
145
197
248
297
342
384
427
464
500
531
559
586
607
627
641
652
658
662
661
658
650
640
629
613
594
569
543
512
478
441
403
360
315
265
213
162
104
48
-12
-74
-134
-198
-262
-327
-390
-452
-507
-559
-607
-652
-691
-724
-750
-772
-782
-785
-782
-769
-751
-726
-693
-658
-617
-573
-523
-469
-417
-360
-305
-249
-191
-134
-75
-19
35
89
142
194
237
285
331
374
416
453
490
523
553
578
605
625
643
655
666
677
677
675
665
655
637
614
587
553
522
484
442
398
351
303
252
196
140
82
26
-35
-94
-155
-220
-283
-345
-406
-465
-524
-577
-621
-664
-698
-728
-751
-764
-768
-766
-754
-736
-711
-678
-645
-602
-559
-511
-460
-408
-353
-299
-244
-188
-130
-77
-21
34
87
137
187
237
279
321
359
396
427
457
481
505
526
541
549
556
561
562
560
557
551
544
537
523
508
488
465
445
423
394
361
328
290
254
212
163
114
65
17
-35
-91
-148
-208
-264
-318
-372
-423
-470
-511
-553
-594
-634
-664
-683
-693
-696
-692
-681
-662
-633
-600
-562
-516
-463
-403
-345
-290
-236
-177
-118
-63
-11
35
83
126
163
196
228
260
286
314
336
355
376
393
411
430
442
457
472
482
492
495
496
495
490
480
467
449
427
404
377
345
314
278
244
209
173
135
96
57
13
-25
-65
-112
-154
-199
-242
-283
-326
-369
-407
-442
-476
-502
-527
-546
-560
-571
-573
-570
-560
-548
-534
-513
-488
-458
-425
-390
-349
-306
-261
-214
-169
-122
-72
-25
17
62
102
141
180
220
253
282
311
341
363
385
404
421
434
443
452
458
463
466
466
460
457
449
439
427
413
396
374
350
326
302
271
240
210
176
140
99
63
22
-21
-63
-110
-156
-204
-252
-303
-348
-394
-437
-475
-511
-538
-562
-584
-600
-610
-611
-601
-587
-568
-542
-509
-468
-428
-384
-336
-286
-235
-187
-137
-89
-43
1
43
82
120
155
187
218
248
275
306
330
353
374
396
415
432
449
464
473
478
483
486
484
480
468
458
448
432
408
383
356
327
292
257
223
189
149
106
61
15
-33
-81
-129
-176
-223
-268
-315
-364
-405
-444
-477
-509
-538
-559
-575
-586
-592
-595
-592
-581
-563
-541
-509
-474
-435
-395
-355
-308
-268
-221
-175
-128
-83
-37
7
42
80
118
155
188
221
254
286
315
339
364
384
405
424
442
459
472
479
485
487
485
480
474
465
456
437
422
400
374
348
316
287
255
223
188
150
112
71
27
-16
-62
-108
-153
-197
-238
-280
-321
-359
-396
-431
-462
-488
-507
-525
-536
-542
-548
-550
-543
-533
-519
-501
-478
-449
-416
-379
-341
-297
-254
-207
-162
-113
-66
-22
26
73
110
148
183
213
244
269
295
319
341
357
374
387
398
409
418
426
433
435
431
431
425
416
404
394
383
366
350
331
308
284
262
234
202
170
141
103
60
18
-26
-69
-115
-162
-210
-255
-296
-339
-384
-419
-452
-481
-507
-525
-538
-550
-555
-554
-550
-540
-524
-502
-474
-446
-413
-377
-339
-299
-255
-211
-168
-121
-77
-34
9
50
91
131
171
209
245
276
308
339
364
390
411
431
446
454
465
468
467
468
462
449
437
425
409
391
371
352
331
308
286
258
233
207
179
153
121
90
54
21
-18
-59
-96
-137
-177
-214
-253
-289
-327
-364
-396
-427
-451
-473
-491
-503
-512
-515
-515
-508
-497
-482
-464
-444
-417
-389
-357
-322
-288
-251
-216
-178
-139
-100
-60
-20
19
55
92
129
165
201
234
263
292
318
340
361
383
398
410
422
427
430
431
429
426
417
405
392
376
357
339
319
299
277
253
232
209
186
160
131
104
74
45
13
-19
-52
-88
-125
-162
-198
-234
-269
-305
-336
-370
-399
-423
-443
-460
-476
-485
-491
-487
-482
-469
-447
-425
-400
-369
-337
-297
-255
-215
-175
-135
-98
-58
-20
17
52
80
109
136
163
188
211
231
247
263
278
293
306
315
325
331
337
341
346
343
344
345
342
340
331
326
314
301
288
274
253
233
214
189
167
136
110
82
49
20
-12
-42
-75
-107
-141
-174
-205
-236
-270
-297
-325
-351
-372
-392
-407
-420
-427
-436
-435
-432
-428
-415
-399
-384
-366
-341
-316
-288
-258
-226
-193
-158
-124
-89
-54
-16
18
53
87
120
151
185
213
240
267
290
312
334
354
374
388
399
411
420
425
429
428
428
421
408
395
378
359
336
312
285
257
225
191
157
121
89
52
16
-23
-60
-96
-133
-172
-208
-244
-278
-307
-334
-359
-382
-403
-419
-431
-441
-449
-451
-450
-448
-436
-423
-408
-393
-370
-348
-323
-295
-269
-234
-205
-173
-141
-110
-73
-42
-9
22
55
85
113
140
163
186
207
229
248
265
283
299
312
325
332
345
353
359
359
363
366
365
363
359
352
340
328
316
303
281
263
240
218
189
157
127
96
62
29
-5
-40
-73
-107
-139
-168
-199
-229
-254
-279
-302
-324
-339
-351
-364
-372
-373
-371
-368
-364
-361
-351
-340
-327
-308
-294
-276
-253
-230
-210
-188
-165
-141
-117
-94
-69
-45
-21
0
26
50
75
97
119
139
158
176
192
206
217
229
246
258
262
266
276
281
285
284
283
285
283
280
273
264
256
244
231
216
196
177
156
132
108
83
60
35
5
-20
-48
-72
-101
-128
-150
-176
-199
-218
-234
-252
-265
-272
-278
-284
-283
-284
-280
-269
-259
-249
-236
-224
-204
-189
-175
-160
-140
-120
-100
-85
-68
-50
-36
-20
-5
9
25
41
57
71
84
97
112
124
135
146
154
165
171
177
184
187
189
193
191
187
185
182
181
176
165
157
149
137
126
114
101
88
75
61
46
33
17
4
-11
-26
-39
-52
-64
-82
-97
-108
-120
-131
-141
-148
-153
-154
-159
-163
-163
-162
-157
-152
-147
-141
-133
-123
-115
-106
-93
-82
-68
-53
-45
-32
-23
-12
-2
7
17
26
34
37
45
51
53
59
60
63
68
68
73
78
81
84
84
85
90
90
91
94
94
97
94
94
91
90
86
79
72
66
59
49
44
35
23
18
5
-5
-15
-26
-33
-43
-50
-57
-62
-70
-76
-79
-84
-85
-88
-93
-93
-93
-93
-90
-92
-87
-88
-85
-80
-77
-69
-66
-59
-55
-50
-41
-36
-27
-20
-18
-11
-4
4
12
18
29
34
40
45
49
55
56
62
66
69
72
74
81
79
80
78
78
80
77
79
75
72
72
64
62
58
53
48
42
38
28
25
18
11
5
-4
-8
-19
-27
-31
-39
-42
-48
-53
-54
-62
-64
-66
-71
-75
-77
-76
-78
-79
-78
-75
-71
-70
-67
-61
-54
-46
-46
-41
-36
-30
-21
-15
-13
-4
1
4
9
7
11
17
24
27
29
29
32
41
42
48
47
52
55
58
57
54
57
58
59
59
54
52
55
54
46
42
37
36
32
26
20
17
12
7
1
-9
-12
-14
-17
-22
-30
-37
-39
-36
-37
-42
-45
-46
-45
-44
-45
-48
-49
-46
-44
-45
-46
-42
-38
-36
-35
-34
-29
-26
-22
-19
-19
-14
-11
-7
-5
-1
3
6
12
13
18
16
20
24
26
27
32
37
38
40
41
43
42
41
42
42
43
43
40
37
39
37
35
31
27
23
19
16
11
6
3
2
-4
-7
-9
-16
-20
-24
-23
-26
-27
-26
-28
-28
-33
-34
-31
-31
-31
-31
-31
-28
-25
-25
-26
-25
-23
-21
-18
-15
-16
-15
-12
-9
-8
-8
-9
-6
-4
-5
-1
3
5
7
8
10
11
13
17
17
15
16
17
16
15
17
19
20
19
18
19
19
18
19
18
15
16
12
12
14
13
13
12
13
12
10
8
5
2
2
1
0
-4
-3
-4
-7
-9
-9
-10
-11
-11
-14
-17
-15
-16
-16
-15
-16
-15
-14
-14
-15
-15
-14
-12
-11
-9
-8
-7
-5
-6
-4
-4
-4
-3
-2
-1
0
1
1
2
2
0
1
5
7
6
9
9
9
7
7
10
11
13
10
9
10
10
10
11
13
12
10
9
8
7
7
5
7
6
5
6
4
2
0
-4
-2
-3
-6
-6
-6
-7
-11
-11
-12
-11
-11
-12
-13
-8
-8
-8
-7
-9
-8
-7
-5
-4
-1
-3
-4
-4
-1
1
5
5
5
6
3
6
5
5
6
3
5
4
4
4
6
9
7
7
6
8
9
6
5
5
3
3
4
3
4
3
0
-2
-3
-2
1
0
-3
-3
-6
-5
-8
-9
-8
-5
-6
-5
-3
-2
-2
-5
-7
-7
-7
-7
-4
-3
0
-2
-4
-6
-4
-3
-1
-1
-2
-2
-2
0
0
3
3
2
5
3
5
7
6
3
4
5
3
5
6
5
6
9
6
7
6
5
6
6
3
-1
0
0
-1
1
1
2
0
1
-1
1
-1
0
2
-2
-2
-2
-3
-5
-6
-6
-5
-3
-3
-2
-1
-5
-3
-5
-5
-4
-3
-2
-3
-2
-5
-3
-3
-3
-3
-1
-1
-2
2
1
-1
1
0
3
0
-1
2
1
0
0
1
-2
0
0
1
1
0
-2
0
2
5
5
7
7
6
5
6
1
1
3
3
5
3
3
2
2
1
2
-1
2
2
1
2
0
-1
-1
2
