-1
-2
-2
0
3
2
0
0
0
0
2
-1
2
2
1
0
0
-2
-2
-3
1
0
-4
-2
-1
-1
1
0
0
0
1
1
-1
-1
0
4
2
-4
-2
-2
-2
-1
-1
0
3
3
1
1
1
1
0
0
-3
2
1
-1
0
0
1
2
2
2
3
2
3
1
0
1
2
0
-3
-2
-1
-1
-3
-2
-4
-6
-2
-4
-2
-2
-1
0
0
0
-3
0
1
1
0
1
2
1
2
0
-1
3
1
1
0
0
0
-2
0
0
1
0
0
-1
1
1
1
-3
0
1
0
0
-1
-1
-1
2
0
0
0
2
1
2
-1
2
0
1
2
0
-1
2
3
1
2
3
3
3
1
2
-1
0
2
0
-1
0
1
-1
-5
-1
1
-1
-1
-1
-1
0
1
-2
-3
-3
-1
-4
-4
-3
-2
-3
-3
-2
-5
-2
-2
-4
-1
-2
-3
-3
-1
0
0
2
2
1
0
-2
-3
-1
1
1
0
0
0
1
-2
0
3
4
2
2
4
3
1
6
5
4
7
6
3
3
4
3
1
2
2
2
2
1
2
2
2
0
2
0
-1
0
-3
-2
-3
-7
-4
-5
-5
-4
-3
-3
-4
-4
-2
-1
-1
-3
-5
-4
-4
-7
-7
-4
-5
-1
-2
0
1
-1
0
0
-2
-1
2
1
2
2
1
4
4
5
5
4
8
4
5
6
7
7
6
5
2
3
4
5
3
0
1
-1
0
-1
1
3
0
-1
0
-1
-2
0
-1
-2
-2
-3
-4
-5
-8
-5
-6
-6
-7
-8
-8
-8
-7
-7
-6
-5
-6
-7
-6
-6
-6
-4
-1
0
0
-3
0
-1
1
4
7
8
8
8
9
10
10
10
10
18
23
20
23
21
24
34
29
28
30
28
34
31
30
25
19
17
12
6
-1
-11
-21
-33
-40
-51
-58
-68
-86
-96
-101
-107
-111
-127
-134
-132
-135
-132
-134
-139
-129
-120
-110
-99
-96
-82
-68
-54
-37
-25
-11
1
15
28
43
59
69
85
98
113
137
152
168
184
196
222
245
255
273
283
303
328
335
343
345
350
365
361
347
329
302
292
264
224
183
133
79
24
-32
-95
-157
-218
-282
-346
-404
-457
-507
-553
-593
-626
-652
-666
-674
-676
-666
-650
-625
-591
-558
-517
-469
-418
-361
-307
-250
-192
-136
-81
-24
31
87
143
200
253
307
361
413
466
514
565
610
655
694
725
756
786
805
819
824
825
822
805
779
742
702
658
598
531
455
371
280
181
73
-37
-150
-264
-377
-488
-596
-702
-799
-888
-970
-1034
-1083
-1118
-1144
-1159
-1154
-1137
-1105
-1060
-1002
-936
-861
-776
-690
-600
-508
-412
-318
-223
-130
-41
42
121
197
265
334
399
460
513
566
614
660
703
742
781
818
855
889
923
950
974
993
1008
1017
1018
1012
997
974
938
894
837
775
698
610
515
409
296
170
39
-99
-239
-381
-523
-660
-791
-918
-1038
-1143
-1236
-1313
-1372
-1417
-1444
-1452
-1442
-1419
-1376
-1320
-1247
-1163
-1070
-966
-859
-745
-628
-512
-396
-281
-166
-57
46
144
238
326
410
485
555
620
681
736
789
835
879
922
961
999
1032
1064
1092
1115
1133
1147
1156
1159
1151
1138
1112
1077
1036
980
918
845
758
663
555
433
304
167
21
-130
-283
-436
-591
-744
-890
-1029
-1159
-1271
-1370
-1452
-1516
-1563
-1594
-1604
-1598
-1575
-1534
-1479
-1403
-1313
-1208
-1097
-979
-853
-727
-596
-462
-333
-202
-72
48
163
270
369
461
548
629
705
772
833
889
935
975
1008
1037
1065
1088
1107
1121
1130
1133
1129
1122
1113
1102
1090
1070
1043
1008
967
918
861
794
725
648
561
465
356
235
104
-36
-185
-335
-484
-633
-787
-935
-1081
-1226
-1359
-1475
-1568
-1644
-1693
-1721
-1737
-1736
-1716
-1675
-1615
-1528
-1418
-1289
-1150
-1007
-865
-723
-579
-430
-273
-114
38
178
302
411
504
589
675
758
838
909
964
1003
1030
1049
1064
1084
1111
1138
1157
1172
1173
1168
1158
1146
1142
1140
1138
1124
1100
1061
1003
937
867
794
722
648
562
454
330
189
37
-121
-273
-419
-564
-707
-857
-1012
-1175
-1333
-1474
-1589
-1666
-1722
-1754
-1772
-1785
-1786
-1774
-1733
-1657
-1548
-1410
-1253
-1098
-950
-813
-681
-545
-400
-237
-65
106
254
376
469
541
610
684
767
855
940
1005
1048
1070
1072
1076
1084
1103
1133
1163
1179
1183
1166
1135
1103
1072
1057
1047
1044
1030
1001
953
888
811
735
662
597
534
464
376
262
127
-33
-194
-351
-496
-626
-754
-887
-1031
-1187
-1345
-1488
-1602
-1678
-1720
-1733
-1736
-1737
-1738
-1727
-1694
-1633
-1527
-1389
-1230
-1071
-919
-781
-646
-510
-362
-196
-23
150
304
433
538
625
703
776
856
933
1000
1055
1088
1103
1103
1098
1095
1099
1111
1122
1135
1134
1125
1107
1083
1066
1054
1044
1038
1029
1008
965
908
835
760
684
609
538
457
363
250
110
-47
-214
-379
-535
-678
-815
-950
-1093
-1251
-1413
-1565
-1685
-1773
-1823
-1837
-1834
-1827
-1814
-1791
-1752
-1678
-1562
-1409
-1230
-1049
-878
-725
-585
-445
-297
-134
43
219
372
499
592
666
733
800
882
966
1044
1104
1136
1149
1148
1147
1151
1164
1182
1198
1200
1192
1176
1153
1127
1104
1087
1066
1046
1021
985
940
885
820
746
667
587
501
416
323
214
87
-60
-228
-405
-573
-732
-883
-1022
-1161
-1315
-1476
-1626
-1755
-1852
-1905
-1915
-1906
-1884
-1866
-1837
-1797
-1727
-1614
-1456
-1268
-1069
-877
-706
-556
-415
-267
-102
79
267
443
584
688
759
812
869
939
1026
1111
1185
1224
1226
1206
1179
1166
1174
1202
1237
1255
1242
1206
1155
1099
1056
1035
1015
1000
972
925
864
795
729
665
603
534
457
375
286
192
95
-20
-164
-334
-522
-702
-866
-1005
-1124
-1238
-1374
-1532
-1689
-1831
-1930
-1970
-1953
-1898
-1839
-1788
-1749
-1709
-1641
-1523
-1353
-1141
-910
-703
-527
-386
-261
-132
26
210
403
578
717
812
869
910
956
1019
1094
1168
1222
1243
1236
1207
1180
1160
1158
1172
1187
1193
1178
1143
1099
1050
1011
984
972
955
932
891
829
757
672
589
503
422
347
269
190
92
-32
-187
-367
-550
-721
-865
-983
-1079
-1177
-1300
-1457
-1628
-1784
-1897
-1945
-1929
-1871
-1799
-1743
-1712
-1691
-1649
-1562
-1412
-1200
-956
-724
-523
-364
-240
-119
21
200
401
600
769
887
948
975
994
1026
1089
1163
1231
1270
1268
1230
1173
1122
1094
1091
1106
1123
1123
1096
1053
1008
968
941
927
918
900
870
826
765
691
608
524
429
328
240
172
78
-48
-199
-401
-654
-882
-1020
-1110
-1184
-1218
-1245
-1365
-1572
-1768
-1897
-1960
-1902
-1730
-1570
-1495
-1458
-1427
-1426
-1401
-1271
-1038
-762
-495
-293
-190
-147
-92
1
133
304
494
658
783
831
780
713
730
819
907
978
1046
1071
1031
989
970
953
977
1073
1164
1167
1119
1087
1063
1033
1008
1004
1000
981
932
901
905
880
799
720
645
490
318
229
152
-7
-144
-284
-712
-1373
-1783
-1807
-1828
-1943
-1856
-1612
-1583
-1762
-1885
-1942
-1958
-1684
-1113
-739
-748
-760
-655
-697
-774
-565
-195
35
193
338
214
-135
-272
-116
34
148
364
576
619
579
543
518
612
865
1073
1079
990
930
847
718
675
823
1021
1068
1018
990
940
847
831
880
893
926
1040
1052
887
795
890
971
893
764
732
673
388
52
-60
-119
-340
-408
-390
-1203
-2860
-3759
-3192
-2558
-2678
-2530
-1717
-1299
-1554
-1716
-1686
-1591
-884
240
571
32
-266
-216
-503
-886
-781
-413
-89
212
249
-95
-280
-1
389
722
1147
1563
1795
1838
1584
1096
856
1005
1085
954
869
781
546
323
222
201
426
913
1233
1174
1065
1073
1022
934
921
899
870
911
809
454
197
235
282
185
133
134
3
-284
-527
-544
-440
-435
-500
-760
-1815
-3370
-3799
-2838
-2327
-2677
-2212
-993
-802
-1492
-1625
-1270
-954
-285
518
574
63
-213
-272
-486
-777
-757
-205
453
579
324
274
393
479
745
1216
1585
1807
1936
1744
1199
717
614
734
744
601
519
528
382
88
26
350
794
1122
1310
1319
1171
1026
938
788
586
530
584
503
258
87
111
204
199
99
50
-19
-277
-472
-281
-123
-356
-460
-544
-1817
-3747
-3980
-2606
-2113
-2576
-1966
-654
-511
-1166
-1246
-943
-696
-42
778
756
11
-376
-298
-555
-1074
-939
-135
431
465
389
341
275
429
888
1333
1593
1803
1961
1745
1048
411
334
524
497
354
340
346
250
88
-4
240
836
1301
1350
1249
1181
1037
801
576
396
325
376
365
184
-18
-41
104
245
244
201
193
41
-248
-320
-171
-182
-264
-362
-1248
-3004
-3986
-3288
-2364
-2322
-2122
-1027
-179
-437
-995
-993
-584
-73
467
737
449
-65
-358
-572
-957
-1131
-641
156
541
448
381
504
626
786
1146
1533
1711
1748
1615
1121
478
196
285
315
166
111
240
301
161
85
321
725
1026
1166
1208
1161
1023
822
607
437
338
305
288
197
45
-13
82
207
256
250
247
207
24
-240
-284
-126
-168
-387
-597
-1420
-3069
-4014
-3298
-2317
-2131
-1720
-604
50
-271
-690
-676
-468
-141
358
649
331
-259
-538
-664
-996
-1105
-518
252
540
520
574
646
667
835
1150
1414
1617
1734
1521
961
420
149
27
-44
0
149
277
319
327
366
503
791
1131
1268
1163
1052
960
695
342
174
151
104
88
97
45
8
84
168
206
276
361
386
259
-47
-231
-109
-123
-416
-573
-1105
-2696
-3990
-3464
-2355
-2178
-1912
-636
377
145
-492
-640
-440
-198
109
403
335
-139
-551
-731
-967
-1155
-786
23
587
710
749
840
835
818
1005
1300
1494
1579
1505
1082
471
67
-64
-91
-54
60
213
386
456
357
340
624
973
1086
1059
1025
883
629
356
109
-38
4
146
201
152
102
163
314
373
333
421
547
336
-75
-186
-86
-246
-481
-498
-1099
-2759
-3919
-3289
-2242
-2134
-1829
-437
629
322
-421
-660
-563
-355
-2
295
223
-136
-416
-594
-954
-1244
-789
198
750
697
716
941
950
772
796
1065
1333
1459
1334
893
357
32
-82
-146
-159
-2
298
513
450
263
354
769
1047
933
779
872
920
613
162
-37
54
169
142
46
33
167
388
555
549
431
428
514
338
-118
-348
-176
-71
-216
-380
-917
-2282
-3546
-3416
-2470
-2036
-1759
-677
500
502
-277
-662
-561
-461
-267
148
304
-56
-450
-595
-812
-1078
-821
-4
660
781
728
814
836
679
659
952
1256
1336
1257
1013
529
57
-108
-110
-137
-60
192
379
373
332
450
751
998
942
778
787
732
392
106
138
204
129
140
223
157
60
170
382
507
548
543
512
441
201
-166
-338
-252
-205
-273
-543
-1463
-2869
-3544
-3005
-2242
-1801
-1079
35
677
448
-140
-533
-594
-377
-64
109
20
-249
-540
-775
-955
-937
-504
195
678
781
776
804
739
619
661
873
1086
1169
1058
741
334
13
-157
-211
-171
-32
188
416
519
517
620
858
943
781
658
656
538
300
206
254
238
182
196
212
196
284
492
649
643
539
460
423
260
-64
-219
-66
21
-150
-427
-1106
-2406
-3363
-3057
-2208
-1774
-1304
-311
487
387
-194
-568
-610
-470
-231
-26
-73
-364
-637
-764
-913
-1042
-784
-90
529
719
688
713
745
687
668
832
1071
1153
1038
796
438
66
-142
-168
-129
-53
87
245
382
492
594
754
907
920
837
756
612
385
248
243
235
257
361
420
389
404
512
585
586
544
464
411
333
76
-186
-150
-22
-118
-316
-765
-1923
-3173
-3302
-2591
-2122
-1686
-622
439
571
53
-367
-528
-586
-495
-249
-107
-216
-410
-554
-747
-938
-811
-294
244
518
627
711
703
559
475
632
918
1086
1060
905
599
189
-97
-155
-127
-44
162
378
444
448
572
803
969
958
897
906
860
617
348
257
256
220
196
228
250
246
290
397
477
465
425
422
328
40
-257
-313
-210
-174
-220
-387
-1009
-2142
-3038
-2964
-2261
-1711
-1257
-408
480
569
-89
-640
-692
-524
-396
-287
-209
-260
-384
-513
-681
-814
-640
-91
456
652
632
672
713
621
548
668
883
1005
955
715
359
65
-67
-85
-42
64
216
377
486
527
601
779
947
939
803
696
663
606
464
335
310
336
341
336
328
319
398
560
595
402
203
166
132
-59
-250
-223
-89
-91
-259
-699
-1692
-2936
-3390
-2706
-1818
-1344
-717
273
688
85
-636
-756
-639
-586
-333
11
-64
-475
-695
-717
-833
-821
-315
379
689
650
625
610
474
410
644
983
1141
1104
926
551
82
-191
-174
-35
99
250
421
529
529
540
716
980
1091
997
867
755
581
390
293
266
274
333
379
311
198
197
321
433
457
468
483
365
48
-240
-287
-215
-194
-214
-440
-1295
-2576
-3275
-2906
-2181
-1689
-1030
-5
603
272
-392
-668
-648
-609
-445
-160
-110
-390
-661
-788
-908
-913
-519
115
524
628
675
707
604
509
650
943
1131
1142
1030
773
370
-9
-158
-102
26
187
379
515
533
555
712
937
1060
1027
929
841
725
520
285
171
219
267
213
138
140
221
315
374
382
367
372
340
180
-29
-100
-74
-130
-226
-378
-1011
-2257
-3232
-3070
-2224
-1627
-1201
-397
393
368
-303
-740
-666
-468
-314
-130
-79
-340
-690
-841
-869
-868
-631
-45
513
640
489
430
476
470
530
816
1158
1262
1087
749
346
8
-134
-64
99
253
372
478
562
576
623
861
1128
1137
971
862
731
475
298
288
289
239
225
228
187
150
193
345
526
554
395
254
177
-7
-234
-230
-69
-31
-178
-676
-1809
-3058
-3269
-2416
-1690
-1408
-728
324
594
-161
-865
-891
-645
-426
-143
15
-227
-591
-709
-767
-969
-939
-337
413
700
570
477
519
507
492
686
1054
1297
1241
930
477
68
-93
-34
47
126
314
528
580
504
524
743
1000
1072
941
823
790
651
342
89
75
199
279
242
156
142
233
352
417
419
435
509
492
208
-154
-243
-149
-225
-367
-411
-873
-2103
-3175
-3023
-2109
-1475
-1072
-385
251
204
-338
-723
-740
-552
-271
-29
-72
-423
-751
-838
-863
-887
-620
2
527
645
575
542
519
540
722
997
1175
1209
1091
768
317
-23
-95
20
140
194
259
362
456
537
674
878
1065
1135
1047
842
598
375
214
159
198
248
252
240
228
206
217
322
442
436
372
391
353
81
-192
-199
-151
-231
-289
-586
-1678
-3046
-3347
-2496
-1732
-1458
-908
0
349
-151
-741
-840
-596
-294
-52
-36
-314
-642
-775
-819
-884
-756
-245
362
616
522
403
425
533
709
968
1223
1350
1265
972
572
221
36
58
182
268
308
378
448
483
584
820
1078
1196
1137
973
780
554
302
167
219
299
268
189
163
163
175
271
443
510
394
297
306
194
-89
-258
-231
-202
-252
-550
-1500
-2827
-3377
-2744
-1911
-1554
-1158
-411
43
-242
-795
-977
-708
-266
69
80
-231
-610
-802
-841
-878
-805
-381
272
666
587
361
343
502
698
939
1243
1465
1399
1031
556
216
97
137
233
328
420
488
474
406
441
683
1008
1186
1133
939
735
574
472
420
395
373
342
263
98
-41
-20
118
294
479
547
400
237
220
134
-131
-297
-247
-220
-346
-730
-1670
-2875
-3302
-2639
-1815
-1406
-981
-374
-131
-451
-813
-800
-486
-98
161
110
-249
-634
-811
-850
-846
-652
-154
376
538
386
265
323
492
748
1102
1424
1532
1346
930
478
205
180
277
347
346
303
247
198
223
416
735
1025
1159
1093
886
670
520
421
337
288
309
356
262
11
-142
-43
160
281
341
393
393
360
285
83
-137
-156
-57
-111
-300
-659
-1540
-2737
-3200
-2555
-1759
-1437
-1095
-474
-169
-435
-751
-707
-360
90
380
241
-229
-593
-686
-717
-760
-621
-227
189
364
301
204
252
466
771
1110
1366
1423
1284
993
580
223
168
306
317
201
139
81
-36
1
316
692
954
1097
1076
857
608
468
452
504
517
427
277
122
-31
-103
-10
168
328
444
470
385
283
222
128
54
139
242
106
-255
-854
-1943
-3149
-3352
-2364
-1410
-1166
-1004
-567
-407
-689
-836
-529
-62
284
420
230
-283
-761
-811
-599
-518
-461
-105
292
291
64
14
163
444
903
1360
1519
1389
1140
796
404
167
200
353
373
191
4
-53
-62
-22
241
690
1004
1019
893
755
618
532
548
613
627
538
343
88
-118
-157
-4
222
385
455
447
399
357
295
126
-56
-26
91
-28
-425
-1049
-2001
-2938
-3010
-2151
-1380
-1215
-1100
-744
-586
-745
-771
-443
7
331
403
148
-326
-667
-648
-466
-424
-412
-174
128
169
39
44
249
586
991
1289
1334
1263
1188
963
557
274
327
471
374
96
-73
-67
-42
33
330
737
964
986
940
841
678
597
669
699
541
361
273
138
-78
-146
15
215
303
295
243
193
191
189
108
-13
-39
21
-49
-337
-885
-1860
-2867
-2879
-1913
-1309
-1439
-1345
-871
-783
-999
-806
-249
148
306
323
100
-298
-510
-405
-306
-378
-364
-161
-38
-97
-116
-29
99
414
954
1337
1334
1205
1128
937
633
489
561
587
396
115
-61
-104
-83
63
387
689
795
838
898
836
706
744
859
789
601
435
229
3
-72
-1
73
123
204
284
243
120
139
347
370
102
0
147
85
-215
-649
-1625
-2802
-2852
-1837
-1342
-1646
-1682
-1273
-1021
-914
-673
-364
-57
256
409
199
-223
-430
-265
-148
-340
-499
-355
-188
-219
-232
-100
92
384
799
1106
1152
1110
1095
966
717
578
646
694
491
153
-22
-48
-101
-45
280
584
647
684
776
765
784
977
1051
865
715
670
492
188
1
28
151
184
113
110
165
170
204
266
136
-23
127
219
-120
-419
-576
-1388
-2587
-2711
-1802
-1376
-1663
-1692
-1365
-1207
-1112
-786
-381
-62
189
298
154
-133
-251
-83
46
-132
-363
-348
-249
-254
-249
-164
-9
284
661
916
1020
1096
1115
1001
835
716
689
694
551
235
-5
-19
53
86
135
286
543
728
668
559
726
1032
1083
892
725
619
503
375
263
192
180
175
144
119
62
16
143
307
181
-26
71
219
78
-175
-599
-1539
-2449
-2432
-1807
-1526
-1648
-1743
-1729
-1557
-1182
-828
-578
-250
112
247
138
-30
-76
60
118
-81
-250
-209
-224
-351
-322
-178
-60
177
527
770
899
1007
1032
988
942
897
897
883
658
330
199
183
76
39
189
319
374
482
591
635
743
929
996
921
837
735
565
417
344
285
227
193
159
113
60
30
120
234
112
-70
60
215
32
-214
-601
-1636
-2560
-2148
-1250
-1431
-2112
-2011
-1534
-1465
-1416
-997
-588
-404
-199
35
32
-127
-52
204
129
-246
-317
-79
-83
-300
-256
-30
63
188
523
805
869
905
1004
996
856
850
1021
1007
659
352
352
376
224
126
192
286
382
496
547
561
697
938
1086
1006
788
660
655
572
379
278
291
281
249
211
97
10
99
167
16
-118
-35
45
-47
-265
-877
-1938
-2496
-1863
-1158
-1546
-2198
-2046
-1644
-1612
-1453
-979
-692
-559
-233
2
-108
-174
72
283
141
-147
-223
-94
-40
-118
-147
-95
-1
216
524
694
708
789
949
978
883
902
1046
1038
796
554
465
421
366
351
370
391
457
532
530
546
694
894
986
929
789
666
613
566
455
350
354
391
297
124
58
97
102
45
-41
-103
-70
-63
-227
-436
-825
-1710
-2408
-1940
-1126
-1389
-2163
-2203
-1811
-1602
-1347
-1049
-953
-763
-340
-126
-195
-177
23
235
220
-65
-234
-82
5
-113
-111
-12
13
166
453
569
585
738
910
977
1009
1019
1033
1038
907
676
580
588
517
419
385
410
490
509
401
417
655
809
787
801
836
763
699
680
569
443
455
489
390
208
44
29
156
112
-196
-343
-170
-94
-252
-466
-967
-1823
-2188
-1607
-1090
-1514
-2182
-2195
-1805
-1524
-1287
-1053
-980
-905
-554
-159
-127
-240
-57
236
203
-15
-58
28
70
72
39
-26
34
268
504
554
491
544
770
942
937
922
964
915
764
708
708
612
505
477
411
340
434
544
477
435
596
774
826
829
792
707
663
652
578
469
434
451
388
233
106
94
149
99
-137
-320
-205
-41
-148
-475
-1145
-2038
-2125
-1209
-917
-1831
-2369
-1963
-1691
-1672
-1314
-1038
-1113
-930
-491
-347
-334
-84
173
174
19
-59
89
279
216
36
11
75
187
408
523
427
424
634
802
846
877
931
966
905
768
714
721
632
529
504
447
411
484
506
429
469
626
707
728
746
717
667
624
581
571
580
555
496
384
218
185
299
206
-163
-306
-85
-38
-302
-446
-717
-1623
-2205
-1458
-765
-1555
-2440
-2085
-1650
-1816
-1590
-1112
-1286
-1403
-751
-295
-483
-406
97
256
11
-70
123
301
280
155
98
72
102
319
523
404
254
450
715
760
786
899
916
852
840
875
860
764
649
591
560
528
568
613
508
417
525
659
685
724
782
710
605
633
690
634
533
476
423
330
233
225
258
106
-192
-274
-168
-209
-304
-457
-1183
-2067
-1824
-910
-1053
-2026
-2317
-1981
-1798
-1563
-1255
-1337
-1480
-1123
-623
-416
-333
-209
-52
65
38
43
253
351
184
125
203
166
219
419
364
166
291
573
658
677
758
777
788
859
893
882
871
789
659
604
609
626
626
545
444
499
633
685
713
743
680
615
668
692
615
553
533
503
437
339
314
370
220
-142
-247
-77
-93
-242
-379
-999
-1892
-1844
-974
-899
-1810
-2347
-2155
-1850
-1551
-1342
-1543
-1729
-1305
-738
-616
-586
-303
-51
-23
-10
138
341
432
335
191
184
301
422
452
333
165
208
483
654
606
616
753
757
678
780
927
875
760
706
628
617
742
747
527
385
500
694
747
682
631
627
599
586
626
594
512
540
558
423
341
401
369
186
23
-102
-157
-72
-14
-243
-858
-1601
-1787
-1210
-884
-1521
-2261
-2238
-1823
-1511
-1390
-1586
-1829
-1536
-928
-666
-651
-467
-217
-106
-15
131
260
346
360
313
289
346
454
524
447
263
239
447
618
594
541
560
603
674
775
815
779
767
734
619
607
777
835
625
425
458
611
741
748
599
490
590
697
638
539
522
587
652
560
370
419
621
480
65
-102
-50
-79
-109
-202
-797
-1645
-1756
-1086
-893
-1675
-2371
-2217
-1781
-1582
-1496
-1575
-1818
-1653
-957
-573
-744
-721
-365
-210
-181
80
318
313
313
344
271
291
511
642
508
302
273
449
612
599
516
517
572
657
761
787
750
751
733
661
697
859
902
761
611
593
695
814
819
696
565
535
603
651
585
472
430
482
541
495
424
442
393
125
-78
-43
-43
-151
-290
-838
-1673
-1692
-880
-854
-1906
-2441
-2003
-1645
-1599
-1498
-1650
-1952
-1616
-882
-695
-905
-779
-434
-291
-224
-23
210
330
313
261
295
433
621
704
520
261
328
627
704
565
512
532
520
605
782
838
753
696
706
722
784
890
878
710
616
712
816
806
761
721
640
573
595
618
580
521
474
433
416
457
535
487
256
107
129
74
-47
-92
-497
-1396
-1718
-991
-639
-1526
-2407
-2324
-1924
-1696
-1493
-1597
-2036
-1971
-1263
-809
-866
-881
-703
-511
-294
-70
99
246
313
246
258
435
594
683
701
524
342
501
801
793
576
491
522
574
672
742
687
613
610
642
710
828
877
765
655
711
831
866
823
754
669
626
647
645
577
502
452
428
440
464
495
489
355
175
129
176
146
27
-335
-1086
-1562
-1090
-595
-1268
-2316
-2395
-1930
-1797
-1750
-1669
-1932
-2101
-1557
-931
-934
-1064
-818
-545
-434
-211
90
215
230
272
309
380
560
734
725
558
438
513
708
794
682
529
533
649
725
732
712
668
613
641
743
806
820
815
752
705
793
923
923
831
754
679
639
655
618
480
393
402
413
375
336
339
322
216
88
33
22
24
-140
-797
-1538
-1371
-661
-871
-1885
-2322
-2049
-1815
-1630
-1535
-1878
-2114
-1604
-1013
-1009
-1105
-899
-677
-545
-341
-97
101
201
193
210
346
507
652
721
596
453
579
815
825
667
564
563
643
744
770
712
656
638
668
728
787
834
834
760
706
782
916
932
785
603
572
711
786
668
499
439
461
479
491
478
384
231
156
167
111
6
0
-168
-816
-1402
-1179
-704
-1044
-1882
-2186
-1957
-1794
-1693
-1636
-1911
-2169
-1761
-1101
-976
-1148
-1025
-742
-559
-333
-61
75
144
266
372
443
570
712
743
641
519
544
710
796
700
566
514
548
661
763
723
578
515
579
694
786
792
712
644
684
802
891
903
867
784
682
658
711
735
655
512
410
413
486
540
462
252
94
124
174
61
-102
-422
-1014
-1294
-838
-607
-1382
-2166
-2030
-1636
-1611
-1648
-1746
-2053
-2008
-1418
-1058
-1213
-1262
-979
-707
-531
-317
-104
35
137
234
331
438
574
706
702
564
528
702
861
826
706
629
609
669
763
769
641
517
505
564
628
700
729
669
631
718
844
911
924
869
757
731
810
822
697
580
553
541
507
497
484
376
214
126
107
102
35
-342
-1017
-1274
-788
-541
-1260
-2088
-2125
-1750
-1535
-1522
-1794
-2230
-2165
-1517
-1123
-1291
-1420
-1220
-935
-662
-391
-231
-151
8
201
323
427
583
718
729
640
604
725
867
851
734
659
660
714
785
789
710
646
646
663
697
771
797
738
737
853
943
949
936
880
801
811
862
806
680
605
565
529
505
485
409
260
157
139
89
-7
-84
-426
-1081
-1261
-735
-673
-1529
-2090
-1836
-1645
-1711
-1627
-1766
-2199
-2069
-1409
-1195
-1428
-1385
-1091
-907
-729
-471
-283
-167
-42
92
245
415
569
678
660
531
545
796
971
876
757
764
794
809
834
790
696
688
743
752
744
805
858
815
758
811
948
1015
948
845
804
817
835
770
619
534
558
568
526
476
359
237
242
212
32
-50
-125
-632
-1172
-982
-587
-980
-1775
-2012
-1787
-1654
-1624
-1708
-2022
-2190
-1841
-1394
-1376
-1556
-1463
-1158
-910
-710
-480
-301
-180
1
188
279
384
595
752
706
616
670
833
938
907
797
733
799
918
939
833
716
679
713
783
850
860
828
829
869
888
914
981
989
884
778
776
830
821
731
643
596
600
620
538
341
210
205
166
32
-198
-644
-1078
-1010
-697
-984
-1763
-2077
-1806
-1638
-1717
-1813
-2024
-2219
-1965
-1480
-1398
-1587
-1493
-1168
-956
-803
-564
-356
-216
-45
129
236
350
546
706
679
586
665
875
962
891
836
837
845
880
916
866
794
792
801
769
802
910
929
853
861
967
1001
974
981
953
847
799
813
754
658
617
558
477
482
462
279
116
120
129
-9
-301
-724
-995
-816
-644
-1114
-1805
-1916
-1649
-1597
-1705
-1815
-2041
-2139
-1819
-1490
-1542
-1624
-1427
-1198
-1038
-799
-564
-437
-256
2
116
150
328
576
662
626
625
677
776
902
952
871
822
891
958
966
963
950
893
848
877
953
989
939
861
864
947
996
992
976
928
866
860
879
827
732
660
620
604
547
372
194
165
186
82
-169
-565
-942
-937
-697
-894
-1573
-1974
-1834
-1641
-1641
-1756
-2007
-2226
-2054
-1643
-1522
-1693
-1713
-1473
-1205
-1017
-854
-670
-447
-227
-64
66
219
411
598
676
629
627
784
944
954
916
925
925
908
958
1031
1011
913
870
914
970
995
1013
1024
1021
1035
1083
1123
1098
1052
1036
995
921
877
840
754
707
717
596
350
238
288
262
127
-100
-564
-1007
-921
-613
-876
-1570
-1921
-1865
-1788
-1704
-1657
-1937
-2276
-2122
-1699
-1586
-1685
-1610
-1468
-1396
-1213
-893
-669
-552
-383
-220
-132
18
316
560
576
512
578
737
853
924
973
939
855
872
991
1044
1000
964
936
910
962
1083
1121
1061
1043
1074
1088
1110
1166
1154
1043
967
968
943
861
831
869
794
543
353
356
362
258
119
-174
-681
-943
-707
-596
-1097
-1675
-1813
-1754
-1760
-1725
-1764
-2040
-2203
-1979
-1726
-1716
-1688
-1492
-1365
-1339
-1197
-922
-682
-527
-401
-295
-186
-5
230
401
457
480
565
690
795
888
969
985
937
929
1008
1088
1074
1007
985
1014
1055
1084
1083
1053
1066
1145
1189
1159
1133
1141
1144
1127
1073
976
926
963
921
689
465
405
372
276
157
-109
-574
-878
-808
-768
-1111
-1538
-1727
-1805
-1887
-1866
-1833
-1970
-2115
-2032
-1865
-1810
-1736
-1561
-1425
-1358
-1236
-1046
-854
-622
-368
-233
-199
-83
150
352
453
512
557
606
688
791
857
877
911
962
999
1021
1054
1099
1127
1127
1112
1126
1175
1224
1232
1218
1230
1251
1236
1217
1237
1247
1179
1073
1033
1019
931
781
641
497
348
267
138
-247
-731
-879
-741
-848
-1301
-1669
-1765
-1798
-1818
-1789
-1879
-2084
-2094
-1901
-1858
-1938
-1810
-1555
-1473
-1461
-1300
-1089
-928
-712
-477
-382
-339
-141
111
232
289
409
524
569
646
779
854
853
902
994
1026
1009
1047
1130
1164
1178
1223
1259
1267
1315
1405
1428
1386
1377
1400
1378
1341
1322
1250
1129
1069
1029
885
692
566
466
324
164
-66
-403
-669
-741
-804
-1036
-1337
-1570
-1727
-1801
-1799
-1863
-2020
-2104
-2060
-2009
-1984
-1898
-1762
-1628
-1485
-1356
-1270
-1137
-875
-597
-454
-381
-260
-102
51
198
312
377
461
587
690
723
757
852
950
978
977
1010
1085
1157
1198
1231
1267
1299
1338
1401
1438
1426
1431
1487
1505
1430
1352
1324
1282
1204
1098
957
786
628
516
394
178
-134
-411
-561
-674
-870
-1112
-1296
-1433
-1576
-1697
-1782
-1882
-1958
-1946
-1909
-1946
-1970
-1873
-1721
-1615
-1537
-1429
-1295
-1127
-925
-735
-591
-458
-306
-164
-51
57
179
307
427
529
589
622
699
815
890
907
942
1023
1097
1140
1182
1228
1269
1333
1422
1472
1466
1462
1508
1545
1524
1477
1433
1374
1289
1205
1106
965
804
653
483
265
26
-180
-372
-576
-794
-1004
-1179
-1317
-1439
-1561
-1679
-1779
-1832
-1836
-1830
-1844
-1846
-1802
-1733
-1668
-1576
-1435
-1287
-1172
-1062
-931
-797
-650
-485
-345
-244
-137
1
139
248
350
456
552
630
711
790
857
929
1004
1062
1104
1166
1236
1277
1303
1348
1412
1447
1456
1459
1454
1437
1432
1416
1359
1276
1205
1137
1024
881
741
604
425
222
31
-157
-342
-521
-702
-890
-1064
-1200
-1323
-1458
-1591
-1678
-1721
-1741
-1747
-1751
-1764
-1757
-1703
-1618
-1523
-1415
-1296
-1179
-1072
-951
-814
-685
-560
-438
-321
-201
-74
51
156
243
328
425
527
632
726
798
863
921
983
1052
1123
1187
1233
1273
1323
1375
1411
1436
1440
1431
1431
1431
1411
1363
1308
1248
1164
1062
957
847
714
561
384
192
2
-179
-348
-525
-709
-891
-1063
-1224
-1364
-1463
-1546
-1632
-1714
-1773
-1795
-1790
-1765
-1731
-1688
-1623
-1524
-1415
-1311
-1200
-1090
-973
-852
-726
-593
-453
-325
-210
-101
14
136
264
373
466
559
661
761
852
930
1008
1100
1195
1281
1349
1411
1477
1544
1592
1611
1613
1613
1614
1605
1562
1492
1402
1308
1206
1078
924
754
578
400
217
25
-167
-356
-541
-719
-893
-1064
-1212
-1339
-1448
-1540
-1617
-1685
-1734
-1762
-1765
-1749
-1715
-1664
-1604
-1534
-1453
-1363
-1265
-1161
-1054
-938
-813
-683
-552
-427
-309
-188
-58
69
191
314
438
562
689
804
912
1020
1130
1235
1336
1431
1517
1598
1667
1713
1737
1748
1746
1726
1696
1641
1572
1486
1378
1245
1088
911
731
548
363
174
-20
-214
-415
-613
-802
-978
-1131
-1263
-1374
-1473
-1554
-1628
-1682
-1719
-1736
-1728
-1703
-1657
-1598
-1533
-1464
-1386
-1305
-1219
-1124
-1020
-910
-795
-677
-559
-443
-331
-214
-92
33
163
294
426
555
684
815
943
1072
1199
1323
1437
1549
1644
1728
1793
1840
1867
1871
1852
1809
1744
1657
1552
1427
1282
1115
927
729
528
318
112
-93
-294
-484
-664
-836
-991
-1129
-1249
-1346
-1429
-1498
-1547
-1580
-1600
-1601
-1584
-1556
-1518
-1474
-1423
-1363
-1295
-1222
-1145
-1065
-983
-900
-814
-721
-623
-518
-410
-297
-179
-61
60
189
322
459
602
743
879
1019
1152
1277
1399
1512
1607
1685
1743
1783
1800
1793
1767
1722
1654
1561
1444
1304
1144
976
800
615
426
232
40
-150
-335
-509
-670
-819
-946
-1065
-1167
-1255
-1326
-1378
-1414
-1432
-1433
-1427
-1407
-1378
-1338
-1293
-1242
-1184
-1121
-1055
-986
-912
-836
-753
-669
-579
-484
-388
-290
-190
-87
27
147
268
394
523
650
774
901
1024
1141
1250
1349
1433
1497
1544
1573
1584
1571
1539
1485
1411
1316
1200
1066
923
770
613
451
287
119
-48
-207
-356
-497
-628
-749
-854
-950
-1033
-1102
-1156
-1197
-1224
-1241
-1246
-1238
-1224
-1198
-1169
-1131
-1088
-1037
-982
-919
-852
-781
-701
-619
-529
-437
-341
-239
-136
-29
79
194
312
427
545
663
774
884
989
1084
1173
1248
1309
1359
1390
1401
1395
1369
1317
1254
1167
1059
937
801
661
511
357
201
48
-95
-234
-366
-483
-587
-679
-757
-823
-874
-917
-946
-964
-973
-979
-976
-968
-960
-948
-935
-916
-893
-869
-837
-795
-747
-697
-637
-572
-498
-418
-329
-240
-144
-40
64
174
285
402
517
636
752
863
964
1060
1146
1213
1263
1293
1305
1295
1264
1208
1131
1035
922
794
656
512
365
215
67
-76
-217
-344
-457
-558
-649
-722
-783
-832
-869
-892
-904
-899
-887
-867
-836
-806
-770
-737
-704
-669
-632
-595
-557
-518
-477
-431
-385
-331
-276
-217
-155
-84
-8
68
149
236
326
422
519
618
718
813
903
983
1051
1100
1134
1146
1136
1110
1060
988
897
790
676
550
417
280
143
11
-122
-250
-367
-474
-570
-653
-730
-787
-834
-874
-897
-909
-915
-907
-893
-870
-841
-808
-768
-724
-675
-623
-566
-507
-442
-379
-310
-240
-170
-97
-25
50
126
203
282
363
445
531
615
701
781
859
929
990
1035
1068
1088
1088
1071
1034
980
907
817
714
597
471
342
210
76
-56
-181
-299
-410
-509
-596
-674
-736
-786
-828
-858
-876
-882
-885
-879
-864
-848
-826
-803
-779
-751
-719
-684
-644
-600
-553
-500
-440
-373
-302
-224
-133
-41
60
163
273
384
499
612
724
834
936
1033
1115
1185
1235
1267
1280
1272
1242
1188
1113
1019
905
774
634
480
324
165
8
-145
-290
-423
-545
-650
-740
-814
-872
-914
-938
-950
-950
-936
-916
-887
-854
-814
-781
-745
-706
-669
-634
-596
-559
-522
-482
-439
-392
-340
-280
-212
-138
-56
36
135
239
348
459
573
686
792
893
981
1058
1118
1162
1187
1191
1176
1139
1081
1006
917
811
694
566
434
298
159
24
-106
-232
-346
-455
-549
-632
-700
-755
-802
-832
-849
-857
-856
-846
-831
-811
-788
-758
-731
-700
-664
-628
-592
-554
-509
-460
-407
-345
-280
-208
-126
-43
48
145
246
347
450
551
645
733
812
871
918
951
968
965
946
911
863
801
729
650
566
473
380
286
192
103
14
-64
-141
-216
-283
-339
-394
-436
-474
-505
-527
-544
-560
-571
-580
-588
-592
-592
-585
-579
-566
-551
-532
-503
-472
-439
-399
-353
-302
-250
-188
-120
-49
31
110
195
283
371
453
526
590
641
681
706
715
710
693
661
618
568
505
439
366
289
212
134
59
-13
-80
-139
-190
-231
-270
-294
-315
-322
-325
-324
-322
-315
-309
-302
-297
-292
-289
-287
-283
-281
-274
-271
-261
-250
-236
-213
-186
-152
-110
-66
-15
42
103
164
227
289
342
388
427
454
466
470
458
429
392
346
289
227
167
99
32
-30
-91
-145
-190
-228
-257
-279
-294
-299
-299
-293
-281
-269
-255
-231
-210
-192
-173
-157
-140
-128
-119
-108
-103
-95
-84
-77
-63
-47
-31
-5
28
61
103
149
202
254
305
357
406
448
478
505
520
520
509
483
440
386
323
247
165
79
-10
-101
-190
-274
-350
-418
-477
-523
-556
-581
-589
-587
-573
-546
-511
-469
-418
-363
-307
-249
-192
-138
-90
-45
-2
34
68
98
119
142
166
189
211
235
263
294
329
365
402
441
475
510
537
558
573
577
570
552
525
480
425
355
272
186
90
-7
-108
-209
-307
-400
-488
-566
-631
-684
-724
-749
-762
-761
-749
-725
-689
-644
-595
-535
-472
-402
-334
-262
-190
-125
-56
6
70
132
188
241
291
339
384
430
474
517
559
600
641
677
713
739
759
771
768
754
731
695
639
572
487
391
284
172
54
-69
-190
-308
-421
-527
-624
-704
-768
-823
-858
-880
-889
-883
-861
-831
-788
-741
-687
-627
-564
-498
-429
-361
-294
-226
-161
-93
-28
36
99
166
231
297
367
430
499
566
629
690
747
797
840
875
894
901
896
874
835
780
709
626
531
422
307
189
68
-55
-174
-286
-396
-492
-576
-650
-711
-757
-792
-817
-827
-826
-816
-794
-765
-726
-682
-630
-577
-520
-454
-391
-324
-252
-184
-114
-45
22
91
159
224
293
363
430
494
554
614
671
718
757
789
808
813
805
783
745
693
629
553
464
372
279
173
70
-35
-135
-230
-320
-400
-473
-537
-586
-628
-663
-685
-697
-702
-698
-687
-670
-645
-614
-580
-544
-502
-452
-402
-345
-291
-231
-166
-96
-26
47
124
203
282
355
429
500
571
627
676
718
746
764
771
765
741
703
653
592
523
441
356
263
165
67
-30
-121
-206
-291
-364
-426
-474
-516
-548
-564
-571
-572
-557
-537
-508
-475
-438
-398
-363
-325
-286
-248
-218
-183
-147
-117
-81
-45
-11
31
76
122
171
221
273
323
373
420
461
494
523
542
553
550
535
509
467
415
352
279
201
116
27
-58
-143
-222
-300
-366
-423
-471
-508
-537
-550
-556
-552
-532
-507
-476
-438
-394
-353
-305
-255
-207
-156
-105
-56
-9
40
84
129
177
222
267
308
352
392
433
470
499
526
548
565
572
571
561
537
502
455
394
329
256
176
96
11
-76
-167
-256
-336
-403
-461
-513
-549
-581
-603
-613
-611
-603
-582
-550
-516
-480
-437
-394
-350
-306
-258
-207
-155
-102
-49
4
57
112
167
222
280
333
387
441
489
530
566
599
622
637
644
639
623
592
551
497
430
359
281
199
116
29
-58
-147
-234
-308
-375
-433
-483
-528
-562
-592
-611
-619
-618
-607
-588
-561
-533
-498
-457
-415
-364
-318
-264
-211
-157
-95
-37
26
92
156
220
284
344
401
456
505
543
579
605
617
625
620
605
583
551
507
450
390
327
256
182
107
31
-43
-117
-187
-253
-314
-368
-415
-454
-485
-509
-521
-531
-533
-521
-507
-485
-456
-423
-390
-351
-309
-264
-216
-169
-119
-72
-20
29
80
131
178
228
275
324
369
411
449
484
513
533
548
555
549
532
502
460
407
347
279
203
123
40
-43
-126
-206
-275
-343
-402
-451
-491
-519
-539
-550
-549
-539
-521
-493
-456
-416
-372
-321
-266
-211
-154
-97
-43
13
66
115
157
196
235
267
297
323
351
373
395
412
432
449
461
469
470
466
454
437
405
365
318
261
195
121
44
-33
-112
-192
-268
-338
-401
-454
-498
-534
-558
-573
-577
-571
-558
-537
-510
-476
-437
-398
-354
-308
-256
-206
-154
-99
-42
16
74
133
193
250
307
358
409
455
494
527
557
579
592
596
591
577
553
521
480
431
372
307
240
162
86
10
-69
-145
-219
-286
-348
-402
-447
-485
-517
-537
-546
-547
-540
-523
-501
-473
-442
-407
-368
-328
-284
-234
-189
-142
-91
-43
5
52
101
148
194
237
281
320
355
387
414
438
455
466
473
477
470
456
434
406
371
327
277
224
167
102
35
-34
-100
-167
-229
-285
-333
-380
-421
-451
-469
-480
-485
-477
-467
-448
-423
-397
-367
-330
-291
-245
-197
-151
-100
-52
-1
48
96
147
196
242
283
322
354
381
404
424
438
442
440
431
411
386
352
315
279
237
191
143
88
29
-24
-70
-111
-148
-180
-214
-250
-280
-306
-323
-330
-333
-330
-327
-323
-321
-314
-298
-278
-252
-224
-193
-167
-135
-101
-70
-30
9
49
93
130
163
197
226
248
269
287
305
315
320
320
313
301
285
263
242
217
185
147
108
68
25
-16
-59
-98
-136
-167
-201
-228
-252
-272
-286
-299
-304
-307
-306
-300
-294
-284
-270
-252
-229
-207
-182
-152
-120
-87
-51
-17
21
61
99
138
175
214
246
277
303
325
345
360
369
372
374
365
352
333
307
278
243
205
164
120
73
27
-23
-70
-117
-160
-200
-238
-271
-301
-323
-340
-351
-359
-358
-351
-343
-329
-312
-290
-262
-239
-210
-179
-145
-109
-74
-40
-4
34
69
103
136
165
196
225
246
262
276
290
297
301
297
292
283
271
253
232
208
184
155
128
98
66
35
1
-37
-69
-100
-129
-158
-187
-212
-233
-249
-265
-276
-285
-286
-289
-286
-279
-266
-250
-233
-211
-187
-160
-128
-94
-60
-24
9
48
85
120
155
189
219
246
268
283
297
307
312
313
308
298
284
263
242
216
189
161
129
96
63
31
-3
-37
-67
-98
-128
-158
-180
-203
-222
-237
-250
-259
-266
-266
-264
-260
-254
-242
-227
-212
-196
-175
-152
-128
-104
-78
-49
-17
10
40
70
97
123
146
164
183
197
210
216
221
219
214
211
203
192
178
164
148
127
102
81
61
36
14
-7
-28
-46
-65
-82
-96
-112
-126
-130
-136
-143
-146
-147
-142
-139
-132
-125
-115
-102
-89
-77
-62
-50
-36
-24
-10
5
19
33
43
53
65
74
86
93
96
98
100
101
97
90
85
81
74
64
57
50
43
33
25
20
13
7
-5
-15
-24
-33
-45
-53
-61
-69
-72
-76
-76
-78
-76
-72
-68
-64
-57
-50
-44
-35
-28
-22
-16
-10
-2
3
14
20
29
34
40
46
52
58
59
60
60
59
56
53
47
39
33
24
15
7
-1
-10
-18
-24
-33
-38
-43
-46
-48
-52
-51
-52
-51
-51
-46
-45
-41
-34
-31
-23
-19
-11
-4
0
11
17
24
28
33
37
41
43
45
46
46
46
43
43
42
40
38
39
34
32
31
29
22
17
12
11
5
-4
-7
-11
-18
-24
-26
-30
-34
-36
-38
-45
-47
-49
-51
-51
-56
-56
-53
-53
-52
-44
-39
-34
-27
-23
-14
-9
0
5
12
15
26
33
36
40
42
45
45
48
49
48
47
44
46
46
40
37
35
29
26
23
14
10
4
1
-3
-7
-12
-18
-20
-25
-25
-27
-30
-30
-30
-31
-31
-29
-29
-30
-26
-25
-23
-22
-21
-16
-16
-12
-9
-7
-3
-3
-1
1
4
7
7
9
9
9
11
12
10
11
11
12
14
14
12
14
12
13
10
10
8
6
5
4
6
5
1
-1
1
0
-1
-2
-3
-5
-5
-7
-6
-4
-3
-4
-4
-6
-7
-5
-7
-4
-6
-4
-3
-4
-1
0
-1
-1
-1
2
1
-1
1
1
-1
0
0
0
1
3
2
1
3
3
5
6
6
6
7
6
4
4
5
4
2
1
-1
-1
-7
-8
-9
-9
-9
-9
-10
-9
-9
-9
-5
-5
-4
-1
-2
2
5
7
8
9
10
8
9
12
11
9
4
3
0
-1
-5
-5
-6
-7
-6
-7
-7
-9
-8
-9
-6
-4
-4
-4
-3
-1
-1
0
0
2
3
2
2
0
0
0
0
-1
-2
-1
-3
0
1
0
1
1
4
5
4
8
7
8
8
11
11
9
8
8
8
6
4
3
3
-2
-1
-3
-4
-4
-4
-3
-4
-5
-5
-2
-5
-5
-4
-3
-2
-2
-2
-4
-2
0
0
-3
-3
-2
-2
-3
-5
-3
-3
-5
-4
-7
-4
-7
-4
-2
-4
-2
-1
0
0
2
4
5
2
2
3
5
3
4
2
2
6
2
2
3
4
3
4
3
3
3
2
1
1
3
1
2
0
-1
-1
-4
-2
0
1
3
2
2
-1
-1
-1
0
-1
-1
-1
-1
-3
-3
-2
-4
-2
1
-1
-2
-2
-2
-2
0
-5
-2
-3
-2
-1
-2
-1
-1
-3
-3
-1
-2
-1
2
2
2
5
2
1
1
2
4
4
4
3
3
5
3
3
4
5
4
4
4
3
3
3
0
-1
-2
-4
-4
-5
-5
-3
-1
0
-3
-3
-3
-1
0
-3
-6
-4
-5
-5
-5
-7
-6
-5
-7
-7
-5
-3
-3
-2
-2
-2
-1
-1
-1
-2
-1
2
2
1
4
3
3
5
6
5
5
9
7
8
8
10
9
6
4
2
3
2
1
-2
-2
-1
-1
-1
-2
-1
-1
-2
-3
-1
1
-1
-2
-4
-6
-6
-5
-6
-5
-6
-5
-6
-3
-2
1
4
2
3
4
2
3
1
1
0
-3
-1
-1
-3
-2
-1
1
3
3
5
5
6
6
6
3
0
0
-3
-1
0
-3
-3
-3
-5
-4
0
2
1
1
3
4
-1
-2
-1
-4
-1
0
-2
-6
-5
-3
-5
-6
-2
-1
-1
2
1
5
2
1
0
-3
-5
-5
-5
-5
-5
-3
-1
0
3
6
5
9
7
7
6
3
3
-1
-3
-2
-5
-5
-3
-1
-3
-3
-1
-1
1
5
5
5
4
3
3
0
0
0
-1
0
0
-2
-1
1
4
4
3
