3
4
2
-1
-1
2
2
-1
1
1
1
1
1
0
0
-1
1
1
2
0
-2
-4
-2
-3
-2
-3
-3
-4
-5
1
0
-2
-1
-2
-2
-1
-2
-2
-1
-4
-6
-8
-5
-2
-1
0
1
1
-1
1
2
0
-1
-4
-3
-5
-2
-1
1
2
0
0
-3
-4
-4
-2
-3
-6
-7
-6
-2
-2
1
3
3
-1
-4
-3
-4
-2
2
-1
-2
2
1
2
5
5
5
3
3
4
0
0
2
1
2
3
1
4
8
11
11
6
7
5
5
5
4
4
5
6
6
4
3
5
4
3
1
-1
-1
-2
-7
-6
-6
-6
-5
-5
-7
-5
-5
-3
-2
-4
-2
-4
-4
-5
-5
-7
-3
-3
-4
0
1
-2
0
-1
0
-3
-1
-1
-1
1
-1
0
0
1
2
2
4
5
1
1
1
1
2
-1
-1
1
2
1
1
2
1
-1
1
-1
-4
-1
0
2
4
3
0
1
1
-2
-5
-4
-3
-2
-1
-2
-2
-1
1
-4
-3
0
-2
-2
0
-1
1
1
3
1
0
3
3
4
4
6
7
6
7
9
8
6
5
1
0
-2
-2
-4
-4
-1
-2
-3
-1
-1
-2
2
1
0
1
0
-2
-1
0
-3
-5
-4
-1
0
-1
-3
-4
-4
-4
-4
-3
-5
-2
-1
-3
-2
-2
1
-3
-1
2
0
1
-1
1
3
5
4
0
1
3
5
4
4
6
4
7
6
4
4
1
3
4
5
2
2
4
1
0
1
-3
1
-1
-2
4
2
-1
0
-2
-2
0
-2
-4
-4
-3
-4
-6
-6
-6
-7
-5
-5
-3
-4
-3
-4
-5
-5
-6
-3
-6
-6
-2
-1
-2
0
1
-3
-1
-2
-1
0
-2
1
0
0
0
-2
0
0
1
3
4
7
7
5
2
6
3
1
1
0
2
4
5
8
7
6
6
5
3
4
3
1
2
3
4
0
0
-2
-4
-3
-4
-3
0
0
1
1
1
3
5
3
1
4
2
-1
-2
-2
0
1
-1
-1
1
2
0
-1
-2
-5
-4
-4
-3
-2
0
-1
-1
0
-2
1
-1
-2
-2
-1
-1
0
-1
0
0
1
-1
-2
-1
-5
-5
-6
-4
-4
-4
-6
-5
-7
-6
-7
-6
-5
-6
-1
-4
-5
-4
-3
-4
-1
-1
2
2
1
1
0
5
5
4
4
5
5
5
5
6
4
5
3
5
6
5
7
8
8
8
4
4
8
9
7
8
6
7
7
4
3
-1
1
0
3
4
2
1
0
-2
-6
-4
-3
-4
-6
-6
-6
-5
-5
-6
-4
-6
-6
-5
-4
-8
-10
-11
-9
-8
-8
-7
-6
-10
-8
-10
-9
-10
-11
-7
-10
-8
-5
-2
-2
0
3
7
8
9
11
13
14
15
19
19
23
24
25
29
30
30
31
29
31
33
31
32
27
25
23
18
18
13
10
4
-1
-4
-8
-11
-16
-20
-24
-25
-31
-32
-32
-39
-40
-46
-50
-55
-60
-64
-64
-64
-66
-66
-72
-65
-64
-61
-55
-54
-41
-33
-27
-16
-4
4
16
29
34
48
51
57
67
71
84
87
90
92
94
102
114
118
117
125
133
152
156
158
162
163
177
175
168
162
151
145
132
107
81
56
24
-12
-49
-86
-125
-166
-217
-258
-294
-335
-364
-416
-453
-469
-493
-498
-515
-541
-528
-513
-489
-459
-446
-407
-357
-307
-254
-207
-156
-96
-39
14
63
117
168
214
261
309
369
408
448
484
517
565
609
633
656
675
704
747
754
764
766
775
805
807
798
782
761
730
697
648
597
534
461
376
277
169
43
-84
-216
-343
-478
-609
-741
-867
-987
-1091
-1176
-1242
-1282
-1305
-1309
-1302
-1282
-1248
-1193
-1119
-1032
-935
-836
-738
-644
-557
-474
-388
-299
-212
-127
-52
13
70
128
183
237
296
349
407
459
511
557
603
653
703
760
819
882
943
996
1043
1081
1108
1132
1144
1159
1163
1152
1130
1088
1028
953
877
796
709
611
497
358
201
35
-133
-289
-433
-575
-723
-874
-1031
-1181
-1306
-1400
-1458
-1482
-1491
-1491
-1486
-1473
-1441
-1384
-1299
-1191
-1072
-958
-861
-775
-695
-610
-512
-400
-277
-159
-55
32
98
161
229
313
401
489
566
630
676
704
737
776
826
883
946
993
1023
1044
1053
1068
1088
1111
1134
1147
1147
1125
1097
1058
1016
969
911
850
774
696
606
505
391
249
99
-76
-241
-399
-545
-686
-837
-997
-1176
-1338
-1484
-1588
-1652
-1689
-1703
-1725
-1738
-1751
-1729
-1675
-1581
-1454
-1311
-1157
-1020
-890
-767
-634
-488
-327
-158
-9
132
239
331
410
486
570
646
729
797
861
905
940
976
1005
1043
1075
1111
1141
1173
1193
1203
1211
1201
1195
1178
1163
1139
1109
1074
1033
988
932
874
800
720
632
539
446
344
229
89
-72
-250
-431
-604
-767
-922
-1076
-1234
-1405
-1570
-1711
-1815
-1877
-1899
-1896
-1878
-1855
-1819
-1760
-1670
-1536
-1377
-1200
-1021
-856
-706
-569
-429
-277
-118
42
185
304
393
466
534
605
688
773
849
909
949
974
987
1006
1031
1065
1103
1131
1147
1147
1148
1142
1148
1157
1162
1162
1149
1125
1091
1052
1010
965
911
841
759
661
556
457
364
274
173
48
-105
-278
-457
-619
-749
-869
-999
-1146
-1325
-1518
-1687
-1807
-1870
-1888
-1880
-1869
-1865
-1856
-1825
-1757
-1632
-1462
-1270
-1069
-895
-751
-629
-508
-380
-232
-64
101
250
363
434
480
522
576
654
752
846
915
954
968
965
978
999
1030
1077
1123
1149
1161
1158
1137
1122
1114
1110
1115
1124
1123
1110
1086
1050
999
945
889
824
761
696
624
544
452
333
182
5
-194
-391
-565
-715
-853
-993
-1163
-1358
-1561
-1732
-1847
-1896
-1894
-1866
-1839
-1826
-1819
-1791
-1716
-1584
-1405
-1205
-1012
-842
-703
-582
-458
-319
-163
-4
143
262
350
410
455
497
548
605
657
700
722
731
727
725
736
765
812
869
925
966
996
1017
1041
1073
1115
1164
1202
1214
1201
1170
1125
1081
1044
1008
964
904
832
746
655
556
447
316
163
-22
-219
-404
-575
-744
-912
-1088
-1294
-1517
-1717
-1865
-1950
-1976
-1955
-1913
-1884
-1865
-1834
-1761
-1633
-1447
-1225
-999
-802
-655
-542
-445
-341
-219
-70
87
225
323
381
421
450
500
578
677
774
848
896
919
932
948
986
1038
1093
1138
1164
1179
1178
1184
1203
1220
1236
1246
1239
1203
1147
1105
1071
1025
974
914
815
681
556
449
343
227
111
-37
-250
-484
-679
-848
-1016
-1152
-1272
-1442
-1666
-1863
-1997
-2081
-2112
-2073
-2001
-1959
-1938
-1897
-1810
-1689
-1520
-1303
-1075
-872
-701
-549
-413
-273
-109
62
235
399
539
627
681
746
825
894
957
1037
1106
1120
1098
1094
1103
1097
1086
1111
1153
1166
1165
1191
1230
1239
1241
1259
1268
1257
1237
1225
1189
1105
1015
935
825
682
567
493
391
259
145
13
-215
-495
-704
-851
-1011
-1156
-1226
-1314
-1542
-1835
-2027
-2108
-2160
-2156
-2063
-1976
-1980
-2009
-1961
-1849
-1712
-1517
-1234
-936
-713
-551
-409
-280
-152
-15
138
270
400
527
607
625
653
738
830
907
996
1101
1145
1133
1139
1176
1171
1131
1170
1282
1325
1266
1228
1263
1286
1250
1234
1269
1281
1248
1181
1099
1010
955
924
844
708
610
559
456
285
95
-219
-764
-1197
-1197
-1131
-1439
-1683
-1214
-667
-1051
-1924
-2239
-1987
-1865
-1876
-1639
-1437
-1604
-1824
-1823
-1813
-1857
-1561
-915
-442
-342
-373
-352
-316
-236
-21
296
635
907
987
830
571
427
443
526
628
713
753
733
700
689
701
756
903
1173
1492
1667
1626
1523
1492
1487
1445
1479
1634
1720
1577
1312
1099
971
916
907
881
870
924
916
738
368
-497
-2018
-3216
-2994
-2142
-2283
-3026
-2809
-1984
-2160
-3120
-3213
-2203
-1174
-593
-259
-248
-533
-634
-433
-352
-455
-324
85
268
-103
-671
-858
-587
-229
28
341
812
1209
1312
1176
1032
1034
1155
1232
1200
1150
1098
843
297
-151
-64
427
803
914
1097
1443
1558
1332
1193
1424
1780
1945
1883
1645
1271
912
678
531
401
326
289
198
65
8
31
-11
-548
-1975
-3617
-3913
-2763
-2130
-2841
-3178
-2247
-1667
-2372
-2941
-2267
-1086
-286
63
44
-232
-378
-274
-235
-399
-454
-144
234
127
-420
-709
-434
-44
178
478
1026
1591
1812
1583
1194
1053
1177
1246
1119
1022
1063
814
70
-375
92
762
948
1131
1586
1780
1610
1479
1486
1603
1840
1988
1870
1578
1152
685
381
224
136
167
204
120
71
162
191
-364
-1995
-3918
-4172
-2689
-1927
-2713
-2982
-2018
-1600
-2258
-2616
-2106
-1226
-327
179
-63
-575
-688
-499
-499
-734
-742
-277
142
-19
-436
-562
-448
-276
2
417
1011
1734
2079
1715
1166
937
835
742
838
964
893
708
241
-560
-696
414
1427
1358
1288
1869
2120
1739
1493
1586
1802
2014
1923
1514
1127
800
479
281
134
29
174
434
525
552
611
105
-1757
-4159
-4690
-2984
-1896
-2696
-3087
-2004
-1381
-2110
-2710
-2170
-1059
-169
229
138
-245
-482
-365
-357
-813
-1031
-384
288
91
-389
-439
-330
-295
-113
340
1065
1837
2128
1784
1221
831
697
653
578
655
880
728
-126
-1085
-1010
260
1285
1268
1308
1927
2139
1746
1443
1405
1635
1977
1860
1329
958
712
439
241
10
-154
67
458
608
615
698
342
-1471
-4101
-4827
-3043
-1832
-2650
-3082
-1925
-1145
-1848
-2658
-2263
-1006
53
462
423
139
-145
-199
-340
-871
-1164
-576
281
370
-184
-495
-394
-252
-49
467
1263
2064
2354
1881
1178
804
650
509
502
710
915
662
-129
-782
-730
-139
663
1346
1604
1695
1940
1983
1598
1264
1316
1552
1656
1391
863
490
348
143
-140
-236
-14
442
812
839
652
-25
-2046
-4484
-4751
-2980
-2175
-2858
-2644
-1254
-858
-1909
-2641
-2031
-802
77
427
404
86
-284
-511
-828
-1292
-1253
-439
305
258
-172
-348
-309
-241
54
758
1631
2217
2211
1672
1015
637
523
438
362
473
748
563
-472
-1179
-227
1252
1432
1118
1714
2382
2116
1529
1301
1462
1784
1820
1558
1355
1040
529
329
352
168
175
596
761
603
772
746
-923
-3714
-4890
-3598
-2462
-3014
-3246
-1862
-704
-1224
-2267
-2316
-1394
-415
77
166
71
-127
-353
-700
-1307
-1638
-1069
-185
33
-249
-395
-408
-380
-122
389
1024
1680
2060
1789
1065
615
616
479
101
76
465
684
262
-602
-741
483
1568
1394
1323
2178
2641
2124
1530
1332
1447
1702
1706
1417
1177
887
391
19
-11
221
635
1002
1121
1157
1184
526
-1578
-4144
-4817
-3407
-2466
-2949
-2975
-1731
-817
-1327
-2350
-2431
-1304
-38
375
131
-70
-173
-515
-1101
-1578
-1498
-765
-37
-57
-480
-499
-213
-52
193
804
1555
2032
1963
1411
842
642
604
346
60
204
640
795
336
-463
-599
457
1411
1259
1243
2150
2645
2075
1375
1134
1285
1581
1585
1310
1097
772
261
34
152
264
492
979
1271
1152
848
-326
-2996
-5234
-4761
-3037
-2789
-3237
-2223
-577
-495
-1834
-2608
-1893
-605
160
344
339
196
-216
-840
-1471
-1780
-1352
-368
185
-126
-437
-193
6
-74
275
1213
2018
2264
2065
1578
979
571
365
97
-104
144
642
743
185
-429
-94
990
1388
1105
1565
2462
2393
1628
1195
1186
1347
1520
1559
1476
1177
614
174
108
190
319
623
953
1100
1150
828
-876
-3824
-5541
-4610
-3250
-3429
-3589
-2078
-379
-557
-2065
-2720
-1750
-424
154
209
205
91
-313
-979
-1661
-1879
-1283
-264
197
-122
-355
-90
140
196
585
1389
2059
2178
1865
1466
1066
618
230
45
97
344
595
634
425
128
189
817
1386
1524
1851
2448
2477
1878
1395
1249
1274
1363
1367
1251
1006
582
188
132
246
276
466
972
1368
1400
859
-1144
-4224
-5678
-4453
-3169
-3433
-3312
-1488
76
-594
-2278
-2591
-1477
-510
-127
168
303
31
-498
-1144
-1799
-1992
-1318
-307
54
-221
-243
114
223
178
644
1523
2093
2095
1830
1491
1006
391
-145
-340
-138
188
449
580
317
-78
290
1164
1416
1375
1939
2489
2211
1569
1197
1134
1262
1399
1363
1163
786
285
45
205
301
318
788
1459
1614
1331
348
-2163
-4931
-5363
-3868
-3141
-3308
-2340
-451
77
-1214
-2350
-2003
-916
-199
133
384
354
-128
-841
-1513
-1920
-1716
-870
-60
59
-161
-12
300
309
385
1015
1836
2239
2094
1588
998
524
88
-434
-652
-129
600
698
293
-32
15
557
1146
1229
1392
2097
2396
1832
1203
941
1008
1302
1373
1075
873
723
288
-9
204
529
769
1140
1467
1556
1290
-225
-3232
-5456
-4929
-3377
-3188
-3352
-1902
34
-3
-1736
-2642
-1729
-434
59
152
359
363
-141
-934
-1615
-1883
-1476
-547
105
-26
-324
-46
424
501
611
1303
2105
2311
1948
1399
832
273
-240
-592
-553
-28
563
629
381
435
536
338
519
1382
2055
2165
2104
1875
1417
1008
788
838
1098
1127
804
492
232
36
264
703
843
965
1410
1785
1395
-538
-3710
-5703
-4996
-3585
-3413
-3283
-1706
89
11
-1678
-2613
-1721
-459
-10
122
344
257
-302
-1083
-1759
-1925
-1380
-496
43
-26
-203
3
319
423
722
1520
2281
2434
2088
1562
977
355
-230
-550
-377
89
469
654
549
176
190
883
1322
1183
1508
2338
2424
1703
1173
1115
1256
1376
1263
1063
950
587
55
55
377
438
748
1547
1877
1510
867
-925
-4061
-5931
-4918
-3336
-3251
-3117
-1437
10
-705
-2290
-2448
-1292
-330
87
417
509
48
-677
-1261
-1704
-1892
-1399
-388
104
-280
-577
-213
176
276
723
1629
2261
2263
1882
1342
708
158
-199
-389
-361
8
338
57
-332
127
908
982
968
1666
2309
2161
1700
1462
1452
1442
1258
1172
1296
1142
671
436
370
300
534
915
1068
1233
1521
1599
991
-1130
-4223
-5556
-4285
-3120
-3363
-3047
-1281
59
-535
-1992
-2245
-1020
94
320
299
333
89
-465
-1150
-1769
-1902
-1270
-358
-56
-399
-495
-24
326
355
755
1648
2246
2082
1592
1212
820
273
-224
-426
-272
9
28
-95
87
474
809
1173
1450
1507
1664
1857
1650
1287
1193
1193
1128
1075
937
730
541
254
99
412
692
576
691
1242
1586
1480
379
-2370
-5044
-5068
-3485
-3085
-3415
-2326
-372
86
-1245
-2282
-1717
-502
131
320
444
238
-334
-906
-1432
-1863
-1675
-756
13
-67
-421
-237
188
280
470
1266
2143
2387
2092
1572
938
368
18
-206
-343
-171
253
290
-222
-281
583
1325
1352
1439
1932
2188
1907
1446
1207
1298
1373
1201
1105
1090
746
288
178
312
568
812
837
976
1483
1778
1231
-470
-3170
-5195
-4885
-3448
-3020
-3115
-2112
-583
-417
-1725
-2568
-1715
-237
442
402
271
13
-567
-1254
-1771
-1956
-1592
-801
-264
-384
-635
-459
-66
245
696
1481
2194
2310
1885
1343
805
245
-162
-318
-265
-4
286
315
147
-54
-63
543
1552
2038
2053
2308
2449
1935
1326
1112
1154
1406
1580
1225
657
384
280
356
748
1023
1076
1417
1730
1477
1105
168
-2577
-5477
-5404
-3287
-2539
-3094
-2428
-698
-318
-1683
-2598
-1789
-351
468
683
498
-122
-830
-1236
-1533
-1867
-1763
-946
-208
-346
-840
-771
-265
127
567
1360
2121
2289
1965
1477
822
173
-97
-151
-282
-179
247
402
122
-108
-39
322
993
1655
1970
2079
2078
1819
1464
1220
1033
1033
1250
1169
663
321
274
281
480
759
866
1188
1645
1598
1393
934
-1385
-4854
-5826
-3748
-2261
-2909
-3122
-1439
-107
-1094
-2689
-2308
-418
821
834
456
85
-412
-969
-1383
-1602
-1520
-905
-104
16
-564
-844
-439
162
721
1365
2027
2470
2446
1837
923
239
17
-32
-153
-65
337
535
315
81
-77
-133
388
1317
1774
1806
2036
2152
1699
1089
804
929
1272
1280
777
369
246
17
-115
186
551
904
1481
1774
1522
1173
-104
-3249
-5932
-5282
-2964
-2385
-3100
-2562
-1013
-750
-2039
-2730
-1605
132
984
837
248
-409
-918
-1215
-1444
-1585
-1220
-287
235
-329
-1078
-901
-68
630
1153
1829
2499
2656
2180
1375
640
308
330
242
-45
-92
158
307
199
-78
-195
422
1444
1777
1578
1917
2478
2238
1468
1024
1114
1349
1227
792
594
643
483
193
184
473
828
1144
1392
1541
1662
1307
-784
-4370
-6304
-4828
-2826
-2941
-3424
-2208
-775
-1189
-2587
-2683
-1042
713
1252
770
-1
-689
-1176
-1487
-1691
-1600
-915
-56
-10
-774
-1226
-871
-250
409
1328
2270
2746
2614
1939
994
364
319
438
374
292
353
294
-142
-515
-135
523
612
767
1730
2421
2144
1856
1857
1645
1410
1297
1098
999
921
617
435
330
17
146
769
848
702
1332
2071
1946
799
-1748
-4774
-5556
-3746
-2400
-2924
-3177
-1857
-870
-1810
-3021
-2257
-208
983
941
509
-127
-945
-1405
-1418
-1418
-1308
-716
-58
-167
-1016
-1513
-964
55
879
1667
2434
2627
2126
1362
704
396
463
549
423
261
173
8
-419
-747
-277
766
1275
1196
1417
1923
2034
1734
1475
1511
1714
1635
1183
831
761
722
619
433
188
263
703
940
922
1216
1803
1956
767
-2102
-4938
-5160
-3286
-2359
-2926
-2840
-1715
-1389
-2347
-2889
-1814
-10
1069
1080
418
-481
-1109
-1234
-1195
-1214
-945
-299
13
-555
-1360
-1357
-598
219
1017
1928
2490
2327
1730
1082
593
531
866
951
443
21
30
-203
-738
-666
-41
352
727
1384
1746
1723
1795
1802
1619
1556
1507
1365
1313
1079
623
503
494
77
-102
386
737
676
870
1390
1714
1483
-70
-3196
-5595
-4810
-2465
-1915
-2920
-2958
-1895
-1618
-2455
-2658
-1190
711
1398
872
35
-649
-979
-873
-717
-747
-581
-83
-4
-799
-1535
-1206
-169
747
1438
2047
2362
2160
1559
948
758
1075
1351
1060
508
206
-44
-490
-689
-344
97
390
786
1141
1252
1483
1808
1776
1604
1594
1504
1304
1079
714
472
503
268
-161
-131
260
512
609
769
1137
1550
1590
713
-1686
-4676
-5453
-3455
-1907
-2557
-3284
-2535
-1757
-2281
-2982
-2094
-38
1228
983
204
-382
-796
-964
-815
-653
-567
-249
-8
-505
-1380
-1503
-729
205
964
1690
2164
2104
1677
1297
1147
1241
1430
1421
1007
336
-143
-297
-520
-815
-328
866
1405
1007
973
1590
1946
1837
1802
1963
2013
1719
1231
859
593
354
286
275
50
83
606
837
644
896
1412
1394
567
-1540
-4338
-5106
-3130
-1643
-2437
-3415
-2992
-2257
-2326
-2621
-1902
-246
882
777
103
-550
-944
-815
-417
-363
-562
-445
-254
-707
-1462
-1455
-608
270
879
1398
1788
1871
1596
1173
1084
1435
1679
1371
669
63
-173
-274
-491
-500
-57
303
309
458
935
1392
1713
1880
1874
1878
1788
1515
1341
1160
686
355
407
297
2
41
401
821
1148
1156
1015
1141
1102
-257
-2948
-4768
-3851
-1893
-1750
-3009
-3389
-2680
-2204
-2293
-2055
-916
415
876
408
-311
-722
-522
48
210
-204
-453
-256
-319
-1021
-1599
-1182
-75
772
1123
1337
1492
1474
1380
1396
1596
1773
1547
864
130
-243
-285
-317
-378
-256
-94
-68
85
494
979
1492
1852
1872
1812
1794
1594
1319
1100
821
678
661
293
-213
-219
85
409
806
912
620
630
1027
736
-1142
-3822
-4762
-2947
-1227
-2084
-3655
-3424
-2296
-2146
-2535
-1911
-291
800
619
-44
-431
-456
-91
370
302
-178
-310
-108
-347
-1133
-1464
-705
419
998
1159
1354
1525
1508
1461
1587
1794
1817
1498
876
247
-9
-3
-99
-230
-87
245
390
16
-389
400
2032
2461
1610
1295
1587
1458
1188
1093
890
798
734
188
-396
-437
-195
299
863
728
299
504
818
512
-579
-2693
-4452
-3556
-1418
-1461
-3205
-3777
-2981
-2398
-2360
-1977
-825
236
267
-215
-342
-219
-9
440
680
280
-255
-335
-347
-813
-1295
-966
-5
715
918
1037
1276
1417
1410
1541
1838
1922
1561
912
307
121
245
88
-354
-434
-73
211
217
282
765
1464
1759
1587
1505
1634
1648
1562
1453
1136
697
430
199
-113
-164
119
348
431
510
511
441
534
621
-209
-2313
-3934
-3111
-1252
-1324
-2962
-3629
-3087
-2662
-2420
-1804
-949
-284
-51
-177
-365
-327
130
788
840
108
-437
-374
-435
-841
-984
-653
-105
458
823
857
792
937
1297
1654
1758
1638
1435
1024
430
167
265
85
-333
-369
-151
-91
69
497
809
964
1241
1523
1636
1654
1635
1646
1586
1084
355
121
302
329
228
190
163
263
464
453
294
402
821
715
-988
-3423
-3787
-1793
-757
-2120
-3440
-3215
-2643
-2419
-1984
-1244
-594
-156
45
-5
-122
29
512
727
179
-524
-580
-358
-514
-779
-682
-337
56
455
692
724
841
1147
1405
1487
1501
1440
1147
650
323
345
279
-217
-625
-414
-46
-33
63
555
912
963
1211
1622
1749
1651
1546
1378
1070
695
505
652
683
313
78
227
280
182
308
526
537
534
733
474
-1239
-3470
-3609
-1637
-779
-2229
-3596
-3396
-2692
-2312
-1908
-1220
-510
-73
36
-34
-123
-7
393
604
178
-312
-181
72
-290
-811
-731
-278
68
365
647
755
843
1075
1309
1439
1511
1530
1376
985
621
586
574
247
-184
-558
-641
-73
532
422
333
852
1261
1288
1303
1272
1321
1521
1261
700
587
595
374
338
225
-129
75
559
362
121
454
611
320
-605
-2574
-3759
-2284
-566
-1458
-3285
-3545
-2801
-2218
-1774
-1382
-1002
-527
-221
-265
-371
-291
91
586
604
151
-11
177
82
-280
-455
-358
-39
404
627
514
421
630
978
1252
1443
1518
1371
1069
816
730
715
519
205
85
0
-185
54
560
488
298
737
1051
822
862
1188
1320
1336
1098
621
521
651
453
248
188
103
348
681
432
216
469
419
139
-291
-1973
-3696
-2700
-624
-1163
-3236
-3702
-2818
-2152
-1763
-1415
-1142
-958
-927
-805
-440
-215
40
659
803
102
-220
208
335
2
-153
-116
-10
267
473
354
251
508
963
1286
1348
1228
1074
953
865
867
962
858
345
-44
222
556
377
193
353
462
563
914
1141
1089
1115
1198
1130
952
714
602
764
765
400
242
466
596
459
280
227
209
155
109
-529
-2275
-3440
-2177
-441
-1120
-3079
-3580
-2668
-1905
-1734
-1746
-1685
-1545
-1189
-594
-231
-245
24
601
572
19
-39
370
444
176
-81
-298
-284
128
445
308
251
638
1010
1053
1027
1105
1131
979
831
912
977
637
187
99
180
153
153
223
271
400
629
800
899
1028
1161
1189
1060
892
901
1021
957
723
530
457
601
813
631
270
312
420
269
150
-539
-2182
-2822
-1365
-374
-1681
-3328
-3397
-2558
-1954
-1868
-2065
-2001
-1520
-964
-481
-182
-142
106
609
598
169
230
609
539
83
-337
-458
-173
169
187
146
304
471
624
864
1015
1036
1095
1060
917
934
947
657
276
-58
-234
133
606
294
-230
14
587
865
1031
1032
862
921
1082
1004
902
864
760
704
584
362
540
911
673
246
328
396
235
390
176
-1349
-2752
-2100
-612
-923
-2757
-3677
-3105
-2428
-2184
-1944
-1734
-1663
-1312
-589
-81
-36
22
365
568
405
298
465
511
208
-165
-302
-78
306
457
332
234
297
540
906
1166
1207
1101
937
929
1100
1063
683
306
251
441
334
-229
-324
394
726
302
168
505
753
948
1022
780
658
825
865
767
670
503
466
637
642
556
608
515
326
428
629
560
-17
-1405
-2703
-2149
-681
-1144
-3179
-3918
-3049
-2280
-1926
-1688
-1787
-1844
-1291
-500
-59
9
12
260
525
352
124
348
523
213
-87
-75
74
342
577
495
315
375
623
959
1134
903
624
649
746
782
822
595
142
113
507
427
-111
-40
591
629
202
343
833
982
973
916
701
698
974
1045
907
756
566
596
859
865
688
723
708
485
403
459
341
-311
-1734
-2772
-1897
-542
-1339
-3343
-3789
-2791
-2041
-1784
-1770
-2013
-1974
-1301
-530
-147
-106
-83
194
424
271
212
551
685
368
90
20
93
379
565
332
97
273
596
750
660
431
378
565
690
737
775
516
83
121
544
629
393
390
543
485
478
833
1081
787
451
577
869
965
940
842
672
629
803
976
992
953
946
864
618
401
378
432
314
-456
-1948
-2705
-1558
-392
-1521
-3513
-3723
-2584
-1898
-1792
-1802
-2058
-2192
-1542
-544
-168
-364
-374
-3
278
301
420
637
546
249
180
335
510
632
543
213
12
203
580
725
511
267
336
583
717
723
630
378
88
131
621
998
740
329
377
571
627
848
1045
757
447
658
1018
1095
953
762
734
940
1063
998
984
930
683
488
469
400
298
313
134
-723
-1965
-2390
-1484
-702
-1560
-3129
-3507
-2716
-1994
-1767
-1933
-2327
-2340
-1581
-688
-397
-523
-473
-89
304
439
525
737
778
506
340
458
590
612
531
305
111
202
504
683
541
286
319
645
905
944
726
292
193
787
1265
884
275
237
510
610
599
645
702
699
689
750
816
821
842
868
759
637
720
782
577
436
573
642
481
332
192
65
57
-385
-1629
-2334
-1332
-280
-1265
-3194
-3612
-2548
-1693
-1609
-1925
-2425
-2527
-1605
-424
-214
-672
-669
-134
301
492
624
706
665
518
435
577
742
677
461
217
29
104
393
492
313
191
287
464
621
724
629
314
227
685
1073
787
359
413
606
611
718
896
797
604
688
907
998
993
980
900
745
687
812
893
754
628
621
493
281
217
170
70
65
-290
-1371
-2059
-1305
-452
-1302
-2959
-3327
-2438
-1750
-1709
-1968
-2385
-2504
-1717
-590
-305
-745
-830
-309
228
518
678
690
525
377
453
646
694
544
364
215
68
67
292
459
347
244
360
449
454
582
708
540
334
529
840
617
142
286
800
748
421
640
990
925
845
900
812
858
1153
1126
745
579
709
821
727
507
437
532
420
209
260
320
223
163
-366
-1550
-1909
-839
-380
-1743
-3152
-3038
-2199
-1764
-1806
-2154
-2527
-2299
-1372
-561
-524
-851
-730
-110
406
553
534
421
284
347
535
598
553
442
246
111
142
268
453
550
374
205
341
514
513
529
531
376
249
301
486
681
599
312
381
804
1019
1004
957
764
732
1135
1361
1017
699
749
863
876
733
475
416
583
630
512
392
320
343
351
208
15
-450
-1370
-1726
-883
-462
-1690
-2992
-2813
-1988
-1659
-1763
-2066
-2382
-2144
-1232
-485
-542
-949
-866
-220
303
331
218
283
387
418
480
511
420
338
310
197
86
206
448
469
215
37
188
469
596
576
445
255
293
654
827
550
348
579
823
803
816
955
974
889
895
927
870
798
754
668
551
521
587
581
481
453
517
488
372
348
343
224
132
10
-600
-1442
-1422
-624
-670
-1974
-2874
-2472
-1812
-1669
-1742
-1955
-2280
-2041
-1101
-478
-699
-994
-695
-107
255
345
326
294
309
405
539
623
660
645
557
460
436
494
580
555
360
261
418
548
499
417
293
158
333
714
726
418
376
629
797
849
917
913
794
731
802
824
716
639
614
497
361
383
445
396
344
381
417
372
291
228
196
187
159
-77
-740
-1462
-1406
-739
-777
-1903
-2753
-2431
-1741
-1504
-1631
-1986
-2317
-1943
-952
-459
-805
-1095
-796
-255
130
255
195
183
351
548
622
604
617
656
589
403
333
524
702
563
297
310
504
570
570
586
460
335
573
869
744
513
641
824
773
781
965
1008
846
741
752
800
824
760
610
489
465
522
557
459
336
379
470
392
222
126
75
53
89
-161
-966
-1630
-1240
-450
-799
-2102
-2739
-2254
-1608
-1425
-1684
-2196
-2403
-1861
-1071
-846
-1093
-1180
-874
-383
16
186
220
277
378
487
615
741
778
703
558
417
401
537
614
458
258
277
425
515
545
489
345
363
668
873
762
626
646
741
910
1063
999
841
834
884
853
825
814
728
589
514
539
596
549
409
360
423
429
340
198
26
-59
42
93
-316
-1091
-1474
-986
-441
-967
-2103
-2488
-2029
-1607
-1505
-1666
-2130
-2365
-1821
-1047
-864
-1127
-1184
-852
-382
-52
84
137
169
241
420
612
699
738
716
535
365
450
639
643
446
314
404
507
469
486
583
541
506
721
887
783
707
800
849
830
877
948
906
763
697
785
846
758
647
596
595
634
634
520
431
455
456
355
217
100
64
166
160
-354
-1145
-1295
-602
-260
-1112
-2230
-2378
-1847
-1552
-1622
-1859
-2234
-2359
-1830
-1149
-1031
-1257
-1175
-762
-381
-149
31
162
204
238
380
569
654
618
561
494
442
502
619
624
497
398
421
502
536
517
476
426
428
531
671
714
624
565
658
804
875
872
841
801
812
885
903
793
671
659
704
719
681
592
500
490
511
442
314
230
188
140
43
-287
-887
-1161
-711
-427
-1168
-2143
-2244
-1758
-1512
-1620
-1866
-2178
-2242
-1753
-1144
-1074
-1335
-1253
-781
-392
-255
-147
38
181
270
402
546
633
678
653
552
485
550
654
629
510
428
410
431
490
522
478
410
413
551
714
687
546
561
701
788
831
864
818
719
716
815
834
738
686
675
617
579
584
585
571
524
435
335
273
267
246
182
-10
-525
-1005
-807
-346
-684
-1669
-2184
-1935
-1577
-1524
-1742
-2162
-2428
-2065
-1398
-1181
-1364
-1343
-1022
-657
-359
-165
-40
109
299
428
449
490
651
757
668
511
475
606
748
702
506
369
427
634
767
682
480
383
533
801
863
658
508
637
845
880
811
807
835
820
805
795
744
712
726
662
510
438
480
489
428
352
237
125
119
145
85
-50
-362
-841
-1042
-736
-590
-1193
-2003
-2190
-1863
-1649
-1741
-2002
-2307
-2331
-1866
-1334
-1231
-1337
-1201
-867
-537
-235
16
153
247
363
470
569
687
802
829
725
606
639
781
832
742
647
601
579
636
779
810
612
452
606
854
844
681
658
749
834
904
898
790
737
817
853
749
651
648
637
540
446
436
469
455
372
267
191
156
136
114
16
-321
-821
-977
-657
-613
-1283
-1956
-1997
-1815
-1812
-1818
-1877
-2162
-2273
-1879
-1452
-1401
-1375
-1111
-871
-722
-450
-122
53
143
298
431
504
641
826
838
650
525
622
792
818
707
592
509
469
544
698
697
510
434
590
693
627
624
728
749
717
810
902
855
831
891
856
765
815
896
794
607
527
556
619
613
440
219
185
251
198
59
-166
-566
-861
-705
-528
-960
-1667
-1890
-1713
-1644
-1710
-1787
-1976
-2126
-1911
-1520
-1369
-1367
-1181
-896
-739
-618
-380
-87
145
254
247
237
377
615
731
622
447
440
609
748
734
668
618
572
583
691
739
624
554
646
676
559
542
708
811
762
720
763
829
876
877
820
790
811
788
693
618
586
560
542
511
425
325
253
179
113
62
-132
-535
-835
-761
-662
-995
-1554
-1811
-1758
-1738
-1781
-1780
-1877
-2058
-1990
-1652
-1417
-1356
-1179
-886
-740
-681
-478
-184
29
178
288
296
270
387
613
723
673
617
657
748
851
926
884
723
630
757
913
859
706
652
645
613
659
747
758
755
814
820
725
718
836
869
768
711
718
693
644
609
551
492
503
491
358
211
197
229
85
-298
-690
-790
-664
-718
-1161
-1675
-1889
-1860
-1807
-1808
-1893
-2065
-2116
-1890
-1614
-1519
-1426
-1144
-853
-732
-625
-419
-195
18
229
325
273
289
487
656
642
596
647
716
730
749
788
781
743
749
759
697
664
754
833
748
604
604
740
870
906
877
826
813
878
966
960
871
840
851
788
677
626
603
514
402
323
235
154
107
-16
-336
-690
-792
-679
-728
-1091
-1492
-1662
-1664
-1657
-1684
-1785
-1931
-1942
-1750
-1589
-1576
-1482
-1178
-913
-862
-824
-612
-329
-119
28
112
123
177
372
557
567
517
581
700
756
774
798
797
785
811
824
771
733
797
870
838
766
758
787
806
830
850
837
830
847
835
768
739
768
759
675
601
597
598
550
476
381
264
172
133
47
-214
-582
-802
-789
-786
-1016
-1356
-1582
-1685
-1738
-1743
-1741
-1792
-1811
-1724
-1639
-1638
-1552
-1295
-1032
-888
-782
-641
-483
-281
-24
174
246
287
362
430
487
600
732
797
811
831
843
856
899
939
933
928
939
896
802
773
811
798
752
764
817
845
860
870
849
830
864
906
879
790
702
634
600
583
524
397
270
202
151
65
-85
-312
-559
-721
-806
-958
-1205
-1399
-1502
-1632
-1800
-1887
-1878
-1835
-1770
-1696
-1677
-1648
-1489
-1260
-1084
-928
-737
-589
-493
-328
-109
23
70
161
295
380
418
465
510
554
636
722
743
729
764
834
876
894
914
940
958
964
926
884
903
990
1062
1054
993
935
925
965
985
920
823
792
795
750
655
550
467
418
398
341
200
5
-208
-405
-522
-586
-729
-968
-1158
-1261
-1400
-1585
-1717
-1776
-1795
-1736
-1621
-1575
-1600
-1562
-1410
-1233
-1055
-849
-661
-534
-433
-301
-167
-59
57
196
299
336
351
399
466
519
581
672
738
734
721
756
789
778
767
808
859
864
842
841
854
861
857
870
899
905
875
839
840
858
839
750
620
505
439
390
313
219
130
38
-86
-233
-373
-505
-626
-723
-782
-848
-986
-1155
-1274
-1323
-1357
-1392
-1399
-1377
-1367
-1343
-1273
-1171
-1080
-987
-846
-678
-530
-419
-309
-182
-48
56
105
141
215
302
347
371
414
444
436
452
519
590
635
683
740
773
780
799
837
869
901
931
944
930
912
895
866
847
882
947
947
873
800
764
728
660
558
434
317
218
122
-23
-226
-427
-592
-727
-831
-895
-952
-1035
-1147
-1254
-1337
-1383
-1380
-1355
-1351
-1356
-1340
-1299
-1255
-1212
-1145
-1051
-941
-823
-690
-559
-443
-348
-270
-180
-57
86
196
251
286
353
453
535
576
613
688
791
881
929
956
994
1042
1089
1122
1152
1185
1216
1212
1156
1089
1066
1080
1078
1026
936
854
803
760
690
585
480
404
344
250
94
-93
-274
-427
-554
-657
-763
-896
-1063
-1237
-1386
-1483
-1518
-1524
-1536
-1566
-1583
-1579
-1563
-1528
-1456
-1343
-1200
-1042
-893
-767
-667
-573
-458
-319
-170
-19
125
230
295
346
388
442
512
590
662
721
766
805
832
844
869
925
981
1019
1059
1092
1113
1130
1139
1152
1167
1186
1192
1167
1118
1063
1020
974
913
827
729
624
507
362
182
-6
-168
-315
-457
-602
-759
-936
-1116
-1281
-1431
-1548
-1620
-1653
-1668
-1666
-1648
-1623
-1587
-1533
-1443
-1321
-1179
-1023
-875
-749
-639
-539
-453
-365
-267
-162
-66
20
90
143
195
254
324
399
485
571
651
734
817
901
969
1026
1082
1139
1202
1271
1332
1382
1422
1452
1464
1456
1430
1383
1326
1261
1195
1116
1012
871
702
529
355
173
-20
-226
-425
-603
-768
-934
-1105
-1261
-1392
-1490
-1566
-1625
-1664
-1689
-1695
-1679
-1631
-1557
-1469
-1374
-1280
-1183
-1076
-957
-841
-732
-632
-527
-415
-314
-236
-181
-127
-57
36
137
232
309
378
450
534
624
721
825
936
1049
1156
1248
1318
1372
1416
1460
1500
1527
1531
1508
1464
1411
1354
1291
1210
1108
995
868
732
584
423
256
84
-84
-250
-417
-583
-741
-891
-1035
-1164
-1270
-1362
-1439
-1505
-1563
-1608
-1618
-1599
-1568
-1519
-1457
-1386
-1299
-1199
-1094
-986
-870
-758
-644
-527
-414
-305
-201
-92
11
120
231
328
400
461
521
584
660
740
815
884
954
1027
1096
1162
1216
1254
1289
1319
1344
1362
1368
1357
1328
1294
1249
1184
1104
1002
880
732
574
403
226
47
-140
-322
-501
-670
-830
-979
-1120
-1257
-1378
-1466
-1526
-1565
-1587
-1601
-1600
-1569
-1509
-1433
-1352
-1272
-1183
-1080
-970
-860
-754
-646
-536
-422
-304
-190
-85
6
93
180
270
357
441
512
575
644
722
806
888
964
1026
1090
1164
1236
1299
1347
1386
1421
1449
1465
1465
1448
1411
1359
1302
1225
1119
984
830
666
496
319
138
-53
-251
-453
-644
-824
-990
-1137
-1274
-1394
-1492
-1568
-1617
-1639
-1638
-1615
-1572
-1514
-1431
-1336
-1235
-1138
-1043
-940
-829
-718
-612
-524
-450
-374
-295
-217
-148
-78
-19
33
99
177
251
314
386
479
582
688
791
887
977
1073
1171
1264
1343
1407
1458
1501
1520
1516
1481
1418
1335
1241
1135
1002
838
654
469
282
95
-99
-291
-466
-623
-759
-882
-996
-1089
-1164
-1215
-1239
-1240
-1227
-1212
-1184
-1127
-1064
-1004
-945
-880
-806
-737
-664
-598
-540
-495
-448
-396
-345
-297
-258
-217
-171
-110
-44
27
106
193
293
398
513
628
740
848
961
1074
1178
1268
1338
1385
1414
1425
1417
1386
1329
1248
1142
1017
870
711
541
358
176
-6
-184
-356
-520
-666
-792
-897
-980
-1044
-1095
-1128
-1148
-1140
-1119
-1087
-1048
-1010
-968
-924
-882
-842
-802
-766
-729
-695
-662
-629
-595
-555
-513
-465
-413
-359
-301
-240
-172
-96
-9
93
202
315
431
552
680
817
958
1098
1231
1346
1443
1521
1575
1604
1614
1593
1545
1460
1343
1193
1025
850
666
485
302
118
-63
-236
-399
-541
-666
-763
-841
-904
-950
-980
-993
-992
-975
-950
-916
-879
-837
-796
-759
-726
-702
-679
-664
-658
-654
-650
-639
-627
-604
-582
-552
-518
-466
-404
-331
-243
-144
-29
89
216
339
461
585
708
833
947
1050
1132
1192
1232
1250
1255
1242
1206
1154
1076
972
849
717
582
444
304
158
17
-121
-252
-374
-477
-561
-624
-673
-709
-735
-752
-750
-738
-712
-685
-656
-623
-591
-565
-547
-533
-517
-492
-466
-442
-420
-399
-375
-353
-336
-305
-263
-207
-138
-72
-8
56
123
196
276
364
459
552
644
726
787
838
879
915
942
951
941
910
860
793
704
605
495
387
282
175
59
-68
-189
-301
-393
-468
-529
-579
-614
-638
-652
-667
-676
-671
-646
-609
-570
-535
-503
-478
-458
-438
-431
-421
-407
-387
-367
-351
-337
-321
-298
-270
-232
-186
-129
-62
6
79
158
246
342
441
544
642
735
819
887
943
982
1004
1015
1003
972
924
851
757
643
514
373
234
105
-17
-134
-254
-372
-482
-576
-654
-706
-732
-746
-741
-735
-725
-706
-672
-626
-564
-500
-436
-382
-345
-316
-291
-262
-230
-204
-186
-186
-200
-215
-227
-231
-210
-167
-116
-62
-11
36
96
174
267
379
492
602
698
778
841
885
922
951
968
967
950
907
835
743
634
509
383
260
137
12
-119
-257
-384
-499
-598
-673
-730
-760
-777
-788
-791
-790
-777
-746
-706
-652
-598
-551
-511
-479
-449
-421
-394
-365
-336
-305
-280
-258
-234
-200
-165
-117
-59
6
79
155
232
313
398
486
578
668
753
832
899
953
988
1006
1016
1006
985
948
890
819
720
602
476
349
216
81
-52
-182
-306
-424
-529
-621
-695
-748
-783
-798
-809
-811
-806
-790
-764
-732
-697
-656
-615
-583
-548
-517
-487
-453
-415
-378
-342
-310
-276
-244
-208
-165
-114
-52
16
92
168
252
342
445
551
662
770
870
962
1046
1108
1151
1170
1167
1145
1098
1030
932
819
688
547
398
251
101
-45
-187
-319
-439
-545
-633
-710
-769
-816
-847
-865
-868
-866
-854
-835
-807
-776
-742
-707
-669
-632
-591
-551
-515
-476
-433
-394
-362
-323
-280
-233
-186
-139
-86
-27
38
110
189
271
363
454
549
644
734
821
899
970
1028
1065
1090
1099
1084
1048
994
924
834
735
627
517
393
264
134
6
-114
-227
-329
-422
-506
-586
-653
-714
-758
-786
-798
-803
-799
-788
-773
-754
-728
-697
-659
-618
-568
-520
-476
-429
-385
-332
-278
-225
-173
-118
-67
-12
37
92
156
226
307
384
461
535
604
668
726
781
827
855
864
854
823
777
724
654
570
482
391
293
193
93
-1
-83
-159
-230
-295
-351
-401
-449
-491
-526
-554
-573
-588
-603
-614
-618
-609
-597
-587
-574
-556
-531
-501
-474
-445
-411
-369
-322
-275
-224
-168
-105
-41
27
96
172
250
326
398
467
535
596
649
686
718
734
744
745
733
705
663
608
551
492
428
364
292
219
150
85
22
-36
-87
-132
-177
-214
-248
-275
-303
-328
-352
-373
-387
-400
-406
-420
-434
-440
-439
-433
-424
-413
-403
-388
-365
-338
-303
-264
-226
-191
-153
-107
-60
-6
47
96
144
186
227
267
301
333
361
380
389
387
372
352
329
305
281
253
221
181
129
80
35
-5
-33
-63
-92
-123
-152
-182
-207
-223
-231
-229
-226
-226
-229
-228
-225
-216
-203
-187
-170
-149
-139
-134
-132
-117
-92
-65
-35
-3
15
28
42
64
101
149
195
235
268
296
321
348
375
402
424
435
424
386
339
288
234
180
126
73
11
-57
-126
-184
-228
-261
-286
-306
-319
-323
-324
-321
-312
-294
-266
-234
-202
-174
-144
-114
-89
-69
-55
-43
-33
-29
-41
-58
-73
-80
-82
-83
-80
-64
-35
-7
23
60
107
160
207
248
285
325
356
369
368
365
352
329
294
242
186
130
68
-2
-75
-136
-186
-232
-276
-318
-346
-357
-360
-361
-358
-339
-311
-280
-253
-225
-188
-149
-107
-73
-47
-18
11
32
49
62
78
95
102
102
101
109
116
130
142
160
185
215
247
282
318
358
396
424
441
449
448
431
399
356
305
243
170
88
11
-70
-152
-230
-303
-370
-421
-466
-503
-525
-536
-534
-526
-515
-492
-458
-422
-381
-334
-286
-235
-191
-154
-123
-93
-63
-40
-13
11
31
46
60
77
96
124
161
202
243
287
326
366
402
445
488
527
563
582
590
582
561
529
487
434
365
285
190
88
-19
-122
-220
-314
-396
-470
-532
-580
-617
-637
-643
-633
-616
-587
-553
-510
-463
-409
-352
-295
-235
-178
-124
-70
-19
35
82
124
159
191
221
247
277
305
332
356
376
395
412
435
458
479
496
505
506
502
490
474
448
415
370
311
244
172
94
12
-68
-149
-225
-300
-369
-436
-493
-539
-575
-602
-618
-627
-635
-634
-624
-607
-580
-547
-510
-471
-436
-400
-360
-311
-255
-189
-125
-62
-3
58
123
194
269
338
404
460
504
542
579
615
643
659
661
648
629
602
571
533
486
428
358
283
208
131
59
-10
-75
-141
-203
-259
-301
-338
-365
-383
-396
-399
-401
-397
-387
-373
-359
-340
-320
-305
-291
-276
-264
-250
-232
-215
-193
-168
-138
-100
-56
-8
41
94
147
201
257
310
357
400
434
459
475
482
481
470
450
424
386
343
285
224
163
98
29
-40
-112
-179
-238
-296
-347
-390
-424
-447
-464
-475
-473
-461
-444
-416
-383
-346
-305
-259
-218
-177
-144
-113
-81
-53
-32
-8
15
30
49
64
80
101
125
147
176
207
239
274
309
341
370
396
414
427
434
428
411
386
344
289
229
165
99
32
-30
-91
-154
-212
-265
-307
-334
-345
-346
-346
-343
-339
-334
-323
-303
-276
-243
-210
-176
-154
-133
-111
-83
-45
0
50
91
129
160
185
215
243
274
302
324
335
335
332
325
324
325
327
326
315
299
273
244
211
176
130
80
25
-34
-97
-157
-215
-274
-322
-362
-396
-420
-436
-443
-448
-446
-441
-427
-408
-388
-361
-336
-309
-289
-270
-249
-222
-197
-170
-140
-113
-83
-49
-9
39
95
148
200
246
286
324
362
398
427
455
481
492
494
483
463
436
402
363
312
259
201
141
87
31
-26
-80
-132
-182
-219
-246
-266
-279
-284
-282
-280
-274
-264
-250
-235
-218
-204
-186
-171
-154
-137
-120
-106
-89
-73
-53
-33
-13
13
46
81
115
153
186
223
254
285
308
328
340
344
344
337
324
303
272
236
190
139
90
38
-12
-65
-114
-158
-201
-241
-273
-299
-322
-336
-343
-348
-350
-343
-335
-324
-308
-288
-269
-248
-230
-209
-189
-171
-151
-129
-109
-82
-57
-32
-3
29
58
92
129
160
199
235
264
295
322
343
358
367
367
364
350
331
304
272
232
192
148
105
68
28
-8
-45
-81
-111
-135
-159
-178
-191
-200
-205
-210
-216
-219
-218
-216
-209
-196
-176
-157
-139
-118
-98
-77
-49
-16
20
54
85
109
127
142
160
182
203
225
240
246
245
230
216
207
196
191
180
157
123
80
33
-11
-54
-91
-126
-169
-214
-258
-302
-340
-366
-375
-377
-374
-364
-353
-342
-326
-304
-274
-241
-203
-171
-143
-114
-87
-60
-32
2
37
77
114
154
194
241
285
326
366
403
438
464
486
500
505
502
485
459
427
394
358
313
265
210
148
85
20
-39
-94
-143
-193
-239
-280
-323
-358
-381
-399
-406
-404
-402
-398
-394
-387
-372
-351
-325
-297
-270
-249
-230
-212
-192
-165
-139
-108
-77
-45
-13
20
56
97
139
182
222
256
287
315
340
361
379
392
395
391
381
360
334
298
258
208
156
96
32
-26
-82
-138
-189
-231
-264
-286
-297
-301
-296
-282
-266
-247
-224
-197
-174
-148
-126
-111
-97
-87
-75
-66
-58
-47
-38
-28
-16
-2
16
41
68
98
129
157
188
218
242
263
286
300
309
314
314
308
295
278
247
215
179
135
87
37
-15
-69
-122
-170
-216
-258
-290
-313
-327
-337
-336
-329
-316
-296
-271
-238
-209
-180
-149
-124
-97
-77
-63
-49
-36
-24
-12
2
15
34
55
76
98
125
152
179
205
227
244
251
260
258
249
236
214
193
169
138
103
72
38
7
-24
-53
-79
-106
-125
-142
-156
-167
-174
-179
-181
-178
-172
-164
-153
-144
-134
-121
-105
-89
-70
-55
-39
-21
-5
14
30
46
65
83
97
110
120
131
141
148
154
159
160
159
157
155
152
145
139
125
111
98
79
57
34
7
-20
-49
-78
-111
-138
-163
-192
-212
-234
-250
-262
-264
-266
-261
-252
-242
-222
-200
-177
-151
-121
-94
-60
-27
6
36
62
87
113
139
162
185
204
226
243
255
272
284
293
302
307
307
301
291
276
260
240
215
188
154
119
80
43
5
-33
-69
-106
-140
-175
-206
-239
-265
-288
-315
-330
-342
-347
-351
-351
-347
-334
-321
-305
-286
-267
-241
-216
-191
-165
-138
-111
-80
-50
-17
15
45
76
102
135
168
199
223
250
277
301
313
324
334
342
343
333
317
300
278
255
224
188
157
119
83
40
5
-28
-60
-88
-115
-136
-159
-178
-189
-200
-204
-207
-209
-204
-196
-184
-169
-157
-144
-128
-107
-89
-70
-51
-31
-13
5
23
39
56
69
85
101
115
127
141
154
158
163
169
166
165
161
151
141
130
116
99
81
62
41
20
-4
-22
-41
-63
-83
-102
-117
-134
-146
-160
-170
-185
-190
-197
-204
-205
-210
-202
-197
-193
-186
-180
-166
-150
-132
-114
-96
-73
-52
-31
-9
14
31
49
68
84
103
117
131
144
151
161
168
174
174
173
175
168
165
154
143
134
120
110
94
79
64
48
35
22
11
1
-7
-18
-24
-29
-31
-33
-38
-42
-47
-45
-50
-51
-52
-52
-52
-53
-55
-55
-55
-56
-54
-54
-47
-44
-42
-39
-38
-35
-30
-21
-13
-4
7
16
28
37
43
51
52
57
57
54
49
41
33
22
11
-2
-12
-20
-30
-37
-43
-49
-50
-51
-48
-44
-44
-38
-31
-28
-22
-17
-14
-13
-11
-9
-8
-9
-8
-8
-10
-12
-12
-9
-9
-9
-4
-2
4
9
14
17
22
29
34
38
39
45
49
53
55
55
55
54
53
49
42
33
29
24
16
8
0
-3
-12
-22
-26
-29
-32
-36
-37
-41
-41
-41
-42
-43
-40
-41
-42
-39
-37
-31
-28
-23
-18
-15
-10
-4
-2
3
7
8
14
16
17
16
18
21
25
27
28
30
32
34
34
36
32
29
29
25
23
18
17
14
11
8
6
1
-3
-6
-5
-7
-7
-9
-14
-13
-15
-17
-17
-19
-20
-22
-25
-26
-26
-30
-28
-28
-28
-29
-25
-25
-22
-17
-17
-10
-11
-3
-3
1
7
11
13
15
21
25
29
27
28
23
26
22
25
22
23
20
15
13
7
5
-3
1
-6
-3
-9
-6
-11
-13
-10
-13
-12
-16
-15
-20
-13
-14
-8
-7
-2
-3
-2
-2
-7
-6
-10
-4
-7
-3
-3
4
6
6
6
8
6
1
1
0
3
2
3
3
4
4
5
9
10
10
10
12
9
7
3
5
7
6
7
7
6
2
-3
-4
-6
-6
-4
-3
1
1
-1
-4
-10
-14
-11
-11
-10
-8
-5
-2
-2
0
-1
-3
-2
-6
-6
-8
-5
-5
0
5
5
5
2
3
3
4
4
3
2
4
7
8
10
10
7
3
1
0
0
-1
-3
-3
-3
-5
-6
-7
-7
-5
-2
-5
-6
-5
-6
-4
-1
1
4
5
7
9
8
7
4
8
5
4
6
6
5
8
5
3
2
3
0
-2
-7
-7
-9
-8
-7
-7
-10
-8
-8
-8
-4
-4
-3
-5
-2
-3
-3
-3
-6
-7
-7
-4
-3
-3
-2
2
6
1
1
2
1
0
-2
-5
-5
-3
1
0
-2
3
1
1
4
6
7
8
7
8
9
9
12
12
11
6
8
8
7
8
6
3
4
2
0
-1
-5
-4
-2
-2
2
-1
1
1
1
0
-2
-1
-3
-2
-1
-1
-4
-2
-2
0
-2
-2
-5
-7
-5
-7
-5
-6
-5
-6
-2
-6
-7
-8
-8
-4
-2
-1
-1
-1
-1
-2
-2
0
-4
-3
-3
-3
-4
-6
-9
-7
-3
-2
1
2
1
-1
-1
-1
-3
-1
0
0
1
1
3
0
4
5
3
5
6
5
6
11
9
9
10
8
5
8
8
8
10
9
6
7
7
6
3
6
4
1
2
-1
-2
-3
-3
-1
-2
-3
-6
-3
-1
-1
-3
-5
0
-3
-3
-6
-7
-4
-5
-5
-3
-5
-7
-7
-6
-6
-9
-9
-6
-8
-6
-4
-2
2
3
2
4
6
5
2
3
5
3
3
2
0
-1
-2
-3
-1
-1
-2
-1
-4
-4
-7
-4
-4
-4
-4
-5
-2
-3
-3
-1
1
0
-1
-2
-2
-1
1
1
1
0
2
1
1
-1
-2
0
1
2
1
2
6
7
8
8
8
4
3
6
7
5
7
8
8
9
7
7
7
9
12
14
12
9
6
4
6
6
4
0
1
-1
-3
-5
-5
-7
-9
-10
-9
-7
-9
-11
-9
-9
-6
-6
-6
-8
-5
-6
-9
-6
-7
-4
-5
-7
-8
-11
-10
-12
-11
-8
-8
-6
-6
-3
-3
-3
-4
-3
-3
-1
0
1
4
9
11
11
13
12
11
9
7
8
9
10
7
6
7
4
4
3
2
4
4
5
5
7
6
6
2
4
6
3
2
3
1
0
-2
-3
-1
-4
-1
0
-2
-1
-2
-4
-3
-3
-4
-5
-6
-7
-6
-4
-7
-6
-8
-6
-7
-7
-4
-2
-2
-3
1
-1
1
1
-1
1
1
-2
-2
0
0
0
-2
-1
-2
-3
-4
-5
-1
-1
0
-2
-1
-2
-2
-3
-1
2
3
6
5
7
7
5
4
6
8
6
10
8
6
6
6
8
7
4
2
3
2
3
0
0
0
4
2
-3
-2
-3
-4
-1
-2
-2
0
-1
-4
-3
-4
-4
-2
-2
-4
-8
-7
-7
-5
-7
-8
-8
-9
-6
-9
-7
-7
-4
-6
-4
-1
-1
2
3
3
3
5
3
3
4
1
2
3
1
3
3
5
4
4
1
0
1
1
2
2
0
-1
1
-1
-2
-1
-1
-3
-1
0
0
3
3
3
4
1
3
1
2
2
1
6
4
4
7
6
5
2
2
0
-2
-2
-1
2
0
0
0
1
0
-1
-2
-3
-1
-4
-10
-8
2
4
0
2
6
5
-1
2
5
6
9
5
7
6
3
-3
-4
-5
-9
-9
-8
-5
-7
-10
-12
-11
-12
-13
-7
-3
-1
3
2
2
0
-5
-6
-4
-1
-1
0
1
3
1
0
-1
-1
2
3
3
8
6
4
4
2
2
2
4
6
6
5
7
8
6
7
6
3
5
6
6
5
2
3
