1
2
0
-1
1
-1
1
3
2
0
1
-1
-1
-1
-3
-1
1
-1
-2
-3
-3
-1
-1
-2
-3
-1
0
-1
-1
1
2
-1
0
0
3
4
3
3
3
0
0
3
2
3
2
3
1
1
1
1
2
2
1
1
2
-1
-4
-1
0
2
2
-1
0
1
0
-1
-1
0
-2
-3
0
-2
-2
-2
1
0
0
4
2
0
0
1
2
-1
1
-1
0
-2
0
0
-2
1
-2
-1
-1
-2
-4
-2
-1
-1
-1
-3
-3
-1
-2
-2
0
0
-2
-3
-2
0
0
0
1
-1
-1
1
0
-1
3
2
2
2
3
3
2
2
-1
1
3
1
-1
-1
1
1
0
-1
4
2
1
1
0
-1
-1
0
-1
0
-1
0
1
2
1
1
2
0
2
4
3
5
1
0
1
1
2
1
-1
1
2
1
1
1
-1
-1
-1
-1
-2
-2
-1
0
-2
-2
1
-2
-1
-2
-2
-2
-3
-1
-3
-5
-2
-1
-1
-1
-1
0
0
0
-2
0
0
-2
-2
-1
1
-1
-1
-2
-2
-1
-1
0
-1
-2
-1
-1
1
2
-1
-1
1
2
4
2
1
1
1
2
2
3
-2
-1
-2
0
-1
-2
0
-2
-2
0
1
1
2
2
1
0
0
2
3
0
0
3
2
3
2
1
1
0
1
0
2
4
1
1
0
1
-1
1
4
5
2
1
0
0
1
-1
1
1
-1
-1
-1
-2
0
-1
-4
-3
-1
-1
-3
-2
0
2
1
-1
-2
-2
-1
-3
-4
-3
0
-3
-3
-2
-3
-2
-3
-4
-4
-4
-2
-1
-3
-3
-1
1
-1
0
0
1
1
1
1
0
2
2
2
1
0
2
1
2
1
3
4
2
2
2
3
2
1
4
5
6
5
4
3
3
3
5
4
4
2
0
2
1
-1
-2
0
-1
-2
-2
-3
-3
-2
-5
-5
-5
-7
-4
-4
-3
-4
-6
-4
-4
-4
-3
-4
-3
-3
-2
-3
-3
-2
-4
-3
-1
-2
-1
3
3
1
1
2
3
3
4
2
4
6
7
8
7
5
4
5
4
5
5
6
7
5
6
5
4
1
4
4
5
5
3
0
0
0
-1
-1
-2
-3
-5
-4
-5
-6
-4
-8
-8
-10
-8
-7
-10
-11
-11
-12
-14
-18
-15
-17
-15
-16
-19
-17
-15
-16
-13
-15
-15
-13
-11
-7
-7
-4
-2
4
9
9
18
22
23
28
31
37
44
46
47
50
52
57
61
61
60
59
65
66
65
65
63
66
69
65
60
54
48
48
40
34
21
13
3
-8
-20
-31
-40
-55
-69
-83
-99
-105
-118
-133
-147
-156
-161
-166
-175
-183
-182
-180
-177
-173
-175
-164
-157
-147
-131
-123
-104
-87
-65
-45
-29
-9
9
33
53
76
101
120
146
162
181
202
216
229
241
253
272
288
291
296
298
304
311
302
298
287
278
273
253
235
212
187
166
139
107
70
34
-1
-37
-78
-120
-157
-201
-247
-289
-329
-366
-401
-444
-482
-509
-534
-550
-572
-596
-600
-597
-586
-572
-569
-539
-503
-464
-412
-370
-320
-258
-198
-133
-69
-2
62
126
187
248
312
368
419
469
516
555
596
629
659
687
709
728
740
751
755
754
751
744
733
714
690
663
629
589
547
497
444
379
309
234
155
70
-24
-121
-221
-323
-426
-524
-622
-713
-799
-876
-944
-1007
-1054
-1089
-1113
-1124
-1121
-1104
-1077
-1041
-990
-930
-865
-788
-706
-623
-534
-447
-355
-263
-176
-86
-2
79
158
232
308
378
447
513
578
641
698
751
800
846
887
927
959
983
1004
1021
1027
1028
1024
1008
990
963
931
890
842
785
721
649
572
486
394
294
189
79
-37
-161
-286
-414
-543
-666
-789
-906
-1013
-1111
-1197
-1268
-1326
-1365
-1388
-1392
-1382
-1355
-1311
-1252
-1180
-1095
-1000
-899
-790
-677
-563
-448
-335
-225
-118
-18
79
167
249
322
395
459
517
572
617
662
706
742
779
816
847
877
906
934
957
977
996
1003
1007
1005
999
986
964
937
903
863
814
757
694
624
546
460
370
268
160
49
-68
-191
-318
-444
-571
-694
-814
-930
-1039
-1138
-1225
-1302
-1366
-1415
-1446
-1462
-1463
-1446
-1410
-1360
-1298
-1218
-1125
-1024
-917
-795
-672
-547
-421
-299
-176
-59
52
157
255
348
431
508
579
648
708
761
809
850
891
928
961
990
1019
1040
1060
1077
1086
1096
1098
1097
1089
1075
1052
1021
985
939
889
829
766
691
613
528
434
335
230
120
4
-118
-246
-375
-510
-646
-775
-907
-1030
-1149
-1258
-1360
-1448
-1519
-1573
-1604
-1623
-1617
-1595
-1561
-1504
-1433
-1346
-1241
-1121
-993
-856
-719
-584
-446
-308
-168
-33
98
218
331
435
527
618
702
781
854
912
959
990
1015
1038
1057
1071
1082
1090
1090
1085
1073
1062
1052
1041
1025
1006
980
947
907
859
812
759
706
654
592
519
438
352
262
166
66
-35
-142
-265
-403
-546
-688
-829
-959
-1075
-1178
-1275
-1371
-1456
-1528
-1575
-1601
-1597
-1569
-1524
-1474
-1426
-1362
-1280
-1172
-1034
-878
-716
-565
-437
-318
-201
-80
50
183
308
410
489
545
595
651
721
795
872
934
969
984
984
988
1001
1021
1045
1060
1061
1047
1024
999
985
976
972
956
931
891
834
769
711
653
595
531
455
377
284
191
101
13
-76
-175
-284
-409
-548
-686
-815
-932
-1035
-1131
-1238
-1348
-1451
-1535
-1588
-1607
-1593
-1559
-1526
-1491
-1449
-1394
-1306
-1183
-1037
-879
-725
-590
-470
-353
-228
-90
59
207
337
447
530
597
660
724
796
865
927
974
1002
1015
1019
1023
1036
1060
1086
1108
1118
1106
1084
1058
1029
1011
999
979
952
910
857
793
726
669
613
559
504
430
348
257
165
66
-31
-133
-249
-377
-515
-656
-794
-922
-1041
-1152
-1258
-1372
-1486
-1580
-1650
-1693
-1701
-1681
-1644
-1600
-1554
-1501
-1430
-1329
-1199
-1048
-881
-719
-573
-439
-312
-181
-35
121
273
416
527
609
674
733
798
868
941
1006
1051
1075
1082
1074
1077
1087
1099
1117
1125
1117
1099
1072
1034
1009
992
972
952
927
885
830
774
719
667
620
567
497
416
323
218
123
37
-61
-173
-297
-445
-606
-759
-892
-1008
-1100
-1186
-1297
-1424
-1537
-1635
-1699
-1702
-1667
-1614
-1553
-1505
-1472
-1426
-1341
-1217
-1063
-873
-678
-517
-382
-258
-146
-24
120
277
421
549
648
700
740
786
833
882
944
1000
1026
1024
1012
996
986
997
1016
1032
1039
1031
992
945
910
879
853
835
812
780
730
662
599
535
484
434
379
330
277
208
128
45
-39
-130
-236
-351
-482
-614
-745
-877
-1002
-1115
-1223
-1343
-1459
-1543
-1600
-1636
-1641
-1611
-1556
-1498
-1433
-1349
-1249
-1133
-984
-819
-643
-470
-306
-164
-43
76
197
318
449
575
671
741
785
812
827
858
904
949
983
998
991
957
921
900
896
912
932
944
932
900
854
811
783
776
768
750
728
680
614
542
487
438
383
329
277
216
139
65
-6
-90
-192
-311
-444
-574
-684
-790
-898
-996
-1096
-1237
-1396
-1526
-1607
-1645
-1644
-1597
-1543
-1500
-1466
-1435
-1381
-1268
-1098
-897
-686
-485
-325
-206
-108
-7
115
270
450
604
704
766
787
775
773
815
869
916
954
972
954
902
864
851
862
884
901
901
891
864
824
799
794
812
849
869
846
793
729
675
631
587
536
471
407
344
249
130
33
-43
-165
-405
-717
-923
-972
-1012
-1116
-1166
-1116
-1174
-1442
-1687
-1737
-1677
-1579
-1383
-1159
-1084
-1118
-1110
-1062
-1048
-951
-646
-300
-141
-155
-163
-132
-97
-28
125
342
555
679
638
491
419
459
510
530
561
600
667
731
654
494
539
732
677
502
625
905
960
893
953
1000
915
940
1177
1271
1112
1025
1081
1040
942
916
856
782
778
727
572
431
338
157
-360
-1302
-2067
-2056
-1768
-1964
-2264
-2063
-1798
-2043
-2439
-2395
-1980
-1484
-971
-518
-409
-571
-577
-419
-413
-434
-160
189
253
25
-265
-387
-276
-90
48
266
552
721
737
699
678
792
1049
1183
1132
1100
1050
692
238
238
569
644
500
611
854
834
701
758
909
1011
1153
1256
1113
877
834
887
787
622
601
641
554
335
73
-109
-121
-36
-62
-179
-181
-316
-1228
-2668
-3330
-2755
-2143
-2324
-2490
-1966
-1500
-1743
-2099
-1882
-1254
-543
76
297
74
-126
-69
-69
-237
-224
110
414
368
66
-156
-118
85
318
591
942
1322
1602
1590
1292
1075
1167
1246
1094
941
826
545
229
106
41
22
296
714
859
778
804
966
1066
1060
1053
1095
1136
1075
868
591
388
303
236
104
-53
-158
-200
-200
-201
-244
-221
-149
-687
-2228
-3517
-3192
-2201
-2201
-2631
-2155
-1354
-1403
-1934
-2013
-1515
-730
32
353
195
10
49
81
-124
-371
-224
295
542
207
-179
-165
83
322
564
866
1295
1746
1836
1472
1102
1056
1125
1016
782
626
448
33
-341
-287
-6
218
533
907
1030
979
1032
1111
1091
1100
1166
1151
996
768
589
502
390
201
95
68
-23
-145
-185
-152
-93
2
101
-176
-1450
-3202
-3683
-2686
-2172
-2668
-2493
-1439
-1107
-1615
-1749
-1335
-815
-162
434
495
176
39
95
-79
-468
-524
-59
298
119
-157
-128
41
222
526
923
1315
1632
1758
1622
1291
997
922
866
620
460
457
125
-412
-420
37
320
476
788
1043
1126
1165
1104
967
936
944
846
692
522
385
376
328
115
-1
93
104
-57
-109
58
185
133
133
-3
-1180
-3137
-3853
-2799
-2091
-2576
-2495
-1330
-728
-1233
-1682
-1400
-683
60
488
475
232
38
-71
-304
-710
-791
-229
307
179
-168
-127
160
409
648
960
1365
1784
1946
1689
1223
917
810
603
261
117
192
76
-287
-431
-125
347
673
882
1139
1390
1412
1228
1062
959
889
846
726
524
456
502
346
36
-63
76
192
161
79
151
361
450
380
-61
-1597
-3649
-4099
-2829
-2215
-2694
-2344
-1112
-741
-1306
-1575
-1219
-544
182
569
400
-10
-258
-325
-544
-941
-916
-248
259
64
-271
-180
128
384
706
1153
1584
1887
1950
1628
1095
770
709
574
244
34
90
14
-359
-484
-53
478
764
1016
1342
1537
1463
1229
1048
965
834
693
635
486
243
188
233
95
-23
191
483
427
177
215
472
461
287
120
-962
-3170
-4441
-3616
-2609
-2693
-2453
-1227
-409
-714
-1253
-1198
-594
73
484
572
296
-110
-259
-418
-941
-1184
-592
65
71
-100
56
296
429
653
1059
1475
1788
1957
1824
1325
788
570
441
75
-154
69
92
-389
-507
45
473
603
928
1297
1414
1406
1304
1051
813
641
533
547
467
220
173
258
77
-39
274
462
231
150
407
522
400
417
183
-1393
-3751
-4518
-3368
-2653
-2893
-2283
-840
-275
-779
-1266
-1194
-624
107
560
548
175
-201
-324
-575
-1102
-1127
-357
275
244
111
250
443
587
827
1196
1614
2012
2170
1824
1156
709
541
230
-185
-174
209
243
-161
-288
75
498
805
1107
1399
1580
1482
1088
717
551
442
374
424
395
206
97
30
-110
-38
284
419
328
340
456
476
417
313
-365
-2177
-4110
-4322
-3166
-2639
-2704
-1818
-350
27
-704
-1196
-880
-284
110
271
246
-18
-347
-533
-796
-1235
-1193
-344
396
288
-5
283
740
828
852
1222
1741
2045
1963
1495
910
534
321
23
-257
-157
263
335
-118
-295
196
729
945
1141
1405
1571
1471
1050
610
478
470
407
388
337
223
236
240
69
109
477
597
362
317
543
593
443
384
-211
-2173
-4295
-4468
-3226
-2663
-2582
-1549
-124
186
-567
-1165
-965
-343
89
193
75
-208
-478
-659
-968
-1286
-1039
-203
402
325
132
338
595
625
798
1259
1677
1911
1881
1415
741
337
186
-66
-327
-184
185
137
-231
-167
341
757
1058
1372
1543
1478
1190
787
507
386
320
403
536
416
228
270
303
183
289
623
709
590
617
601
366
342
436
-520
-2858
-4744
-4437
-3048
-2564
-2408
-1122
366
434
-502
-1079
-855
-244
173
183
-15
-243
-460
-706
-1120
-1447
-1080
-176
373
324
278
522
739
781
915
1281
1713
1986
1823
1139
389
65
-25
-259
-439
-156
337
379
-5
-83
389
883
1099
1254
1462
1527
1264
801
464
344
317
336
339
229
116
151
231
240
327
574
699
549
446
528
480
320
339
-60
-1890
-4307
-5000
-3710
-2623
-2437
-1617
74
915
183
-848
-944
-387
-55
-56
-73
-134
-326
-558
-899
-1313
-1338
-689
127
432
369
539
914
982
826
986
1531
1979
1955
1490
842
329
94
-110
-445
-459
89
446
87
-225
187
789
1000
1042
1225
1441
1412
1026
550
302
230
192
195
190
127
177
334
330
212
357
716
776
534
484
580
490
433
241
-1194
-3685
-4971
-4138
-3014
-2650
-1907
-296
845
557
-477
-1023
-681
-130
-28
-169
-143
-113
-348
-777
-1231
-1382
-890
-88
307
308
481
812
866
719
833
1300
1777
1923
1609
1015
480
148
-167
-511
-552
-66
461
364
-54
113
745
954
838
1082
1502
1528
1176
698
301
209
274
219
161
225
287
336
381
334
391
682
764
520
539
840
757
372
69
-975
-3274
-4996
-4448
-2962
-2368
-1970
-650
635
549
-455
-995
-685
-258
-184
-194
-143
-264
-544
-827
-1159
-1369
-1000
-163
387
399
434
752
901
766
862
1366
1865
1986
1650
1032
457
119
-91
-340
-468
-163
387
477
73
26
576
967
930
1035
1406
1533
1201
725
397
259
233
268
297
251
215
303
372
279
265
546
790
675
510
567
597
452
78
-1138
-3347
-4958
-4502
-3021
-2284
-1897
-663
689
642
-507
-1145
-791
-304
-219
-268
-258
-336
-536
-781
-1105
-1331
-993
-153
442
447
399
683
917
847
896
1362
1865
1955
1621
1057
451
23
-153
-233
-262
-23
439
581
220
95
625
1081
1006
1023
1408
1537
1115
621
413
343
234
182
276
312
167
138
343
446
463
675
820
655
567
673
556
309
51
-1112
-3422
-4974
-4346
-2890
-2233
-1732
-417
735
478
-559
-1032
-765
-426
-311
-301
-361
-511
-646
-786
-1111
-1405
-1063
-139
457
392
368
693
848
746
906
1401
1796
1841
1527
910
284
-11
-97
-268
-367
-81
404
579
308
136
505
970
984
909
1214
1469
1213
757
457
299
249
241
186
126
133
210
352
476
549
683
822
746
561
542
625
616
228
-1172
-3456
-4915
-4348
-2931
-2183
-1625
-356
727
465
-537
-1004
-756
-370
-126
-49
-156
-324
-456
-685
-1107
-1413
-1064
-147
475
474
456
713
852
770
885
1348
1776
1832
1487
902
367
28
-176
-321
-362
-143
259
406
147
64
516
930
835
810
1218
1440
1096
633
418
335
229
116
90
146
168
208
349
441
467
647
802
672
579
717
734
570
129
-1361
-3772
-5091
-4198
-2696
-2104
-1543
-85
1005
402
-875
-1174
-602
-185
-96
-37
-73
-327
-608
-856
-1171
-1330
-855
69
591
492
406
599
688
664
964
1557
1957
1960
1597
917
252
-52
-148
-285
-280
75
497
521
148
-54
302
741
754
791
1246
1497
1096
539
276
234
266
252
165
129
157
179
258
330
358
579
861
711
425
594
824
589
-21
-1379
-3584
-4899
-4046
-2565
-2049
-1594
-283
730
281
-848
-1214
-647
-81
-28
-150
-183
-298
-572
-868
-1149
-1240
-763
115
589
425
313
603
799
724
919
1525
1963
1879
1463
901
353
53
-77
-234
-237
70
366
375
210
90
227
606
823
830
1109
1488
1260
642
335
302
287
307
239
87
103
227
280
322
383
548
828
855
621
622
738
532
112
-873
-2929
-4698
-4379
-2815
-1969
-1655
-693
417
368
-634
-1204
-830
-238
-42
-102
-191
-348
-545
-747
-1052
-1312
-1034
-212
397
330
140
372
655
645
793
1372
1846
1838
1527
1013
386
36
9
-86
-220
-19
373
521
361
121
124
517
930
1057
1193
1432
1361
973
608
317
195
364
494
313
78
57
231
383
355
401
672
748
557
608
762
548
123
-764
-2727
-4630
-4528
-2911
-1854
-1627
-1010
22
263
-571
-1292
-988
-239
49
-18
-87
-270
-547
-712
-891
-1139
-967
-209
435
415
173
314
637
741
877
1368
1878
1959
1631
1070
483
160
97
-10
-145
-4
324
438
224
-19
98
547
827
804
948
1325
1349
903
482
301
242
257
232
65
-58
24
171
244
297
451
735
878
720
639
738
562
193
-206
-1514
-3736
-4797
-3746
-2374
-1869
-1310
-221
385
-162
-1106
-1280
-593
29
151
103
-10
-298
-603
-859
-1161
-1187
-612
116
338
180
207
480
675
830
1196
1676
1964
1895
1422
745
286
149
14
-201
-185
136
409
337
56
-30
268
700
934
1056
1268
1398
1185
760
390
196
251
395
302
19
-109
-31
125
336
535
690
804
735
584
660
733
505
209
-500
-2417
-4551
-4739
-3098
-1851
-1650
-1180
-158
146
-630
-1301
-1002
-170
388
425
140
-233
-541
-770
-1048
-1324
-1148
-367
311
281
47
232
571
711
899
1351
1839
2052
1821
1223
580
199
65
-47
-179
-107
165
277
78
-130
-31
392
838
1005
1054
1275
1400
1037
474
215
302
452
386
72
-181
-137
50
154
187
358
790
1153
1035
726
742
788
442
2
-702
-2419
-4345
-4487
-2947
-1846
-1769
-1381
-379
-12
-672
-1199
-750
77
428
350
203
-84
-496
-737
-859
-1092
-1112
-547
96
181
22
220
612
833
1035
1422
1824
2010
1874
1418
823
338
66
-100
-252
-300
-102
168
152
-107
-114
362
856
992
1094
1409
1481
1040
560
410
392
290
109
-95
-240
-245
-104
102
284
477
804
1093
998
756
795
768
344
19
-380
-1996
-4231
-4748
-3271
-2034
-1970
-1768
-817
-209
-617
-1169
-876
-26
540
638
425
-58
-521
-638
-714
-1095
-1266
-706
52
206
-38
39
455
734
944
1414
1938
2159
2067
1667
945
304
80
-23
-251
-317
-45
242
187
-125
-199
264
835
1000
1077
1429
1601
1245
762
495
370
320
256
48
-197
-286
-191
26
244
452
815
1201
1134
748
653
710
429
99
-160
-1372
-3579
-4695
-3632
-2165
-1885
-1924
-1269
-627
-788
-1192
-981
-178
567
782
473
-81
-539
-658
-638
-883
-1149
-783
-46
150
-151
-180
163
502
892
1439
1901
2158
2188
1766
947
332
197
160
-58
-200
-32
174
10
-297
-194
257
632
881
1132
1282
1273
1106
859
674
546
405
309
167
-209
-482
-342
-59
127
371
624
837
1049
994
677
510
423
169
26
-496
-2292
-4229
-4233
-2781
-1967
-2017
-1729
-952
-599
-895
-1016
-360
559
928
679
237
-168
-474
-607
-683
-845
-834
-370
127
107
-178
-89
331
735
1141
1630
2079
2275
1976
1198
491
209
102
-78
-230
-196
-16
5
-294
-448
-78
447
746
931
1116
1243
1229
954
590
494
562
459
186
-144
-422
-415
-177
39
304
660
891
1002
1011
745
447
462
405
91
62
-162
-1819
-4027
-4410
-2956
-1905
-1925
-1729
-957
-572
-830
-889
-303
419
757
755
455
-141
-571
-487
-423
-849
-1097
-574
51
14
-287
-196
184
559
1013
1565
1927
1947
1719
1242
573
98
71
181
84
-66
-29
-24
-294
-454
-115
383
680
967
1235
1174
965
951
958
764
509
364
287
96
-207
-252
55
289
346
491
640
682
780
827
637
426
339
233
202
64
-1099
-3221
-4409
-3550
-2188
-1876
-1932
-1398
-831
-881
-1063
-771
-82
577
832
624
185
-188
-327
-363
-608
-937
-796
-221
79
-125
-265
-2
415
813
1223
1577
1771
1769
1458
843
326
225
334
307
150
41
-68
-270
-469
-433
31
745
1137
985
814
946
1038
887
713
625
616
640
427
11
-161
-37
89
166
254
360
568
754
671
471
432
426
271
110
103
-283
-1883
-3872
-4083
-2496
-1490
-1808
-1991
-1513
-1134
-1104
-1004
-502
247
735
770
478
-19
-316
-147
-128
-639
-888
-410
63
-3
-229
-213
29
377
789
1222
1603
1779
1607
1141
664
494
640
728
494
167
-24
-228
-486
-469
-54
447
758
828
739
679
754
838
890
963
979
897
707
333
-73
-207
-115
22
158
221
244
382
518
433
259
211
225
202
166
102
-411
-1924
-3653
-3742
-2265
-1448
-1922
-2180
-1718
-1365
-1335
-1071
-338
447
808
759
498
72
-213
-58
86
-228
-481
-180
163
32
-312
-415
-169
292
781
1201
1482
1582
1526
1249
822
639
846
942
575
89
-194
-404
-543
-420
-89
266
525
533
351
375
707
1014
1133
1145
1046
858
628
289
-27
-71
20
96
150
32
-67
177
367
209
178
338
306
258
339
287
-138
-1340
-2995
-3414
-2217
-1427
-1858
-2116
-1754
-1560
-1467
-958
-238
250
417
421
348
114
-35
234
448
35
-465
-361
-92
-223
-464
-440
-249
36
467
870
1107
1279
1366
1240
1015
882
884
885
636
175
-97
-124
-204
-261
-131
-7
117
372
480
457
742
1175
1313
1227
1082
892
739
515
171
42
134
92
4
17
-31
-45
92
135
162
373
458
322
274
274
35
-823
-2419
-3479
-2635
-1180
-1207
-2124
-2309
-1869
-1532
-1219
-697
-100
240
262
263
284
178
247
533
343
-342
-610
-282
-69
-234
-436
-420
-202
175
612
945
1124
1234
1246
1030
756
775
998
957
579
240
105
-52
-243
-210
48
268
366
431
474
596
934
1256
1208
916
749
743
683
496
297
168
57
-48
-112
-160
-108
145
346
286
215
304
296
108
-26
-28
-105
-804
-2172
-2928
-2135
-1080
-1309
-2197
-2404
-1934
-1419
-990
-596
-321
-139
45
151
76
12
214
414
122
-422
-495
-101
102
-116
-373
-356
-91
295
651
878
954
953
929
892
903
1052
1161
911
471
261
248
190
154
179
178
255
434
504
532
723
901
860
789
836
882
839
694
417
168
106
108
84
100
142
186
225
143
-4
-22
6
-37
-8
79
37
-282
-1228
-2498
-2668
-1514
-912
-1653
-2306
-2073
-1600
-1242
-920
-725
-596
-408
-227
-96
-18
70
318
444
32
-422
-218
229
234
-66
-285
-283
-20
321
502
612
767
873
931
974
969
1006
1062
849
504
513
665
523
297
181
56
114
381
452
399
552
723
719
671
637
712
855
695
342
284
379
298
226
199
53
4
96
33
-56
78
169
65
-3
-3
10
-110
-927
-2241
-2535
-1432
-751
-1462
-2281
-2227
-1798
-1474
-1197
-955
-802
-602
-252
47
68
53
326
518
179
-250
-130
268
350
69
-269
-382
-162
224
478
567
629
761
944
1004
912
919
1006
900
731
737
710
472
187
10
54
298
416
327
364
495
464
447
604
701
719
794
737
476
320
343
310
151
-2
-24
88
190
183
140
82
-13
13
204
234
49
-138
-696
-1817
-2295
-1370
-597
-1348
-2428
-2398
-1794
-1442
-1196
-950
-846
-682
-322
-45
-19
-23
176
371
188
-159
-71
307
292
-100
-357
-316
-75
257
488
544
570
690
864
913
789
763
931
967
771
640
582
402
183
67
79
231
378
309
214
350
545
623
705
806
815
769
684
469
268
278
319
195
57
71
180
249
175
50
116
279
240
168
251
201
-107
-587
-1455
-2254
-1846
-779
-926
-2162
-2636
-2000
-1383
-1150
-969
-815
-714
-509
-214
-14
32
72
216
230
-35
-162
93
281
91
-159
-153
76
372
542
499
456
615
841
913
855
840
876
832
696
571
483
390
262
91
40
283
538
440
233
291
475
555
570
547
508
542
556
460
375
324
233
144
102
83
138
238
250
216
255
287
260
221
135
-36
-222
-435
-972
-1755
-1913
-1177
-821
-1662
-2488
-2194
-1462
-1113
-1000
-945
-958
-820
-444
-130
-49
-66
-20
92
109
25
96
306
296
86
61
257
423
510
561
537
525
680
873
860
723
694
715
612
488
519
569
449
298
332
488
567
471
284
230
398
606
673
589
421
329
372
381
259
148
127
124
132
180
249
306
294
206
145
204
291
226
33
-121
-196
-237
-355
-888
-1751
-1963
-1177
-741
-1552
-2387
-2104
-1361
-1030
-966
-955
-1016
-901
-491
-169
-175
-207
19
272
208
-3
50
317
426
307
192
239
435
647
650
455
356
492
668
672
534
440
491
559
559
557
557
476
377
395
494
534
459
393
465
580
574
488
442
423
435
454
377
260
280
366
339
257
238
248
246
249
236
202
185
151
63
-19
-79
-169
-255
-415
-974
-1682
-1636
-885
-758
-1623
-2222
-1903
-1376
-1134
-1074
-1182
-1279
-969
-429
-242
-367
-318
-68
79
92
105
143
228
347
309
142
155
403
537
442
339
360
482
642
739
723
660
612
619
659
657
640
662
635
538
555
683
645
459
455
634
685
575
499
462
403
418
454
328
124
66
141
192
157
102
99
161
235
237
134
19
-26
-38
-85
-201
-316
-451
-865
-1494
-1638
-1084
-846
-1519
-2159
-1968
-1439
-1097
-977
-1142
-1344
-1057
-462
-189
-258
-309
-199
31
205
185
147
230
260
185
193
332
480
594
597
435
324
491
746
740
513
376
432
534
566
555
566
599
613
598
591
627
653
636
668
745
761
718
621
455
346
348
309
219
193
186
149
136
146
166
230
295
291
268
210
93
0
4
-2
-129
-312
-483
-807
-1361
-1550
-1016
-713
-1422
-2112
-1805
-1256
-1171
-1175
-1187
-1364
-1225
-663
-385
-545
-618
-474
-301
-132
27
110
172
254
306
362
506
682
688
517
386
445
607
712
617
373
252
379
524
556
597
665
677
684
776
837
798
740
721
681
635
604
531
414
350
346
341
331
304
226
174
207
240
240
281
340
323
254
200
140
60
5
-15
-46
-133
-233
-317
-653
-1268
-1444
-839
-526
-1288
-2076
-1848
-1249
-1072
-1142
-1328
-1573
-1358
-679
-376
-651
-799
-526
-153
82
164
123
103
198
302
338
377
455
492
418
295
269
403
541
490
282
185
326
544
670
683
645
594
600
723
853
790
573
483
599
699
676
609
550
510
516
513
451
393
369
368
379
353
276
250
309
331
259
187
197
227
160
28
-18
-14
-92
-215
-450
-971
-1357
-1023
-564
-1020
-1899
-1977
-1443
-1259
-1401
-1433
-1489
-1533
-1170
-677
-678
-896
-710
-286
-110
-106
-28
86
192
325
387
350
379
483
499
396
298
327
510
649
533
353
432
643
668
601
656
705
642
644
785
840
739
660
651
620
625
708
690
525
449
525
544
466
406
338
259
284
346
301
217
207
236
246
210
119
59
66
56
-37
-165
-282
-459
-838
-1218
-1118
-767
-1005
-1731
-1955
-1580
-1373
-1438
-1452
-1515
-1552
-1223
-794
-742
-820
-636
-331
-97
42
57
69
235
378
356
359
462
500
478
459
381
337
495
660
586
447
481
603
640
641
684
671
562
554
720
805
656
500
531
665
760
753
631
471
438
541
591
508
390
318
288
304
326
254
143
153
231
246
220
191
97
-14
-38
-55
-180
-305
-375
-665
-1142
-1186
-754
-787
-1520
-1928
-1618
-1324
-1331
-1318
-1369
-1552
-1413
-887
-578
-691
-776
-565
-265
-79
31
122
182
224
317
418
456
490
542
495
339
292
473
642
559
383
404
595
691
669
661
624
551
623
825
843
660
561
592
617
636
645
560
452
493
587
568
470
404
370
310
270
295
324
310
248
136
29
43
132
96
-26
-47
-2
-50
-161
-326
-715
-1089
-926
-561
-878
-1646
-1823
-1456
-1300
-1322
-1281
-1442
-1640
-1299
-719
-655
-881
-796
-493
-259
-42
120
93
63
198
333
367
388
430
448
413
347
364
531
648
559
446
475
562
600
620
628
584
526
539
605
602
493
431
511
616
678
686
619
533
590
705
659
529
498
501
441
385
345
272
211
212
218
207
227
244
178
61
9
16
-31
-177
-477
-908
-1095
-800
-635
-1200
-1875
-1800
-1353
-1299
-1471
-1522
-1582
-1537
-1129
-743
-805
-939
-747
-473
-347
-211
-43
9
29
139
249
299
392
515
524
422
377
489
656
676
540
461
545
660
698
685
629
538
541
715
873
833
689
641
708
778
798
786
749
689
632
627
632
558
426
354
333
287
241
210
160
106
97
119
133
73
-67
-145
-103
-139
-298
-417
-649
-1101
-1238
-840
-752
-1416
-1961
-1768
-1390
-1294
-1302
-1393
-1595
-1511
-1029
-697
-768
-848
-668
-400
-199
-55
37
99
193
350
528
638
665
662
654
607
591
697
807
716
504
425
490
556
594
607
540
460
511
657
735
674
546
516
643
787
780
639
512
491
524
532
491
411
312
269
285
287
230
175
155
149
149
160
133
17
-110
-125
-92
-152
-263
-396
-712
-1065
-979
-637
-808
-1446
-1693
-1402
-1173
-1190
-1289
-1489
-1612
-1331
-878
-755
-890
-864
-641
-413
-223
-60
47
125
212
309
427
551
632
629
563
490
496
588
624
527
427
455
542
600
619
603
559
522
543
645
756
714
525
435
568
706
678
578
492
446
492
568
504
353
294
335
357
332
307
286
260
259
312
365
336
253
230
238
166
83
22
-233
-666
-821
-619
-660
-1200
-1657
-1635
-1473
-1473
-1532
-1643
-1826
-1777
-1377
-1083
-1141
-1172
-946
-708
-556
-343
-147
-99
-47
120
268
330
410
497
488
418
414
496
569
551
464
418
456
535
614
653
625
564
605
774
904
898
823
805
904
1057
1117
1019
922
938
955
882
800
734
629
506
436
372
275
209
174
111
45
25
-24
-124
-205
-251
-329
-411
-504
-762
-1114
-1193
-975
-1000
-1454
-1785
-1685
-1495
-1446
-1411
-1431
-1536
-1429
-1053
-828
-871
-831
-619
-432
-280
-81
63
112
198
323
413
527
684
749
685
625
645
751
864
869
754
644
616
665
745
726
564
430
450
502
497
464
411
350
373
453
462
417
404
405
378
357
346
318
289
274
256
244
260
290
304
292
271
243
227
207
130
4
-75
-120
-313
-671
-869
-717
-624
-954
-1391
-1460
-1279
-1193
-1194
-1212
-1342
-1432
-1179
-794
-703
-801
-732
-518
-330
-134
43
69
51
162
310
360
388
455
459
366
306
371
485
516
448
378
353
357
420
512
507
394
344
431
537
561
521
500
547
636
692
684
649
624
619
602
558
544
554
505
410
370
375
354
366
416
377
233
141
158
148
49
-68
-171
-366
-676
-856
-763
-726
-1060
-1468
-1522
-1360
-1306
-1323
-1341
-1443
-1469
-1206
-909
-881
-902
-736
-565
-489
-336
-118
11
99
197
234
264
411
564
559
479
480
543
568
556
528
470
427
449
511
524
486
449
432
433
465
517
525
502
499
521
540
569
606
610
582
560
559
569
571
557
530
505
491
472
467
491
480
377
258
213
198
142
28
-220
-597
-825
-749
-697
-995
-1417
-1604
-1610
-1572
-1473
-1435
-1606
-1740
-1525
-1167
-1027
-1027
-926
-746
-590
-429
-230
-80
11
121
247
338
415
535
651
663
619
646
738
776
719
646
605
584
591
612
596
509
425
435
513
560
549
535
545
557
566
596
635
642
601
546
515
510
519
499
446
381
351
358
367
332
260
192
138
68
12
-7
-95
-363
-656
-698
-574
-651
-977
-1247
-1314
-1308
-1296
-1278
-1358
-1508
-1513
-1337
-1204
-1182
-1096
-907
-762
-683
-566
-376
-168
-2
101
150
205
325
483
565
537
511
552
621
659
678
675
633
579
573
628
663
633
572
566
598
595
585
649
706
659
629
716
787
744
692
685
666
650
662
617
509
458
472
420
298
232
225
169
51
-55
-124
-233
-435
-641
-708
-702
-853
-1144
-1322
-1345
-1381
-1448
-1459
-1476
-1543
-1515
-1349
-1227
-1190
-1060
-821
-673
-627
-502
-272
-70
41
120
202
280
386
512
592
594
589
631
690
698
681
687
676
611
554
560
566
514
445
424
430
420
413
419
448
476
494
516
542
564
585
609
613
592
588
618
619
568
520
490
441
366
286
213
162
108
-41
-313
-524
-532
-505
-661
-926
-1095
-1160
-1206
-1228
-1236
-1299
-1360
-1311
-1214
-1161
-1100
-948
-791
-709
-639
-510
-341
-179
-59
-13
-6
50
176
302
353
344
319
330
392
458
494
497
496
503
520
544
564
587
588
555
534
564
605
614
622
649
652
633
662
732
756
714
704
743
740
689
685
709
634
473
383
366
289
157
41
-123
-389
-607
-663
-703
-886
-1122
-1275
-1372
-1452
-1471
-1449
-1488
-1536
-1490
-1373
-1290
-1231
-1122
-991
-877
-747
-598
-485
-381
-228
-70
21
94
229
374
452
503
580
651
686
722
766
779
787
817
833
802
771
785
826
849
834
810
813
841
844
809
782
791
802
770
718
683
652
608
576
568
544
476
392
308
225
158
114
35
-168
-453
-643
-662
-689
-900
-1204
-1381
-1413
-1443
-1500
-1535
-1562
-1589
-1560
-1476
-1405
-1339
-1199
-1022
-914
-865
-763
-577
-381
-219
-93
-10
63
179
328
440
491
532
580
612
632
664
695
696
687
689
682
674
701
760
801
792
787
822
879
919
949
988
1006
1001
1006
1014
984
925
898
899
854
740
608
500
407
315
224
91
-114
-351
-524
-612
-711
-892
-1106
-1263
-1365
-1454
-1532
-1575
-1612
-1645
-1634
-1562
-1482
-1431
-1360
-1237
-1086
-942
-808
-677
-556
-438
-309
-170
-46
62
140
187
235
325
448
539
579
599
649
716
782
847
895
917
936
969
997
993
990
1022
1059
1051
1011
983
977
979
971
946
887
810
746
706
662
589
486
361
224
106
28
-71
-237
-438
-595
-693
-803
-941
-1077
-1186
-1278
-1364
-1434
-1489
-1514
-1500
-1463
-1434
-1414
-1356
-1250
-1123
-997
-861
-720
-590
-463
-325
-184
-47
87
216
319
379
429
485
546
601
644
676
691
700
721
760
802
823
842
875
915
938
945
939
938
936
941
946
930
889
841
803
764
717
669
615
547
453
348
245
143
29
-107
-256
-404
-542
-674
-804
-930
-1042
-1137
-1227
-1307
-1369
-1400
-1394
-1369
-1346
-1323
-1270
-1192
-1097
-992
-879
-757
-629
-504
-391
-287
-190
-97
2
105
184
240
293
342
390
433
483
525
554
578
607
640
669
700
734
775
810
848
883
917
941
971
1002
1012
1002
980
962
934
893
825
755
677
583
480
364
259
143
28
-104
-227
-347
-462
-573
-683
-769
-852
-920
-1001
-1064
-1110
-1130
-1145
-1163
-1167
-1164
-1131
-1100
-1055
-1003
-934
-865
-793
-709
-621
-527
-444
-353
-270
-177
-96
-23
50
121
190
253
319
375
427
471
520
567
616
657
695
736
780
829
874
924
967
1008
1042
1068
1089
1105
1115
1106
1084
1051
998
935
851
752
639
510
368
220
67
-90
-243
-393
-536
-676
-802
-917
-1021
-1108
-1184
-1248
-1302
-1338
-1359
-1365
-1360
-1339
-1305
-1260
-1201
-1130
-1049
-964
-867
-768
-667
-561
-456
-351
-251
-149
-54
37
122
203
281
357
431
501
571
644
716
792
863
930
997
1060
1117
1165
1207
1237
1258
1274
1277
1270
1250
1219
1174
1114
1039
951
853
741
617
484
336
187
36
-119
-269
-419
-565
-703
-830
-953
-1066
-1160
-1241
-1310
-1366
-1404
-1426
-1434
-1421
-1387
-1342
-1287
-1218
-1135
-1045
-950
-847
-741
-640
-541
-438
-346
-259
-167
-80
-1
73
149
226
295
370
451
534
614
695
779
858
940
1024
1102
1171
1234
1288
1324
1353
1374
1373
1352
1316
1263
1191
1098
998
881
747
601
449
291
130
-29
-189
-348
-499
-639
-768
-884
-985
-1068
-1145
-1207
-1255
-1287
-1305
-1308
-1294
-1274
-1247
-1206
-1155
-1099
-1038
-969
-894
-822
-740
-657
-573
-485
-397
-306
-213
-123
-27
69
169
268
364
466
568
669
771
872
964
1050
1129
1198
1258
1307
1343
1365
1371
1358
1330
1288
1228
1154
1066
968
851
724
589
447
301
152
5
-142
-283
-419
-545
-664
-770
-865
-948
-1020
-1075
-1113
-1142
-1158
-1162
-1151
-1135
-1110
-1070
-1028
-983
-934
-881
-824
-768
-709
-652
-595
-536
-472
-407
-340
-271
-197
-114
-30
58
155
253
358
465
568
675
779
881
978
1062
1136
1201
1252
1282
1295
1290
1266
1224
1160
1083
987
874
755
626
491
348
206
67
-72
-202
-324
-433
-531
-612
-678
-730
-768
-791
-802
-800
-788
-773
-752
-727
-703
-681
-665
-648
-635
-623
-610
-595
-581
-565
-540
-509
-474
-429
-372
-307
-240
-164
-78
12
104
204
306
405
501
592
679
754
816
870
911
935
945
941
924
890
840
782
710
625
532
440
345
240
139
45
-54
-153
-239
-314
-388
-456
-504
-542
-584
-614
-629
-642
-652
-647
-631
-614
-598
-573
-549
-526
-504
-475
-441
-412
-382
-347
-314
-290
-256
-217
-182
-138
-83
-24
36
106
185
261
342
432
524
609
689
765
827
868
899
920
920
900
871
825
760
676
586
487
381
272
168
61
-48
-146
-239
-327
-403
-460
-512
-556
-591
-609
-623
-632
-631
-621
-609
-595
-574
-556
-537
-518
-499
-477
-463
-443
-418
-395
-364
-333
-292
-251
-205
-148
-87
-23
49
128
205
285
361
439
515
590
656
712
756
786
802
808
800
775
740
687
622
544
458
372
277
182
87
-10
-105
-196
-274
-343
-404
-454
-496
-533
-554
-569
-571
-560
-549
-531
-512
-486
-459
-424
-391
-355
-321
-290
-265
-234
-204
-183
-158
-125
-93
-68
-37
0
40
86
137
191
246
308
377
441
504
568
629
673
705
733
744
739
716
680
627
559
473
382
281
179
77
-29
-132
-227
-309
-385
-459
-517
-557
-591
-615
-633
-641
-638
-630
-616
-594
-568
-537
-506
-480
-454
-426
-392
-359
-329
-296
-260
-221
-183
-145
-101
-47
8
65
123
189
259
329
396
461
531
597
656
707
753
790
814
824
825
816
790
752
699
635
564
481
394
305
210
116
20
-71
-162
-244
-314
-383
-443
-498
-544
-583
-615
-640
-660
-673
-680
-685
-683
-675
-664
-650
-626
-599
-566
-527
-488
-446
-398
-345
-288
-226
-164
-94
-20
54
134
213
294
376
451
526
591
647
696
732
757
766
767
753
728
687
641
586
522
453
379
305
225
146
71
-3
-74
-142
-207
-265
-318
-370
-410
-442
-467
-485
-499
-502
-498
-494
-484
-472
-456
-436
-416
-393
-367
-339
-311
-277
-240
-202
-159
-113
-63
-14
43
100
158
213
273
333
386
433
474
507
533
549
550
545
524
492
455
411
358
301
245
182
127
71
19
-27
-72
-111
-146
-177
-205
-231
-255
-274
-289
-304
-316
-327
-340
-350
-358
-363
-369
-367
-365
-357
-346
-331
-309
-280
-250
-214
-174
-128
-78
-27
29
82
138
194
248
300
340
376
408
426
439
443
433
415
385
348
301
249
195
141
82
25
-30
-79
-124
-159
-184
-202
-209
-209
-202
-188
-168
-141
-110
-82
-53
-28
-5
14
27
32
37
37
30
26
17
6
-4
-9
-10
-10
-7
4
18
31
45
62
79
98
114
125
136
140
138
130
113
89
60
25
-18
-67
-116
-171
-223
-274
-319
-359
-391
-411
-426
-427
-420
-399
-369
-327
-278
-228
-171
-115
-61
-9
44
90
133
170
205
233
252
269
283
295
307
320
338
352
369
382
390
402
414
426
435
441
442
440
431
417
395
365
330
286
229
165
92
9
-76
-167
-252
-340
-423
-503
-577
-641
-695
-732
-754
-757
-754
-735
-707
-671
-624
-570
-512
-449
-384
-325
-261
-199
-140
-81
-26
32
86
136
189
236
279
319
355
389
425
456
482
506
528
545
563
579
597
609
616
619
612
595
568
530
482
424
352
273
184
92
-10
-111
-205
-295
-375
-444
-503
-555
-594
-623
-638
-649
-651
-646
-637
-619
-598
-569
-540
-500
-457
-407
-352
-288
-218
-147
-72
-3
72
140
204
269
322
377
424
468
506
542
574
596
617
627
633
622
607
573
529
474
407
332
251
171
81
-3
-89
-166
-244
-314
-371
-424
-463
-499
-523
-545
-557
-564
-564
-553
-540
-515
-492
-457
-422
-384
-339
-292
-238
-187
-127
-75
-21
29
82
127
175
221
260
302
333
368
394
425
452
472
493
505
514
513
507
492
468
437
397
353
299
243
187
127
67
11
-45
-97
-146
-189
-233
-272
-306
-338
-364
-387
-400
-408
-411
-408
-398
-387
-370
-350
-325
-299
-272
-249
-218
-188
-159
-129
-96
-61
-26
11
51
92
133
173
213
253
291
326
357
382
397
406
410
402
385
358
322
278
228
171
112
50
-11
-70
-125
-177
-222
-262
-292
-312
-329
-336
-338
-336
-330
-317
-300
-279
-259
-235
-210
-183
-154
-126
-99
-70
-40
-10
15
43
71
99
127
156
186
214
242
269
296
319
338
357
374
382
384
380
366
346
318
279
236
188
136
80
25
-33
-89
-139
-187
-229
-265
-297
-320
-337
-350
-356
-357
-354
-349
-338
-327
-310
-289
-267
-245
-220
-192
-161
-128
-96
-62
-26
7
42
78
115
150
182
214
245
270
296
316
333
344
347
349
341
327
308
278
241
199
150
98
44
-11
-69
-125
-178
-227
-268
-302
-331
-345
-354
-353
-343
-330
-309
-286
-258
-228
-194
-164
-133
-105
-76
-48
-22
6
39
74
110
145
182
216
250
282
311
337
359
375
387
392
386
377
361
339
314
283
247
207
162
113
61
6
-51
-107
-163
-213
-263
-307
-349
-379
-407
-430
-441
-445
-441
-428
-410
-385
-359
-327
-296
-266
-230
-198
-163
-129
-98
-68
-36
-3
30
64
103
142
181
219
258
295
328
361
389
416
433
446
450
446
434
413
381
342
295
241
182
122
60
-2
-66
-129
-182
-232
-272
-305
-328
-340
-345
-340
-329
-314
-291
-270
-242
-212
-185
-159
-137
-113
-96
-80
-65
-53
-40
-27
-17
-3
14
33
54
75
101
130
157
185
215
242
268
287
302
307
308
300
282
257
225
184
140
90
39
-13
-64
-114
-160
-199
-238
-272
-296
-314
-327
-329
-326
-320
-305
-287
-264
-238
-210
-182
-153
-123
-94
-64
-36
-11
16
45
69
93
117
140
165
185
206
226
244
260
270
283
290
294
295
291
285
275
260
241
217
194
164
129
91
51
8
-33
-76
-118
-157
-195
-231
-261
-287
-307
-324
-335
-339
-339
-331
-322
-309
-293
-268
-240
-212
-182
-150
-117
-86
-51
-18
13
44
76
102
131
158
183
207
229
254
276
295
312
325
333
337
336
329
315
293
264
228
188
148
98
54
5
-40
-83
-128
-166
-200
-229
-254
-273
-291
-302
-311
-316
-319
-315
-308
-302
-290
-272
-254
-237
-215
-190
-165
-138
-108
-77
-44
-9
26
64
101
140
180
214
249
278
311
336
355
373
382
383
381
372
352
330
301
265
225
181
138
92
45
1
-42
-81
-116
-148
-177
-198
-219
-234
-248
-258
-265
-271
-276
-278
-278
-278
-276
-269
-265
-256
-244
-230
-212
-190
-163
-134
-106
-69
-29
10
50
91
131
167
202
232
250
269
284
288
291
289
281
271
253
235
216
190
164
139
112
85
56
28
2
-24
-53
-78
-101
-118
-136
-147
-158
-166
-170
-182
-185
-190
-189
-189
-186
-179
-167
-161
-150
-138
-123
-108
-91
-71
-46
-22
6
39
69
102
130
153
177
197
209
216
218
214
207
194
179
155
134
111
85
62
41
22
6
-10
-25
-40
-52
-64
-77
-87
-97
-106
-111
-115
-115
-115
-109
-107
-103
-99
-94
-86
-78
-73
-68
-59
-52
-44
-36
-26
-16
-6
7
19
28
42
52
65
71
78
85
86
89
87
82
75
69
58
45
35
19
5
-9
-26
-40
-49
-61
-70
-73
-75
-74
-73
-71
-71
-64
-54
-51
-40
-31
-22
-14
-5
1
11
22
25
31
37
41
43
51
54
58
64
68
74
80
87
88
93
97
96
97
100
94
88
86
72
61
52
38
24
10
-3
-17
-30
-40
-54
-62
-72
-82
-86
-93
-95
-101
-105
-108
-109
-102
-103
-100
-100
-97
-90
-84
-76
-72
-69
-61
-52
-47
-36
-28
-22
-16
-9
-3
5
17
26
30
34
42
51
58
64
71
73
73
76
77
81
80
74
70
65
60
63
60
50
47
37
29
27
22
18
12
3
-4
-9
-12
-14
-16
-20
-26
-30
-30
-29
-27
-28
-29
-31
-33
-29
-28
-25
-27
-25
-24
-22
-19
-17
-13
-9
-6
-7
-2
3
3
4
6
8
10
15
14
14
17
17
18
13
12
12
10
7
4
2
-1
-4
-11
-15
-15
-18
-20
-21
-23
-24
-28
-28
-26
-26
-22
-21
-19
-17
-16
-11
-9
-7
-3
0
2
5
8
11
11
11
14
15
16
17
18
17
19
19
20
20
21
21
19
17
16
18
16
13
13
14
11
9
7
7
5
6
5
5
1
-1
0
2
0
-1
-1
-3
-2
-6
-5
-3
-4
-6
-9
-7
-9
-11
-10
-11
-11
-14
-12
-11
-13
-11
-11
-10
-10
-10
-8
-6
-5
-5
-3
-3
-4
-3
-1
1
1
0
2
0
0
-1
-3
-2
-2
-2
-3
-2
-2
-1
-3
-2
0
0
1
4
2
1
3
3
4
2
1
4
2
2
4
4
4
4
6
5
5
5
4
6
8
8
7
7
8
9
8
9
9
12
8
10
9
8
10
8
10
9
8
4
5
2
1
-2
-5
-2
-7
-11
-13
-14
-13
-12
-15
-14
-14
-17
-15
-16
-17
-16
-16
-12
-11
-11
-9
-7
-4
-3
-2
-1
1
3
3
3
4
4
2
4
7
7
5
5
7
5
8
7
8
8
6
8
8
7
7
6
4
4
2
2
1
2
3
-1
0
1
1
-3
-3
-4
-3
-6
-7
-8
-6
-5
-5
-7
-6
-6
-5
-6
-5
-3
-3
-2
0
4
6
8
8
12
13
12
13
12
14
17
16
14
8
7
8
7
9
8
4
2
2
0
-2
-5
-10
-10
-10
-11
-12
-15
-18
-16
-17
-15
-13
-16
-15
-15
-13
-13
-14
-15
-12
-11
-12
-13
-11
-10
-9
-6
-5
-1
-3
1
3
4
7
7
9
9
11
13
13
12
15
17
17
17
18
19
20
17
19
20
21
20
15
16
15
16
16
12
7
4
2
2
-3
-5
-6
-7
-10
-13
-12
-10
-12
-12
-9
-11
-10
-10
-10
-12
-14
-13
-15
-17
-16
-14
-11
-10
-8
-7
-5
-3
-1
-2
-2
-2
-3
-2
-3
-4
-3
-4
-4
-1
2
2
2
3
4
3
3
2
2
0
-2
-4
-4
-4
-3
-2
-3
-2
0
2
4
3
6
6
8
8
9
11
8
9
7
6
7
6
5
8
10
9
8
9
9
8
8
5
4
1
2
1
1
1
0
0
-2
0
0
0
0
2
-1
0
-4
-4
-6
-8
-8
-9
-8
-9
-8
-9
-8
-4
-4
-4
-3
-4
-4
-3
-2
-2
-3
-5
-3
-1
-1
-2
-2
0
-1
0
1
0
1
2
3
2
2
3
4
4
3
1
3
2
2
2
4
4
5
7
6
6
2
4
2
5
4
5
8
6
4
2
1
-1
-2
-3
-2
-1
-2
1
0
-1
0
-2
-3
-6
-7
-9
-10
-7
-4
-5
-6
-4
-4
-4
-3
-3
0
0
1
5
